0 0.278125 0.444922 0.0828125 0.105469 0.000101384
0 0.163281 0.668359 0.134375 0.252344 0.000101808
0 0.385156 0.0613281 0.198437 0.121094 0.000116333
0 0.714844 0.635938 0.185937 0.146875 0.000119556
0 0.605078 0.369531 0.125781 0.23125 0.000126394
0 0.328906 0.470703 0.084375 0.111719 0.00012918
0 0.634375 0.628516 0.2 0.153906 0.000134405
0 0.321484 0.607031 0.317969 0.414062 0.00014132
0 0.307422 0.301953 0.113281 0.155469 0.000141908
0 0.364453 0.439453 0.125781 0.278906 0.000160395
0 0.313281 0.0367187 0.204688 0.0703125 0.000171248
0 0.736719 0.532422 0.125 0.208594 0.000171937
0 0.633984 0.406641 0.0882813 0.108594 0.000174595
0 0.346875 0.276563 0.1125 0.117188 0.000180907
0 0.651172 0.573438 0.117969 0.1125 0.000205983
0 0.186719 0.514844 0.115625 0.273438 0.000208237
0 0.280859 0.466016 0.135156 0.211719 0.000244185
0 0.2625 0.407422 0.0796875 0.108594 0.000254385
0 0.178125 0.485938 0.1625 0.4 0.000261933
0 0.341016 0.645312 0.107031 0.123438 0.000273536
0 0.299609 0.405859 0.141406 0.175781 0.000285508
0 0.681641 0.408594 0.0914062 0.1125 0.000296198
0 0.687109 0.580078 0.302344 0.328906 0.000307798
0 0.698438 0.442187 0.0859375 0.109375 0.000323571
0 0.748047 0.595312 0.141406 0.184375 0.000326525
0 0.672266 0.552734 0.183594 0.167969 0.000335375
0 0.612109 0.578516 0.0882813 0.0914062 0.00033595
0 0.658594 0.328125 0.132812 0.171875 0.00037021
0 0.257812 0.592188 0.146875 0.184375 0.000403489
0 0.594141 0.476953 0.135156 0.261719 0.000410264
0 0.304297 0.0699219 0.235156 0.139844 0.000415359
0 0.212891 0.408594 0.192969 0.509375 0.000465424
0 0.7375 0.366406 0.123438 0.220313 0.000472359
0 0.611719 0.426172 0.0890625 0.113281 0.000502832
0 0.340234 0.317578 0.155469 0.208594 0.000537746
0 0.278516 0.552734 0.203906 0.216406 0.000558541
0 0.278516 0.329688 0.138281 0.201562 0.000566771
0 0.189453 0.536328 0.274219 0.508594 0.000599837
0 0.594531 0.601953 0.103125 0.111719 0.000643311
0 0.635938 0.507031 0.135937 0.23125 0.000682398
0 0.704297 0.370703 0.0851562 0.117969 0.000752883
0 0.238281 0.472656 0.134375 0.271875 0.000871179
0 0.345313 0.492969 0.0828125 0.109375 0.000882011
0 0.325781 0.450391 0.132812 0.227344 0.00101185
0 0.715625 0.467969 0.125 0.210938 0.00121122
0 0.261719 0.407031 0.114063 0.204688 0.00134769
0 0.317969 0.626953 0.06875 0.0851562 0.00145067
0 0.605078 0.540625 0.127344 0.20625 0.00151993
0 0.680469 0.598437 0.223438 0.170312 0.00157721
0 0.317969 0.610937 0.14375 0.184375 0.0016829
0 0.215625 0.555469 0.1375 0.217187 0.00241562
0 0.695703 0.353516 0.122656 0.186719 0.00282933
0 0.714453 0.405469 0.0789063 0.117188 0.00294799
0 0.264844 0.628125 0.226562 0.220313 0.00304247
0 0.626953 0.595703 0.150781 0.135156 0.00322633
0 0.320312 0.396875 0.21875 0.3625 0.0034885
0 0.275781 0.405469 0.170312 0.28125 0.00441249
0 0.678125 0.425391 0.14375 0.191406 0.00545837
0 0.666797 0.407031 0.271094 0.4125 0.00562063
0 0.342969 0.507031 0.109375 0.182812 0.00581843
0 0.723047 0.503125 0.171094 0.31875 0.00602608
0 0.314063 0.614062 0.103125 0.123438 0.00626667
0 0.323047 0.523438 0.164844 0.3 0.00717086
0 0.190234 0.606641 0.136719 0.271094 0.00880001
0 0.624219 0.433203 0.159375 0.235156 0.0172534
0 0.656641 0.370313 0.185156 0.235938 0.0228259
0 0.712891 0.398047 0.107031 0.188281 0.0349884
0 0.225391 0.553906 0.183594 0.345313 0.0395241
0 0.676562 0.439453 0.195312 0.283594 0.115007
0 0.268359 0.467969 0.252344 0.473437 0.192028
