0 0.214453 0.524609 0.191406 0.380469 0.000100173
0 0.385156 0.608203 0.123438 0.182031 0.000100651
0 0.748438 0.363672 0.0859375 0.150781 0.000101509
0 0.796484 0.591406 0.0789063 0.101562 0.000101745
0 0.739062 0.239453 0.0546875 0.0773437 0.000101861
0 0.743359 0.261328 0.0695312 0.114844 0.000101933
0 0.656641 0.295703 0.219531 0.300781 0.000104568
0 0.280078 0.489453 0.142969 0.192969 0.000105833
0 0.225 0.738281 0.140625 0.257812 0.000106628
0 0.221094 0.828516 0.210938 0.258594 0.00010747
0 0.328125 0.446875 0.140625 0.215625 0.000108449
0 0.692187 0.208984 0.171875 0.177344 0.000111548
0 0.378125 0.728906 0.2 0.309375 0.000115475
0 0.656641 0.270703 0.0867188 0.152344 0.000116702
0 0.466797 0.145313 0.413281 0.290625 0.000119476
0 0.773047 0.284766 0.0523437 0.0898438 0.000141463
0 0.484375 0.510156 0.528125 0.834375 0.000146913
0 0.782422 0.400391 0.0632813 0.102344 0.000150249
0 0.7625 0.263672 0.05 0.0835937 0.000155356
0 0.696094 0.211719 0.0796875 0.109375 0.000159157
0 0.720703 0.230469 0.0773437 0.1 0.000160682
0 0.304688 0.321875 0.078125 0.126563 0.000162984
0 0.715234 0.219141 0.0507812 0.0742188 0.000167948
0 0.555469 0.108984 0.378125 0.216406 0.000168701
0 0.366016 0.285156 0.185156 0.248437 0.000172437
0 0.2625 0.553906 0.1375 0.2625 0.000180922
0 0.371875 0.567187 0.176563 0.396875 0.000203474
0 0.317187 0.31875 0.132812 0.203125 0.000204713
0 0.815234 0.617578 0.135156 0.208594 0.000204989
0 0.304688 0.196875 0.384375 0.39375 0.00021066
0 0.682813 0.231641 0.0734375 0.0960938 0.000241314
0 0.240234 0.656641 0.141406 0.280469 0.000266998
0 0.363281 0.428516 0.084375 0.103906 0.000281067
0 0.360938 0.335156 0.33125 0.392188 0.000294731
0 0.795313 0.436328 0.126563 0.414844 0.000306254
0 0.278125 0.758984 0.195312 0.200781 0.000331062
0 0.389453 0.320312 0.100781 0.110937 0.000377013
0 0.599609 0.186328 0.421094 0.372656 0.000380574
0 0.210156 0.487891 0.289062 0.767969 0.000384994
0 0.705078 0.755078 0.316406 0.303906 0.000411584
0 0.321484 0.333984 0.189844 0.303906 0.000441777
0 0.290625 0.403906 0.1625 0.320312 0.000451886
0 0.705078 0.695312 0.224219 0.21875 0.000462864
0 0.754297 0.315625 0.0945313 0.19375 0.000486984
0 0.78125 0.403906 0.0828125 0.209375 0.0005171
0 0.740625 0.641406 0.153125 0.246875 0.000517317
0 0.75625 0.374219 0.125 0.276563 0.000552931
0 0.780469 0.594531 0.120312 0.164062 0.000561267
0 0.392188 0.453125 0.178125 0.289062 0.000578314
0 0.803125 0.735156 0.198437 0.198437 0.000624549
0 0.398828 0.313281 0.138281 0.178125 0.000671986
0 0.689453 0.5625 0.210156 0.4 0.000702714
0 0.764453 0.307031 0.0664062 0.1375 0.000737654
0 0.209766 0.721875 0.205469 0.385938 0.000751935
0 0.335156 0.646484 0.25625 0.400781 0.00102803
0 0.68125 0.614062 0.101562 0.14375 0.00153143
0 0.372656 0.483203 0.276563 0.617969 0.00153363
0 0.361328 0.426953 0.135156 0.158594 0.00160141
0 0.773047 0.351953 0.0773437 0.161719 0.0016437
0 0.832031 0.713281 0.190625 0.315625 0.00196581
0 0.28125 0.497266 0.204688 0.396094 0.00206341
0 0.795313 0.532031 0.190625 0.540625 0.00219082
0 0.691406 0.633984 0.179688 0.214844 0.00345002
0 0.357422 0.394922 0.188281 0.286719 0.0043509
0 0.282031 0.736328 0.273438 0.316406 0.00507928
0 0.785547 0.658203 0.152344 0.261719 0.00623448
0 0.732031 0.504297 0.240625 0.622656 0.00690084
0 0.24375 0.633594 0.20625 0.48125 0.02083
0 0.764453 0.671094 0.263281 0.315625 0.295876
0 0.294922 0.550391 0.277344 0.621094 0.371129
