0 0.755469 0.637891 0.084375 0.111719 0.000104422
0 0.283984 0.553906 0.142969 0.226562 0.000115202
0 0.29375 0.352734 0.21875 0.289844 0.00011838
0 0.661328 0.430859 0.175781 0.221094 0.000124406
0 0.339063 0.626172 0.146875 0.147656 0.000133082
0 0.709375 0.722266 0.185937 0.191406 0.000137742
0 0.829687 0.5625 0.214062 0.553125 0.000146786
0 0.721094 0.532031 0.120312 0.189063 0.000148376
0 0.0695312 0.667969 0.139062 0.664062 0.000152683
0 0.325 0.290625 0.185937 0.214062 0.000153774
0 0.7375 0.253906 0.0671875 0.075 0.00018157
0 0.640234 0.636328 0.128906 0.160156 0.000182051
0 0.7375 0.617188 0.078125 0.104687 0.000182958
0 0.216797 0.510938 0.113281 0.203125 0.000188389
0 0.295312 0.252734 0.146875 0.167969 0.00020479
0 0.732031 0.263672 0.132812 0.180469 0.000207218
0 0.302344 0.6125 0.1375 0.132812 0.000215127
0 0.735156 0.673437 0.0875 0.101562 0.000225504
0 0.717969 0.639453 0.0859375 0.113281 0.000244512
0 0.721875 0.689844 0.128125 0.145313 0.00025305
0 0.369531 0.521875 0.1125 0.176563 0.000273954
0 0.761328 0.530469 0.125781 0.271875 0.000275043
0 0.346094 0.491406 0.160938 0.26875 0.000350447
0 0.777734 0.614453 0.128906 0.214844 0.000423538
0 0.808594 0.614453 0.1625 0.308594 0.000483879
0 0.260938 0.632812 0.178125 0.140625 0.000496849
0 0.692187 0.452734 0.19375 0.371094 0.000497095
0 0.751562 0.317969 0.126563 0.239063 0.000511839
0 0.682813 0.295703 0.204688 0.260156 0.000512727
0 0.729688 0.259375 0.0890625 0.115625 0.000555806
0 0.776563 0.427344 0.1 0.235938 0.000577433
0 0.3 0.438281 0.260938 0.490625 0.000629196
0 0.196875 0.533594 0.126563 0.320312 0.000908749
0 0.689062 0.369531 0.157813 0.134375 0.00103111
0 0.200781 0.382812 0.120312 0.254687 0.00114362
0 0.665625 0.614844 0.190625 0.221875 0.00116458
0 0.343359 0.563672 0.146094 0.207031 0.0012052
0 0.712891 0.477734 0.283594 0.546094 0.00127056
0 0.30625 0.599219 0.2 0.185937 0.00141847
0 0.749609 0.383984 0.160156 0.297656 0.00164709
0 0.233594 0.408984 0.128125 0.194531 0.00178086
0 0.739062 0.596875 0.128125 0.220313 0.00187926
0 0.678906 0.673437 0.176563 0.18125 0.00194577
0 0.717578 0.626562 0.278906 0.2875 0.00196263
0 0.754687 0.669141 0.1625 0.178906 0.00196332
0 0.791016 0.523438 0.136719 0.396875 0.0022824
0 0.231641 0.601953 0.186719 0.221094 0.00234686
0 0.715234 0.367578 0.164844 0.208594 0.00275238
0 0.693359 0.375 0.100781 0.103125 0.00291907
0 0.235156 0.34375 0.148438 0.28125 0.00310503
0 0.274609 0.539062 0.233594 0.315625 0.00530946
0 0.727734 0.548437 0.194531 0.364062 0.0157736
0 0.221484 0.451953 0.138281 0.344531 0.0166733
0 0.717188 0.635156 0.190625 0.204688 0.0228684
