0 0.301172 0.219922 0.0882813 0.110156 0.000100837
0 0.361719 0.319922 0.15625 0.182031 0.000101529
0 0.470313 0.782422 0.132812 0.160156 0.000107863
0 0.689453 0.607422 0.0945313 0.150781 0.000108641
0 0.784766 0.614453 0.147656 0.203906 0.000109786
0 0.844531 0.652734 0.25 0.205469 0.00011337
0 0.980859 0.842578 0.0351562 0.132031 0.000115892
0 0.41875 0.396094 0.164062 0.479688 0.000117096
0 0.326953 0.507812 0.121094 0.235938 0.000121063
0 0.846484 0.343359 0.138281 0.261719 0.000125675
0 0.320312 0.759766 0.090625 0.116406 0.000133979
0 0.781641 0.450391 0.255469 0.203906 0.000139164
0 0.843359 0.610937 0.147656 0.209375 0.000139189
0 0.958203 0.771875 0.0835937 0.20625 0.000139317
0 0.945703 0.790234 0.107031 0.333594 0.000143529
0 0.970703 0.889453 0.0585938 0.199219 0.000144563
0 0.783203 0.217578 0.0804688 0.0976562 0.000147464
0 0.8875 0.532812 0.1375 0.225 0.000152158
0 0.366406 0.807422 0.329688 0.280469 0.000157201
0 0.282031 0.465625 0.117188 0.264062 0.000159103
0 0.670313 0.232031 0.170312 0.423438 0.000159496
0 0.364062 0.59375 0.114063 0.223438 0.00016186
0 0.360156 0.239844 0.185937 0.195312 0.000166851
0 0.962891 0.685938 0.0742188 0.245312 0.000170898
0 0.469922 0.640625 0.135156 0.267188 0.000172521
0 0.905469 0.594531 0.160938 0.2125 0.000178765
0 0.687891 0.535547 0.117969 0.188281 0.000189915
0 0.282422 0.343359 0.117969 0.261719 0.000197806
0 0.958594 0.608203 0.0828125 0.324219 0.000203628
0 0.291797 0.566016 0.139844 0.397656 0.000221288
0 0.973828 0.810156 0.0523437 0.185937 0.00023492
0 0.264062 0.386328 0.1 0.182031 0.000236226
0 0.469922 0.721484 0.141406 0.211719 0.000239103
0 0.843359 0.575391 0.227344 0.216406 0.000246123
0 0.403125 0.704687 0.16875 0.2125 0.000248638
0 0.678125 0.154687 0.140625 0.175 0.000261212
0 0.323828 0.278516 0.189844 0.200781 0.000286262
0 0.415234 0.223828 0.175781 0.374219 0.000294286
0 0.363281 0.742188 0.146875 0.171875 0.00029479
0 0.713672 0.595312 0.167969 0.292188 0.00029775
0 0.786719 0.260547 0.176563 0.197656 0.000301161
0 0.320703 0.700391 0.133594 0.247656 0.000306092
0 0.742188 0.658984 0.204688 0.260156 0.000395
0 0.705469 0.389844 0.190625 0.470313 0.0003953
0 0.393359 0.151172 0.150781 0.211719 0.000477774
0 0.932031 0.666797 0.135937 0.311719 0.000553939
0 0.293359 0.227734 0.122656 0.191406 0.000633305
0 0.781641 0.217187 0.144531 0.14375 0.000723708
0 0.280859 0.776563 0.130469 0.235938 0.000748548
0 0.291797 0.693359 0.157031 0.358594 0.000828108
0 0.922266 0.569922 0.155469 0.352344 0.000892651
0 0.417969 0.761719 0.189063 0.182812 0.000915878
0 0.712891 0.153516 0.188281 0.247656 0.000934673
0 0.326562 0.199609 0.179688 0.208594 0.0011554
0 0.418359 0.519531 0.214844 0.81875 0.00122728
0 0.258203 0.394141 0.116406 0.388281 0.0012337
0 0.387109 0.519922 0.171094 0.522656 0.0012847
0 0.290625 0.279687 0.160938 0.3125 0.00143917
0 0.763672 0.198437 0.219531 0.248437 0.00151095
0 0.873828 0.403516 0.224219 0.528906 0.00175778
0 0.384766 0.651563 0.236719 0.4 0.00181188
0 0.255469 0.475391 0.220313 0.814844 0.0018753
0 0.884375 0.632031 0.23125 0.30625 0.00202234
0 0.779688 0.436328 0.282813 0.405469 0.00245979
0 0.321875 0.760547 0.173438 0.175781 0.00263062
0 0.834766 0.276172 0.175781 0.255469 0.00310605
0 0.314453 0.604297 0.214844 0.571094 0.00488868
0 0.784766 0.600781 0.288281 0.309375 0.00568883
0 0.288672 0.430469 0.172656 0.521875 0.00574557
0 0.355078 0.221875 0.221094 0.334375 0.00688392
0 0.739844 0.273828 0.251563 0.499219 0.00817933
0 0.826953 0.315625 0.244531 0.467187 0.0128661
0 0.366797 0.742188 0.250781 0.234375 0.0168755
0 0.848828 0.537109 0.292969 0.428906 0.0230363
0 0.327734 0.326172 0.224219 0.502344 0.0369245
0 0.342578 0.443359 0.282031 0.802344 0.201672
0 0.79375 0.380078 0.34375 0.669531 0.246741
