0 0.275391 0.64375 0.130469 0.151562 0.000107866
0 0.255469 0.709766 0.189063 0.272656 0.000121985
0 0.737109 0.753125 0.242969 0.21875 0.000124132
0 0.761719 0.546875 0.184375 0.184375 0.000125377
0 0.822266 0.776172 0.124219 0.149219 0.000128782
0 0.390234 0.326953 0.197656 0.222656 0.000129866
0 0.360938 0.507422 0.184375 0.189844 0.00014279
0 0.825781 0.444531 0.153125 0.323438 0.00016789
0 0.418359 0.555078 0.180469 0.335156 0.000171941
0 0.344141 0.608984 0.175781 0.163281 0.000190836
0 0.738672 0.369531 0.211719 0.271875 0.000196108
0 0.765625 0.390234 0.117188 0.175781 0.000216604
0 0.414844 0.397656 0.228125 0.339063 0.000247628
0 0.778125 0.676953 0.153125 0.175781 0.000256593
0 0.280859 0.599609 0.180469 0.278906 0.000257346
0 0.309375 0.490234 0.125 0.283594 0.000293899
0 0.380469 0.674609 0.175 0.150781 0.000300154
0 0.309375 0.694141 0.215625 0.189844 0.000302128
0 0.702344 0.692578 0.20625 0.286719 0.000303311
0 0.414062 0.611328 0.139062 0.194531 0.000322774
0 0.26875 0.532031 0.310937 0.490625 0.000329346
0 0.689062 0.618359 0.239063 0.502344 0.000367223
0 0.713672 0.445703 0.266406 0.486719 0.00037689
0 0.346875 0.365234 0.132812 0.192969 0.000387396
0 0.328516 0.425 0.130469 0.203125 0.000424519
0 0.8375 0.732031 0.145313 0.217187 0.000508004
0 0.794141 0.410156 0.132031 0.235938 0.000670179
0 0.798437 0.506641 0.123438 0.271094 0.000916013
0 0.352734 0.59375 0.228906 0.25625 0.00107997
0 0.357422 0.4125 0.177344 0.295312 0.00290662
0 0.778125 0.692969 0.235938 0.284375 0.00303561
0 0.830078 0.591016 0.189844 0.517969 0.00311243
0 0.300391 0.486328 0.189844 0.403906 0.00387143
0 0.767578 0.449609 0.183594 0.338281 0.00966084
0 0.759375 0.548437 0.254687 0.55 0.478426
0 0.366797 0.480078 0.255469 0.475781 0.499414
