0 0.522266 0.342969 0.108594 0.179688 0.000100334
0 0.0152344 0.614453 0.0304688 0.236719 0.000106721
0 0.981641 0.548437 0.0367187 0.135937 0.000107115
0 0.823438 0.327344 0.0890625 0.103125 0.000111342
0 0.316016 0.516016 0.292969 0.428906 0.000113586
0 0.878906 0.33125 0.078125 0.09375 0.000114869
0 0.699219 0.392188 0.159375 0.320312 0.000115839
0 0.0152344 0.530078 0.0304688 0.246094 0.000124805
0 0.508594 0.283203 0.0671875 0.0976562 0.000126461
0 0.939062 0.814844 0.121875 0.353125 0.000128048
0 0.316406 0.401953 0.217187 0.283594 0.000133589
0 0.392578 0.616797 0.0914062 0.117969 0.000134374
0 0.828516 0.491797 0.0867188 0.100781 0.000135982
0 0.607813 0.298047 0.176563 0.238281 0.000137364
0 0.863672 0.542578 0.136719 0.122656 0.000144159
0 0.0355469 0.600391 0.0710938 0.472656 0.000145448
0 0.802344 0.711719 0.3625 0.517187 0.000145706
0 0.764063 0.300781 0.0796875 0.101562 0.000146529
0 0.926953 0.583984 0.138281 0.260156 0.000150277
0 0.719531 0.617969 0.396875 0.629687 0.000154033
0 0.972656 0.355469 0.0546875 0.40625 0.000158387
0 0.395703 0.467187 0.0992187 0.217187 0.000163834
0 0.015625 0.446875 0.03125 0.240625 0.000167025
0 0.416016 0.370313 0.0820312 0.1125 0.000174886
0 0.594141 0.558203 0.189844 0.263281 0.000175383
0 0.466406 0.441797 0.0875 0.100781 0.000178424
0 0.641016 0.475781 0.289844 0.620313 0.000184701
0 0.0472656 0.711719 0.0914062 0.540625 0.000184719
0 0.721094 0.34375 0.11875 0.2125 0.000188064
0 0.883984 0.785937 0.225781 0.415625 0.000190849
0 0.966016 0.547656 0.0632813 0.084375 0.000192521
0 0.45625 0.30625 0.132812 0.2 0.000194009
0 0.807031 0.364844 0.0875 0.096875 0.000194859
0 0.487109 0.421094 0.0882813 0.104687 0.000198375
0 0.861328 0.400781 0.0804688 0.0953125 0.000201689
0 0.741016 0.443359 0.307031 0.492969 0.000210441
0 0.921094 0.469141 0.084375 0.0992187 0.00021509
0 0.553125 0.550391 0.129688 0.189844 0.000223905
0 0.804297 0.550391 0.116406 0.132031 0.00023121
0 0.8625 0.580859 0.260938 0.366406 0.000234239
0 0.844922 0.526172 0.0882813 0.0914062 0.000236971
0 0.424609 0.608984 0.142969 0.144531 0.000238972
0 0.444531 0.371875 0.090625 0.1125 0.00024953
0 0.485156 0.553516 0.084375 0.102344 0.000268846
0 0.766797 0.248828 0.119531 0.150781 0.000271149
0 0.527344 0.258203 0.132812 0.219531 0.000272014
0 0.902734 0.510938 0.0882813 0.104687 0.000288402
0 0.599609 0.392578 0.227344 0.407031 0.000293064
0 0.0382813 0.435937 0.075 0.582812 0.000322383
0 0.878125 0.330859 0.123438 0.142969 0.000326209
0 0.540234 0.35625 0.164844 0.33125 0.000326388
0 0.307813 0.278125 0.446875 0.55625 0.000332564
0 0.316016 0.376172 0.317969 0.410156 0.000335445
0 0.808594 0.258984 0.315625 0.416406 0.000344215
0 0.896875 0.365625 0.129688 0.157813 0.000351342
0 0.917188 0.366016 0.14375 0.319531 0.000363693
0 0.468359 0.576563 0.280469 0.3 0.000364793
0 0.425 0.441797 0.0890625 0.107031 0.000375838
0 0.0242187 0.810938 0.0484375 0.378125 0.000377661
0 0.380469 0.516797 0.171875 0.350781 0.000379945
0 0.807813 0.574609 0.170312 0.202344 0.0004227
0 0.0238281 0.358594 0.0476562 0.421875 0.000440891
0 0.373437 0.435156 0.2375 0.2875 0.000492457
0 0.0195312 0.647656 0.0390625 0.38125 0.000537521
0 0.958984 0.519922 0.0804688 0.147656 0.000542326
0 0.507031 0.303516 0.10625 0.171094 0.00054293
0 0.501172 0.3875 0.138281 0.179688 0.000597606
0 0.905859 0.449609 0.0789063 0.0789063 0.000599433
0 0.885547 0.492188 0.0835937 0.10625 0.000625442
0 0.940234 0.492188 0.117969 0.189063 0.000636954
0 0.7875 0.476172 0.167187 0.272656 0.00065983
0 0.932422 0.541797 0.128906 0.138281 0.00076635
0 0.551562 0.479297 0.190625 0.382031 0.000777434
0 0.875391 0.3625 0.0882813 0.10625 0.000815886
0 0.747656 0.440625 0.196875 0.38125 0.000842959
0 0.0210938 0.480469 0.0421875 0.404687 0.000859377
0 0.486328 0.551953 0.119531 0.146094 0.000971842
0 0.879297 0.557031 0.221094 0.182812 0.00100058
0 0.465625 0.40625 0.0953125 0.10625 0.00102168
0 0.827344 0.403516 0.125 0.175781 0.00103658
0 0.828516 0.381641 0.0898438 0.0992187 0.00106565
0 0.519141 0.580469 0.172656 0.19375 0.00108775
0 0.864453 0.509375 0.0882813 0.0921875 0.00114861
0 0.416016 0.370703 0.110156 0.194531 0.00116402
0 0.411328 0.558984 0.149219 0.228906 0.0012335
0 0.434375 0.316016 0.189063 0.336719 0.00157116
0 0.757422 0.296875 0.153906 0.217187 0.00162966
0 0.485547 0.445312 0.139844 0.242188 0.00207373
0 0.812891 0.290625 0.189844 0.242188 0.00208516
0 0.506641 0.516016 0.169531 0.261719 0.00234205
0 0.789453 0.351953 0.167969 0.249219 0.00273141
0 0.49375 0.321484 0.164062 0.252344 0.0029753
0 0.834375 0.514063 0.145313 0.146875 0.00312945
0 0.471875 0.558203 0.18125 0.199219 0.00335489
0 0.866016 0.407813 0.152344 0.203125 0.00349005
0 0.430469 0.405469 0.0921875 0.115625 0.0035522
0 0.905859 0.448828 0.128906 0.199219 0.00494955
0 0.847266 0.366016 0.0898438 0.0960938 0.00578404
0 0.469141 0.391797 0.267969 0.488281 0.00829181
0 0.420703 0.43125 0.128906 0.214062 0.011346
0 0.852344 0.343359 0.190625 0.250781 0.0125985
0 0.853125 0.393359 0.284375 0.449219 0.0137803
0 0.8875 0.505078 0.190625 0.163281 0.0154197
0 0.448047 0.403906 0.147656 0.148438 0.0233114
0 0.850781 0.363672 0.139062 0.139844 0.0320587
0 0.453125 0.492578 0.1875 0.335156 0.0400803
0 0.462109 0.387109 0.182031 0.269531 0.128802
0 0.874219 0.438281 0.210938 0.3 0.130845
