0 0.461328 0.625781 0.333594 0.6625 0.000103673
0 0.419141 0.772656 0.374219 0.454688 0.000104369
0 0.598047 0.600391 0.453906 0.744531 0.000105848
0 0.384375 0.25625 0.075 0.065625 0.000111341
0 0.805078 0.776563 0.147656 0.18125 0.000117877
0 0.292578 0.526953 0.103906 0.182031 0.000118261
0 0.855859 0.723047 0.127344 0.228906 0.000126781
0 0.281641 0.723828 0.149219 0.224219 0.000129993
0 0.722266 0.571484 0.177344 0.341406 0.000136887
0 0.387891 0.6625 0.157031 0.301562 0.000141672
0 0.357031 0.563672 0.207813 0.413281 0.000146437
0 0.822656 0.683984 0.146875 0.230469 0.000154684
0 0.701953 0.79375 0.144531 0.176563 0.00015495
0 0.708203 0.653906 0.163281 0.2625 0.000155316
0 0.275 0.494531 0.0828125 0.135937 0.000157638
0 0.978125 0.560938 0.04375 0.45 0.000166537
0 0.291406 0.570703 0.153125 0.350781 0.000174392
0 0.249609 0.653516 0.127344 0.316406 0.000196898
0 0.970703 0.520703 0.0585938 0.674219 0.000198779
0 0.390625 0.523047 0.0828125 0.0789063 0.00022809
0 0.382812 0.738672 0.0890625 0.108594 0.000253101
0 0.301953 0.793359 0.152344 0.164844 0.00025393
0 0.321094 0.773828 0.090625 0.0992187 0.000259028
0 0.74375 0.701563 0.18125 0.207813 0.000305523
0 0.380469 0.791406 0.221875 0.223438 0.000396546
0 0.274219 0.560547 0.0953125 0.158594 0.000405619
0 0.240625 0.743359 0.125 0.214844 0.000432545
0 0.7875 0.702734 0.140625 0.161719 0.000444109
0 0.847266 0.790625 0.182031 0.2625 0.000883965
0 0.740625 0.764063 0.223438 0.226562 0.000998396
0 0.776953 0.664844 0.228906 0.307813 0.00120304
0 0.346094 0.705078 0.203125 0.246094 0.0012913
0 0.245312 0.798047 0.165625 0.224219 0.00139899
0 0.305078 0.673437 0.217969 0.35625 0.00175176
0 0.325391 0.760156 0.144531 0.145313 0.00214299
0 0.376953 0.740625 0.141406 0.178125 0.00319535
0 0.803906 0.733203 0.215625 0.244531 0.0178365
0 0.302734 0.771094 0.241406 0.203125 0.0257688
