0 0.354688 0.627344 0.276563 0.20625 0.00010583
0 0.677734 0.551562 0.0835937 0.103125 0.000107042
0 0.698438 0.429297 0.084375 0.102344 0.000107711
0 0.133594 0.972656 0.246875 0.0546875 0.000113736
0 0.426562 0.586719 0.165625 0.157813 0.000113887
0 0.739453 0.551562 0.0851562 0.10625 0.000114034
0 0.698438 0.572266 0.0859375 0.102344 0.000116321
0 0.758984 0.535937 0.0804688 0.104687 0.000120115
0 0.758594 0.446875 0.075 0.1125 0.000123321
0 0.678516 0.594922 0.0882813 0.108594 0.000125129
0 0.741797 0.593359 0.0882813 0.110156 0.000135556
0 0.741797 0.426172 0.0789063 0.111719 0.000137206
0 0.805078 0.616406 0.153906 0.278125 0.000138637
0 0.737891 0.467578 0.0851562 0.102344 0.000144216
0 0.304688 0.508984 0.0890625 0.108594 0.000144395
0 0.657422 0.671875 0.314844 0.245312 0.000147679
0 0.224609 0.955078 0.430469 0.0898438 0.000147992
0 0.697656 0.507422 0.0890625 0.0945313 0.000150212
0 0.776953 0.393359 0.0789063 0.122656 0.000152792
0 0.363281 0.405469 0.078125 0.0765625 0.000153543
0 0.423828 0.323438 0.0867188 0.101562 0.000155083
0 0.251563 0.475781 0.203125 0.339063 0.000158935
0 0.428516 0.473828 0.0835937 0.105469 0.000161261
0 0.385938 0.339844 0.090625 0.0953125 0.000177269
0 0.693359 0.362109 0.0757812 0.0851562 0.000177517
0 0.759766 0.614844 0.0882813 0.117188 0.000188432
0 0.663672 0.306641 0.0664062 0.0742188 0.000197972
0 0.724219 0.365234 0.071875 0.0835937 0.000198628
0 0.328125 0.327344 0.117188 0.1625 0.000200843
0 0.364453 0.491016 0.0882813 0.0992187 0.000203937
0 0.426562 0.285547 0.14375 0.142969 0.000205261
0 0.386328 0.510547 0.0898438 0.100781 0.000227571
0 0.788672 0.594531 0.0992187 0.201562 0.000233314
0 0.742188 0.635547 0.0921875 0.116406 0.000238257
0 0.410547 0.491406 0.0882813 0.107813 0.000238728
0 0.29375 0.361328 0.170312 0.228906 0.00024086
0 0.447266 0.439844 0.117969 0.34375 0.000244425
0 0.34375 0.507812 0.090625 0.1 0.00024691
0 0.716016 0.449219 0.0898438 0.101562 0.000257278
0 0.439453 0.549609 0.0789063 0.107031 0.000271582
0 0.716797 0.487891 0.0882813 0.0945313 0.000280051
0 0.760938 0.573438 0.0859375 0.109375 0.000293856
0 0.6625 0.631641 0.210938 0.191406 0.000341972
0 0.719922 0.331641 0.135156 0.141406 0.000381339
0 0.423438 0.362109 0.126563 0.202344 0.000436886
0 0.426562 0.514453 0.0859375 0.114844 0.000439459
0 0.782812 0.522656 0.13125 0.315625 0.000458357
0 0.741016 0.352344 0.0929687 0.114063 0.00048394
0 0.3375 0.425 0.0859375 0.0859375 0.000486368
0 0.660937 0.406641 0.128125 0.252344 0.000489806
0 0.325391 0.489453 0.0898438 0.107031 0.000516698
0 0.6625 0.509766 0.123438 0.244531 0.000523154
0 0.721094 0.386719 0.121875 0.171875 0.000525416
0 0.310547 0.382812 0.0789063 0.0984375 0.000537331
0 0.673047 0.309766 0.0960938 0.103906 0.000555064
0 0.344922 0.526953 0.147656 0.155469 0.000638657
0 0.303125 0.467187 0.0828125 0.103125 0.000683431
0 0.383594 0.970703 0.273438 0.0585938 0.000747336
0 0.697266 0.467187 0.0851562 0.090625 0.000813275
0 0.355469 0.361328 0.0796875 0.0773437 0.000920791
0 0.353906 0.947656 0.385938 0.0953125 0.000927427
0 0.293359 0.448828 0.0976562 0.203906 0.000989821
0 0.672656 0.341797 0.084375 0.111719 0.00107201
0 0.761328 0.660156 0.146094 0.190625 0.00108176
0 0.683984 0.468359 0.121094 0.141406 0.00132383
0 0.319531 0.444141 0.084375 0.0851562 0.00135373
0 0.757422 0.405859 0.0835937 0.161719 0.00145658
0 0.428125 0.548047 0.117188 0.149219 0.00150248
0 0.310937 0.385938 0.104687 0.160938 0.00154821
0 0.735156 0.516406 0.142188 0.201562 0.00166141
0 0.362891 0.408984 0.141406 0.199219 0.00180852
0 0.6875 0.356641 0.148438 0.174219 0.00189593
0 0.426172 0.469922 0.117969 0.230469 0.00196787
0 0.294141 0.509766 0.135156 0.197656 0.00205395
0 0.732422 0.607031 0.277344 0.301562 0.00270678
0 0.366016 0.489453 0.147656 0.163281 0.00295083
0 0.670313 0.5625 0.167187 0.257812 0.00336597
0 0.363281 0.34375 0.146875 0.140625 0.00340505
0 0.399219 0.314844 0.151562 0.157813 0.00362241
0 0.717578 0.469531 0.146094 0.175 0.00405128
0 0.757812 0.575 0.126563 0.228125 0.00484791
0 0.367969 0.555859 0.248437 0.214844 0.00494005
0 0.75 0.444922 0.125 0.250781 0.0055533
0 0.757812 0.384766 0.0671875 0.0960938 0.00639649
0 0.328906 0.367578 0.0875 0.0992187 0.00642004
0 0.384766 0.361328 0.196094 0.266406 0.00971679
0 0.325391 0.405078 0.136719 0.250781 0.0129725
0 0.402734 0.517969 0.166406 0.201562 0.0132932
0 0.727734 0.626562 0.186719 0.210938 0.0209449
0 0.330469 0.478516 0.176563 0.216406 0.0222553
0 0.711719 0.431641 0.182812 0.332031 0.0289658
0 0.368359 0.443359 0.221094 0.327344 0.154765
0 0.717188 0.5375 0.190625 0.342187 0.175046
