0 0.306641 0.2625 0.0476562 0.05 0.000100823
0 0.654297 0.865234 0.314844 0.269531 0.000100959
0 0.227734 0.402344 0.125781 0.184375 0.000104481
0 0.158594 0.751953 0.14375 0.197656 0.000105064
0 0.952344 0.716406 0.09375 0.551562 0.000106789
0 0.053125 0.525391 0.10625 0.614844 0.000107504
0 0.331641 0.780859 0.378906 0.436719 0.000108428
0 0.028125 0.526563 0.05625 0.51875 0.000114078
0 0.714453 0.0519531 0.430469 0.103906 0.000116267
0 0.303516 0.565625 0.207031 0.425 0.000120804
0 0.0320312 0.807031 0.0640625 0.385938 0.000121815
0 0.203906 0.80625 0.359375 0.342187 0.000131574
0 0.969922 0.567187 0.0601562 0.651563 0.000132029
0 0.336719 0.649609 0.15625 0.267969 0.000134846
0 0.729688 0.725 0.1125 0.217187 0.000145105
0 0.676953 0.683203 0.169531 0.213281 0.000146265
0 0.9625 0.0632813 0.075 0.126563 0.000148264
0 0.934766 0.0941406 0.130469 0.188281 0.000148982
0 0.207813 0.389453 0.0578125 0.0835937 0.000150881
0 0.689844 0.414062 0.065625 0.103125 0.000152184
0 0.660937 0.8125 0.148438 0.175 0.000153672
0 0.0609375 0.789453 0.117188 0.386719 0.000155288
0 0.705078 0.492578 0.114844 0.217969 0.000162659
0 0.725391 0.453906 0.0460938 0.0828125 0.000186302
0 0.221875 0.375391 0.06875 0.0960938 0.000187286
0 0.976953 0.725391 0.0460938 0.452344 0.000207554
0 0.191797 0.490625 0.144531 0.353125 0.000211952
0 0.663672 0.481641 0.149219 0.180469 0.00021802
0 0.594531 0.797656 0.14375 0.184375 0.00023779
0 0.729297 0.506641 0.0523437 0.107031 0.000285074
0 0.885547 0.0578125 0.228906 0.1125 0.000286112
0 0.0945313 0.714844 0.153125 0.3375 0.000292554
0 0.591016 0.557031 0.111719 0.1625 0.0002933
0 0.210547 0.425391 0.0742188 0.0945313 0.000293714
0 0.635938 0.333984 0.0421875 0.0585938 0.000300822
0 0.628516 0.323828 0.0632813 0.0632813 0.000309223
0 0.750391 0.842188 0.199219 0.257812 0.000330024
0 0.719922 0.555859 0.0945313 0.236719 0.000357014
0 0.2625 0.736328 0.135937 0.213281 0.000386219
0 0.257812 0.659766 0.184375 0.192969 0.000475123
0 0.731641 0.797656 0.124219 0.228125 0.000480363
0 0.195312 0.617578 0.153125 0.260156 0.000491653
0 0.199609 0.730469 0.149219 0.2 0.000494859
0 0.711328 0.618359 0.125781 0.383594 0.000529604
0 0.707031 0.448047 0.06875 0.103906 0.00058467
0 0.711719 0.512109 0.0765625 0.142969 0.000667235
0 0.726562 0.723828 0.289062 0.407031 0.000778768
0 0.312891 0.769531 0.139844 0.20625 0.000875375
0 0.161719 0.746484 0.24375 0.302344 0.000948587
0 0.605859 0.638672 0.177344 0.342969 0.00104393
0 0.135156 0.689453 0.1625 0.252344 0.00107093
0 0.166016 0.574609 0.158594 0.396094 0.00118117
0 0.721094 0.478906 0.0578125 0.110937 0.00215105
0 0.223047 0.403516 0.0648438 0.0820312 0.00230065
0 0.297656 0.696094 0.176563 0.26875 0.00232582
0 0.264453 0.751172 0.227344 0.277344 0.00324991
0 0.609375 0.778906 0.220313 0.25 0.0037479
0 0.653125 0.599609 0.226562 0.528906 0.00387753
0 0.677344 0.758984 0.153125 0.210156 0.00425005
0 0.177734 0.675 0.147656 0.203125 0.00579425
0 0.719141 0.723047 0.155469 0.327344 0.00592534
0 0.686719 0.805078 0.221875 0.263281 0.0110029
0 0.222656 0.563281 0.248437 0.470313 0.0135572
0 0.657812 0.737891 0.23125 0.296094 0.217902
0 0.210547 0.691406 0.241406 0.2625 0.23825
