0 0.419531 0.446094 0.0828125 0.173438 0.000100306
0 0.385938 0.707031 0.0890625 0.0984375 0.000100786
0 0.741406 0.615625 0.0875 0.10625 0.000103369
0 0.299609 0.0515625 0.147656 0.103125 0.000104715
0 0.320312 0.269922 0.207813 0.260156 0.000108769
0 0.675391 0.935938 0.238281 0.128125 0.000108851
0 0.241406 0.182812 0.39375 0.360938 0.000113535
0 0.759375 0.03125 0.270312 0.059375 0.000117378
0 0.741797 0.673047 0.0898438 0.111719 0.000121571
0 0.40625 0.472656 0.0625 0.104687 0.000122147
0 0.349219 0.704687 0.159375 0.173438 0.000124014
0 0.366016 0.402734 0.158594 0.288281 0.0001241
0 0.989453 0.673828 0.0210938 0.233594 0.000126029
0 0.663672 0.573828 0.132031 0.253906 0.00012678
0 0.302734 0.397656 0.196094 0.465625 0.000128038
0 0.699219 0.713281 0.11875 0.13125 0.000143685
0 0.776563 0.0496094 0.3625 0.0976562 0.000145608
0 0.976953 0.270312 0.0460938 0.46875 0.000148809
0 0.280078 0.61875 0.0867188 0.109375 0.000150939
0 0.0972656 0.059375 0.194531 0.110937 0.000151585
0 0.138281 0.0222656 0.240625 0.0398437 0.000152246
0 0.346094 0.18125 0.114063 0.0984375 0.000160671
0 0.178516 0.0332031 0.146094 0.0632813 0.000161685
0 0.975391 0.653125 0.0492188 0.565625 0.000162422
0 0.970312 0.398047 0.059375 0.664844 0.000164225
0 0.989844 0.757031 0.0203125 0.228125 0.000171561
0 0.3 0.639063 0.090625 0.114063 0.000173258
0 0.380859 0.1 0.225781 0.2 0.000173766
0 0.343359 0.490625 0.125781 0.139062 0.000178478
0 0.721094 0.638672 0.0859375 0.110156 0.000183657
0 0.117188 0.0917969 0.234375 0.183594 0.0001838
0 0.376563 0.254297 0.16875 0.199219 0.000185957
0 0.633594 0.0523437 0.325 0.101562 0.000189345
0 0.701172 0.5125 0.130469 0.151562 0.000192361
0 0.358594 0.594531 0.13125 0.232812 0.000192907
0 0.985547 0.604688 0.0289063 0.410937 0.000202815
0 0.635938 0.034375 0.239063 0.0640625 0.000210843
0 0.739844 0.490625 0.1375 0.151562 0.000227823
0 0.248047 0.49375 0.124219 0.228125 0.000231345
0 0.726953 0.428125 0.164844 0.295312 0.000262781
0 0.390234 0.480078 0.103906 0.147656 0.000282895
0 0.261719 0.654297 0.090625 0.113281 0.000292337
0 0.760938 0.655078 0.0890625 0.110156 0.000305651
0 0.258203 0.0351562 0.146094 0.0703125 0.000320952
0 0.306641 0.701172 0.224219 0.230469 0.000340659
0 0.3 0.0226563 0.223438 0.0453125 0.000369837
0 0.767187 0.453125 0.11875 0.184375 0.00037402
0 0.219922 0.0496094 0.149219 0.0992187 0.000385251
0 0.362109 0.183594 0.242969 0.260938 0.000407815
0 0.350391 0.189844 0.147656 0.159375 0.000427026
0 0.372656 0.649609 0.11875 0.144531 0.000435918
0 0.983984 0.725391 0.0320312 0.421094 0.000446512
0 0.776953 0.5125 0.117969 0.215625 0.00049975
0 0.360547 0.034375 0.205469 0.0671875 0.000500022
0 0.220313 0.60625 0.151562 0.309375 0.000519883
0 0.667578 0.677734 0.149219 0.183594 0.000543045
0 0.312109 0.495313 0.160156 0.190625 0.000596313
0 0.330469 0.135937 0.395312 0.26875 0.000630166
0 0.704687 0.492188 0.18125 0.240625 0.000719645
0 0.254297 0.672656 0.286719 0.317187 0.000762926
0 0.178906 0.125391 0.357812 0.250781 0.00086242
0 0.219531 0.0234375 0.2125 0.0453125 0.00100907
0 0.722656 0.690234 0.196875 0.189844 0.00118483
0 0.722656 0.554688 0.140625 0.25625 0.00133667
0 0.264062 0.556641 0.139062 0.274219 0.00135842
0 0.242578 0.670703 0.161719 0.196094 0.00140753
0 0.74375 0.566016 0.264062 0.419531 0.00169787
0 0.799219 0.621484 0.145313 0.299219 0.00180001
0 0.339453 0.0578125 0.266406 0.115625 0.00187831
0 0.180078 0.0367187 0.267969 0.0703125 0.00275433
0 0.725391 0.653906 0.139844 0.170312 0.00285838
0 0.775781 0.673828 0.153125 0.191406 0.00312883
0 0.691797 0.627734 0.167969 0.227344 0.00367953
0 0.328906 0.64375 0.184375 0.178125 0.0039264
0 0.266406 0.0414063 0.285937 0.0828125 0.00507368
0 0.315625 0.567187 0.201562 0.303125 0.00522665
0 0.762109 0.539844 0.157031 0.325 0.00585715
0 0.260547 0.0945313 0.366406 0.189063 0.00713323
0 0.207422 0.0605469 0.339844 0.121094 0.0174054
0 0.277344 0.628125 0.190625 0.23125 0.0625919
0 0.744141 0.619141 0.188281 0.261719 0.0700964
