0 0.364844 0.235547 0.134375 0.150781 0.000101972
0 0.833984 0.559766 0.152344 0.296094 0.000102611
0 0.302344 0.491016 0.0890625 0.113281 0.000103633
0 0.669922 0.449609 0.0867188 0.125781 0.000104356
0 0.719141 0.639063 0.158594 0.153125 0.000105176
0 0.74375 0.300781 0.0859375 0.135937 0.000105263
0 0.746875 0.323438 0.0640625 0.065625 0.000108607
0 0.336328 0.448047 0.0867188 0.102344 0.000109339
0 0.799609 0.614062 0.114844 0.135937 0.000110928
0 0.685156 0.194922 0.109375 0.0976562 0.000117654
0 0.328516 0.286719 0.0617188 0.071875 0.000122424
0 0.321484 0.340625 0.0757812 0.084375 0.000125356
0 0.765625 0.299219 0.0609375 0.0828125 0.000125608
0 0.716406 0.256641 0.0859375 0.0976562 0.000132434
0 0.739062 0.257031 0.09375 0.126563 0.000134609
0 0.757422 0.542188 0.274219 0.33125 0.000136648
0 0.338672 0.363672 0.103906 0.167969 0.000139708
0 0.372266 0.397266 0.172656 0.300781 0.000152193
0 0.419922 0.250391 0.121094 0.186719 0.00015521
0 0.797266 0.45 0.0726563 0.10625 0.000157868
0 0.746875 0.339844 0.09375 0.104687 0.000164938
0 0.762109 0.335547 0.0648438 0.0742188 0.000165067
0 0.264062 0.440234 0.103125 0.203906 0.000167529
0 0.421875 0.178125 0.08125 0.084375 0.000172354
0 0.702734 0.224609 0.152344 0.160156 0.000172599
0 0.682813 0.532422 0.1125 0.217969 0.000178948
0 0.736328 0.280078 0.147656 0.210156 0.000187095
0 0.305469 0.346484 0.0765625 0.139844 0.000191884
0 0.283594 0.466797 0.0875 0.107031 0.000194627
0 0.298828 0.526172 0.127344 0.117969 0.000205969
0 0.319922 0.468359 0.0867188 0.107031 0.00021366
0 0.396094 0.471484 0.135937 0.199219 0.000218881
0 0.797266 0.357031 0.108594 0.221875 0.00023672
0 0.319531 0.462891 0.273438 0.310156 0.000265687
0 0.355859 0.426172 0.111719 0.196094 0.000288314
0 0.736719 0.59375 0.11875 0.126563 0.00029915
0 0.769922 0.323438 0.128906 0.235938 0.000304193
0 0.771875 0.3125 0.0953125 0.14375 0.000318733
0 0.799219 0.510547 0.1 0.192969 0.000319525
0 0.316797 0.430078 0.0867188 0.0929687 0.000324496
0 0.345703 0.288672 0.0757812 0.107031 0.000356799
0 0.392578 0.522266 0.121094 0.130469 0.000395288
0 0.341016 0.300781 0.0617188 0.065625 0.000408086
0 0.691406 0.476562 0.101562 0.110937 0.000464509
0 0.303516 0.389062 0.0992187 0.185937 0.000467259
0 0.750781 0.389844 0.154687 0.248437 0.000493129
0 0.348828 0.304297 0.155469 0.242969 0.000510238
0 0.733203 0.486328 0.147656 0.175781 0.000586574
0 0.299219 0.446875 0.0875 0.0921875 0.000634607
0 0.799609 0.558203 0.133594 0.230469 0.000647996
0 0.277344 0.515625 0.125 0.179688 0.000668262
0 0.329297 0.315234 0.0804688 0.108594 0.000720368
0 0.689062 0.605078 0.110937 0.124219 0.000787431
0 0.416016 0.194531 0.119531 0.1125 0.000868067
0 0.793359 0.442187 0.0960938 0.18125 0.00089461
0 0.761328 0.585156 0.174219 0.173438 0.00104369
0 0.778125 0.474219 0.135937 0.276563 0.00175882
0 0.341406 0.500391 0.179688 0.157031 0.00204028
0 0.728516 0.547656 0.161719 0.2125 0.00276428
0 0.320703 0.399219 0.150781 0.2625 0.00324735
0 0.301562 0.465625 0.140625 0.201562 0.0108781
