0 0.260156 0.282813 0.182812 0.275 0.000100772
0 0.813281 0.518359 0.15 0.197656 0.000103822
0 0.448828 0.313672 0.116406 0.194531 0.000104875
0 0.342187 0.363281 0.0828125 0.103125 0.000104901
0 0.315625 0.3 0.0875 0.107813 0.000105257
0 0.322266 0.211328 0.174219 0.153906 0.000105961
0 0.385547 0.258203 0.138281 0.152344 0.000107476
0 0.255078 0.432813 0.0585938 0.1 0.000108376
0 0.350391 0.0371094 0.269531 0.0742188 0.000110017
0 0.785156 0.303516 0.0828125 0.100781 0.000113921
0 0.628516 0.142188 0.382031 0.264062 0.000120733
0 0.320703 0.383594 0.0898438 0.107813 0.00012148
0 0.730859 0.171484 0.164844 0.122656 0.000122617
0 0.805469 0.3875 0.0828125 0.110937 0.000122666
0 0.710938 0.181641 0.242188 0.200781 0.000124741
0 0.345313 0.241797 0.13125 0.135156 0.00012954
0 0.734766 0.199219 0.0820312 0.104687 0.000129628
0 0.658203 0.301172 0.114844 0.161719 0.000139496
0 0.245703 0.203125 0.363281 0.367188 0.000143814
0 0.446094 0.391016 0.121875 0.180469 0.000148726
0 0.828125 0.343359 0.0734375 0.100781 0.000157859
0 0.341016 0.443359 0.149219 0.116406 0.000158896
0 0.673828 0.229687 0.321094 0.328125 0.000160023
0 0.766406 0.481641 0.323438 0.350781 0.000160721
0 0.387109 0.388281 0.0867188 0.101562 0.000164706
0 0.425781 0.367969 0.08125 0.107813 0.000173064
0 0.320312 0.204297 0.3125 0.246094 0.000177041
0 0.253906 0.405469 0.103125 0.24375 0.000186875
0 0.317187 0.339844 0.0875 0.0953125 0.000204003
0 0.802344 0.428125 0.090625 0.114063 0.000225321
0 0.817187 0.462109 0.117188 0.125781 0.000244924
0 0.407422 0.219141 0.194531 0.191406 0.000259423
0 0.676562 0.366016 0.121875 0.158594 0.000280804
0 0.355469 0.130859 0.325 0.246094 0.000284585
0 0.280859 0.385938 0.0835937 0.114063 0.000292196
0 0.825391 0.575 0.0820312 0.0703125 0.000296555
0 0.387891 0.423828 0.135156 0.111719 0.000300187
0 0.285937 0.303906 0.08125 0.117188 0.000301575
0 0.354688 0.4875 0.329688 0.320312 0.000301672
0 0.417969 0.280469 0.145313 0.1875 0.000310655
0 0.671875 0.235938 0.170312 0.215625 0.000319449
0 0.280078 0.0671875 0.385156 0.134375 0.000320449
0 0.425 0.422656 0.084375 0.090625 0.000328488
0 0.290625 0.258203 0.08125 0.119531 0.000349195
0 0.661328 0.429297 0.130469 0.166406 0.000372228
0 0.422656 0.444141 0.126563 0.107031 0.000382924
0 0.297266 0.363281 0.0882813 0.10625 0.000465167
0 0.667578 0.314844 0.153906 0.253125 0.000499847
0 0.302734 0.244141 0.0585938 0.0757812 0.000636386
0 0.266797 0.368359 0.283594 0.388281 0.000663336
0 0.81875 0.372656 0.29375 0.371875 0.000684856
0 0.830078 0.366797 0.110156 0.239844 0.000696934
0 0.28125 0.342187 0.08125 0.103125 0.000790113
0 0.742969 0.322656 0.215625 0.2125 0.000839876
0 0.728125 0.204688 0.129688 0.1375 0.000951094
0 0.703125 0.277734 0.16875 0.207031 0.000973651
0 0.383203 0.323047 0.152344 0.266406 0.00105484
0 0.305469 0.471484 0.165625 0.135156 0.00107718
0 0.262891 0.458984 0.0726563 0.0992187 0.00110045
0 0.351172 0.246875 0.213281 0.232812 0.00132243
0 0.312891 0.241797 0.0898438 0.114844 0.00132306
0 0.271875 0.345313 0.09375 0.196875 0.00143076
0 0.767969 0.452344 0.203125 0.1625 0.00156994
0 0.685938 0.376563 0.167187 0.23125 0.00199804
0 0.418359 0.353906 0.141406 0.2125 0.00256767
0 0.721875 0.425 0.229687 0.165625 0.00259633
0 0.289062 0.301562 0.10625 0.192188 0.00271185
0 0.351953 0.461719 0.264844 0.173438 0.00283415
0 0.418359 0.395312 0.105469 0.129688 0.00332941
0 0.38125 0.425 0.195312 0.159375 0.00373209
0 0.805078 0.330469 0.0757812 0.0921875 0.00378701
0 0.75625 0.250781 0.196875 0.232812 0.00389281
0 0.276953 0.433984 0.0789063 0.0867188 0.00404141
0 0.319531 0.307422 0.145313 0.249219 0.00417062
0 0.803125 0.417578 0.145313 0.191406 0.00721484
0 0.806641 0.342969 0.103906 0.153125 0.00914703
0 0.273828 0.430859 0.0976562 0.157031 0.0139334
0 0.340234 0.367969 0.213281 0.201562 0.0142233
0 0.796094 0.325391 0.1375 0.247656 0.0147616
0 0.312891 0.420703 0.183594 0.205469 0.0154321
0 0.764844 0.387109 0.210938 0.238281 0.0359062
0 0.289453 0.356641 0.138281 0.286719 0.0501715
0 0.349219 0.330078 0.24375 0.358594 0.23857
0 0.7375 0.311328 0.25 0.386719 0.277949
