0 0.241406 0.425781 0.1375 0.246875 0.000100799
0 0.15625 0.6125 0.04375 0.0875 0.00011058
0 0.657031 0.532031 0.090625 0.101562 0.000110851
0 0.750781 0.363672 0.08125 0.111719 0.000114418
0 0.662109 0.227734 0.141406 0.202344 0.000114456
0 0.667969 0.162891 0.148438 0.135156 0.000117988
0 0.283203 0.217969 0.0867188 0.114063 0.000125812
0 0.366797 0.515234 0.136719 0.155469 0.000127259
0 0.282031 0.447266 0.171875 0.183594 0.0001282
0 0.194141 0.625781 0.158594 0.171875 0.00013124
0 0.322266 0.510938 0.0804688 0.08125 0.000133889
0 0.315234 0.301562 0.175781 0.20625 0.00013643
0 0.735156 0.178125 0.08125 0.0703125 0.000143288
0 0.675781 0.55 0.090625 0.104687 0.000144922
0 0.705859 0.259766 0.278906 0.327344 0.000145389
0 0.741016 0.261328 0.0976562 0.133594 0.000151337
0 0.392578 0.285937 0.305469 0.435937 0.000154171
0 0.780078 0.487891 0.113281 0.189844 0.000154173
0 0.626953 0.393359 0.0992187 0.160156 0.000158282
0 0.716797 0.567187 0.142969 0.16875 0.000166807
0 0.716797 0.164453 0.0882813 0.0851562 0.0001672
0 0.159375 0.594922 0.0625 0.125781 0.000170217
0 0.279297 0.383984 0.138281 0.241406 0.000176383
0 0.780078 0.404687 0.0851562 0.117188 0.000188664
0 0.297656 0.635156 0.276563 0.25625 0.000190764
0 0.632031 0.477344 0.135937 0.285937 0.000194764
0 0.381641 0.216797 0.144531 0.180469 0.000198509
0 0.264844 0.282031 0.0875 0.115625 0.000198798
0 0.374609 0.442578 0.132031 0.163281 0.000204975
0 0.659766 0.360156 0.169531 0.307813 0.000217916
0 0.280078 0.258203 0.0851562 0.103906 0.000226112
0 0.7 0.471094 0.192188 0.210938 0.000227215
0 0.763281 0.307031 0.0890625 0.175 0.00023176
0 0.174609 0.560156 0.0601562 0.0734375 0.000244573
0 0.706641 0.178516 0.155469 0.144531 0.000249508
0 0.387109 0.124609 0.147656 0.130469 0.000261327
0 0.321875 0.135156 0.1875 0.167187 0.00026869
0 0.763672 0.325391 0.0726563 0.102344 0.000285095
0 0.803516 0.324609 0.138281 0.313281 0.000293606
0 0.728125 0.342578 0.121875 0.221094 0.000301182
0 0.343359 0.470313 0.175781 0.175 0.000309589
0 0.257422 0.197266 0.188281 0.283594 0.000349577
0 0.814844 0.386328 0.279687 0.466406 0.000369226
0 0.739453 0.510938 0.178906 0.204688 0.000441148
0 0.174609 0.569531 0.0726563 0.121875 0.00045893
0 0.20625 0.477734 0.16875 0.364844 0.000459382
0 0.777734 0.365625 0.0789063 0.11875 0.000512847
0 0.748047 0.406641 0.133594 0.200781 0.000553222
0 0.320312 0.510547 0.1375 0.142969 0.000590611
0 0.793359 0.421875 0.110156 0.259375 0.000599916
0 0.194141 0.569922 0.133594 0.182031 0.000618199
0 0.389062 0.276563 0.198437 0.31875 0.000641917
0 0.644531 0.53125 0.13125 0.1625 0.000643757
0 0.341406 0.442969 0.20625 0.3125 0.000686896
0 0.7625 0.292188 0.125 0.259375 0.000783484
0 0.341406 0.197656 0.154687 0.176563 0.000970786
0 0.330469 0.535547 0.207813 0.241406 0.00112815
0 0.751562 0.582422 0.239063 0.308594 0.00121288
0 0.239453 0.595703 0.224219 0.225781 0.00124323
0 0.709375 0.249219 0.18125 0.235938 0.00129339
0 0.301953 0.178906 0.0882813 0.09375 0.00131783
0 0.663281 0.44375 0.228125 0.38125 0.00167012
0 0.264062 0.317578 0.126563 0.258594 0.00176139
0 0.211719 0.391016 0.242188 0.583594 0.00188813
0 0.373828 0.160938 0.200781 0.217187 0.00209372
0 0.279687 0.530859 0.267188 0.322656 0.00430872
0 0.792969 0.46875 0.15625 0.482812 0.00621621
0 0.303125 0.178125 0.14375 0.15 0.00697948
0 0.248047 0.351953 0.178906 0.405469 0.00841656
0 0.283984 0.258594 0.138281 0.260938 0.0120603
0 0.680859 0.534375 0.189844 0.209375 0.0186038
0 0.727734 0.344922 0.196094 0.424219 0.0227396
0 0.776953 0.366406 0.0992187 0.248437 0.0252429
0 0.714453 0.438672 0.282031 0.519531 0.0329251
0 0.333594 0.210156 0.226562 0.254687 0.0433983
0 0.295703 0.361719 0.302344 0.5625 0.0453288
0 0.295703 0.294531 0.208594 0.401563 0.125072
0 0.766016 0.393359 0.135156 0.372656 0.150735
