0 0.624609 0.516406 0.117969 0.154687 0.000100189
0 0.658594 0.426953 0.120312 0.213281 0.000102243
0 0.703125 0.262891 0.295312 0.274219 0.000103518
0 0.699219 0.533984 0.0890625 0.105469 0.00010448
0 0.817187 0.444922 0.0765625 0.103906 0.000109892
0 0.482422 0.354688 0.474219 0.709375 0.000113609
0 0.801562 0.465234 0.078125 0.0929687 0.000116967
0 0.763281 0.407031 0.126563 0.225 0.000124102
0 0.21875 0.368359 0.075 0.0992187 0.000129195
0 0.818359 0.515234 0.103906 0.202344 0.000131415
0 0.803906 0.346875 0.0640625 0.0921875 0.000132751
0 0.797266 0.633594 0.188281 0.165625 0.000135617
0 0.178906 0.552344 0.1375 0.189063 0.000137121
0 0.814062 0.540234 0.279687 0.336719 0.000137994
0 0.257031 0.405469 0.117188 0.234375 0.000140687
0 0.784766 0.364062 0.0992187 0.160938 0.000143847
0 0.699609 0.367188 0.128906 0.196875 0.000149576
0 0.386328 0.298438 0.138281 0.2 0.000151901
0 0.758984 0.3 0.0710938 0.0796875 0.000165689
0 0.778516 0.264844 0.116406 0.13125 0.000171232
0 0.698047 0.604688 0.232031 0.18125 0.000172073
0 0.387891 0.219141 0.0882813 0.0992187 0.000190377
0 0.336328 0.515625 0.189844 0.179688 0.000196931
0 0.716797 0.428125 0.132031 0.226562 0.000221734
0 0.676562 0.471094 0.126563 0.178125 0.000240437
0 0.841797 0.624609 0.0945313 0.135156 0.000247286
0 0.221484 0.403125 0.0773437 0.114063 0.000267866
0 0.326172 0.2625 0.122656 0.126563 0.000282122
0 0.816016 0.367188 0.0757812 0.142188 0.000294082
0 0.283203 0.564453 0.147656 0.144531 0.000298408
0 0.260547 0.322656 0.117969 0.182812 0.000303859
0 0.359375 0.280078 0.279687 0.311719 0.000309537
0 0.817969 0.574609 0.0828125 0.105469 0.000318255
0 0.675781 0.246875 0.151562 0.148438 0.000327491
0 0.803906 0.405859 0.096875 0.172656 0.0003383
0 0.801953 0.468359 0.105469 0.175781 0.000344528
0 0.288281 0.321094 0.0765625 0.0859375 0.000347502
0 0.796875 0.316406 0.096875 0.153125 0.000357011
0 0.283594 0.497266 0.146875 0.172656 0.000362975
0 0.758984 0.299219 0.111719 0.103125 0.000386736
0 0.735547 0.56875 0.144531 0.148438 0.000389858
0 0.716797 0.509766 0.0789063 0.0867188 0.000395872
0 0.414062 0.263672 0.126563 0.188281 0.000428733
0 0.228906 0.391406 0.114063 0.167187 0.000455204
0 0.191406 0.584766 0.2125 0.177344 0.000483358
0 0.385547 0.202734 0.133594 0.133594 0.000497172
0 0.330078 0.569922 0.152344 0.171094 0.000564965
0 0.761328 0.491406 0.147656 0.260938 0.000596715
0 0.785156 0.573828 0.1375 0.147656 0.000606275
0 0.683984 0.549219 0.302344 0.321875 0.000646288
0 0.760156 0.305078 0.157813 0.163281 0.000788989
0 0.307813 0.335156 0.117188 0.165625 0.000793868
0 0.763672 0.360156 0.189844 0.303125 0.000849014
0 0.237109 0.450391 0.188281 0.311719 0.00106942
0 0.354297 0.358984 0.200781 0.324219 0.00107976
0 0.805469 0.404297 0.121875 0.277344 0.00115574
0 0.305469 0.302344 0.09375 0.114063 0.00137668
0 0.819922 0.593359 0.124219 0.158594 0.00159023
0 0.689844 0.3875 0.185937 0.342187 0.00175368
0 0.716406 0.5125 0.126563 0.159375 0.00185914
0 0.292969 0.404297 0.21875 0.391406 0.00198507
0 0.208594 0.528906 0.245312 0.23125 0.0023414
0 0.332812 0.285156 0.164062 0.2 0.00265366
0 0.670313 0.562891 0.175 0.158594 0.00309413
0 0.800391 0.523438 0.155469 0.282813 0.00341567
0 0.707031 0.291016 0.185937 0.188281 0.00360989
0 0.276563 0.503125 0.304688 0.289062 0.00385171
0 0.694922 0.490234 0.185156 0.257031 0.00438749
0 0.374219 0.242188 0.167187 0.185937 0.00609809
0 0.769922 0.585547 0.238281 0.194531 0.00716855
0 0.730859 0.461719 0.239844 0.373437 0.0212083
0 0.71875 0.550781 0.225 0.198437 0.0262302
0 0.278516 0.5375 0.227344 0.192188 0.028493
