0 0.15625 0.676562 0.0890625 0.1125 0.000100156
0 0.207031 0.396875 0.103125 0.16875 0.000105608
0 0.653516 0.688281 0.107031 0.198437 0.000106845
0 0.405469 0.0578125 0.170312 0.115625 0.000109161
0 0.610937 0.657422 0.084375 0.113281 0.000111139
0 0.0148437 0.302344 0.0296875 0.264062 0.000113262
0 0.0667969 0.816406 0.133594 0.367188 0.000113689
0 0.278125 0.575391 0.126563 0.183594 0.000117567
0 0.139453 0.637109 0.0835937 0.114844 0.00011851
0 0.657031 0.607422 0.117188 0.272656 0.000119392
0 0.0796875 0.541016 0.120312 0.522656 0.000120297
0 0.506641 0.569141 0.127344 0.333594 0.000120804
0 0.284766 0.237891 0.0945313 0.117969 0.00012139
0 0.592188 0.390625 0.0765625 0.0734375 0.000123105
0 0.985937 0.364062 0.028125 0.103125 0.000129845
0 0.573828 0.450391 0.119531 0.192969 0.000131131
0 0.544141 0.262109 0.0789063 0.108594 0.000150874
0 0.300781 0.231641 0.142188 0.191406 0.00015767
0 0.0140625 0.445703 0.028125 0.227344 0.00016383
0 0.141406 0.514063 0.0953125 0.160938 0.000167961
0 0.611719 0.555469 0.103125 0.182812 0.000173028
0 0.968359 0.346094 0.0632813 0.1125 0.000174404
0 0.105469 0.694141 0.128125 0.302344 0.000175874
0 0.59375 0.677734 0.0875 0.108594 0.000176836
0 0.0351562 0.396875 0.06875 0.359375 0.000190399
0 0.270312 0.387109 0.203125 0.502344 0.000198837
0 0.539453 0.439844 0.0976562 0.201562 0.000200861
0 0.608594 0.408203 0.0984375 0.146094 0.000202232
0 0.112109 0.715625 0.102344 0.184375 0.000207877
0 0.575781 0.403125 0.0765625 0.075 0.000210791
0 0.173438 0.633984 0.0859375 0.113281 0.000213624
0 0.573438 0.657812 0.0890625 0.109375 0.000214683
0 0.237109 0.748828 0.199219 0.191406 0.000221343
0 0.983984 0.447266 0.0304688 0.244531 0.000222996
0 0.552734 0.733203 0.144531 0.128906 0.000230938
0 0.553516 0.314063 0.116406 0.217187 0.000233958
0 0.983203 0.283594 0.0335938 0.196875 0.000239098
0 0.240234 0.611328 0.0851562 0.100781 0.000239783
0 0.541406 0.396094 0.0828125 0.125 0.000246633
0 0.218359 0.591797 0.0898438 0.0992187 0.00024818
0 0.592188 0.364844 0.11875 0.170312 0.000250006
0 0.241797 0.716016 0.135156 0.157031 0.000252071
0 0.594141 0.735937 0.302344 0.2875 0.000252987
0 0.0246094 0.521094 0.0445312 0.426562 0.000255558
0 0.195703 0.609375 0.0882813 0.101562 0.000263141
0 0.554297 0.510547 0.102344 0.216406 0.00027707
0 0.976953 0.236328 0.0460938 0.238281 0.000283005
0 0.969531 0.475 0.0578125 0.4875 0.00029744
0 0.560547 0.248437 0.0679687 0.0953125 0.000309007
0 0.192188 0.574609 0.090625 0.0914062 0.000311653
0 0.627344 0.443359 0.10625 0.199219 0.000314116
0 0.159766 0.449219 0.119531 0.24375 0.000321177
0 0.292578 0.607422 0.155469 0.303906 0.000322772
0 0.134766 0.526172 0.114844 0.289844 0.000322884
0 0.515625 0.675391 0.132812 0.185156 0.000324499
0 0.15625 0.611719 0.0859375 0.107813 0.000326908
0 0.953516 0.341797 0.0835937 0.183594 0.000333038
0 0.959375 0.280078 0.08125 0.249219 0.000360843
0 0.156641 0.552344 0.0867188 0.096875 0.000377007
0 0.6125 0.716797 0.0875 0.108594 0.000380954
0 0.982422 0.344922 0.0351562 0.167969 0.000387469
0 0.594141 0.512891 0.113281 0.236719 0.000393243
0 0.178906 0.4 0.08125 0.107813 0.000393307
0 0.0300781 0.482031 0.0585938 0.653125 0.000406209
0 0.0214844 0.396484 0.0398437 0.283594 0.000411693
0 0.976562 0.392578 0.046875 0.280469 0.000426247
0 0.564062 0.384375 0.139062 0.23125 0.000461865
0 0.54375 0.484766 0.134375 0.338281 0.000466826
0 0.302344 0.75625 0.0796875 0.121875 0.000487365
0 0.571875 0.500781 0.270312 0.570312 0.000574245
0 0.198437 0.691406 0.14375 0.164062 0.000578123
0 0.571875 0.396094 0.109375 0.114063 0.00065428
0 0.303125 0.706641 0.110937 0.213281 0.0007414
0 0.973047 0.316016 0.0539063 0.208594 0.0007513
0 0.598437 0.447656 0.140625 0.28125 0.000786234
0 0.534766 0.617578 0.133594 0.224219 0.000838895
0 0.628125 0.734375 0.128125 0.15625 0.000842454
0 0.172266 0.533984 0.119531 0.152344 0.000883769
0 0.172266 0.590625 0.0835937 0.0953125 0.00091656
0 0.161328 0.702734 0.213281 0.227344 0.0010706
0 0.279297 0.740625 0.128906 0.157813 0.00110181
0 0.217578 0.491797 0.282031 0.567969 0.00123175
0 0.593359 0.598828 0.135156 0.249219 0.00131622
0 0.253906 0.614453 0.142188 0.160156 0.00135562
0 0.184375 0.489453 0.16875 0.358594 0.00186874
0 0.535547 0.716016 0.214844 0.185156 0.00194439
0 0.627734 0.565234 0.135156 0.355469 0.00253854
0 0.159375 0.575 0.1125 0.160938 0.00281601
0 0.575 0.658203 0.142188 0.166406 0.00329492
0 0.252734 0.679297 0.183594 0.249219 0.00369898
0 0.135547 0.645312 0.133594 0.245312 0.00416317
0 0.621094 0.652734 0.142188 0.221094 0.00472932
0 0.228906 0.56875 0.21875 0.278125 0.00502676
0 0.197266 0.596094 0.146094 0.173438 0.00575384
0 0.596484 0.708984 0.169531 0.196094 0.0117979
0 0.166406 0.587891 0.160938 0.272656 0.0128936
0 0.573438 0.560156 0.195312 0.375 0.0164704
0 0.566797 0.662109 0.203906 0.244531 0.0490771
0 0.198047 0.642187 0.217969 0.259375 0.166579
