0 0.611328 0.457031 0.146094 0.253125 0.00010007
0 0.347656 0.487891 0.0875 0.0976562 0.00010327
0 0.0230469 0.392188 0.0429688 0.410937 0.00010504
0 0.322266 0.639844 0.0835937 0.109375 0.000106089
0 0.717969 0.754687 0.225 0.16875 0.000109585
0 0.28125 0.369141 0.2125 0.224219 0.000111638
0 0.264844 0.655859 0.084375 0.0945313 0.000112561
0 0.320703 0.577734 0.157031 0.208594 0.00011531
0 0.674219 0.749609 0.303125 0.286719 0.000124655
0 0.0402344 0.35 0.0804688 0.621875 0.000125565
0 0.376172 0.0652344 0.355469 0.127344 0.000126242
0 0.0347656 0.10625 0.0695312 0.2125 0.000126954
0 0.779297 0.735937 0.110156 0.148438 0.0001301
0 0.305078 0.427734 0.142969 0.211719 0.000134475
0 0.205469 0.497266 0.0859375 0.110156 0.000134781
0 0.804688 0.0347656 0.225 0.0695312 0.000135052
0 0.657031 0.0695312 0.385938 0.135937 0.000136997
0 0.134766 0.365625 0.267969 0.7125 0.000138797
0 0.922266 0.111719 0.155469 0.223438 0.000148092
0 0.694531 0.427734 0.126563 0.180469 0.000154557
0 0.169531 0.671484 0.179688 0.249219 0.000161384
0 0.603906 0.767969 0.104687 0.153125 0.000162769
0 0.679297 0.550781 0.160156 0.178125 0.000174805
0 0.906641 0.475781 0.180469 0.315625 0.000175788
0 0.388281 0.697266 0.120312 0.211719 0.000185772
0 0.347656 0.528906 0.139062 0.21875 0.000189137
0 0.408594 0.439453 0.148438 0.207031 0.000203954
0 0.609766 0.628125 0.128906 0.276563 0.000208757
0 0.0382813 0.189453 0.0765625 0.378906 0.000211296
0 0.342969 0.711719 0.14375 0.164062 0.000224969
0 0.716016 0.717188 0.138281 0.140625 0.000228464
0 0.274609 0.549609 0.0835937 0.0882813 0.000229846
0 0.219531 0.562891 0.0875 0.0976562 0.000249354
0 0.189453 0.532031 0.0835937 0.103125 0.000250148
0 0.342187 0.385156 0.114063 0.15625 0.000250291
0 0.276172 0.102344 0.421094 0.204688 0.000256416
0 0.105859 0.0382813 0.211719 0.075 0.000275055
0 0.367969 0.469531 0.090625 0.0984375 0.000277324
0 0.277734 0.710156 0.199219 0.179688 0.000294588
0 0.658203 0.615234 0.132031 0.232031 0.000295289
0 0.905078 0.207422 0.189844 0.414844 0.00031405
0 0.63125 0.605078 0.2125 0.508594 0.000323423
0 0.607422 0.707812 0.116406 0.2 0.0003239
0 0.237891 0.497266 0.0914062 0.111719 0.00033669
0 0.719531 0.413281 0.339063 0.53125 0.000338916
0 0.928125 0.475391 0.14375 0.563281 0.000346251
0 0.853516 0.0445312 0.171094 0.0875 0.000352435
0 0.0273438 0.267188 0.0515625 0.470313 0.000373643
0 0.71875 0.472656 0.129688 0.2375 0.000375066
0 0.192188 0.616406 0.290625 0.434375 0.000380645
0 0.647266 0.403906 0.153906 0.214062 0.000382149
0 0.675 0.696875 0.134375 0.170312 0.000422236
0 0.266406 0.651953 0.128125 0.128906 0.00046558
0 0.721875 0.573828 0.146875 0.252344 0.000467792
0 0.303906 0.660547 0.084375 0.0945313 0.000473809
0 0.677734 0.492578 0.127344 0.239844 0.000519692
0 0.0738281 0.201172 0.147656 0.402344 0.000519907
0 0.194141 0.208594 0.388281 0.4 0.000527299
0 0.0859375 0.0675781 0.16875 0.133594 0.000532911
0 0.8875 0.0675781 0.204688 0.135156 0.000537705
0 0.695703 0.653906 0.144531 0.223438 0.000567645
0 0.188281 0.548828 0.115625 0.163281 0.000614746
0 0.173438 0.655469 0.110937 0.115625 0.000666863
0 0.338281 0.634766 0.13125 0.242969 0.000679076
0 0.792578 0.682813 0.138281 0.290625 0.000723813
0 0.191797 0.668359 0.171094 0.150781 0.000745192
0 0.384375 0.615625 0.142188 0.35 0.000770287
0 0.872266 0.360156 0.255469 0.710938 0.000786162
0 0.197656 0.0660156 0.384375 0.132031 0.000824804
0 0.330078 0.413672 0.280469 0.321094 0.000829503
0 0.253125 0.529688 0.0921875 0.103125 0.000851217
0 0.173438 0.602344 0.146875 0.254687 0.000881012
0 0.241016 0.422656 0.311719 0.46875 0.000886708
0 0.743359 0.126172 0.394531 0.246094 0.00089115
0 0.783594 0.528125 0.217187 0.529688 0.000920416
0 0.758594 0.718359 0.18125 0.203906 0.00093988
0 0.645312 0.745313 0.178125 0.196875 0.000980189
0 0.761328 0.612109 0.130469 0.255469 0.00098671
0 0.699219 0.411719 0.204688 0.242188 0.00103925
0 0.279687 0.471094 0.204688 0.2 0.00108003
0 0.748828 0.495313 0.178906 0.345313 0.00119967
0 0.135156 0.129297 0.270312 0.252344 0.00128923
0 0.808203 0.075 0.288281 0.146875 0.00137975
0 0.861719 0.126563 0.273438 0.25 0.00168569
0 0.807422 0.195312 0.371094 0.390625 0.00179558
0 0.281641 0.613672 0.172656 0.211719 0.00197003
0 0.199609 0.484375 0.138281 0.225 0.00211731
0 0.352734 0.40625 0.180469 0.220313 0.00240518
0 0.240234 0.433984 0.194531 0.300781 0.0025795
0 0.219922 0.591016 0.146094 0.227344 0.0026576
0 0.217578 0.529688 0.0945313 0.104687 0.00273535
0 0.376563 0.479297 0.15 0.174219 0.00297881
0 0.312891 0.673437 0.138281 0.157813 0.00321966
0 0.273047 0.526563 0.191406 0.154687 0.0034115
0 0.660547 0.4875 0.219531 0.446875 0.00528538
0 0.677344 0.695312 0.220313 0.240625 0.00587588
0 0.755859 0.636719 0.189844 0.392188 0.00695645
0 0.348437 0.482812 0.192188 0.257812 0.00753629
0 0.237891 0.623047 0.257031 0.282031 0.0114982
0 0.328906 0.607813 0.20625 0.3375 0.0136939
0 0.222656 0.528125 0.135937 0.145313 0.0247772
0 0.241016 0.525 0.182031 0.253125 0.156714
0 0.276563 0.532031 0.26875 0.39375 0.230646
0 0.708594 0.562109 0.24375 0.482031 0.337127
