0 0.921875 0.605859 0.142188 0.353906 0.000104975
0 0.835547 0.891016 0.307031 0.217969 0.000108262
0 0.802734 0.40625 0.0882813 0.115625 0.000110875
0 0.717969 0.218359 0.123438 0.128906 0.00011263
0 0.322266 0.451953 0.141406 0.247656 0.00011319
0 0.572266 0.170703 0.186719 0.221094 0.000113719
0 0.325781 0.341016 0.09375 0.144531 0.000114623
0 0.960938 0.437109 0.0734375 0.571094 0.000125881
0 0.366016 0.3875 0.167969 0.185937 0.000132109
0 0.712891 0.472266 0.233594 0.386719 0.00013324
0 0.476562 0.533594 0.139062 0.26875 0.000136925
0 0.45 0.403516 0.242188 0.633594 0.000139714
0 0.860937 0.489844 0.132812 0.26875 0.000150183
0 0.757812 0.220313 0.107813 0.125 0.00015045
0 0.802344 0.326562 0.075 0.109375 0.000159769
0 0.366016 0.467187 0.188281 0.192188 0.00016034
0 0.422656 0.321875 0.125 0.2375 0.000164343
0 0.701172 0.284375 0.141406 0.253125 0.00016464
0 0.804688 0.529297 0.151562 0.228906 0.00017494
0 0.426953 0.553516 0.133594 0.232031 0.000180408
0 0.404297 0.2 0.171094 0.176563 0.000184412
0 0.426953 0.625781 0.217969 0.242188 0.000187164
0 0.387891 0.239453 0.0820312 0.0914062 0.00019454
0 0.977734 0.432422 0.0445312 0.427344 0.000197073
0 0.367969 0.204297 0.125 0.122656 0.000198352
0 0.939844 0.809375 0.120312 0.38125 0.000202772
0 0.613281 0.0839844 0.192188 0.167969 0.00022597
0 0.746484 0.366797 0.196094 0.203906 0.000233732
0 0.382422 0.552344 0.158594 0.182812 0.000261106
0 0.342578 0.531641 0.141406 0.249219 0.000277404
0 0.766797 0.112109 0.416406 0.224219 0.000283089
0 0.365234 0.320312 0.158594 0.20625 0.000317534
0 0.758984 0.303516 0.164844 0.221094 0.000325959
0 0.333203 0.360156 0.164844 0.30625 0.000327942
0 0.891406 0.541016 0.146875 0.411719 0.000362575
0 0.889844 0.682422 0.207813 0.296094 0.000382644
0 0.728906 0.237109 0.182812 0.203906 0.000428482
0 0.703516 0.0777344 0.336719 0.153906 0.000448069
0 0.30625 0.575 0.128125 0.248437 0.000488635
0 0.84375 0.555469 0.165625 0.195312 0.000515558
0 0.723828 0.189063 0.380469 0.310937 0.000533225
0 0.867188 0.444141 0.185937 0.388281 0.000597494
0 0.389453 0.233984 0.127344 0.136719 0.000807744
0 0.696094 0.364844 0.221875 0.364062 0.000974864
0 0.821484 0.445703 0.141406 0.269531 0.00100055
0 0.317187 0.626562 0.192188 0.221875 0.0010099
0 0.875 0.601953 0.167187 0.235156 0.00104413
0 0.874609 0.778906 0.250781 0.423438 0.00108896
0 0.764844 0.423047 0.184375 0.208594 0.00108989
0 0.800781 0.328125 0.1125 0.239063 0.00123567
0 0.643359 0.125 0.263281 0.25 0.00153878
0 0.420312 0.518359 0.214062 0.399219 0.00171115
0 0.297266 0.480859 0.199219 0.500781 0.00210225
0 0.818359 0.633984 0.274219 0.272656 0.00270565
0 0.386328 0.323047 0.192969 0.333594 0.00316639
0 0.785156 0.562109 0.25 0.267969 0.00326808
0 0.735156 0.291797 0.235938 0.322656 0.00351194
0 0.801562 0.390625 0.142188 0.20625 0.00417112
0 0.361719 0.585547 0.257812 0.300781 0.0116567
0 0.832422 0.519922 0.219531 0.386719 0.0156389
0 0.802344 0.368359 0.18125 0.333594 0.0218121
0 0.766797 0.397266 0.260156 0.475781 0.312958
0 0.366016 0.446875 0.255469 0.553125 0.450477
