0 0.326562 0.448828 0.084375 0.100781 0.000100927
0 0.544531 0.226562 0.059375 0.0828125 0.000101377
0 0.405859 0.3125 0.0945313 0.14375 0.000101939
0 0.338672 0.3375 0.0851562 0.0875 0.000104644
0 0.791797 0.284375 0.0804688 0.0875 0.000105558
0 0.728125 0.492969 0.104687 0.204688 0.000108618
0 0.340234 0.386328 0.0835937 0.110156 0.000113731
0 0.661328 0.428125 0.0804688 0.1 0.000114198
0 0.657812 0.507422 0.084375 0.0960938 0.000120506
0 0.304297 0.710547 0.172656 0.182031 0.000130929
0 0.689062 0.712109 0.234375 0.232031 0.000131617
0 0.380859 0.469922 0.0820312 0.108594 0.000137392
0 0.595703 0.567187 0.117969 0.204688 0.000137655
0 0.379687 0.547266 0.084375 0.0976562 0.000138002
0 0.595703 0.639844 0.105469 0.129688 0.000143299
0 0.311719 0.333594 0.290625 0.40625 0.000145297
0 0.303906 0.425 0.084375 0.110937 0.000147635
0 0.265625 0.556641 0.0734375 0.114844 0.000148137
0 0.375391 0.674219 0.100781 0.125 0.000150713
0 0.60625 0.255859 0.134375 0.132031 0.000151034
0 0.615234 0.473047 0.0773437 0.105469 0.000151296
0 0.6125 0.383203 0.0765625 0.100781 0.000151948
0 0.639844 0.554688 0.08125 0.107813 0.000159134
0 0.603516 0.507812 0.0804688 0.164062 0.000159511
0 0.291797 0.342969 0.0992187 0.13125 0.000160837
0 0.678906 0.528906 0.084375 0.101562 0.000164139
0 0.654297 0.644141 0.0898438 0.0835937 0.000165395
0 0.635938 0.489844 0.084375 0.0859375 0.000166035
0 0.705469 0.430859 0.071875 0.116406 0.00016678
0 0.600391 0.289844 0.0851562 0.0890625 0.000167167
0 0.191406 0.475781 0.270312 0.354688 0.000168419
0 0.766797 0.691016 0.272656 0.494531 0.000171753
0 0.402344 0.478125 0.128125 0.375 0.000174417
0 0.154297 0.383594 0.178906 0.25 0.000179593
0 0.392578 0.460547 0.283594 0.480469 0.000182042
0 0.361719 0.616797 0.08125 0.0992187 0.0001874
0 0.617578 0.50625 0.0742188 0.0953125 0.000189639
0 0.30625 0.384375 0.08125 0.1125 0.000194358
0 0.608203 0.45625 0.274219 0.492188 0.000214646
0 0.890234 0.605859 0.0882813 0.178906 0.0002169
0 0.280859 0.627734 0.0789063 0.0960938 0.000225546
0 0.366016 0.494922 0.0882813 0.111719 0.00023422
0 0.342187 0.427344 0.0828125 0.1 0.000234437
0 0.271484 0.679297 0.130469 0.210156 0.000243704
0 0.393359 0.251172 0.0835937 0.0835937 0.00025289
0 0.716406 0.553516 0.0734375 0.114844 0.000254132
0 0.632812 0.273828 0.115625 0.0960938 0.000254492
0 0.266406 0.629687 0.096875 0.142188 0.00026761
0 0.267578 0.449219 0.111719 0.253125 0.000269642
0 0.744531 0.467578 0.309375 0.469531 0.000278048
0 0.717969 0.663672 0.125 0.117969 0.000286159
0 0.662109 0.468359 0.0851562 0.102344 0.000300238
0 0.345313 0.569922 0.08125 0.105469 0.00031703
0 0.699219 0.509766 0.075 0.103906 0.000331439
0 0.680469 0.485938 0.08125 0.1 0.000334797
0 0.733984 0.648047 0.0773437 0.0992187 0.000352151
0 0.332422 0.530078 0.0835937 0.100781 0.000360462
0 0.6375 0.407031 0.11875 0.201562 0.00036454
0 0.322266 0.405469 0.0835937 0.107813 0.000382341
0 0.382422 0.634766 0.0960938 0.121094 0.000411969
0 0.653906 0.289453 0.0921875 0.0929687 0.000435738
0 0.254687 0.44375 0.189063 0.326562 0.000437766
0 0.616797 0.335938 0.0820312 0.103125 0.000471051
0 0.65625 0.577734 0.0875 0.107031 0.000479025
0 0.284766 0.510938 0.103906 0.207813 0.0004832
0 0.620313 0.628906 0.0875 0.096875 0.000525917
0 0.263281 0.467578 0.298438 0.447656 0.00054165
0 0.617578 0.470313 0.102344 0.192188 0.00054903
0 0.383594 0.283203 0.114063 0.149219 0.000614473
0 0.600391 0.388281 0.103906 0.220313 0.000635482
0 0.596484 0.310156 0.117969 0.13125 0.00068812
0 0.313281 0.580078 0.278125 0.341406 0.000721319
0 0.385938 0.392188 0.121875 0.253125 0.000744638
0 0.355078 0.650391 0.152344 0.149219 0.000868002
0 0.648438 0.336719 0.104687 0.128125 0.000966881
0 0.692187 0.409766 0.0890625 0.177344 0.00103303
0 0.716406 0.596484 0.0796875 0.114844 0.00109112
0 0.376953 0.530469 0.107031 0.164062 0.00117262
0 0.361719 0.530469 0.0859375 0.101562 0.00133565
0 0.739453 0.560547 0.127344 0.367969 0.00135674
0 0.30625 0.648438 0.1625 0.18125 0.00136316
0 0.727734 0.570312 0.0929687 0.215625 0.00136853
0 0.327344 0.492578 0.132812 0.216406 0.0014582
0 0.382422 0.430469 0.0960938 0.154687 0.00145853
0 0.623047 0.530078 0.117969 0.241406 0.00150609
0 0.669922 0.36875 0.146094 0.234375 0.00151547
0 0.320312 0.624219 0.065625 0.0703125 0.00155211
0 0.68125 0.582422 0.26875 0.339844 0.00161437
0 0.375 0.595312 0.121875 0.1875 0.00182068
0 0.266016 0.551562 0.0976562 0.226562 0.00184515
0 0.682813 0.452344 0.0765625 0.103125 0.00194436
0 0.6625 0.451562 0.125 0.210938 0.00213115
0 0.296484 0.401953 0.135156 0.255469 0.00238637
0 0.335156 0.614062 0.114063 0.128125 0.00262762
0 0.622656 0.598047 0.109375 0.122656 0.00269086
0 0.342578 0.406641 0.133594 0.228906 0.00275781
0 0.657812 0.645703 0.184375 0.111719 0.00291524
0 0.350391 0.317969 0.164844 0.179688 0.00327389
0 0.279687 0.594922 0.101562 0.144531 0.00328956
0 0.614844 0.452734 0.140625 0.350781 0.00373577
0 0.311719 0.621875 0.0984375 0.096875 0.00392853
0 0.713281 0.632031 0.10625 0.110937 0.00419395
0 0.616016 0.341797 0.124219 0.169531 0.00438361
0 0.317187 0.325781 0.0921875 0.09375 0.00450075
0 0.695312 0.467578 0.0890625 0.163281 0.00543547
0 0.322266 0.361719 0.128906 0.179688 0.00614526
0 0.365234 0.470703 0.125781 0.260156 0.00764906
0 0.659766 0.551953 0.153906 0.208594 0.0112995
0 0.288281 0.514063 0.15625 0.326562 0.0115318
0 0.3125 0.585547 0.1625 0.200781 0.0120793
0 0.654688 0.614453 0.132812 0.100781 0.0127151
0 0.352734 0.552344 0.141406 0.242188 0.0170524
0 0.633984 0.306641 0.116406 0.103906 0.0224498
0 0.708594 0.519922 0.115625 0.297656 0.029511
0 0.676953 0.601953 0.171094 0.157031 0.0431649
0 0.671094 0.470703 0.173438 0.388281 0.139628
0 0.346094 0.463672 0.171875 0.388281 0.206505
