0 0.878516 0.692187 0.242969 0.615625 0.000100319
0 0.650781 0.323438 0.129688 0.21875 0.000107255
0 0.195312 0.638281 0.090625 0.114063 0.000108507
0 0.684375 0.641797 0.075 0.113281 0.000108934
0 0.737109 0.486328 0.111719 0.272656 0.000109051
0 0.194922 0.597266 0.0914062 0.110156 0.000109647
0 0.615234 0.364453 0.117969 0.199219 0.000110307
0 0.115234 0.761328 0.230469 0.477344 0.000115505
0 0.938672 0.597656 0.121094 0.685938 0.000122295
0 0.589063 0.392578 0.139062 0.286719 0.000123933
0 0.280078 0.696094 0.136719 0.151562 0.000124171
0 0.720312 0.533203 0.08125 0.114844 0.000125482
0 0.753516 0.473828 0.324219 0.636719 0.000125803
0 0.214062 0.614844 0.0875 0.109375 0.000135581
0 0.272266 0.321094 0.314844 0.425 0.00013947
0 0.745313 0.713672 0.164062 0.258594 0.000151419
0 0.13125 0.604688 0.207813 0.479688 0.000158346
0 0.251563 0.552734 0.140625 0.277344 0.00015874
0 0.764063 0.681641 0.30625 0.372656 0.000161996
0 0.0785156 0.198437 0.157031 0.396875 0.000171563
0 0.280078 0.719922 0.208594 0.174219 0.000174607
0 0.618359 0.447656 0.135156 0.2 0.00017621
0 0.177344 0.692578 0.134375 0.233594 0.000195072
0 0.684375 0.594141 0.123438 0.217969 0.000205923
0 0.617969 0.712891 0.170312 0.185156 0.000212654
0 0.176563 0.491406 0.16875 0.429688 0.00022284
0 0.185937 0.207422 0.367188 0.411719 0.00022516
0 0.247266 0.364844 0.194531 0.301562 0.000225651
0 0.160547 0.850781 0.266406 0.298438 0.000232541
0 0.263281 0.803516 0.228125 0.197656 0.000233342
0 0.746484 0.6375 0.0929687 0.176563 0.000237255
0 0.0707031 0.105078 0.141406 0.210156 0.000260114
0 0.713281 0.473047 0.0828125 0.114844 0.0002631
0 0.703125 0.411328 0.154687 0.360156 0.000284937
0 0.294141 0.437109 0.182031 0.360156 0.000305142
0 0.593359 0.654297 0.121094 0.214844 0.000305333
0 0.664844 0.528906 0.13125 0.271875 0.000324051
0 0.590234 0.240625 0.119531 0.121875 0.000355873
0 0.66875 0.682422 0.078125 0.108594 0.000360134
0 0.251563 0.620313 0.190625 0.215625 0.000361211
0 0.107422 0.0664062 0.214844 0.132812 0.000423625
0 0.215625 0.494531 0.135937 0.251563 0.000461298
0 0.167187 0.721875 0.190625 0.38125 0.000485526
0 0.625 0.475781 0.179688 0.301562 0.000494147
0 0.341016 0.5375 0.327344 0.625 0.000532199
0 0.662109 0.448047 0.135156 0.230469 0.000563277
0 0.733594 0.638281 0.078125 0.109375 0.000621739
0 0.295703 0.730469 0.266406 0.279687 0.000660283
0 0.614844 0.610547 0.179688 0.307031 0.0006704
0 0.297656 0.326562 0.175 0.260938 0.000699549
0 0.135937 0.122266 0.271875 0.238281 0.000718581
0 0.296875 0.814844 0.310937 0.325 0.000770521
0 0.230469 0.88125 0.282813 0.2375 0.000791168
0 0.289844 0.603516 0.289062 0.402344 0.000850818
0 0.700391 0.717188 0.135156 0.159375 0.000909488
0 0.608984 0.313281 0.166406 0.265625 0.000920359
0 0.237891 0.676953 0.178906 0.180469 0.000942354
0 0.690234 0.592969 0.280469 0.379687 0.000980132
0 0.716406 0.659375 0.0890625 0.1125 0.00117861
0 0.667188 0.705469 0.115625 0.13125 0.00163579
0 0.716016 0.53125 0.102344 0.215625 0.00180634
0 0.680859 0.705469 0.0695312 0.0890625 0.00231892
0 0.696484 0.471094 0.117969 0.203125 0.00236314
0 0.187891 0.553516 0.119531 0.274219 0.00289468
0 0.730469 0.592188 0.0890625 0.259375 0.00325769
0 0.642578 0.380078 0.197656 0.367969 0.00325831
0 0.662109 0.653906 0.174219 0.2 0.00429713
0 0.198047 0.632031 0.141406 0.234375 0.00906646
0 0.221484 0.780078 0.282031 0.407031 0.00947344
0 0.66875 0.475781 0.1875 0.434375 0.0121347
0 0.221094 0.672656 0.226562 0.334375 0.0136447
0 0.716797 0.653516 0.121094 0.186719 0.0161053
0 0.25 0.480078 0.232812 0.517969 0.0246854
0 0.691406 0.683984 0.0984375 0.139844 0.0257871
0 0.701953 0.552734 0.135156 0.344531 0.0693305
0 0.214844 0.567578 0.1875 0.361719 0.227967
