0 0.298047 0.596484 0.0851562 0.110156 0.000100023
0 0.405078 0.276953 0.0710938 0.0757812 0.000101905
0 0.655469 0.597266 0.128125 0.246094 0.000102643
0 0.367969 0.65625 0.321875 0.340625 0.00010482
0 0.258984 0.5625 0.124219 0.303125 0.000111691
0 0.304688 0.488672 0.0703125 0.0992187 0.000112005
0 0.780859 0.682422 0.0867188 0.116406 0.000113847
0 0.828906 0.740234 0.110937 0.175781 0.000115092
0 0.741406 0.385156 0.0765625 0.110937 0.0001161
0 0.446484 0.4125 0.0726563 0.0984375 0.000116202
0 0.340234 0.529688 0.0773437 0.09375 0.000117502
0 0.774219 0.444141 0.0671875 0.102344 0.000119107
0 0.362891 0.385156 0.141406 0.189063 0.000120194
0 0.725781 0.404297 0.078125 0.107031 0.000124567
0 0.795703 0.532422 0.103906 0.227344 0.000129022
0 0.0257812 0.565234 0.0515625 0.157031 0.000130869
0 0.636328 0.43125 0.0617188 0.107813 0.000132758
0 0.7625 0.551172 0.084375 0.0851562 0.000136175
0 0.386719 0.262891 0.08125 0.0664062 0.000139451
0 0.26875 0.634766 0.078125 0.144531 0.000140403
0 0.970703 0.397266 0.0585938 0.730469 0.000144002
0 0.827344 0.609375 0.196875 0.49375 0.000157015
0 0.631641 0.602734 0.210156 0.363281 0.000166688
0 0.412891 0.580469 0.286719 0.345313 0.000168911
0 0.413672 0.43125 0.0835937 0.107813 0.000175205
0 0.821484 0.704297 0.299219 0.438281 0.000176239
0 0.321484 0.510547 0.0804688 0.102344 0.000176858
0 0.335156 0.427734 0.0859375 0.0789063 0.000181517
0 0.739453 0.509375 0.139844 0.190625 0.000185213
0 0.341406 0.592188 0.1375 0.164062 0.00019614
0 0.290234 0.46875 0.0929687 0.185937 0.000196252
0 0.702344 0.327344 0.289062 0.275 0.000205159
0 0.823047 0.850781 0.233594 0.296875 0.000215699
0 0.672656 0.426953 0.126563 0.261719 0.000216223
0 0.763281 0.717969 0.090625 0.101562 0.000219965
0 0.799609 0.775 0.0882813 0.0984375 0.000222188
0 0.453516 0.354297 0.108594 0.203906 0.00022352
0 0.775781 0.489453 0.107813 0.242969 0.000224841
0 0.723047 0.573828 0.139844 0.263281 0.000255097
0 0.364453 0.327734 0.164844 0.197656 0.000275185
0 0.638672 0.410937 0.0851562 0.221875 0.000290139
0 0.297266 0.404687 0.0945313 0.170312 0.000290635
0 0.639453 0.472656 0.0679687 0.11875 0.000293323
0 0.402734 0.664844 0.182031 0.134375 0.000302261
0 0.638672 0.301172 0.116406 0.133594 0.000306995
0 0.31875 0.412109 0.0765625 0.103906 0.000310969
0 0.395703 0.273828 0.110156 0.0992187 0.000314927
0 0.669531 0.711719 0.220313 0.229687 0.000325596
0 0.389062 0.570703 0.142188 0.199219 0.000352112
0 0.722656 0.423828 0.120312 0.172656 0.000366958
0 0.680859 0.264453 0.144531 0.103906 0.000367553
0 0.796094 0.616016 0.11875 0.283594 0.000370535
0 0.660547 0.34375 0.114844 0.203125 0.000383052
0 0.8 0.705469 0.084375 0.1125 0.000383837
0 0.677734 0.656641 0.141406 0.186719 0.000419204
0 0.771875 0.427734 0.090625 0.186719 0.000422622
0 0.310937 0.646875 0.160938 0.146875 0.000436646
0 0.698828 0.488672 0.175781 0.199219 0.000466065
0 0.327344 0.366797 0.117188 0.191406 0.000483645
0 0.427734 0.504687 0.0835937 0.114063 0.000512552
0 0.720312 0.307422 0.14375 0.139844 0.000523145
0 0.760156 0.550781 0.117188 0.207813 0.000523558
0 0.428516 0.639844 0.0820312 0.0796875 0.000541291
0 0.757422 0.427344 0.0742188 0.101562 0.000616764
0 0.744531 0.714063 0.148438 0.153125 0.000657821
0 0.339063 0.428906 0.134375 0.120312 0.00066991
0 0.719531 0.678125 0.145313 0.171875 0.000730373
0 0.423047 0.308594 0.139844 0.182812 0.000852542
0 0.309375 0.448438 0.0859375 0.117188 0.000935589
0 0.386719 0.431641 0.178125 0.177344 0.000990891
0 0.363281 0.632812 0.246875 0.176563 0.0011032
0 0.321875 0.511719 0.117188 0.21875 0.00113104
0 0.787109 0.489062 0.178906 0.50625 0.0011521
0 0.285937 0.601172 0.101562 0.200781 0.00120281
0 0.369531 0.504687 0.148438 0.221875 0.00120708
0 0.427734 0.639063 0.122656 0.121875 0.00143641
0 0.751172 0.398828 0.102344 0.172656 0.0015503
0 0.294531 0.528125 0.121875 0.295312 0.00164298
0 0.760547 0.658203 0.141406 0.222656 0.0017907
0 0.751562 0.438672 0.142188 0.260156 0.00216127
0 0.432031 0.450391 0.084375 0.110156 0.00225811
0 0.801172 0.801172 0.166406 0.235156 0.00228185
0 0.754687 0.766406 0.298438 0.3 0.00256566
0 0.324219 0.439453 0.129688 0.213281 0.00291632
0 0.428906 0.586719 0.142188 0.2625 0.00333299
0 0.658594 0.5125 0.15 0.382812 0.00337334
0 0.446094 0.514453 0.128125 0.321094 0.00363032
0 0.324609 0.585938 0.188281 0.253125 0.00381899
0 0.8 0.736719 0.117188 0.123438 0.00457305
0 0.392969 0.402734 0.201562 0.352344 0.00632899
0 0.648828 0.474609 0.102344 0.236719 0.00635553
0 0.791797 0.695312 0.142969 0.185937 0.00769451
0 0.691406 0.630859 0.226562 0.288281 0.00865529
0 0.438672 0.452344 0.103906 0.185937 0.00927656
0 0.691406 0.366016 0.151562 0.267969 0.0121472
0 0.759375 0.607422 0.185937 0.369531 0.0135828
0 0.774609 0.749219 0.183594 0.192188 0.0156717
0 0.674219 0.292578 0.110937 0.108594 0.032497
0 0.732031 0.691406 0.242188 0.232812 0.0462402
0 0.368359 0.516406 0.230469 0.321875 0.0552047
0 0.71875 0.515625 0.232812 0.523438 0.134171
0 0.409766 0.480469 0.146094 0.23125 0.144227
