0 0.703125 0.620313 0.109375 0.198437 0.000100463
0 0.447266 0.788281 0.407031 0.410937 0.00010191
0 0.714063 0.285547 0.0453125 0.0476562 0.000104627
0 0.880469 0.677734 0.109375 0.210156 0.000105577
0 0.680078 0.632812 0.194531 0.339063 0.000106229
0 0.116406 0.776172 0.232812 0.447656 0.000109734
0 0.741406 0.598047 0.128125 0.255469 0.000112404
0 0.446484 0.554297 0.102344 0.241406 0.000113181
0 0.833984 0.532031 0.0773437 0.117188 0.000114259
0 0.0640625 0.603516 0.128125 0.786719 0.000115852
0 0.340625 0.551953 0.107813 0.252344 0.000119564
0 0.415625 0.556641 0.290625 0.416406 0.000121444
0 0.885156 0.738672 0.06875 0.0992187 0.000124662
0 0.517578 0.559766 0.300781 0.694531 0.000125975
0 0.304688 0.553516 0.1 0.233594 0.000127887
0 0.709375 0.522656 0.195312 0.423438 0.000128986
0 0.227344 0.0734375 0.423438 0.146875 0.000134103
0 0.435156 0.246875 0.417188 0.49375 0.00014649
0 0.860937 0.490625 0.159375 0.203125 0.000147495
0 0.767187 0.448438 0.0953125 0.16875 0.000154598
0 0.926953 0.0792969 0.146094 0.158594 0.00015723
0 0.305859 0.726562 0.178906 0.167187 0.000158679
0 0.725 0.132812 0.535937 0.265625 0.000164509
0 0.384766 0.305469 0.0398437 0.05625 0.000167186
0 0.791406 0.490625 0.0828125 0.1125 0.000171917
0 0.676172 0.700391 0.291406 0.508594 0.000173807
0 0.764453 0.545703 0.0632813 0.0851562 0.000179883
0 0.773438 0.385938 0.059375 0.0859375 0.000180021
0 0.317578 0.485156 0.110156 0.210938 0.000191766
0 0.783984 0.404687 0.0726563 0.126563 0.000194132
0 0.271484 0.122656 0.519531 0.240625 0.000194344
0 0.387109 0.707812 0.227344 0.18125 0.000194773
0 0.841406 0.595312 0.101562 0.203125 0.000197822
0 0.783203 0.597266 0.142969 0.211719 0.000199246
0 0.351562 0.485938 0.151562 0.328125 0.000201976
0 0.924609 0.292969 0.146094 0.585938 0.00021013
0 0.925 0.478516 0.135937 0.322656 0.000210515
0 0.389062 0.596875 0.126563 0.235938 0.000224914
0 0.269922 0.691406 0.133594 0.220313 0.000228626
0 0.805078 0.546484 0.0835937 0.0992187 0.000230056
0 0.801172 0.0746094 0.397656 0.149219 0.000230802
0 0.439063 0.385938 0.240625 0.414062 0.000241677
0 0.789062 0.448047 0.0734375 0.102344 0.000243791
0 0.78125 0.403906 0.109375 0.18125 0.000259339
0 0.887109 0.40625 0.130469 0.279687 0.000264233
0 0.762109 0.381641 0.0398437 0.0617188 0.000271512
0 0.383203 0.382422 0.355469 0.575781 0.000281663
0 0.699219 0.30625 0.0625 0.0796875 0.000283718
0 0.321484 0.638281 0.132031 0.201562 0.00029188
0 0.753125 0.683594 0.298438 0.332812 0.000301583
0 0.292188 0.614062 0.128125 0.290625 0.000304962
0 0.537891 0.629687 0.477344 0.740625 0.000335683
0 0.767578 0.489062 0.128906 0.192188 0.000335932
0 0.80625 0.428906 0.0671875 0.10625 0.000416584
0 0.834766 0.450781 0.105469 0.217187 0.00043359
0 0.441016 0.671094 0.128906 0.15625 0.000457328
0 0.858203 0.128125 0.283594 0.25625 0.000462276
0 0.856641 0.713672 0.133594 0.152344 0.000490803
0 0.765234 0.531641 0.0929687 0.116406 0.000526797
0 0.74375 0.389062 0.28125 0.41875 0.000690049
0 0.432031 0.528125 0.146875 0.382812 0.000696022
0 0.780859 0.692969 0.205469 0.173438 0.000700984
0 0.427344 0.653125 0.0828125 0.110937 0.000718811
0 0.883594 0.516406 0.2 0.442187 0.000777121
0 0.367969 0.64375 0.292188 0.292188 0.000965064
0 0.819141 0.508594 0.0710938 0.11875 0.0010301
0 0.805078 0.291797 0.389844 0.583594 0.00109925
0 0.805469 0.430859 0.0859375 0.172656 0.00111266
0 0.785156 0.530078 0.109375 0.160156 0.00127052
0 0.833594 0.530078 0.101562 0.221094 0.00128468
0 0.330469 0.565625 0.173438 0.334375 0.00136917
0 0.709766 0.676562 0.139844 0.16875 0.00138381
0 0.331641 0.675781 0.207031 0.201562 0.0018247
0 0.784375 0.555078 0.301562 0.477344 0.00185868
0 0.864062 0.389844 0.217187 0.448438 0.00188192
0 0.842969 0.644922 0.15625 0.266406 0.00229192
0 0.817578 0.473047 0.0648438 0.111719 0.00245631
0 0.808594 0.426953 0.176563 0.302344 0.00248867
0 0.764063 0.475391 0.192188 0.316406 0.00253939
0 0.429688 0.619531 0.125 0.220313 0.00335982
0 0.749219 0.645703 0.185937 0.224219 0.00520278
0 0.392188 0.648047 0.185937 0.191406 0.00971268
0 0.795313 0.607422 0.196875 0.317969 0.0148571
0 0.811719 0.485938 0.0953125 0.203125 0.0155617
0 0.807422 0.540234 0.136719 0.324219 0.0208867
