0 0.761328 0.348437 0.149219 0.260938 0.000100268
0 0.345313 0.552344 0.15 0.209375 0.000100944
0 0.343359 0.408594 0.125781 0.20625 0.000101429
0 0.877734 0.203906 0.236719 0.401563 0.00010193
0 0.683984 0.609766 0.221094 0.378906 0.000102364
0 0.384375 0.31875 0.0796875 0.096875 0.000102565
0 0.0214844 0.523828 0.0414063 0.461719 0.000104559
0 0.746094 0.486328 0.18125 0.203906 0.00010607
0 0.264453 0.673828 0.0929687 0.132031 0.000109043
0 0.3625 0.467578 0.15 0.249219 0.000109966
0 0.930469 0.126172 0.139062 0.252344 0.000114049
0 0.670703 0.353516 0.182031 0.414844 0.000117159
0 0.702344 0.465625 0.135937 0.173438 0.000120136
0 0.431641 0.199609 0.174219 0.280469 0.000122778
0 0.957422 0.516797 0.0835937 0.580469 0.000124606
0 0.575391 0.0378906 0.269531 0.0757812 0.000131609
0 0.791016 0.223438 0.330469 0.382812 0.000132678
0 0.191016 0.0675781 0.374219 0.135156 0.000134011
0 0.870703 0.0644531 0.258594 0.127344 0.000135322
0 0.469531 0.133984 0.251563 0.252344 0.000135429
0 0.744922 0.575781 0.180469 0.210938 0.000141605
0 0.544141 0.195312 0.275781 0.3625 0.000146927
0 0.138281 0.130469 0.265625 0.260938 0.000151641
0 0.792578 0.113281 0.377344 0.226562 0.000163077
0 0.975781 0.516406 0.0484375 0.435937 0.000165382
0 0.696094 0.141016 0.234375 0.228906 0.000183932
0 0.719141 0.211328 0.0710938 0.0882813 0.000189173
0 0.556641 0.0625 0.332031 0.125 0.000195614
0 0.7125 0.0597656 0.36875 0.119531 0.000195836
0 0.723047 0.405078 0.139844 0.224219 0.000197011
0 0.453516 0.396484 0.239844 0.564844 0.000199956
0 0.710547 0.644141 0.180469 0.238281 0.000201496
0 0.373828 0.24375 0.188281 0.270312 0.000202007
0 0.759375 0.636719 0.145313 0.19375 0.000206915
0 0.797656 0.371875 0.123438 0.246875 0.000216647
0 0.626172 0.105469 0.289844 0.210938 0.000221363
0 0.698047 0.208594 0.146094 0.1625 0.000222973
0 0.721875 0.324219 0.140625 0.265625 0.000228246
0 0.356641 0.663672 0.242969 0.199219 0.000238794
0 0.802734 0.428125 0.0851562 0.115625 0.000245119
0 0.365625 0.344531 0.142188 0.225 0.000245891
0 0.410937 0.600391 0.21875 0.283594 0.000264472
0 0.424609 0.557813 0.300781 0.428125 0.000265382
0 0.280469 0.645703 0.13125 0.192969 0.000268985
0 0.799219 0.596484 0.164062 0.205469 0.000281575
0 0.781641 0.53125 0.146094 0.276563 0.000289247
0 0.837109 0.641797 0.163281 0.250781 0.000344491
0 0.740234 0.227734 0.147656 0.197656 0.000405201
0 0.295703 0.475391 0.261719 0.561719 0.00055042
0 0.385156 0.301172 0.132812 0.161719 0.000570855
0 0.817969 0.602344 0.2875 0.501562 0.000624148
0 0.714453 0.522266 0.207031 0.357031 0.00064121
0 0.692578 0.451172 0.252344 0.607031 0.000853952
0 0.691016 0.282422 0.153906 0.241406 0.000945876
0 0.313672 0.612109 0.189844 0.255469 0.00104211
0 0.410547 0.303125 0.186719 0.320312 0.00123468
0 0.715234 0.236328 0.100781 0.141406 0.00191983
0 0.812891 0.430469 0.105469 0.196875 0.00197737
0 0.369141 0.367188 0.192969 0.354688 0.00222934
0 0.352344 0.553516 0.235938 0.352344 0.00241337
0 0.772656 0.636328 0.239063 0.261719 0.00277766
0 0.764063 0.428906 0.18125 0.204688 0.00408896
0 0.824609 0.525391 0.160156 0.405469 0.00472367
0 0.734766 0.341797 0.208594 0.375781 0.00898838
0 0.797656 0.442578 0.15 0.299219 0.0196835
0 0.763672 0.475781 0.230469 0.525 0.297078
0 0.378906 0.432422 0.257812 0.574219 0.447598
