0 0.738281 0.489062 0.0875 0.107813 0.000103363
0 0.596094 0.195312 0.115625 0.154687 0.00010429
0 0.736719 0.385547 0.104687 0.217969 0.000106893
0 0.195312 0.340234 0.0859375 0.105469 0.000107697
0 0.298047 0.317578 0.192969 0.199219 0.000107916
0 0.719141 0.261328 0.0601562 0.0773437 0.000114026
0 0.615625 0.530469 0.139062 0.248437 0.000114112
0 0.260156 0.239453 0.08125 0.0929687 0.000123191
0 0.682031 0.573828 0.142188 0.213281 0.000123879
0 0.214062 0.40625 0.15625 0.198437 0.000126267
0 0.228516 0.634375 0.324219 0.246875 0.000131953
0 0.700781 0.257812 0.0984375 0.120312 0.000142223
0 0.733203 0.285547 0.0648438 0.0914062 0.000143203
0 0.282813 0.279687 0.14375 0.160938 0.000145325
0 0.753516 0.468359 0.0914062 0.188281 0.000151626
0 0.119141 0.582812 0.0929687 0.110937 0.000153576
0 0.753516 0.572656 0.128906 0.289062 0.00015754
0 0.313281 0.459766 0.307813 0.453906 0.000177165
0 0.739062 0.655078 0.125 0.141406 0.000179953
0 0.676562 0.467578 0.176563 0.182031 0.000180006
0 0.781641 0.519922 0.174219 0.453906 0.000182052
0 0.605078 0.543359 0.314844 0.452344 0.00018828
0 0.222656 0.258984 0.11875 0.146094 0.000192302
0 0.595703 0.283594 0.147656 0.235938 0.000198201
0 0.321094 0.116016 0.265625 0.152344 0.000219286
0 0.242188 0.194531 0.35 0.3 0.000227742
0 0.720703 0.278516 0.0882813 0.135156 0.000229202
0 0.334766 0.310547 0.196094 0.333594 0.000238775
0 0.112891 0.455078 0.138281 0.408594 0.00024919
0 0.722266 0.312891 0.121094 0.210156 0.00028941
0 0.307031 0.301562 0.295312 0.45 0.000363644
0 0.6 0.607422 0.190625 0.228906 0.000371111
0 0.135937 0.553516 0.0890625 0.0929687 0.000390021
0 0.745313 0.59375 0.29375 0.409375 0.000415754
0 0.339063 0.144141 0.175 0.167969 0.00043256
0 0.653906 0.315234 0.2125 0.364844 0.000432617
0 0.239453 0.301172 0.185156 0.185156 0.000456744
0 0.721875 0.451953 0.129688 0.247656 0.000457464
0 0.132812 0.360938 0.215625 0.617188 0.000497295
0 0.174609 0.495313 0.294531 0.395312 0.000500502
0 0.712891 0.366016 0.166406 0.347656 0.000544802
0 0.632422 0.223828 0.167969 0.228906 0.000547652
0 0.261328 0.2375 0.144531 0.151562 0.000555543
0 0.678906 0.244922 0.170312 0.216406 0.000567613
0 0.125 0.523438 0.121875 0.210938 0.000595121
0 0.265625 0.0570313 0.453125 0.114063 0.000598111
0 0.277344 0.115625 0.392188 0.221875 0.000790274
0 0.719531 0.533594 0.140625 0.259375 0.000834063
0 0.719922 0.632812 0.188281 0.23125 0.000949802
0 0.324219 0.462109 0.1875 0.347656 0.0010479
0 0.623047 0.487891 0.192969 0.402344 0.00106499
0 0.197266 0.345313 0.130469 0.223438 0.00109089
0 0.144141 0.556641 0.130469 0.135156 0.00117173
0 0.194922 0.559375 0.253906 0.198437 0.00119073
0 0.304297 0.556641 0.183594 0.213281 0.00121333
0 0.745703 0.410937 0.199219 0.554688 0.00122254
0 0.2375 0.28125 0.24375 0.301562 0.00137517
0 0.744922 0.447266 0.122656 0.385156 0.00183054
0 0.175781 0.403906 0.13125 0.278125 0.00317177
0 0.289844 0.240625 0.217187 0.264062 0.00319724
0 0.263281 0.523047 0.279687 0.286719 0.00444663
0 0.151953 0.493359 0.153906 0.296094 0.00551935
0 0.662891 0.584766 0.264844 0.300781 0.00738188
0 0.717188 0.51875 0.1875 0.415625 0.0270599
0 0.177734 0.400781 0.196094 0.409375 0.0529038
0 0.234375 0.383984 0.30625 0.522656 0.307785
0 0.675391 0.442578 0.263281 0.577344 0.347415
