0 0.939453 0.223438 0.121094 0.407813 0.000101035
0 0.389844 0.596094 0.0875 0.104687 0.000101129
0 0.264453 0.324219 0.0695312 0.0984375 0.000102034
0 0.371094 0.742578 0.304688 0.322656 0.000103132
0 0.719141 0.596875 0.0867188 0.10625 0.000104625
0 0.242188 0.472266 0.071875 0.116406 0.000104728
0 0.0359375 0.0753906 0.071875 0.150781 0.000104922
0 0.388672 0.208594 0.142969 0.1625 0.000106199
0 0.0265625 0.362891 0.0515625 0.242969 0.000111654
0 0.257422 0.492578 0.0773437 0.103906 0.000111916
0 0.322656 0.61875 0.0828125 0.084375 0.000113178
0 0.6625 0.438281 0.159375 0.329688 0.000113447
0 0.829687 0.682422 0.11875 0.216406 0.000115996
0 0.294922 0.383984 0.117969 0.189844 0.000117315
0 0.257812 0.424219 0.078125 0.1 0.000119063
0 0.528125 0.783594 0.453125 0.432813 0.000119787
0 0.349609 0.472656 0.0773437 0.084375 0.000121957
0 0.263672 0.552344 0.0695312 0.0984375 0.000122398
0 0.658984 0.237109 0.0882813 0.108594 0.000125759
0 0.289062 0.239844 0.217187 0.271875 0.000128516
0 0.813672 0.448438 0.0726563 0.179688 0.00012914
0 0.713281 0.2 0.0765625 0.090625 0.00013893
0 0.219531 0.520312 0.10625 0.29375 0.000141792
0 0.959375 0.149219 0.08125 0.298438 0.000145663
0 0.437891 0.216797 0.0773437 0.103906 0.000146012
0 0.822656 0.441797 0.0953125 0.322656 0.000148497
0 0.386719 0.46875 0.1125 0.19375 0.000151933
0 0.0746094 0.532422 0.149219 0.655469 0.000152946
0 0.741797 0.342187 0.128906 0.185937 0.000156299
0 0.426953 0.534375 0.111719 0.201562 0.000159916
0 0.697266 0.182031 0.164844 0.146875 0.000163412
0 0.682813 0.576172 0.120312 0.203906 0.000174269
0 0.220313 0.111719 0.41875 0.221875 0.000174474
0 0.801172 0.429297 0.0710938 0.114844 0.000175211
0 0.26875 0.305859 0.096875 0.149219 0.000175529
0 0.312109 0.245703 0.169531 0.167969 0.000176647
0 0.369141 0.316797 0.155469 0.200781 0.000179108
0 0.405078 0.676562 0.0820312 0.114063 0.000184974
0 0.676172 0.275781 0.147656 0.226562 0.000185135
0 0.814844 0.3875 0.071875 0.178125 0.000185241
0 0.0496094 0.310937 0.0992187 0.36875 0.00018736
0 0.643359 0.239844 0.132031 0.1625 0.000188424
0 0.24375 0.388281 0.325 0.553125 0.000188563
0 0.972266 0.476953 0.0554687 0.378906 0.000192013
0 0.324219 0.552734 0.134375 0.277344 0.000197291
0 0.954687 0.601953 0.090625 0.680469 0.000200206
0 0.0980469 0.348437 0.196094 0.679688 0.00020615
0 0.68125 0.632031 0.298438 0.39375 0.000207419
0 0.261719 0.386719 0.0765625 0.104687 0.000207478
0 0.764844 0.510156 0.121875 0.239063 0.000224248
0 0.694922 0.216797 0.0835937 0.110156 0.000230102
0 0.760547 0.280078 0.128906 0.192969 0.000237017
0 0.0171875 0.321875 0.0328125 0.248437 0.000247524
0 0.931641 0.114453 0.135156 0.228906 0.000252486
0 0.0257812 0.438281 0.0484375 0.520312 0.000259899
0 0.129297 0.148828 0.253906 0.297656 0.0002656
0 0.346875 0.46875 0.10625 0.126563 0.000267643
0 0.510156 0.535547 0.321875 0.674219 0.000273478
0 0.758594 0.577734 0.140625 0.202344 0.000275853
0 0.387891 0.714063 0.139844 0.164062 0.000279255
0 0.422656 0.737109 0.132812 0.149219 0.000283174
0 0.275391 0.467969 0.117969 0.201562 0.000292331
0 0.116797 0.078125 0.228906 0.15625 0.000307207
0 0.251172 0.627344 0.292969 0.4125 0.000313061
0 0.659766 0.523828 0.210156 0.536719 0.00032568
0 0.374609 0.189453 0.210156 0.242969 0.000345411
0 0.785156 0.426172 0.090625 0.164844 0.000366575
0 0.849219 0.377734 0.198437 0.611719 0.000372035
0 0.383984 0.260156 0.0914062 0.107813 0.000392499
0 0.0375 0.148828 0.071875 0.297656 0.000412382
0 0.423828 0.221875 0.111719 0.146875 0.000430633
0 0.777734 0.343359 0.105469 0.216406 0.000433382
0 0.421484 0.297656 0.133594 0.234375 0.00044203
0 0.826953 0.5625 0.121094 0.457812 0.000446701
0 0.947266 0.377734 0.102344 0.755469 0.000536819
0 0.0667969 0.114453 0.130469 0.224219 0.000549573
0 0.732031 0.0828125 0.389062 0.165625 0.000549579
0 0.262891 0.552734 0.0929687 0.227344 0.000553106
0 0.345313 0.638281 0.139062 0.154687 0.000555877
0 0.424219 0.597266 0.120312 0.207031 0.000569009
0 0.855078 0.0882813 0.289844 0.176563 0.000571434
0 0.322266 0.188281 0.319531 0.329688 0.000581251
0 0.262891 0.385156 0.0976562 0.167187 0.000591643
0 0.254687 0.683594 0.103125 0.21875 0.000592916
0 0.360938 0.706641 0.210938 0.227344 0.000597419
0 0.194141 0.207813 0.374219 0.407813 0.000621255
0 0.8 0.597266 0.104687 0.264844 0.000629304
0 0.89375 0.185156 0.20625 0.370313 0.00076257
0 0.301953 0.616797 0.128906 0.211719 0.00076332
0 0.711328 0.220703 0.127344 0.149219 0.000794731
0 0.669141 0.149219 0.321094 0.290625 0.000861952
0 0.326562 0.294531 0.167187 0.189063 0.00086461
0 0.391406 0.573828 0.13125 0.263281 0.000864659
0 0.800781 0.489453 0.0921875 0.269531 0.00087676
0 0.416016 0.627734 0.292969 0.372656 0.000893706
0 0.970703 0.479688 0.0585938 0.709375 0.00089753
0 0.446484 0.642578 0.149219 0.324219 0.000902069
0 0.046875 0.398438 0.0921875 0.796875 0.000911408
0 0.695703 0.666016 0.158594 0.213281 0.000981328
0 0.281641 0.315625 0.141406 0.21875 0.00101404
0 0.242969 0.470313 0.0953125 0.23125 0.00108076
0 0.682422 0.364062 0.217969 0.41875 0.0011175
0 0.718359 0.597656 0.133594 0.192188 0.00112268
0 0.8 0.402344 0.096875 0.26875 0.00120463
0 0.0292969 0.26875 0.0570313 0.492188 0.00136698
0 0.450391 0.561719 0.177344 0.604688 0.00145963
0 0.315625 0.392578 0.220313 0.372656 0.00171405
0 0.696484 0.571094 0.177344 0.315625 0.00178105
0 0.76875 0.400391 0.145313 0.367969 0.00199192
0 0.267969 0.399219 0.126563 0.278125 0.00199493
0 0.421484 0.675391 0.127344 0.213281 0.00202424
0 0.0671875 0.216016 0.134375 0.432031 0.0020243
0 0.794141 0.646484 0.155469 0.232031 0.00206387
0 0.248047 0.48125 0.124219 0.373437 0.00297276
0 0.413672 0.371094 0.155469 0.43125 0.00321429
0 0.792188 0.150781 0.40625 0.301562 0.00324917
0 0.767969 0.564062 0.173438 0.357812 0.00363487
0 0.263672 0.621094 0.127344 0.296875 0.00410263
0 0.364453 0.274219 0.275781 0.28125 0.00435055
0 0.351562 0.261328 0.132812 0.136719 0.00478399
0 0.736328 0.290234 0.214844 0.271094 0.00559136
0 0.719531 0.228516 0.357812 0.307031 0.00605269
0 0.798437 0.478906 0.1375 0.5125 0.00730674
0 0.321484 0.653516 0.203906 0.232031 0.00806613
0 0.279297 0.5125 0.196094 0.503125 0.00936267
0 0.41875 0.542969 0.146875 0.426562 0.0179792
0 0.696094 0.233594 0.215625 0.189063 0.0182338
0 0.735156 0.631641 0.204688 0.238281 0.0196881
0 0.385547 0.639063 0.183594 0.270312 0.0356141
0 0.732422 0.455078 0.227344 0.567969 0.0494516
0 0.344141 0.468359 0.283594 0.594531 0.0856683
0 0.382031 0.258203 0.179688 0.197656 0.0921896
