0 0.892187 0.319922 0.08125 0.102344 0.000103564
0 0.374609 0.670313 0.361719 0.360938 0.000105775
0 0.947266 0.672656 0.100781 0.171875 0.000106921
0 0.941016 0.386719 0.108594 0.195312 0.000110392
0 0.296875 0.205859 0.40625 0.311719 0.000110766
0 0.423438 0.342578 0.179688 0.169531 0.000112397
0 0.503516 0.642187 0.147656 0.175 0.000112734
0 0.644531 0.858984 0.429688 0.253906 0.000112756
0 0.318359 0.853516 0.297656 0.292969 0.000112768
0 0.347266 0.610547 0.242969 0.161719 0.000115223
0 0.3625 0.869141 0.148438 0.235156 0.000116643
0 0.327344 0.910937 0.0890625 0.139062 0.000120272
0 0.263672 0.473437 0.0882813 0.107813 0.000121689
0 0.433984 0.446875 0.138281 0.223438 0.000122127
0 0.74375 0.440234 0.189063 0.325781 0.000122561
0 0.981641 0.612891 0.0367187 0.203906 0.000124356
0 0.410937 0.193359 0.159375 0.160156 0.00012602
0 0.323047 0.406641 0.133594 0.139844 0.000127079
0 0.866797 0.533594 0.207031 0.214062 0.000127247
0 0.866406 0.576953 0.145313 0.203906 0.000129769
0 0.472656 0.842188 0.371875 0.315625 0.000129941
0 0.964844 0.732422 0.0671875 0.471094 0.000130492
0 0.641406 0.614062 0.353125 0.41875 0.000131624
0 0.309375 0.671484 0.285937 0.221094 0.000132507
0 0.322656 0.494141 0.195312 0.199219 0.000132696
0 0.824219 0.427734 0.195312 0.185156 0.000135393
0 0.741016 0.553906 0.139844 0.246875 0.000136309
0 0.0328125 0.441016 0.065625 0.682031 0.000140347
0 0.385156 0.932422 0.109375 0.130469 0.000140587
0 0.713281 0.561719 0.198437 0.360938 0.00014445
0 0.898047 0.187109 0.203906 0.319531 0.000151207
0 0.278516 0.489844 0.117969 0.16875 0.00015362
0 0.450391 0.592188 0.0882813 0.114063 0.000156861
0 0.328125 0.322266 0.232812 0.402344 0.000160663
0 0.498828 0.544531 0.325781 0.4375 0.000169994
0 0.633984 0.932813 0.149219 0.0953125 0.000173014
0 0.363281 0.425 0.221875 0.173438 0.000173839
0 0.290625 0.403516 0.19375 0.339844 0.000176881
0 0.366797 0.569922 0.141406 0.136719 0.000177164
0 0.717578 0.933203 0.180469 0.0992187 0.000184413
0 0.686328 0.911328 0.364844 0.150781 0.000185755
0 0.945703 0.532812 0.107031 0.2 0.000190572
0 0.0605469 0.617578 0.121094 0.764844 0.000203782
0 0.967969 0.676172 0.0640625 0.242969 0.000205535
0 0.626172 0.527734 0.433594 0.692969 0.000220748
0 0.845312 0.344531 0.245312 0.204688 0.000229964
0 0.821484 0.596094 0.144531 0.1875 0.000232039
0 0.952734 0.846484 0.0945313 0.307031 0.000241346
0 0.887891 0.445703 0.158594 0.191406 0.000255634
0 0.447266 0.517578 0.0773437 0.0929687 0.000257934
0 0.238672 0.583984 0.183594 0.217969 0.000260618
0 0.390234 0.65 0.230469 0.146875 0.000268123
0 0.398047 0.865234 0.258594 0.269531 0.000270042
0 0.951953 0.399219 0.0960938 0.417188 0.000289731
0 0.458203 0.359766 0.228906 0.497656 0.000299956
0 0.885938 0.669922 0.2125 0.169531 0.000308743
0 0.2625 0.460156 0.323438 0.490625 0.000323814
0 0.437109 0.233203 0.185156 0.235156 0.000334426
0 0.779688 0.574219 0.140625 0.223438 0.000356796
0 0.889453 0.635156 0.142969 0.160938 0.000367345
0 0.282031 0.567578 0.135937 0.132031 0.000369654
0 0.736328 0.651172 0.182031 0.214844 0.000388176
0 0.410547 0.512891 0.174219 0.191406 0.00039498
0 0.446875 0.551172 0.0828125 0.110156 0.000414171
0 0.3875 0.318359 0.167187 0.138281 0.000463423
0 0.818359 0.665234 0.322656 0.239844 0.00047701
0 0.444141 0.630859 0.152344 0.155469 0.000483871
0 0.464453 0.490234 0.127344 0.246094 0.000484354
0 0.891016 0.321484 0.130469 0.188281 0.000620136
0 0.782031 0.352734 0.253125 0.446094 0.000648348
0 0.808984 0.246484 0.322656 0.330469 0.000661512
0 0.911328 0.574609 0.149219 0.228906 0.000733819
0 0.926953 0.447656 0.133594 0.257812 0.000753196
0 0.323828 0.554297 0.130469 0.105469 0.000805191
0 0.473828 0.601172 0.125781 0.185156 0.000957265
0 0.889063 0.383984 0.154687 0.177344 0.00104617
0 0.280859 0.528516 0.182031 0.228906 0.00120835
0 0.960156 0.604297 0.0796875 0.238281 0.00141287
0 0.419531 0.297266 0.2375 0.328906 0.00152458
0 0.953906 0.522266 0.0921875 0.361719 0.00171972
0 0.447266 0.535547 0.111719 0.164844 0.00175742
0 0.464453 0.485938 0.167969 0.398438 0.0022192
0 0.927734 0.63125 0.144531 0.2125 0.00225985
0 0.775 0.516406 0.253125 0.496875 0.00229242
0 0.923437 0.360547 0.146875 0.297656 0.00248616
0 0.326562 0.480859 0.282813 0.341406 0.00282584
0 0.778125 0.605859 0.228125 0.258594 0.00302276
0 0.323828 0.557813 0.202344 0.167187 0.00309145
0 0.872656 0.316016 0.242188 0.352344 0.0062564
0 0.440234 0.557813 0.164844 0.23125 0.0162755
0 0.874609 0.607422 0.250781 0.264844 0.0194319
0 0.378906 0.542578 0.28125 0.264844 0.0196158
0 0.914453 0.464453 0.171094 0.477344 0.0288464
0 0.844531 0.4375 0.310937 0.604688 0.132023
0 0.371094 0.409375 0.332812 0.570312 0.160046
