0 0.655859 0.0191406 0.214844 0.0367187 0.000100441
0 0.319922 0.533984 0.0835937 0.0914062 0.000104093
0 0.739453 0.384766 0.127344 0.210156 0.000104481
0 0.238672 0.251172 0.235156 0.244531 0.000104948
0 0.244141 0.529688 0.0867188 0.09375 0.000109254
0 0.981641 0.559766 0.0367187 0.392969 0.000109379
0 0.345313 0.420312 0.1125 0.195312 0.000110084
0 0.185937 0.353516 0.0640625 0.0867188 0.000118352
0 0.838672 0.407031 0.0992187 0.160938 0.000118428
0 0.84375 0.536719 0.0921875 0.10625 0.00012164
0 0.0496094 0.434375 0.0992187 0.498437 0.000121744
0 0.977344 0.271484 0.0453125 0.410156 0.000135476
0 0.654297 0.446094 0.135156 0.225 0.000137739
0 0.0234375 0.398828 0.046875 0.383594 0.000139826
0 0.70625 0.0785156 0.346875 0.157031 0.000139978
0 0.1375 0.0558594 0.264062 0.111719 0.000140741
0 0.782031 0.535547 0.0890625 0.103906 0.000145914
0 0.948047 0.479297 0.100781 0.455469 0.00015299
0 0.156641 0.590625 0.0726563 0.0921875 0.000157558
0 0.0292969 0.477734 0.0585938 0.641406 0.000159979
0 0.228516 0.405859 0.0835937 0.0898438 0.000166354
0 0.339063 0.529688 0.126563 0.128125 0.000172838
0 0.875391 0.0296875 0.249219 0.059375 0.000179735
0 0.785937 0.580078 0.0796875 0.0804688 0.000183621
0 0.696875 0.587891 0.110937 0.108594 0.000185418
0 0.649609 0.364453 0.136719 0.249219 0.000185912
0 0.644531 0.0460938 0.314063 0.0921875 0.000195431
0 0.846094 0.600781 0.226562 0.165625 0.000197706
0 0.1875 0.461719 0.271875 0.404687 0.000198615
0 0.721875 0.553125 0.128125 0.145313 0.000199947
0 0.325 0.360938 0.084375 0.0953125 0.000208549
0 0.201562 0.443359 0.090625 0.111719 0.000209873
0 0.790625 0.0503906 0.392188 0.0976562 0.000215626
0 0.182812 0.966406 0.28125 0.065625 0.000216165
0 0.204688 0.333203 0.142188 0.182031 0.000222978
0 0.898828 0.532812 0.108594 0.229687 0.000235283
0 0.722266 0.323438 0.169531 0.170312 0.000239448
0 0.726953 0.03125 0.308594 0.0625 0.000246226
0 0.8 0.363672 0.15 0.133594 0.000248433
0 0.319922 0.471484 0.155469 0.197656 0.000262114
0 0.287891 0.264453 0.164844 0.150781 0.000267305
0 0.382812 0.522656 0.165625 0.178125 0.000276159
0 0.575781 0.0179687 0.220313 0.0359375 0.000277798
0 0.366797 0.35 0.164844 0.2375 0.000303423
0 0.874219 0.452734 0.13125 0.319531 0.00032708
0 0.270703 0.58125 0.272656 0.179688 0.000342307
0 0.755078 0.264062 0.125781 0.176563 0.000347049
0 0.307813 0.341016 0.08125 0.0867188 0.00034816
0 0.278516 0.548437 0.0898438 0.0671875 0.000369595
0 0.842578 0.410547 0.146094 0.277344 0.000372293
0 0.761328 0.471094 0.160156 0.201562 0.000375776
0 0.337109 0.325391 0.0898438 0.100781 0.000383765
0 0.806641 0.399219 0.282031 0.51875 0.000404673
0 0.975391 0.436719 0.0492188 0.429688 0.000410896
0 0.602734 0.0289063 0.280469 0.0578125 0.000436289
0 0.339063 0.315234 0.271875 0.313281 0.000450595
0 0.866016 0.571094 0.0929687 0.101562 0.000461431
0 0.163281 0.560547 0.1 0.153906 0.000475291
0 0.617578 0.31875 0.144531 0.220313 0.000489523
0 0.238281 0.510938 0.142188 0.16875 0.000506447
0 0.341797 0.549219 0.196094 0.159375 0.000514748
0 0.341797 0.385938 0.0976562 0.101562 0.0005365
0 0.761719 0.34375 0.142188 0.135937 0.000551761
0 0.802734 0.492969 0.149219 0.23125 0.000578305
0 0.657812 0.25 0.185937 0.198437 0.000672012
0 0.320703 0.287891 0.0882813 0.102344 0.00069154
0 0.737109 0.580859 0.185156 0.142969 0.000726986
0 0.322656 0.357031 0.11875 0.1375 0.000751653
0 0.230469 0.407813 0.139062 0.170312 0.000820976
0 0.822656 0.564453 0.0921875 0.0867188 0.000877865
0 0.678516 0.537109 0.177344 0.213281 0.000915901
0 0.898047 0.591016 0.0976562 0.114844 0.000953234
0 0.657031 0.394141 0.2 0.389844 0.000977121
0 0.844141 0.510938 0.142969 0.220313 0.000991532
0 0.345703 0.276563 0.153906 0.167187 0.00129483
0 0.282031 0.533594 0.13125 0.104687 0.00138629
0 0.772266 0.330078 0.180469 0.225781 0.0019481
0 0.339844 0.431641 0.209375 0.352344 0.00216433
0 0.238281 0.545703 0.204688 0.150781 0.00227178
0 0.801953 0.568359 0.302344 0.255469 0.00232511
0 0.198047 0.371875 0.0914062 0.115625 0.00240377
0 0.248437 0.322656 0.2 0.225 0.00264495
0 0.786328 0.566016 0.117969 0.0945313 0.0029184
0 0.307813 0.319922 0.11875 0.138281 0.00339293
0 0.703906 0.314453 0.240625 0.314844 0.00397133
0 0.298047 0.522656 0.182031 0.153125 0.00441588
0 0.746484 0.523828 0.205469 0.203906 0.00465868
0 0.196875 0.502734 0.153125 0.250781 0.00506924
0 0.825 0.554688 0.14375 0.114063 0.00608539
0 0.874609 0.566797 0.142969 0.149219 0.00662018
0 0.200391 0.407813 0.103906 0.129688 0.00908593
0 0.739062 0.442187 0.276563 0.382812 0.0146691
0 0.269922 0.506641 0.249219 0.236719 0.0159462
0 0.316406 0.314453 0.15625 0.210156 0.0177077
0 0.199609 0.438281 0.128906 0.214062 0.0264845
0 0.795313 0.489062 0.245312 0.282813 0.0297226
0 0.23125 0.435547 0.182812 0.294531 0.0336725
0 0.816016 0.553125 0.221094 0.164062 0.0665829
0 0.276563 0.398438 0.273438 0.41875 0.194684
