0 0.713672 0.236328 0.0632813 0.0914062 0.000102032
0 0.319922 0.554297 0.0867188 0.114844 0.000102663
0 0.671875 0.257812 0.0359375 0.0640625 0.000105659
0 0.640234 0.216016 0.0523437 0.0664062 0.000107363
0 0.614453 0.508203 0.0914062 0.103906 0.00010763
0 0.701172 0.282813 0.0507812 0.0765625 0.000107907
0 0.248437 0.280078 0.0875 0.142969 0.000108001
0 0.378125 0.308984 0.171875 0.305469 0.000111145
0 0.713281 0.313672 0.090625 0.178906 0.000115221
0 0.943359 0.275 0.113281 0.5375 0.000116201
0 0.658203 0.431641 0.147656 0.180469 0.000116692
0 0.658203 0.256641 0.0429688 0.0726563 0.000119231
0 0.738281 0.385938 0.195312 0.390625 0.000119879
0 0.703516 0.301953 0.0679687 0.0898438 0.000120361
0 0.367188 0.526172 0.154687 0.225781 0.000124397
0 0.717969 0.319531 0.065625 0.115625 0.000125144
0 0.722266 0.259375 0.0492188 0.065625 0.000125363
0 0.344922 0.470313 0.139844 0.267188 0.000131179
0 0.691406 0.2 0.257812 0.235938 0.000131807
0 0.246484 0.323828 0.0726563 0.128906 0.000132554
0 0.345703 0.324219 0.135156 0.182812 0.000132932
0 0.365625 0.59375 0.15625 0.167187 0.000134721
0 0.346094 0.239063 0.148438 0.167187 0.000136138
0 0.654688 0.203516 0.101562 0.122656 0.000142107
0 0.742188 0.489844 0.114063 0.164062 0.000142318
0 0.617578 0.315234 0.130469 0.233594 0.00014609
0 0.280078 0.552734 0.0914062 0.114844 0.000147625
0 0.0761719 0.0574219 0.152344 0.114844 0.000149449
0 0.687109 0.275391 0.0992187 0.136719 0.000150003
0 0.694141 0.195312 0.0492188 0.0609375 0.000150427
0 0.696875 0.475 0.090625 0.0796875 0.00015169
0 0.693359 0.217969 0.0492188 0.0703125 0.000158482
0 0.109766 0.0363281 0.219531 0.0726563 0.000164827
0 0.275391 0.23125 0.291406 0.301562 0.000166505
0 0.678906 0.489844 0.0921875 0.0875 0.000166506
0 0.604297 0.558203 0.303906 0.327344 0.000169412
0 0.112109 0.150391 0.224219 0.300781 0.000170419
0 0.694531 0.203125 0.1 0.1125 0.000170732
0 0.65 0.272266 0.1125 0.169531 0.000171612
0 0.7125 0.358984 0.125 0.283594 0.000173697
0 0.755469 0.632422 0.120312 0.180469 0.000174412
0 0.720703 0.284766 0.0507812 0.0757812 0.000175819
0 0.696094 0.240625 0.04375 0.0578125 0.000176509
0 0.727734 0.0359375 0.336719 0.071875 0.000178365
0 0.680859 0.200391 0.0460938 0.0632813 0.000178984
0 0.848437 0.131641 0.303125 0.263281 0.000182362
0 0.732813 0.55 0.0859375 0.107813 0.000183521
0 0.267969 0.0371094 0.334375 0.0742188 0.000190865
0 0.445312 0.0652344 0.445312 0.130469 0.000214121
0 0.660547 0.232422 0.0617188 0.0867188 0.000216088
0 0.353516 0.189453 0.321094 0.358594 0.000233724
0 0.263281 0.319531 0.104687 0.179688 0.000242477
0 0.671094 0.220313 0.040625 0.065625 0.000244695
0 0.61875 0.399609 0.15 0.244531 0.00024946
0 0.689453 0.314844 0.353906 0.504687 0.00025713
0 0.6375 0.473437 0.142188 0.142188 0.000266333
0 0.783984 0.202344 0.432031 0.4 0.000283786
0 0.677344 0.651953 0.148438 0.180469 0.000299599
0 0.696094 0.739062 0.340625 0.348437 0.000315187
0 0.599609 0.571875 0.133594 0.196875 0.000320337
0 0.244531 0.355469 0.0921875 0.214062 0.000323129
0 0.255859 0.532422 0.0898438 0.111719 0.00032783
0 0.237891 0.590625 0.0914062 0.104687 0.000327996
0 0.669922 0.236719 0.0351562 0.0546875 0.000341816
0 0.266406 0.358984 0.128125 0.313281 0.000382529
0 0.539453 0.278125 0.425781 0.548437 0.000382702
0 0.544531 0.136328 0.421875 0.266406 0.000397605
0 0.638672 0.0675781 0.392969 0.135156 0.00040105
0 0.748047 0.677734 0.158594 0.302344 0.000449458
0 0.2375 0.513672 0.08125 0.113281 0.000468382
0 0.196875 0.542578 0.125 0.269531 0.000516484
0 0.619922 0.197656 0.383594 0.375 0.000523728
0 0.780859 0.0679687 0.416406 0.135937 0.000543408
0 0.347656 0.310937 0.221875 0.454688 0.000548564
0 0.317187 0.517578 0.134375 0.189844 0.000568263
0 0.711328 0.454688 0.139844 0.18125 0.000591168
0 0.607031 0.474609 0.159375 0.199219 0.000629794
0 0.135937 0.0652344 0.271875 0.127344 0.00066884
0 0.705859 0.112109 0.432031 0.222656 0.000709085
0 0.625391 0.671875 0.263281 0.234375 0.00071111
0 0.238281 0.553906 0.0859375 0.11875 0.000783808
0 0.717578 0.528906 0.0867188 0.0921875 0.000786556
0 0.276172 0.619141 0.222656 0.188281 0.000838175
0 0.216016 0.283984 0.394531 0.567969 0.000850795
0 0.344141 0.119141 0.442969 0.238281 0.0010926
0 0.276172 0.078125 0.397656 0.15625 0.00116388
0 0.714063 0.493359 0.117188 0.116406 0.00131608
0 0.742188 0.567969 0.128125 0.192188 0.00142057
0 0.301953 0.407813 0.319531 0.553125 0.0018467
0 0.211328 0.128125 0.382031 0.254687 0.00219906
0 0.675781 0.550391 0.151562 0.180469 0.00238669
0 0.715625 0.608984 0.170312 0.205469 0.00247578
0 0.658203 0.403125 0.200781 0.317187 0.0024938
0 0.247266 0.413281 0.175781 0.484375 0.00266455
0 0.628516 0.525391 0.182031 0.189844 0.00403185
0 0.629687 0.598828 0.2125 0.230469 0.00411988
0 0.327344 0.5625 0.1875 0.189063 0.00414258
0 0.714844 0.530859 0.135937 0.150781 0.00442381
0 0.229297 0.551172 0.102344 0.199219 0.00662083
0 0.296094 0.483984 0.20625 0.308594 0.00717896
0 0.296094 0.550781 0.276563 0.29375 0.008769
0 0.242578 0.494531 0.119531 0.289062 0.0133772
0 0.677734 0.498047 0.194531 0.158594 0.0140241
0 0.687109 0.65 0.264844 0.309375 0.0158905
0 0.677734 0.561719 0.230469 0.2375 0.0900894
0 0.274219 0.547266 0.178125 0.219531 0.111605
