0 0.896094 0.0550781 0.0984375 0.0992187 0.00010049
0 0.596875 0.365625 0.109375 0.240625 0.000101532
0 0.727734 0.510938 0.113281 0.278125 0.000101841
0 0.224219 0.214453 0.129688 0.194531 0.000103374
0 0.0351562 0.854688 0.0703125 0.290625 0.000104202
0 0.546875 0.558203 0.142188 0.383594 0.000104338
0 0.675781 0.302344 0.123438 0.25625 0.000104413
0 0.313672 0.694922 0.0992187 0.130469 0.000105505
0 0.235938 0.426953 0.0828125 0.0851562 0.00010636
0 0.0929687 0.766797 0.185937 0.466406 0.000108087
0 0.202734 0.364844 0.133594 0.201562 0.00010832
0 0.175391 0.673047 0.135156 0.175781 0.000114055
0 0.0621094 0.0617188 0.124219 0.123438 0.000125448
0 0.298828 0.654297 0.0820312 0.113281 0.000126289
0 0.621484 0.189063 0.271094 0.309375 0.000126489
0 0.585938 0.443359 0.154687 0.367969 0.000127098
0 0.548437 0.684375 0.1375 0.2125 0.000134085
0 0.695312 0.491406 0.1125 0.190625 0.000138207
0 0.553125 0.108203 0.145313 0.155469 0.000143853
0 0.100391 0.629687 0.133594 0.407813 0.000144418
0 0.715234 0.448438 0.0976562 0.2 0.000144582
0 0.172266 0.405078 0.150781 0.366406 0.000146337
0 0.638672 0.533203 0.139844 0.257031 0.000146653
0 0.330859 0.442578 0.133594 0.342969 0.000146722
0 0.05625 0.519141 0.1125 0.786719 0.000148148
0 0.634375 0.179297 0.084375 0.110156 0.000150648
0 0.595703 0.717578 0.210156 0.202344 0.000158058
0 0.369922 0.14375 0.153906 0.203125 0.000159217
0 0.633984 0.367188 0.119531 0.225 0.000161202
0 0.123438 0.634766 0.10625 0.230469 0.000161244
0 0.637109 0.45 0.130469 0.24375 0.000168585
0 0.316016 0.613672 0.288281 0.338281 0.000171819
0 0.636328 0.130078 0.150781 0.158594 0.000175881
0 0.282031 0.709766 0.139062 0.175781 0.000177956
0 0.692578 0.364844 0.105469 0.239063 0.000181434
0 0.226953 0.703125 0.261719 0.246875 0.000188304
0 0.159766 0.512891 0.113281 0.263281 0.000190191
0 0.714063 0.76875 0.173438 0.303125 0.000195856
0 0.726562 0.594531 0.104687 0.260938 0.000197885
0 0.3 0.512109 0.123438 0.260156 0.000198735
0 0.6125 0.197266 0.090625 0.105469 0.00020164
0 0.255859 0.383594 0.155469 0.18125 0.00020402
0 0.519531 0.139844 0.121875 0.145313 0.000204131
0 0.230469 0.172656 0.08125 0.10625 0.000216335
0 0.594922 0.213281 0.125781 0.154687 0.000255338
0 0.239844 0.320312 0.148438 0.16875 0.000269725
0 0.200391 0.427344 0.121094 0.2 0.000271936
0 0.677734 0.431641 0.133594 0.258594 0.000292673
0 0.669531 0.225391 0.1375 0.244531 0.000300335
0 0.297656 0.194141 0.145313 0.207031 0.000305558
0 0.0605469 0.813672 0.117969 0.372656 0.000306327
0 0.59375 0.674219 0.145313 0.19375 0.00032433
0 0.234766 0.425781 0.141406 0.146875 0.000330865
0 0.502344 0.139844 0.08125 0.10625 0.000337161
0 0.257031 0.262109 0.139062 0.261719 0.00035023
0 0.577734 0.597656 0.133594 0.246875 0.000357492
0 0.576172 0.154687 0.152344 0.189063 0.000364025
0 0.197266 0.532812 0.135156 0.253125 0.000367812
0 0.176172 0.674609 0.313281 0.374219 0.000372928
0 0.736328 0.545703 0.299219 0.663281 0.000385735
0 0.317969 0.111719 0.0921875 0.109375 0.000427208
0 0.262891 0.532812 0.142969 0.265625 0.000455793
0 0.317187 0.680469 0.139062 0.195312 0.000527621
0 0.650391 0.176953 0.121094 0.161719 0.000533618
0 0.637891 0.598828 0.189844 0.210156 0.000536507
0 0.741797 0.603906 0.163281 0.55625 0.000560807
0 0.321094 0.273047 0.229687 0.442969 0.000660361
0 0.282031 0.135156 0.0890625 0.117188 0.000668027
0 0.329297 0.564453 0.152344 0.366406 0.000701437
0 0.207422 0.271094 0.125781 0.248437 0.000743489
0 0.707812 0.44375 0.121875 0.346875 0.000851334
0 0.201562 0.614453 0.146875 0.210156 0.00088796
0 0.155859 0.613281 0.124219 0.232812 0.000991469
0 0.285937 0.100391 0.13125 0.125781 0.00100765
0 0.258984 0.155859 0.0914062 0.107031 0.00111075
0 0.586328 0.523047 0.225781 0.533594 0.00120225
0 0.694922 0.575 0.119531 0.259375 0.00147013
0 0.614453 0.31875 0.191406 0.489062 0.00153828
0 0.244531 0.595312 0.145313 0.217187 0.00154109
0 0.260547 0.144531 0.299219 0.265625 0.00175638
0 0.170703 0.441797 0.207031 0.671094 0.00176315
0 0.667969 0.311328 0.171875 0.419531 0.00182638
0 0.163672 0.659766 0.194531 0.247656 0.00184683
0 0.675391 0.637109 0.142969 0.261719 0.00198892
0 0.310547 0.447656 0.202344 0.592188 0.00235038
0 0.330078 0.178906 0.189844 0.282813 0.00235509
0 0.636328 0.733594 0.277344 0.334375 0.00269638
0 0.264453 0.663281 0.178906 0.20625 0.00278653
0 0.326562 0.114063 0.165625 0.151562 0.00297206
0 0.235938 0.315625 0.1875 0.398438 0.00315294
0 0.164453 0.565234 0.166406 0.366406 0.0032267
0 0.585156 0.642578 0.201562 0.280469 0.00340808
0 0.273047 0.212109 0.202344 0.305469 0.00375408
0 0.201172 0.483984 0.183594 0.408594 0.00375431
0 0.616016 0.175391 0.149219 0.202344 0.00392733
0 0.708594 0.646484 0.160938 0.400781 0.00542407
0 0.248828 0.170703 0.133594 0.177344 0.0067901
0 0.291797 0.604688 0.155469 0.265625 0.0071984
0 0.710547 0.486719 0.149219 0.5875 0.00841803
0 0.260156 0.525391 0.2125 0.396094 0.00961087
0 0.676953 0.525391 0.158594 0.405469 0.014196
0 0.225391 0.6125 0.247656 0.2875 0.0579534
0 0.285937 0.139844 0.18125 0.19375 0.062005
0 0.643359 0.448438 0.225781 0.670313 0.0790502
0 0.638672 0.633984 0.239844 0.353906 0.0865213
0 0.244141 0.395312 0.263281 0.660937 0.0930537
