0 0.281641 0.537109 0.142969 0.188281 0.000103352
0 0.267188 0.142578 0.409375 0.285156 0.000103635
0 0.214062 0.316797 0.117188 0.130469 0.000111603
0 0.200781 0.535156 0.145313 0.2 0.000116662
0 0.702734 0.444922 0.128906 0.141406 0.000124416
0 0.724219 0.408203 0.160938 0.166406 0.000126354
0 0.337109 0.478906 0.157031 0.298438 0.000129231
0 0.517187 0.292969 0.38125 0.585938 0.000133002
0 0.749609 0.18125 0.0476562 0.071875 0.00013373
0 0.766016 0.365234 0.113281 0.219531 0.00013946
0 0.629297 0.564453 0.141406 0.194531 0.000143438
0 0.623828 0.313281 0.111719 0.154687 0.000147386
0 0.312109 0.404297 0.177344 0.374219 0.000148825
0 0.827344 0.490234 0.167187 0.355469 0.000159924
0 0.216797 0.263672 0.127344 0.163281 0.000170385
0 0.1875 0.340234 0.121875 0.174219 0.000172138
0 0.662109 0.480859 0.208594 0.352344 0.0001769
0 0.655078 0.623047 0.172656 0.174219 0.000178816
0 0.650781 0.393359 0.167187 0.255469 0.000179471
0 0.726562 0.186719 0.0453125 0.053125 0.000185702
0 0.6625 0.243359 0.18125 0.207031 0.000190798
0 0.285547 0.231641 0.208594 0.232031 0.000198469
0 0.243359 0.572266 0.147656 0.174219 0.000206248
0 0.789453 0.648828 0.324219 0.310156 0.000209867
0 0.811328 0.469141 0.266406 0.460156 0.00023099
0 0.195312 0.625 0.284375 0.25 0.000233606
0 0.216406 0.394922 0.235938 0.450781 0.000238941
0 0.726953 0.273438 0.127344 0.13125 0.000272565
0 0.450781 0.505469 0.610937 0.989062 0.000272914
0 0.725391 0.24375 0.0773437 0.0921875 0.00028759
0 0.785937 0.608984 0.1375 0.158594 0.000300313
0 0.795703 0.428906 0.127344 0.221875 0.000301666
0 0.721875 0.306641 0.310937 0.372656 0.000304267
0 0.25625 0.296484 0.170312 0.169531 0.000327289
0 0.205078 0.3625 0.150781 0.273438 0.000360446
0 0.778125 0.293359 0.08125 0.110156 0.000389036
0 0.744922 0.492188 0.138281 0.246875 0.000412244
0 0.770703 0.431641 0.0867188 0.0976562 0.000427488
0 0.708203 0.2375 0.133594 0.151562 0.000452538
0 0.290234 0.590234 0.197656 0.199219 0.000481685
0 0.65625 0.310547 0.157813 0.202344 0.000518289
0 0.160156 0.530078 0.171875 0.272656 0.000545889
0 0.780469 0.241797 0.103125 0.146094 0.000688671
0 0.785937 0.554688 0.154687 0.189063 0.000763689
0 0.683984 0.555859 0.207031 0.233594 0.000962557
0 0.192969 0.291406 0.096875 0.0921875 0.000963506
0 0.702734 0.399609 0.230469 0.402344 0.00104577
0 0.261328 0.487109 0.239844 0.327344 0.00134764
0 0.736328 0.197266 0.0460938 0.0664062 0.00138901
0 0.736328 0.212891 0.0679687 0.105469 0.00139675
0 0.742188 0.441797 0.117188 0.110156 0.00159592
0 0.790625 0.314453 0.11875 0.216406 0.0018132
0 0.743359 0.244531 0.102344 0.128125 0.00269625
0 0.738672 0.597266 0.271094 0.225781 0.00380543
0 0.814453 0.603125 0.177344 0.225 0.00399526
0 0.737891 0.485156 0.222656 0.332812 0.00419729
0 0.7625 0.282422 0.128125 0.188281 0.00623994
0 0.226172 0.566016 0.263281 0.225781 0.00629027
0 0.758594 0.433594 0.134375 0.171875 0.0082303
0 0.773438 0.391016 0.159375 0.378906 0.00979222
0 0.784766 0.548047 0.205469 0.294531 0.0155993
0 0.760938 0.26875 0.1 0.115625 0.0156516
