0 0.163672 0.641406 0.182031 0.289062 0.000101069
0 0.214453 0.471875 0.0898438 0.1125 0.00010125
0 0.777734 0.444922 0.124219 0.210156 0.000104513
0 0.657031 0.325391 0.145313 0.199219 0.000107425
0 0.804688 0.383594 0.167187 0.234375 0.000108864
0 0.796484 0.580859 0.0898438 0.105469 0.000111424
0 0.938672 0.0320312 0.122656 0.0640625 0.000111602
0 0.185156 0.612891 0.303125 0.489844 0.00012361
0 0.383594 0.448047 0.117188 0.196094 0.000128327
0 0.197266 0.678516 0.186719 0.192969 0.000128391
0 0.741406 0.0320312 0.240625 0.0640625 0.000131065
0 0.260547 0.53125 0.0882813 0.104687 0.000132954
0 0.301953 0.550391 0.0898438 0.108594 0.000140813
0 0.758203 0.307422 0.121094 0.214844 0.000143007
0 0.700781 0.398047 0.14375 0.158594 0.000145758
0 0.186328 0.469531 0.286719 0.423438 0.000146515
0 0.725391 0.0824219 0.374219 0.164844 0.000149462
0 0.776953 0.741406 0.196094 0.275 0.00014997
0 0.304688 0.321484 0.182812 0.180469 0.000152587
0 0.197266 0.450781 0.0851562 0.1125 0.000153751
0 0.784375 0.654688 0.0890625 0.115625 0.000160571
0 0.703125 0.617578 0.1375 0.227344 0.00016347
0 0.764453 0.633984 0.0851562 0.116406 0.000170887
0 0.798828 0.533984 0.117969 0.282031 0.000178564
0 0.883984 0.0296875 0.0867188 0.0578125 0.0001809
0 0.373437 0.353125 0.145313 0.225 0.000183015
0 0.758594 0.351953 0.0859375 0.114844 0.000187124
0 0.34375 0.511719 0.145313 0.203125 0.000199374
0 0.302734 0.650781 0.178906 0.192188 0.000199784
0 0.178516 0.405859 0.108594 0.255469 0.000206183
0 0.343359 0.360547 0.153906 0.152344 0.000207537
0 0.662109 0.242969 0.174219 0.234375 0.000236778
0 0.278516 0.469922 0.150781 0.225781 0.000237449
0 0.882812 0.0679687 0.225 0.134375 0.000239871
0 0.721484 0.365625 0.0914062 0.10625 0.000270229
0 0.755078 0.288672 0.192969 0.296094 0.000281083
0 0.667188 0.519922 0.179688 0.407031 0.000289836
0 0.746094 0.692187 0.142188 0.20625 0.000307362
0 0.742969 0.419531 0.117188 0.196875 0.000311342
0 0.242578 0.34375 0.164844 0.25 0.000365872
0 0.825391 0.528516 0.167969 0.489844 0.000378052
0 0.802734 0.0203125 0.232031 0.040625 0.000388356
0 0.801953 0.635156 0.0882813 0.11875 0.000390566
0 0.884375 0.0183594 0.154687 0.0367187 0.00040295
0 0.341016 0.650391 0.169531 0.264844 0.000508823
0 0.248437 0.570312 0.14375 0.221875 0.000565099
0 0.369531 0.517969 0.151562 0.346875 0.000589519
0 0.660156 0.651172 0.171875 0.219531 0.000630524
0 0.897656 0.0417969 0.1625 0.0835937 0.000633298
0 0.663672 0.384375 0.174219 0.223438 0.00065067
0 0.814062 0.69375 0.134375 0.248437 0.000666393
0 0.80625 0.0457031 0.310937 0.0898438 0.000689822
0 0.337891 0.308203 0.200781 0.266406 0.000840772
0 0.849609 0.0292969 0.207031 0.0585938 0.000875856
0 0.748828 0.617578 0.135156 0.188281 0.00111467
0 0.785547 0.612109 0.0867188 0.107031 0.00115996
0 0.235547 0.491406 0.144531 0.189063 0.00116093
0 0.241406 0.625781 0.240625 0.29375 0.00122053
0 0.214062 0.412109 0.121875 0.219531 0.00132001
0 0.337891 0.439453 0.191406 0.349219 0.00135718
0 0.696094 0.427734 0.220313 0.416406 0.00156362
0 0.746484 0.381641 0.0898438 0.107031 0.0015683
0 0.771094 0.384375 0.121875 0.170312 0.0021673
0 0.2875 0.590625 0.14375 0.2125 0.00218746
0 0.207031 0.555078 0.209375 0.322656 0.00238839
0 0.723437 0.656641 0.214062 0.210156 0.00272775
0 0.821875 0.614844 0.139062 0.275 0.00291666
0 0.767969 0.432422 0.157813 0.350781 0.00298057
0 0.696094 0.316797 0.207813 0.261719 0.0042361
0 0.282813 0.532422 0.20625 0.180469 0.00577626
0 0.785547 0.6 0.121094 0.204688 0.00612521
0 0.296875 0.401172 0.265625 0.502344 0.00765035
0 0.201953 0.475 0.152344 0.259375 0.00841684
0 0.328906 0.565234 0.190625 0.225781 0.0085384
0 0.764063 0.652344 0.276563 0.3125 0.00916101
0 0.730859 0.53125 0.285156 0.532812 0.0148191
0 0.729688 0.362109 0.175 0.166406 0.0323749
0 0.251953 0.468359 0.235156 0.338281 0.0391891
0 0.774609 0.554297 0.175781 0.414844 0.0490986
0 0.28125 0.548047 0.246875 0.308594 0.0766201
0 0.784766 0.651563 0.163281 0.248437 0.169641
