0 0.951172 0.268359 0.0976562 0.507031 0.000100266
0 0.604297 0.265625 0.111719 0.117188 0.000101371
0 0.373828 0.352344 0.114844 0.1625 0.000102578
0 0.322266 0.569141 0.0867188 0.102344 0.000110673
0 0.382031 0.0332031 0.275 0.0648438 0.000114307
0 0.794922 0.53125 0.0882813 0.109375 0.000115982
0 0.53125 0.0765625 0.26875 0.153125 0.000125477
0 0.351562 0.319531 0.153125 0.179688 0.000126825
0 0.217578 0.466406 0.0867188 0.0953125 0.000127683
0 0.779688 0.553516 0.084375 0.114844 0.000129502
0 0.782422 0.592578 0.0867188 0.110156 0.000131756
0 0.235547 0.44375 0.0867188 0.103125 0.000133593
0 0.719531 0.409375 0.129688 0.2 0.000134242
0 0.307422 0.585938 0.139844 0.145313 0.000134447
0 0.322266 0.269531 0.114844 0.123438 0.000136402
0 0.655859 0.611328 0.0914062 0.0960938 0.000137167
0 0.720312 0.319922 0.0984375 0.135156 0.000138052
0 0.252344 0.347266 0.159375 0.161719 0.000138707
0 0.344531 0.383594 0.125 0.145313 0.000142634
0 0.179297 0.585156 0.291406 0.353125 0.00014543
0 0.228125 0.620313 0.292188 0.229687 0.000146668
0 0.802344 0.609766 0.084375 0.103906 0.000151099
0 0.623438 0.437109 0.084375 0.0960938 0.000151274
0 0.720312 0.629687 0.128125 0.120312 0.000152055
0 0.201562 0.445703 0.0828125 0.107031 0.000154027
0 0.363672 0.503516 0.0773437 0.0898438 0.000155099
0 0.277734 0.447266 0.217969 0.207031 0.000160532
0 0.741406 0.593359 0.0828125 0.107031 0.000165341
0 0.816406 0.677734 0.134375 0.111719 0.000166592
0 0.386719 0.075 0.285937 0.146875 0.000170209
0 0.208594 0.367969 0.0875 0.115625 0.000170884
0 0.810156 0.598437 0.2875 0.301562 0.000171718
0 0.83125 0.639063 0.129688 0.170312 0.000174586
0 0.3125 0.31875 0.20625 0.234375 0.000177208
0 0.703125 0.531641 0.151562 0.225781 0.000179031
0 0.343359 0.553516 0.0867188 0.110156 0.000181744
0 0.521094 0.610156 0.521875 0.779688 0.000208522
0 0.823047 0.534766 0.158594 0.283594 0.000223809
0 0.674609 0.428516 0.122656 0.133594 0.00022435
0 0.655078 0.291797 0.185156 0.188281 0.00022516
0 0.610547 0.580078 0.0710938 0.0914062 0.000233964
0 0.762109 0.572656 0.0898438 0.107813 0.00023868
0 0.217969 0.425391 0.0890625 0.110156 0.000240012
0 0.219922 0.567969 0.0851562 0.09375 0.000251199
0 0.345703 0.395312 0.169531 0.248437 0.000258984
0 0.307031 0.394531 0.309375 0.454688 0.000290638
0 0.236719 0.401563 0.0921875 0.10625 0.000291697
0 0.703125 0.327344 0.171875 0.204688 0.000303244
0 0.303906 0.532031 0.146875 0.189063 0.000372084
0 0.663281 0.436719 0.164062 0.235938 0.000414612
0 0.691406 0.608203 0.29375 0.311719 0.000477768
0 0.753906 0.414062 0.1625 0.373437 0.000494867
0 0.702734 0.594141 0.139844 0.153906 0.000504798
0 0.164453 0.590625 0.147656 0.18125 0.000516689
0 0.365625 0.521484 0.101562 0.146094 0.000523205
0 0.766406 0.509766 0.0859375 0.0976562 0.000626233
0 0.251172 0.404297 0.158594 0.157031 0.000652908
0 0.227734 0.342578 0.105469 0.105469 0.000688512
0 0.679688 0.395703 0.225 0.371094 0.000764713
0 0.720703 0.469922 0.185156 0.197656 0.000806744
0 0.616797 0.609375 0.111719 0.114063 0.000837381
0 0.782812 0.641797 0.198437 0.189844 0.000879102
0 0.183984 0.470313 0.122656 0.270312 0.000957781
0 0.235938 0.492969 0.18125 0.215625 0.0010734
0 0.338672 0.486719 0.169531 0.292188 0.00135287
0 0.761719 0.492188 0.128125 0.179688 0.00136679
0 0.237109 0.553516 0.142969 0.149219 0.00146216
0 0.198437 0.553516 0.140625 0.192969 0.00153815
0 0.262109 0.366406 0.222656 0.3 0.00162792
0 0.745703 0.569922 0.139844 0.172656 0.0018446
0 0.212891 0.372656 0.127344 0.167187 0.00234329
0 0.338281 0.557422 0.142188 0.183594 0.0026738
0 0.798047 0.589063 0.142969 0.198437 0.00302563
0 0.651563 0.605469 0.167187 0.145313 0.00337213
0 0.779297 0.5375 0.125781 0.195312 0.00481523
0 0.697656 0.595312 0.239063 0.190625 0.00810112
0 0.1875 0.526953 0.19375 0.296094 0.0119721
0 0.2625 0.553906 0.2625 0.223438 0.0195157
0 0.219141 0.420703 0.160156 0.266406 0.0265293
0 0.720312 0.496094 0.240625 0.346875 0.0384468
0 0.759766 0.558203 0.205469 0.247656 0.099491
0 0.239453 0.469922 0.246094 0.366406 0.145904
