0 0.610937 0.695703 0.110937 0.180469 0.000100431
0 0.813672 0.614844 0.280469 0.573438 0.000102807
0 0.257031 0.399609 0.1625 0.317969 0.000117241
0 0.657812 0.615234 0.123438 0.250781 0.000124236
0 0.398047 0.685938 0.111719 0.15625 0.000126208
0 0.264453 0.706641 0.147656 0.177344 0.000126265
0 0.719141 0.318359 0.149219 0.182031 0.000143566
0 0.263281 0.529688 0.126563 0.278125 0.000155864
0 0.216797 0.723047 0.107031 0.144531 0.000160124
0 0.762109 0.721484 0.0804688 0.107031 0.00017525
0 0.742578 0.632422 0.117969 0.221094 0.000181986
0 0.743359 0.697656 0.116406 0.164062 0.000193069
0 0.397656 0.375391 0.259375 0.446094 0.000200962
0 0.698438 0.405469 0.225 0.367188 0.000227197
0 0.696484 0.635547 0.135156 0.214844 0.000229671
0 0.723047 0.530469 0.160156 0.184375 0.000245026
0 0.642187 0.722656 0.120312 0.142188 0.00024816
0 0.774219 0.591016 0.109375 0.277344 0.000288503
0 0.404297 0.292188 0.163281 0.18125 0.000300481
0 0.764063 0.392188 0.10625 0.173438 0.000321988
0 0.198437 0.752734 0.053125 0.0773437 0.000344216
0 0.783984 0.485547 0.125781 0.335156 0.000362531
0 0.39375 0.622656 0.13125 0.21875 0.000432881
0 0.259375 0.669922 0.08125 0.0929687 0.000459185
0 0.257812 0.605469 0.298438 0.5125 0.000480911
0 0.390234 0.533203 0.228906 0.411719 0.000501937
0 0.277734 0.618359 0.147656 0.177344 0.000533746
0 0.796875 0.761328 0.096875 0.152344 0.000631929
0 0.358203 0.314063 0.199219 0.20625 0.000768117
0 0.758203 0.532031 0.121094 0.240625 0.000833486
0 0.665234 0.607031 0.194531 0.373437 0.000833703
0 0.786328 0.488672 0.174219 0.557031 0.000999583
0 0.309766 0.341797 0.158594 0.196094 0.00100439
0 0.334766 0.636328 0.249219 0.224219 0.00104964
0 0.283203 0.396484 0.132031 0.205469 0.00114996
0 0.773828 0.730469 0.116406 0.160938 0.00129085
0 0.662891 0.683984 0.152344 0.210156 0.00148345
0 0.749219 0.444922 0.15625 0.372656 0.00162761
0 0.263672 0.665625 0.117969 0.145313 0.00166429
0 0.768359 0.697266 0.152344 0.255469 0.002629
0 0.272266 0.605078 0.175781 0.299219 0.00428305
0 0.709375 0.672266 0.221875 0.257031 0.00452296
0 0.758984 0.595312 0.153906 0.40625 0.00615566
0 0.285937 0.494922 0.178125 0.424219 0.0124604
0 0.721875 0.523438 0.215625 0.542188 0.187686
0 0.324219 0.480469 0.282813 0.54375 0.215493
