0 0.302734 0.739453 0.0882813 0.105469 0.000101223
0 0.350391 0.739844 0.113281 0.198437 0.000101487
0 0.426562 0.25625 0.103125 0.109375 0.000102861
0 0.479688 0.198047 0.05625 0.0632813 0.000104128
0 0.14375 0.591406 0.0734375 0.0921875 0.000105987
0 0.225781 0.573047 0.123438 0.230469 0.000107158
0 0.326562 0.723828 0.0828125 0.117969 0.000109364
0 0.557422 0.515234 0.227344 0.185156 0.00011315
0 0.557031 0.427344 0.121875 0.225 0.000115284
0 0.214844 0.739062 0.090625 0.096875 0.000121397
0 0.984375 0.757031 0.03125 0.173438 0.000121844
0 0.542188 0.362891 0.075 0.108594 0.000122216
0 0.278125 0.720703 0.0859375 0.110156 0.000134766
0 0.235938 0.0625 0.178125 0.121875 0.000136196
0 0.372656 0.727734 0.170312 0.277344 0.00013902
0 0.132812 0.353125 0.065625 0.0921875 0.000140085
0 0.277734 0.510156 0.127344 0.257812 0.000147475
0 0.383203 0.526172 0.244531 0.478906 0.000151083
0 0.977734 0.730469 0.0445312 0.359375 0.000152194
0 0.515234 0.3625 0.182031 0.173438 0.000152574
0 0.177734 0.772656 0.135156 0.157813 0.000153337
0 0.261328 0.774219 0.139844 0.132812 0.000156248
0 0.483594 0.217187 0.0734375 0.0890625 0.000159016
0 0.146875 0.613281 0.1125 0.214062 0.000165783
0 0.103516 0.573828 0.0632813 0.103906 0.000169172
0 0.491797 0.566797 0.278906 0.280469 0.000170819
0 0.140625 0.725781 0.0828125 0.115625 0.000174563
0 0.117188 0.610547 0.0796875 0.113281 0.000180194
0 0.462891 0.183203 0.0445312 0.0414063 0.000183192
0 0.159766 0.703516 0.0851562 0.108594 0.000185621
0 0.634766 0.649609 0.130469 0.144531 0.000185937
0 0.101172 0.424609 0.0664062 0.105469 0.000186484
0 0.112109 0.4875 0.0710938 0.0984375 0.000194541
0 0.0320312 0.719922 0.0640625 0.560156 0.000199347
0 0.65625 0.611719 0.0765625 0.114063 0.000205935
0 0.260156 0.7375 0.0875 0.101562 0.000210167
0 0.339063 0.682031 0.090625 0.214062 0.000219122
0 0.214844 0.4875 0.0875 0.103125 0.000228003
0 0.195703 0.333203 0.175781 0.186719 0.000235812
0 0.677344 0.649609 0.0625 0.0804688 0.000240064
0 0.115625 0.446875 0.0796875 0.1125 0.000248507
0 0.0636719 0.807422 0.127344 0.385156 0.000249402
0 0.300781 0.574219 0.132812 0.271875 0.000255755
0 0.447656 0.736328 0.478125 0.527344 0.000258762
0 0.446484 0.230469 0.133594 0.139062 0.000263184
0 0.222656 0.683203 0.14375 0.183594 0.000264584
0 0.198437 0.824219 0.29375 0.273438 0.000277965
0 0.566797 0.360547 0.0757812 0.114844 0.000278941
0 0.459375 0.197656 0.078125 0.08125 0.000283387
0 0.303125 0.787109 0.148438 0.135156 0.000287403
0 0.494531 0.624609 0.353125 0.455469 0.000290955
0 0.282031 0.662109 0.132812 0.210156 0.000291718
0 0.527344 0.284766 0.148438 0.182031 0.000299729
0 0.107031 0.368359 0.0703125 0.124219 0.000312715
0 0.165625 0.469922 0.285937 0.410156 0.000316378
0 0.261328 0.593359 0.119531 0.244531 0.000327102
0 0.328516 0.705078 0.332031 0.383594 0.00032926
0 0.258594 0.0328125 0.21875 0.0625 0.000348636
0 0.135156 0.467187 0.0796875 0.104687 0.000380531
0 0.238281 0.508203 0.110937 0.186719 0.000392746
0 0.119922 0.846875 0.239844 0.303125 0.000394448
0 0.635156 0.662891 0.198437 0.222656 0.000410804
0 0.0855469 0.605078 0.127344 0.274219 0.000414202
0 0.102344 0.491797 0.071875 0.191406 0.00042369
0 0.257812 0.448438 0.15625 0.296875 0.000450694
0 0.583203 0.553906 0.147656 0.16875 0.000452849
0 0.217187 0.410937 0.164062 0.25625 0.00046075
0 0.543359 0.305078 0.0757812 0.111719 0.000465995
0 0.589844 0.408984 0.159375 0.302344 0.000476216
0 0.383203 0.682031 0.274219 0.635938 0.000485645
0 0.0890625 0.521875 0.103125 0.346875 0.000507061
0 0.179297 0.737891 0.0898438 0.105469 0.000507733
0 0.547656 0.331641 0.132812 0.175781 0.000521878
0 0.574609 0.653125 0.303906 0.332812 0.000549487
0 0.175781 0.683594 0.151562 0.196875 0.000573754
0 0.221094 0.754297 0.145313 0.135156 0.000581779
0 0.635938 0.590625 0.08125 0.117188 0.000586705
0 0.137109 0.425391 0.0835937 0.111719 0.000613198
0 0.147266 0.369141 0.111719 0.147656 0.000654566
0 0.674219 0.630859 0.084375 0.136719 0.000674516
0 0.603125 0.548047 0.0859375 0.102344 0.000685521
0 0.651172 0.603906 0.289844 0.279687 0.000691442
0 0.102344 0.426562 0.084375 0.178125 0.000713194
0 0.228906 0.786328 0.223438 0.178906 0.000714352
0 0.498047 0.369531 0.235156 0.289062 0.000770378
0 0.184375 0.487109 0.103125 0.116406 0.000782382
0 0.521875 0.616016 0.173438 0.236719 0.000786821
0 0.503125 0.459375 0.3 0.407813 0.000808665
0 0.0851562 0.711328 0.153125 0.486719 0.000875509
0 0.216016 0.469922 0.122656 0.171094 0.000959887
0 0.156641 0.466016 0.111719 0.139844 0.000975984
0 0.259375 0.701563 0.134375 0.182812 0.0011476
0 0.133594 0.764063 0.084375 0.151562 0.00124958
0 0.332812 0.761719 0.096875 0.129688 0.00129113
0 0.167578 0.403906 0.142969 0.2 0.0013375
0 0.56875 0.372656 0.110937 0.19375 0.00142595
0 0.178516 0.713281 0.294531 0.346875 0.0014371
0 0.566016 0.663672 0.161719 0.213281 0.00148665
0 0.621094 0.567187 0.084375 0.1125 0.00153713
0 0.128516 0.576953 0.0851562 0.132031 0.00169115
0 0.338281 0.648047 0.15625 0.352344 0.00169523
0 0.199609 0.720312 0.138281 0.15625 0.00201671
0 0.302734 0.530469 0.175781 0.489062 0.00230105
0 0.554297 0.313281 0.0601562 0.0640625 0.0023803
0 0.192578 0.505078 0.136719 0.175781 0.00239542
0 0.652344 0.533594 0.115625 0.189063 0.00246767
0 0.225781 0.516797 0.164062 0.277344 0.00256283
0 0.116406 0.642578 0.125 0.272656 0.0025817
0 0.112109 0.475781 0.110156 0.251563 0.00306534
0 0.135937 0.521875 0.135937 0.270312 0.00326406
0 0.665625 0.590234 0.1125 0.211719 0.00347827
0 0.113672 0.567187 0.103906 0.209375 0.00369152
0 0.575 0.482812 0.207813 0.357812 0.00461892
0 0.316406 0.713281 0.145313 0.214062 0.00511153
0 0.556641 0.330469 0.0742188 0.107813 0.00523343
0 0.611719 0.501172 0.135937 0.217969 0.00531432
0 0.121875 0.395312 0.0921875 0.132812 0.00614185
0 0.182422 0.457812 0.175781 0.225 0.00700271
0 0.156641 0.733984 0.136719 0.177344 0.00902108
0 0.274219 0.743359 0.19375 0.180469 0.00905442
0 0.148828 0.626172 0.175781 0.367969 0.00993122
0 0.134375 0.432422 0.125 0.205469 0.0103536
0 0.209375 0.564062 0.228125 0.448438 0.0107092
0 0.277344 0.639844 0.185937 0.345313 0.0169296
0 0.582422 0.604297 0.208594 0.236719 0.0233215
0 0.217578 0.723047 0.232031 0.197656 0.0345398
0 0.633203 0.536328 0.0914062 0.124219 0.0509173
0 0.627344 0.575 0.132812 0.204688 0.214016
