0 0.280078 0.0542969 0.216406 0.0945313 0.000108024
0 0.932422 0.0417969 0.135156 0.0835937 0.000109375
0 0.739844 0.316406 0.210938 0.175 0.000109442
0 0.0808594 0.0191406 0.161719 0.0382813 0.000112436
0 0.651563 0.226562 0.117188 0.171875 0.000119401
0 0.654688 0.235156 0.075 0.0890625 0.000121304
0 0.200781 0.369531 0.0875 0.1125 0.000123416
0 0.0378906 0.0625 0.0757812 0.125 0.000123619
0 0.236719 0.235156 0.0984375 0.14375 0.000124156
0 0.260156 0.134375 0.096875 0.121875 0.00012482
0 0.691406 0.281641 0.103125 0.100781 0.000127606
0 0.30625 0.467187 0.39375 0.201562 0.0001284
0 0.392188 0.316406 0.15625 0.175 0.000128811
0 0.654297 0.0699219 0.142969 0.136719 0.000131456
0 0.0335938 0.142969 0.065625 0.279687 0.000132866
0 0.180469 0.421484 0.078125 0.0617188 0.000137959
0 0.919922 0.419141 0.121094 0.0570313 0.000138641
0 0.256641 0.407813 0.139844 0.0875 0.000141005
0 0.0734375 0.0507812 0.145313 0.096875 0.000144825
0 0.218359 0.388672 0.0914062 0.107031 0.000148476
0 0.227734 0.0382813 0.349219 0.0765625 0.000152756
0 0.408594 0.0894531 0.198437 0.161719 0.000155847
0 0.354688 0.0375 0.325 0.071875 0.000155909
0 0.921484 0.419531 0.149219 0.13125 0.000157581
0 0.867188 0.397656 0.0890625 0.0765625 0.000159271
0 0.213281 0.200391 0.05 0.0960938 0.000159963
0 0.964063 0.182812 0.071875 0.353125 0.000179857
0 0.935547 0.102344 0.127344 0.204688 0.000180578
0 0.476953 0.0921875 0.244531 0.176563 0.000187936
0 0.779297 0.0207031 0.219531 0.0398437 0.000190695
0 0.808203 0.38125 0.127344 0.104687 0.000191025
0 0.255078 0.195703 0.117969 0.141406 0.000195168
0 0.647656 0.226953 0.18125 0.235156 0.000197909
0 0.441016 0.133984 0.199219 0.175781 0.000199982
0 0.477734 0.0378906 0.357031 0.0726563 0.000211187
0 0.0960938 0.194531 0.192188 0.3875 0.000256631
0 0.780859 0.410937 0.314844 0.146875 0.000259907
0 0.375781 0.361719 0.171875 0.151562 0.000269071
0 0.253125 0.223438 0.157813 0.21875 0.000279409
0 0.608203 0.0414063 0.275781 0.0765625 0.000303378
0 0.185156 0.101562 0.370313 0.195312 0.000303481
0 0.237891 0.163281 0.103906 0.160938 0.000332017
0 0.896875 0.0675781 0.20625 0.135156 0.00034713
0 0.257812 0.228906 0.239063 0.31875 0.000370769
0 0.297656 0.0621094 0.375 0.122656 0.000374231
0 0.7 0.0195312 0.225 0.0375 0.000378719
0 0.821094 0.41875 0.315625 0.239063 0.000383907
0 0.799219 0.399609 0.192188 0.0898438 0.000387473
0 0.846875 0.0398437 0.30625 0.0796875 0.000394742
0 0.928516 0.198828 0.142969 0.397656 0.000404113
0 0.475391 0.179297 0.392969 0.355469 0.000405102
0 0.901563 0.401172 0.125 0.0695312 0.000439728
0 0.101562 0.034375 0.203125 0.06875 0.000470743
0 0.0652344 0.10625 0.130469 0.2125 0.000484492
0 0.341406 0.224219 0.345313 0.3875 0.000510677
0 0.18125 0.403125 0.103125 0.101562 0.000566929
0 0.219141 0.137109 0.191406 0.202344 0.000570639
0 0.753906 0.305078 0.3 0.246094 0.000577059
0 0.280859 0.123047 0.246094 0.224219 0.000577129
0 0.236328 0.367578 0.142969 0.155469 0.000599359
0 0.317187 0.423438 0.260938 0.0828125 0.000641742
0 0.242969 0.416406 0.342187 0.309375 0.000652952
0 0.890625 0.412891 0.2 0.189844 0.000723294
0 0.46875 0.0683594 0.426562 0.133594 0.000725695
0 0.383203 0.102734 0.372656 0.205469 0.00073418
0 0.845312 0.364453 0.0921875 0.116406 0.000745272
0 0.855859 0.294922 0.199219 0.277344 0.000916018
0 0.908984 0.380078 0.153906 0.119531 0.00103286
0 0.628906 0.177344 0.357812 0.354688 0.00103327
0 0.85 0.125391 0.3 0.250781 0.00107751
0 0.202344 0.323438 0.173438 0.267188 0.00110903
0 0.829297 0.330469 0.128906 0.179688 0.00121043
0 0.727344 0.0371094 0.31875 0.0726563 0.00125796
0 0.125 0.0566406 0.25 0.113281 0.00125856
0 0.226172 0.197266 0.0804688 0.121094 0.00129867
0 0.792188 0.210547 0.376563 0.400781 0.00140894
0 0.339453 0.389844 0.216406 0.129688 0.00141367
0 0.866406 0.396484 0.175 0.0960938 0.00182001
0 0.630859 0.0679687 0.333594 0.135937 0.00203357
0 0.858984 0.349219 0.282031 0.251563 0.00207637
0 0.546875 0.119141 0.404687 0.235156 0.00211659
0 0.774609 0.0628906 0.408594 0.124219 0.00254585
0 0.238672 0.417578 0.250781 0.110156 0.0026978
0 0.790625 0.35625 0.253125 0.165625 0.00300848
0 0.200391 0.385156 0.152344 0.135937 0.00305341
0 0.707422 0.100781 0.382031 0.201562 0.00319298
0 0.291406 0.316797 0.34375 0.282031 0.00732341
0 0.278125 0.374219 0.29375 0.1625 0.0249846
0 0.866797 0.359766 0.197656 0.147656 0.0617033
