0 0.862891 0.844141 0.0914062 0.111719 0.000100137
0 0.278516 0.676172 0.180469 0.217969 0.000101834
0 0.542969 0.776563 0.43125 0.398438 0.000101863
0 0.257812 0.575 0.09375 0.109375 0.00010426
0 0.819531 0.315234 0.19375 0.250781 0.000104414
0 0.523047 0.269141 0.342969 0.392969 0.000105436
0 0.29375 0.514063 0.15625 0.210938 0.000105965
0 0.826172 0.655859 0.0882813 0.110156 0.000106054
0 0.233984 0.74375 0.319531 0.373437 0.000106635
0 0.116016 0.200781 0.221094 0.401563 0.000107809
0 0.841406 0.598828 0.090625 0.111719 0.000108177
0 0.687891 0.964453 0.252344 0.0695312 0.000113854
0 0.391797 0.478906 0.230469 0.296875 0.000114758
0 0.895703 0.845312 0.117969 0.209375 0.000120683
0 0.224609 0.758203 0.172656 0.200781 0.000122113
0 0.404687 0.0210938 0.275 0.0390625 0.000123913
0 0.84375 0.510547 0.0890625 0.108594 0.00012557
0 0.717188 0.182031 0.142188 0.173438 0.000128303
0 0.639844 0.717188 0.3375 0.373437 0.000137554
0 0.784766 0.678125 0.158594 0.179688 0.000137716
0 0.391797 0.179297 0.255469 0.299219 0.000143673
0 0.562109 0.39375 0.261719 0.4625 0.000145687
0 0.827344 0.739844 0.146875 0.270312 0.000147486
0 0.387891 0.608984 0.216406 0.367969 0.000148168
0 0.807813 0.239063 0.0625 0.078125 0.000153116
0 0.927344 0.766016 0.142188 0.467969 0.000154416
0 0.965234 0.558984 0.0679687 0.696094 0.000173879
0 0.839063 0.0398437 0.321875 0.0796875 0.000177277
0 0.810547 0.591797 0.132031 0.192969 0.000178851
0 0.784766 0.408594 0.186719 0.2 0.000183572
0 0.7 0.183984 0.245312 0.241406 0.000186922
0 0.419531 0.710156 0.203125 0.270312 0.000189903
0 0.298047 0.429688 0.163281 0.198437 0.000190314
0 0.819922 0.226953 0.217969 0.333594 0.000201485
0 0.230469 0.591406 0.135937 0.251563 0.00020209
0 0.382812 0.313672 0.292188 0.386719 0.000218066
0 0.84375 0.636719 0.090625 0.109375 0.000218754
0 0.670703 0.791406 0.260156 0.265625 0.000222784
0 0.803125 0.823828 0.148438 0.178906 0.000239016
0 0.857422 0.53125 0.103906 0.1875 0.000239393
0 0.316797 0.323047 0.138281 0.241406 0.000248037
0 0.872266 0.307813 0.235156 0.360938 0.000250666
0 0.741016 0.783594 0.175781 0.209375 0.00025387
0 0.460938 0.616406 0.34375 0.535937 0.000284335
0 0.214844 0.0933594 0.401563 0.186719 0.000292844
0 0.862891 0.808594 0.127344 0.215625 0.000302006
0 0.964063 0.291016 0.071875 0.582031 0.000304791
0 0.796875 0.9 0.33125 0.198437 0.000306526
0 0.366797 0.755469 0.191406 0.1875 0.000319007
0 0.855469 0.105469 0.279687 0.210938 0.000321638
0 0.561328 0.0410156 0.450781 0.0820312 0.000339277
0 0.214062 0.525391 0.19375 0.336719 0.000344866
0 0.899219 0.434375 0.1875 0.375 0.000360768
0 0.859766 0.698047 0.132031 0.266406 0.000374961
0 0.314844 0.280469 0.21875 0.295312 0.000380971
0 0.263281 0.469922 0.129688 0.191406 0.000382495
0 0.730469 0.0394531 0.389062 0.0789063 0.000402738
0 0.190625 0.338672 0.38125 0.677344 0.000491803
0 0.185937 0.618359 0.23125 0.530469 0.00052143
0 0.644922 0.0621094 0.450781 0.124219 0.000544912
0 0.828125 0.510547 0.123438 0.199219 0.000571406
0 0.341797 0.394922 0.242969 0.347656 0.000572236
0 0.739062 0.738672 0.257812 0.338281 0.000647173
0 0.458984 0.372656 0.378906 0.553125 0.00069444
0 0.889063 0.172656 0.221875 0.345313 0.00070663
0 0.277344 0.611328 0.139062 0.232031 0.000792134
0 0.332812 0.525 0.248437 0.417188 0.000801816
0 0.745703 0.470703 0.325781 0.689844 0.000822329
0 0.821875 0.410937 0.1125 0.117188 0.000877725
0 0.617969 0.189453 0.479688 0.378906 0.000888602
0 0.827344 0.653906 0.126563 0.220313 0.000924057
0 0.609375 0.364062 0.426562 0.660937 0.000970452
0 0.398438 0.0382813 0.364062 0.0765625 0.00102332
0 0.742188 0.842578 0.240625 0.227344 0.00108561
0 0.282422 0.357422 0.150781 0.266406 0.00111123
0 0.822656 0.441016 0.132812 0.211719 0.00115506
0 0.535156 0.527734 0.396875 0.771094 0.00121682
0 0.332422 0.69375 0.269531 0.304688 0.00123003
0 0.227344 0.159375 0.454688 0.31875 0.00134284
0 0.808203 0.394922 0.280469 0.499219 0.00135877
0 0.462109 0.185156 0.477344 0.370313 0.00142713
0 0.922656 0.281641 0.151562 0.558594 0.0014587
0 0.298047 0.0667969 0.453906 0.132031 0.0014725
0 0.875781 0.773047 0.16875 0.371094 0.0014772
0 0.814062 0.410937 0.192188 0.317187 0.00170441
0 0.233984 0.472266 0.328906 0.680469 0.00174496
0 0.784766 0.571875 0.211719 0.398438 0.0018999
0 0.271875 0.450781 0.157813 0.314063 0.00193332
0 0.89375 0.622266 0.182812 0.586719 0.0019563
0 0.842188 0.59375 0.120312 0.254687 0.00201126
0 0.780469 0.0675781 0.421875 0.135156 0.0021232
0 0.282031 0.291016 0.396875 0.535156 0.00213562
0 0.871094 0.366016 0.257812 0.657031 0.00228551
0 0.717578 0.109375 0.486719 0.214062 0.00235231
0 0.382812 0.113672 0.4625 0.225781 0.00244163
0 0.2375 0.674609 0.19375 0.328906 0.00271756
0 0.260938 0.548828 0.139062 0.242969 0.00327231
0 0.525781 0.0984375 0.514063 0.196875 0.00380127
0 0.845312 0.847656 0.190625 0.201562 0.00400661
0 0.808984 0.2125 0.382031 0.41875 0.00438802
0 0.458984 0.0625 0.450781 0.125 0.00464065
0 0.287109 0.407422 0.207031 0.494531 0.00502683
0 0.794922 0.629687 0.289844 0.607813 0.00759119
0 0.842969 0.499609 0.13125 0.339844 0.00812373
0 0.285156 0.610156 0.290625 0.470313 0.00842322
0 0.798437 0.801172 0.264062 0.288281 0.018381
0 0.843359 0.624609 0.157031 0.507031 0.0366656
0 0.266016 0.555469 0.182031 0.379687 0.042477
