0 0.696484 0.155469 0.0539063 0.0765625 0.00010116
0 0.330859 0.167187 0.175781 0.210938 0.000101408
0 0.696094 0.152344 0.101562 0.128125 0.000101626
0 0.260156 0.442187 0.0875 0.259375 0.000111846
0 0.443359 0.152734 0.261719 0.255469 0.000112286
0 0.746094 0.408984 0.0796875 0.113281 0.000112939
0 0.626562 0.398438 0.140625 0.242188 0.000114576
0 0.423828 0.21875 0.0882813 0.096875 0.000115261
0 0.305078 0.219531 0.0898438 0.134375 0.000115398
0 0.319531 0.470313 0.0875 0.107813 0.000117282
0 0.591016 0.283203 0.147656 0.267969 0.000119993
0 0.344531 0.21875 0.078125 0.0921875 0.000121165
0 0.700391 0.137891 0.0710938 0.0851562 0.000121795
0 0.695312 0.326953 0.307813 0.430469 0.000122395
0 0.771094 0.347266 0.065625 0.166406 0.000125475
0 0.755469 0.305469 0.0796875 0.2125 0.000125784
0 0.324219 0.389062 0.117188 0.19375 0.00013066
0 0.718359 0.280078 0.0664062 0.0820312 0.000132685
0 0.0554687 0.620703 0.110937 0.549219 0.000133508
0 0.320703 0.258594 0.0929687 0.165625 0.000134155
0 0.342969 0.450391 0.084375 0.100781 0.000135073
0 0.681641 0.345313 0.0898438 0.120312 0.000135417
0 0.967578 0.644531 0.0648438 0.526563 0.000142651
0 0.0945313 0.603516 0.189063 0.661719 0.000144122
0 0.439844 0.260938 0.107813 0.20625 0.000147843
0 0.618359 0.237891 0.100781 0.160156 0.000151218
0 0.709766 0.442578 0.286719 0.294531 0.00015176
0 0.745313 0.500391 0.128125 0.153906 0.000154587
0 0.570703 0.210156 0.211719 0.257812 0.000164102
0 0.388672 0.203906 0.0789063 0.107813 0.000166695
0 0.370703 0.279297 0.105469 0.185156 0.000175715
0 0.404297 0.275 0.0726563 0.101562 0.00017599
0 0.616016 0.137109 0.317969 0.239844 0.000181585
0 0.967969 0.434375 0.0640625 0.592188 0.000187022
0 0.389453 0.344141 0.0992187 0.205469 0.000194118
0 0.290234 0.320703 0.0992187 0.197656 0.000195556
0 0.269531 0.510938 0.06875 0.1125 0.000197029
0 0.298438 0.488281 0.090625 0.110937 0.000200422
0 0.94375 0.617578 0.10625 0.663281 0.000217296
0 0.418359 0.388672 0.138281 0.282031 0.000218275
0 0.358594 0.374219 0.278125 0.404687 0.000223032
0 0.69375 0.241797 0.159375 0.221094 0.000232272
0 0.396484 0.1625 0.147656 0.185937 0.000245261
0 0.700391 0.361719 0.103906 0.185937 0.000262727
0 0.761328 0.432031 0.0789063 0.117188 0.000280851
0 0.364844 0.386719 0.11875 0.221875 0.000283489
0 0.758984 0.386719 0.0695312 0.107813 0.000304501
0 0.728125 0.279297 0.0921875 0.142969 0.000317788
0 0.726562 0.46875 0.0828125 0.103125 0.000325905
0 0.369922 0.2375 0.0742188 0.0859375 0.000387177
0 0.623047 0.229297 0.146094 0.224219 0.000388394
0 0.392969 0.452344 0.13125 0.1875 0.000456565
0 0.419922 0.203125 0.117969 0.15625 0.000493031
0 0.321484 0.31875 0.142969 0.309375 0.000510546
0 0.651563 0.298438 0.170312 0.275 0.000527735
0 0.780078 0.475 0.0773437 0.146875 0.00052884
0 0.773047 0.408203 0.0804688 0.188281 0.000542546
0 0.366797 0.222656 0.105469 0.1375 0.000550916
0 0.339844 0.21875 0.142188 0.192188 0.000736407
0 0.289844 0.405469 0.1125 0.276563 0.000738267
0 0.733203 0.326953 0.119531 0.280469 0.000877466
0 0.697656 0.360938 0.170312 0.317187 0.000911706
0 0.758203 0.469922 0.0851562 0.107031 0.00110416
0 0.280469 0.501562 0.0984375 0.159375 0.0012547
0 0.678125 0.454297 0.167187 0.183594 0.00130358
0 0.385156 0.230859 0.145313 0.207031 0.00130998
0 0.725781 0.468359 0.13125 0.142969 0.00141407
0 0.757031 0.365625 0.0984375 0.259375 0.00142386
0 0.408984 0.286719 0.114844 0.242188 0.00195303
0 0.344922 0.445312 0.161719 0.190625 0.00225863
0 0.394922 0.235156 0.100781 0.135937 0.00269646
0 0.363281 0.370313 0.16875 0.329688 0.00316663
0 0.732813 0.409766 0.134375 0.244531 0.00350351
0 0.310156 0.474219 0.145313 0.189063 0.00544593
0 0.756641 0.453516 0.111719 0.189844 0.00636421
