0 0.763672 0.470313 0.147656 0.190625 0.00010123
0 0.402734 0.516016 0.0835937 0.100781 0.000101279
0 0.914062 0.470313 0.104687 0.25625 0.000103358
0 0.90625 0.555469 0.0734375 0.103125 0.000106561
0 0.885547 0.627344 0.142969 0.121875 0.000107346
0 0.840234 0.305469 0.136719 0.195312 0.000108018
0 0.421484 0.553516 0.0851562 0.108594 0.00011285
0 0.0640625 0.0617188 0.128125 0.123438 0.000114925
0 0.315625 0.697266 0.31875 0.405469 0.000114997
0 0.779297 0.326172 0.0914062 0.110156 0.000116334
0 0.442187 0.789062 0.460938 0.421875 0.000123066
0 0.796094 0.363281 0.090625 0.104687 0.000129389
0 0.265625 0.390234 0.096875 0.166406 0.000138422
0 0.916797 0.553516 0.0976562 0.185156 0.000142488
0 0.552344 0.541016 0.51875 0.917969 0.000147215
0 0.407031 0.954687 0.278125 0.0828125 0.000149348
0 0.85 0.469141 0.132812 0.247656 0.000157594
0 0.314453 0.627344 0.247656 0.190625 0.000164152
0 0.245312 0.489453 0.0890625 0.235156 0.000164494
0 0.727344 0.361328 0.125 0.138281 0.000171073
0 0.419922 0.583594 0.260156 0.36875 0.000173327
0 0.41875 0.276172 0.171875 0.192969 0.000177857
0 0.816797 0.263281 0.186719 0.207813 0.000179069
0 0.802734 0.469141 0.135156 0.244531 0.000182385
0 0.919141 0.612109 0.0960938 0.121094 0.000190416
0 0.230078 0.593359 0.0929687 0.175781 0.000197627
0 0.240625 0.594141 0.08125 0.107031 0.00020439
0 0.347656 0.499219 0.0859375 0.103125 0.0002074
0 0.801172 0.588281 0.150781 0.160938 0.000218199
0 0.407422 0.980859 0.127344 0.0382813 0.000222533
0 0.742969 0.325781 0.09375 0.107813 0.000229278
0 0.408594 0.969531 0.201562 0.0609375 0.000243223
0 0.846875 0.605078 0.132812 0.121094 0.000247703
0 0.332812 0.546875 0.0890625 0.104687 0.000251588
0 0.861328 0.367969 0.133594 0.223438 0.00027661
0 0.422266 0.585156 0.121094 0.121875 0.000281202
0 0.864062 0.591016 0.084375 0.0960938 0.000319633
0 0.886328 0.428125 0.114844 0.242188 0.000327589
0 0.227734 0.617969 0.0773437 0.103125 0.000344439
0 0.762109 0.401563 0.136719 0.148438 0.000383703
0 0.285156 0.357031 0.11875 0.184375 0.000389784
0 0.333984 0.408594 0.280469 0.501562 0.000439045
0 0.796094 0.378906 0.1375 0.139062 0.000516394
0 0.342969 0.294531 0.15625 0.190625 0.000517826
0 0.728906 0.303516 0.13125 0.211719 0.000533683
0 0.763281 0.360156 0.09375 0.109375 0.000645704
0 0.313281 0.327344 0.13125 0.1875 0.000661092
0 0.383203 0.438672 0.175781 0.353906 0.00068037
0 0.807422 0.622266 0.289844 0.227344 0.000716436
0 0.78125 0.533594 0.145313 0.2 0.000763292
0 0.842578 0.532031 0.167969 0.201562 0.00083764
0 0.379687 0.498437 0.14375 0.178125 0.000951102
0 0.408203 0.530469 0.121094 0.14375 0.0010815
0 0.321484 0.555469 0.285156 0.28125 0.00115763
0 0.742578 0.487109 0.191406 0.324219 0.001379
0 0.741797 0.254687 0.182031 0.209375 0.00142935
0 0.274609 0.486719 0.142969 0.317187 0.00157175
0 0.378516 0.548047 0.0914062 0.0992187 0.00168605
0 0.386328 0.574609 0.157031 0.152344 0.00168683
0 0.725 0.591797 0.179688 0.182031 0.00191192
0 0.816016 0.343359 0.203906 0.199219 0.00193937
0 0.879297 0.407031 0.149219 0.384375 0.00213155
0 0.312109 0.408203 0.175781 0.396094 0.00244701
0 0.330859 0.516016 0.130469 0.144531 0.00247887
0 0.257812 0.553906 0.132812 0.226562 0.00256817
0 0.89375 0.591797 0.115625 0.128906 0.0036712
0 0.893359 0.520312 0.127344 0.267188 0.00499627
0 0.307422 0.566016 0.208594 0.189844 0.00517189
0 0.805078 0.3 0.272656 0.33125 0.00540921
0 0.319141 0.504687 0.183594 0.21875 0.00613467
0 0.857031 0.585156 0.190625 0.170312 0.00632336
0 0.761719 0.344531 0.139062 0.16875 0.0096726
0 0.359375 0.532031 0.0890625 0.09375 0.0109571
0 0.783203 0.561328 0.238281 0.217969 0.0269679
0 0.807422 0.428125 0.246094 0.445312 0.0353064
0 0.362109 0.539062 0.139844 0.140625 0.0544955
0 0.773438 0.301562 0.185937 0.242188 0.0694205
