0 0.579687 0.191406 0.175 0.303125 0.00010022
0 0.655859 0.337891 0.0882813 0.107031 0.000100651
0 0.648438 0.153516 0.101562 0.127344 0.00010175
0 0.427344 0.946484 0.171875 0.107031 0.000102376
0 0.685938 0.748047 0.310937 0.435156 0.000102482
0 0.632031 0.358203 0.090625 0.108594 0.000102956
0 0.872266 0.301172 0.0664062 0.119531 0.000104724
0 0.591797 0.111328 0.0914062 0.0820312 0.000104759
0 0.0714844 0.935938 0.142969 0.128125 0.000108768
0 0.233594 0.280469 0.0875 0.109375 0.000109924
0 0.889063 0.320703 0.0328125 0.0804688 0.000111892
0 0.162891 0.569141 0.0695312 0.105469 0.000112293
0 0.678906 0.823828 0.084375 0.107031 0.000115706
0 0.660156 0.194531 0.0859375 0.15625 0.000116911
0 0.71875 0.857031 0.0796875 0.09375 0.0001175
0 0.622656 0.860547 0.164062 0.250781 0.000118106
0 0.189844 0.447656 0.275 0.478125 0.000118874
0 0.703125 0.556641 0.084375 0.114844 0.00012669
0 0.737109 0.316406 0.0960938 0.29375 0.00012965
0 0.687109 0.162109 0.0742188 0.107031 0.000135859
0 0.659766 0.491406 0.147656 0.251563 0.000139077
0 0.360547 0.220703 0.119531 0.194531 0.000141243
0 0.443359 0.907031 0.144531 0.185937 0.000143491
0 0.248437 0.158594 0.126563 0.173438 0.000147457
0 0.696875 0.804688 0.078125 0.103125 0.000149807
0 0.700391 0.496094 0.132031 0.214062 0.000157679
0 0.616016 0.552734 0.0914062 0.111719 0.000158517
0 0.695312 0.320703 0.0875 0.113281 0.000161221
0 0.739844 0.846875 0.0875 0.13125 0.000167397
0 0.657422 0.708984 0.124219 0.116406 0.000171165
0 0.695312 0.195703 0.0515625 0.0867188 0.000175702
0 0.721094 0.623828 0.103125 0.102344 0.000176285
0 0.344922 0.279297 0.128906 0.252344 0.000176694
0 0.190234 0.31875 0.113281 0.185937 0.000179684
0 0.601562 0.537109 0.304688 0.380469 0.00017999
0 0.741016 0.536719 0.300781 0.373437 0.000182108
0 0.732813 0.534375 0.0640625 0.109375 0.000186568
0 0.30625 0.427734 0.0890625 0.0914062 0.000191015
0 0.591016 0.120312 0.152344 0.184375 0.000201631
0 0.696484 0.925 0.174219 0.15 0.000215785
0 0.689844 0.756641 0.0671875 0.0835937 0.000222925
0 0.344922 0.364062 0.127344 0.221875 0.000225902
0 0.691797 0.854688 0.282031 0.282813 0.000230479
0 0.276172 0.303516 0.183594 0.213281 0.000239199
0 0.217187 0.302344 0.0921875 0.110937 0.000242923
0 0.210547 0.202344 0.153906 0.284375 0.000251483
0 0.239453 0.511328 0.144531 0.171094 0.000251937
0 0.664453 0.823828 0.139844 0.172656 0.000252296
0 0.236328 0.218359 0.119531 0.171094 0.000259744
0 0.285937 0.510547 0.139062 0.153906 0.000267343
0 0.739453 0.316797 0.128906 0.507031 0.000279409
0 0.694531 0.198828 0.0703125 0.130469 0.000284948
0 0.170703 0.475781 0.146094 0.351562 0.000290105
0 0.882031 0.305859 0.04375 0.0882813 0.000311245
0 0.241016 0.425781 0.144531 0.271875 0.000311611
0 0.279687 0.554688 0.257812 0.203125 0.000316787
0 0.323828 0.219141 0.136719 0.222656 0.00032072
0 0.373437 0.272266 0.134375 0.360156 0.000334267
0 0.680078 0.426172 0.144531 0.283594 0.000344932
0 0.687109 0.61875 0.186719 0.160938 0.000353574
0 0.203125 0.384766 0.13125 0.283594 0.000354175
0 0.217187 0.340234 0.0921875 0.0976562 0.000393265
0 0.73125 0.379687 0.3 0.592188 0.00039985
0 0.316406 0.453906 0.30625 0.414062 0.000431868
0 0.179297 0.271875 0.166406 0.310937 0.000438386
0 0.307031 0.387891 0.139062 0.225781 0.000441538
0 0.675 0.302734 0.0890625 0.103906 0.000467198
0 0.344141 0.152734 0.158594 0.267969 0.000487275
0 0.179688 0.551562 0.101562 0.1375 0.000488245
0 0.634766 0.324219 0.0929687 0.0984375 0.000489794
0 0.600781 0.511328 0.11875 0.210156 0.000554307
0 0.280859 0.155859 0.191406 0.236719 0.000615347
0 0.696484 0.360156 0.121094 0.198437 0.000616378
0 0.616797 0.406641 0.136719 0.275781 0.000633146
0 0.730469 0.406641 0.0859375 0.278906 0.000657801
0 0.716016 0.321875 0.107031 0.190625 0.000683405
0 0.599219 0.358203 0.123438 0.169531 0.000744654
0 0.679297 0.743359 0.100781 0.117969 0.000796078
0 0.694922 0.2625 0.110156 0.201562 0.000804291
0 0.678516 0.571484 0.150781 0.155469 0.000832339
0 0.716016 0.823047 0.105469 0.142969 0.00091715
0 0.304688 0.45 0.157813 0.198437 0.000966346
0 0.662891 0.893359 0.146094 0.210156 0.00098839
0 0.684375 0.7625 0.139062 0.196875 0.00103878
0 0.721875 0.576172 0.0796875 0.116406 0.00109606
0 0.6125 0.340234 0.090625 0.102344 0.00110638
0 0.742578 0.526172 0.0867188 0.255469 0.00113088
0 0.740625 0.596484 0.08125 0.149219 0.00116325
0 0.591406 0.350391 0.1625 0.283594 0.00127411
0 0.325 0.509375 0.167187 0.225 0.00148125
0 0.196875 0.521484 0.154687 0.208594 0.00159188
0 0.335938 0.435937 0.15625 0.28125 0.00191725
0 0.233594 0.338281 0.135937 0.196875 0.00216235
0 0.624609 0.555859 0.172656 0.186719 0.002766
0 0.625391 0.234375 0.222656 0.364062 0.00296224
0 0.337109 0.35 0.199219 0.542188 0.00301555
0 0.314453 0.214453 0.213281 0.369531 0.00340293
0 0.674219 0.320703 0.1375 0.188281 0.00364791
0 0.622656 0.470313 0.2 0.33125 0.00416419
0 0.69375 0.853125 0.15 0.245312 0.0051354
0 0.708984 0.317578 0.136719 0.364844 0.00539937
0 0.723047 0.567969 0.103906 0.182812 0.00771197
0 0.636719 0.341406 0.1625 0.170312 0.00772537
0 0.269922 0.472656 0.260156 0.279687 0.00820409
0 0.222656 0.280859 0.125 0.214844 0.00929601
0 0.679297 0.248828 0.155469 0.291406 0.00956622
0 0.198437 0.369141 0.165625 0.475781 0.0140716
0 0.716406 0.438672 0.126563 0.421094 0.0142973
0 0.676953 0.541406 0.207031 0.242188 0.0219564
0 0.647266 0.317187 0.192969 0.295312 0.0280503
0 0.2375 0.273828 0.178125 0.336719 0.101864
0 0.652734 0.378906 0.219531 0.532812 0.185129
0 0.264844 0.315625 0.248437 0.535937 0.265656
