0 0.321094 0.448047 0.125 0.214844 0.000103561
0 0.676172 0.512891 0.0835937 0.100781 0.000104887
0 0.638281 0.335938 0.328125 0.453125 0.000105161
0 0.285547 0.326172 0.0648438 0.0976562 0.000107151
0 0.239453 0.503906 0.0851562 0.0953125 0.00010873
0 0.608203 0.285156 0.0507812 0.0640625 0.000110501
0 0.973047 0.557813 0.0539063 0.373437 0.000115376
0 0.698438 0.624219 0.140625 0.117188 0.000119807
0 0.683984 0.657031 0.321094 0.303125 0.000126526
0 0.173828 0.690234 0.186719 0.364844 0.000131896
0 0.611328 0.341016 0.121094 0.130469 0.000132211
0 0.252734 0.364453 0.108594 0.141406 0.000134635
0 0.730078 0.535547 0.307031 0.360156 0.000141999
0 0.258203 0.966406 0.0554687 0.0640625 0.000144996
0 0.28125 0.777344 0.240625 0.215625 0.000147299
0 0.278516 0.634375 0.0867188 0.104687 0.000147897
0 0.617969 0.572266 0.0890625 0.107031 0.000152695
0 0.583594 0.315234 0.11875 0.130469 0.000162916
0 0.696484 0.533984 0.0851562 0.110156 0.000181348
0 0.184766 0.630078 0.291406 0.599219 0.000181742
0 0.977344 0.438672 0.0453125 0.314844 0.00018344
0 0.269922 0.34375 0.0726563 0.0921875 0.000187186
0 0.3375 0.613281 0.121875 0.192188 0.000195331
0 0.541797 0.429297 0.108594 0.136719 0.000204926
0 0.637109 0.554297 0.0898438 0.108594 0.000215397
0 0.276172 0.423438 0.271094 0.529688 0.000216246
0 0.239453 0.618359 0.0914062 0.108594 0.000225431
0 0.566797 0.443359 0.0914062 0.103906 0.000226147
0 0.656641 0.533594 0.0867188 0.10625 0.000231413
0 0.649219 0.390234 0.115625 0.117969 0.000247639
0 0.548828 0.521094 0.135156 0.210938 0.000247998
0 0.717188 0.60625 0.0796875 0.0796875 0.000265009
0 0.572656 0.363281 0.182812 0.253125 0.000269826
0 0.303516 0.329297 0.102344 0.132031 0.000274191
0 0.726172 0.602734 0.152344 0.177344 0.000281493
0 0.328516 0.442187 0.153906 0.360938 0.000287436
0 0.617578 0.60625 0.133594 0.1375 0.000288386
0 0.739453 0.565625 0.0976562 0.159375 0.000306242
0 0.732422 0.592578 0.0710938 0.0867188 0.000308153
0 0.605469 0.605078 0.317187 0.347656 0.000309683
0 0.274609 0.467578 0.0789063 0.0820312 0.000319283
0 0.638281 0.371094 0.16875 0.19375 0.000332638
0 0.244922 0.508984 0.110156 0.152344 0.000339434
0 0.676953 0.588672 0.0898438 0.0882813 0.000374972
0 0.603906 0.315625 0.075 0.090625 0.000377113
0 0.226172 0.486328 0.0679687 0.0820312 0.000391158
0 0.245312 0.871094 0.3125 0.257812 0.000393091
0 0.219922 0.480469 0.144531 0.30625 0.00039636
0 0.285937 0.3625 0.0875 0.0984375 0.000396721
0 0.326562 0.387109 0.090625 0.117969 0.000396983
0 0.236719 0.694531 0.0890625 0.109375 0.000431812
0 0.257031 0.653516 0.090625 0.102344 0.000450719
0 0.222266 0.717578 0.0820312 0.113281 0.000486879
0 0.675 0.554297 0.090625 0.110156 0.000536056
0 0.666016 0.409375 0.128906 0.185937 0.000561239
0 0.329297 0.689062 0.213281 0.273438 0.000611506
0 0.676953 0.625781 0.238281 0.1625 0.00063048
0 0.613281 0.429297 0.209375 0.182031 0.000636207
0 0.715234 0.572656 0.0820312 0.104687 0.000650831
0 0.220313 0.476953 0.078125 0.157031 0.000673398
0 0.596875 0.549219 0.140625 0.1625 0.000834567
0 0.274219 0.469141 0.110937 0.144531 0.000938021
0 0.221875 0.65625 0.084375 0.110937 0.00101281
0 0.327734 0.834375 0.319531 0.33125 0.00113148
0 0.676562 0.470703 0.140625 0.253906 0.00117035
0 0.328906 0.561719 0.16875 0.309375 0.00119443
0 0.279687 0.532812 0.145313 0.264062 0.00122194
0 0.570703 0.446094 0.130469 0.146875 0.00123989
0 0.313281 0.362109 0.090625 0.108594 0.00161478
0 0.658203 0.585156 0.141406 0.120312 0.00162429
0 0.297266 0.595703 0.164844 0.191406 0.00185114
0 0.600781 0.592188 0.196875 0.185937 0.00197864
0 0.20625 0.807422 0.271875 0.377344 0.00209612
0 0.244531 0.575391 0.140625 0.266406 0.00210139
0 0.243359 0.471094 0.0914062 0.084375 0.00210288
0 0.294922 0.399609 0.152344 0.202344 0.00234806
0 0.246484 0.450391 0.119531 0.169531 0.00239984
0 0.217187 0.609766 0.15625 0.385156 0.00254656
0 0.712109 0.594141 0.116406 0.113281 0.00272667
0 0.577734 0.482812 0.166406 0.23125 0.00297965
0 0.706641 0.526172 0.144531 0.228906 0.00413499
0 0.225781 0.658203 0.1125 0.172656 0.00543661
0 0.657031 0.532422 0.146875 0.177344 0.00661901
0 0.217578 0.726172 0.139844 0.250781 0.00747637
0 0.621484 0.448047 0.236719 0.324219 0.00842395
0 0.259766 0.639063 0.164844 0.184375 0.0125333
0 0.278906 0.764453 0.290625 0.360156 0.0222587
0 0.674609 0.579297 0.200781 0.171094 0.0225919
0 0.266797 0.703125 0.197656 0.278125 0.11689
0 0.274609 0.541016 0.203906 0.419531 0.127492
0 0.641016 0.525781 0.233594 0.246875 0.153491
