0 0.296484 0.468359 0.194531 0.185156 0.000101256
0 0.308203 0.678516 0.142969 0.189844 0.000106584
0 0.287109 0.737109 0.141406 0.125781 0.000107639
0 0.397266 0.636328 0.164844 0.421094 0.000108351
0 0.861328 0.760156 0.0867188 0.109375 0.000111174
0 0.873047 0.204688 0.253906 0.409375 0.000111426
0 0.301562 0.244141 0.0875 0.0882813 0.000113645
0 0.877734 0.846484 0.0929687 0.117969 0.000120934
0 0.376172 0.612891 0.133594 0.267969 0.000123446
0 0.734375 0.0355469 0.376563 0.0710938 0.00013036
0 0.390625 0.297266 0.142188 0.202344 0.00013056
0 0.898047 0.715234 0.144531 0.469531 0.000132317
0 0.807813 0.611719 0.11875 0.201562 0.000132376
0 0.259375 0.334375 0.08125 0.0828125 0.000133884
0 0.236719 0.471875 0.0859375 0.115625 0.000141973
0 0.303125 0.252344 0.326562 0.326562 0.000144194
0 0.695312 0.566797 0.14375 0.230469 0.000144743
0 0.199219 0.464063 0.110937 0.25625 0.000148611
0 0.795313 0.0546875 0.404687 0.10625 0.00015556
0 0.192188 0.803906 0.179688 0.264062 0.000157162
0 0.771875 0.230859 0.320312 0.353906 0.000158672
0 0.805078 0.742578 0.138281 0.180469 0.000159947
0 0.689844 0.776563 0.145313 0.210938 0.000167738
0 0.835547 0.623047 0.271094 0.535156 0.000172528
0 0.742969 0.319141 0.189063 0.189844 0.000178222
0 0.721875 0.164062 0.279687 0.185937 0.000180963
0 0.386719 0.776953 0.120312 0.146094 0.00019323
0 0.229687 0.866797 0.265625 0.247656 0.000194963
0 0.393359 0.374609 0.133594 0.211719 0.000205513
0 0.246484 0.321484 0.0914062 0.133594 0.000205725
0 0.755859 0.765625 0.299219 0.282813 0.000225234
0 0.348047 0.701953 0.0898438 0.105469 0.000229582
0 0.733594 0.608203 0.184375 0.299219 0.000237879
0 0.320703 0.0292969 0.260156 0.0585938 0.000239513
0 0.221094 0.527734 0.10625 0.183594 0.000257607
0 0.701953 0.644141 0.141406 0.192969 0.000266428
0 0.219141 0.59375 0.121094 0.20625 0.000278599
0 0.8375 0.509375 0.0953125 0.164062 0.000304762
0 0.692578 0.703125 0.127344 0.190625 0.000306074
0 0.844531 0.737109 0.0828125 0.0945313 0.000306564
0 0.827344 0.678906 0.129688 0.242188 0.000311218
0 0.784375 0.321484 0.132812 0.158594 0.000323278
0 0.259375 0.767969 0.304688 0.3 0.000338821
0 0.783984 0.776563 0.207031 0.182812 0.00035788
0 0.841797 0.611328 0.110156 0.252344 0.000362788
0 0.341016 0.568359 0.196094 0.416406 0.00036838
0 0.873047 0.806641 0.113281 0.182031 0.000394668
0 0.336719 0.386719 0.220313 0.30625 0.000398596
0 0.189453 0.757031 0.127344 0.171875 0.000399797
0 0.809766 0.528516 0.122656 0.239844 0.000406255
0 0.790625 0.424219 0.125 0.20625 0.000419746
0 0.344922 0.739453 0.0914062 0.0976562 0.000434819
0 0.385547 0.707422 0.125781 0.207031 0.000449739
0 0.309766 0.791016 0.228906 0.196094 0.000505313
0 0.869922 0.692578 0.121094 0.311719 0.000533822
0 0.238672 0.426953 0.0851562 0.0929687 0.000596054
0 0.844531 0.723047 0.110937 0.160156 0.000621972
0 0.747266 0.360938 0.275781 0.370313 0.000669341
0 0.725 0.244531 0.229687 0.23125 0.000822431
0 0.310547 0.248437 0.146094 0.109375 0.0008444
0 0.199609 0.691406 0.146094 0.25 0.000956662
0 0.814062 0.385547 0.114063 0.210156 0.00105411
0 0.356641 0.702344 0.125781 0.153125 0.00110693
0 0.242969 0.408984 0.104687 0.166406 0.00117856
0 0.821484 0.469141 0.113281 0.196094 0.00124395
0 0.230078 0.559375 0.150781 0.357812 0.001328
0 0.251172 0.756641 0.246094 0.177344 0.00156583
0 0.741016 0.718359 0.205469 0.252344 0.00158435
0 0.761719 0.536719 0.223438 0.464063 0.00163507
0 0.324609 0.288672 0.203906 0.207031 0.00195982
0 0.271094 0.3125 0.13125 0.215625 0.0021639
0 0.833203 0.521094 0.122656 0.359375 0.00220731
0 0.239063 0.469141 0.114063 0.189844 0.00226927
0 0.29375 0.535547 0.292188 0.563281 0.00261126
0 0.847266 0.765234 0.149219 0.210156 0.00287377
0 0.345703 0.665234 0.166406 0.247656 0.00309204
0 0.779688 0.333984 0.173438 0.278906 0.00320187
0 0.810547 0.722656 0.203906 0.270312 0.00436955
0 0.345703 0.748438 0.142969 0.145313 0.00482174
0 0.287109 0.653516 0.247656 0.310156 0.0064014
0 0.819141 0.607422 0.163281 0.441406 0.00730738
0 0.276172 0.371484 0.175781 0.322656 0.00891015
0 0.809375 0.444922 0.1375 0.346094 0.00960564
0 0.253906 0.445312 0.151562 0.29375 0.0105462
0 0.307813 0.719922 0.204688 0.183594 0.0110051
