0 0.89375 0.561719 0.160938 0.520312 0.000101324
0 0.871484 0.0789063 0.257031 0.157813 0.000102119
0 0.849609 0.296094 0.203906 0.325 0.00010457
0 0.658594 0.615625 0.128125 0.267188 0.000111306
0 0.383984 0.614062 0.0898438 0.114063 0.000116386
0 0.194141 0.670703 0.0914062 0.105469 0.00011747
0 0.0355469 0.928516 0.0710938 0.142969 0.00011918
0 0.860937 0.683984 0.120312 0.213281 0.000122474
0 0.747266 0.786328 0.341406 0.277344 0.000122842
0 0.0574219 0.710938 0.111719 0.578125 0.000127341
0 0.238672 0.430859 0.0789063 0.110156 0.000127685
0 0.7375 0.513281 0.15625 0.157813 0.000130567
0 0.0941406 0.931641 0.188281 0.133594 0.000132769
0 0.855859 0.189844 0.288281 0.379687 0.000135934
0 0.859766 0.760156 0.0867188 0.115625 0.000139212
0 0.665234 0.735937 0.175781 0.173438 0.000140094
0 0.805469 0.553125 0.129688 0.198437 0.000147578
0 0.0363281 0.81875 0.0726563 0.3625 0.000164642
0 0.741406 0.574219 0.175 0.209375 0.000174065
0 0.787891 0.734766 0.150781 0.182031 0.000179562
0 0.695312 0.448828 0.135937 0.324219 0.000185273
0 0.319141 0.322266 0.172656 0.207031 0.000189344
0 0.178125 0.566406 0.128125 0.35 0.000191979
0 0.694141 0.512891 0.0820312 0.103906 0.000194213
0 0.339063 0.703125 0.295312 0.235938 0.000200716
0 0.283203 0.634375 0.147656 0.157813 0.000218059
0 0.0867188 0.807813 0.173438 0.384375 0.00022403
0 0.300391 0.404687 0.211719 0.346875 0.000238989
0 0.207813 0.4875 0.1 0.179688 0.000239506
0 0.213281 0.638672 0.090625 0.100781 0.000242785
0 0.803516 0.619531 0.147656 0.271875 0.000248086
0 0.842969 0.739844 0.0890625 0.1125 0.000254385
0 0.799609 0.384766 0.0835937 0.119531 0.000262795
0 0.783203 0.307813 0.182031 0.185937 0.000268073
0 0.701172 0.280078 0.139844 0.169531 0.000289298
0 0.822266 0.451172 0.114844 0.235156 0.000303451
0 0.857031 0.511719 0.10625 0.1875 0.000318331
0 0.39375 0.614062 0.284375 0.295312 0.000320064
0 0.875 0.796094 0.165625 0.259375 0.00032753
0 0.0558594 0.887109 0.110156 0.225781 0.00034593
0 0.328906 0.596484 0.148438 0.185156 0.00036487
0 0.398828 0.474219 0.186719 0.4375 0.000364878
0 0.399219 0.673828 0.165625 0.238281 0.00037422
0 0.237109 0.557422 0.141406 0.221094 0.000377451
0 0.804297 0.388281 0.113281 0.185937 0.000399334
0 0.224219 0.433203 0.1 0.183594 0.000406135
0 0.717969 0.658984 0.142188 0.202344 0.000408618
0 0.235938 0.469141 0.0859375 0.113281 0.000409073
0 0.758203 0.6375 0.142969 0.232812 0.000424152
0 0.346875 0.649219 0.148438 0.176563 0.00049707
0 0.265234 0.411719 0.141406 0.21875 0.000657603
0 0.401563 0.312891 0.157813 0.149219 0.000672882
0 0.678516 0.677734 0.139844 0.163281 0.000692185
0 0.810938 0.446094 0.173438 0.321875 0.000740632
0 0.366797 0.386719 0.217969 0.340625 0.000773522
0 0.735937 0.400781 0.207813 0.382812 0.000849321
0 0.236328 0.637891 0.144531 0.147656 0.000870033
0 0.182812 0.638281 0.0890625 0.145313 0.000874126
0 0.411719 0.571875 0.139062 0.273438 0.000918101
0 0.721484 0.713281 0.271094 0.198437 0.000918841
0 0.824219 0.510938 0.109375 0.13125 0.00102318
0 0.801172 0.68125 0.194531 0.2125 0.00117716
0 0.694531 0.516016 0.114063 0.192969 0.00119172
0 0.833203 0.758984 0.282031 0.316406 0.00121941
0 0.882031 0.710156 0.14375 0.335938 0.00137843
0 0.197656 0.666016 0.128125 0.153906 0.00152187
0 0.697266 0.572266 0.153906 0.311719 0.00173391
0 0.839453 0.521094 0.144531 0.307813 0.00199693
0 0.808984 0.485938 0.230469 0.545313 0.00260154
0 0.205469 0.607422 0.1375 0.228906 0.00307463
0 0.7 0.650391 0.217187 0.266406 0.00507665
0 0.231641 0.482031 0.128906 0.253125 0.00669857
0 0.842578 0.614062 0.174219 0.407813 0.00868756
0 0.260547 0.673047 0.261719 0.202344 0.00946116
0 0.752344 0.560938 0.26875 0.485938 0.0163722
0 0.374609 0.607031 0.178906 0.232812 0.0165978
0 0.841016 0.733203 0.166406 0.238281 0.0172144
0 0.304297 0.494141 0.286719 0.457031 0.0226285
0 0.239453 0.552344 0.188281 0.34375 0.0273262
0 0.782422 0.689062 0.271094 0.31875 0.0908341
0 0.305078 0.623438 0.299219 0.248437 0.168721
