0 0.250391 0.367578 0.132031 0.161719 0.000101795
0 0.189453 0.570312 0.135156 0.2875 0.000102541
0 0.200781 0.654297 0.13125 0.158594 0.000106251
0 0.339453 0.0339844 0.208594 0.0664062 0.000108445
0 0.724609 0.384375 0.153906 0.207813 0.000118358
0 0.303125 0.36875 0.18125 0.19375 0.000120562
0 0.975391 0.808203 0.0492188 0.383594 0.000124696
0 0.350781 0.226172 0.148438 0.142969 0.000128976
0 0.306641 0.623828 0.152344 0.255469 0.000133597
0 0.0785156 0.0355469 0.157031 0.0710938 0.000141389
0 0.917969 0.059375 0.164062 0.11875 0.000157786
0 0.336328 0.640625 0.264844 0.46875 0.000162613
0 0.659375 0.791797 0.214062 0.255469 0.00017329
0 0.200391 0.760156 0.200781 0.309375 0.000177732
0 0.271875 0.0472656 0.25625 0.0945313 0.000183647
0 0.329297 0.6875 0.139844 0.201562 0.000193396
0 0.0367187 0.0371094 0.071875 0.0742188 0.000196426
0 0.111719 0.0523437 0.223438 0.1 0.000215816
0 0.245703 0.666797 0.274219 0.352344 0.000222593
0 0.753516 0.670313 0.0914062 0.101562 0.000230013
0 0.242578 0.736328 0.128906 0.175781 0.000243809
0 0.228516 0.577344 0.197656 0.390625 0.000266424
0 0.638672 0.452734 0.175781 0.164844 0.000272363
0 0.697656 0.489844 0.204688 0.295312 0.000281609
0 0.719531 0.689844 0.084375 0.109375 0.000300085
0 0.627344 0.649609 0.165625 0.238281 0.000303704
0 0.0550781 0.0566406 0.110156 0.113281 0.000307821
0 0.757422 0.800391 0.192969 0.324219 0.000329221
0 0.767578 0.526172 0.116406 0.249219 0.000330193
0 0.202734 0.653516 0.167969 0.247656 0.000447882
0 0.659766 0.567187 0.233594 0.373437 0.000542877
0 0.658984 0.7 0.186719 0.209375 0.000564643
0 0.753516 0.716016 0.141406 0.230469 0.000725633
0 0.298828 0.721875 0.169531 0.20625 0.000938992
0 0.720312 0.622266 0.14375 0.175781 0.00105212
0 0.75625 0.612891 0.14375 0.249219 0.00147139
0 0.698438 0.660547 0.295312 0.383594 0.00155989
0 0.714063 0.582422 0.1875 0.308594 0.00218487
0 0.247266 0.705469 0.202344 0.232812 0.00321431
0 0.683203 0.65 0.186719 0.2125 0.00397224
0 0.708594 0.737109 0.19375 0.264844 0.0118827
0 0.726172 0.658594 0.102344 0.114063 0.0362361
0 0.718359 0.684375 0.141406 0.173438 0.0380428
