0 0.633984 0.979688 0.216406 0.040625 0.000100236
0 0.280859 0.978906 0.236719 0.0421875 0.000101333
0 0.425781 0.978906 0.234375 0.0421875 0.000104279
0 0.392578 0.608984 0.225781 0.344531 0.000105167
0 0.779297 0.0476562 0.244531 0.0953125 0.000106561
0 0.983203 0.491016 0.0335938 0.199219 0.000108961
0 0.687891 0.0265625 0.161719 0.053125 0.000109691
0 0.697266 0.605859 0.211719 0.388281 0.000111783
0 0.553906 0.695312 0.2875 0.384375 0.000112553
0 0.0324219 0.400781 0.0632813 0.457812 0.00011437
0 0.476562 0.0449219 0.176563 0.0898438 0.000118405
0 0.841016 0.0164062 0.196094 0.0328125 0.000121612
0 0.810156 0.521094 0.209375 0.4625 0.000123096
0 0.983203 0.760938 0.0335938 0.234375 0.000123924
0 0.782422 0.694531 0.130469 0.242188 0.000124
0 0.0730469 0.0519531 0.146094 0.103906 0.000124234
0 0.495313 0.137891 0.215625 0.274219 0.000127886
0 0.0304688 0.8125 0.0609375 0.348437 0.000133809
0 0.174219 0.782812 0.065625 0.0984375 0.000138209
0 0.688672 0.113672 0.216406 0.214844 0.000140141
0 0.798828 0.980078 0.194531 0.0398437 0.000144069
0 0.551953 0.979297 0.221094 0.0414063 0.000145492
0 0.1125 0.159766 0.214062 0.319531 0.000151639
0 0.905469 0.607813 0.175 0.395312 0.000155867
0 0.432422 0.690625 0.282031 0.33125 0.000160295
0 0.189063 0.106641 0.242188 0.210156 0.000160484
0 0.0339844 0.226172 0.0679687 0.355469 0.000161298
0 0.107813 0.814844 0.207813 0.314063 0.000162183
0 0.727734 0.485938 0.197656 0.401563 0.000162878
0 0.0640625 0.351172 0.126563 0.527344 0.000168762
0 0.234375 0.524609 0.196875 0.455469 0.000168982
0 0.627344 0.0574219 0.190625 0.114844 0.00017532
0 0.0617188 0.89375 0.123438 0.209375 0.000179166
0 0.0675781 0.966797 0.135156 0.0664062 0.000182317
0 0.716797 0.0421875 0.196094 0.084375 0.000183501
0 0.378906 0.296875 0.315625 0.496875 0.000185974
0 0.170312 0.212891 0.259375 0.380469 0.000189289
0 0.220313 0.905469 0.228125 0.1875 0.000189531
0 0.346094 0.520703 0.228125 0.496094 0.000189773
0 0.481641 0.564453 0.357031 0.507031 0.000191129
0 0.550391 0.053125 0.174219 0.10625 0.000200017
0 0.902734 0.434766 0.182031 0.291406 0.000203416
0 0.850781 0.965234 0.254687 0.0695312 0.000208555
0 0.195703 0.380078 0.299219 0.591406 0.000211174
0 0.612891 0.135156 0.222656 0.2625 0.00021715
0 0.983203 0.574609 0.0335938 0.230469 0.000218032
0 0.634375 0.363672 0.19375 0.280469 0.000240516
0 0.619922 0.227344 0.200781 0.254687 0.000243657
0 0.766406 0.609766 0.160938 0.385156 0.000244853
0 0.235156 0.015625 0.13125 0.03125 0.000251265
0 0.0855469 0.942578 0.171094 0.114844 0.000251862
0 0.893359 0.0269531 0.207031 0.0539063 0.000258012
0 0.649609 0.771094 0.216406 0.317187 0.000264052
0 0.724219 0.966797 0.301562 0.0664062 0.000264167
0 0.179297 0.0164062 0.178906 0.0328125 0.0002668
0 0.932813 0.962109 0.134375 0.0757812 0.000266997
0 0.207422 0.866406 0.347656 0.267188 0.00026854
0 0.965625 0.109375 0.06875 0.21875 0.000278172
0 0.355469 0.688672 0.265625 0.391406 0.000278349
0 0.830078 0.128125 0.274219 0.25625 0.000279319
0 0.907812 0.104297 0.184375 0.208594 0.000287715
0 0.108594 0.276172 0.2 0.391406 0.000298328
0 0.948047 0.521094 0.100781 0.309375 0.0002997
0 0.227734 0.811719 0.202344 0.25625 0.000308372
0 0.544531 0.196094 0.207813 0.353125 0.000323116
0 0.969531 0.354297 0.0609375 0.382031 0.000328549
0 0.295703 0.392578 0.246094 0.555469 0.000338811
0 0.0707031 0.210547 0.136719 0.385156 0.000343619
0 0.0359375 0.682422 0.071875 0.594531 0.000344722
0 0.189063 0.850391 0.179688 0.213281 0.000345426
0 0.140234 0.964453 0.264844 0.0710938 0.000350544
0 0.0636719 0.796484 0.127344 0.392969 0.000360593
0 0.641406 0.464063 0.232812 0.417188 0.000366366
0 0.801953 0.691797 0.175781 0.392969 0.000369866
0 0.814062 0.935938 0.279687 0.128125 0.000372622
0 0.692187 0.370703 0.164062 0.283594 0.000376117
0 0.176953 0.800781 0.0898438 0.165625 0.000376779
0 0.539062 0.292969 0.275 0.514063 0.000383364
0 0.688672 0.860156 0.321094 0.253125 0.000383951
0 0.431641 0.964844 0.325781 0.0703125 0.000395649
0 0.813672 0.0253906 0.232031 0.0507812 0.000401744
0 0.455078 0.383203 0.361719 0.699219 0.000418017
0 0.522266 0.899609 0.233594 0.200781 0.000421626
0 0.0285156 0.564844 0.0523437 0.535937 0.00043496
0 0.769922 0.813281 0.189844 0.189063 0.000440263
0 0.309766 0.963281 0.330469 0.0734375 0.000454703
0 0.680078 0.274219 0.0882813 0.090625 0.000478129
0 0.963672 0.224219 0.0695312 0.43125 0.000484976
0 0.198828 0.0382813 0.197656 0.0765625 0.000500558
0 0.185547 0.772266 0.133594 0.250781 0.000530302
0 0.932422 0.348437 0.135156 0.3375 0.000538804
0 0.980859 0.883594 0.0382813 0.232812 0.000540848
0 0.218359 0.0257812 0.147656 0.0515625 0.000557801
0 0.598437 0.963281 0.296875 0.0734375 0.000576531
0 0.974609 0.525781 0.0507812 0.396875 0.00058463
0 0.121484 0.898828 0.235156 0.202344 0.000587979
0 0.534375 0.549219 0.432813 0.815625 0.000594097
0 0.834766 0.283984 0.274219 0.486719 0.000595732
0 0.876953 0.0539063 0.230469 0.107813 0.000611507
0 0.1875 0.943359 0.325 0.113281 0.000617458
0 0.935156 0.0785156 0.125 0.155469 0.000684798
0 0.146094 0.707031 0.2 0.46875 0.000749094
0 0.855469 0.799609 0.282813 0.400781 0.000759006
0 0.66875 0.281641 0.128125 0.135156 0.000767442
0 0.966406 0.903906 0.0671875 0.190625 0.000803626
0 0.692187 0.938672 0.35625 0.122656 0.000809849
0 0.653125 0.628516 0.271875 0.603906 0.000958805
0 0.798437 0.885547 0.315625 0.228906 0.000966468
0 0.196484 0.568359 0.253906 0.746094 0.0010033
0 0.293359 0.889453 0.310156 0.221094 0.00105159
0 0.529297 0.810547 0.322656 0.378906 0.00106732
0 0.285547 0.801562 0.283594 0.33125 0.00108066
0 0.612891 0.895312 0.325781 0.209375 0.0011149
0 0.348437 0.479688 0.364062 0.85 0.00112106
0 0.887109 0.921484 0.222656 0.157031 0.00117319
0 0.9375 0.467187 0.123438 0.69375 0.00121025
0 0.939453 0.153125 0.121094 0.30625 0.00121509
0 0.379297 0.815234 0.347656 0.364844 0.00123151
0 0.364844 0.940625 0.376563 0.11875 0.00124189
0 0.455469 0.728125 0.396875 0.528125 0.0012938
0 0.0992187 0.54375 0.19375 0.825 0.0012942
0 0.539453 0.940625 0.317969 0.11875 0.00133744
0 0.813281 0.524219 0.34375 0.904688 0.00134269
0 0.785547 0.788281 0.222656 0.332812 0.00141595
0 0.897266 0.355469 0.194531 0.551562 0.00157645
0 0.447266 0.872266 0.364844 0.255469 0.00165322
0 0.0507812 0.557031 0.1 0.795313 0.00171942
0 0.968359 0.812891 0.0617188 0.374219 0.00189534
0 0.726172 0.716406 0.230469 0.398438 0.00201099
0 0.217578 0.700391 0.185156 0.444531 0.00250337
0 0.965625 0.652734 0.0671875 0.607031 0.00268313
0 0.716797 0.558203 0.255469 0.777344 0.00288449
0 0.933203 0.864453 0.133594 0.271094 0.0037019
0 0.911328 0.215234 0.172656 0.430469 0.00370853
0 0.775391 0.63125 0.202344 0.6125 0.00397669
0 0.275 0.617969 0.273438 0.609375 0.00448738
0 0.939453 0.707422 0.119531 0.582031 0.00654991
0 0.898828 0.630469 0.199219 0.698438 0.00674936
