0 0.364453 0.331641 0.247656 0.236719 0.000106481
0 0.189844 0.128906 0.373437 0.257812 0.00010891
0 0.673828 0.705469 0.353906 0.417188 0.000110156
0 0.754687 0.400781 0.325 0.425 0.000118004
0 0.421094 0.622266 0.38125 0.610156 0.000120378
0 0.660937 0.355078 0.173438 0.207031 0.000128556
0 0.173828 0.622656 0.325781 0.632812 0.000133119
0 0.761719 0.491406 0.13125 0.234375 0.00013546
0 0.227734 0.248437 0.421094 0.496875 0.000148309
0 0.282813 0.548828 0.215625 0.203906 0.000152728
0 0.283203 0.466016 0.196094 0.203906 0.000153146
0 0.701953 0.507422 0.177344 0.175781 0.000160004
0 0.244141 0.676562 0.242969 0.198437 0.00016603
0 0.821875 0.627734 0.321875 0.633594 0.000171753
0 0.667188 0.603125 0.215625 0.409375 0.000186063
0 0.722266 0.361328 0.161719 0.174219 0.00019373
0 0.401172 0.385547 0.180469 0.249219 0.000195429
0 0.302344 0.615625 0.176563 0.178125 0.0002075
0 0.758984 0.677344 0.175781 0.1875 0.000221272
0 0.751172 0.398828 0.121094 0.169531 0.000236893
0 0.727734 0.746484 0.250781 0.272656 0.000259408
0 0.325391 0.657031 0.138281 0.170312 0.000268858
0 0.349609 0.770703 0.272656 0.374219 0.000304136
0 0.379687 0.644141 0.192188 0.283594 0.000337443
0 0.762109 0.610937 0.146094 0.25625 0.00041392
0 0.201562 0.596875 0.204688 0.385938 0.000452792
0 0.704297 0.682031 0.205469 0.234375 0.00049273
0 0.794531 0.682422 0.159375 0.263281 0.000510997
0 0.233594 0.767187 0.334375 0.39375 0.000534732
0 0.807813 0.622266 0.173438 0.471094 0.000541632
0 0.235938 0.512109 0.1375 0.224219 0.000602711
0 0.391016 0.469531 0.228906 0.439063 0.00061474
0 0.246094 0.403125 0.334375 0.476562 0.000631014
0 0.710547 0.412891 0.221094 0.296094 0.00077538
0 0.736328 0.550391 0.172656 0.183594 0.000874889
0 0.346875 0.597656 0.2375 0.43125 0.00102018
0 0.317578 0.415234 0.272656 0.366406 0.00114913
0 0.313281 0.682422 0.215625 0.235156 0.00148251
0 0.750781 0.4875 0.18125 0.35625 0.0015954
0 0.760156 0.632812 0.210938 0.367188 0.00381748
0 0.294531 0.682422 0.3125 0.330469 0.00409563
0 0.244141 0.519531 0.224219 0.4125 0.00466926
0 0.307422 0.517969 0.360156 0.532812 0.375906
0 0.721094 0.528516 0.276563 0.552344 0.473274
