0 0.0714844 0.939062 0.139844 0.121875 0.000100271
0 0.652344 0.196484 0.0546875 0.0773437 0.000101099
0 0.224609 0.966016 0.272656 0.0679687 0.000103406
0 0.2375 0.309766 0.192188 0.385156 0.00010354
0 0.553516 0.136328 0.102344 0.0945313 0.000108269
0 0.88125 0.565625 0.0390625 0.109375 0.000114826
0 0.107813 0.214453 0.0828125 0.122656 0.000118309
0 0.555078 0.179297 0.0648438 0.0757812 0.0001189
0 0.0964844 0.222266 0.0679687 0.0757812 0.000123234
0 0.641797 0.963281 0.322656 0.0734375 0.000125072
0 0.215625 0.369141 0.151562 0.136719 0.000128372
0 0.0828125 0.323047 0.15625 0.308594 0.000129597
0 0.932031 0.560938 0.0875 0.159375 0.000130024
0 0.154297 0.170312 0.0539063 0.0609375 0.0001307
0 0.133594 0.224609 0.171875 0.157031 0.000130987
0 0.716797 0.487891 0.149219 0.183594 0.000134318
0 0.930469 0.525 0.0609375 0.157813 0.000134749
0 0.584375 0.138672 0.075 0.0648438 0.000134967
0 0.110156 0.225 0.046875 0.0546875 0.000136356
0 0.894141 0.637109 0.0351562 0.108594 0.000145502
0 0.885156 0.554297 0.0234375 0.0929687 0.000148988
0 0.644141 0.257031 0.182031 0.285937 0.000151253
0 0.641797 0.206641 0.0914062 0.114844 0.000151844
0 0.657031 0.505859 0.153125 0.186719 0.000152177
0 0.152734 0.5625 0.275781 0.323438 0.000152666
0 0.705859 0.680469 0.417969 0.528125 0.000156406
0 0.636328 0.565625 0.267969 0.192188 0.000156464
0 0.141016 0.903516 0.277344 0.192969 0.000162401
0 0.883203 0.602344 0.0445312 0.120312 0.000167016
0 0.533594 0.508984 0.140625 0.200781 0.000167345
0 0.140234 0.183203 0.0820312 0.0929687 0.000169297
0 0.551172 0.201562 0.0617188 0.0703125 0.00017412
0 0.114844 0.502734 0.146875 0.157031 0.000176185
0 0.134766 0.349219 0.183594 0.165625 0.000183006
0 0.059375 0.542969 0.115625 0.189063 0.000184357
0 0.573047 0.277344 0.257031 0.375 0.000194298
0 0.735156 0.398047 0.184375 0.380469 0.000197805
0 0.586328 0.430469 0.141406 0.154687 0.000216343
0 0.218359 0.448438 0.149219 0.260938 0.000242132
0 0.110156 0.966797 0.220313 0.0664062 0.000250458
0 0.754297 0.555078 0.252344 0.225781 0.000284174
0 0.551953 0.200781 0.0914062 0.0984375 0.000298425
0 0.887891 0.594141 0.0242187 0.0976562 0.000311595
0 0.930078 0.608203 0.0664062 0.142969 0.000327889
0 0.612891 0.221875 0.167969 0.15625 0.000351346
0 0.655469 0.432422 0.260938 0.177344 0.000372129
0 0.613672 0.488672 0.153906 0.208594 0.000404923
0 0.173047 0.467187 0.146094 0.2125 0.000407569
0 0.148047 0.257422 0.242969 0.322656 0.00040987
0 0.570703 0.15625 0.0882813 0.090625 0.000435542
0 0.133984 0.525391 0.241406 0.178906 0.000461862
0 0.0632813 0.425781 0.110937 0.15 0.000468314
0 0.107813 0.207422 0.0578125 0.0742188 0.00047544
0 0.557813 0.196875 0.148438 0.151562 0.000480692
0 0.173047 0.3875 0.242969 0.195312 0.000494484
0 0.649219 0.234766 0.0796875 0.0914062 0.000496924
0 0.540625 0.407031 0.190625 0.2125 0.000588047
0 0.102344 0.214453 0.0421875 0.0507812 0.000605692
0 0.156641 0.950391 0.308594 0.0992187 0.000894715
0 0.546094 0.510547 0.220313 0.264844 0.00104654
0 0.208984 0.504297 0.308594 0.291406 0.00114625
0 0.208984 0.405859 0.266406 0.324219 0.00123548
0 0.128906 0.446875 0.154687 0.226562 0.00151678
0 0.634375 0.359375 0.321875 0.517187 0.00187342
0 0.574219 0.451562 0.21875 0.20625 0.00243039
0 0.648047 0.578906 0.389844 0.31875 0.00300034
0 0.707031 0.485156 0.25 0.235938 0.00391167
0 0.585156 0.423047 0.275 0.330469 0.00666115
0 0.0863281 0.472266 0.171094 0.244531 0.00715796
0 0.0910156 0.407422 0.127344 0.107031 0.00975734
0 0.103125 0.398047 0.190625 0.221094 0.0118948
0 0.169922 0.337109 0.310156 0.507031 0.0235694
0 0.142969 0.453125 0.276563 0.29375 0.31841
0 0.630078 0.493359 0.338281 0.289844 0.346666
