0 0.730078 0.307813 0.0679687 0.0796875 0.000113123
0 0.761719 0.714063 0.0890625 0.10625 0.000120821
0 0.631641 0.683594 0.144531 0.201562 0.000137177
0 0.371875 0.65 0.160938 0.179688 0.000142173
0 0.678906 0.713672 0.090625 0.100781 0.000151314
0 0.752734 0.345313 0.0554687 0.075 0.000182565
0 0.796094 0.700391 0.0875 0.105469 0.000194761
0 0.244531 0.598828 0.160938 0.277344 0.000206384
0 0.740234 0.394141 0.110156 0.194531 0.00024575
0 0.716797 0.584766 0.282031 0.380469 0.00026046
0 0.737109 0.329297 0.0679687 0.0757812 0.000283471
0 0.738672 0.483594 0.142969 0.375 0.000329559
0 0.322266 0.675 0.146094 0.145313 0.000338534
0 0.799219 0.646875 0.121875 0.24375 0.000356644
0 0.729297 0.343359 0.0914062 0.114844 0.000368924
0 0.340625 0.692187 0.246875 0.179688 0.000373324
0 0.214844 0.653516 0.139062 0.236719 0.000433658
0 0.702344 0.746484 0.217187 0.186719 0.000647891
0 0.710938 0.307422 0.0609375 0.0632813 0.000670086
0 0.240625 0.705078 0.182812 0.199219 0.000736311
0 0.319141 0.619531 0.202344 0.198437 0.000751186
0 0.280859 0.657031 0.146094 0.154687 0.000882143
0 0.759766 0.679688 0.0882813 0.10625 0.00106153
0 0.682031 0.712891 0.153125 0.163281 0.00129378
0 0.761719 0.620703 0.16875 0.285156 0.00207549
0 0.693359 0.652734 0.205469 0.210156 0.00265583
0 0.789453 0.717578 0.142969 0.167969 0.00315462
0 0.7625 0.679688 0.13125 0.151562 0.00620473
0 0.281641 0.661328 0.232031 0.202344 0.0161186
0 0.733594 0.69375 0.225 0.184375 0.0606728
