0 0.0378906 0.557813 0.0585938 0.242188 0.000100597
0 0.342969 0.423828 0.0734375 0.0898438 0.000101587
0 0.724609 0.321875 0.264844 0.310937 0.000110232
0 0.28125 0.469141 0.176563 0.194531 0.000110825
0 0.342578 0.387891 0.171094 0.180469 0.000112079
0 0.838672 0.576563 0.127344 0.235938 0.0001196
0 0.382031 0.321875 0.139062 0.164062 0.000121066
0 0.384375 0.530469 0.140625 0.24375 0.000124243
0 0.703516 0.701172 0.189844 0.208594 0.000126569
0 0.765234 0.660937 0.233594 0.210938 0.00013122
0 0.683984 0.762109 0.178906 0.182031 0.000132289
0 0.303516 0.633984 0.146094 0.177344 0.000138159
0 0.716797 0.494531 0.122656 0.160938 0.000141276
0 0.283203 0.553906 0.219531 0.210938 0.000147047
0 0.260938 0.594141 0.145313 0.228906 0.000153257
0 0.410156 0.517187 0.232812 0.595312 0.00015688
0 0.762109 0.403906 0.216406 0.34375 0.000160856
0 0.274609 0.324609 0.0695312 0.0945313 0.000164721
0 0.3625 0.677734 0.182812 0.192969 0.000180007
0 0.176953 0.601172 0.141406 0.439844 0.000180479
0 0.259375 0.34375 0.0625 0.104687 0.000205223
0 0.803125 0.616406 0.15625 0.196875 0.000212364
0 0.769531 0.796094 0.317187 0.210938 0.000214187
0 0.814453 0.496484 0.294531 0.591406 0.000226802
0 0.344531 0.575781 0.184375 0.2125 0.00026119
0 0.240234 0.469531 0.121094 0.245312 0.000267125
0 0.694141 0.402344 0.222656 0.315625 0.000332197
0 0.204688 0.571875 0.110937 0.28125 0.000332327
0 0.827344 0.677344 0.139062 0.2625 0.000372054
0 0.274219 0.332422 0.104687 0.141406 0.000390627
0 0.802734 0.555078 0.133594 0.213281 0.000391332
0 0.841406 0.760156 0.175 0.207813 0.000410104
0 0.219922 0.695703 0.146094 0.158594 0.000414652
0 0.340234 0.424219 0.125781 0.151562 0.0004235
0 0.739844 0.532031 0.184375 0.19375 0.000433065
0 0.797656 0.494531 0.18125 0.345313 0.000449954
0 0.303516 0.714844 0.316406 0.234375 0.000490882
0 0.255078 0.360156 0.0914062 0.167187 0.000512499
0 0.668359 0.359375 0.135156 0.165625 0.000629955
0 0.658594 0.335156 0.0796875 0.0921875 0.000720297
0 0.35625 0.33125 0.207813 0.235938 0.000737924
0 0.694531 0.617188 0.23125 0.389062 0.000892535
0 0.293359 0.346484 0.161719 0.199219 0.000965609
0 0.28125 0.617578 0.251563 0.211719 0.00102235
0 0.698828 0.481641 0.178906 0.271094 0.00102716
0 0.260547 0.396875 0.136719 0.245312 0.00123451
0 0.829687 0.578906 0.164062 0.4 0.00128097
0 0.203906 0.642187 0.140625 0.273438 0.00161972
0 0.313281 0.406641 0.239063 0.341406 0.00184094
0 0.373047 0.523828 0.189844 0.408594 0.00186672
0 0.732422 0.497266 0.250781 0.411719 0.00253685
0 0.744531 0.722266 0.31875 0.283594 0.0035548
0 0.340625 0.633984 0.245312 0.305469 0.00448881
0 0.248437 0.493359 0.184375 0.413281 0.00578965
0 0.823828 0.682813 0.211719 0.346875 0.00700815
0 0.251953 0.599609 0.222656 0.355469 0.014992
0 0.765625 0.604688 0.284375 0.470313 0.303578
0 0.301562 0.5125 0.29375 0.523438 0.355102
