0 0.157422 0.40625 0.0820312 0.0984375 0.00010158
0 0.0308594 0.0621094 0.0585938 0.124219 0.00010218
0 0.0636719 0.30625 0.127344 0.4 0.000104816
0 0.809375 0.139062 0.367188 0.278125 0.000106608
0 0.680469 0.508594 0.0859375 0.104687 0.000107279
0 0.299609 0.471094 0.133594 0.234375 0.000108388
0 0.200781 0.608203 0.142188 0.142969 0.000108413
0 0.55625 0.0347656 0.317187 0.0679687 0.000110756
0 0.028125 0.398438 0.05625 0.414062 0.000111946
0 0.190625 0.0632813 0.295312 0.126563 0.000114214
0 0.678516 0.636719 0.0867188 0.0875 0.000114451
0 0.382031 0.0703125 0.325 0.135937 0.00011547
0 0.7 0.573438 0.084375 0.10625 0.000115799
0 0.351562 0.880469 0.454688 0.217187 0.000119596
0 0.0667969 0.0953125 0.128906 0.176563 0.000127418
0 0.219922 0.572266 0.0867188 0.0992187 0.000128854
0 0.890234 0.0945313 0.219531 0.1875 0.000129111
0 0.635938 0.368359 0.2 0.167969 0.000129277
0 0.541016 0.0835937 0.371094 0.160938 0.000129476
0 0.0921875 0.552344 0.090625 0.110937 0.000130566
0 0.572266 0.616406 0.138281 0.179688 0.000131867
0 0.751172 0.399219 0.271094 0.390625 0.000137961
0 0.303516 0.593359 0.0882813 0.111719 0.000138419
0 0.065625 0.0402344 0.13125 0.0804688 0.000143053
0 0.325391 0.483203 0.180469 0.439844 0.000152435
0 0.678906 0.466406 0.08125 0.101562 0.000160769
0 0.735547 0.0398437 0.310156 0.0796875 0.00016141
0 0.299609 0.046875 0.367969 0.0921875 0.000161837
0 0.7 0.695703 0.176563 0.167969 0.000165981
0 0.174219 0.506641 0.151562 0.213281 0.000168218
0 0.700781 0.765234 0.24375 0.213281 0.000173711
0 0.614062 0.714063 0.275 0.2125 0.000190474
0 0.303906 0.0296875 0.251563 0.053125 0.000191548
0 0.263281 0.333203 0.303125 0.425781 0.000216828
0 0.714844 0.550781 0.0828125 0.1 0.000228564
0 0.157813 0.409766 0.128125 0.136719 0.000240078
0 0.100781 0.053125 0.201562 0.10625 0.0002415
0 0.615234 0.464844 0.207031 0.173438 0.000246937
0 0.0316406 0.733203 0.0632813 0.474219 0.000248749
0 0.0378906 0.527344 0.0757812 0.365625 0.000249916
0 0.317578 0.615234 0.308594 0.391406 0.000254927
0 0.930078 0.0605469 0.139844 0.121094 0.000259767
0 0.615234 0.336328 0.328906 0.400781 0.000263509
0 0.639453 0.0585938 0.388281 0.117188 0.000271605
0 0.202344 0.758203 0.364062 0.410156 0.000284703
0 0.857813 0.0390625 0.265625 0.0734375 0.000288981
0 0.615625 0.635547 0.135937 0.136719 0.000301606
0 0.537891 0.469531 0.185156 0.257812 0.000302377
0 0.261328 0.653906 0.177344 0.171875 0.000350919
0 0.383203 0.0335938 0.219531 0.059375 0.0003637
0 0.299609 0.384766 0.136719 0.219531 0.000372327
0 0.525391 0.445312 0.122656 0.15 0.000376098
0 0.732031 0.0984375 0.390625 0.196875 0.000378052
0 0.73125 0.576563 0.128125 0.189063 0.000404434
0 0.439453 0.0480469 0.335156 0.0898438 0.000407388
0 0.572266 0.673047 0.172656 0.185156 0.000409926
0 0.238281 0.444922 0.139062 0.180469 0.000410387
0 0.0644531 0.716406 0.128906 0.504687 0.000429173
0 0.730859 0.544922 0.302344 0.447656 0.000449524
0 0.0859375 0.399219 0.165625 0.409375 0.000462742
0 0.638281 0.591797 0.139062 0.157031 0.000483541
0 0.467969 0.0332031 0.254687 0.0554687 0.000486946
0 0.241406 0.510547 0.173438 0.207031 0.000491853
0 0.552344 0.333203 0.209375 0.272656 0.000494227
0 0.155078 0.550781 0.142969 0.142188 0.000525652
0 0.15625 0.451172 0.195312 0.214844 0.000541094
0 0.221484 0.554688 0.133594 0.139062 0.000550707
0 0.744531 0.562891 0.167187 0.314844 0.000590945
0 0.574219 0.426172 0.157813 0.175781 0.000592021
0 0.158594 0.607813 0.254687 0.171875 0.000606
0 0.197266 0.401953 0.163281 0.171094 0.000616196
0 0.303125 0.671484 0.170312 0.227344 0.000644303
0 0.535547 0.398828 0.166406 0.225781 0.000659009
0 0.745313 0.700391 0.179688 0.288281 0.000666601
0 0.155469 0.367188 0.246875 0.357812 0.000716473
0 0.678906 0.651563 0.18125 0.151562 0.000768565
0 0.580078 0.608984 0.199219 0.260156 0.000850936
0 0.676562 0.464844 0.1375 0.173438 0.000859507
0 0.811719 0.065625 0.346875 0.13125 0.00088499
0 0.679297 0.669922 0.317969 0.336719 0.000886814
0 0.0964844 0.513672 0.127344 0.214844 0.000918243
0 0.639063 0.548828 0.239063 0.219531 0.000947129
0 0.673047 0.408984 0.157031 0.185156 0.000950705
0 0.244141 0.384766 0.128906 0.210156 0.000986266
0 0.156641 0.670703 0.291406 0.336719 0.0010082
0 0.282422 0.533594 0.142969 0.228125 0.00101787
0 0.326562 0.603125 0.135937 0.21875 0.00112678
0 0.233984 0.674219 0.260156 0.259375 0.00115825
0 0.0777344 0.5875 0.141406 0.207813 0.00121208
0 0.266797 0.326953 0.164844 0.202344 0.00124217
0 0.679688 0.592969 0.140625 0.176563 0.001403
0 0.175391 0.532812 0.252344 0.201562 0.00170842
0 0.216797 0.341797 0.239844 0.249219 0.00200072
0 0.719531 0.635938 0.165625 0.229687 0.00226132
0 0.217969 0.573047 0.2125 0.172656 0.00278348
0 0.700781 0.530859 0.13125 0.238281 0.00280092
0 0.605469 0.405859 0.246875 0.267969 0.00291609
0 0.672656 0.447266 0.20625 0.302344 0.00319059
0 0.641406 0.657812 0.270312 0.214062 0.00357757
0 0.115234 0.55625 0.186719 0.207813 0.00474913
0 0.266406 0.401172 0.19375 0.305469 0.00637174
0 0.122266 0.482422 0.216406 0.332031 0.00959891
0 0.683984 0.590625 0.205469 0.251563 0.0164065
0 0.277344 0.594531 0.185937 0.226562 0.0204786
0 0.205859 0.588281 0.321094 0.257812 0.0228293
0 0.267578 0.517969 0.222656 0.389062 0.0353534
0 0.630078 0.505469 0.289844 0.45 0.295442
0 0.192969 0.455469 0.323438 0.434375 0.332839
