0 0.3 0.563281 0.128125 0.140625 0.000100397
0 0.296484 0.474219 0.0820312 0.0921875 0.00010129
0 0.261719 0.367969 0.0765625 0.115625 0.000104275
0 0.187109 0.528906 0.294531 0.567187 0.00010631
0 0.302734 0.323047 0.0898438 0.113281 0.000106937
0 0.287109 0.0621094 0.319531 0.124219 0.000109036
0 0.2375 0.632422 0.220313 0.303906 0.000109271
0 0.747656 0.266016 0.129688 0.219531 0.000110814
0 0.898828 0.962109 0.202344 0.0742188 0.000115276
0 0.217187 0.589453 0.0828125 0.0945313 0.000115961
0 0.826563 0.516406 0.148438 0.303125 0.000119464
0 0.964844 0.852344 0.0703125 0.295312 0.000125959
0 0.344141 0.0347656 0.185156 0.0664062 0.000126682
0 0.339844 0.470313 0.125 0.204688 0.000127505
0 0.301562 0.545703 0.084375 0.0960938 0.00012992
0 0.722266 0.381641 0.0929687 0.110156 0.000136459
0 0.258984 0.427734 0.0820312 0.102344 0.000138445
0 0.327734 0.358203 0.0804688 0.0992187 0.000140382
0 0.799219 0.546875 0.129688 0.157813 0.000146551
0 0.940625 0.693359 0.11875 0.613281 0.000149922
0 0.296484 0.711719 0.297656 0.395312 0.000153038
0 0.354688 0.307422 0.0828125 0.107031 0.000156901
0 0.346875 0.591016 0.15 0.142969 0.000157742
0 0.80625 0.594141 0.13125 0.110156 0.000161066
0 0.683594 0.323438 0.0890625 0.107813 0.000165545
0 0.203125 0.590234 0.126563 0.210156 0.000165576
0 0.338281 0.526563 0.0859375 0.103125 0.000171509
0 0.364062 0.273047 0.123438 0.225781 0.000173379
0 0.826953 0.434766 0.210156 0.533594 0.00017851
0 0.909766 0.894922 0.180469 0.210156 0.000180294
0 0.717188 0.241406 0.078125 0.107813 0.000188019
0 0.685156 0.508594 0.13125 0.159375 0.000189455
0 0.638281 0.283984 0.110937 0.142969 0.000190649
0 0.326953 0.306641 0.0882813 0.113281 0.000195806
0 0.93125 0.934766 0.1375 0.130469 0.000204769
0 0.662891 0.362109 0.169531 0.163281 0.000213171
0 0.696484 0.203125 0.139844 0.154687 0.000217054
0 0.366406 0.528125 0.104687 0.135937 0.000230622
0 0.354688 0.364062 0.0953125 0.117188 0.000236741
0 0.702734 0.305469 0.0898438 0.114063 0.000245365
0 0.243359 0.508984 0.0929687 0.108594 0.000259334
0 0.779688 0.569922 0.326562 0.389844 0.000272135
0 0.307031 0.252734 0.282813 0.311719 0.000286489
0 0.307813 0.587891 0.217187 0.210156 0.000307691
0 0.732422 0.303125 0.0835937 0.115625 0.000337114
0 0.667578 0.509766 0.225781 0.285156 0.000342572
0 0.292969 0.429297 0.145313 0.225781 0.000396023
0 0.703516 0.425 0.175781 0.209375 0.000424381
0 0.317187 0.512109 0.0890625 0.105469 0.00045724
0 0.657422 0.202344 0.174219 0.196875 0.000510385
0 0.325781 0.360547 0.11875 0.180469 0.000604675
0 0.338281 0.548828 0.139062 0.138281 0.000715067
0 0.229687 0.407031 0.110937 0.278125 0.000727983
0 0.260156 0.475391 0.0859375 0.107031 0.000817007
0 0.198437 0.454688 0.189063 0.475 0.000878516
0 0.70625 0.548437 0.217187 0.190625 0.000886382
0 0.775391 0.559766 0.216406 0.213281 0.000894768
0 0.282031 0.520703 0.090625 0.100781 0.000933979
0 0.778516 0.507812 0.139844 0.203125 0.000990905
0 0.774609 0.408203 0.132031 0.278906 0.00103659
0 0.719922 0.342187 0.0898438 0.115625 0.00108777
0 0.782812 0.361328 0.184375 0.428906 0.0011317
0 0.716797 0.246875 0.108594 0.185937 0.00122699
0 0.685547 0.285937 0.258594 0.382812 0.00149637
0 0.284766 0.302344 0.125781 0.220313 0.00150023
0 0.675 0.398047 0.210938 0.317969 0.00155289
0 0.685938 0.323047 0.159375 0.182031 0.00275375
0 0.234766 0.559375 0.160156 0.225 0.00304452
0 0.273828 0.521094 0.282031 0.334375 0.00311028
0 0.261719 0.3875 0.109375 0.278125 0.00367202
0 0.313672 0.512891 0.161719 0.142969 0.0038269
0 0.737109 0.383594 0.136719 0.246875 0.00408609
0 0.724219 0.491406 0.196875 0.203125 0.00415522
0 0.685156 0.250391 0.179688 0.263281 0.00748302
0 0.344922 0.333594 0.0882813 0.107813 0.007792
0 0.331641 0.3 0.146094 0.18125 0.0109247
0 0.292969 0.392578 0.267188 0.489844 0.0109744
0 0.260547 0.469531 0.124219 0.225 0.0131446
0 0.275781 0.494922 0.128125 0.127344 0.0161269
0 0.759766 0.469531 0.194531 0.310937 0.0204051
0 0.309375 0.3375 0.16875 0.326562 0.0213074
0 0.24375 0.468359 0.15625 0.378906 0.0348153
0 0.721484 0.31875 0.139844 0.242188 0.0380279
0 0.267969 0.519922 0.175 0.189844 0.0443828
0 0.728906 0.394531 0.1875 0.390625 0.190226
0 0.275 0.396875 0.15625 0.395312 0.233308
