0 0.612109 0.484766 0.182031 0.260156 0.000100816
0 0.199219 0.489453 0.0875 0.0960938 0.000101464
0 0.582812 0.553125 0.21875 0.285937 0.000101984
0 0.183984 0.034375 0.333594 0.06875 0.000104095
0 0.305078 0.256641 0.130469 0.138281 0.000104989
0 0.706641 0.629297 0.0773437 0.102344 0.000111634
0 0.218359 0.470313 0.0835937 0.090625 0.000114821
0 0.345703 0.590234 0.0742188 0.0679687 0.000115039
0 0.843359 0.0210938 0.235156 0.040625 0.000117553
0 0.766797 0.659766 0.303906 0.342969 0.000118689
0 0.800781 0.636328 0.0859375 0.103906 0.000119202
0 0.679688 0.444531 0.114063 0.128125 0.0001225
0 0.302734 0.532031 0.0851562 0.10625 0.000131152
0 0.371875 0.521484 0.167187 0.282031 0.000144605
0 0.651953 0.310937 0.152344 0.228125 0.000150612
0 0.328125 0.528516 0.317187 0.328906 0.000152706
0 0.135937 0.05625 0.271875 0.107813 0.000157734
0 0.723047 0.646875 0.135156 0.135937 0.00016019
0 0.330859 0.403906 0.166406 0.29375 0.000165854
0 0.813281 0.677734 0.120312 0.164844 0.00016663
0 0.757422 0.409766 0.133594 0.185156 0.000168389
0 0.7 0.326562 0.178125 0.25625 0.000175527
0 0.274219 0.296094 0.145313 0.14375 0.000175837
0 0.20625 0.402734 0.109375 0.180469 0.000178817
0 0.325391 0.569141 0.116406 0.105469 0.000183977
0 0.164844 0.6 0.125 0.173438 0.000194358
0 0.337891 0.446875 0.105469 0.160938 0.000203202
0 0.715625 0.428906 0.08125 0.0734375 0.000211397
0 0.815625 0.615625 0.109375 0.192188 0.000215343
0 0.222266 0.350391 0.108594 0.138281 0.000217735
0 0.908984 0.0601562 0.182031 0.120312 0.000219501
0 0.758984 0.493359 0.128906 0.207031 0.00022019
0 0.6875 0.609375 0.128125 0.13125 0.000224716
0 0.888672 0.0378906 0.213281 0.0726563 0.000242342
0 0.338281 0.494531 0.13125 0.201562 0.000242464
0 0.218359 0.452344 0.117969 0.145313 0.000245413
0 0.860156 0.0894531 0.279687 0.178906 0.000253306
0 0.351953 0.591016 0.110156 0.102344 0.000255177
0 0.217187 0.589844 0.2125 0.154687 0.000339272
0 0.704687 0.421875 0.304688 0.49375 0.000344214
0 0.664062 0.392969 0.18125 0.242188 0.000354664
0 0.238672 0.493359 0.136719 0.182031 0.000358791
0 0.282813 0.493359 0.140625 0.194531 0.000422697
0 0.689453 0.410156 0.147656 0.15625 0.000427974
0 0.714844 0.428125 0.125 0.0984375 0.000468215
0 0.241016 0.549219 0.142969 0.151562 0.000471079
0 0.805078 0.0339844 0.252344 0.0664062 0.000477131
0 0.820703 0.656641 0.0757812 0.105469 0.00047941
0 0.305469 0.585547 0.19375 0.147656 0.000483395
0 0.737109 0.578516 0.0898438 0.116406 0.000544164
0 0.192969 0.478906 0.11875 0.190625 0.000562305
0 0.701172 0.495313 0.125781 0.257812 0.000681434
0 0.222266 0.415234 0.158594 0.274219 0.000696703
0 0.687109 0.608203 0.219531 0.167969 0.000740128
0 0.753906 0.613281 0.09375 0.090625 0.000747982
0 0.635938 0.571875 0.175 0.179688 0.000803437
0 0.277344 0.422266 0.223438 0.341406 0.000855972
0 0.721484 0.441406 0.211719 0.3375 0.000959207
0 0.800781 0.552734 0.151562 0.263281 0.00106078
0 0.819531 0.0550781 0.298438 0.110156 0.00116847
0 0.723047 0.437891 0.161719 0.203906 0.00130158
0 0.191797 0.542969 0.135156 0.192188 0.0013703
0 0.314844 0.535547 0.154687 0.183594 0.00297167
0 0.757422 0.499609 0.171094 0.313281 0.00315475
0 0.705078 0.575 0.105469 0.159375 0.00361995
0 0.725781 0.541016 0.285937 0.310156 0.00412391
0 0.684766 0.544141 0.189844 0.227344 0.00621011
0 0.763672 0.619141 0.172656 0.146094 0.00831757
0 0.725781 0.608984 0.120312 0.117969 0.0149791
0 0.247656 0.535937 0.225 0.201562 0.0153254
0 0.736719 0.564453 0.175 0.210156 0.052072
