0 0.238281 0.598828 0.0890625 0.103906 0.000100505
0 0.242969 0.277734 0.0953125 0.117969 0.000101766
0 0.278125 0.425781 0.115625 0.135937 0.000102641
0 0.254687 0.685938 0.15 0.129688 0.000102919
0 0.0695312 0.0371094 0.132812 0.0664062 0.000104079
0 0.638281 0.639453 0.0875 0.110156 0.000105342
0 0.299609 0.635547 0.0867188 0.103906 0.000106658
0 0.752344 0.736719 0.173438 0.265625 0.000107225
0 0.244531 0.260156 0.0703125 0.0765625 0.000108233
0 0.303125 0.512109 0.115625 0.252344 0.000111542
0 0.298047 0.598047 0.0835937 0.108594 0.000112978
0 0.259375 0.512891 0.134375 0.271094 0.000117835
0 0.239063 0.328125 0.275 0.340625 0.000122656
0 0.699609 0.464063 0.0757812 0.1125 0.000123411
0 0.340625 0.577734 0.135937 0.203906 0.000126613
0 0.322656 0.448047 0.103125 0.182031 0.000127418
0 0.604688 0.623828 0.289062 0.349219 0.000134649
0 0.250391 0.402734 0.0851562 0.0960938 0.000136724
0 0.23125 0.720312 0.21875 0.2125 0.000141744
0 0.634766 0.282422 0.103906 0.139844 0.00014316
0 0.717578 0.535547 0.0851562 0.208594 0.000147365
0 0.0265625 0.0675781 0.053125 0.0835937 0.000157206
0 0.273438 0.385547 0.134375 0.153906 0.000157437
0 0.0429688 0.435937 0.084375 0.5875 0.000162122
0 0.281641 0.301562 0.0664062 0.0890625 0.00016223
0 0.271094 0.252344 0.096875 0.0921875 0.000163531
0 0.0179687 0.0546875 0.03125 0.1 0.000169258
0 0.2125 0.439453 0.0796875 0.102344 0.000170363
0 0.0269531 0.35625 0.0539063 0.375 0.000171802
0 0.580859 0.309375 0.141406 0.21875 0.000172699
0 0.617188 0.319141 0.107813 0.133594 0.000176859
0 0.705859 0.619141 0.0804688 0.110156 0.000177936
0 0.257422 0.635938 0.0914062 0.10625 0.000178916
0 0.633594 0.316406 0.065625 0.0828125 0.000182543
0 0.325391 0.309766 0.124219 0.178906 0.000192062
0 0.279687 0.616797 0.0859375 0.102344 0.000193032
0 0.341797 0.400391 0.110156 0.167969 0.000202086
0 0.179297 0.63125 0.274219 0.440625 0.000206261
0 0.232422 0.370703 0.0898438 0.114844 0.000212185
0 0.730859 0.618359 0.0679687 0.116406 0.000216652
0 0.586328 0.233203 0.0914062 0.103906 0.00021718
0 0.678125 0.641016 0.0890625 0.110156 0.00021997
0 0.309766 0.551562 0.282031 0.414062 0.000229661
0 0.188281 0.421484 0.078125 0.117969 0.000232011
0 0.186719 0.621094 0.0765625 0.10625 0.000243443
0 0.6375 0.508203 0.120312 0.153906 0.000256753
0 0.585156 0.562109 0.164062 0.263281 0.00025679
0 0.573828 0.479297 0.122656 0.186719 0.000271018
0 0.703906 0.706641 0.0890625 0.0976562 0.000306217
0 0.637109 0.448828 0.127344 0.136719 0.000319198
0 0.682813 0.44375 0.0765625 0.103125 0.00033448
0 0.661719 0.531641 0.129688 0.242969 0.000354846
0 0.657812 0.657812 0.0890625 0.107813 0.000363448
0 0.171875 0.65625 0.09375 0.135937 0.000381126
0 0.0414063 0.0515625 0.0828125 0.0984375 0.000393741
0 0.289844 0.312891 0.10625 0.157031 0.000413156
0 0.594141 0.378125 0.152344 0.2625 0.000439533
0 0.603516 0.270703 0.130469 0.172656 0.000440891
0 0.659766 0.427734 0.105469 0.119531 0.000441688
0 0.337891 0.481641 0.141406 0.325781 0.000443334
0 0.301953 0.4 0.164844 0.273438 0.000457147
0 0.697266 0.389062 0.0710938 0.117188 0.000471642
0 0.752344 0.687109 0.301562 0.375781 0.000480433
0 0.717578 0.726562 0.146094 0.142188 0.000482314
0 0.296484 0.651172 0.146094 0.142969 0.000498608
0 0.217187 0.622656 0.0890625 0.1 0.000508724
0 0.698828 0.489453 0.100781 0.252344 0.000538543
0 0.191406 0.369922 0.0890625 0.158594 0.000583253
0 0.340234 0.636719 0.155469 0.175 0.000635161
0 0.719922 0.483594 0.113281 0.357812 0.000652571
0 0.185937 0.510547 0.103125 0.285156 0.000653516
0 0.177734 0.609766 0.117969 0.266406 0.000655533
0 0.271094 0.285937 0.103125 0.125 0.000721639
0 0.684766 0.706641 0.142969 0.130469 0.000750116
0 0.601953 0.461719 0.175781 0.2875 0.000751975
0 0.656641 0.310547 0.110156 0.127344 0.000765083
0 0.622656 0.673047 0.170312 0.157031 0.000994639
0 0.630469 0.303906 0.164062 0.198437 0.00102955
0 0.277344 0.597656 0.132812 0.151562 0.00103387
0 0.234375 0.650391 0.0921875 0.0992187 0.00105535
0 0.677344 0.325781 0.06875 0.0984375 0.00106532
0 0.682031 0.675 0.0921875 0.10625 0.00111502
0 0.697656 0.425781 0.071875 0.103125 0.0011303
0 0.203906 0.685547 0.142188 0.149219 0.0012309
0 0.188281 0.422656 0.104687 0.178125 0.00125261
0 0.680859 0.395312 0.130469 0.264062 0.00129574
0 0.740625 0.569141 0.10625 0.378906 0.00143593
0 0.230078 0.418359 0.108594 0.119531 0.00150224
0 0.31875 0.674219 0.226562 0.164062 0.00158336
0 0.685938 0.676172 0.285937 0.274219 0.00166121
0 0.238672 0.575391 0.142969 0.217969 0.0016818
0 0.686328 0.367578 0.0867188 0.178906 0.00186856
0 0.621484 0.607813 0.196094 0.25 0.0022626
0 0.177344 0.521484 0.140625 0.453906 0.00254144
0 0.719922 0.642969 0.0726563 0.115625 0.00259924
0 0.664453 0.702734 0.214844 0.177344 0.00273928
0 0.303125 0.571094 0.2 0.2625 0.00283117
0 0.248047 0.328516 0.155469 0.228906 0.00357903
0 0.693359 0.428516 0.0914062 0.166406 0.00406211
0 0.661328 0.640234 0.182031 0.183594 0.00511307
0 0.269141 0.666016 0.296094 0.252344 0.0053755
0 0.200391 0.654688 0.0929687 0.104687 0.00773812
0 0.651953 0.480859 0.199219 0.483594 0.00961516
0 0.203125 0.622266 0.126563 0.175781 0.0114727
0 0.736719 0.682422 0.1 0.160156 0.0129264
0 0.716797 0.676172 0.0851562 0.114844 0.0134629
0 0.222266 0.375391 0.127344 0.200781 0.014536
0 0.258984 0.472656 0.205469 0.45625 0.0254285
0 0.721875 0.615625 0.0953125 0.25 0.0281604
0 0.263281 0.622656 0.21875 0.173438 0.0299685
0 0.698828 0.562891 0.133594 0.349219 0.0314453
0 0.217578 0.530078 0.152344 0.371094 0.0364014
0 0.211719 0.446094 0.11875 0.279687 0.036479
0 0.210156 0.396484 0.09375 0.127344 0.0456879
0 0.706641 0.665234 0.132031 0.169531 0.120369
0 0.230469 0.654297 0.175 0.144531 0.140194
