0 0.976562 0.392188 0.046875 0.475 0.00010073
0 0.214844 0.421875 0.175 0.1625 0.00010353
0 0.844141 0.178906 0.124219 0.245312 0.000109594
0 0.179688 0.363672 0.084375 0.108594 0.000114367
0 0.80625 0.301562 0.190625 0.207813 0.000114513
0 0.178906 0.357422 0.290625 0.596094 0.000116703
0 0.755859 0.45 0.139844 0.167187 0.000119004
0 0.390625 0.372266 0.146875 0.416406 0.000124281
0 0.299219 0.0191406 0.176563 0.0382813 0.000131832
0 0.934766 0.35 0.130469 0.615625 0.000149003
0 0.322266 0.460938 0.183594 0.15 0.000149718
0 0.330859 0.426953 0.128906 0.136719 0.000152219
0 0.185156 0.154687 0.28125 0.309375 0.00015868
0 0.201172 0.257812 0.127344 0.289062 0.000165208
0 0.820703 0.551562 0.175781 0.167187 0.000176912
0 0.682422 0.512109 0.132031 0.161719 0.000181692
0 0.242578 0.0550781 0.121094 0.105469 0.000189275
0 0.716797 0.466797 0.0867188 0.100781 0.000203568
0 0.806641 0.405469 0.208594 0.210938 0.000213667
0 0.698047 0.408203 0.128906 0.225781 0.000223297
0 0.213281 0.348437 0.13125 0.179688 0.000239504
0 0.703125 0.358203 0.192188 0.386719 0.000241602
0 0.364453 0.443359 0.0882813 0.0898438 0.000250402
0 0.384375 0.443359 0.115625 0.224219 0.000279173
0 0.1875 0.134766 0.134375 0.247656 0.000294573
0 0.846094 0.473437 0.209375 0.335938 0.00032596
0 0.271875 0.0332031 0.146875 0.0648438 0.000327092
0 0.273438 0.424609 0.292188 0.221094 0.000353048
0 0.878516 0.429297 0.225781 0.516406 0.000355643
0 0.335938 0.132422 0.234375 0.263281 0.000365885
0 0.720703 0.09375 0.230469 0.1875 0.000480927
0 0.182031 0.322656 0.10625 0.235938 0.000546208
0 0.828906 0.363281 0.1375 0.220313 0.000603276
0 0.302734 0.0746094 0.242969 0.147656 0.000663806
0 0.341406 0.272656 0.251563 0.489062 0.000679423
0 0.709375 0.30625 0.31875 0.607813 0.000700221
0 0.312109 0.357422 0.232031 0.292969 0.000815961
0 0.771094 0.505469 0.26875 0.228125 0.000820425
0 0.364453 0.44375 0.133594 0.123438 0.000841127
0 0.843359 0.284375 0.128906 0.292188 0.000893557
0 0.717188 0.466797 0.129688 0.149219 0.000968207
0 0.842969 0.205469 0.165625 0.36875 0.00106223
0 0.239844 0.0890625 0.157813 0.178125 0.00107205
0 0.773828 0.139062 0.239844 0.26875 0.00129366
0 0.221484 0.350781 0.196094 0.3 0.00153661
0 0.353906 0.390625 0.15 0.226562 0.00169466
0 0.217578 0.176172 0.139844 0.271094 0.00176501
0 0.186719 0.382422 0.139062 0.217969 0.00288619
0 0.176953 0.264453 0.147656 0.432031 0.00360782
0 0.732031 0.455859 0.209375 0.224219 0.00423812
0 0.268359 0.325391 0.311719 0.467969 0.00530376
0 0.791797 0.420312 0.289844 0.398438 0.00933695
0 0.864844 0.309766 0.151562 0.475781 0.0144935
0 0.260547 0.139062 0.219531 0.271875 0.0264675
0 0.807031 0.287891 0.23125 0.511719 0.292707
0 0.232031 0.233203 0.220313 0.466406 0.329749
