0 0.851562 0.200781 0.284375 0.401563 0.000100069
0 0.972266 0.436328 0.0554687 0.319531 0.000101153
0 0.263672 0.346484 0.116406 0.182031 0.000101986
0 0.874219 0.0859375 0.251563 0.171875 0.000102463
0 0.757031 0.717578 0.0609375 0.103906 0.000103473
0 0.301172 0.364062 0.161719 0.190625 0.00011355
0 0.967578 0.265234 0.0648438 0.446094 0.000114111
0 0.717188 0.726562 0.14375 0.13125 0.00012062
0 0.700781 0.681641 0.0734375 0.100781 0.000126497
0 0.700781 0.614844 0.125 0.23125 0.000126968
0 0.663281 0.408594 0.1625 0.19375 0.000127517
0 0.988672 0.878516 0.0226563 0.242969 0.000128689
0 0.943359 0.189844 0.113281 0.379687 0.000132567
0 0.716406 0.282031 0.0984375 0.1875 0.000135555
0 0.988281 0.676953 0.0234375 0.253906 0.000135561
0 0.656641 0.674609 0.158594 0.158594 0.000141563
0 0.948047 0.357031 0.100781 0.639063 0.00014839
0 0.337891 0.589844 0.119531 0.151562 0.00017269
0 0.697266 0.464844 0.146094 0.201562 0.00017733
0 0.733594 0.386328 0.0921875 0.146094 0.000195982
0 0.333594 0.509766 0.220313 0.360156 0.000200877
0 0.696484 0.325781 0.135156 0.245312 0.000204226
0 0.600391 0.389453 0.225781 0.466406 0.000211206
0 0.907422 0.276953 0.185156 0.553906 0.000216788
0 0.250781 0.369531 0.164062 0.2875 0.00025388
0 0.752734 0.597656 0.316406 0.55 0.000258795
0 0.595703 0.527344 0.353906 0.68125 0.000263542
0 0.979688 0.651563 0.040625 0.435937 0.000278154
0 0.28125 0.428906 0.153125 0.260938 0.000281984
0 0.964063 0.704687 0.0703125 0.590625 0.000306948
0 0.366406 0.392969 0.284375 0.570312 0.000336463
0 0.341406 0.322266 0.215625 0.324219 0.000347003
0 0.702344 0.679297 0.109375 0.135156 0.000351972
0 0.738281 0.695703 0.0984375 0.158594 0.000369862
0 0.615234 0.647656 0.175781 0.214062 0.000387811
0 0.721094 0.530469 0.123438 0.275 0.000416565
0 0.754687 0.648438 0.145313 0.29375 0.00042165
0 0.715234 0.410547 0.128906 0.236719 0.000436617
0 0.286328 0.567969 0.214844 0.251563 0.000468887
0 0.211328 0.477344 0.202344 0.45 0.000571786
0 0.739844 0.447266 0.134375 0.341406 0.000598185
0 0.976953 0.802734 0.0460938 0.394531 0.000644055
0 0.630469 0.489844 0.214062 0.403125 0.00079909
0 0.668359 0.320312 0.208594 0.328125 0.00110289
0 0.707031 0.671484 0.165625 0.185156 0.00135158
0 0.660156 0.599219 0.246875 0.359375 0.00152769
0 0.703516 0.403125 0.174219 0.35625 0.00206624
0 0.721094 0.547656 0.170312 0.475 0.0101487
0 0.677344 0.464453 0.234375 0.572656 0.40538
0 0.286328 0.440234 0.263281 0.489844 0.498461
