0 0.660156 0.473437 0.157813 0.279687 0.000100206
0 0.261719 0.533594 0.084375 0.115625 0.000103234
0 0.869531 0.732031 0.157813 0.371875 0.00010649
0 0.314453 0.446484 0.0867188 0.102344 0.000108173
0 0.103125 0.688281 0.20625 0.623438 0.000113591
0 0.787109 0.798047 0.133594 0.133594 0.000113796
0 0.766406 0.616406 0.084375 0.109375 0.000115681
0 0.3625 0.615625 0.109375 0.182812 0.000117548
0 0.219922 0.598047 0.122656 0.299219 0.000121364
0 0.929297 0.229297 0.141406 0.458594 0.000122124
0 0.661328 0.517578 0.238281 0.460156 0.000124083
0 0.0601562 0.189453 0.120312 0.378906 0.000129824
0 0.419922 0.43125 0.336719 0.507812 0.000135992
0 0.392969 0.678906 0.078125 0.078125 0.000148649
0 0.275 0.489844 0.0921875 0.1125 0.000149946
0 0.295703 0.591797 0.133594 0.222656 0.000150707
0 0.0371094 0.0722656 0.0742188 0.144531 0.000151363
0 0.657422 0.353906 0.182031 0.326562 0.000152405
0 0.337109 0.507031 0.182031 0.195312 0.000154095
0 0.322266 0.634375 0.130469 0.128125 0.000155812
0 0.357031 0.448828 0.157813 0.175781 0.000157971
0 0.978906 0.603516 0.0421875 0.466406 0.000169963
0 0.0300781 0.145703 0.0601562 0.291406 0.000172375
0 0.700391 0.617969 0.177344 0.192188 0.000175329
0 0.842188 0.816797 0.084375 0.0867188 0.000182132
0 0.888281 0.116016 0.223438 0.230469 0.000182627
0 0.861328 0.238281 0.260156 0.476562 0.000187338
0 0.0613281 0.617188 0.122656 0.765625 0.000187592
0 0.829687 0.766016 0.2875 0.328906 0.000189101
0 0.124219 0.185156 0.248437 0.370313 0.000192547
0 0.6625 0.608984 0.185937 0.313281 0.000195456
0 0.296484 0.469922 0.0929687 0.107031 0.000200239
0 0.665625 0.632422 0.407813 0.705469 0.000203447
0 0.278125 0.451172 0.0921875 0.111719 0.00020764
0 0.387109 0.0300781 0.252344 0.0601562 0.00021198
0 0.200781 0.107422 0.401563 0.211719 0.00021245
0 0.667578 0.278516 0.164844 0.202344 0.000215953
0 0.805469 0.651953 0.0875 0.111719 0.000217009
0 0.218359 0.599219 0.152344 0.489062 0.000220133
0 0.742578 0.756641 0.142969 0.161719 0.000246919
0 0.296875 0.666016 0.314063 0.407031 0.000249526
0 0.383203 0.710547 0.125781 0.117969 0.000251476
0 0.380859 0.485156 0.0914062 0.109375 0.000256994
0 0.233984 0.66875 0.0882813 0.1375 0.000258748
0 0.819922 0.828906 0.171094 0.15625 0.000268826
0 0.862891 0.775781 0.0835937 0.134375 0.000285
0 0.348047 0.65625 0.121094 0.1125 0.000288978
0 0.876953 0.0605469 0.246094 0.119531 0.000293207
0 0.396484 0.369531 0.197656 0.328125 0.00030086
0 0.406641 0.293359 0.158594 0.186719 0.000313978
0 0.820703 0.581641 0.0851562 0.114844 0.000319571
0 0.252734 0.451172 0.105469 0.253906 0.000355755
0 0.76875 0.554688 0.142188 0.234375 0.000410323
0 0.371094 0.477734 0.167187 0.302344 0.000459714
0 0.288281 0.387891 0.126563 0.238281 0.000467792
0 0.0765625 0.107031 0.153125 0.214062 0.000475119
0 0.690234 0.766016 0.160156 0.167969 0.000494817
0 0.833984 0.697266 0.125781 0.280469 0.000528178
0 0.370703 0.670703 0.136719 0.174219 0.000575116
0 0.120703 0.0675781 0.241406 0.132031 0.000744352
0 0.828516 0.633594 0.275781 0.389062 0.000753182
0 0.761328 0.697266 0.147656 0.210156 0.000794428
0 0.798047 0.497266 0.161719 0.375781 0.000843723
0 0.745313 0.789844 0.2625 0.217187 0.000876737
0 0.697266 0.698047 0.135156 0.196094 0.000963664
0 0.716406 0.394531 0.25625 0.4 0.00109867
0 0.303906 0.666406 0.225 0.1625 0.00124967
0 0.266406 0.632812 0.145313 0.195312 0.00136384
0 0.262891 0.550391 0.102344 0.217969 0.0013856
0 0.3125 0.448438 0.139062 0.217187 0.00144357
0 0.841797 0.801953 0.119531 0.135156 0.00146607
0 0.767187 0.614844 0.176563 0.184375 0.00178312
0 0.260156 0.533594 0.2875 0.473437 0.00195809
0 0.370313 0.680859 0.107813 0.100781 0.00213074
0 0.804688 0.614453 0.090625 0.110156 0.00214003
0 0.346875 0.621875 0.18125 0.220313 0.00279443
0 0.705469 0.688281 0.207813 0.265625 0.00339657
0 0.305469 0.582422 0.228125 0.328906 0.00430909
0 0.805078 0.764453 0.185156 0.189844 0.00486689
0 0.280078 0.489844 0.127344 0.264062 0.0125913
0 0.255859 0.553125 0.132031 0.357812 0.0154069
0 0.808203 0.582031 0.127344 0.239063 0.0183533
0 0.767578 0.715625 0.253906 0.28125 0.0195474
0 0.742188 0.553906 0.248437 0.45 0.0199714
0 0.333203 0.398438 0.232031 0.38125 0.0210139
0 0.794141 0.651953 0.164844 0.310156 0.123109
0 0.29375 0.477734 0.171875 0.413281 0.229533
