0 0.678125 0.602734 0.120312 0.391406 0.000100197
0 0.385938 0.674219 0.0875 0.107813 0.000100818
0 0.321094 0.798437 0.0875 0.0984375 0.000101424
0 0.801562 0.639063 0.078125 0.10625 0.000101511
0 0.361328 0.344141 0.0804688 0.0929687 0.00010515
0 0.8625 0.0183594 0.226562 0.0367187 0.00010565
0 0.299609 0.4875 0.128906 0.207813 0.000109299
0 0.451562 0.0214844 0.182812 0.0429688 0.000110292
0 0.264062 0.475391 0.30625 0.650781 0.000110671
0 0.926953 0.0300781 0.146094 0.0601562 0.000110717
0 0.316797 0.764063 0.0867188 0.10625 0.000111209
0 0.758594 0.712109 0.0859375 0.102344 0.0001118
0 0.421484 0.438672 0.160156 0.236719 0.000112249
0 0.634375 0.0203125 0.215625 0.040625 0.000113723
0 0.973047 0.0386719 0.0539063 0.0773437 0.00011517
0 0.391016 0.107813 0.302344 0.214062 0.000115353
0 0.824219 0.552344 0.0828125 0.103125 0.000117509
0 0.696484 0.146094 0.353906 0.2625 0.00011822
0 0.758984 0.469531 0.124219 0.2125 0.000119144
0 0.804688 0.697656 0.0890625 0.110937 0.000119705
0 0.366406 0.575781 0.135937 0.226562 0.000119868
0 0.341797 0.28125 0.119531 0.16875 0.000120459
0 0.813281 0.284375 0.053125 0.078125 0.000120878
0 0.885156 0.101172 0.229687 0.202344 0.000123233
0 0.388281 0.238281 0.115625 0.1375 0.000123879
0 0.949219 0.133203 0.101562 0.249219 0.000125803
0 0.71875 0.679297 0.0859375 0.111719 0.000126047
0 0.263672 0.394141 0.107031 0.197656 0.000127146
0 0.803516 0.573047 0.0789063 0.102344 0.000127695
0 0.700391 0.553125 0.114844 0.242188 0.000133988
0 0.843359 0.729688 0.0820312 0.104687 0.000134627
0 0.283203 0.595703 0.124219 0.250781 0.000137269
0 0.982813 0.0574219 0.0328125 0.114844 0.000137357
0 0.71875 0.2 0.115625 0.13125 0.000137514
0 0.335938 0.383203 0.0890625 0.105469 0.000143031
0 0.289062 0.347656 0.078125 0.109375 0.000143876
0 0.362891 0.780859 0.125781 0.147656 0.000151337
0 0.406641 0.0558594 0.296094 0.111719 0.00015475
0 0.326172 0.596875 0.164844 0.184375 0.000163221
0 0.289062 0.423438 0.0859375 0.110937 0.000164718
0 0.716797 0.46875 0.117969 0.2 0.000170158
0 0.860156 0.663672 0.0859375 0.114844 0.000171162
0 0.279687 0.746094 0.084375 0.110937 0.000173283
0 0.655078 0.15625 0.0867188 0.090625 0.000175972
0 0.898438 0.737109 0.0984375 0.149219 0.000178677
0 0.379297 0.342187 0.125781 0.190625 0.000180305
0 0.762891 0.301172 0.0945313 0.125781 0.000181254
0 0.738281 0.695703 0.090625 0.107031 0.000185443
0 0.273438 0.830078 0.139062 0.228906 0.000187451
0 0.853516 0.510938 0.105469 0.239063 0.000192673
0 0.637891 0.172656 0.125781 0.160938 0.00019511
0 0.630078 0.14375 0.185156 0.184375 0.000195138
0 0.877734 0.697656 0.0898438 0.109375 0.000198171
0 0.260547 0.521094 0.127344 0.35625 0.000199302
0 0.718359 0.0203125 0.180469 0.040625 0.000205239
0 0.251563 0.777734 0.10625 0.205469 0.000205743
0 0.360938 0.817187 0.214062 0.159375 0.000206667
0 0.858594 0.596875 0.128125 0.20625 0.000210482
0 0.816406 0.321484 0.071875 0.100781 0.000211757
0 0.825391 0.662109 0.0851562 0.110156 0.000212412
0 0.856641 0.03125 0.267969 0.0625 0.000222087
0 0.937109 0.0710938 0.125781 0.142188 0.000246362
0 0.798828 0.0871094 0.342969 0.174219 0.000252155
0 0.553125 0.121875 0.448438 0.24375 0.000253294
0 0.358594 0.404687 0.160938 0.18125 0.000259839
0 0.973828 0.105078 0.0523437 0.210156 0.000279811
0 0.738672 0.531641 0.132031 0.236719 0.000286947
0 0.319141 0.349609 0.0882813 0.105469 0.000300032
0 0.414844 0.21875 0.134375 0.217187 0.000300266
0 0.876953 0.0542969 0.246094 0.105469 0.000316424
0 0.475 0.785156 0.129688 0.175 0.000317837
0 0.417578 0.657812 0.132031 0.251563 0.000353057
0 0.838672 0.405469 0.0992187 0.223438 0.000353334
0 0.794141 0.726953 0.308594 0.275781 0.000356118
0 0.266406 0.721875 0.10625 0.20625 0.000358961
0 0.374219 0.487891 0.2 0.327344 0.000367198
0 0.319531 0.796484 0.129688 0.138281 0.000375301
0 0.747266 0.227344 0.161719 0.1875 0.000385387
0 0.76875 0.273828 0.135937 0.178906 0.000386536
0 0.594141 0.0371094 0.255469 0.0742188 0.000389461
0 0.802344 0.304688 0.0703125 0.0921875 0.000391849
0 0.474219 0.0757812 0.307813 0.151562 0.000401188
0 0.329688 0.675781 0.146875 0.260938 0.000430429
0 0.469531 0.7125 0.16875 0.309375 0.000446617
0 0.697656 0.0335938 0.240625 0.0671875 0.0004634
0 0.532422 0.0242187 0.255469 0.0484375 0.000474739
0 0.26875 0.708984 0.296875 0.432031 0.000482639
0 0.785547 0.53125 0.132031 0.2375 0.000483863
0 0.824219 0.46875 0.120312 0.242188 0.000490206
0 0.403125 0.373828 0.204688 0.374219 0.000569988
0 0.405078 0.759375 0.175781 0.2 0.000573792
0 0.430469 0.803125 0.1875 0.167187 0.000594306
0 0.758594 0.0285156 0.203125 0.0570313 0.0006042
0 0.843359 0.730078 0.113281 0.160156 0.000625179
0 0.672266 0.157031 0.139844 0.1375 0.000629548
0 0.355078 0.309375 0.277344 0.376563 0.000639509
0 0.821875 0.363672 0.1 0.191406 0.000663252
0 0.738281 0.400391 0.226562 0.385156 0.000675381
0 0.375391 0.25625 0.183594 0.251563 0.000711118
0 0.808203 0.322656 0.100781 0.159375 0.000726128
0 0.296094 0.325781 0.115625 0.215625 0.000767923
0 0.720312 0.694531 0.125 0.167187 0.000775078
0 0.692187 0.0527344 0.33125 0.103906 0.000812961
0 0.695703 0.632031 0.117969 0.253125 0.000871482
0 0.486328 0.0390625 0.249219 0.078125 0.00091353
0 0.710938 0.521875 0.151562 0.446875 0.000920794
0 0.291016 0.779688 0.0835937 0.101562 0.000934835
0 0.883594 0.632031 0.140625 0.3 0.00095815
0 0.685156 0.125781 0.192188 0.1875 0.00101131
0 0.623047 0.0804688 0.347656 0.160938 0.00105923
0 0.302734 0.387891 0.0867188 0.116406 0.00114483
0 0.337891 0.347266 0.144531 0.161719 0.00126353
0 0.690234 0.208203 0.180469 0.216406 0.0012752
0 0.738672 0.637109 0.130469 0.224219 0.00131066
0 0.826172 0.552734 0.127344 0.244531 0.00132212
0 0.783203 0.616406 0.128906 0.234375 0.00135491
0 0.796094 0.322656 0.151562 0.254687 0.00141506
0 0.712891 0.283203 0.222656 0.336719 0.00167054
0 0.883203 0.698047 0.121094 0.172656 0.00185083
0 0.824609 0.635938 0.136719 0.228125 0.00187278
0 0.810938 0.398438 0.139062 0.2875 0.00202394
0 0.367188 0.638672 0.178125 0.214844 0.00208817
0 0.390625 0.471875 0.264062 0.767187 0.00221637
0 0.3125 0.488672 0.164062 0.347656 0.0023312
0 0.351953 0.794141 0.274219 0.252344 0.00272227
0 0.551562 0.0527344 0.35625 0.105469 0.00286561
0 0.275391 0.621484 0.178906 0.527344 0.00289631
0 0.800391 0.717969 0.200781 0.16875 0.00291696
0 0.410156 0.610156 0.207813 0.470313 0.00294811
0 0.835156 0.446875 0.132812 0.429688 0.00310639
0 0.286328 0.430469 0.117969 0.229687 0.0031254
0 0.410937 0.748438 0.245312 0.3125 0.00453189
0 0.386328 0.697656 0.142969 0.254687 0.004732
0 0.339453 0.316406 0.185156 0.278125 0.00474676
0 0.841797 0.696484 0.0867188 0.107031 0.0048412
0 0.275 0.7875 0.101562 0.151562 0.00549295
0 0.274219 0.712109 0.142188 0.325781 0.00602386
0 0.742969 0.608203 0.192188 0.311719 0.00609205
0 0.308984 0.762109 0.174219 0.211719 0.00950373
0 0.75625 0.683984 0.198437 0.213281 0.0118623
0 0.305859 0.384375 0.127344 0.198437 0.0148129
0 0.8375 0.554297 0.170312 0.403906 0.0256521
0 0.842969 0.688281 0.151562 0.189063 0.0342187
0 0.780469 0.468359 0.25 0.574219 0.0416776
0 0.328906 0.555469 0.240625 0.6 0.0559608
0 0.803516 0.635547 0.216406 0.288281 0.057899
0 0.360156 0.695703 0.25 0.336719 0.178781
