0 0.0597656 0.625 0.114844 0.720312 0.00010079
0 0.0351562 0.320312 0.0703125 0.546875 0.000102786
0 0.3875 0.235938 0.0828125 0.101562 0.000105912
0 0.3375 0.363672 0.1125 0.174219 0.000106159
0 0.735156 0.0664062 0.203125 0.132812 0.000109758
0 0.122656 0.544141 0.235938 0.766406 0.000113567
0 0.679688 0.671094 0.090625 0.103125 0.000115559
0 0.405078 0.403516 0.100781 0.202344 0.000116977
0 0.632031 0.398047 0.1125 0.242969 0.0001174
0 0.282031 0.44375 0.104687 0.196875 0.00012026
0 0.816016 0.0332031 0.203906 0.0664062 0.00012073
0 0.257031 0.397656 0.135937 0.278125 0.000123412
0 0.699219 0.514844 0.084375 0.103125 0.000123602
0 0.277734 0.273047 0.233594 0.342969 0.000125024
0 0.742578 0.300781 0.171094 0.296875 0.000130638
0 0.303516 0.774609 0.361719 0.416406 0.000133855
0 0.721875 0.491797 0.08125 0.111719 0.000134385
0 0.346484 0.275781 0.122656 0.153125 0.000136116
0 0.8125 0.708594 0.159375 0.260938 0.000137179
0 0.105859 0.348437 0.211719 0.659375 0.000137967
0 0.298828 0.558203 0.0867188 0.107031 0.000140885
0 0.360547 0.207813 0.238281 0.235938 0.000141388
0 0.592969 0.604297 0.13125 0.242969 0.000142809
0 0.621094 0.708594 0.203125 0.198437 0.000144761
0 0.737109 0.469922 0.0804688 0.117969 0.000150359
0 0.678125 0.532422 0.0890625 0.0976562 0.000151756
0 0.134766 0.0625 0.269531 0.121875 0.000152396
0 0.367188 0.557813 0.084375 0.110937 0.000154155
0 0.270312 0.660547 0.1625 0.207031 0.000154502
0 0.419531 0.597266 0.0828125 0.111719 0.000159241
0 0.301172 0.346484 0.0789063 0.114844 0.000160305
0 0.600781 0.669922 0.123438 0.161719 0.000160809
0 0.0265625 0.440234 0.0515625 0.450781 0.000160985
0 0.403906 0.516797 0.096875 0.171094 0.000162548
0 0.705078 0.364844 0.0757812 0.10625 0.000169879
0 0.889063 0.0332031 0.220313 0.0617188 0.000172402
0 0.771094 0.573047 0.10625 0.258594 0.000173949
0 0.678906 0.299219 0.103125 0.153125 0.000174886
0 0.696094 0.317578 0.289062 0.471094 0.000185362
0 0.717969 0.326953 0.0671875 0.102344 0.00018847
0 0.266797 0.578516 0.0789063 0.114844 0.000188577
0 0.313281 0.385547 0.078125 0.100781 0.000188633
0 0.0597656 0.376563 0.116406 0.639063 0.000192995
0 0.41875 0.649219 0.1 0.126563 0.000193315
0 0.246094 0.648047 0.0703125 0.0929687 0.00019365
0 0.317969 0.667578 0.2375 0.260156 0.00019869
0 0.656641 0.651563 0.0898438 0.104687 0.000203121
0 0.409375 0.546484 0.328125 0.533594 0.000204467
0 0.657031 0.571875 0.0859375 0.104687 0.000208112
0 0.735937 0.551562 0.0796875 0.110937 0.000209756
0 0.657812 0.614844 0.0890625 0.110937 0.000216971
0 0.417969 0.2625 0.123438 0.16875 0.00022162
0 0.691797 0.228516 0.192969 0.227344 0.000224843
0 0.572656 0.710938 0.3625 0.398438 0.00022526
0 0.346094 0.608203 0.0890625 0.102344 0.000230081
0 0.677734 0.59375 0.0851562 0.107813 0.000232599
0 0.71875 0.571875 0.0828125 0.109375 0.000234489
0 0.615625 0.650781 0.0828125 0.104687 0.000236043
0 0.7875 0.111719 0.20625 0.220313 0.000241101
0 0.353125 0.296484 0.304688 0.394531 0.000252466
0 0.680469 0.364844 0.125 0.175 0.00025331
0 0.698828 0.550391 0.0851562 0.102344 0.000255742
0 0.769141 0.676172 0.0664062 0.110156 0.000262393
0 0.702344 0.405469 0.115625 0.164062 0.000281562
0 0.270703 0.384766 0.0898438 0.171094 0.000284953
0 0.644922 0.241016 0.146094 0.182031 0.000286324
0 0.700781 0.325 0.101562 0.167187 0.000292189
0 0.250391 0.456641 0.310156 0.591406 0.000295158
0 0.661328 0.448438 0.121094 0.229687 0.000299086
0 0.354297 0.132812 0.305469 0.260938 0.00030941
0 0.717578 0.531641 0.0820312 0.102344 0.000320534
0 0.322266 0.576953 0.0898438 0.108594 0.000322607
0 0.869922 0.0546875 0.255469 0.10625 0.000322615
0 0.400391 0.576953 0.0867188 0.117969 0.00033198
0 0.211328 0.269141 0.346094 0.513281 0.00034858
0 0.784766 0.562891 0.155469 0.469531 0.000348898
0 0.798437 0.059375 0.223438 0.11875 0.000349033
0 0.699609 0.615234 0.0867188 0.110156 0.00035306
0 0.212109 0.137109 0.363281 0.267969 0.000366969
0 0.769531 0.755469 0.210938 0.3125 0.000367782
0 0.738281 0.511328 0.0765625 0.110156 0.000371446
0 0.404297 0.383984 0.160156 0.317969 0.000374149
0 0.741016 0.692969 0.0835937 0.1125 0.000386961
0 0.288281 0.0613281 0.392188 0.122656 0.00039382
0 0.737891 0.616797 0.0820312 0.113281 0.00039853
0 0.677734 0.635156 0.0898438 0.109375 0.000399578
0 0.4125 0.478516 0.125 0.338281 0.000421627
0 0.363281 0.677344 0.351562 0.446875 0.000486109
0 0.629297 0.529688 0.119531 0.21875 0.000504272
0 0.719141 0.636719 0.0882813 0.109375 0.000505915
0 0.7 0.654297 0.0875 0.107031 0.000516236
0 0.782812 0.648047 0.115625 0.242969 0.000537778
0 0.254687 0.443359 0.173438 0.494531 0.000569159
0 0.284375 0.386328 0.0765625 0.108594 0.000576205
0 0.268359 0.555859 0.0992187 0.205469 0.000579959
0 0.458984 0.775781 0.502344 0.448438 0.0006066
0 0.388672 0.237109 0.136719 0.138281 0.000620875
0 0.749609 0.448828 0.0929687 0.239844 0.000671284
0 0.749609 0.687109 0.311719 0.383594 0.000673421
0 0.290234 0.205469 0.350781 0.376563 0.000745129
0 0.2875 0.344531 0.0953125 0.182812 0.000774713
0 0.664453 0.301562 0.169531 0.267188 0.000836167
0 0.735156 0.406641 0.0828125 0.164844 0.000854155
0 0.714453 0.730859 0.210156 0.257031 0.000873594
0 0.366406 0.532422 0.128125 0.227344 0.000901688
0 0.299219 0.595312 0.090625 0.110937 0.00093312
0 0.738672 0.656641 0.0851562 0.110156 0.000941719
0 0.367578 0.59375 0.0898438 0.110937 0.000965307
0 0.679688 0.513672 0.134375 0.207031 0.00102884
0 0.619531 0.634766 0.117188 0.153906 0.00111644
0 0.320312 0.510156 0.132812 0.278125 0.00115252
0 0.670703 0.673828 0.297656 0.308594 0.00141266
0 0.303516 0.636719 0.166406 0.132812 0.00169673
0 0.702734 0.468359 0.132031 0.249219 0.00187312
0 0.264844 0.629687 0.096875 0.11875 0.00190721
0 0.759375 0.705078 0.096875 0.157031 0.00192438
0 0.3625 0.286719 0.182812 0.226562 0.00192834
0 0.376953 0.641016 0.172656 0.164844 0.00203469
0 0.320312 0.317187 0.15 0.242188 0.00204289
0 0.691797 0.360547 0.166406 0.266406 0.00209138
0 0.671484 0.397656 0.196094 0.432813 0.00222931
0 0.723828 0.364453 0.0882813 0.149219 0.0022419
0 0.753125 0.637109 0.1 0.200781 0.00243349
0 0.737109 0.510547 0.0992187 0.230469 0.00258362
0 0.301953 0.392578 0.116406 0.205469 0.00281709
0 0.34375 0.548828 0.276563 0.357031 0.00294168
0 0.375391 0.437891 0.205469 0.489844 0.00368892
0 0.659375 0.632031 0.145313 0.171875 0.00464665
0 0.722656 0.406641 0.114063 0.255469 0.00468584
0 0.396484 0.564453 0.128906 0.196094 0.00526553
0 0.696484 0.550781 0.263281 0.432813 0.00559025
0 0.6625 0.667188 0.203125 0.18125 0.0062169
0 0.718359 0.575 0.132031 0.217187 0.00634483
0 0.279297 0.517187 0.128906 0.334375 0.00709007
0 0.747266 0.521484 0.124219 0.391406 0.00817269
0 0.392969 0.623828 0.110937 0.111719 0.00909082
0 0.6625 0.575781 0.16875 0.234375 0.0127149
0 0.282422 0.602344 0.128906 0.157813 0.014336
0 0.725 0.671875 0.153125 0.18125 0.0165872
0 0.320312 0.455078 0.185937 0.422656 0.0240807
0 0.309375 0.569531 0.175 0.210938 0.030387
0 0.354688 0.598437 0.185937 0.159375 0.0409322
0 0.703516 0.483594 0.172656 0.415625 0.0464569
0 0.696094 0.619531 0.1875 0.234375 0.10323
