0 0.761719 0.618359 0.0875 0.108594 0.000100492
0 0.288281 0.282422 0.165625 0.294531 0.000101213
0 0.758203 0.510938 0.0882813 0.10625 0.000101216
0 0.389844 0.596875 0.115625 0.139062 0.000102003
0 0.261328 0.053125 0.138281 0.1 0.000102297
0 0.256641 0.490234 0.0882813 0.113281 0.000102441
0 0.251953 0.549609 0.0882813 0.107031 0.00010509
0 0.972656 0.561719 0.0546875 0.60625 0.000113068
0 0.760547 0.672266 0.0898438 0.107031 0.000113539
0 0.341016 0.0214844 0.253906 0.0429688 0.000118523
0 0.28125 0.390625 0.135937 0.248437 0.000119441
0 0.220313 0.447266 0.140625 0.325781 0.000119826
0 0.610156 0.621094 0.114063 0.229687 0.00011996
0 0.742188 0.385156 0.0875 0.107813 0.000128433
0 0.758594 0.449219 0.084375 0.1125 0.0001294
0 0.753906 0.312891 0.309375 0.450781 0.000132131
0 0.980469 0.521094 0.0390625 0.398438 0.000134221
0 0.323438 0.233203 0.164062 0.189844 0.000138534
0 0.674609 0.278125 0.135156 0.157813 0.000142608
0 0.242578 0.579687 0.319531 0.423438 0.000144123
0 0.366406 0.183203 0.142188 0.113281 0.000146882
0 0.678906 0.5125 0.132812 0.235938 0.000150138
0 0.0238281 0.396094 0.0445312 0.395312 0.00017138
0 0.740234 0.492969 0.0882813 0.103125 0.000174606
0 0.219922 0.590234 0.108594 0.211719 0.000179766
0 0.409375 0.196094 0.13125 0.145313 0.000181276
0 0.454688 0.0578125 0.429688 0.109375 0.000185849
0 0.416406 0.434375 0.321875 0.685938 0.000196003
0 0.363672 0.525781 0.0820312 0.101562 0.000198602
0 0.390234 0.0386719 0.332031 0.0773437 0.000202699
0 0.76875 0.704297 0.164062 0.227344 0.000204353
0 0.239844 0.514063 0.0828125 0.115625 0.000207612
0 0.616016 0.197266 0.117969 0.122656 0.000213022
0 0.234766 0.0417969 0.235156 0.0835937 0.000224242
0 0.351953 0.273047 0.205469 0.283594 0.000284255
0 0.755469 0.367969 0.101562 0.182812 0.000306691
0 0.694922 0.240234 0.122656 0.147656 0.000315196
0 0.223438 0.107813 0.384375 0.215625 0.00032721
0 0.157813 0.0671875 0.303125 0.134375 0.000331755
0 0.280078 0.545313 0.149219 0.182812 0.000338253
0 0.690625 0.721875 0.284375 0.448438 0.000344798
0 0.707031 0.467187 0.13125 0.217187 0.000345085
0 0.247656 0.453906 0.1125 0.210938 0.000349197
0 0.776563 0.595703 0.110937 0.203906 0.000352486
0 0.779297 0.653906 0.0882813 0.107813 0.000380723
0 0.792969 0.674609 0.10625 0.166406 0.000383131
0 0.251563 0.305859 0.31875 0.561719 0.000404979
0 0.303516 0.194531 0.335156 0.357812 0.000408417
0 0.385938 0.378125 0.173438 0.417188 0.000417982
0 0.800391 0.539062 0.158594 0.417188 0.00041982
0 0.301562 0.0359375 0.235938 0.071875 0.000435518
0 0.364844 0.114844 0.335938 0.229687 0.000452823
0 0.719531 0.633594 0.140625 0.165625 0.00048235
0 0.719141 0.322656 0.144531 0.2 0.000487597
0 0.780469 0.440234 0.14375 0.422656 0.000650637
0 0.758203 0.510938 0.113281 0.201562 0.000651182
0 0.319922 0.433203 0.144531 0.241406 0.000651499
0 0.725 0.385938 0.129688 0.203125 0.000732318
0 0.278125 0.580469 0.217187 0.242188 0.00078005
0 0.675781 0.6125 0.1375 0.171875 0.000784934
0 0.307031 0.0597656 0.325 0.117969 0.000875249
0 0.650781 0.233984 0.178125 0.186719 0.000896709
0 0.660937 0.657031 0.198437 0.207813 0.00100872
0 0.384766 0.226172 0.161719 0.164844 0.00130012
0 0.359375 0.528125 0.142188 0.167187 0.00142707
0 0.724219 0.530469 0.13125 0.26875 0.00150121
0 0.257812 0.409375 0.176563 0.414062 0.00154595
0 0.751953 0.368359 0.136719 0.294531 0.00169898
0 0.226562 0.531641 0.09375 0.180469 0.00181301
0 0.371094 0.485547 0.1875 0.272656 0.00204297
0 0.3375 0.542578 0.2125 0.236719 0.00222348
0 0.741797 0.447656 0.124219 0.246875 0.0026784
0 0.662891 0.56875 0.188281 0.270312 0.00274249
0 0.704687 0.325 0.196875 0.335938 0.00376457
0 0.283594 0.471875 0.148438 0.239063 0.00479759
0 0.764844 0.644141 0.140625 0.183594 0.00513745
0 0.704687 0.457812 0.279687 0.551562 0.00787567
0 0.761328 0.555469 0.141406 0.329688 0.0129294
0 0.246875 0.512891 0.145313 0.258594 0.0132635
0 0.715234 0.605469 0.217969 0.25625 0.0256691
0 0.31875 0.365234 0.23125 0.482031 0.0341404
0 0.73125 0.466016 0.167187 0.439844 0.0744786
0 0.303125 0.483984 0.2375 0.300781 0.270368
