0 0.240234 0.490625 0.0914062 0.104687 0.000101196
0 0.614062 0.601562 0.148438 0.204688 0.000102066
0 0.621094 0.237109 0.0796875 0.110156 0.000108481
0 0.586719 0.391406 0.1375 0.209375 0.000115032
0 0.187891 0.405078 0.0914062 0.214844 0.000119777
0 0.657031 0.75625 0.135937 0.139062 0.000121318
0 0.372266 0.571094 0.141406 0.285937 0.00012399
0 0.730859 0.833594 0.0320312 0.053125 0.000124657
0 0.380078 0.732422 0.144531 0.139844 0.000128651
0 0.733203 0.807813 0.0398437 0.08125 0.000130987
0 0.187891 0.467578 0.105469 0.210156 0.000133959
0 0.978906 0.847266 0.040625 0.305469 0.000154062
0 0.539844 0.141016 0.0859375 0.0914062 0.000156634
0 0.614062 0.26875 0.151562 0.21875 0.000156838
0 0.634766 0.2375 0.0492188 0.0859375 0.000162834
0 0.328125 0.225 0.139062 0.20625 0.000174417
0 0.364844 0.678906 0.0828125 0.109375 0.000174942
0 0.691016 0.582812 0.325781 0.570312 0.000177036
0 0.676172 0.388672 0.124219 0.202344 0.000182519
0 0.655469 0.323047 0.0734375 0.135156 0.000187037
0 0.301562 0.257422 0.1 0.122656 0.000193396
0 0.244922 0.252344 0.125781 0.182812 0.000198914
0 0.302734 0.3125 0.153906 0.204688 0.00020274
0 0.232031 0.249609 0.0796875 0.113281 0.000203838
0 0.295703 0.473828 0.213281 0.203906 0.000206017
0 0.632422 0.189453 0.0820312 0.0648438 0.000207296
0 0.986328 0.901563 0.0257812 0.196875 0.000222066
0 0.216797 0.344531 0.0960938 0.203125 0.000232412
0 0.577344 0.185156 0.135937 0.129688 0.000259159
0 0.19375 0.531641 0.28125 0.485156 0.000278722
0 0.323047 0.721094 0.205469 0.173438 0.000293693
0 0.644141 0.269531 0.0882813 0.173438 0.000296452
0 0.221094 0.262109 0.053125 0.0820312 0.000304001
0 0.2875 0.679297 0.215625 0.232031 0.000327761
0 0.283984 0.570703 0.146094 0.252344 0.000334626
0 0.253516 0.427344 0.149219 0.276563 0.000393493
0 0.642187 0.430859 0.153125 0.275781 0.000393512
0 0.604297 0.523047 0.158594 0.317969 0.00039891
0 0.644531 0.486328 0.209375 0.216406 0.00042735
0 0.291406 0.252344 0.160938 0.195312 0.000431787
0 0.220703 0.277344 0.0679687 0.129688 0.000438052
0 0.689062 0.764063 0.0953125 0.09375 0.000444341
0 0.323047 0.635938 0.130469 0.189063 0.000448415
0 0.701953 0.372266 0.189844 0.441406 0.000448549
0 0.633984 0.228906 0.122656 0.146875 0.000508641
0 0.646875 0.580859 0.190625 0.292969 0.00051229
0 0.328125 0.520312 0.25 0.389062 0.000563772
0 0.364453 0.634766 0.110156 0.199219 0.000656106
0 0.2625 0.320312 0.182812 0.298438 0.000679226
0 0.647656 0.328125 0.170312 0.3375 0.000705244
0 0.383984 0.701563 0.105469 0.145313 0.000928432
0 0.178125 0.433203 0.142188 0.366406 0.000948547
0 0.681641 0.789844 0.128906 0.159375 0.00123809
0 0.635547 0.211328 0.0601562 0.0835937 0.00136549
0 0.708594 0.501172 0.223438 0.413281 0.00136751
0 0.719531 0.816016 0.0515625 0.0757812 0.00159061
0 0.357031 0.679297 0.151562 0.199219 0.00163177
0 0.301172 0.391016 0.252344 0.482031 0.001707
0 0.221094 0.468359 0.135937 0.246094 0.00174687
0 0.194922 0.528125 0.172656 0.375 0.00204396
0 0.332812 0.623438 0.1875 0.26875 0.00303157
0 0.258203 0.511328 0.180469 0.194531 0.00453734
0 0.208984 0.367578 0.125781 0.333594 0.00539521
0 0.700781 0.795703 0.0875 0.105469 0.00574388
0 0.692578 0.445312 0.139844 0.271875 0.00916002
0 0.275781 0.580078 0.259375 0.333594 0.0147346
0 0.240625 0.45 0.198437 0.453125 0.103487
0 0.657422 0.437109 0.222656 0.407031 0.357565
