0 0.353125 0.344922 0.14375 0.155469 0.000101264
0 0.812891 0.0632813 0.367969 0.126563 0.000102065
0 0.776563 0.575781 0.0984375 0.201562 0.000103038
0 0.342578 0.639844 0.133594 0.16875 0.00010485
0 0.719531 0.696875 0.0921875 0.103125 0.000105718
0 0.80625 0.646094 0.14375 0.290625 0.000105911
0 0.919141 0.0617188 0.155469 0.123438 0.000112592
0 0.357031 0.345703 0.203125 0.244531 0.000113059
0 0.3375 0.616406 0.2 0.240625 0.000134986
0 0.620313 0.0757812 0.4375 0.151562 0.000138578
0 0.242578 0.678516 0.141406 0.216406 0.000142135
0 0.719141 0.586719 0.297656 0.410937 0.000142184
0 0.971094 0.557031 0.0578125 0.579687 0.000144177
0 0.216797 0.444141 0.419531 0.888281 0.000152888
0 0.190625 0.0609375 0.264062 0.121875 0.000156545
0 0.145703 0.2875 0.274219 0.575 0.000157615
0 0.271875 0.0355469 0.348437 0.0710938 0.000164872
0 0.440234 0.0355469 0.344531 0.0710938 0.000172243
0 0.270312 0.530859 0.0859375 0.139844 0.000180339
0 0.282422 0.725 0.213281 0.207813 0.00018238
0 0.782812 0.199609 0.4 0.399219 0.00019934
0 0.867578 0.112891 0.261719 0.225781 0.000201508
0 0.799219 0.742969 0.148438 0.2 0.000222385
0 0.336719 0.546094 0.240625 0.407813 0.000232178
0 0.782422 0.441406 0.435156 0.882812 0.000274093
0 0.140625 0.112891 0.26875 0.225781 0.000287635
0 0.533594 0.291406 0.442187 0.58125 0.000301251
0 0.728516 0.732813 0.275781 0.248437 0.000312883
0 0.623438 0.199219 0.479688 0.398438 0.000334517
0 0.444531 0.0746094 0.425 0.149219 0.000370459
0 0.792578 0.7 0.0851562 0.115625 0.000381342
0 0.530859 0.132031 0.433594 0.264062 0.000388092
0 0.2875 0.475 0.3 0.609375 0.000420565
0 0.330859 0.683984 0.182031 0.196094 0.000421972
0 0.271484 0.495703 0.142969 0.328906 0.000484758
0 0.661719 0.6625 0.15 0.175 0.000491112
0 0.234375 0.144531 0.371875 0.285937 0.000497615
0 0.611328 0.430078 0.485156 0.860156 0.000506984
0 0.258984 0.518359 0.0742188 0.0867188 0.000582846
0 0.263281 0.569531 0.11875 0.223438 0.000587643
0 0.438672 0.199609 0.458594 0.399219 0.000749567
0 0.303906 0.0773437 0.417188 0.153125 0.000755289
0 0.384375 0.363672 0.5125 0.727344 0.000962649
0 0.764063 0.620703 0.14375 0.264844 0.00118491
0 0.721875 0.658203 0.217187 0.196094 0.0013203
0 0.364844 0.128125 0.4625 0.25625 0.00137363
0 0.26875 0.269922 0.442187 0.503906 0.00138846
0 0.281641 0.648828 0.191406 0.242969 0.0016567
0 0.7625 0.701953 0.0921875 0.100781 0.00184353
0 0.792578 0.698828 0.114844 0.172656 0.00249886
0 0.690234 0.697266 0.192969 0.147656 0.00360008
0 0.749219 0.704297 0.171875 0.149219 0.0384345
