0 0.363281 0.432813 0.139062 0.23125 0.0001016
0 0.789062 0.627344 0.146875 0.167187 0.000102774
0 0.403516 0.298438 0.0648438 0.0640625 0.000102785
0 0.135156 0.147656 0.265625 0.282813 0.000107306
0 0.385547 0.508203 0.0898438 0.110156 0.000111175
0 0.899609 0.475 0.144531 0.440625 0.000113694
0 0.305078 0.472656 0.0882813 0.1125 0.000118544
0 0.692187 0.610156 0.120312 0.171875 0.000123637
0 0.822656 0.475781 0.154687 0.1875 0.000124076
0 0.857031 0.234375 0.0921875 0.165625 0.000124557
0 0.973828 0.312891 0.0523437 0.433594 0.000126166
0 0.802734 0.575391 0.0867188 0.108594 0.000126274
0 0.431641 0.360938 0.155469 0.25 0.000128864
0 0.407422 0.489062 0.0898438 0.107813 0.000137949
0 0.434375 0.559375 0.175 0.176563 0.000143962
0 0.139453 0.0699219 0.261719 0.138281 0.00014739
0 0.264844 0.546875 0.0984375 0.14375 0.000157449
0 0.766016 0.590625 0.147656 0.178125 0.000175834
0 0.344922 0.522266 0.144531 0.163281 0.000176715
0 0.429297 0.509766 0.0867188 0.110156 0.000182973
0 0.321484 0.362109 0.116406 0.239844 0.000184244
0 0.3625 0.490625 0.090625 0.107813 0.000184484
0 0.344141 0.263672 0.0820312 0.108594 0.000184685
0 0.708203 0.5625 0.163281 0.20625 0.00022035
0 0.458203 0.447266 0.130469 0.232031 0.000229715
0 0.864453 0.625391 0.0914062 0.110156 0.000232686
0 0.367969 0.56875 0.320312 0.360938 0.000251953
0 0.408984 0.294922 0.125781 0.130469 0.000258359
0 0.970312 0.195312 0.0578125 0.390625 0.000271415
0 0.354297 0.364844 0.180469 0.3125 0.000273164
0 0.851172 0.295703 0.111719 0.210156 0.00027344
0 0.366016 0.282422 0.0757812 0.0804688 0.000279771
0 0.745313 0.491797 0.215625 0.300781 0.000312
0 0.301172 0.430859 0.103906 0.194531 0.00032906
0 0.342969 0.301953 0.110937 0.139844 0.000363498
0 0.786328 0.535156 0.150781 0.1875 0.000368505
0 0.845312 0.560156 0.090625 0.107813 0.000371095
0 0.817969 0.657812 0.264062 0.229687 0.000402147
0 0.386328 0.294141 0.0914062 0.0867188 0.000403447
0 0.324609 0.489062 0.0898438 0.10625 0.0004612
0 0.370703 0.267969 0.116406 0.129688 0.000490008
0 0.469141 0.525781 0.117969 0.173438 0.000507696
0 0.405078 0.456641 0.164844 0.189844 0.000520434
0 0.827734 0.590625 0.0898438 0.109375 0.000558194
0 0.892578 0.612891 0.103906 0.149219 0.00064587
0 0.326562 0.535937 0.246875 0.192188 0.000697033
0 0.819531 0.416406 0.2125 0.454688 0.000944222
0 0.292578 0.505859 0.146094 0.185156 0.00107933
0 0.373047 0.423047 0.277344 0.382031 0.00165903
0 0.86875 0.532422 0.151562 0.246094 0.00264144
0 0.425 0.508203 0.160938 0.167969 0.00271177
0 0.323828 0.457422 0.166406 0.203906 0.00344143
0 0.854297 0.633594 0.167969 0.165625 0.00349118
0 0.779297 0.598047 0.289844 0.271094 0.00366137
0 0.873047 0.596484 0.0898438 0.0929687 0.00382823
0 0.826563 0.553125 0.145313 0.176563 0.00396874
0 0.807813 0.526563 0.228125 0.260938 0.0248345
0 0.858984 0.593359 0.130469 0.132031 0.0450032
0 0.370703 0.494922 0.228906 0.175781 0.0573056
0 0.823047 0.589453 0.208594 0.185156 0.176891
