0 0.700391 0.657031 0.0929687 0.104687 0.000101622
0 0.0960938 0.289453 0.184375 0.571094 0.000103375
0 0.685547 0.0527344 0.260156 0.105469 0.000103387
0 0.634766 0.670313 0.0851562 0.09375 0.000103728
0 0.65625 0.979297 0.225 0.0414063 0.000107921
0 0.467187 0.0210938 0.240625 0.0390625 0.000108232
0 0.782812 0.685938 0.1 0.14375 0.000109087
0 0.600391 0.670313 0.138281 0.153125 0.000115528
0 0.172656 0.632031 0.282813 0.459375 0.00011733
0 0.362891 0.0210938 0.230469 0.0390625 0.000118108
0 0.347266 0.470313 0.216406 0.428125 0.000120074
0 0.201953 0.205859 0.389844 0.397656 0.000120381
0 0.783203 0.01875 0.250781 0.0359375 0.000123775
0 0.113672 0.01875 0.227344 0.0359375 0.000125889
0 0.221094 0.533203 0.1 0.230469 0.000126706
0 0.942187 0.0167969 0.115625 0.0335938 0.00012797
0 0.591406 0.709766 0.23125 0.286719 0.000129128
0 0.544141 0.804297 0.444531 0.382031 0.000129596
0 0.698828 0.69375 0.0867188 0.09375 0.000132566
0 0.0175781 0.173438 0.0304688 0.265625 0.000137361
0 0.185937 0.105469 0.353125 0.210938 0.000148885
0 0.034375 0.278125 0.065625 0.523438 0.000155746
0 0.677734 0.0183594 0.246094 0.0351562 0.0001561
0 0.564062 0.0371094 0.378125 0.0726563 0.000158324
0 0.332031 0.577734 0.175 0.286719 0.000162881
0 0.64375 0.594531 0.1625 0.229687 0.000164102
0 0.617188 0.653125 0.0875 0.096875 0.000166789
0 0.924219 0.0578125 0.151562 0.115625 0.000168079
0 0.271484 0.439063 0.108594 0.151562 0.000184174
0 0.0738281 0.0269531 0.147656 0.0539063 0.000193853
0 0.719531 0.673828 0.0921875 0.103906 0.000200657
0 0.196875 0.692578 0.0796875 0.108594 0.000202363
0 0.402734 0.307031 0.394531 0.559375 0.000228076
0 0.274609 0.617969 0.146094 0.189063 0.000232756
0 0.264062 0.476953 0.153125 0.363281 0.000235184
0 0.109375 0.046875 0.217187 0.09375 0.000241244
0 0.303906 0.0261719 0.251563 0.0507812 0.000259258
0 0.0671875 0.0765625 0.134375 0.145313 0.000259717
0 0.660937 0.691016 0.126563 0.113281 0.000261773
0 0.855859 0.102734 0.288281 0.205469 0.00026495
0 0.536328 0.176953 0.414844 0.353906 0.000271237
0 0.128516 0.447266 0.255469 0.864844 0.0002832
0 0.376953 0.177734 0.338281 0.350781 0.000284897
0 0.0535156 0.192578 0.107031 0.383594 0.000289506
0 0.0558594 0.380469 0.111719 0.760938 0.000298118
0 0.338672 0.645312 0.142969 0.151562 0.000298563
0 0.695312 0.651953 0.285937 0.283594 0.000301873
0 0.646094 0.964453 0.28125 0.0710938 0.000324442
0 0.731641 0.0316406 0.380469 0.0617188 0.000326519
0 0.101172 0.119141 0.202344 0.232031 0.00036979
0 0.697266 0.882812 0.342969 0.23125 0.000381452
0 0.39375 0.0332031 0.310937 0.0664062 0.000381726
0 0.216797 0.617969 0.0820312 0.110937 0.000382893
0 0.75625 0.707031 0.128125 0.117188 0.000389919
0 0.698047 0.708984 0.164844 0.108594 0.000395677
0 0.21875 0.0242187 0.2375 0.0453125 0.000409443
0 0.219922 0.454297 0.349219 0.774219 0.000418271
0 0.479297 0.0582031 0.375781 0.116406 0.000418628
0 0.614844 0.625391 0.123438 0.160156 0.000420637
0 0.883594 0.01875 0.225 0.0359375 0.000446803
0 0.919922 0.0273438 0.160156 0.0546875 0.000452647
0 0.703516 0.608594 0.169531 0.20625 0.000470507
0 0.683984 0.942578 0.342969 0.111719 0.000471989
0 0.149609 0.0296875 0.289844 0.0578125 0.000482151
0 0.657031 0.710547 0.209375 0.182031 0.000512589
0 0.0289063 0.145703 0.0578125 0.291406 0.000622289
0 0.705078 0.762891 0.266406 0.319531 0.000661945
0 0.720703 0.102734 0.482031 0.202344 0.000691263
0 0.189453 0.563281 0.155469 0.459375 0.000700645
0 0.198437 0.0503906 0.360938 0.100781 0.000765165
0 0.302734 0.111328 0.385156 0.221094 0.000789844
0 0.208594 0.599219 0.09375 0.204688 0.000801183
0 0.753516 0.656641 0.122656 0.149219 0.00082675
0 0.242578 0.633594 0.278906 0.30625 0.000830419
0 0.216406 0.655469 0.0890625 0.115625 0.000836071
0 0.446094 0.110937 0.38125 0.221875 0.000837262
0 0.624609 0.0644531 0.452344 0.128906 0.000885605
0 0.265625 0.482812 0.210938 0.54375 0.000921821
0 0.854297 0.0304688 0.291406 0.0609375 0.00113706
0 0.369141 0.0664062 0.339844 0.132812 0.00118706
0 0.194922 0.676953 0.130469 0.213281 0.00132697
0 0.802734 0.0535156 0.392969 0.105469 0.00149851
0 0.276172 0.653906 0.230469 0.18125 0.0017561
0 0.653906 0.652344 0.182812 0.15 0.00226747
0 0.249609 0.581641 0.161719 0.302344 0.00380385
0 0.714453 0.671875 0.175781 0.14375 0.00832692
0 0.222266 0.641016 0.135156 0.221094 0.042717
