0 0.246484 0.672266 0.203906 0.311719 0.000102631
0 0.330469 0.477734 0.264062 0.446094 0.000113062
0 0.139844 0.808594 0.279687 0.382812 0.000114089
0 0.780469 0.645312 0.096875 0.153125 0.000114118
0 0.792969 0.428125 0.0953125 0.176563 0.000121375
0 0.388281 0.624219 0.135937 0.2 0.000122802
0 0.742188 0.53125 0.128125 0.195312 0.000124688
0 0.674609 0.686719 0.122656 0.170312 0.000127769
0 0.111719 0.901172 0.223438 0.197656 0.000129002
0 0.774219 0.340625 0.117188 0.217187 0.000140193
0 0.786328 0.603516 0.116406 0.261719 0.000147714
0 0.716406 0.479297 0.173438 0.319531 0.000154884
0 0.710156 0.650781 0.1375 0.195312 0.000164735
0 0.747656 0.467969 0.123438 0.20625 0.000203968
0 0.729297 0.677344 0.0710938 0.0859375 0.000210512
0 0.264453 0.537891 0.114844 0.203906 0.000212815
0 0.296094 0.419531 0.153125 0.3375 0.000215333
0 0.724219 0.692969 0.0953125 0.14375 0.000216408
0 0.305859 0.600391 0.271094 0.292969 0.000447831
0 0.317578 0.632812 0.180469 0.190625 0.00045046
0 0.277344 0.608984 0.0890625 0.103906 0.000464422
0 0.264453 0.628906 0.125781 0.185937 0.000649794
0 0.275391 0.497656 0.146094 0.33125 0.000670867
0 0.771094 0.421875 0.134375 0.251563 0.000908828
0 0.743359 0.658203 0.0992187 0.135156 0.00107059
0 0.742188 0.621875 0.13125 0.223438 0.00112506
0 0.762109 0.533594 0.139844 0.323438 0.00247699
0 0.285547 0.582031 0.158594 0.207813 0.0152617
