0 0.744531 0.777734 0.142188 0.155469 0.000107187
0 0.812891 0.450391 0.0851562 0.203906 0.000109385
0 0.202344 0.445312 0.114063 0.145313 0.000111154
0 0.213281 0.572656 0.132812 0.225 0.000111384
0 0.3375 0.521094 0.165625 0.378125 0.000112828
0 0.242578 0.615234 0.136719 0.200781 0.000113421
0 0.787109 0.801953 0.0851562 0.105469 0.000114797
0 0.635938 0.508203 0.090625 0.103906 0.000117734
0 0.768359 0.532031 0.127344 0.207813 0.00012014
0 0.761328 0.719922 0.138281 0.260156 0.000120881
0 0.212891 0.761719 0.149219 0.189063 0.000121877
0 0.703906 0.614062 0.121875 0.184375 0.000129256
0 0.197656 0.655859 0.1375 0.252344 0.000131099
0 0.628125 0.549609 0.11875 0.141406 0.000132581
0 0.7625 0.6125 0.146875 0.248437 0.000133208
0 0.332812 0.702344 0.365625 0.460938 0.000139013
0 0.178516 0.573047 0.0789063 0.110156 0.000139768
0 0.812109 0.508594 0.0992187 0.2 0.000146694
0 0.137109 0.779688 0.114844 0.229687 0.000149315
0 0.826563 0.560938 0.148438 0.39375 0.000156524
0 0.271094 0.439063 0.08125 0.0984375 0.000172244
0 0.673437 0.630859 0.309375 0.519531 0.000184485
0 0.274609 0.385547 0.308594 0.467969 0.000194733
0 0.3375 0.433984 0.135937 0.244531 0.000199082
0 0.264453 0.676953 0.139844 0.227344 0.000212365
0 0.653906 0.155859 0.114063 0.128906 0.000216373
0 0.721094 0.678516 0.1375 0.260156 0.000233646
0 0.235547 0.355469 0.128906 0.209375 0.000249721
0 0.738672 0.814844 0.213281 0.210938 0.000250482
0 0.801953 0.592188 0.130469 0.270312 0.000263544
0 0.323828 0.173828 0.152344 0.121094 0.000272636
0 0.333984 0.608203 0.138281 0.219531 0.000280363
0 0.297266 0.400781 0.188281 0.21875 0.000332258
0 0.28125 0.616797 0.126563 0.128906 0.000336338
0 0.655078 0.730859 0.182031 0.219531 0.000349755
0 0.714844 0.419141 0.21875 0.289844 0.000355248
0 0.782422 0.407422 0.114844 0.258594 0.00035588
0 0.179688 0.591016 0.101562 0.185156 0.000377684
0 0.269531 0.411328 0.125 0.125781 0.000413371
0 0.167578 0.652734 0.153906 0.382031 0.000427736
0 0.366797 0.398047 0.0835937 0.128906 0.000513508
0 0.644922 0.449219 0.163281 0.24375 0.000527317
0 0.182031 0.507031 0.096875 0.246875 0.00062298
0 0.174609 0.801953 0.0929687 0.111719 0.00064729
0 0.698438 0.765234 0.221875 0.203906 0.000684412
0 0.680078 0.628516 0.185156 0.335156 0.000684636
0 0.301172 0.725781 0.175781 0.195312 0.000696542
0 0.812109 0.702344 0.177344 0.39375 0.000773415
0 0.261328 0.451953 0.121094 0.136719 0.000952841
0 0.682031 0.518359 0.209375 0.297656 0.00101684
0 0.136719 0.833203 0.071875 0.0992187 0.00114834
0 0.645703 0.515234 0.141406 0.157031 0.00116322
0 0.304297 0.651563 0.164844 0.229687 0.00119091
0 0.214453 0.819141 0.283594 0.252344 0.00124067
0 0.799219 0.807031 0.134375 0.164062 0.00125586
0 0.260156 0.526563 0.223438 0.448438 0.0018222
0 0.242578 0.425 0.0929687 0.096875 0.00192524
0 0.263672 0.689062 0.233594 0.275 0.00221487
0 0.186328 0.545313 0.125781 0.404687 0.00271903
0 0.73125 0.55625 0.240625 0.396875 0.00298043
0 0.225 0.476562 0.16875 0.290625 0.0031713
0 0.775391 0.771484 0.200781 0.217969 0.00321044
0 0.793359 0.482812 0.124219 0.295312 0.00354279
0 0.737109 0.700781 0.235156 0.317187 0.00395403
0 0.776172 0.626562 0.197656 0.423438 0.00612272
0 0.151562 0.825391 0.109375 0.136719 0.0093439
0 0.216797 0.625781 0.211719 0.464063 0.0108755
0 0.234375 0.428516 0.142188 0.127344 0.0120049
0 0.205859 0.739453 0.213281 0.285156 0.017548
0 0.180859 0.799219 0.172656 0.182812 0.0428503
