0 0.673828 0.927734 0.135156 0.135156 0.000100269
0 0.349219 0.395312 0.282813 0.460938 0.000101377
0 0.382812 0.161719 0.0796875 0.0875 0.000103326
0 0.349219 0.583984 0.176563 0.197656 0.000106263
0 0.716016 0.235938 0.0960938 0.126563 0.000109788
0 0.740625 0.585547 0.0859375 0.0976562 0.000109869
0 0.725 0.378906 0.15 0.254687 0.000114749
0 0.382031 0.493359 0.129688 0.188281 0.000117204
0 0.00898437 0.637109 0.0179687 0.0976562 0.000117974
0 0.296094 0.357422 0.09375 0.127344 0.000120182
0 0.0167969 0.528516 0.0320312 0.311719 0.000121904
0 0.711328 0.685156 0.216406 0.176563 0.000125753
0 0.666797 0.476953 0.177344 0.282031 0.000126817
0 0.687109 0.224609 0.139844 0.164844 0.000128863
0 0.341797 0.298438 0.107031 0.1125 0.000129358
0 0.655469 0.824219 0.142188 0.264062 0.000129972
0 0.706641 0.269531 0.135156 0.196875 0.000132679
0 0.398438 0.205469 0.110937 0.170312 0.000137566
0 0.276563 0.0796875 0.376563 0.159375 0.00013882
0 0.278125 0.586328 0.123438 0.132031 0.000145704
0 0.0117188 0.551562 0.0203125 0.195312 0.000147073
0 0.698047 0.615234 0.272656 0.338281 0.000147538
0 0.3125 0.976562 0.275 0.046875 0.000148219
0 0.299219 0.339453 0.071875 0.0742188 0.000151085
0 0.373437 0.187891 0.0875 0.114844 0.000152053
0 0.258984 0.350781 0.0710938 0.135937 0.000156744
0 0.00976562 0.678125 0.0179687 0.0890625 0.000157585
0 0.302734 0.542969 0.266406 0.29375 0.000171121
0 0.336328 0.284766 0.153906 0.208594 0.000178023
0 0.0128906 0.719922 0.0179687 0.130469 0.000179692
0 0.631641 0.260547 0.128906 0.216406 0.000181996
0 0.0113281 0.614453 0.0195312 0.180469 0.000183715
0 0.686328 0.729688 0.286719 0.328125 0.000186509
0 0.341797 0.53125 0.0804688 0.0921875 0.000202246
0 0.268359 0.307813 0.0601562 0.08125 0.000216067
0 0.300781 0.494922 0.132812 0.180469 0.000220549
0 0.381641 0.552734 0.136719 0.185156 0.000225701
0 0.576563 0.953516 0.217187 0.0914062 0.000229327
0 0.247266 0.530859 0.119531 0.197656 0.000231421
0 0.368359 0.224609 0.125781 0.178906 0.00023161
0 0.296484 0.318359 0.125781 0.200781 0.00023333
0 0.75625 0.501562 0.132812 0.26875 0.000235421
0 0.0121094 0.677734 0.0179687 0.146094 0.000244669
0 0.230469 0.0339844 0.296875 0.0679687 0.000248691
0 0.725 0.629687 0.182812 0.210938 0.00028845
0 0.323438 0.982031 0.1875 0.034375 0.000295713
0 0.308984 0.277734 0.110156 0.121094 0.00037
0 0.630859 0.942578 0.199219 0.110156 0.000372733
0 0.273047 0.370313 0.103906 0.19375 0.000381379
0 0.583594 0.864453 0.245312 0.271094 0.000396171
0 0.649219 0.890625 0.182812 0.215625 0.000401025
0 0.637891 0.194922 0.133594 0.174219 0.000447218
0 0.678125 0.556641 0.189063 0.233594 0.000449516
0 0.661328 0.651172 0.196094 0.210156 0.000637291
0 0.328125 0.479688 0.175 0.267188 0.00069925
0 0.279687 0.323828 0.0859375 0.111719 0.000817456
0 0.267578 0.475391 0.135156 0.263281 0.000843455
0 0.668359 0.715234 0.221094 0.171094 0.000864264
0 0.339453 0.528906 0.144531 0.151562 0.00107649
0 0.65 0.817187 0.228125 0.335938 0.00110054
0 0.288672 0.405469 0.135156 0.310937 0.00119945
0 0.730078 0.568359 0.153906 0.199219 0.00174727
0 0.290234 0.542578 0.167969 0.189844 0.00478489
