0 0.815625 0.0585938 0.204688 0.117188 0.000101189
0 0.907031 0.789062 0.182812 0.39375 0.000102917
0 0.780078 0.366797 0.0710938 0.103906 0.00010309
0 0.230469 0.700391 0.310937 0.427344 0.000103496
0 0.197266 0.01875 0.197656 0.0375 0.000103759
0 0.694531 0.63125 0.0875 0.096875 0.000104221
0 0.510938 0.0160156 0.084375 0.0304688 0.000104534
0 0.814844 0.516016 0.090625 0.202344 0.000105961
0 0.117969 0.372656 0.223438 0.440625 0.000107721
0 0.300391 0.0296875 0.107031 0.059375 0.000108115
0 0.596094 0.0714844 0.204688 0.141406 0.00010858
0 0.403125 0.283984 0.13125 0.0992187 0.000109115
0 0.673828 0.342969 0.105469 0.201562 0.000110345
0 0.19375 0.378906 0.296875 0.345313 0.000111394
0 0.71875 0.342187 0.1125 0.209375 0.000111473
0 0.308984 0.590234 0.0710938 0.110156 0.00011387
0 0.0707031 0.0382813 0.141406 0.0734375 0.00011395
0 0.79375 0.367188 0.084375 0.16875 0.000115517
0 0.774219 0.283984 0.0796875 0.0898438 0.000118034
0 0.268359 0.0429688 0.144531 0.084375 0.000121688
0 0.337109 0.535547 0.0882813 0.102344 0.000123472
0 0.028125 0.817578 0.05625 0.357031 0.000124546
0 0.186328 0.0890625 0.307031 0.176563 0.000126921
0 0.747656 0.405469 0.104687 0.2 0.000127022
0 0.788281 0.314063 0.0765625 0.129688 0.000127495
0 0.782422 0.510156 0.0835937 0.1 0.000130489
0 0.698828 0.555469 0.0835937 0.10625 0.000131026
0 0.675781 0.6125 0.084375 0.104687 0.000138453
0 0.605078 0.344922 0.0601562 0.196094 0.000139594
0 0.729297 0.162891 0.180469 0.249219 0.000149615
0 0.324609 0.635938 0.0867188 0.109375 0.000149934
0 0.311328 0.407813 0.0835937 0.179688 0.000151323
0 0.344531 0.348047 0.084375 0.144531 0.000152377
0 0.432813 0.0449219 0.0828125 0.0835937 0.000154896
0 0.327344 0.427734 0.071875 0.110156 0.000155586
0 0.258203 0.0179687 0.153906 0.0359375 0.000161296
0 0.366016 0.743359 0.300781 0.272656 0.000164735
0 0.531641 0.0289063 0.0820312 0.0578125 0.000166011
0 0.347266 0.614062 0.0867188 0.114063 0.000168769
0 0.305469 0.657031 0.0796875 0.090625 0.000172669
0 0.466406 0.0183594 0.084375 0.0367187 0.00017515
0 0.763281 0.363281 0.0890625 0.148438 0.000176409
0 0.695703 0.592578 0.0882813 0.100781 0.000179961
0 0.741797 0.653516 0.142969 0.158594 0.000181097
0 0.798437 0.532031 0.0734375 0.109375 0.000185896
0 0.660156 0.439453 0.135937 0.214844 0.000188882
0 0.264062 0.626953 0.20625 0.302344 0.000190022
0 0.765625 0.387891 0.065625 0.0851562 0.000190047
0 0.053125 0.310937 0.10625 0.567187 0.000194524
0 0.413672 0.674219 0.300781 0.345313 0.000195794
0 0.758594 0.229297 0.195312 0.238281 0.000201087
0 0.707031 0.303125 0.303125 0.392188 0.000204559
0 0.823047 0.126563 0.267969 0.251563 0.000206402
0 0.885547 0.0597656 0.225781 0.117969 0.000208313
0 0.533594 0.0863281 0.251563 0.167969 0.000210848
0 0.721484 0.494141 0.177344 0.182031 0.000212939
0 0.401563 0.554297 0.0796875 0.0992187 0.000214334
0 0.762891 0.573047 0.0867188 0.111719 0.000222537
0 0.551172 0.0152344 0.0835937 0.0289063 0.000226429
0 0.617578 0.301953 0.0835937 0.205469 0.000226855
0 0.802344 0.678906 0.142188 0.2125 0.000228972
0 0.434766 0.360938 0.100781 0.1 0.000229834
0 0.363281 0.556641 0.0875 0.0945313 0.000230845
0 0.0269531 0.315625 0.0492188 0.45625 0.000231527
0 0.3875 0.324219 0.135937 0.148438 0.00023483
0 0.611719 0.358984 0.10625 0.213281 0.000235942
0 0.426562 0.311719 0.145313 0.129688 0.000239799
0 0.307031 0.671875 0.132812 0.129688 0.000244378
0 0.341016 0.385156 0.0695312 0.09375 0.0002492
0 0.842578 0.738672 0.142969 0.236719 0.000259229
0 0.0339844 0.188672 0.0664062 0.374219 0.000265919
0 0.358203 0.449609 0.119531 0.225781 0.00027656
0 0.348437 0.671094 0.145313 0.159375 0.000278325
0 0.704687 0.294141 0.08125 0.0820312 0.000284662
0 0.672266 0.224219 0.132031 0.146875 0.00028658
0 0.195703 0.0464844 0.282031 0.0929687 0.000290565
0 0.113281 0.201172 0.226562 0.388281 0.000299351
0 0.229297 0.0285156 0.177344 0.0570313 0.000306576
0 0.777734 0.407422 0.0851562 0.161719 0.000317207
0 0.385938 0.403125 0.170312 0.246875 0.000318907
0 0.36875 0.632422 0.0890625 0.114844 0.000319993
0 0.819531 0.554297 0.279687 0.375781 0.000323249
0 0.801172 0.611719 0.0851562 0.1125 0.000327614
0 0.703906 0.767578 0.417188 0.442969 0.000352081
0 0.782422 0.554688 0.0851562 0.110937 0.000369122
0 0.419531 0.447266 0.182812 0.353906 0.0003761
0 0.429297 0.374219 0.142969 0.159375 0.000382151
0 0.825781 0.486719 0.13125 0.375 0.000387191
0 0.417188 0.632812 0.11875 0.210938 0.000395078
0 0.385938 0.612109 0.0890625 0.114844 0.00041538
0 0.340625 0.569531 0.0890625 0.0984375 0.00041578
0 0.669922 0.522656 0.142969 0.225 0.000417521
0 0.366797 0.592969 0.0867188 0.110937 0.000420953
0 0.653125 0.258594 0.0890625 0.0890625 0.000441855
0 0.752734 0.265234 0.102344 0.105469 0.000461483
0 0.0695312 0.114844 0.139062 0.225 0.000485502
0 0.798437 0.575391 0.08125 0.114844 0.000499758
0 0.326562 0.447656 0.0890625 0.201562 0.000501251
0 0.364844 0.539844 0.139062 0.198437 0.000583408
0 0.383594 0.570703 0.0875 0.0976562 0.000596508
0 0.552344 0.0515625 0.196875 0.101562 0.000664399
0 0.118359 0.0582031 0.236719 0.114844 0.000672196
0 0.705078 0.394531 0.192969 0.360938 0.000706268
0 0.570703 0.028125 0.153906 0.05625 0.000718701
0 0.790234 0.405859 0.116406 0.291406 0.000742796
0 0.303516 0.525781 0.0929687 0.26875 0.000769402
0 0.628906 0.271484 0.0875 0.114844 0.000777455
0 0.798828 0.471094 0.0945313 0.220313 0.000782626
0 0.678906 0.59375 0.125 0.165625 0.000790035
0 0.737109 0.294141 0.138281 0.164844 0.000813077
0 0.470313 0.0328125 0.115625 0.0625 0.000842054
0 0.766406 0.359766 0.126563 0.225781 0.000901383
0 0.341016 0.398828 0.0914062 0.149219 0.000929684
0 0.643359 0.34375 0.136719 0.259375 0.000937242
0 0.782031 0.630078 0.139062 0.188281 0.00095052
0 0.532812 0.0191406 0.1625 0.0382813 0.000994939
0 0.764453 0.491406 0.139844 0.228125 0.00116567
0 0.322656 0.555078 0.0703125 0.0914062 0.00117745
0 0.7 0.555078 0.132812 0.189844 0.00133239
0 0.782812 0.71875 0.251563 0.207813 0.0013395
0 0.700391 0.630078 0.186719 0.174219 0.00137644
0 0.693359 0.292969 0.139844 0.135937 0.00142539
0 0.710156 0.676172 0.259375 0.272656 0.00144591
0 0.401563 0.671875 0.173438 0.2125 0.00147463
0 0.308203 0.613281 0.110156 0.204688 0.00162756
0 0.333594 0.666797 0.215625 0.232031 0.00209757
0 0.519141 0.0359375 0.180469 0.0703125 0.00210992
0 0.823047 0.600781 0.130469 0.234375 0.00229784
0 0.653125 0.276172 0.129688 0.157031 0.00232463
0 0.330078 0.489453 0.111719 0.330469 0.0025184
0 0.696875 0.256641 0.171875 0.136719 0.00305754
0 0.324609 0.555469 0.0898438 0.165625 0.00315067
0 0.398047 0.575781 0.119531 0.204688 0.00341196
0 0.369531 0.582422 0.265625 0.333594 0.00348429
0 0.825781 0.769141 0.257812 0.349219 0.00396967
0 0.723437 0.276563 0.103125 0.1 0.0042813
0 0.725391 0.46875 0.275781 0.503125 0.00473129
0 0.712109 0.568359 0.219531 0.246094 0.00852974
0 0.332812 0.571094 0.13125 0.246875 0.0128803
0 0.369531 0.496094 0.182812 0.39375 0.0195474
0 0.791797 0.569531 0.133594 0.225 0.0231448
0 0.762891 0.487891 0.172656 0.371094 0.0233146
0 0.775 0.688672 0.289062 0.367969 0.0464304
0 0.766016 0.604688 0.214844 0.259375 0.0911141
0 0.364844 0.612891 0.178125 0.219531 0.155701
