0 0.279687 0.342969 0.075 0.090625 0.000100432
0 0.778906 0.575 0.11875 0.209375 0.000100545
0 0.347656 0.248828 0.1 0.111719 0.00010298
0 0.303906 0.322266 0.146875 0.160156 0.00010784
0 0.220313 0.494531 0.148438 0.189063 0.000115285
0 0.28125 0.53125 0.0890625 0.1125 0.000116554
0 0.799219 0.753906 0.109375 0.159375 0.000121203
0 0.784375 0.698047 0.0859375 0.113281 0.000123307
0 0.617578 0.672656 0.147656 0.184375 0.000123689
0 0.6875 0.398828 0.14375 0.211719 0.000124605
0 0.813281 0.627344 0.276563 0.417188 0.000124679
0 0.240625 0.340625 0.0671875 0.090625 0.000127251
0 0.721094 0.554688 0.178125 0.204688 0.000131544
0 0.624609 0.527344 0.233594 0.49375 0.00013448
0 0.800781 0.71875 0.08125 0.117188 0.000134859
0 0.660937 0.485938 0.18125 0.346875 0.000137289
0 0.137109 0.570703 0.157031 0.146094 0.000139092
0 0.778516 0.490234 0.0992187 0.157031 0.000139682
0 0.130859 0.407422 0.153906 0.361719 0.000145105
0 0.319141 0.593359 0.322656 0.385156 0.000151341
0 0.284375 0.586328 0.146875 0.147656 0.000158746
0 0.778125 0.639063 0.129688 0.215625 0.000186966
0 0.761328 0.53125 0.122656 0.184375 0.000188091
0 0.322656 0.278516 0.132812 0.138281 0.000195777
0 0.762109 0.742969 0.313281 0.3375 0.000204445
0 0.744922 0.715625 0.139844 0.1625 0.000214345
0 0.194141 0.386719 0.139844 0.207813 0.000215076
0 0.174609 0.492188 0.146094 0.209375 0.000215299
0 0.792969 0.487891 0.11875 0.246094 0.000215711
0 0.601953 0.636328 0.349219 0.419531 0.000243086
0 0.228125 0.328906 0.125 0.135937 0.000251974
0 0.220313 0.473828 0.25625 0.221094 0.000260237
0 0.155469 0.429688 0.128125 0.251563 0.000282029
0 0.70625 0.416406 0.195312 0.317187 0.00032588
0 0.257031 0.344531 0.104687 0.120312 0.000340673
0 0.322656 0.49375 0.145313 0.175 0.000417508
0 0.776953 0.748438 0.161719 0.215625 0.000420234
0 0.654297 0.599219 0.139844 0.23125 0.000468862
0 0.351562 0.304297 0.170312 0.197656 0.000472881
0 0.245703 0.531641 0.147656 0.160156 0.000520575
0 0.294531 0.311328 0.232812 0.232031 0.0005993
0 0.121875 0.515625 0.153125 0.240625 0.000690648
0 0.739844 0.616406 0.15 0.259375 0.00076235
0 0.761328 0.489453 0.155469 0.322656 0.000905726
0 0.212891 0.344141 0.197656 0.224219 0.000917087
0 0.278906 0.587109 0.253125 0.189844 0.000976262
0 0.696484 0.637109 0.147656 0.216406 0.00103361
0 0.658984 0.706641 0.263281 0.267969 0.00118068
0 0.307422 0.399219 0.242969 0.439063 0.00118395
0 0.7 0.488281 0.267188 0.526563 0.0018989
0 0.804297 0.698438 0.130469 0.239063 0.00237617
0 0.795313 0.610937 0.15 0.371875 0.00312117
0 0.186719 0.591797 0.303125 0.247656 0.00375877
0 0.625391 0.646094 0.221094 0.248437 0.00379346
0 0.1625 0.477734 0.20625 0.297656 0.00581548
0 0.757422 0.68125 0.192969 0.242188 0.00959968
0 0.305859 0.535156 0.207031 0.201562 0.0111719
0 0.745703 0.571094 0.211719 0.385938 0.0147577
0 0.225781 0.428516 0.30625 0.389844 0.0262535
0 0.701563 0.645703 0.282813 0.297656 0.157206
0 0.235547 0.537109 0.311719 0.238281 0.174037
