0 0.727344 0.903125 0.351562 0.184375 0.000101937
0 0.842188 0.716797 0.0828125 0.108594 0.000105633
0 0.198437 0.575391 0.13125 0.253906 0.000109949
0 0.560547 0.192969 0.313281 0.385938 0.000111002
0 0.225391 0.695312 0.152344 0.18125 0.000111603
0 0.742969 0.680859 0.221875 0.217969 0.00011735
0 0.369922 0.610937 0.180469 0.317187 0.000119976
0 0.822656 0.739844 0.0875 0.10625 0.000137979
0 0.269141 0.792969 0.355469 0.29375 0.00013846
0 0.820703 0.596484 0.107031 0.180469 0.000152754
0 0.226953 0.494922 0.149219 0.341406 0.000153511
0 0.854688 0.7 0.101562 0.19375 0.000164218
0 0.354297 0.71875 0.152344 0.164062 0.000181411
0 0.801953 0.756641 0.0882813 0.100781 0.000185227
0 0.183203 0.676172 0.142969 0.222656 0.000244021
0 0.33125 0.482031 0.242188 0.492188 0.000266044
0 0.340234 0.640234 0.169531 0.203906 0.000283336
0 0.245703 0.64375 0.146094 0.190625 0.000348721
0 0.717578 0.759375 0.146094 0.18125 0.000351786
0 0.809375 0.659766 0.139062 0.216406 0.000532839
0 0.664453 0.798437 0.200781 0.220313 0.000578736
0 0.779688 0.821094 0.30625 0.264062 0.000698326
0 0.319141 0.695312 0.146094 0.167187 0.000731638
0 0.201172 0.571094 0.175781 0.38125 0.000856543
0 0.798828 0.597656 0.171094 0.392188 0.00127696
0 0.784375 0.757031 0.18125 0.160938 0.00154932
0 0.302344 0.744141 0.254687 0.232031 0.00172738
0 0.208984 0.714453 0.333594 0.257031 0.00198408
0 0.677734 0.725391 0.186719 0.252344 0.00203648
0 0.744922 0.665625 0.277344 0.354688 0.0021435
0 0.208203 0.654297 0.238281 0.280469 0.00285761
0 0.282422 0.675 0.150781 0.175 0.00314878
0 0.838281 0.761328 0.148438 0.210156 0.00321691
0 0.833594 0.655469 0.135937 0.31875 0.00407178
0 0.28125 0.596094 0.309375 0.3625 0.00528381
0 0.724609 0.769531 0.258594 0.215625 0.00772785
0 0.799609 0.713672 0.207031 0.288281 0.0257278
0 0.278125 0.677344 0.257812 0.2375 0.270937
