0 0.287109 0.323047 0.0445312 0.0804688 0.000102534
0 0.136328 0.527734 0.150781 0.510156 0.000103091
0 0.294141 0.367188 0.0632813 0.09375 0.000105709
0 0.233984 0.426562 0.0742188 0.103125 0.000108308
0 0.553906 0.590625 0.090625 0.109375 0.000111393
0 0.0519531 0.0355469 0.102344 0.0679687 0.000111614
0 0.0808594 0.714063 0.153906 0.55 0.000111651
0 0.178906 0.677344 0.121875 0.2 0.000112472
0 0.594531 0.696875 0.226562 0.203125 0.00011534
0 0.960156 0.102734 0.0796875 0.205469 0.00011552
0 0.529297 0.471484 0.0914062 0.110156 0.000115538
0 0.275391 0.592578 0.142969 0.258594 0.000116855
0 0.507031 0.319531 0.0546875 0.05 0.000118416
0 0.191016 0.848828 0.258594 0.280469 0.000120086
0 0.285937 0.328516 0.0625 0.127344 0.000120777
0 0.573047 0.430859 0.105469 0.117969 0.000123549
0 0.325391 0.614844 0.252344 0.389062 0.000123903
0 0.913672 0.0171875 0.172656 0.034375 0.000123996
0 0.214844 0.45 0.0796875 0.109375 0.000125128
0 0.295312 0.300391 0.0484375 0.0460938 0.000126914
0 0.975781 0.0710938 0.046875 0.142188 0.000131198
0 0.500781 0.311719 0.0796875 0.078125 0.000136446
0 0.553125 0.491016 0.0921875 0.108594 0.000137902
0 0.956641 0.642969 0.0867188 0.6125 0.000140859
0 0.497266 0.404297 0.163281 0.258594 0.000142436
0 0.145703 0.635156 0.0914062 0.275 0.000143698
0 0.358594 0.028125 0.25 0.05625 0.00014753
0 0.971875 0.809375 0.05625 0.38125 0.000149557
0 0.0667969 0.86875 0.133594 0.2625 0.000152458
0 0.571094 0.512891 0.0859375 0.105469 0.000155933
0 0.941406 0.0488281 0.117188 0.0976562 0.00016835
0 0.858594 0.0480469 0.271875 0.0960938 0.000178813
0 0.297266 0.46875 0.139844 0.18125 0.000179356
0 0.96875 0.520703 0.0609375 0.619531 0.000185285
0 0.31875 0.427734 0.0859375 0.139844 0.000189264
0 0.976562 0.142969 0.046875 0.285937 0.000191832
0 0.236719 0.635547 0.164062 0.210156 0.000191844
0 0.491016 0.455859 0.0820312 0.0945313 0.000191971
0 0.219531 0.762891 0.221875 0.327344 0.000208825
0 0.201562 0.427344 0.078125 0.109375 0.000220736
0 0.533984 0.548828 0.0929687 0.110156 0.000221323
0 0.179688 0.511719 0.103125 0.195312 0.000233338
0 0.573438 0.653516 0.146875 0.203906 0.0002447
0 0.89375 0.0316406 0.2125 0.0632813 0.000250532
0 0.542969 0.421484 0.271875 0.407031 0.000263629
0 0.235547 0.425781 0.266406 0.40625 0.000287664
0 0.294141 0.366016 0.0851562 0.150781 0.000288845
0 0.158984 0.723828 0.177344 0.327344 0.000294687
0 0.591406 0.572266 0.090625 0.103906 0.000322177
0 0.186328 0.431641 0.113281 0.202344 0.000329746
0 0.529297 0.508984 0.0898438 0.110156 0.00040268
0 0.298828 0.400781 0.117969 0.175 0.000484248
0 0.553125 0.53125 0.0921875 0.104687 0.000484463
0 0.604688 0.55625 0.123438 0.1625 0.000505034
0 0.533594 0.715234 0.309375 0.327344 0.000552942
0 0.283594 0.518359 0.184375 0.286719 0.000579937
0 0.260156 0.362891 0.146875 0.214844 0.000584929
0 0.571484 0.551953 0.0898438 0.102344 0.000607728
0 0.638281 0.633203 0.220313 0.299219 0.000643727
0 0.494141 0.489453 0.0898438 0.111719 0.000661373
0 0.217187 0.372266 0.0765625 0.114844 0.000675856
0 0.237891 0.553906 0.149219 0.278125 0.000784541
0 0.216797 0.405469 0.0695312 0.103125 0.000788186
0 0.479297 0.510938 0.121094 0.178125 0.000799073
0 0.535547 0.610156 0.152344 0.204688 0.000916417
0 0.161719 0.575781 0.096875 0.26875 0.000991025
0 0.219531 0.489453 0.15625 0.200781 0.00114322
0 0.497266 0.548047 0.171094 0.200781 0.00150773
0 0.249609 0.675781 0.228906 0.385938 0.00169266
0 0.541016 0.434766 0.178906 0.250781 0.00185244
0 0.198047 0.614844 0.144531 0.279687 0.0020466
0 0.576953 0.491797 0.161719 0.202344 0.00277749
0 0.603516 0.719531 0.361719 0.451562 0.00299917
0 0.225 0.406641 0.123438 0.180469 0.00347691
0 0.253516 0.445312 0.191406 0.253125 0.00412931
0 0.172656 0.676953 0.232812 0.517969 0.00476086
0 0.586719 0.594531 0.178125 0.1875 0.00669425
0 0.199219 0.49375 0.151562 0.354688 0.00880783
0 0.16875 0.603906 0.151562 0.429688 0.0107097
0 0.55 0.551562 0.15 0.170312 0.0145502
0 0.518359 0.489844 0.174219 0.175 0.01676
0 0.561328 0.630078 0.258594 0.280469 0.0351676
0 0.221484 0.571484 0.213281 0.455469 0.233198
0 0.545313 0.546875 0.2125 0.253125 0.269138
