0 0.366406 0.235938 0.14375 0.196875 0.000102292
0 0.737891 0.801562 0.132031 0.20625 0.000103564
0 0.865625 0.435156 0.134375 0.0984375 0.000103653
0 0.302344 0.295312 0.0890625 0.101562 0.000106562
0 0.678125 0.363672 0.284375 0.333594 0.000111706
0 0.858203 0.161719 0.0851562 0.103125 0.000113826
0 0.361719 0.0277344 0.160938 0.0523437 0.000119153
0 0.3 0.0164062 0.084375 0.0328125 0.000119251
0 0.777734 0.611328 0.102344 0.180469 0.000119864
0 0.447656 0.592188 0.48125 0.782812 0.000121512
0 0.182812 0.263281 0.14375 0.148438 0.000122399
0 0.787891 0.201172 0.0867188 0.100781 0.000122709
0 0.354297 0.821875 0.253906 0.307813 0.000123599
0 0.841797 0.252344 0.111719 0.196875 0.000124355
0 0.803516 0.279297 0.127344 0.211719 0.000127507
0 0.764453 0.257031 0.111719 0.170312 0.000132413
0 0.254297 0.107031 0.117969 0.114063 0.000133286
0 0.829297 0.417188 0.132031 0.0984375 0.000133298
0 0.680859 0.376953 0.146094 0.169531 0.000145569
0 0.691797 0.0621094 0.111719 0.122656 0.000146522
0 0.841797 0.230078 0.0804688 0.0820312 0.000147059
0 0.717969 0.345313 0.0921875 0.114063 0.000147882
0 0.153906 0.150391 0.107813 0.138281 0.000149557
0 0.771875 0.547266 0.0859375 0.0960938 0.000151377
0 0.303516 0.3125 0.135156 0.140625 0.000155861
0 0.275391 0.0445312 0.157031 0.0875 0.000156004
0 0.987109 0.71875 0.0257812 0.246875 0.000157428
0 0.969922 0.694531 0.0601562 0.571875 0.000157462
0 0.681641 0.242969 0.142969 0.25 0.000165959
0 0.241406 0.981641 0.196875 0.0335938 0.000166866
0 0.696094 0.964844 0.185937 0.0703125 0.000172189
0 0.262109 0.293359 0.0914062 0.0960938 0.000186917
0 0.653906 0.701563 0.207813 0.284375 0.000186973
0 0.480469 0.734375 0.373437 0.417188 0.000187294
0 0.718359 0.0195312 0.122656 0.0390625 0.000195598
0 0.156641 0.189063 0.147656 0.207813 0.000201361
0 0.190625 0.146094 0.164062 0.2 0.000203783
0 0.782812 0.25625 0.110937 0.107813 0.000203869
0 0.3375 0.150391 0.16875 0.250781 0.000214829
0 0.325 0.980859 0.221875 0.0382813 0.000215176
0 0.192188 0.225 0.298438 0.317187 0.000219629
0 0.810156 0.0519531 0.115625 0.100781 0.000232859
0 0.986328 0.801172 0.0273438 0.250781 0.000234398
0 0.698047 0.805078 0.135156 0.238281 0.000242077
0 0.219141 0.0824219 0.147656 0.130469 0.000245654
0 0.972266 0.917188 0.0554687 0.165625 0.000251125
0 0.769531 0.028125 0.146875 0.05625 0.000253715
0 0.238672 0.310547 0.149219 0.125781 0.000256626
0 0.534375 0.89375 0.260938 0.2125 0.000256802
0 0.862891 0.219531 0.107031 0.140625 0.000258136
0 0.485547 0.930078 0.410156 0.139844 0.000258696
0 0.872656 0.323047 0.129688 0.267969 0.000260827
0 0.196484 0.964453 0.277344 0.0664062 0.000263067
0 0.696484 0.0328125 0.122656 0.065625 0.000272435
0 0.637109 0.823828 0.142969 0.252344 0.000273644
0 0.846875 0.387109 0.090625 0.0992187 0.000274253
0 0.75 0.725781 0.167187 0.290625 0.00027506
0 0.159766 0.3 0.185156 0.090625 0.000304914
0 0.788672 0.182812 0.127344 0.134375 0.00030596
0 0.726562 0.0484375 0.160938 0.096875 0.000307802
0 0.689062 0.704297 0.159375 0.202344 0.000308033
0 0.366406 0.308984 0.1125 0.141406 0.000309165
0 0.568359 0.964063 0.257031 0.071875 0.000311007
0 0.337109 0.0425781 0.163281 0.0835937 0.000314518
0 0.89375 0.405469 0.065625 0.078125 0.00036947
0 0.260547 0.224219 0.150781 0.2 0.000423162
0 0.791016 0.212109 0.285156 0.400781 0.000436484
0 0.802734 0.346094 0.142969 0.16875 0.000443435
0 0.957031 0.841016 0.0859375 0.317969 0.00045882
0 0.98125 0.654297 0.0375 0.430469 0.000475831
0 0.983594 0.876562 0.0328125 0.246875 0.000483482
0 0.301953 0.0277344 0.147656 0.0539063 0.000495696
0 0.731641 0.938672 0.191406 0.122656 0.000511299
0 0.825781 0.213672 0.090625 0.0914062 0.000521376
0 0.855859 0.161328 0.108594 0.163281 0.000551372
0 0.280469 0.275781 0.0890625 0.104687 0.000561823
0 0.763281 0.129297 0.185937 0.242969 0.000630533
0 0.309766 0.963672 0.297656 0.0726563 0.000642028
0 0.238281 0.944141 0.340625 0.108594 0.000709366
0 0.653516 0.885547 0.142969 0.202344 0.000792907
0 0.267969 0.324609 0.240625 0.183594 0.000824637
0 0.717969 0.307813 0.140625 0.192188 0.000858197
0 0.777734 0.395703 0.316406 0.249219 0.000880603
0 0.388672 0.801562 0.416406 0.396875 0.000980456
0 0.644922 0.957812 0.194531 0.084375 0.00107626
0 0.354297 0.9375 0.397656 0.123438 0.0010959
0 0.736328 0.245312 0.180469 0.239063 0.00115498
0 0.299609 0.898047 0.363281 0.203906 0.00124941
0 0.224609 0.277734 0.152344 0.117969 0.00147997
0 0.667969 0.323828 0.1625 0.197656 0.0015686
0 0.191406 0.234766 0.221875 0.205469 0.00167188
0 0.791797 0.217969 0.158594 0.142188 0.00167516
0 0.81875 0.125781 0.148438 0.228125 0.00169906
0 0.612109 0.924219 0.216406 0.151562 0.00170602
0 0.7125 0.853906 0.210938 0.285937 0.0018111
0 0.278516 0.186719 0.224219 0.298438 0.0018563
0 0.683984 0.778906 0.210156 0.36875 0.00196881
0 0.45625 0.871484 0.446875 0.253906 0.00209809
0 0.565234 0.803516 0.322656 0.383594 0.00231711
0 0.874219 0.402344 0.109375 0.10625 0.00332955
0 0.33125 0.269141 0.165625 0.178906 0.00373306
0 0.977734 0.803516 0.0445312 0.392969 0.004321
0 0.834766 0.293359 0.166406 0.283594 0.00454386
0 0.680469 0.919141 0.215625 0.161719 0.00544041
0 0.209766 0.298047 0.255469 0.149219 0.00623715
0 0.260938 0.266016 0.301562 0.257031 0.00778083
0 0.834766 0.384766 0.185156 0.150781 0.00998611
0 0.835547 0.193359 0.135156 0.138281 0.0121061
0 0.783203 0.329297 0.239844 0.224219 0.0125886
0 0.719922 0.351172 0.213281 0.185156 0.0184309
0 0.641797 0.873828 0.236719 0.252344 0.0185428
0 0.263672 0.271094 0.213281 0.157813 0.117048
