0 0.179688 0.93125 0.167187 0.1375 0.000101351
0 0.652734 0.467578 0.0757812 0.0914062 0.000102938
0 0.274219 0.957422 0.271875 0.0851562 0.000104588
0 0.116016 0.155078 0.160156 0.141406 0.000104741
0 0.278125 0.634375 0.104687 0.185937 0.000106291
0 0.430078 0.110547 0.258594 0.199219 0.000106683
0 0.4 0.533984 0.139062 0.239844 0.000106816
0 0.324219 0.491797 0.096875 0.124219 0.000106969
0 0.654297 0.615625 0.127344 0.225 0.000107331
0 0.157031 0.156641 0.071875 0.0648438 0.000107589
0 0.344922 0.50625 0.0695312 0.090625 0.000107939
0 0.629687 0.601562 0.209375 0.5375 0.000108369
0 0.84375 0.840625 0.139062 0.178125 0.000111631
0 0.0167969 0.878516 0.0335938 0.242969 0.000116454
0 0.0386719 0.894141 0.0757812 0.211719 0.000120714
0 0.0246094 0.921094 0.0492188 0.157813 0.000122188
0 0.673047 0.508203 0.105469 0.167969 0.000125665
0 0.677734 0.658203 0.155469 0.177344 0.000125669
0 0.327344 0.747266 0.0875 0.0976562 0.000126635
0 0.210156 0.700781 0.071875 0.110937 0.000133164
0 0.260156 0.224219 0.23125 0.2875 0.000133574
0 0.0324219 0.524609 0.0601562 0.513281 0.000137689
0 0.632031 0.770312 0.198437 0.354688 0.000138835
0 0.385547 0.503516 0.0789063 0.0898438 0.000139488
0 0.715625 0.436719 0.120312 0.15625 0.000141611
0 0.718359 0.525 0.178906 0.31875 0.000142421
0 0.626172 0.886328 0.177344 0.227344 0.000143339
0 0.399219 0.935938 0.195312 0.121875 0.000150782
0 0.974609 0.601562 0.0507812 0.448438 0.00016546
0 0.774219 0.528125 0.13125 0.20625 0.000171079
0 0.833984 0.614453 0.144531 0.327344 0.000172437
0 0.269922 0.520703 0.114844 0.167969 0.000183549
0 0.682813 0.407813 0.115625 0.159375 0.000184992
0 0.352344 0.958984 0.225 0.0820312 0.00018739
0 0.648828 0.407813 0.147656 0.204688 0.000187824
0 0.396094 0.136328 0.382812 0.272656 0.000189018
0 0.415625 0.725781 0.120312 0.253125 0.000190915
0 0.366016 0.488672 0.0789063 0.0945313 0.000192519
0 0.285937 0.920703 0.142188 0.149219 0.000193291
0 0.698438 0.842188 0.0890625 0.1125 0.000195804
0 0.285547 0.806641 0.183594 0.213281 0.000200369
0 0.511328 0.09375 0.261719 0.182812 0.000203892
0 0.379297 0.432422 0.139844 0.196094 0.000207956
0 0.258984 0.136328 0.142969 0.130469 0.000221277
0 0.0460938 0.704687 0.0921875 0.56875 0.000221729
0 0.652344 0.466406 0.104687 0.142188 0.000231885
0 0.8 0.567969 0.132812 0.235938 0.000258102
0 0.196875 0.157422 0.15 0.136719 0.000263892
0 0.718359 0.698828 0.171094 0.177344 0.000265448
0 0.839844 0.720312 0.125 0.242188 0.000269532
0 0.966406 0.443359 0.0671875 0.599219 0.000276415
0 0.157031 0.15625 0.132812 0.115625 0.000280568
0 0.0273438 0.812109 0.053125 0.375781 0.000281624
0 0.2375 0.825391 0.125 0.252344 0.000282098
0 0.301953 0.741797 0.160156 0.160156 0.000282184
0 0.770703 0.885938 0.328906 0.228125 0.000287812
0 0.192188 0.182422 0.267188 0.302344 0.000295439
0 0.320312 0.900781 0.0921875 0.096875 0.000297751
0 0.653125 0.519531 0.135937 0.2625 0.000304428
0 0.346875 0.471484 0.090625 0.125781 0.000322855
0 0.0253906 0.646875 0.0460938 0.426562 0.000323282
0 0.248437 0.564844 0.129688 0.24375 0.000326115
0 0.780859 0.721484 0.174219 0.200781 0.000326623
0 0.255469 0.71875 0.128125 0.176563 0.000339401
0 0.821484 0.831641 0.296094 0.285156 0.00034733
0 0.397266 0.636328 0.133594 0.325781 0.000352941
0 0.264062 0.141016 0.292188 0.269531 0.000356884
0 0.875781 0.812109 0.165625 0.272656 0.000363677
0 0.733984 0.85625 0.147656 0.173438 0.00039129
0 0.205078 0.894531 0.161719 0.210938 0.000395706
0 0.774219 0.565234 0.165625 0.341406 0.000399277
0 0.238281 0.660937 0.107813 0.214062 0.000432711
0 0.325781 0.480859 0.145313 0.167969 0.000441135
0 0.196094 0.715234 0.10625 0.225781 0.000469986
0 0.700781 0.763672 0.179688 0.202344 0.000494524
0 0.680859 0.454688 0.141406 0.184375 0.000656559
0 0.660156 0.804297 0.14375 0.225781 0.000729113
0 0.292188 0.548828 0.167187 0.260156 0.000735373
0 0.690625 0.604688 0.189063 0.351562 0.000792527
0 0.196094 0.798437 0.121875 0.307813 0.000810962
0 0.376172 0.5 0.121094 0.157813 0.000814813
0 0.781641 0.780859 0.136719 0.207031 0.000988981
0 0.263281 0.653516 0.15625 0.332031 0.00116622
0 0.322656 0.841797 0.142188 0.214844 0.00127714
0 0.221875 0.699609 0.0921875 0.174219 0.00132563
0 0.378906 0.733984 0.140625 0.189844 0.00133913
0 0.344922 0.640234 0.197656 0.416406 0.00141864
0 0.371094 0.819141 0.16875 0.296094 0.00145356
0 0.804688 0.653125 0.195312 0.467187 0.00165916
0 0.265625 0.886328 0.2 0.174219 0.00180866
0 0.30625 0.888281 0.140625 0.132812 0.00203409
0 0.341016 0.775391 0.0976562 0.108594 0.00218041
0 0.699219 0.823438 0.140625 0.18125 0.00270128
0 0.683594 0.724609 0.196875 0.364844 0.00276551
0 0.778125 0.821094 0.215625 0.192188 0.0031066
0 0.835547 0.776563 0.174219 0.26875 0.00416588
0 0.23125 0.724609 0.13125 0.283594 0.00426009
0 0.343359 0.769531 0.136719 0.160938 0.00545193
0 0.344922 0.910937 0.208594 0.165625 0.00545608
0 0.350781 0.746484 0.182812 0.283594 0.00564539
0 0.728516 0.644141 0.261719 0.508594 0.00681321
0 0.301562 0.746875 0.24375 0.425 0.00913297
0 0.254687 0.805859 0.204688 0.342969 0.0100742
0 0.683984 0.853906 0.210156 0.248437 0.0104544
0 0.774219 0.750781 0.251563 0.323438 0.0243297
0 0.307031 0.864844 0.235938 0.251563 0.0461108
0 0.729297 0.807813 0.260156 0.260938 0.0706595
