0 0.526172 0.932422 0.472656 0.135156 0.000101669
0 0.302344 0.591016 0.139062 0.163281 0.000102409
0 0.216797 0.699219 0.0867188 0.101562 0.000106989
0 0.58125 0.482812 0.1875 0.378125 0.000107161
0 0.617969 0.515625 0.189063 0.19375 0.000107376
0 0.253125 0.553516 0.084375 0.102344 0.000113151
0 0.260938 0.424609 0.0703125 0.122656 0.000113329
0 0.261719 0.833594 0.0875 0.096875 0.000115758
0 0.592578 0.676562 0.128906 0.248437 0.00011826
0 0.205859 0.635938 0.0867188 0.190625 0.000119895
0 0.301953 0.858984 0.128906 0.142969 0.000122183
0 0.725781 0.642969 0.326562 0.496875 0.000125169
0 0.633594 0.0625 0.05625 0.109375 0.000125603
0 0.232031 0.719531 0.084375 0.101562 0.000133486
0 0.748047 0.770703 0.177344 0.289844 0.000136216
0 0.219141 0.814844 0.0882813 0.1 0.000138215
0 0.438281 0.0773437 0.14375 0.154687 0.000139454
0 0.190625 0.723047 0.096875 0.211719 0.000139509
0 0.279687 0.466016 0.126563 0.233594 0.000141789
0 0.346484 0.614062 0.122656 0.23125 0.000142085
0 0.3375 0.842969 0.307813 0.276563 0.000154843
0 0.694922 0.741406 0.166406 0.207813 0.000158671
0 0.226172 0.466016 0.0476562 0.0882813 0.000160636
0 0.236719 0.510938 0.0765625 0.104687 0.000166991
0 0.582422 0.353906 0.0851562 0.0890625 0.000167348
0 0.587891 0.367578 0.138281 0.164844 0.000168898
0 0.364453 0.775391 0.157031 0.294531 0.000184831
0 0.337891 0.567578 0.169531 0.396094 0.000187523
0 0.461719 0.869922 0.41875 0.255469 0.000191863
0 0.711328 0.677734 0.130469 0.239844 0.000227106
0 0.587109 0.790625 0.375781 0.382812 0.000232676
0 0.225781 0.571484 0.0734375 0.0976562 0.000243359
0 0.277344 0.552734 0.167187 0.163281 0.000248876
0 0.241406 0.446484 0.059375 0.0804688 0.000251837
0 0.660547 0.548828 0.0835937 0.0945313 0.000265816
0 0.178125 0.805078 0.0875 0.144531 0.00027378
0 0.186328 0.714844 0.294531 0.420312 0.000280814
0 0.689453 0.61875 0.139844 0.2125 0.000310854
0 0.224609 0.592969 0.0945313 0.164062 0.000313632
0 0.291797 0.389844 0.0867188 0.11875 0.000344617
0 0.692187 0.803125 0.195312 0.196875 0.000362299
0 0.275781 0.743359 0.14375 0.230469 0.000380632
0 0.242969 0.452734 0.0796875 0.133594 0.000405218
0 0.621875 0.574219 0.173438 0.184375 0.000417733
0 0.215234 0.744922 0.0867188 0.114844 0.000432356
0 0.617578 0.417578 0.194531 0.272656 0.000440902
0 0.267188 0.873047 0.214062 0.175781 0.000451679
0 0.668359 0.535547 0.163281 0.310156 0.000555811
0 0.321484 0.380078 0.130469 0.169531 0.000570729
0 0.178125 0.732031 0.132812 0.317187 0.000581232
0 0.210156 0.8375 0.153125 0.179688 0.000615016
0 0.339063 0.839453 0.132812 0.175781 0.000629428
0 0.237109 0.783203 0.0898438 0.107031 0.000687807
0 0.237891 0.490234 0.107031 0.224219 0.000692705
0 0.300781 0.819141 0.075 0.100781 0.000789685
0 0.697656 0.614062 0.184375 0.326562 0.000803019
0 0.65625 0.696875 0.210938 0.210938 0.000806071
0 0.583984 0.6125 0.188281 0.295312 0.000817498
0 0.219531 0.660156 0.117188 0.282813 0.00092967
0 0.655078 0.553125 0.125781 0.129688 0.00100852
0 0.235938 0.552344 0.1 0.153125 0.00117383
0 0.203906 0.782812 0.0859375 0.1125 0.00121196
0 0.319922 0.367969 0.0929687 0.1125 0.00130244
0 0.278906 0.48125 0.201562 0.332812 0.00209884
0 0.653906 0.802344 0.279687 0.282813 0.00212188
0 0.214844 0.61875 0.145313 0.465625 0.00221721
0 0.653906 0.636328 0.153125 0.269531 0.0027115
0 0.237891 0.566797 0.122656 0.286719 0.0027659
0 0.704687 0.724219 0.214062 0.351562 0.00315446
0 0.298828 0.801953 0.108594 0.155469 0.00316125
0 0.318359 0.713672 0.192969 0.375781 0.00348255
0 0.260547 0.814062 0.127344 0.114063 0.00555556
0 0.316016 0.794922 0.167969 0.211719 0.00698994
0 0.633594 0.533984 0.240625 0.502344 0.00732008
0 0.269531 0.775 0.28125 0.28125 0.0104356
0 0.210156 0.769141 0.128125 0.189844 0.0203226
0 0.257422 0.801953 0.185156 0.174219 0.0371821
0 0.2375 0.720703 0.170312 0.308594 0.103195
0 0.273438 0.615625 0.229687 0.545313 0.151345
0 0.65 0.664844 0.2375 0.38125 0.320012
