0 0.774609 0.271094 0.0523437 0.0515625 0.000102222
0 0.719922 0.205859 0.0851562 0.0476562 0.000112339
0 0.783984 0.325391 0.0726563 0.0789063 0.000113609
0 0.339453 0.475781 0.183594 0.279687 0.000118859
0 0.851562 0.701563 0.173438 0.176563 0.000122232
0 0.763281 0.530469 0.165625 0.151562 0.000124055
0 0.349609 0.392188 0.174219 0.189063 0.000143602
0 0.237109 0.630078 0.0929687 0.102344 0.000146576
0 0.258203 0.615625 0.0898438 0.0921875 0.000149497
0 0.749609 0.358594 0.164844 0.2 0.000150323
0 0.722266 0.234766 0.0960938 0.111719 0.000153312
0 0.173438 0.484375 0.154687 0.360938 0.000155269
0 0.796484 0.511328 0.0789063 0.0773437 0.000156768
0 0.678906 0.684375 0.329688 0.365625 0.000162517
0 0.226953 0.389453 0.111719 0.138281 0.000170688
0 0.823047 0.511328 0.128906 0.194531 0.000172125
0 0.294922 0.662109 0.247656 0.207031 0.000179269
0 0.826563 0.354297 0.09375 0.119531 0.000194523
0 0.842188 0.635547 0.0890625 0.100781 0.000199859
0 0.738672 0.282813 0.116406 0.154687 0.000203583
0 0.265234 0.370703 0.133594 0.172656 0.000214996
0 0.716797 0.558594 0.203906 0.192188 0.000232269
0 0.659375 0.537891 0.198437 0.260156 0.000246759
0 0.307422 0.536328 0.232031 0.296094 0.000264279
0 0.130078 0.608984 0.149219 0.235156 0.000268034
0 0.678516 0.964453 0.253906 0.0679687 0.000284764
0 0.748047 0.282422 0.0695312 0.0992187 0.000309518
0 0.817969 0.443359 0.15625 0.288281 0.000315429
0 0.729297 0.7125 0.230469 0.251563 0.000330643
0 0.797266 0.512109 0.110156 0.125781 0.000337356
0 0.740234 0.631641 0.144531 0.171094 0.000368524
0 0.803906 0.575391 0.134375 0.216406 0.000378577
0 0.232031 0.535547 0.246875 0.317969 0.000387174
0 0.884375 0.627344 0.142188 0.239063 0.000396527
0 0.332422 0.602734 0.167969 0.167969 0.00042598
0 0.215625 0.616406 0.09375 0.09375 0.000446929
0 0.763281 0.305859 0.0703125 0.103906 0.000469984
0 0.278125 0.614453 0.139062 0.121094 0.000497086
0 0.859375 0.574219 0.134375 0.246875 0.000517655
0 0.805469 0.335938 0.0984375 0.103125 0.000518435
0 0.645703 0.948438 0.342969 0.103125 0.000540049
0 0.804297 0.636719 0.139844 0.159375 0.000558259
0 0.757422 0.284766 0.0507812 0.0648438 0.000585458
0 0.810156 0.373437 0.128125 0.184375 0.000624512
0 0.238281 0.601562 0.145313 0.140625 0.000661377
0 0.730078 0.540234 0.275781 0.299219 0.000674088
0 0.780078 0.669922 0.202344 0.180469 0.0009241
0 0.175781 0.583203 0.171875 0.238281 0.00120212
0 0.814453 0.533203 0.197656 0.310156 0.00136053
0 0.226172 0.659375 0.300781 0.2625 0.00151616
0 0.158203 0.663672 0.152344 0.171094 0.00198215
0 0.842969 0.644141 0.164062 0.199219 0.00433167
0 0.685938 0.610156 0.204688 0.220313 0.00563086
0 0.264844 0.597266 0.264062 0.192969 0.00624766
0 0.18125 0.634375 0.123438 0.121875 0.0112588
0 0.769141 0.624219 0.286719 0.25 0.0244557
0 0.219531 0.628906 0.209375 0.145313 0.0588025
