0 0.817187 0.626953 0.295312 0.571094 0.000103672
0 0.369141 0.524609 0.108594 0.130469 0.000104868
0 0.885547 0.682031 0.214844 0.635938 0.000107456
0 0.721875 0.504687 0.0734375 0.101562 0.000108358
0 0.284766 0.596875 0.147656 0.240625 0.000112762
0 0.344922 0.525391 0.133594 0.186719 0.00011733
0 0.257031 0.507422 0.090625 0.108594 0.000117516
0 0.721094 0.680078 0.146875 0.167969 0.000117901
0 0.801562 0.698438 0.0875 0.11875 0.00012764
0 0.983594 0.508594 0.0328125 0.26875 0.00012992
0 0.634766 0.696094 0.0867188 0.104687 0.000137619
0 0.303516 0.657031 0.0914062 0.10625 0.00014203
0 0.973047 0.516016 0.0539063 0.364844 0.00014357
0 0.946094 0.675 0.107813 0.65 0.000146939
0 0.664844 0.469141 0.165625 0.189844 0.000150249
0 0.222266 0.451172 0.0929687 0.105469 0.000150868
0 0.857813 0.762891 0.195312 0.328906 0.000155219
0 0.342187 0.690234 0.135937 0.146094 0.000159044
0 0.818359 0.733984 0.113281 0.175781 0.000164842
0 0.162891 0.614844 0.119531 0.271875 0.000180458
0 0.219922 0.657031 0.146094 0.132812 0.000183595
0 0.736719 0.294922 0.0578125 0.0914062 0.000194331
0 0.720312 0.616406 0.178125 0.189063 0.000199029
0 0.106641 0.0378906 0.213281 0.0742188 0.000200123
0 0.799609 0.595703 0.119531 0.274219 0.00020745
0 0.678125 0.755859 0.214062 0.296094 0.000214224
0 0.34375 0.382812 0.135937 0.15625 0.000214958
0 0.295312 0.410937 0.225 0.214062 0.000220954
0 0.769531 0.748438 0.201562 0.189063 0.000237526
0 0.263281 0.640234 0.146875 0.149219 0.000260128
0 0.719531 0.573047 0.14375 0.161719 0.00026022
0 0.770312 0.451562 0.1375 0.257812 0.000266616
0 0.730078 0.312891 0.146094 0.191406 0.000276908
0 0.21875 0.548047 0.146875 0.247656 0.000285195
0 0.370313 0.341797 0.1625 0.233594 0.000324999
0 0.721094 0.411719 0.140625 0.257812 0.000354092
0 0.675781 0.660156 0.148438 0.182812 0.000374859
0 0.761719 0.660937 0.164062 0.20625 0.000384429
0 0.737109 0.471094 0.0820312 0.115625 0.000414902
0 0.732031 0.303516 0.0921875 0.142969 0.000414947
0 0.826563 0.610937 0.15 0.446875 0.000418833
0 0.238281 0.487891 0.0921875 0.111719 0.00042086
0 0.665234 0.289453 0.194531 0.207031 0.000451203
0 0.273438 0.467187 0.148438 0.185937 0.000462665
0 0.970703 0.605469 0.0570313 0.751562 0.000484993
0 0.189453 0.489062 0.138281 0.201562 0.000507482
0 0.758594 0.532812 0.142188 0.257812 0.000566563
0 0.169141 0.566016 0.180469 0.385156 0.000651587
0 0.198047 0.390234 0.202344 0.339844 0.000701805
0 0.242578 0.690234 0.263281 0.160156 0.000737354
0 0.326172 0.245312 0.161719 0.173438 0.000886086
0 0.157422 0.682031 0.107031 0.14375 0.00089507
0 0.699219 0.505859 0.182812 0.199219 0.000969976
0 0.335938 0.605859 0.165625 0.272656 0.00102061
0 0.702734 0.339063 0.213281 0.290625 0.00112637
0 0.783984 0.485156 0.192969 0.501562 0.00194532
0 0.276172 0.507422 0.221094 0.180469 0.00197718
0 0.647656 0.695312 0.146875 0.171875 0.00215846
0 0.199219 0.648047 0.201562 0.205469 0.002623
0 0.225 0.430859 0.14375 0.235156 0.00266916
0 0.687109 0.6125 0.244531 0.373437 0.00280908
0 0.314844 0.538672 0.220313 0.371094 0.00307402
0 0.302734 0.671094 0.182031 0.164062 0.00382255
0 0.7375 0.467969 0.132812 0.185937 0.00545579
0 0.803125 0.687109 0.132812 0.222656 0.00586183
0 0.282422 0.335547 0.261719 0.339844 0.00700356
0 0.723437 0.691797 0.264062 0.216406 0.0072661
0 0.237891 0.559375 0.242969 0.365625 0.0136322
0 0.267578 0.633203 0.249219 0.230469 0.0191885
0 0.333594 0.292578 0.207813 0.246094 0.0208174
0 0.766797 0.606641 0.203906 0.388281 0.0217976
0 0.71875 0.441406 0.221875 0.351562 0.024539
0 0.228906 0.488672 0.189063 0.249219 0.0836229
0 0.2625 0.439844 0.25625 0.385938 0.19721
0 0.713281 0.483203 0.276563 0.596094 0.275773
