0 0.4 0.666016 0.34375 0.402344 0.000100468
0 0.0546875 0.696875 0.109375 0.551562 0.000102081
0 0.856641 0.429688 0.0960938 0.185937 0.000106463
0 0.407422 0.426953 0.107031 0.177344 0.000106517
0 0.581641 0.54375 0.253906 0.525 0.000106694
0 0.862891 0.491016 0.0851562 0.105469 0.000107728
0 0.842188 0.467969 0.078125 0.1 0.000107897
0 0.369922 0.595312 0.0867188 0.114063 0.000108668
0 0.825 0.591797 0.084375 0.107031 0.00010895
0 0.7875 0.794531 0.403125 0.3875 0.000110799
0 0.734375 0.0285156 0.41875 0.0570313 0.000111136
0 0.595312 0.954297 0.134375 0.0914062 0.000112528
0 0.797266 0.259766 0.217969 0.224219 0.000112792
0 0.324219 0.623828 0.365625 0.557031 0.000114297
0 0.485547 0.595312 0.0882813 0.1125 0.000114719
0 0.894531 0.207422 0.210938 0.414844 0.000116086
0 0.490234 0.384766 0.0804688 0.105469 0.000119475
0 0.745703 0.382422 0.125781 0.242969 0.000126611
0 0.863281 0.0785156 0.273438 0.157031 0.000127719
0 0.944922 0.0238281 0.107031 0.0476562 0.000135351
0 0.880078 0.55625 0.239844 0.395312 0.000144086
0 0.894141 0.705469 0.155469 0.217187 0.000148373
0 0.866406 0.616406 0.0859375 0.110937 0.000155207
0 0.15 0.438672 0.3 0.708594 0.000159854
0 0.798828 0.33125 0.302344 0.295312 0.000163692
0 0.474219 0.405859 0.08125 0.116406 0.000166017
0 0.78125 0.380469 0.0765625 0.1 0.000171511
0 0.0890625 0.535937 0.170312 0.698438 0.000174032
0 0.847266 0.669531 0.133594 0.160938 0.000174582
0 0.843359 0.570703 0.0867188 0.0976562 0.000186715
0 0.450781 0.424219 0.114063 0.179688 0.000189469
0 0.922656 0.0152344 0.154687 0.0304688 0.000189917
0 0.803906 0.0472656 0.392188 0.0945313 0.000203576
0 0.730469 0.966016 0.30625 0.0648438 0.000203776
0 0.797266 0.339844 0.0820312 0.10625 0.000207834
0 0.730859 0.897266 0.380469 0.183594 0.000209887
0 0.0273438 0.5625 0.0546875 0.454688 0.000211705
0 0.921875 0.123438 0.15625 0.246875 0.000213903
0 0.783203 0.673828 0.160156 0.185156 0.000231423
0 0.816797 0.306641 0.133594 0.146094 0.000234144
0 0.869531 0.653125 0.0859375 0.109375 0.00023882
0 0.506641 0.426172 0.0835937 0.0929687 0.000241286
0 0.469531 0.363281 0.075 0.09375 0.000251936
0 0.427734 0.467187 0.107031 0.207813 0.000276912
0 0.76875 0.544531 0.29375 0.482812 0.000277463
0 0.770312 0.945703 0.371875 0.108594 0.000283184
0 0.537891 0.250781 0.0882813 0.0875 0.000283663
0 0.621875 0.600781 0.420312 0.798437 0.000283705
0 0.387891 0.49375 0.0976562 0.1875 0.00028492
0 0.341797 0.473828 0.202344 0.342969 0.000285773
0 0.887891 0.673828 0.0867188 0.108594 0.000306377
0 0.539844 0.600391 0.146875 0.222656 0.000322372
0 0.880469 0.536719 0.115625 0.19375 0.000322997
0 0.446484 0.605469 0.0898438 0.10625 0.000333436
0 0.541016 0.396094 0.122656 0.234375 0.000353925
0 0.490625 0.439063 0.065625 0.0796875 0.000360143
0 0.751562 0.286719 0.148438 0.159375 0.000368623
0 0.782812 0.495703 0.0859375 0.105469 0.000368736
0 0.408594 0.605469 0.0890625 0.101562 0.000373278
0 0.491406 0.490234 0.126563 0.267969 0.000384442
0 0.8375 0.511328 0.0890625 0.0929687 0.000389078
0 0.892578 0.0269531 0.208594 0.0539063 0.000394918
0 0.034375 0.560156 0.06875 0.721875 0.000405618
0 0.780469 0.320703 0.0890625 0.0992187 0.000414138
0 0.407813 0.558984 0.0859375 0.105469 0.000415441
0 0.910547 0.677734 0.102344 0.149219 0.000420371
0 0.785547 0.450781 0.125781 0.210938 0.000421788
0 0.366016 0.622656 0.133594 0.160938 0.000436619
0 0.916406 0.0480469 0.167187 0.0960938 0.000437527
0 0.819141 0.548828 0.0867188 0.0992187 0.000453151
0 0.869922 0.447266 0.166406 0.402344 0.000474393
0 0.859375 0.493359 0.11875 0.169531 0.000485394
0 0.539453 0.478516 0.152344 0.378906 0.000491167
0 0.446875 0.516016 0.135937 0.217969 0.000548582
0 0.770312 0.508984 0.101562 0.171094 0.000559265
0 0.856641 0.650391 0.286719 0.325781 0.000561804
0 0.407031 0.399219 0.198437 0.282813 0.000577898
0 0.459375 0.421484 0.285937 0.436719 0.000632234
0 0.455859 0.359375 0.136719 0.179688 0.000645743
0 0.910156 0.603516 0.117188 0.285156 0.000679508
0 0.357031 0.55625 0.142188 0.25625 0.000704083
0 0.552734 0.289844 0.102344 0.159375 0.000713518
0 0.820312 0.383984 0.13125 0.236719 0.000756557
0 0.775781 0.607422 0.140625 0.246094 0.000836567
0 0.782422 0.382812 0.116406 0.2 0.000971805
0 0.463281 0.577344 0.090625 0.1 0.00101368
0 0.491016 0.441016 0.0914062 0.169531 0.00106551
0 0.757812 0.476953 0.145313 0.324219 0.00122297
0 0.520703 0.321094 0.138281 0.217187 0.00181453
0 0.822266 0.471094 0.139844 0.239063 0.00210118
0 0.4875 0.396484 0.128125 0.205469 0.00220749
0 0.801953 0.529297 0.0851562 0.0976562 0.0026597
0 0.473828 0.620313 0.189844 0.178125 0.00274216
0 0.427344 0.578906 0.0890625 0.096875 0.00321877
0 0.392578 0.593359 0.149219 0.166406 0.00395253
0 0.476172 0.410156 0.177344 0.329688 0.00409618
0 0.78125 0.323438 0.140625 0.157813 0.00417164
0 0.447656 0.547656 0.304688 0.357812 0.00479719
0 0.827344 0.630469 0.185937 0.221875 0.00508392
0 0.839063 0.534766 0.140625 0.236719 0.00551382
0 0.882812 0.641016 0.1375 0.197656 0.00697777
0 0.803906 0.528125 0.1125 0.157813 0.00771168
0 0.407031 0.528906 0.154687 0.264062 0.0084764
0 0.482031 0.549609 0.176563 0.255469 0.00852105
0 0.873438 0.56875 0.148438 0.307813 0.0134397
0 0.795313 0.51875 0.14375 0.264062 0.0171612
0 0.806641 0.426953 0.188281 0.372656 0.0175707
0 0.448828 0.486328 0.192969 0.353906 0.0211364
0 0.443359 0.582812 0.172656 0.171875 0.0527223
0 0.829297 0.528516 0.191406 0.377344 0.126217
