0 0.741797 0.567578 0.0757812 0.0726563 0.000101001
0 0.741797 0.454297 0.0804688 0.0960938 0.000102636
0 0.474609 0.260938 0.297656 0.275 0.000103691
0 0.208594 0.587109 0.117188 0.0851562 0.000104418
0 0.732031 0.634375 0.170312 0.15625 0.000104601
0 0.222656 0.344531 0.075 0.0703125 0.00010656
0 0.794141 0.555469 0.0976562 0.126563 0.000107129
0 0.625 0.569141 0.06875 0.0898438 0.000109644
0 0.216406 0.466016 0.078125 0.0914062 0.000109847
0 0.473047 0.323438 0.178906 0.214062 0.000110873
0 0.344922 0.171094 0.0570313 0.0671875 0.000112876
0 0.697266 0.471484 0.0835937 0.0960938 0.000113162
0 0.591016 0.322266 0.136719 0.247656 0.000113357
0 0.531641 0.939062 0.482031 0.11875 0.0001195
0 0.290625 0.332422 0.321875 0.371094 0.000122028
0 0.807031 0.642578 0.165625 0.200781 0.000122072
0 0.597266 0.214453 0.196094 0.136719 0.000125513
0 0.676953 0.321484 0.116406 0.150781 0.000126914
0 0.0246094 0.469922 0.0492188 0.313281 0.000130879
0 0.173438 0.373437 0.104687 0.134375 0.000131249
0 0.591797 0.425 0.133594 0.167187 0.000132045
0 0.289453 0.550391 0.135156 0.153906 0.000133574
0 0.640625 0.550391 0.078125 0.0789063 0.000133578
0 0.710938 0.911719 0.357812 0.170312 0.000137182
0 0.655859 0.474219 0.0851562 0.1 0.000141371
0 0.987109 0.321484 0.0257812 0.233594 0.000141862
0 0.69375 0.586328 0.0625 0.0617188 0.000143048
0 0.741406 0.512891 0.0875 0.110156 0.000146051
0 0.980469 0.353516 0.0390625 0.339844 0.000146702
0 0.720312 0.489453 0.0859375 0.100781 0.000146934
0 0.694531 0.512109 0.0890625 0.100781 0.000147604
0 0.544922 0.859375 0.552344 0.28125 0.000149167
0 0.522656 0.201562 0.0953125 0.0984375 0.000150332
0 0.154687 0.739062 0.253125 0.4 0.000154321
0 0.400781 0.267578 0.15 0.192969 0.000156751
0 0.257031 0.385547 0.109375 0.158594 0.000157207
0 0.258203 0.469531 0.116406 0.253125 0.000160277
0 0.326562 0.567969 0.142188 0.16875 0.00016513
0 0.346094 0.152734 0.046875 0.0585938 0.000170801
0 0.211328 0.56875 0.0835937 0.0734375 0.000174066
0 0.652734 0.365234 0.119531 0.146094 0.000175665
0 0.265625 0.689062 0.460938 0.475 0.000177144
0 0.155859 0.586719 0.305469 0.467187 0.000183822
0 0.735937 0.412891 0.13125 0.200781 0.000188876
0 0.610937 0.519922 0.128125 0.146094 0.000193354
0 0.132812 0.598437 0.071875 0.132812 0.000193811
0 0.674609 0.3875 0.133594 0.234375 0.000194929
0 0.130859 0.551953 0.0867188 0.192969 0.000197025
0 0.554688 0.239063 0.175 0.171875 0.000200553
0 0.213281 0.531641 0.0875 0.105469 0.000200574
0 0.651563 0.278516 0.139062 0.153906 0.000202609
0 0.0300781 0.400391 0.0601562 0.221094 0.000203089
0 0.425 0.802344 0.535937 0.395312 0.00020434
0 0.670703 0.588281 0.0726563 0.0625 0.000212797
0 0.633594 0.322656 0.154687 0.192188 0.000215434
0 0.615625 0.385547 0.160938 0.177344 0.000220882
0 0.632031 0.613672 0.05 0.0835937 0.000224939
0 0.148828 0.491797 0.0617188 0.105469 0.000226291
0 0.276953 0.295703 0.157031 0.169531 0.000228505
0 0.288672 0.343359 0.0804688 0.102344 0.000231586
0 0.793359 0.587109 0.0835937 0.0992187 0.000242579
0 0.357422 0.916406 0.394531 0.157813 0.000253714
0 0.191016 0.445312 0.0710938 0.101562 0.000260034
0 0.526563 0.325 0.14375 0.251563 0.000272381
0 0.0492188 0.429297 0.0984375 0.257031 0.000277027
0 0.633203 0.239844 0.0632813 0.071875 0.000286656
0 0.242578 0.335156 0.0742188 0.071875 0.000311703
0 0.69375 0.568359 0.0875 0.0820312 0.000327275
0 0.776172 0.598437 0.216406 0.267188 0.000331445
0 0.778516 0.731641 0.252344 0.424219 0.000331565
0 0.807422 0.848828 0.261719 0.292969 0.000336233
0 0.55 0.403516 0.129688 0.153906 0.000337291
0 0.2375 0.40625 0.059375 0.078125 0.000339317
0 0.673437 0.321484 0.171875 0.263281 0.000339774
0 0.674219 0.493359 0.0859375 0.100781 0.000344231
0 0.34375 0.407031 0.142188 0.214062 0.000389994
0 0.403906 0.457031 0.164062 0.30625 0.000398618
0 0.759375 0.472656 0.08125 0.1 0.000412133
0 0.739844 0.547266 0.120312 0.0992187 0.000418883
0 0.292578 0.430078 0.133594 0.271094 0.000431227
0 0.728125 0.590234 0.340625 0.422656 0.000436342
0 0.730859 0.58125 0.157031 0.110937 0.000452272
0 0.235938 0.386719 0.09375 0.114063 0.000455888
0 0.169141 0.425391 0.0601562 0.107031 0.000472351
0 0.658594 0.524609 0.084375 0.0898438 0.0004819
0 0.630859 0.258594 0.0914062 0.121875 0.00048353
0 0.367188 0.401172 0.192188 0.405469 0.000502077
0 0.392969 0.598437 0.13125 0.167187 0.000544182
0 0.771875 0.490625 0.103125 0.173438 0.000554907
0 0.694922 0.546875 0.110156 0.0921875 0.000573376
0 0.7 0.448828 0.139062 0.185156 0.00058342
0 0.496094 0.380078 0.203125 0.238281 0.000604631
0 0.211719 0.584766 0.165625 0.130469 0.000605282
0 0.235938 0.425781 0.104687 0.214062 0.000647421
0 0.213281 0.403516 0.075 0.0867188 0.000668918
0 0.649219 0.584375 0.084375 0.084375 0.000715345
0 0.191406 0.488281 0.0734375 0.09375 0.000741739
0 0.138281 0.486328 0.117188 0.285156 0.000749865
0 0.175 0.472656 0.0703125 0.104687 0.000770989
0 0.614062 0.259766 0.154687 0.152344 0.000806229
0 0.273438 0.585938 0.339063 0.242188 0.000812007
0 0.778906 0.576953 0.0703125 0.0679687 0.000937948
0 0.248828 0.327344 0.113281 0.096875 0.000948682
0 0.475391 0.255078 0.205469 0.182031 0.000960237
0 0.191797 0.553125 0.0867188 0.104687 0.000992012
0 0.287109 0.530078 0.222656 0.197656 0.00100983
0 0.658984 0.566406 0.124219 0.103125 0.00104569
0 0.197266 0.372656 0.0851562 0.1 0.00107448
0 0.642578 0.506641 0.102344 0.132031 0.00134983
0 0.23125 0.359375 0.129688 0.134375 0.00141704
0 0.277734 0.353125 0.133594 0.165625 0.00145005
0 0.324219 0.489453 0.167187 0.214844 0.00147514
0 0.210156 0.511719 0.129688 0.176563 0.00151138
0 0.315625 0.364062 0.160938 0.265625 0.00151327
0 0.614844 0.435156 0.215625 0.248437 0.00151899
0 0.212891 0.405469 0.105469 0.13125 0.00155277
0 0.332812 0.858594 0.484375 0.279687 0.0015596
0 0.560938 0.392188 0.203125 0.207813 0.00156911
0 0.190234 0.880078 0.344531 0.239844 0.0016142
0 0.768359 0.565234 0.105469 0.100781 0.00162981
0 0.726953 0.806641 0.399219 0.386719 0.00164562
0 0.598047 0.272266 0.224219 0.222656 0.00177279
0 0.725781 0.402344 0.185937 0.326562 0.00189172
0 0.739453 0.473828 0.136719 0.167969 0.00215994
0 0.173047 0.511719 0.0820312 0.101562 0.00227693
0 0.157031 0.576953 0.101562 0.132031 0.00244525
0 0.155469 0.535156 0.0765625 0.117188 0.00245322
0 0.688672 0.544922 0.164844 0.130469 0.00294612
0 0.190625 0.425781 0.0953125 0.190625 0.0034467
0 0.178516 0.578516 0.0960938 0.0960938 0.00394146
0 0.238281 0.508984 0.315625 0.330469 0.00488279
0 0.690234 0.453125 0.307031 0.348437 0.00525877
0 0.191797 0.55 0.130469 0.14375 0.00598541
0 0.347656 0.544531 0.2 0.251563 0.00617531
0 0.739844 0.519531 0.165625 0.170312 0.00629427
0 0.655078 0.488281 0.158594 0.171875 0.00664087
0 0.530469 0.312891 0.242188 0.303906 0.00760121
0 0.185156 0.402734 0.06875 0.105469 0.00892907
0 0.1625 0.472656 0.0859375 0.229687 0.0103675
0 0.646875 0.371875 0.303125 0.376563 0.0156221
0 0.228125 0.805859 0.43125 0.385156 0.0249864
0 0.702734 0.482422 0.213281 0.222656 0.0276188
0 0.166406 0.53125 0.117188 0.204688 0.0428147
0 0.200781 0.476172 0.171875 0.292969 0.0665281
0 0.311328 0.467969 0.222656 0.3375 0.0898311
