0 0.28125 0.711719 0.140625 0.139062 0.000101056
0 0.7 0.532422 0.128125 0.219531 0.000103774
0 0.724219 0.470703 0.148438 0.164844 0.000106541
0 0.676562 0.220313 0.21875 0.25 0.000110187
0 0.286719 0.433203 0.08125 0.114844 0.000110993
0 0.788281 0.364453 0.0796875 0.113281 0.000111192
0 0.701563 0.593359 0.10625 0.213281 0.000111787
0 0.685156 0.714453 0.31875 0.422656 0.000114038
0 0.892578 0.155078 0.214844 0.310156 0.000116833
0 0.667188 0.522656 0.176563 0.407813 0.000118832
0 0.978125 0.392188 0.04375 0.421875 0.000120365
0 0.380469 0.688281 0.0875 0.1125 0.000121094
0 0.803516 0.307031 0.0851562 0.165625 0.000121989
0 0.835156 0.596484 0.104687 0.214844 0.000123916
0 0.271484 0.469922 0.0742188 0.116406 0.000125454
0 0.330859 0.709375 0.146094 0.179688 0.000131314
0 0.372266 0.339844 0.288281 0.390625 0.00013175
0 0.301953 0.524609 0.0914062 0.114844 0.000133509
0 0.263672 0.637891 0.122656 0.213281 0.00013877
0 0.307813 0.343359 0.059375 0.0867188 0.000146933
0 0.428125 0.305859 0.128125 0.130469 0.000157863
0 0.06875 0.884766 0.1375 0.230469 0.00015823
0 0.339063 0.5 0.090625 0.104687 0.000158998
0 0.302734 0.362891 0.0882813 0.194531 0.000162169
0 0.409766 0.523828 0.141406 0.267969 0.000172813
0 0.358984 0.484375 0.0851562 0.1 0.000174522
0 0.702344 0.277734 0.0859375 0.103906 0.000182168
0 0.750781 0.241406 0.19375 0.215625 0.000183599
0 0.755078 0.239844 0.0742188 0.1 0.000183822
0 0.746484 0.6375 0.132031 0.25625 0.000187334
0 0.787109 0.0796875 0.417969 0.159375 0.000212615
0 0.771875 0.326172 0.33125 0.435156 0.000215467
0 0.388672 0.623828 0.297656 0.352344 0.000218855
0 0.802734 0.635938 0.0867188 0.10625 0.00022357
0 0.787891 0.203516 0.388281 0.374219 0.00023982
0 0.803906 0.346875 0.06875 0.114063 0.00026684
0 0.836328 0.676562 0.130469 0.239063 0.000283766
0 0.749609 0.428906 0.141406 0.223438 0.000288338
0 0.360547 0.528906 0.146094 0.220313 0.000293046
0 0.304688 0.636328 0.146875 0.238281 0.000305065
0 0.321484 0.573438 0.160156 0.228125 0.000333063
0 0.741016 0.239063 0.128906 0.159375 0.000352991
0 0.765625 0.492188 0.128125 0.257812 0.000355657
0 0.762891 0.717578 0.139844 0.147656 0.000355731
0 0.242969 0.7125 0.120312 0.1625 0.0003746
0 0.664453 0.697656 0.133594 0.220313 0.000382701
0 0.764844 0.572656 0.146875 0.28125 0.000408785
0 0.348437 0.675391 0.0890625 0.111719 0.000481871
0 0.804297 0.736328 0.102344 0.108594 0.00058293
0 0.825 0.444922 0.15 0.453906 0.000600164
0 0.273047 0.451172 0.100781 0.203906 0.000624079
0 0.355859 0.472656 0.135156 0.135937 0.000633763
0 0.301562 0.457031 0.0921875 0.115625 0.00063423
0 0.391406 0.303516 0.173438 0.213281 0.000659267
0 0.783203 0.431641 0.0820312 0.116406 0.000700173
0 0.382422 0.597656 0.136719 0.290625 0.000749296
0 0.403125 0.648828 0.129688 0.189844 0.000804146
0 0.289844 0.486719 0.0890625 0.114063 0.000838424
0 0.801562 0.716797 0.151562 0.177344 0.00118636
0 0.704687 0.268359 0.146875 0.150781 0.00126911
0 0.801953 0.530078 0.124219 0.297656 0.00137524
0 0.379687 0.699609 0.146875 0.202344 0.00139579
0 0.800781 0.366797 0.0953125 0.214844 0.00152067
0 0.335547 0.503906 0.142969 0.148438 0.00185938
0 0.711719 0.602344 0.217187 0.390625 0.0019717
0 0.257422 0.602734 0.155469 0.366406 0.00197958
0 0.304297 0.412109 0.125781 0.214844 0.00223751
0 0.369922 0.529297 0.196094 0.363281 0.00226912
0 0.288281 0.528125 0.135937 0.242188 0.00247309
0 0.734766 0.714063 0.222656 0.210938 0.00297948
0 0.803125 0.635938 0.13125 0.245312 0.00306731
0 0.31875 0.484766 0.09375 0.105469 0.00328223
0 0.367969 0.657031 0.0890625 0.103125 0.00346442
0 0.739062 0.364062 0.2 0.35625 0.00417832
0 0.783984 0.429688 0.110156 0.18125 0.00544661
0 0.291406 0.682813 0.215625 0.207813 0.00632832
0 0.826953 0.601953 0.160156 0.394531 0.00648731
0 0.326953 0.479688 0.302344 0.485938 0.00667071
0 0.338281 0.40625 0.192188 0.29375 0.00863017
0 0.782812 0.40625 0.1375 0.3 0.0154296
0 0.735547 0.453516 0.249219 0.578906 0.0220993
0 0.780859 0.675391 0.208594 0.261719 0.0224238
0 0.35625 0.653906 0.164062 0.201562 0.0400807
0 0.308203 0.474219 0.146094 0.176563 0.106559
0 0.314844 0.5625 0.2 0.370313 0.173959
0 0.780859 0.538281 0.194531 0.485938 0.204112
