0 0.319922 0.101172 0.153906 0.124219 0.000101761
0 0.284375 0.692578 0.11875 0.152344 0.000101854
0 0.715625 0.408594 0.104687 0.196875 0.000105794
0 0.322266 0.467578 0.108594 0.161719 0.000110391
0 0.219922 0.320703 0.142969 0.186719 0.000111234
0 0.587109 0.353125 0.155469 0.382812 0.000111836
0 0.411328 0.890625 0.332031 0.217187 0.000111857
0 0.678906 0.569531 0.0796875 0.0953125 0.00011398
0 0.638281 0.467578 0.132812 0.247656 0.000118613
0 0.635547 0.2 0.0898438 0.115625 0.000129458
0 0.597266 0.674219 0.141406 0.198437 0.000131008
0 0.614453 0.218359 0.0867188 0.107031 0.000131293
0 0.585938 0.720703 0.245312 0.285156 0.000132944
0 0.0582031 0.898828 0.116406 0.200781 0.000136797
0 0.195312 0.709375 0.239063 0.267188 0.000142393
0 0.14375 0.596484 0.0953125 0.197656 0.00014704
0 0.704687 0.316797 0.15 0.344531 0.000147377
0 0.304297 0.425391 0.125781 0.238281 0.000149099
0 0.197656 0.653125 0.145313 0.2125 0.000149142
0 0.046875 0.437891 0.09375 0.750781 0.000165513
0 0.715234 0.492188 0.0976562 0.2 0.000166632
0 0.653906 0.803906 0.279687 0.303125 0.0001671
0 0.69375 0.7 0.1625 0.2125 0.000173717
0 0.619141 0.124219 0.116406 0.110937 0.000174175
0 0.128125 0.524219 0.18125 0.659375 0.000177135
0 0.239063 0.384766 0.167187 0.194531 0.000184257
0 0.533594 0.212109 0.0953125 0.152344 0.000186982
0 0.168359 0.682031 0.311719 0.442187 0.000187545
0 0.322656 0.905859 0.273438 0.188281 0.000190725
0 0.321484 0.680078 0.142969 0.194531 0.000191962
0 0.0671875 0.721484 0.134375 0.557031 0.000197611
0 0.195312 0.513281 0.128125 0.273438 0.000198619
0 0.7 0.553125 0.084375 0.103125 0.000205333
0 0.376563 0.117969 0.142188 0.154687 0.000207185
0 0.732031 0.783984 0.18125 0.324219 0.000209982
0 0.620703 0.195312 0.269531 0.285937 0.000213564
0 0.635156 0.385938 0.1375 0.1625 0.000215838
0 0.714844 0.616406 0.109375 0.214062 0.000216137
0 0.344922 0.258984 0.188281 0.346094 0.00021749
0 0.3375 0.558594 0.157813 0.417188 0.000217506
0 0.660547 0.553906 0.138281 0.182812 0.000231702
0 0.631641 0.235938 0.127344 0.192188 0.000233244
0 0.337109 0.483203 0.114844 0.311719 0.000247828
0 0.259375 0.575 0.140625 0.253125 0.000248477
0 0.251953 0.125781 0.200781 0.2 0.000257517
0 0.170703 0.4 0.194531 0.532812 0.000261853
0 0.676953 0.430469 0.138281 0.259375 0.000328457
0 0.129688 0.605469 0.135937 0.414062 0.000374336
0 0.615234 0.576172 0.139844 0.253906 0.000411935
0 0.243359 0.175391 0.0773437 0.100781 0.000422904
0 0.335938 0.396484 0.159375 0.503906 0.000429811
0 0.7375 0.542188 0.298438 0.6875 0.00044007
0 0.587891 0.363281 0.200781 0.620313 0.000462124
0 0.663281 0.221094 0.15 0.248437 0.00049533
0 0.376563 0.18125 0.160938 0.259375 0.000559708
0 0.261719 0.158203 0.0921875 0.110156 0.000594775
0 0.216797 0.598047 0.172656 0.200781 0.000598796
0 0.595703 0.215625 0.128906 0.185937 0.000647114
0 0.741406 0.604297 0.15 0.546094 0.000678878
0 0.636328 0.637891 0.149219 0.236719 0.000687423
0 0.266016 0.670313 0.175781 0.207813 0.000687587
0 0.207813 0.312109 0.157813 0.364844 0.000850094
0 0.609766 0.265625 0.185156 0.348437 0.000929292
0 0.175781 0.571875 0.11875 0.239063 0.000984824
0 0.296094 0.607813 0.167187 0.278125 0.00103522
0 0.588281 0.642578 0.198437 0.286719 0.00113352
0 0.708984 0.44375 0.125781 0.3625 0.00122262
0 0.699219 0.553516 0.110937 0.233594 0.00126496
0 0.301172 0.138672 0.0898438 0.108594 0.00126531
0 0.295703 0.475391 0.189844 0.483594 0.00137076
0 0.677344 0.618359 0.140625 0.271094 0.00162446
0 0.243359 0.173438 0.128906 0.159375 0.00165896
0 0.241406 0.222266 0.1875 0.266406 0.00186004
0 0.336719 0.138281 0.195312 0.173438 0.00188198
0 0.336719 0.438281 0.273438 0.8125 0.00209444
0 0.648047 0.357422 0.191406 0.392969 0.00219932
0 0.160156 0.636719 0.14375 0.275 0.00222854
0 0.678906 0.719141 0.2125 0.330469 0.00304115
0 0.608594 0.545313 0.214062 0.428125 0.00369163
0 0.296094 0.178125 0.284375 0.275 0.00374793
0 0.237109 0.444531 0.207031 0.4125 0.00416091
0 0.626172 0.183984 0.161719 0.207031 0.00478481
0 0.710156 0.648438 0.145313 0.370313 0.00480244
0 0.195312 0.517578 0.18125 0.450781 0.0056165
0 0.677734 0.524219 0.163281 0.417188 0.00947896
0 0.276563 0.299609 0.239063 0.464844 0.00962313
0 0.712891 0.481641 0.147656 0.649219 0.0122651
0 0.216016 0.619922 0.238281 0.296094 0.0143278
0 0.644531 0.633984 0.234375 0.366406 0.0516183
0 0.290234 0.161328 0.175781 0.196094 0.0582107
0 0.645703 0.438281 0.232031 0.696875 0.128426
0 0.241406 0.429297 0.278125 0.675781 0.199354
