0 0.678516 0.573047 0.117969 0.146094 0.000110859
0 0.175781 0.523828 0.217187 0.489844 0.000120735
0 0.258984 0.508594 0.0867188 0.1125 0.000122267
0 0.278516 0.486719 0.0851562 0.10625 0.000122882
0 0.761328 0.572656 0.0773437 0.110937 0.000139322
0 0.707422 0.600391 0.288281 0.305469 0.00014514
0 0.240234 0.487891 0.0914062 0.108594 0.000162866
0 0.756641 0.535547 0.100781 0.205469 0.000200553
0 0.271484 0.627344 0.257031 0.359375 0.000203238
0 0.725 0.492578 0.148438 0.292969 0.000215204
0 0.228125 0.453516 0.11875 0.188281 0.000223555
0 0.660156 0.565625 0.185937 0.1875 0.000249443
0 0.238672 0.588281 0.160156 0.19375 0.000253998
0 0.289844 0.430078 0.303125 0.457031 0.000311816
0 0.325781 0.549219 0.275 0.271875 0.000605036
0 0.311719 0.508594 0.142188 0.175 0.000606296
0 0.755469 0.594141 0.120312 0.182031 0.000669972
0 0.210156 0.584375 0.175 0.317187 0.000695027
0 0.299609 0.464063 0.233594 0.28125 0.001788
0 0.716016 0.574219 0.174219 0.203125 0.00198071
0 0.217187 0.489453 0.157813 0.319531 0.00239982
0 0.261719 0.477344 0.146875 0.214062 0.00301405
0 0.265625 0.521094 0.207813 0.251563 0.312931
