0 0.889844 0.717969 0.129688 0.135937 0.000105233
0 0.385938 0.466797 0.125 0.175781 0.000120484
0 0.298047 0.531641 0.149219 0.194531 0.000121524
0 0.470703 0.532422 0.183594 0.349219 0.000122003
0 0.522266 0.678125 0.0835937 0.128125 0.000123345
0 0.746484 0.301172 0.0742188 0.113281 0.000123902
0 0.467187 0.757812 0.14375 0.20625 0.000124098
0 0.425391 0.326953 0.150781 0.246094 0.00012589
0 0.676172 0.404687 0.0570313 0.109375 0.000126379
0 0.262109 0.594922 0.119531 0.185156 0.000132138
0 0.861328 0.755859 0.230469 0.213281 0.000136922
0 0.760547 0.278125 0.0726563 0.107813 0.000137727
0 0.391797 0.405469 0.0867188 0.0984375 0.000138166
0 0.247656 0.838281 0.307813 0.296875 0.000142823
0 0.914062 0.569922 0.171875 0.432031 0.000143726
0 0.719531 0.308984 0.195312 0.246094 0.000148755
0 0.739062 0.546094 0.15 0.173438 0.000150912
0 0.703906 0.523047 0.184375 0.239844 0.000152221
0 0.482031 0.869141 0.2625 0.247656 0.000158344
0 0.787109 0.5875 0.227344 0.19375 0.000163371
0 0.246094 0.532031 0.104687 0.24375 0.000174136
0 0.366406 0.682422 0.201562 0.188281 0.000179997
0 0.769141 0.692969 0.325781 0.4125 0.000198661
0 0.282422 0.401172 0.132031 0.191406 0.000206647
0 0.385938 0.774609 0.146875 0.186719 0.000225578
0 0.276953 0.467578 0.113281 0.205469 0.00022664
0 0.925781 0.748438 0.126563 0.14375 0.000232045
0 0.844141 0.613281 0.153906 0.195312 0.000269042
0 0.826172 0.697656 0.246094 0.201562 0.000282106
0 0.513672 0.676953 0.108594 0.207031 0.000313485
0 0.343359 0.740234 0.153906 0.233594 0.000333085
0 0.80625 0.447656 0.146875 0.142188 0.000333411
0 0.859375 0.551172 0.125 0.255469 0.000420421
0 0.253906 0.604297 0.132812 0.335156 0.000446128
0 0.807031 0.450391 0.189063 0.260156 0.000460451
0 0.750781 0.602344 0.23125 0.34375 0.000472103
0 0.800781 0.525781 0.215625 0.214062 0.000503395
0 0.349219 0.476172 0.209375 0.260156 0.000519933
0 0.33125 0.361328 0.2125 0.189844 0.000535961
0 0.769141 0.689453 0.221094 0.272656 0.000552096
0 0.282031 0.764063 0.11875 0.214062 0.000561263
0 0.390234 0.404297 0.130469 0.158594 0.00071241
0 0.863672 0.657812 0.152344 0.176563 0.000774387
0 0.319922 0.801172 0.141406 0.183594 0.000909668
0 0.259375 0.716406 0.295312 0.45625 0.000916414
0 0.275391 0.485547 0.150781 0.310156 0.000935191
0 0.907812 0.692578 0.170312 0.238281 0.000946078
0 0.841797 0.491016 0.149219 0.224219 0.00102564
0 0.750391 0.483203 0.272656 0.494531 0.00114678
0 0.486719 0.6375 0.175 0.376563 0.00120952
0 0.425781 0.701563 0.139062 0.23125 0.00122933
0 0.259375 0.807813 0.123438 0.248437 0.0012331
0 0.418359 0.440625 0.177344 0.273438 0.00124148
0 0.389453 0.832422 0.333594 0.264844 0.00150187
0 0.385156 0.384766 0.192188 0.227344 0.00263387
0 0.440625 0.603906 0.226562 0.529688 0.0035476
0 0.317187 0.485547 0.2375 0.408594 0.00373775
0 0.403906 0.741406 0.226562 0.214062 0.00380487
0 0.840625 0.535156 0.207813 0.340625 0.00422847
0 0.456641 0.730469 0.222656 0.296875 0.00582725
0 0.279297 0.736328 0.149219 0.347656 0.00673274
0 0.282813 0.603906 0.1875 0.589063 0.00823333
0 0.314063 0.800391 0.204688 0.261719 0.00997845
0 0.853125 0.657812 0.273438 0.34375 0.0105435
0 0.359766 0.58125 0.308594 0.65 0.0820269
0 0.373828 0.742188 0.308594 0.329688 0.133127
0 0.808594 0.567578 0.31875 0.482031 0.292655
