0 0.278906 0.560156 0.0859375 0.0890625 0.000100177
0 0.310156 0.239453 0.109375 0.146094 0.000103451
0 0.722266 0.188672 0.102344 0.114844 0.000107484
0 0.659766 0.471094 0.139844 0.229687 0.00010979
0 0.630859 0.187109 0.0820312 0.110156 0.000115501
0 0.701172 0.326562 0.138281 0.190625 0.000118609
0 0.901172 0.0339844 0.197656 0.0679687 0.000121134
0 0.23125 0.425 0.125 0.245312 0.000123102
0 0.746094 0.491016 0.0859375 0.102344 0.000124127
0 0.78125 0.782812 0.348437 0.417188 0.000127192
0 0.26875 0.3875 0.0796875 0.11875 0.000140897
0 0.674219 0.566016 0.148438 0.147656 0.000143372
0 0.216016 0.595312 0.107031 0.123438 0.00014385
0 0.758594 0.219531 0.0515625 0.0671875 0.000143967
0 0.337891 0.625781 0.166406 0.157813 0.000145127
0 0.933203 0.0570313 0.133594 0.114063 0.000155699
0 0.809375 0.469141 0.109375 0.197656 0.000159435
0 0.309375 0.249609 0.34375 0.444531 0.000164557
0 0.364062 0.433594 0.2125 0.39375 0.000182461
0 0.371875 0.519922 0.15 0.249219 0.000190152
0 0.743359 0.325391 0.124219 0.169531 0.000198871
0 0.811328 0.45625 0.291406 0.43125 0.000199044
0 0.757812 0.385547 0.084375 0.108594 0.000203167
0 0.278125 0.460156 0.0859375 0.0890625 0.000244433
0 0.263281 0.623828 0.223438 0.138281 0.00025006
0 0.683203 0.363281 0.116406 0.148438 0.00025472
0 0.262109 0.604297 0.136719 0.103906 0.000265329
0 0.255469 0.327344 0.215625 0.417188 0.000273519
0 0.689844 0.155859 0.078125 0.0835937 0.000301161
0 0.239453 0.589844 0.0851562 0.084375 0.000304654
0 0.359766 0.229297 0.192969 0.228906 0.000310034
0 0.7625 0.428516 0.0828125 0.111719 0.000377399
0 0.704687 0.465234 0.146875 0.214844 0.00037808
0 0.318359 0.349609 0.152344 0.216406 0.000394166
0 0.673828 0.357031 0.167969 0.345313 0.000413552
0 0.764844 0.511328 0.0890625 0.102344 0.000417205
0 0.778906 0.452344 0.078125 0.11875 0.000423382
0 0.316016 0.420312 0.0882813 0.115625 0.000430151
0 0.759766 0.595703 0.342969 0.530469 0.000473965
0 0.697656 0.236328 0.159375 0.211719 0.00049199
0 0.627344 0.561719 0.129688 0.1625 0.000499119
0 0.219141 0.477734 0.186719 0.419531 0.000500096
0 0.804297 0.518359 0.139844 0.216406 0.00050757
0 0.269922 0.349219 0.117969 0.271875 0.00054412
0 0.721875 0.510547 0.146875 0.138281 0.000617128
0 0.666797 0.196094 0.114844 0.128125 0.000640007
0 0.780469 0.367969 0.14375 0.3625 0.00064055
0 0.794531 0.540234 0.109375 0.135156 0.00066991
0 0.298047 0.389062 0.0898438 0.114063 0.000682055
0 0.292969 0.576563 0.314063 0.303125 0.00073556
0 0.280078 0.526172 0.139844 0.210156 0.000744716
0 0.66875 0.176953 0.06875 0.0992187 0.000752792
0 0.280469 0.575391 0.13125 0.102344 0.000757715
0 0.245312 0.507812 0.139062 0.267188 0.000854182
0 0.672266 0.444141 0.207031 0.311719 0.00104129
0 0.3375 0.564062 0.154687 0.16875 0.00121418
0 0.724609 0.367969 0.144531 0.223438 0.00129696
0 0.692578 0.580078 0.242969 0.194531 0.00144398
0 0.782812 0.489062 0.0796875 0.107813 0.00159258
0 0.713281 0.56875 0.310937 0.307813 0.00170538
0 0.739844 0.546094 0.203125 0.148438 0.001738
0 0.331641 0.423047 0.166406 0.188281 0.00197897
0 0.243359 0.570312 0.152344 0.135937 0.0019933
0 0.282031 0.424609 0.0921875 0.122656 0.00239368
0 0.662109 0.526953 0.191406 0.196094 0.00309068
0 0.757031 0.392188 0.11875 0.2125 0.00327148
0 0.288672 0.588672 0.214844 0.139844 0.00627289
0 0.268359 0.442969 0.121094 0.209375 0.00683319
0 0.76875 0.507812 0.139062 0.171875 0.0113528
0 0.320312 0.324219 0.196875 0.382812 0.0131963
0 0.781641 0.439063 0.111719 0.254687 0.0171129
0 0.719531 0.505078 0.232812 0.253906 0.0253143
0 0.312109 0.397266 0.286719 0.546094 0.0290652
0 0.720312 0.343359 0.201562 0.449219 0.0318396
0 0.288281 0.482031 0.196875 0.328125 0.0451968
0 0.740625 0.433594 0.173438 0.289062 0.171088
0 0.294531 0.402344 0.164062 0.264062 0.267686
