0 0.1875 0.635156 0.140625 0.115625 0.0001051
0 0.784375 0.572266 0.0875 0.108594 0.000106136
0 0.198047 0.496094 0.0976562 0.128125 0.000109001
0 0.344531 0.495313 0.203125 0.214062 0.000120285
0 0.161328 0.603125 0.0914062 0.146875 0.000126723
0 0.242969 0.450781 0.234375 0.379687 0.000142338
0 0.183984 0.511328 0.0648438 0.0929687 0.000143398
0 0.842578 0.691016 0.141406 0.117969 0.000149171
0 0.262109 0.575 0.0867188 0.0890625 0.0001494
0 0.70625 0.444531 0.226562 0.465625 0.000149668
0 0.669531 0.612109 0.121875 0.166406 0.000166326
0 0.655859 0.979297 0.127344 0.0414063 0.000180581
0 0.942578 0.0917969 0.114844 0.183594 0.000185579
0 0.881641 0.674219 0.133594 0.154687 0.000192768
0 0.239844 0.535156 0.15 0.185937 0.000195997
0 0.766797 0.630078 0.152344 0.180469 0.000200119
0 0.8375 0.541016 0.151562 0.208594 0.000217302
0 0.383594 0.539844 0.0890625 0.10625 0.00021953
0 0.346094 0.593359 0.0859375 0.113281 0.000275309
0 0.747266 0.555469 0.217969 0.20625 0.00028247
0 0.383594 0.6625 0.192188 0.242188 0.000305721
0 0.182422 0.530859 0.0898438 0.180469 0.000308978
0 0.705859 0.571875 0.221094 0.304688 0.000332418
0 0.805078 0.649609 0.141406 0.152344 0.000342696
0 0.802734 0.608984 0.0835937 0.113281 0.000351456
0 0.655078 0.965625 0.155469 0.06875 0.000400205
0 0.349219 0.626562 0.145313 0.20625 0.00055229
0 0.265234 0.627734 0.269531 0.174219 0.000577427
0 0.894141 0.0738281 0.208594 0.146094 0.000637385
0 0.380469 0.441406 0.19375 0.435937 0.000640059
0 0.263281 0.573047 0.139062 0.124219 0.000744288
0 0.804688 0.0976562 0.390625 0.195312 0.000768018
0 0.844141 0.666406 0.191406 0.203125 0.000922522
0 0.367578 0.572656 0.0882813 0.114063 0.000956819
0 0.695703 0.644531 0.167969 0.1875 0.0010524
0 0.308203 0.572656 0.152344 0.165625 0.00126644
0 0.2 0.5625 0.157813 0.204688 0.00132951
0 0.819922 0.591016 0.0835937 0.111719 0.0015389
0 0.402734 0.597656 0.163281 0.239063 0.00193631
0 0.829297 0.494141 0.183594 0.371094 0.00201582
0 0.36875 0.539844 0.140625 0.207813 0.00204325
0 0.862109 0.605078 0.164844 0.222656 0.00333712
0 0.749219 0.632812 0.264062 0.232812 0.00430501
0 0.305078 0.636719 0.303906 0.273438 0.00593048
0 0.310547 0.490625 0.288281 0.382812 0.010208
0 0.273828 0.555859 0.280469 0.236719 0.0250105
0 0.823828 0.59375 0.139844 0.170312 0.0277328
0 0.779688 0.489844 0.290625 0.473437 0.051329
0 0.35 0.577734 0.207813 0.222656 0.227988
0 0.801953 0.592578 0.211719 0.228906 0.252533
