0 0.755078 0.651172 0.0898438 0.127344 0.00010613
0 0.29375 0.557031 0.271875 0.342187 0.000106597
0 0.693359 0.428516 0.0679687 0.105469 0.000106829
0 0.164844 0.928516 0.040625 0.142969 0.00011077
0 0.649219 0.355469 0.146875 0.165625 0.000112821
0 0.189063 0.927344 0.0703125 0.145313 0.000122879
0 0.259375 0.532422 0.103125 0.183594 0.000125173
0 0.358203 0.597266 0.121094 0.146094 0.000126484
0 0.280078 0.651172 0.128906 0.127344 0.000129872
0 0.716406 0.653125 0.0921875 0.101562 0.00013037
0 0.313281 0.407813 0.103125 0.115625 0.000136927
0 0.390234 0.612891 0.124219 0.155469 0.000157956
0 0.240234 0.575391 0.105469 0.186719 0.000160912
0 0.318359 0.0542969 0.0507812 0.0664062 0.000195586
0 0.989844 0.948047 0.01875 0.103906 0.000202812
0 0.635938 0.617578 0.14375 0.155469 0.00021915
0 0.987109 0.9625 0.0257812 0.075 0.000232077
0 0.305859 0.597656 0.122656 0.134375 0.000250497
0 0.260547 0.400781 0.107031 0.1125 0.00025367
0 0.750781 0.610156 0.109375 0.179688 0.000258845
0 0.348828 0.6375 0.128906 0.140625 0.000260398
0 0.217969 0.654688 0.078125 0.1 0.000268516
0 0.660156 0.432422 0.123438 0.172656 0.000268668
0 0.664453 0.583594 0.167969 0.240625 0.000276138
0 0.160156 0.963672 0.0484375 0.0617188 0.000278735
0 0.987109 0.968359 0.0179687 0.0632813 0.000314891
0 0.693359 0.665234 0.0945313 0.0960938 0.000463948
0 0.709375 0.463672 0.139062 0.242969 0.000531085
0 0.313672 0.442969 0.138281 0.18125 0.000593988
0 0.656641 0.647266 0.121094 0.114844 0.000623344
0 0.301172 0.459375 0.0789063 0.107813 0.000662845
0 0.306641 0.522266 0.160156 0.296094 0.000721581
0 0.694531 0.438281 0.096875 0.160938 0.000856549
0 0.283594 0.391797 0.0984375 0.0835937 0.000900418
0 0.333984 0.573828 0.157031 0.225781 0.000907613
0 0.257031 0.546484 0.142188 0.280469 0.000966058
0 0.239453 0.640234 0.119531 0.142969 0.000985322
0 0.720703 0.560547 0.139844 0.267969 0.0010846
0 0.276563 0.467969 0.1125 0.18125 0.00120101
0 0.711328 0.641406 0.155469 0.142188 0.0018149
0 0.290234 0.620313 0.194531 0.164062 0.00259885
0 0.289062 0.430469 0.09375 0.135937 0.00352003
