0 0.295703 0.445703 0.144531 0.319531 0.000102087
0 0.614453 0.571094 0.0898438 0.109375 0.000104423
0 0.771875 0.780469 0.04375 0.0625 0.000110316
0 0.178906 0.587891 0.078125 0.0929687 0.000112418
0 0.758984 0.770703 0.0601562 0.0867188 0.000114958
0 0.61875 0.383203 0.179688 0.180469 0.000116384
0 0.115625 0.452344 0.0921875 0.1125 0.000118373
0 0.678516 0.384375 0.0914062 0.1125 0.000122492
0 0.308984 0.616797 0.225781 0.278906 0.000123284
0 0.0839844 0.469531 0.108594 0.185937 0.000128361
0 0.21875 0.317578 0.15 0.149219 0.000129518
0 0.623828 0.302344 0.136719 0.153125 0.000131572
0 0.695703 0.362891 0.0898438 0.114844 0.000140311
0 0.296094 0.489844 0.123438 0.185937 0.000162253
0 0.302734 0.3 0.114844 0.209375 0.000163471
0 0.202734 0.649219 0.332031 0.292188 0.000167199
0 0.644531 0.285547 0.0875 0.105469 0.000167284
0 0.661328 0.363281 0.0835937 0.110937 0.000188497
0 0.733594 0.757031 0.05 0.075 0.000198558
0 0.729688 0.406641 0.126563 0.250781 0.00021384
0 0.148828 0.488281 0.0867188 0.09375 0.000222115
0 0.638281 0.513672 0.148438 0.228906 0.00022804
0 0.613281 0.603906 0.140625 0.165625 0.000229126
0 0.674219 0.266016 0.0890625 0.110156 0.000234495
0 0.719141 0.583594 0.0851562 0.0984375 0.000234784
0 0.255078 0.35 0.221094 0.351562 0.00024828
0 0.676562 0.341016 0.090625 0.114844 0.000259251
0 0.154297 0.299609 0.116406 0.114844 0.000259777
0 0.258984 0.573047 0.135156 0.163281 0.000272656
0 0.989844 0.570703 0.0203125 0.194531 0.000277237
0 0.0703125 0.605078 0.09375 0.146094 0.000283726
0 0.9875 0.561719 0.025 0.321875 0.000285655
0 0.68125 0.423438 0.125 0.171875 0.000290215
0 0.616406 0.242578 0.2 0.194531 0.000298779
0 0.118359 0.385547 0.125781 0.210156 0.000303079
0 0.264453 0.306641 0.153906 0.174219 0.000304343
0 0.275 0.648047 0.15 0.138281 0.000332126
0 0.717578 0.630469 0.188281 0.170312 0.000338733
0 0.294141 0.561719 0.135156 0.201562 0.00037637
0 0.192578 0.489062 0.147656 0.234375 0.00038173
0 0.219531 0.570312 0.139062 0.14375 0.000398255
0 0.741016 0.403125 0.182031 0.40625 0.000426482
0 0.223047 0.242188 0.166406 0.164062 0.000445083
0 0.151562 0.428125 0.15625 0.189063 0.000488172
0 0.214844 0.644531 0.25625 0.18125 0.000500179
0 0.682422 0.316016 0.288281 0.372656 0.000501308
0 0.678125 0.301562 0.0921875 0.115625 0.00051367
0 0.734766 0.529688 0.291406 0.414062 0.000652533
0 0.679688 0.531641 0.146875 0.191406 0.000668986
0 0.751953 0.571094 0.132031 0.173438 0.000721006
0 0.177734 0.567969 0.113281 0.114063 0.000786192
0 0.654688 0.623047 0.271875 0.222656 0.000831149
0 0.155859 0.316016 0.155469 0.182031 0.000976403
0 0.220313 0.308984 0.221875 0.228906 0.000980376
0 0.191797 0.273047 0.172656 0.147656 0.000996933
0 0.1 0.548437 0.1375 0.25 0.00101616
0 0.254297 0.475781 0.239844 0.442187 0.00101953
0 0.257031 0.526563 0.198437 0.254687 0.00131938
0 0.660156 0.266016 0.1375 0.153906 0.00156826
0 0.698828 0.446484 0.135156 0.280469 0.00165355
0 0.114453 0.489062 0.0929687 0.096875 0.0016574
0 0.663281 0.359375 0.134375 0.185937 0.00178085
0 0.254687 0.602734 0.198437 0.197656 0.00184026
0 0.622656 0.314453 0.21875 0.207031 0.00256389
0 0.719531 0.567969 0.125 0.134375 0.00282778
0 0.150391 0.489062 0.164844 0.182812 0.00301749
0 0.177344 0.552344 0.19375 0.176563 0.00330623
0 0.614844 0.396484 0.26875 0.475781 0.00338788
0 0.149609 0.347266 0.186719 0.303906 0.00388741
0 0.704687 0.351562 0.146875 0.2375 0.00528638
0 0.620313 0.564844 0.192188 0.189063 0.00644404
0 0.192969 0.575 0.28125 0.25 0.00755173
0 0.114844 0.487891 0.128125 0.141406 0.00775403
0 0.720312 0.516016 0.16875 0.269531 0.00916493
0 0.688672 0.576563 0.219531 0.18125 0.0177793
0 0.119141 0.435937 0.160156 0.33125 0.0239528
0 0.678906 0.308594 0.13125 0.192188 0.0302085
0 0.145703 0.521875 0.217969 0.28125 0.0364184
0 0.655078 0.529688 0.250781 0.282813 0.0411093
0 0.683984 0.437109 0.203906 0.421094 0.170246
0 0.182031 0.426953 0.271875 0.469531 0.185331
