0 0.970703 0.0664062 0.0523437 0.0859375 0.000101084
0 0.334766 0.323438 0.186719 0.179688 0.000107669
0 0.0214844 0.521875 0.0429688 0.428125 0.000108791
0 0.385156 0.295703 0.104687 0.113281 0.000115853
0 0.893359 0.0507812 0.144531 0.096875 0.000116575
0 0.628125 0.0320312 0.110937 0.0640625 0.000125879
0 0.274219 0.529297 0.151562 0.261719 0.000126923
0 0.332422 0.673047 0.164844 0.302344 0.000132832
0 0.751953 0.768359 0.0742188 0.153906 0.000134181
0 0.386328 0.445312 0.119531 0.234375 0.000134289
0 0.969922 0.0835937 0.0601562 0.15 0.000136484
0 0.667578 0.0367187 0.130469 0.0734375 0.000139648
0 0.109766 0.691016 0.213281 0.596094 0.000142623
0 0.710938 0.551562 0.1 0.214062 0.000143669
0 0.617969 0.405859 0.139062 0.208594 0.000157489
0 0.0472656 0.600391 0.0945313 0.610156 0.000173613
0 0.237891 0.465625 0.0851562 0.1125 0.00017944
0 0.692969 0.408984 0.0984375 0.236719 0.000189328
0 0.740234 0.489453 0.174219 0.499219 0.000193885
0 0.117969 0.108203 0.229687 0.216406 0.000199293
0 0.701953 0.613672 0.0882813 0.102344 0.000206537
0 0.609766 0.285156 0.110156 0.11875 0.000218012
0 0.733594 0.759766 0.126563 0.183594 0.000247928
0 0.671875 0.358203 0.134375 0.208594 0.000266506
0 0.0796875 0.0660156 0.151562 0.132031 0.000273695
0 0.698047 0.675781 0.149219 0.21875 0.000279653
0 0.982813 0.0695312 0.034375 0.125 0.000340408
0 0.275781 0.469922 0.20625 0.205469 0.000341517
0 0.232422 0.647266 0.313281 0.516406 0.000420989
0 0.74375 0.683203 0.151562 0.319531 0.000448834
0 0.680078 0.551953 0.139844 0.260156 0.000489442
0 0.619141 0.723437 0.177344 0.235938 0.000566259
0 0.607422 0.608203 0.214844 0.517969 0.0006665
0 0.353125 0.39375 0.165625 0.25625 0.000710488
0 0.177344 0.564844 0.220313 0.470313 0.00073229
0 0.734375 0.607422 0.282813 0.572656 0.000733958
0 0.243359 0.463281 0.166406 0.346875 0.000981056
0 0.23125 0.623828 0.192188 0.372656 0.000987404
0 0.697266 0.735937 0.196094 0.259375 0.00102494
0 0.329688 0.553516 0.2625 0.588281 0.00110561
0 0.397656 0.328125 0.090625 0.11875 0.00112884
0 0.612891 0.318359 0.142969 0.182031 0.00122021
0 0.7 0.611328 0.123438 0.244531 0.00205303
0 0.239063 0.496875 0.123438 0.221875 0.00210961
0 0.678516 0.445703 0.144531 0.363281 0.00218472
0 0.298047 0.427734 0.236719 0.364844 0.00218604
0 0.380078 0.338672 0.117969 0.169531 0.00266713
0 0.635547 0.379297 0.192969 0.308594 0.00329514
0 0.659375 0.679688 0.2375 0.339063 0.00685554
0 0.711719 0.594141 0.153125 0.463281 0.0202336
0 0.217969 0.534375 0.139062 0.332812 0.0206773
0 0.664844 0.538281 0.210938 0.559375 0.340059
0 0.266797 0.538672 0.230469 0.436719 0.442702
