0 0.86875 0.604297 0.157813 0.286719 0.000101321
0 0.479297 0.271094 0.353906 0.5 0.000101469
0 0.732813 0.745313 0.198437 0.184375 0.000111594
0 0.598047 0.386719 0.352344 0.710938 0.000114315
0 0.803516 0.474219 0.141406 0.196875 0.000114815
0 0.321875 0.615625 0.0921875 0.115625 0.000117576
0 0.245703 0.309766 0.0632813 0.0929687 0.000120589
0 0.100781 0.185937 0.2 0.371875 0.000120909
0 0.669922 0.676172 0.210156 0.241406 0.000122048
0 0.339844 0.648828 0.0921875 0.103906 0.000127635
0 0.433984 0.223047 0.175781 0.261719 0.000157616
0 0.767187 0.576563 0.165625 0.2 0.000159675
0 0.227344 0.398828 0.325 0.697656 0.000162036
0 0.728125 0.733594 0.282813 0.292188 0.000172488
0 0.446875 0.6625 0.445312 0.675 0.000211746
0 0.798047 0.694531 0.150781 0.234375 0.000213834
0 0.274219 0.356641 0.121875 0.153906 0.000237768
0 0.627734 0.622266 0.399219 0.632031 0.000277879
0 0.127734 0.337109 0.252344 0.674219 0.000284525
0 0.253516 0.650781 0.280469 0.304688 0.000293951
0 0.223047 0.532812 0.122656 0.220313 0.000301616
0 0.837891 0.592969 0.155469 0.198437 0.000303895
0 0.360938 0.295312 0.329688 0.464063 0.000315519
0 0.246484 0.630469 0.146094 0.192188 0.000325739
0 0.665234 0.632422 0.266406 0.427344 0.0003379
0 0.386328 0.4375 0.208594 0.473437 0.000402859
0 0.305078 0.65 0.0898438 0.104687 0.000448837
0 0.294922 0.318359 0.167969 0.219531 0.000461465
0 0.342969 0.580469 0.151562 0.182812 0.000517879
0 0.702734 0.616406 0.211719 0.278125 0.000528672
0 0.741016 0.640234 0.141406 0.211719 0.000532167
0 0.353906 0.289453 0.259375 0.286719 0.000573851
0 0.392188 0.61875 0.2 0.210938 0.000876189
0 0.251953 0.369531 0.111719 0.239063 0.000902877
0 0.299219 0.560938 0.185937 0.190625 0.00102572
0 0.483203 0.434766 0.441406 0.697656 0.00119641
0 0.256641 0.327734 0.0929687 0.127344 0.00127682
0 0.761719 0.478906 0.2375 0.4375 0.00136182
0 0.244141 0.486719 0.152344 0.370313 0.00159931
0 0.803125 0.633984 0.178125 0.192969 0.0016386
0 0.344531 0.658203 0.217187 0.191406 0.0027854
0 0.304688 0.632031 0.139062 0.173438 0.00510547
0 0.807422 0.532812 0.188281 0.309375 0.00777625
0 0.254297 0.571875 0.196094 0.264062 0.0095423
0 0.303906 0.477734 0.254687 0.441406 0.0116637
0 0.74375 0.685156 0.2 0.221875 0.013731
0 0.790625 0.627344 0.214062 0.323438 0.0249952
0 0.312891 0.6125 0.228906 0.214062 0.0916203
