0 0.848828 0.445312 0.122656 0.2625 0.000100265
0 0.303516 0.450391 0.0851562 0.110156 0.00010123
0 0.266797 0.563672 0.285156 0.508594 0.000105162
0 0.784375 0.307813 0.173438 0.176563 0.000107343
0 0.866016 0.672266 0.0851562 0.113281 0.000107933
0 0.823828 0.734766 0.258594 0.178906 0.000108314
0 0.808594 0.299609 0.059375 0.0914062 0.000109368
0 0.929297 0.744922 0.130469 0.264844 0.000115184
0 0.723437 0.195703 0.4125 0.391406 0.000115488
0 0.457031 0.471484 0.101562 0.119531 0.000118203
0 0.508594 0.796094 0.376563 0.40625 0.000120276
0 0.942969 0.0546875 0.114063 0.109375 0.000120524
0 0.440625 0.140625 0.41875 0.265625 0.00012495
0 0.319141 0.427734 0.0804688 0.0960938 0.00012523
0 0.786719 0.640234 0.146875 0.224219 0.000127566
0 0.862109 0.108984 0.275781 0.217969 0.000131455
0 0.383984 0.320312 0.167969 0.173438 0.000132358
0 0.746484 0.772656 0.388281 0.45 0.000132384
0 0.805469 0.0640625 0.389062 0.123438 0.000136971
0 0.254297 0.570312 0.158594 0.407813 0.000139764
0 0.817578 0.337109 0.0992187 0.177344 0.000143129
0 0.885938 0.596484 0.0890625 0.111719 0.000143186
0 0.249609 0.853906 0.366406 0.279687 0.000145066
0 0.320703 0.0203125 0.199219 0.0390625 0.000146553
0 0.821875 0.3375 0.06875 0.114063 0.000148647
0 0.338672 0.448047 0.113281 0.149219 0.000161804
0 0.291406 0.799219 0.24375 0.165625 0.000162767
0 0.923437 0.528516 0.153125 0.575781 0.000165469
0 0.301172 0.489062 0.0835937 0.10625 0.000174003
0 0.745703 0.614062 0.235156 0.389062 0.00017563
0 0.797266 0.407422 0.339844 0.580469 0.00018105
0 0.80625 0.299609 0.0875 0.136719 0.000190731
0 0.284766 0.598047 0.128906 0.274219 0.000196548
0 0.363672 0.317187 0.0789063 0.078125 0.000201714
0 0.417578 0.394531 0.207031 0.2625 0.000211644
0 0.402734 0.658203 0.136719 0.185156 0.000212415
0 0.44375 0.0648438 0.385938 0.125 0.000212826
0 0.452344 0.808594 0.110937 0.139062 0.000213439
0 0.617188 0.65625 0.525 0.6875 0.000215245
0 0.449219 0.730859 0.129688 0.149219 0.000220784
0 0.318359 0.532031 0.136719 0.234375 0.000220795
0 0.739062 0.696484 0.0890625 0.113281 0.00022758
0 0.778516 0.712891 0.142969 0.167969 0.000251434
0 0.385547 0.737891 0.0929687 0.102344 0.000271489
0 0.807813 0.371875 0.2 0.31875 0.000287876
0 0.847656 0.580859 0.176563 0.196094 0.000293995
0 0.864062 0.0382813 0.235938 0.0765625 0.000293999
0 0.734766 0.741406 0.169531 0.203125 0.000299827
0 0.883984 0.637891 0.0898438 0.116406 0.000308914
0 0.412891 0.467187 0.180469 0.214062 0.000320023
0 0.287891 0.509766 0.105469 0.192969 0.000359611
0 0.422266 0.701172 0.135156 0.172656 0.000364423
0 0.825 0.308594 0.0546875 0.0953125 0.000368518
0 0.316797 0.412891 0.117969 0.180469 0.000411421
0 0.897656 0.0640625 0.204688 0.128125 0.000417631
0 0.308594 0.0378906 0.276563 0.0757812 0.000433131
0 0.308594 0.0613281 0.345313 0.122656 0.000530668
0 0.346094 0.44375 0.176563 0.223438 0.000541749
0 0.881641 0.535547 0.175781 0.378906 0.000609439
0 0.282422 0.0945313 0.477344 0.189063 0.000619349
0 0.405469 0.834375 0.209375 0.24375 0.000619857
0 0.349219 0.873828 0.323438 0.241406 0.000638017
0 0.349219 0.759766 0.153125 0.158594 0.000677038
0 0.252344 0.723047 0.176563 0.225781 0.000705159
0 0.383984 0.483984 0.242969 0.455469 0.000769377
0 0.866797 0.687109 0.144531 0.194531 0.000844019
0 0.417578 0.654688 0.194531 0.264062 0.000853235
0 0.284766 0.679688 0.141406 0.189063 0.000889758
0 0.328516 0.714844 0.152344 0.171875 0.000918811
0 0.844922 0.722266 0.285156 0.316406 0.00101925
0 0.277344 0.716406 0.282813 0.303125 0.00114659
0 0.3125 0.532422 0.176563 0.371094 0.00206325
0 0.742578 0.692969 0.135156 0.16875 0.00246378
0 0.339844 0.664453 0.198437 0.180469 0.00258744
0 0.907812 0.672266 0.170312 0.249219 0.0026281
0 0.309375 0.46875 0.13125 0.19375 0.00269096
0 0.4125 0.767969 0.185937 0.19375 0.00321223
0 0.291016 0.65625 0.205469 0.279687 0.00527135
0 0.38125 0.721875 0.185937 0.165625 0.00866227
0 0.792969 0.683594 0.239063 0.221875 0.010782
0 0.349219 0.602734 0.260938 0.383594 0.013393
0 0.882031 0.621875 0.1375 0.234375 0.0181876
0 0.351562 0.795703 0.289062 0.230469 0.0232968
0 0.815625 0.548828 0.276563 0.494531 0.0378978
0 0.347656 0.719922 0.257812 0.242969 0.139774
0 0.851172 0.648047 0.228906 0.260156 0.362107
