0 0.237891 0.507031 0.0898438 0.110937 0.000100292
0 0.366016 0.51875 0.116406 0.139062 0.000100472
0 0.221484 0.705469 0.364844 0.540625 0.000102682
0 0.779688 0.196875 0.075 0.10625 0.000102753
0 0.326562 0.473047 0.348437 0.433594 0.000107447
0 0.300391 0.490625 0.0898438 0.104687 0.000109284
0 0.320312 0.508203 0.0859375 0.103906 0.000110742
0 0.638672 0.528906 0.0929687 0.1125 0.000111766
0 0.177344 0.491016 0.0921875 0.113281 0.000115095
0 0.781641 0.625391 0.233594 0.116406 0.000117757
0 0.576953 0.509766 0.347656 0.560156 0.000123188
0 0.760156 0.527734 0.090625 0.108594 0.000127496
0 0.228906 0.0476562 0.429688 0.0953125 0.000134085
0 0.130859 0.3625 0.213281 0.515625 0.000143939
0 0.727344 0.219531 0.101562 0.121875 0.000144205
0 0.218359 0.20625 0.132031 0.179688 0.000144455
0 0.172266 0.583203 0.299219 0.519531 0.000147858
0 0.342578 0.395312 0.150781 0.346875 0.000148728
0 0.761328 0.233984 0.0789063 0.0992187 0.000150481
0 0.795313 0.302344 0.101562 0.221875 0.000151172
0 0.341797 0.540234 0.121094 0.113281 0.000167701
0 0.670313 0.587109 0.340625 0.382031 0.000182274
0 0.680078 0.314453 0.194531 0.333594 0.000189096
0 0.658203 0.562891 0.144531 0.152344 0.000189375
0 0.801562 0.529297 0.0921875 0.110156 0.000190069
0 0.212109 0.239453 0.0789063 0.113281 0.000191095
0 0.260156 0.541016 0.2375 0.189844 0.000197317
0 0.705469 0.629297 0.325 0.214844 0.000210676
0 0.587891 0.147266 0.0695312 0.0945313 0.000210936
0 0.762891 0.564062 0.149219 0.142188 0.000214214
0 0.781641 0.513281 0.0882813 0.110937 0.000219537
0 0.827344 0.399219 0.164062 0.48125 0.000226059
0 0.934766 0.0566406 0.130469 0.113281 0.000239067
0 0.677344 0.198828 0.159375 0.136719 0.000241946
0 0.318359 0.472266 0.132031 0.157031 0.000244014
0 0.320312 0.23125 0.171875 0.167187 0.000249545
0 0.741406 0.171484 0.104687 0.125781 0.000255209
0 0.239063 0.272656 0.0890625 0.114063 0.000260669
0 0.180859 0.409375 0.111719 0.203125 0.000267657
0 0.273047 0.222266 0.302344 0.357031 0.000271609
0 0.257422 0.450391 0.147656 0.192969 0.000276888
0 0.217578 0.490234 0.0867188 0.107031 0.000295698
0 0.775391 0.237891 0.0929687 0.155469 0.000306965
0 0.148438 0.488672 0.129688 0.211719 0.000308442
0 0.750781 0.258594 0.123438 0.20625 0.000322457
0 0.705469 0.470703 0.142188 0.216406 0.000365953
0 0.798047 0.40625 0.122656 0.273438 0.00037772
0 0.757422 0.183594 0.0742188 0.0875 0.000389832
0 0.7 0.546094 0.148438 0.145313 0.000411987
0 0.266797 0.239453 0.0820312 0.0976562 0.000414585
0 0.807031 0.598437 0.101562 0.0625 0.000527096
0 0.268359 0.220703 0.136719 0.167969 0.000692251
0 0.773828 0.316016 0.138281 0.322656 0.000816341
0 0.200391 0.344531 0.128906 0.282813 0.000914239
0 0.805859 0.591016 0.144531 0.116406 0.000915877
0 0.761328 0.457422 0.182031 0.217969 0.00095174
0 0.322656 0.5125 0.167187 0.15625 0.00103046
0 0.809375 0.524219 0.285937 0.332812 0.00103243
0 0.162891 0.5375 0.182031 0.242188 0.00110416
0 0.214062 0.558203 0.309375 0.321094 0.00117169
0 0.182031 0.454297 0.151562 0.210156 0.00143687
0 0.628125 0.529688 0.145313 0.167187 0.0015528
0 0.2875 0.354297 0.276563 0.505469 0.00169685
0 0.815625 0.547656 0.157813 0.190625 0.00185855
0 0.212891 0.26875 0.133594 0.198437 0.00217956
0 0.708203 0.445312 0.246094 0.3125 0.0024219
0 0.742188 0.527344 0.151562 0.160938 0.00259786
0 0.753516 0.204688 0.107031 0.13125 0.00276884
0 0.669531 0.509766 0.192188 0.197656 0.00302906
0 0.763672 0.581641 0.283594 0.224219 0.00328859
0 0.780469 0.509766 0.145313 0.166406 0.0037551
0 0.273828 0.492188 0.205469 0.164062 0.00432705
0 0.250391 0.445312 0.230469 0.273438 0.00602953
0 0.805469 0.473828 0.173438 0.292969 0.00623523
0 0.250781 0.283203 0.151562 0.242969 0.00860015
0 0.16875 0.432813 0.16875 0.3625 0.0101381
0 0.701563 0.548047 0.275 0.189844 0.0138326
0 0.770312 0.399219 0.19375 0.407813 0.0156396
0 0.240625 0.235938 0.114063 0.126563 0.0259792
0 0.7625 0.521094 0.232812 0.217187 0.0881314
0 0.208984 0.500391 0.217969 0.214844 0.100617
0 0.209766 0.378125 0.199219 0.420312 0.201613
