0 0.294141 0.361328 0.0804688 0.0914062 0.000100109
0 0.236328 0.631641 0.0882813 0.105469 0.000100822
0 0.258984 0.309766 0.0570313 0.0664062 0.000101207
0 0.718359 0.192578 0.0773437 0.0804688 0.000102651
0 0.255078 0.407031 0.321094 0.66875 0.000103313
0 0.363672 0.2125 0.0757812 0.103125 0.000104618
0 0.725 0.21875 0.154687 0.132812 0.000104985
0 0.453125 0.817187 0.451562 0.365625 0.000105245
0 0.832031 0.444141 0.145313 0.469531 0.00010662
0 0.784766 0.634375 0.0882813 0.101562 0.000106672
0 0.286328 0.325391 0.117969 0.161719 0.000107918
0 0.732422 0.826563 0.353906 0.346875 0.000114243
0 0.793359 0.227734 0.0492188 0.0617188 0.00011995
0 0.746094 0.267188 0.096875 0.126563 0.000122178
0 0.686328 0.392578 0.172656 0.286719 0.00012586
0 0.742578 0.178906 0.0757812 0.0578125 0.000126614
0 0.788281 0.345703 0.0890625 0.163281 0.000129381
0 0.669922 0.226953 0.124219 0.119531 0.000130637
0 0.269922 0.326562 0.0601562 0.0734375 0.000131055
0 0.240234 0.887109 0.307031 0.225781 0.000132349
0 0.348828 0.191797 0.0476562 0.0679687 0.0001392
0 0.274609 0.385156 0.117969 0.21875 0.000139767
0 0.361328 0.556641 0.138281 0.182031 0.000142505
0 0.870703 0.676172 0.128906 0.191406 0.000147187
0 0.338672 0.764453 0.274219 0.355469 0.000159966
0 0.221484 0.507422 0.0914062 0.127344 0.000166195
0 0.765625 0.256641 0.065625 0.0851562 0.000185121
0 0.804688 0.619922 0.090625 0.0976562 0.000190055
0 0.785547 0.663672 0.149219 0.127344 0.000193417
0 0.885938 0.764453 0.228125 0.471094 0.000197042
0 0.216797 0.614453 0.0882813 0.110156 0.000203359
0 0.854297 0.639063 0.0789063 0.110937 0.000210466
0 0.682422 0.487109 0.164844 0.196094 0.000215263
0 0.256641 0.398438 0.167969 0.370313 0.000220739
0 0.754297 0.228125 0.0710938 0.10625 0.000225225
0 0.400391 0.203906 0.103906 0.096875 0.00022835
0 0.801172 0.364062 0.0742188 0.101562 0.000232087
0 0.258203 0.345703 0.0757812 0.125781 0.000239652
0 0.342187 0.398828 0.242188 0.564844 0.000248332
0 0.189453 0.629687 0.286719 0.432813 0.000250605
0 0.788672 0.272266 0.0523437 0.0742188 0.000254854
0 0.758984 0.201953 0.0601562 0.0898438 0.000255402
0 0.675391 0.663281 0.153906 0.145313 0.000270866
0 0.304688 0.575 0.148438 0.175 0.000274862
0 0.342187 0.608203 0.0859375 0.0976562 0.000276146
0 0.342969 0.838672 0.35 0.322656 0.000277706
0 0.746484 0.294531 0.167969 0.229687 0.000278815
0 0.179688 0.608203 0.157813 0.314844 0.000304856
0 0.369922 0.642578 0.152344 0.205469 0.000308571
0 0.266797 0.355859 0.0492188 0.0695312 0.000324547
0 0.255859 0.669141 0.155469 0.175781 0.000326009
0 0.779688 0.514453 0.176563 0.188281 0.000342742
0 0.339453 0.712891 0.194531 0.235156 0.000343462
0 0.699219 0.441406 0.221875 0.476562 0.000359075
0 0.222266 0.557813 0.121094 0.210938 0.000392723
0 0.810547 0.262109 0.0460938 0.0648438 0.000400622
0 0.804297 0.711328 0.253906 0.280469 0.000418553
0 0.784766 0.295703 0.113281 0.174219 0.000434154
0 0.804297 0.382422 0.0898438 0.180469 0.000436819
0 0.804297 0.387891 0.128906 0.341406 0.000437959
0 0.660937 0.614062 0.13125 0.1875 0.000499824
0 0.381641 0.193359 0.0632813 0.0695312 0.00051097
0 0.744531 0.554688 0.151562 0.221875 0.000532501
0 0.276563 0.613672 0.151562 0.186719 0.000633422
0 0.824609 0.634766 0.0914062 0.0976562 0.000724988
0 0.782031 0.240234 0.0671875 0.0851562 0.000794001
0 0.836719 0.596875 0.11875 0.195312 0.000866576
0 0.194922 0.683984 0.160156 0.266406 0.000887376
0 0.795313 0.773828 0.378125 0.432031 0.000916324
0 0.250391 0.332812 0.0554687 0.06875 0.00108002
0 0.760938 0.630859 0.15 0.139844 0.00109339
0 0.798437 0.251172 0.053125 0.0710938 0.00112919
0 0.342578 0.528906 0.207031 0.295312 0.00114444
0 0.320312 0.653906 0.182812 0.184375 0.00117402
0 0.810156 0.617578 0.2875 0.363281 0.00168174
0 0.691406 0.565234 0.176563 0.241406 0.00168694
0 0.782422 0.590234 0.147656 0.183594 0.00170212
0 0.240625 0.800391 0.359375 0.399219 0.00197951
0 0.765625 0.417578 0.21875 0.536719 0.00221308
0 0.844141 0.660937 0.116406 0.140625 0.0023259
0 0.781641 0.666016 0.255469 0.160156 0.0031263
0 0.337109 0.605469 0.157031 0.171875 0.00338146
0 0.241406 0.545313 0.176563 0.303125 0.00359223
0 0.707812 0.635156 0.220313 0.189063 0.00543584
0 0.221484 0.633203 0.161719 0.207031 0.00703569
0 0.809375 0.560938 0.175 0.273438 0.00854291
0 0.290625 0.508594 0.265625 0.407813 0.0115291
0 0.742578 0.537891 0.263281 0.303906 0.0159149
0 0.266797 0.711719 0.299219 0.307813 0.0185238
0 0.815234 0.633984 0.177344 0.164844 0.019344
0 0.766016 0.610156 0.250781 0.21875 0.143545
0 0.270703 0.627734 0.266406 0.266406 0.221763
