0 0.195703 0.658203 0.138281 0.263281 0.000100226
0 0.590234 0.510156 0.153906 0.18125 0.000102422
0 0.619531 0.310937 0.1625 0.228125 0.000103378
0 0.0734375 0.805859 0.146875 0.322656 0.000107635
0 0.237109 0.4875 0.138281 0.157813 0.000107893
0 0.654688 0.733984 0.142188 0.191406 0.000116142
0 0.983984 0.808984 0.0320312 0.382031 0.000117491
0 0.229687 0.828906 0.26875 0.2625 0.000122632
0 0.173438 0.532812 0.1375 0.23125 0.000123187
0 0.589063 0.75625 0.303125 0.401563 0.000128053
0 0.338672 0.629297 0.344531 0.646094 0.000130279
0 0.103906 0.472266 0.1125 0.211719 0.000167058
0 0.328906 0.726562 0.165625 0.482812 0.000167582
0 0.261719 0.680078 0.126563 0.266406 0.000169583
0 0.304297 0.800391 0.132031 0.186719 0.000175458
0 0.507812 0.602344 0.267188 0.75 0.000183369
0 0.117188 0.53125 0.125 0.2 0.000197253
0 0.221094 0.340234 0.18125 0.213281 0.000197625
0 0.7375 0.636328 0.339063 0.611719 0.000199825
0 0.715625 0.756641 0.196875 0.274219 0.000203299
0 0.197266 0.762891 0.0882813 0.117969 0.000207586
0 0.551953 0.532812 0.113281 0.229687 0.000242344
0 0.690625 0.678516 0.13125 0.260156 0.000248197
0 0.554688 0.612891 0.101562 0.266406 0.000263568
0 0.314453 0.558594 0.203906 0.545313 0.000264377
0 0.577734 0.716406 0.128906 0.234375 0.000276555
0 0.259766 0.439844 0.166406 0.25625 0.000308199
0 0.150781 0.594141 0.128125 0.236719 0.000308759
0 0.173438 0.469141 0.18125 0.200781 0.000317955
0 0.138672 0.776172 0.142969 0.197656 0.000351405
0 0.134766 0.409375 0.0929687 0.134375 0.000375604
0 0.0941406 0.522656 0.132031 0.365625 0.000425672
0 0.595312 0.635547 0.125 0.283594 0.000433903
0 0.153516 0.677734 0.132031 0.267969 0.000446765
0 0.625 0.490625 0.19375 0.364062 0.000457584
0 0.5625 0.444922 0.196875 0.321094 0.000619859
0 0.146875 0.803516 0.234375 0.241406 0.000672761
0 0.147266 0.413672 0.133594 0.203906 0.000729361
0 0.611719 0.749219 0.203125 0.259375 0.000936285
0 0.114063 0.613672 0.125 0.242969 0.000998767
0 0.617969 0.694531 0.1375 0.239063 0.00100317
0 0.236719 0.476562 0.242188 0.428125 0.00115199
0 0.217969 0.722656 0.139062 0.221875 0.00124133
0 0.295312 0.733594 0.165625 0.298438 0.0014169
0 0.702344 0.649219 0.232812 0.442187 0.00158896
0 0.65625 0.637109 0.14375 0.288281 0.00190108
0 0.540234 0.566797 0.163281 0.485156 0.00197501
0 0.196875 0.401172 0.234375 0.308594 0.00219849
0 0.580469 0.678125 0.209375 0.359375 0.00310677
0 0.180078 0.760156 0.146094 0.182812 0.00414356
0 0.256641 0.642578 0.225781 0.485156 0.00419201
0 0.667188 0.717188 0.210938 0.26875 0.00616146
0 0.124609 0.724609 0.196094 0.313281 0.00619767
0 0.589844 0.5 0.260938 0.6125 0.00701421
0 0.250781 0.763672 0.198437 0.217969 0.00761283
0 0.136719 0.489062 0.154687 0.315625 0.0122933
0 0.121094 0.602344 0.175 0.485938 0.0183715
0 0.194922 0.732422 0.252344 0.282031 0.0697519
0 0.186719 0.6 0.271875 0.542188 0.112348
0 0.629297 0.617969 0.239844 0.446875 0.264985
