0 0.304297 0.449609 0.125781 0.225781 0.000101571
0 0.701563 0.546875 0.196875 0.198437 0.00010257
0 0.528906 0.0179687 0.201562 0.0359375 0.000102849
0 0.406641 0.550781 0.128906 0.245312 0.000106824
0 0.972656 0.891016 0.053125 0.217969 0.000110587
0 0.324219 0.547266 0.16875 0.199219 0.000112129
0 0.400391 0.426172 0.138281 0.232031 0.000114758
0 0.605078 0.0394531 0.152344 0.0789063 0.000118848
0 0.980859 0.394922 0.0382813 0.288281 0.000120456
0 0.610547 0.0300781 0.0960938 0.0601562 0.000130877
0 0.948047 0.177344 0.103906 0.296875 0.00013111
0 0.54375 0.200391 0.192188 0.305469 0.0001327
0 0.452734 0.0179687 0.177344 0.0359375 0.000133473
0 0.759375 0.471094 0.126563 0.270312 0.000136332
0 0.658984 0.318359 0.166406 0.178906 0.000139206
0 0.692969 0.751953 0.246875 0.283594 0.000139754
0 0.885547 0.0519531 0.172656 0.103906 0.000140016
0 0.421484 0.0449219 0.167969 0.0898438 0.000141654
0 0.450391 0.517969 0.241406 0.548437 0.00014697
0 0.701563 0.635938 0.153125 0.240625 0.000158547
0 0.374219 0.343359 0.2875 0.344531 0.000163434
0 0.945312 0.0574219 0.104687 0.114844 0.000166959
0 0.775 0.553516 0.120312 0.261719 0.000167542
0 0.332812 0.670313 0.292188 0.41875 0.000171632
0 0.285937 0.530469 0.134375 0.271875 0.000185483
0 0.387109 0.676953 0.166406 0.191406 0.000189924
0 0.730859 0.0507812 0.0914062 0.101562 0.000201689
0 0.524609 0.110937 0.186719 0.2125 0.000208268
0 0.966797 0.110547 0.0664062 0.175781 0.000217324
0 0.561328 0.0285156 0.191406 0.0570313 0.000217711
0 0.509766 0.0484375 0.216406 0.096875 0.000221862
0 0.407813 0.366797 0.126563 0.157031 0.000247082
0 0.696094 0.423438 0.16875 0.18125 0.000259362
0 0.7 0.364062 0.159375 0.185937 0.000264109
0 0.302344 0.655469 0.129688 0.182812 0.000268569
0 0.668359 0.653125 0.194531 0.335938 0.000310329
0 0.382422 0.332812 0.180469 0.2125 0.000338149
0 0.742578 0.691016 0.150781 0.196094 0.000341173
0 0.273828 0.613281 0.125781 0.34375 0.000352867
0 0.312891 0.385547 0.133594 0.174219 0.000387743
0 0.467187 0.0683594 0.198437 0.136719 0.000395164
0 0.7875 0.0523437 0.13125 0.104687 0.000422807
0 0.412109 0.4375 0.191406 0.367188 0.00043894
0 0.425391 0.689453 0.114844 0.158594 0.000452398
0 0.477734 0.0320312 0.205469 0.0625 0.000557939
0 0.66875 0.691016 0.142188 0.205469 0.000616404
0 0.3625 0.36875 0.0796875 0.0984375 0.000638977
0 0.804688 0.692187 0.14375 0.240625 0.000648267
0 0.783203 0.493359 0.178906 0.489844 0.00065897
0 0.740234 0.394141 0.139844 0.228906 0.000682466
0 0.407422 0.601562 0.185156 0.378125 0.000795391
0 0.321094 0.636719 0.20625 0.2875 0.00107667
0 0.289844 0.558594 0.204688 0.451562 0.00166963
0 0.764063 0.6375 0.145313 0.253125 0.00184425
0 0.708594 0.421094 0.20625 0.33125 0.00231249
0 0.330859 0.448047 0.196094 0.316406 0.00258198
0 0.348437 0.369922 0.139062 0.133594 0.00271212
0 0.758203 0.599609 0.208594 0.372656 0.00613441
0 0.362109 0.391406 0.192969 0.19375 0.00928513
0 0.730469 0.683203 0.240625 0.261719 0.0145372
0 0.717188 0.526172 0.25625 0.544531 0.510327
0 0.35625 0.519141 0.265625 0.488281 0.521428
