0 0.741016 0.656641 0.0851562 0.110156 0.000102548
0 0.720312 0.678125 0.0890625 0.110937 0.000104203
0 0.772656 0.659766 0.0625 0.111719 0.00010429
0 0.757031 0.532031 0.075 0.1125 0.000105494
0 0.692578 0.360156 0.175781 0.325 0.000108674
0 0.678125 0.254297 0.0671875 0.0757812 0.000108756
0 0.655469 0.289844 0.154687 0.221875 0.000109767
0 0.700391 0.511328 0.0835937 0.0898438 0.000109999
0 0.675781 0.408594 0.0890625 0.0953125 0.000111355
0 0.312109 0.310937 0.155469 0.2375 0.000113908
0 0.730859 0.358594 0.102344 0.160938 0.000117772
0 0.754687 0.300391 0.0453125 0.0695312 0.000126226
0 0.759766 0.637109 0.0726563 0.108594 0.000127888
0 0.208203 0.575 0.110156 0.242188 0.000136803
0 0.699609 0.420703 0.283594 0.464844 0.0001389
0 0.6375 0.69375 0.142188 0.165625 0.000145701
0 0.721094 0.569531 0.0890625 0.110937 0.000147442
0 0.637109 0.450391 0.113281 0.166406 0.000147558
0 0.74375 0.714453 0.0921875 0.113281 0.000160931
0 0.734766 0.348047 0.0601562 0.0867188 0.000161028
0 0.803125 0.630078 0.15 0.350781 0.000163818
0 0.757031 0.573828 0.075 0.114844 0.000172556
0 0.758203 0.472266 0.0664062 0.105469 0.000173022
0 0.26875 0.440625 0.125 0.204688 0.000191019
0 0.351953 0.407813 0.199219 0.370313 0.000195288
0 0.73125 0.739453 0.20625 0.191406 0.000198977
0 0.342969 0.574219 0.090625 0.103125 0.000209654
0 0.780469 0.526563 0.0953125 0.270312 0.000212209
0 0.383203 0.491406 0.155469 0.3 0.00022128
0 0.693359 0.280859 0.127344 0.172656 0.0002709
0 0.757812 0.679688 0.08125 0.1125 0.000299509
0 0.739844 0.550391 0.084375 0.110156 0.000308652
0 0.744141 0.471875 0.102344 0.1875 0.000315818
0 0.283984 0.553125 0.149219 0.192188 0.000318573
0 0.373047 0.251172 0.133594 0.150781 0.000334097
0 0.212109 0.635156 0.0898438 0.109375 0.000381665
0 0.6875 0.231641 0.1 0.100781 0.00044426
0 0.719922 0.526953 0.0835937 0.0945313 0.000448201
0 0.654297 0.450781 0.158594 0.24375 0.000457198
0 0.707031 0.723047 0.317187 0.269531 0.000469656
0 0.626562 0.525 0.142188 0.260938 0.000487708
0 0.659766 0.573828 0.155469 0.194531 0.000506155
0 0.326953 0.535156 0.149219 0.2125 0.000533506
0 0.302734 0.594141 0.150781 0.144531 0.000543512
0 0.273828 0.664453 0.258594 0.214844 0.000585423
0 0.719531 0.453906 0.160938 0.307813 0.000590851
0 0.759375 0.513281 0.0890625 0.195312 0.000630303
0 0.337109 0.638672 0.247656 0.191406 0.000673131
0 0.679297 0.511328 0.144531 0.225781 0.000773258
0 0.677734 0.636719 0.146094 0.21875 0.000845688
0 0.385156 0.60625 0.125 0.160938 0.000850316
0 0.243359 0.553125 0.139844 0.242188 0.000865249
0 0.628906 0.605469 0.16875 0.28125 0.000880329
0 0.757031 0.59375 0.0953125 0.192188 0.000990902
0 0.771484 0.715234 0.111719 0.166406 0.00109478
0 0.771094 0.658203 0.090625 0.244531 0.00130053
0 0.313672 0.5 0.246094 0.3125 0.00209465
0 0.207031 0.64375 0.114063 0.173438 0.00254499
0 0.35625 0.576563 0.1625 0.173438 0.00306704
0 0.667578 0.678125 0.219531 0.220313 0.00469455
0 0.721094 0.532422 0.1375 0.227344 0.00583828
0 0.244141 0.607813 0.183594 0.209375 0.00598506
0 0.752344 0.567578 0.11875 0.313281 0.00943966
0 0.741406 0.6875 0.159375 0.220313 0.0193324
0 0.696094 0.529297 0.20625 0.317969 0.0199712
0 0.301172 0.585156 0.263281 0.20625 0.0594859
0 0.705469 0.625391 0.209375 0.313281 0.102432
