0 0.4375 0.188672 0.420312 0.377344 0.000102478
0 0.225 0.754297 0.046875 0.0742188 0.000104274
0 0.960938 0.485547 0.078125 0.719531 0.000105164
0 0.0269531 0.48125 0.0523437 0.421875 0.000105838
0 0.932422 0.0472656 0.133594 0.0929687 0.000106912
0 0.730469 0.0582031 0.404687 0.116406 0.000107456
0 0.0796875 0.0332031 0.159375 0.0664062 0.000109348
0 0.762891 0.794531 0.0992187 0.13125 0.000118299
0 0.973047 0.803906 0.0539063 0.392188 0.000119601
0 0.0335938 0.775391 0.0671875 0.449219 0.000123987
0 0.136328 0.432031 0.260156 0.846875 0.000126247
0 0.977734 0.484375 0.0445312 0.525 0.000130384
0 0.477344 0.524609 0.421875 0.814844 0.000133638
0 0.248828 0.548828 0.221094 0.560156 0.000135195
0 0.735937 0.758594 0.323438 0.348437 0.000136503
0 0.260938 0.754297 0.0625 0.0710938 0.000147299
0 0.417578 0.688672 0.171094 0.203906 0.000147976
0 0.840234 0.718359 0.125781 0.194531 0.000152924
0 0.389453 0.0601562 0.422656 0.120312 0.000153158
0 0.846875 0.567969 0.185937 0.453125 0.000153435
0 0.206641 0.135937 0.413281 0.271875 0.000156068
0 0.0542969 0.8625 0.102344 0.275 0.000156712
0 0.238672 0.752734 0.0742188 0.0929687 0.000175282
0 0.762891 0.613672 0.122656 0.214844 0.000181147
0 0.363672 0.119141 0.436719 0.238281 0.000186344
0 0.850391 0.03125 0.299219 0.0625 0.000196439
0 0.0570313 0.633594 0.110937 0.732813 0.00019885
0 0.323047 0.573438 0.288281 0.473437 0.000203525
0 0.160938 0.0761719 0.321875 0.146094 0.000206005
0 0.310937 0.491016 0.192188 0.486719 0.00020617
0 0.816797 0.702344 0.283594 0.409375 0.000215654
0 0.325781 0.615234 0.135937 0.221094 0.000219642
0 0.949609 0.714453 0.100781 0.571094 0.00022002
0 0.177344 0.0207031 0.254687 0.0382813 0.000224308
0 0.0335938 0.401563 0.065625 0.684375 0.000245335
0 0.844922 0.757422 0.183594 0.260156 0.000257336
0 0.244531 0.731641 0.096875 0.147656 0.000262389
0 0.1125 0.0523437 0.225 0.104687 0.000277105
0 0.759766 0.79375 0.0710938 0.0796875 0.000330163
0 0.776953 0.575781 0.183594 0.36875 0.000336105
0 0.970312 0.651953 0.059375 0.583594 0.000345647
0 0.702344 0.696484 0.148438 0.189844 0.000347815
0 0.305078 0.0371094 0.341406 0.0726563 0.000360682
0 0.282422 0.571094 0.163281 0.335938 0.000387899
0 0.273828 0.0851562 0.430469 0.170312 0.000390964
0 0.346484 0.676953 0.139844 0.172656 0.000398621
0 0.780469 0.714844 0.134375 0.164062 0.000423469
0 0.059375 0.398438 0.11875 0.764063 0.00043153
0 0.219531 0.03125 0.276563 0.059375 0.000567974
0 0.348828 0.707422 0.207031 0.188281 0.000576324
0 0.805859 0.749219 0.174219 0.1875 0.00065616
0 0.769141 0.757031 0.125781 0.151562 0.000686835
0 0.736328 0.728906 0.144531 0.192188 0.000697745
0 0.268359 0.692578 0.132031 0.208594 0.000755018
0 0.352344 0.588672 0.195312 0.324219 0.000879635
0 0.378906 0.651953 0.179688 0.242969 0.000903833
0 0.813281 0.64375 0.179688 0.3125 0.00096806
0 0.737891 0.659375 0.178906 0.251563 0.00143226
0 0.226562 0.0515625 0.389062 0.103125 0.00145321
0 0.317187 0.652344 0.207813 0.25625 0.00342527
0 0.777734 0.7 0.205469 0.23125 0.00562791
