0 0.212891 0.0621094 0.407031 0.124219 0.000108411
0 0.739453 0.674219 0.0882813 0.0953125 0.000113256
0 0.735547 0.235547 0.0773437 0.0898438 0.000116727
0 0.388281 0.716016 0.117188 0.174219 0.000124342
0 0.199219 0.308203 0.126563 0.174219 0.000125998
0 0.25625 0.658203 0.126563 0.119531 0.000126761
0 0.338281 0.302734 0.145313 0.210156 0.00012734
0 0.186328 0.489844 0.103906 0.15625 0.00012805
0 0.218359 0.65625 0.0882813 0.101562 0.000134947
0 0.65 0.764063 0.15625 0.221875 0.000138516
0 0.765625 0.4875 0.114063 0.210938 0.000143819
0 0.366797 0.356641 0.0898438 0.113281 0.000145654
0 0.229297 0.675 0.299219 0.342187 0.000147941
0 0.230078 0.710156 0.203906 0.203125 0.000150838
0 0.766016 0.342578 0.0726563 0.113281 0.000151621
0 0.233984 0.530078 0.130469 0.172656 0.000157659
0 0.342187 0.187109 0.13125 0.133594 0.000160966
0 0.733594 0.497656 0.173438 0.382812 0.000205256
0 0.717969 0.745313 0.196875 0.246875 0.000219057
0 0.171484 0.642187 0.135156 0.226562 0.000229289
0 0.292188 0.323438 0.090625 0.1125 0.000237756
0 0.238281 0.258594 0.325 0.360938 0.000245881
0 0.721875 0.694141 0.129688 0.157031 0.000247531
0 0.304297 0.609375 0.155469 0.198437 0.00028904
0 0.304688 0.680078 0.164062 0.185156 0.000301926
0 0.221094 0.424609 0.123438 0.217969 0.000344561
0 0.318359 0.445312 0.191406 0.390625 0.000352657
0 0.176563 0.523438 0.13125 0.375 0.000356588
0 0.788672 0.613672 0.133594 0.238281 0.000362227
0 0.335156 0.641406 0.129688 0.214062 0.000383216
0 0.672656 0.691797 0.164062 0.252344 0.00042254
0 0.274609 0.354297 0.0882813 0.103906 0.000481798
0 0.728906 0.630469 0.265625 0.314063 0.000498693
0 0.229687 0.305469 0.0875 0.114063 0.00052562
0 0.75625 0.671875 0.148438 0.153125 0.000577951
0 0.699219 0.575 0.145313 0.2 0.000602372
0 0.330469 0.242969 0.179688 0.253125 0.0006209
0 0.253125 0.566016 0.20625 0.269531 0.000638774
0 0.244531 0.353125 0.0890625 0.10625 0.000639809
0 0.216406 0.65625 0.135937 0.139062 0.000691141
0 0.196094 0.551953 0.11875 0.233594 0.000811339
0 0.258984 0.647656 0.191406 0.167187 0.00091537
0 0.757812 0.573828 0.160938 0.277344 0.00105327
0 0.214062 0.489844 0.114063 0.115625 0.0011119
0 0.230469 0.288672 0.11875 0.178906 0.00112478
0 0.264453 0.512891 0.241406 0.480469 0.00247929
0 0.280078 0.340234 0.288281 0.314844 0.00296154
0 0.221875 0.346094 0.139062 0.195312 0.00302464
0 0.205469 0.480469 0.121875 0.24375 0.00363822
0 0.30625 0.346875 0.196875 0.164062 0.00472702
0 0.210156 0.604688 0.165625 0.257812 0.00488535
0 0.255859 0.324219 0.0929687 0.110937 0.00705436
0 0.730469 0.629687 0.182812 0.225 0.00766652
0 0.258594 0.374219 0.164062 0.223438 0.0114666
0 0.285547 0.278516 0.189844 0.250781 0.0136389
0 0.227734 0.434375 0.169531 0.371875 0.0154577
0 0.258203 0.321484 0.141406 0.161719 0.17675
