0 0.761328 0.794531 0.136719 0.154687 0.000103408
0 0.599609 0.338672 0.132031 0.177344 0.000103829
0 0.778906 0.569531 0.139062 0.409375 0.000104099
0 0.644141 0.65625 0.102344 0.217187 0.000104124
0 0.349609 0.725391 0.211719 0.233594 0.000114599
0 0.385547 0.361328 0.127344 0.185156 0.000135706
0 0.660156 0.762891 0.329688 0.330469 0.000142054
0 0.628906 0.562109 0.173438 0.458594 0.000144864
0 0.385938 0.307031 0.117188 0.159375 0.000145194
0 0.739844 0.407422 0.0890625 0.161719 0.000147708
0 0.680859 0.65625 0.132031 0.257812 0.000150499
0 0.739453 0.5125 0.110156 0.259375 0.000150697
0 0.374219 0.554688 0.282813 0.670313 0.000157766
0 0.762109 0.754687 0.311719 0.329688 0.000180349
0 0.26875 0.467578 0.103125 0.264844 0.000195857
0 0.657422 0.764453 0.200781 0.213281 0.000228707
0 0.754687 0.656641 0.123438 0.297656 0.000229582
0 0.729297 0.397266 0.144531 0.221094 0.000253965
0 0.510156 0.0289063 0.246875 0.0578125 0.000260878
0 0.632422 0.559375 0.283594 0.682813 0.000321755
0 0.302734 0.361719 0.133594 0.204688 0.000346881
0 0.219141 0.521484 0.214844 0.563281 0.000382044
0 0.299219 0.550391 0.134375 0.258594 0.000440131
0 0.692187 0.440625 0.210938 0.367188 0.000451956
0 0.245312 0.678125 0.135937 0.246875 0.000483413
0 0.589063 0.274609 0.084375 0.0882813 0.000532005
0 0.283594 0.408984 0.107813 0.217969 0.000574016
0 0.35625 0.302344 0.128125 0.117188 0.000604813
0 0.717578 0.614844 0.147656 0.276563 0.000705099
0 0.280859 0.612891 0.138281 0.247656 0.00078237
0 0.730859 0.760156 0.158594 0.176563 0.000934995
0 0.598828 0.286719 0.119531 0.126563 0.000971598
0 0.635156 0.310547 0.185937 0.163281 0.00103135
0 0.689062 0.356641 0.175 0.221094 0.00128315
0 0.741797 0.494141 0.149219 0.399219 0.00133975
0 0.780859 0.604688 0.188281 0.604688 0.00136029
0 0.354688 0.331641 0.160938 0.188281 0.00177146
0 0.667578 0.678906 0.235156 0.340625 0.00223055
0 0.341016 0.389062 0.199219 0.289062 0.00274459
0 0.255469 0.563281 0.1375 0.423438 0.00317457
0 0.292578 0.65625 0.208594 0.315625 0.00393949
0 0.723437 0.711719 0.192188 0.298438 0.00421357
0 0.28125 0.449609 0.148438 0.369531 0.00631529
0 0.710156 0.588672 0.210938 0.530469 0.399552
0 0.304688 0.521875 0.214062 0.542188 0.557021
