0 0.639063 0.387891 0.08125 0.102344 0.000107868
0 0.845312 0.96875 0.110937 0.0625 0.000112378
0 0.280859 0.320703 0.0882813 0.117969 0.000113602
0 0.362109 0.236719 0.0960938 0.171875 0.000113958
0 0.655469 0.174609 0.0546875 0.0898438 0.000115508
0 0.705078 0.265625 0.0664062 0.110937 0.000119916
0 0.416797 0.506641 0.150781 0.175781 0.000123303
0 0.615234 0.175 0.127344 0.135937 0.000124304
0 0.737109 0.357031 0.141406 0.315625 0.00012478
0 0.61875 0.263281 0.146875 0.25 0.000130726
0 0.714844 0.3875 0.0703125 0.110937 0.000131285
0 0.730859 0.601562 0.241406 0.340625 0.000131649
0 0.65 0.139062 0.214062 0.225 0.000131663
0 0.473437 0.185547 0.36875 0.363281 0.000136248
0 0.364453 0.496875 0.321094 0.423438 0.000139149
0 0.623047 0.429297 0.0804688 0.102344 0.0001412
0 0.717188 0.485156 0.14375 0.121875 0.00014231
0 0.729297 0.0398437 0.347656 0.0796875 0.000147919
0 0.689844 0.219141 0.0609375 0.110156 0.000148645
0 0.577734 0.346094 0.0710938 0.1625 0.000148955
0 0.618359 0.485156 0.107031 0.13125 0.000162243
0 0.703906 0.518359 0.31875 0.433594 0.000163438
0 0.283984 0.262109 0.105469 0.169531 0.000166532
0 0.735156 0.462109 0.059375 0.0570313 0.000168215
0 0.764063 0.146094 0.3875 0.292188 0.000170309
0 0.361328 0.303906 0.121094 0.16875 0.000194321
0 0.653516 0.176563 0.0835937 0.121875 0.000195943
0 0.332422 0.528516 0.0695312 0.0867188 0.000197662
0 0.357422 0.510938 0.127344 0.1625 0.00020085
0 0.634375 0.466797 0.08125 0.0914062 0.000209441
0 0.667188 0.282813 0.084375 0.1 0.000210224
0 0.315625 0.257031 0.292188 0.365625 0.000210711
0 0.696484 0.361328 0.0773437 0.107031 0.000211839
0 0.748047 0.535156 0.180469 0.214062 0.000213662
0 0.321875 0.424609 0.1125 0.222656 0.000217319
0 0.675781 0.3875 0.084375 0.10625 0.000235353
0 0.732422 0.446484 0.0757812 0.0804688 0.000240319
0 0.619531 0.198828 0.189063 0.202344 0.000255707
0 0.696875 0.407813 0.084375 0.110937 0.000256761
0 0.294141 0.558984 0.0835937 0.113281 0.000257076
0 0.725781 0.439453 0.160938 0.238281 0.00025947
0 0.696094 0.461719 0.128125 0.0984375 0.000266777
0 0.382812 0.382422 0.135937 0.288281 0.000272347
0 0.680469 0.342187 0.08125 0.103125 0.00027904
0 0.287891 0.376563 0.122656 0.214062 0.000370863
0 0.713672 0.427734 0.0789063 0.0929687 0.000393512
0 0.317969 0.542969 0.0703125 0.084375 0.000394169
0 0.701563 0.0695312 0.43125 0.1375 0.000407807
0 0.655469 0.444531 0.0859375 0.0953125 0.000464111
0 0.611719 0.436328 0.126563 0.172656 0.00050919
0 0.596875 0.226562 0.264062 0.33125 0.000516096
0 0.584375 0.353906 0.117188 0.210938 0.000532724
0 0.260938 0.437109 0.303125 0.522656 0.000547378
0 0.640625 0.326172 0.146875 0.260156 0.000571758
0 0.696484 0.490625 0.200781 0.178125 0.000615439
0 0.655859 0.407031 0.0804688 0.101562 0.000625083
0 0.585156 0.311719 0.184375 0.364062 0.000628718
0 0.637109 0.136328 0.400781 0.263281 0.000694107
0 0.677344 0.219531 0.0921875 0.154687 0.000716181
0 0.269141 0.317187 0.110156 0.190625 0.000722647
0 0.676953 0.428125 0.0898438 0.101562 0.000746158
0 0.382031 0.470703 0.229687 0.292969 0.000771143
0 0.708203 0.322656 0.0851562 0.173438 0.000842691
0 0.674219 0.242969 0.360938 0.445312 0.000894645
0 0.693359 0.31875 0.0757812 0.103125 0.00104696
0 0.678125 0.202344 0.178125 0.2125 0.00105883
0 0.410937 0.355859 0.246875 0.517969 0.00107593
0 0.341406 0.363672 0.151562 0.253906 0.0010877
0 0.678906 0.407422 0.285937 0.332031 0.00124466
0 0.7125 0.405469 0.10625 0.175 0.00173774
0 0.339063 0.282031 0.185937 0.270312 0.00179892
0 0.651172 0.457031 0.133594 0.13125 0.00191507
0 0.316016 0.531641 0.100781 0.119531 0.00201386
0 0.315625 0.475781 0.176563 0.304688 0.0022435
0 0.273438 0.426172 0.16875 0.432031 0.00243707
0 0.641016 0.409375 0.139844 0.190625 0.00408952
0 0.676562 0.425391 0.135937 0.144531 0.00452319
0 0.293359 0.320312 0.167969 0.271875 0.00541843
0 0.692187 0.345703 0.107813 0.260156 0.0068718
0 0.692578 0.28125 0.0898438 0.1625 0.00805545
0 0.677734 0.278125 0.125781 0.235938 0.0190513
0 0.675391 0.385156 0.172656 0.259375 0.0426867
0 0.644531 0.309766 0.207813 0.399219 0.19137
0 0.326172 0.377344 0.222656 0.457812 0.387436
