0 0.0175781 0.845703 0.0179687 0.0851562 0.000100989
0 0.687109 0.229297 0.186719 0.200781 0.000104072
0 0.388281 0.531641 0.071875 0.0976562 0.000113724
0 0.292969 0.492188 0.0890625 0.103125 0.000116211
0 0.260938 0.471875 0.0890625 0.107813 0.0001173
0 0.3875 0.516797 0.103125 0.166406 0.000118309
0 0.214453 0.60625 0.0867188 0.15 0.000118623
0 0.248047 0.410156 0.263281 0.489062 0.00012615
0 0.0296875 0.56875 0.059375 0.515625 0.000135947
0 0.378125 0.491797 0.173438 0.250781 0.0001373
0 0.0179687 0.656641 0.0359375 0.191406 0.000142242
0 0.793359 0.322656 0.152344 0.220313 0.000144793
0 0.688281 0.538672 0.134375 0.297656 0.000146267
0 0.770703 0.507812 0.127344 0.225 0.000150071
0 0.296875 0.325 0.075 0.104687 0.000150719
0 0.804297 0.473047 0.0898438 0.116406 0.000169758
0 0.805078 0.647266 0.127344 0.164844 0.000178645
0 0.774219 0.5875 0.289062 0.389062 0.000182252
0 0.279687 0.357812 0.0796875 0.090625 0.000184901
0 0.698047 0.554297 0.107031 0.163281 0.00019048
0 0.260547 0.358203 0.0914062 0.142969 0.000190649
0 0.264844 0.412891 0.0984375 0.208594 0.00019086
0 0.320312 0.563672 0.146875 0.144531 0.000195316
0 0.976953 0.521875 0.0460938 0.38125 0.000195609
0 0.295703 0.551172 0.0867188 0.110156 0.000199777
0 0.703125 0.524219 0.223438 0.407813 0.000207329
0 0.970703 0.520703 0.0585938 0.628906 0.000252605
0 0.0144531 0.803906 0.0195312 0.096875 0.000276803
0 0.291406 0.333203 0.126563 0.238281 0.000287924
0 0.297656 0.290625 0.084375 0.115625 0.00031177
0 0.833203 0.554297 0.142969 0.417969 0.000334559
0 0.315625 0.495313 0.145313 0.223438 0.000340059
0 0.219922 0.523438 0.142969 0.315625 0.000349585
0 0.758594 0.283594 0.0859375 0.103125 0.000357455
0 0.0175781 0.785937 0.0335938 0.123438 0.000362952
0 0.249609 0.474219 0.114844 0.214062 0.000373774
0 0.0164062 0.719141 0.03125 0.152344 0.000376314
0 0.264062 0.55 0.09375 0.115625 0.000432469
0 0.78125 0.404297 0.139062 0.224219 0.00043377
0 0.383203 0.554297 0.135156 0.153906 0.000497595
0 0.803125 0.548047 0.121875 0.278906 0.0005334
0 0.0210938 0.650391 0.0421875 0.349219 0.000659487
0 0.282813 0.326562 0.0984375 0.151562 0.000893765
0 0.0144531 0.762109 0.0242187 0.110156 0.000902093
0 0.725 0.602734 0.159375 0.174219 0.00137109
0 0.276172 0.516406 0.0898438 0.115625 0.00137946
0 0.244922 0.579297 0.155469 0.222656 0.0017274
0 0.774219 0.594531 0.171875 0.228125 0.00182912
0 0.332031 0.436328 0.2375 0.408594 0.0018931
0 0.3375 0.532812 0.23125 0.192188 0.00235161
0 0.802734 0.467578 0.116406 0.202344 0.00248171
0 0.717188 0.311719 0.217187 0.290625 0.00284495
0 0.294531 0.544141 0.276563 0.289844 0.00553797
0 0.758594 0.291016 0.148438 0.224219 0.00674217
0 0.803125 0.471094 0.148438 0.476562 0.0137495
0 0.746484 0.427344 0.267969 0.509375 0.0138723
0 0.270312 0.447656 0.132812 0.323438 0.0266381
0 0.273047 0.536719 0.163281 0.214062 0.134577
0 0.767969 0.371484 0.175 0.375781 0.309704
