0 0.344141 0.568359 0.0914062 0.103906 0.000101106
0 0.784375 0.0734375 0.203125 0.146875 0.000104567
0 0.439063 0.2125 0.19375 0.251563 0.000105025
0 0.296875 0.668359 0.301562 0.339844 0.000105897
0 0.782422 0.0183594 0.172656 0.0367187 0.000114548
0 0.238281 0.591016 0.090625 0.114844 0.000124186
0 0.801562 0.648828 0.13125 0.133594 0.000124304
0 0.439063 0.135156 0.396875 0.26875 0.000124858
0 0.319922 0.0210938 0.221094 0.0390625 0.000136214
0 0.438281 0.241016 0.11875 0.142969 0.000157463
0 0.199609 0.03125 0.253906 0.059375 0.000169845
0 0.83125 0.637109 0.132812 0.180469 0.00017557
0 0.551172 0.0207031 0.180469 0.0398437 0.000183669
0 0.482031 0.0363281 0.25625 0.0679687 0.000185122
0 0.927344 0.090625 0.140625 0.18125 0.000197135
0 0.403516 0.588672 0.103906 0.0960938 0.000211436
0 0.706641 0.0539063 0.358594 0.10625 0.000215714
0 0.287109 0.135156 0.438281 0.265625 0.000218551
0 0.855859 0.0921875 0.288281 0.184375 0.000220308
0 0.421484 0.281641 0.116406 0.133594 0.000225783
0 0.733594 0.642187 0.18125 0.171875 0.000244445
0 0.154297 0.0546875 0.308594 0.107813 0.000245147
0 0.864453 0.0191406 0.228906 0.0367187 0.0002547
0 0.775781 0.602344 0.289062 0.275 0.000259043
0 0.214062 0.0800781 0.371875 0.155469 0.000269935
0 0.518359 0.0828125 0.308594 0.1625 0.000281599
0 0.780469 0.519922 0.1625 0.260156 0.000291587
0 0.560938 0.0523437 0.304688 0.104687 0.000299738
0 0.763281 0.633203 0.129688 0.125781 0.000300371
0 0.824219 0.0320312 0.228125 0.0640625 0.000334005
0 0.570703 0.0351562 0.219531 0.065625 0.000366728
0 0.903125 0.0304688 0.189063 0.0578125 0.00039692
0 0.262891 0.535547 0.133594 0.228906 0.000403073
0 0.309766 0.034375 0.299219 0.0671875 0.000467918
0 0.811719 0.566406 0.146875 0.246875 0.000512144
0 0.368359 0.0898438 0.386719 0.179688 0.000550432
0 0.705469 0.608594 0.148438 0.15625 0.000568868
0 0.446875 0.0558594 0.348437 0.111719 0.000586747
0 0.739844 0.576953 0.170312 0.202344 0.000833385
0 0.307031 0.571484 0.282813 0.267969 0.000859355
0 0.288672 0.0554687 0.372656 0.110937 0.00105355
0 0.869531 0.0519531 0.260938 0.102344 0.00106569
0 0.377344 0.568359 0.135937 0.127344 0.00143584
0 0.342187 0.539844 0.195312 0.18125 0.00145296
0 0.244531 0.594141 0.145313 0.189844 0.00175635
0 0.776563 0.609766 0.184375 0.185156 0.00319123
0 0.299219 0.575 0.221875 0.160938 0.0110011
