0 0.551172 0.0527344 0.236719 0.102344 0.000104682
0 0.624219 0.938281 0.385938 0.123438 0.000106468
0 0.798437 0.429688 0.0734375 0.1125 0.000106931
0 0.300391 0.508984 0.130469 0.130469 0.000109723
0 0.156641 0.0601562 0.313281 0.120312 0.000113299
0 0.769922 0.317578 0.161719 0.239844 0.000113375
0 0.311328 0.284375 0.117969 0.14375 0.000114628
0 0.0460938 0.34375 0.0890625 0.178125 0.000120116
0 0.444141 0.217969 0.0882813 0.0921875 0.000121458
0 0.713281 0.598828 0.0703125 0.0695312 0.000125851
0 0.888281 0.0375 0.21875 0.071875 0.000126694
0 0.745313 0.736719 0.142188 0.135937 0.000127285
0 0.326172 0.348828 0.105469 0.167969 0.000134389
0 0.935156 0.100781 0.129688 0.196875 0.000134669
0 0.700391 0.213672 0.314844 0.271094 0.000141335
0 0.228516 0.146875 0.457031 0.29375 0.000143393
0 0.690625 0.457422 0.15625 0.161719 0.00014427
0 0.463281 0.191797 0.215625 0.183594 0.000150442
0 0.376563 0.218359 0.41875 0.313281 0.000151433
0 0.811328 0.428906 0.0867188 0.220313 0.000152109
0 0.286328 0.0644531 0.502344 0.122656 0.000152883
0 0.977344 0.440234 0.0453125 0.413281 0.000163097
0 0.25 0.469922 0.09375 0.172656 0.000169371
0 0.408984 0.199219 0.164844 0.117188 0.000176839
0 0.637891 0.0632813 0.421094 0.11875 0.000176961
0 0.461328 0.8125 0.430469 0.359375 0.000180441
0 0.7375 0.548047 0.179688 0.124219 0.000181539
0 0.386719 0.846484 0.0875 0.102344 0.000183938
0 0.764063 0.512109 0.128125 0.132031 0.000185427
0 0.741797 0.796094 0.136719 0.203125 0.000186533
0 0.657812 0.217578 0.164062 0.128906 0.000189401
0 0.801172 0.473047 0.0757812 0.114844 0.000195954
0 0.454688 0.258203 0.103125 0.149219 0.0002014
0 0.355859 0.964453 0.160156 0.0695312 0.000211571
0 0.541016 0.881641 0.452344 0.230469 0.000216495
0 0.710156 0.266406 0.2 0.203125 0.000222379
0 0.314063 0.323828 0.09375 0.102344 0.00022747
0 0.449219 0.0664062 0.434375 0.129688 0.000227993
0 0.420312 0.8875 0.129688 0.0890625 0.000238551
0 0.773438 0.641797 0.209375 0.342969 0.000247111
0 0.230078 0.552734 0.0867188 0.141406 0.000249196
0 0.88125 0.128906 0.2375 0.257812 0.000249879
0 0.783984 0.0625 0.432031 0.11875 0.000262604
0 0.26875 0.363281 0.0765625 0.145313 0.000265099
0 0.747656 0.398828 0.18125 0.292969 0.000269285
0 0.379297 0.480859 0.133594 0.127344 0.000269585
0 0.542969 0.610156 0.514063 0.779688 0.000272566
0 0.529297 0.123828 0.417969 0.241406 0.000276462
0 0.709375 0.639063 0.3125 0.514063 0.000279846
0 0.425781 0.921484 0.225 0.153906 0.000282073
0 0.801562 0.540625 0.084375 0.0796875 0.000313986
0 0.288672 0.327344 0.0679687 0.0859375 0.000325064
0 0.701953 0.112109 0.457031 0.224219 0.000342984
0 0.805078 0.794922 0.177344 0.271094 0.000348119
0 0.368359 0.864844 0.133594 0.182812 0.000355704
0 0.884766 0.0664062 0.230469 0.132812 0.000387675
0 0.657812 0.810156 0.351562 0.35625 0.000413125
0 0.400781 0.226953 0.240625 0.196094 0.000432826
0 0.372656 0.128516 0.492188 0.249219 0.000510942
0 0.683203 0.509766 0.153906 0.146094 0.000552133
0 0.316797 0.395312 0.146094 0.21875 0.000583447
0 0.40625 0.866797 0.08125 0.0476562 0.000600647
0 0.359766 0.925781 0.144531 0.14375 0.00062391
0 0.332812 0.46875 0.192188 0.178125 0.000720662
0 0.783984 0.407813 0.103906 0.21875 0.000812307
0 0.262891 0.509766 0.130469 0.166406 0.000874028
0 0.804297 0.508203 0.0914062 0.133594 0.000949995
0 0.428516 0.231641 0.144531 0.149219 0.000952576
0 0.737109 0.480078 0.192969 0.174219 0.000981717
0 0.275 0.386328 0.107813 0.208594 0.00125772
0 0.403906 0.867188 0.109375 0.084375 0.00139659
0 0.396875 0.897266 0.151562 0.141406 0.00139937
0 0.29375 0.349219 0.096875 0.125 0.00162758
0 0.788672 0.467578 0.119531 0.196094 0.00168146
0 0.766016 0.750781 0.200781 0.19375 0.00181145
0 0.281641 0.447266 0.146094 0.225781 0.0025
0 0.733594 0.800781 0.25625 0.279687 0.00311814
