0 0.683984 0.472266 0.124219 0.225781 0.000100735
0 0.34375 0.0785156 0.0671875 0.0539063 0.0001011
0 0.255078 0.371484 0.167969 0.225781 0.000104029
0 0.719922 0.192188 0.0382813 0.0625 0.000105846
0 0.616797 0.489453 0.172656 0.349219 0.000107286
0 0.744531 0.147656 0.046875 0.0859375 0.000107518
0 0.687109 0.119922 0.0867188 0.0835937 0.000107784
0 0.725 0.115625 0.0546875 0.0515625 0.00010906
0 0.774219 0.667969 0.204688 0.403125 0.000109282
0 0.720312 0.538281 0.0828125 0.115625 0.000109507
0 0.291797 0.16875 0.0445312 0.053125 0.00011359
0 0.436328 0.432813 0.344531 0.6625 0.000115328
0 0.369922 0.551953 0.124219 0.171094 0.000119325
0 0.355859 0.427734 0.158594 0.200781 0.0001207
0 0.314453 0.126953 0.0570313 0.0585938 0.000121421
0 0.738672 0.129688 0.0429688 0.0640625 0.000122272
0 0.754297 0.196094 0.0382813 0.0625 0.000130845
0 0.716797 0.647266 0.111719 0.144531 0.000133699
0 0.241797 0.529297 0.135156 0.249219 0.000134003
0 0.969531 0.394531 0.0609375 0.370313 0.000134036
0 0.945312 0.396875 0.109375 0.451562 0.000138016
0 0.662109 0.646094 0.289844 0.346875 0.000147552
0 0.269141 0.152344 0.0726563 0.0953125 0.000151991
0 0.601172 0.610547 0.117969 0.158594 0.000153775
0 0.744922 0.386719 0.0507812 0.0984375 0.000170708
0 0.747266 0.533203 0.100781 0.258594 0.000172618
0 0.250391 0.173828 0.0382813 0.0429688 0.000173486
0 0.303125 0.546484 0.210938 0.200781 0.000188169
0 0.890234 0.608984 0.207031 0.780469 0.00018931
0 0.330469 0.0925781 0.06875 0.0710938 0.000191915
0 0.735547 0.421484 0.0695312 0.116406 0.000201149
0 0.721484 0.469922 0.0914062 0.200781 0.000223437
0 0.591406 0.623828 0.354688 0.583594 0.000234354
0 0.298438 0.125781 0.0609375 0.0765625 0.000238498
0 0.455469 0.593359 0.517187 0.813281 0.000257876
0 0.291797 0.153125 0.0507812 0.04375 0.000257891
0 0.725781 0.341797 0.08125 0.113281 0.000262
0 0.283203 0.441406 0.0898438 0.0984375 0.000263173
0 0.314063 0.346484 0.30625 0.411719 0.000276082
0 0.285937 0.137109 0.0484375 0.0492188 0.00027633
0 0.682031 0.574609 0.0890625 0.107031 0.000285464
0 0.70625 0.425781 0.103125 0.195312 0.000342273
0 0.731641 0.610937 0.0789063 0.11875 0.000346163
0 0.683594 0.393359 0.15625 0.228906 0.000358913
0 0.752734 0.6 0.322656 0.39375 0.000393597
0 0.319531 0.108984 0.078125 0.0757812 0.000403307
0 0.700391 0.608984 0.0882813 0.114844 0.000413734
0 0.680859 0.496484 0.278906 0.414844 0.000458215
0 0.741016 0.430469 0.0835937 0.203125 0.000523686
0 0.365625 0.439453 0.198437 0.325781 0.000551263
0 0.709375 0.367578 0.084375 0.107031 0.000758981
0 0.341797 0.510156 0.157031 0.2 0.000974638
0 0.332812 0.375781 0.209375 0.275 0.000978717
0 0.264062 0.164844 0.05 0.0546875 0.00139334
0 0.717188 0.535156 0.096875 0.207813 0.00153174
0 0.301953 0.425 0.0914062 0.0953125 0.00176898
0 0.623438 0.577344 0.175 0.2 0.00186346
0 0.269922 0.446094 0.171094 0.196875 0.00210759
0 0.719922 0.575781 0.0867188 0.1125 0.00224023
0 0.664844 0.535156 0.195312 0.284375 0.00285938
0 0.253906 0.508203 0.210938 0.321094 0.00296655
0 0.725391 0.391016 0.0851562 0.139844 0.00470435
0 0.657031 0.616406 0.21875 0.190625 0.00513587
0 0.736719 0.602734 0.101562 0.191406 0.00529615
0 0.710938 0.497266 0.128125 0.328906 0.0150847
0 0.302734 0.404297 0.177344 0.171094 0.032152
0 0.700391 0.588672 0.152344 0.196094 0.093404
0 0.301172 0.461719 0.211719 0.298438 0.32967
