0 0.213672 0.385156 0.0851562 0.096875 0.000110171
0 0.232422 0.678906 0.233594 0.279687 0.000118351
0 0.527344 0.457031 0.148438 0.228125 0.00012167
0 0.317187 0.595703 0.196875 0.250781 0.000125802
0 0.7 0.555859 0.148438 0.269531 0.000131056
0 0.636328 0.486328 0.0867188 0.108594 0.000133635
0 0.984375 0.891797 0.03125 0.216406 0.000137786
0 0.623828 0.646875 0.211719 0.195312 0.000138712
0 0.150391 0.675391 0.208594 0.328906 0.000147721
0 0.697266 0.441406 0.180469 0.5 0.000152958
0 0.296875 0.525391 0.0875 0.103906 0.000160571
0 0.649609 0.280469 0.0710938 0.117188 0.000163982
0 0.194531 0.364844 0.084375 0.117188 0.000169516
0 0.321484 0.445312 0.105469 0.210938 0.000181074
0 0.209375 0.264453 0.0984375 0.117969 0.000185886
0 0.548047 0.441797 0.202344 0.358594 0.000188093
0 0.671484 0.573047 0.114844 0.174219 0.00019307
0 0.180469 0.322266 0.0703125 0.114844 0.000193948
0 0.134375 0.563281 0.15 0.365625 0.000197059
0 0.278125 0.591406 0.185937 0.165625 0.000203556
0 0.260547 0.491406 0.0898438 0.109375 0.000204355
0 0.167969 0.361719 0.1 0.209375 0.000214264
0 0.319531 0.515625 0.104687 0.145313 0.000219781
0 0.6375 0.447656 0.0875 0.110937 0.000219955
0 0.558984 0.548828 0.136719 0.192969 0.00022097
0 0.639844 0.389844 0.0875 0.103125 0.000236403
0 0.624219 0.195703 0.104687 0.158594 0.000242203
0 0.655469 0.468359 0.0828125 0.116406 0.00026005
0 0.654297 0.6125 0.146094 0.140625 0.000269454
0 0.183594 0.450781 0.10625 0.214062 0.000274013
0 0.638672 0.219922 0.0679687 0.110156 0.000290534
0 0.653516 0.426562 0.0804688 0.1125 0.000315173
0 0.618359 0.346094 0.125781 0.204688 0.00033447
0 0.211719 0.285156 0.157813 0.3375 0.000407957
0 0.579297 0.224609 0.202344 0.247656 0.000409135
0 0.601172 0.592578 0.292969 0.385156 0.000418984
0 0.235156 0.387891 0.139062 0.249219 0.000463359
0 0.6375 0.300391 0.0953125 0.175781 0.000482372
0 0.178516 0.551172 0.132031 0.208594 0.000561061
0 0.648828 0.388281 0.0992187 0.171875 0.000662104
0 0.185547 0.284375 0.0773437 0.13125 0.000682667
0 0.196484 0.382812 0.103906 0.2 0.000713978
0 0.61875 0.410547 0.140625 0.183594 0.000785928
0 0.3 0.487891 0.0859375 0.113281 0.000834827
0 0.641016 0.240625 0.0898438 0.175 0.000911932
0 0.285547 0.405078 0.167969 0.328906 0.00104016
0 0.288672 0.545703 0.149219 0.172656 0.00113651
0 0.638672 0.5875 0.194531 0.214062 0.00140334
0 0.201172 0.492188 0.153906 0.2 0.00160437
0 0.642578 0.306641 0.121094 0.289844 0.00163823
0 0.226562 0.585547 0.254687 0.278906 0.00192261
0 0.241406 0.471484 0.148438 0.199219 0.0019771
0 0.184375 0.457422 0.285937 0.478906 0.00231809
0 0.596094 0.490234 0.148438 0.222656 0.00280092
0 0.190234 0.319531 0.100781 0.185937 0.00320877
0 0.253516 0.328516 0.221094 0.513281 0.00367322
0 0.650781 0.449609 0.115625 0.236719 0.00518829
0 0.582422 0.545703 0.213281 0.252344 0.00527544
0 0.296484 0.489844 0.122656 0.170312 0.00644893
0 0.662891 0.514844 0.152344 0.290625 0.00667958
0 0.180859 0.528125 0.183594 0.321875 0.0102886
0 0.188672 0.395312 0.130469 0.357812 0.0144043
0 0.595703 0.392578 0.271094 0.542969 0.0189602
0 0.255859 0.511328 0.207031 0.208594 0.0330125
0 0.633203 0.4 0.146094 0.389062 0.0330964
0 0.232031 0.450391 0.220313 0.344531 0.156672
0 0.613672 0.476562 0.207031 0.335938 0.213761
