0 0.830078 0.443359 0.174219 0.357031 0.000116035
0 0.860937 0.835156 0.254687 0.31875 0.000116191
0 0.691406 0.367188 0.125 0.20625 0.000120171
0 0.708594 0.478516 0.176563 0.286719 0.00012192
0 0.743359 0.46875 0.164844 0.184375 0.000131016
0 0.935156 0.0621094 0.129688 0.124219 0.000135743
0 0.0234375 0.524219 0.04375 0.495313 0.000142726
0 0.369141 0.356641 0.230469 0.332031 0.000151326
0 0.453906 0.555469 0.251563 0.510938 0.000155535
0 0.0292969 0.523438 0.0585938 0.75 0.000163254
0 0.703906 0.31875 0.109375 0.15625 0.000163357
0 0.896484 0.7375 0.135156 0.189063 0.00016624
0 0.825 0.551562 0.14375 0.239063 0.000193562
0 0.273047 0.542578 0.211719 0.436719 0.000245544
0 0.365234 0.530078 0.221094 0.208594 0.00027672
0 0.726562 0.319531 0.1625 0.217187 0.000292647
0 0.711328 0.523047 0.225781 0.492969 0.000294003
0 0.386719 0.676172 0.329688 0.482031 0.000322364
0 0.869922 0.576953 0.164844 0.380469 0.000387615
0 0.741797 0.397266 0.200781 0.332031 0.000479223
0 0.778906 0.767969 0.325 0.396875 0.000659145
0 0.423828 0.406641 0.224219 0.427344 0.000775992
0 0.449219 0.310547 0.173438 0.216406 0.000943602
0 0.783203 0.5125 0.208594 0.203125 0.00128319
0 0.768359 0.414062 0.250781 0.526563 0.00193734
0 0.858984 0.722266 0.185156 0.241406 0.00229101
0 0.335156 0.595312 0.265625 0.389062 0.00282675
0 0.837109 0.662109 0.252344 0.452344 0.010149
0 0.378125 0.502734 0.298438 0.592969 0.347551
0 0.790234 0.562891 0.278906 0.510156 0.348539
