0 0.778906 0.0183594 0.0890625 0.0335938 0.000104973
0 0.0785156 0.0367187 0.157031 0.0734375 0.000104987
0 0.639844 0.452734 0.104687 0.124219 0.00010744
0 0.366406 0.0207031 0.221875 0.0414063 0.00011012
0 0.267969 0.0378906 0.240625 0.0726563 0.000111157
0 0.383203 0.367578 0.0820312 0.0867188 0.000118225
0 0.742188 0.0441406 0.146875 0.0882813 0.000118885
0 0.890625 0.0339844 0.21875 0.0648438 0.000125274
0 0.201953 0.265234 0.403906 0.530469 0.000125362
0 0.803516 0.655469 0.0867188 0.110937 0.000129912
0 0.801562 0.616406 0.0859375 0.110937 0.000132893
0 0.671094 0.480859 0.279687 0.452344 0.000132973
0 0.96875 0.518359 0.0625 0.714844 0.000134137
0 0.880859 0.881641 0.0804688 0.0992187 0.000137282
0 0.467969 0.0269531 0.24375 0.0539063 0.00013834
0 0.0214844 0.117188 0.0429688 0.234375 0.000140297
0 0.796875 0.535937 0.15 0.282813 0.000142435
0 0.9 0.883594 0.109375 0.154687 0.000144159
0 0.717188 0.573828 0.209375 0.211719 0.000145206
0 0.780469 0.470313 0.0578125 0.084375 0.000146716
0 0.248437 0.450781 0.132812 0.228125 0.000149505
0 0.347266 0.724219 0.141406 0.220313 0.000150952
0 0.800391 0.578516 0.110156 0.188281 0.000151253
0 0.349609 0.0945313 0.369531 0.189063 0.000159387
0 0.835156 0.658594 0.121875 0.257812 0.000165358
0 0.633984 0.08125 0.433594 0.157813 0.000167808
0 0.635547 0.597266 0.152344 0.357031 0.0001685
0 0.738281 0.0175781 0.090625 0.0335938 0.000169228
0 0.76875 0.480469 0.120312 0.223438 0.000170343
0 0.0378906 0.0539063 0.0757812 0.103125 0.000172551
0 0.844141 0.804688 0.0867188 0.10625 0.000173434
0 0.798828 0.0867188 0.361719 0.16875 0.00019562
0 0.764063 0.595703 0.14375 0.224219 0.000197302
0 0.389844 0.535156 0.125 0.346875 0.000198772
0 0.0605469 0.226953 0.121094 0.453906 0.000200437
0 0.269141 0.392578 0.128906 0.174219 0.000208631
0 0.232812 0.914062 0.265625 0.171875 0.000222365
0 0.3375 0.877344 0.320312 0.245312 0.000229008
0 0.878906 0.845703 0.08125 0.108594 0.000230533
0 0.849219 0.880078 0.126563 0.147656 0.000241143
0 0.684375 0.412109 0.196875 0.266406 0.000242206
0 0.236719 0.59375 0.120312 0.245312 0.00024923
0 0.774609 0.473828 0.0820312 0.125781 0.000259472
0 0.237109 0.5125 0.0773437 0.084375 0.000265583
0 0.671094 0.551953 0.13125 0.217969 0.0002774
0 0.863281 0.863672 0.08125 0.0960938 0.000283162
0 0.283203 0.748047 0.244531 0.210156 0.000297479
0 0.394531 0.0339844 0.28125 0.0679687 0.000298482
0 0.305469 0.783203 0.146875 0.167969 0.000304561
0 0.569531 0.0496094 0.39375 0.0992187 0.000315448
0 0.377344 0.0542969 0.35 0.105469 0.00033958
0 0.215625 0.798437 0.0890625 0.110937 0.000353853
0 0.862109 0.824609 0.0867188 0.108594 0.000354575
0 0.376563 0.605469 0.178125 0.615625 0.000363076
0 0.633984 0.0199219 0.258594 0.0398437 0.000363439
0 0.356641 0.357812 0.132031 0.120312 0.000363595
0 0.197266 0.65 0.153906 0.510938 0.000363894
0 0.741406 0.720703 0.148438 0.217969 0.000370657
0 0.236328 0.744141 0.136719 0.261719 0.000381129
0 0.388281 0.723047 0.142188 0.266406 0.00038162
0 0.802344 0.817578 0.146875 0.158594 0.000386255
0 0.700391 0.679688 0.196094 0.190625 0.000396414
0 0.166406 0.88125 0.159375 0.2375 0.000404195
0 0.669141 0.839844 0.169531 0.198437 0.000414735
0 0.827734 0.838281 0.307031 0.273438 0.000420862
0 0.263672 0.519141 0.153906 0.255469 0.000446419
0 0.870703 0.738672 0.171094 0.377344 0.000454599
0 0.743359 0.6375 0.230469 0.198437 0.000461363
0 0.388281 0.376172 0.114063 0.161719 0.000478895
0 0.820312 0.0207031 0.232812 0.0398437 0.000522274
0 0.181641 0.0394531 0.313281 0.0789063 0.00052817
0 0.858203 0.764063 0.121094 0.24375 0.00055539
0 0.689844 0.053125 0.353125 0.10625 0.000558968
0 0.335938 0.645703 0.19375 0.407031 0.000568868
0 0.315625 0.391016 0.18125 0.207031 0.000582971
0 0.819141 0.722656 0.138281 0.210938 0.00058843
0 0.738672 0.801172 0.146094 0.177344 0.000610776
0 0.0644531 0.0644531 0.127344 0.128906 0.00061247
0 0.750781 0.5 0.226562 0.384375 0.000617448
0 0.241406 0.524219 0.101562 0.165625 0.00063754
0 0.0339844 0.146484 0.0679687 0.292969 0.000655222
0 0.191406 0.810938 0.278125 0.378125 0.000696951
0 0.273828 0.0644531 0.407031 0.124219 0.000717033
0 0.817969 0.649219 0.29375 0.525 0.00074503
0 0.207031 0.783594 0.1125 0.176563 0.000749662
0 0.137109 0.186719 0.274219 0.373437 0.000811524
0 0.0804688 0.125391 0.160938 0.250781 0.000848941
0 0.360156 0.441797 0.157813 0.278906 0.000919794
0 0.646094 0.0324219 0.3375 0.0648438 0.000949732
0 0.654688 0.488672 0.129688 0.197656 0.00109603
0 0.721484 0.01875 0.200781 0.0375 0.00113651
0 0.802344 0.6375 0.126563 0.20625 0.00118998
0 0.295703 0.455859 0.205469 0.288281 0.00122091
0 0.725 0.763281 0.215625 0.2125 0.00123015
0 0.194531 0.111719 0.389062 0.221875 0.00145796
0 0.246094 0.572656 0.154687 0.459375 0.0017785
0 0.785937 0.0421875 0.30625 0.084375 0.0018665
0 0.875781 0.850391 0.120312 0.164844 0.00215398
0 0.779688 0.678906 0.190625 0.2 0.00215792
0 0.801172 0.762891 0.203906 0.208594 0.00258516
0 0.141016 0.0765625 0.280469 0.15 0.00259082
0 0.677734 0.549609 0.196094 0.307031 0.00324829
0 0.691406 0.714844 0.220313 0.340625 0.0033754
0 0.241016 0.80625 0.167969 0.203125 0.00383307
0 0.760938 0.0277344 0.23125 0.0554687 0.00503998
0 0.3375 0.775391 0.198437 0.233594 0.00535101
0 0.842578 0.812109 0.169531 0.200781 0.00732651
0 0.8 0.656641 0.19375 0.361719 0.00834862
0 0.735547 0.820312 0.272656 0.245312 0.0112532
0 0.233984 0.736328 0.178906 0.464844 0.0141776
0 0.20625 0.849219 0.175 0.279687 0.0191881
0 0.727344 0.610547 0.2875 0.474219 0.0249094
0 0.290625 0.639844 0.26875 0.621875 0.0370817
0 0.771094 0.735937 0.273438 0.340625 0.140651
0 0.276563 0.825 0.278125 0.310937 0.21303
