0 0.984375 0.435156 0.03125 0.454688 0.000101533
0 0.766016 0.680469 0.138281 0.23125 0.00010633
0 0.760156 0.0195312 0.204688 0.0390625 0.000107482
0 0.664453 0.733984 0.180469 0.219531 0.000112144
0 0.7375 0.0554687 0.359375 0.10625 0.000119922
0 0.764063 0.779688 0.0890625 0.101562 0.000120111
0 0.826172 0.721094 0.283594 0.379687 0.000120833
0 0.526953 0.783203 0.517969 0.433594 0.000128841
0 0.808594 0.83125 0.0859375 0.08125 0.000140145
0 0.894922 0.040625 0.203906 0.078125 0.000144227
0 0.719141 0.558203 0.117969 0.122656 0.000146707
0 0.786328 0.762891 0.0867188 0.102344 0.000148545
0 0.80625 0.74375 0.0875 0.1125 0.000156057
0 0.805469 0.616406 0.14375 0.389062 0.000158521
0 0.416016 0.7375 0.117969 0.1375 0.000160097
0 0.984375 0.726562 0.03125 0.401563 0.000165146
0 0.834766 0.742969 0.0773437 0.115625 0.000180277
0 0.8125 0.0359375 0.307813 0.071875 0.000209275
0 0.392969 0.763281 0.125 0.11875 0.000218223
0 0.313281 0.699219 0.190625 0.19375 0.000227528
0 0.926172 0.0636719 0.146094 0.127344 0.000240364
0 0.723828 0.740234 0.138281 0.153906 0.000279867
0 0.703516 0.699219 0.185156 0.24375 0.000290587
0 0.748828 0.773438 0.142969 0.13125 0.000383336
0 0.359375 0.719531 0.175 0.176563 0.000406024
0 0.859766 0.059375 0.280469 0.115625 0.000417357
0 0.848437 0.783984 0.075 0.111719 0.000444231
0 0.768359 0.812109 0.138281 0.107031 0.00053545
0 0.804688 0.701563 0.125 0.223438 0.000673636
0 0.776172 0.828906 0.303906 0.251563 0.000720371
0 0.834375 0.819922 0.13125 0.164844 0.000849231
0 0.804297 0.830859 0.155469 0.108594 0.000887831
0 0.710938 0.766797 0.221875 0.192969 0.000956261
0 0.790625 0.796875 0.0921875 0.0859375 0.00104985
0 0.838281 0.826563 0.08125 0.1 0.00117845
0 0.752734 0.664062 0.208594 0.328125 0.00118243
0 0.824609 0.770312 0.0867188 0.103125 0.00208416
0 0.826953 0.7375 0.105469 0.19375 0.00422778
0 0.755859 0.799219 0.233594 0.160938 0.00558784
0 0.820312 0.798437 0.0890625 0.0828125 0.020784
0 0.775781 0.745313 0.195312 0.196875 0.0215522
0 0.800391 0.788672 0.153906 0.124219 0.0897469
