0 0.680469 0.674219 0.1375 0.192188 0.000100356
0 0.323438 0.241406 0.115625 0.11875 0.000100469
0 0.741406 0.0304688 0.257812 0.0609375 0.000103079
0 0.679297 0.287109 0.152344 0.189844 0.000104857
0 0.597656 0.479297 0.185937 0.649219 0.000104913
0 0.678516 0.508594 0.189844 0.19375 0.000107206
0 0.311328 0.660156 0.238281 0.239063 0.000107867
0 0.282813 0.301953 0.126563 0.177344 0.000108551
0 0.783594 0.642969 0.140625 0.353125 0.000109053
0 0.360938 0.464844 0.120312 0.20625 0.000109108
0 0.480469 0.0300781 0.248437 0.0601562 0.000110231
0 0.0617188 0.241016 0.123438 0.482031 0.000112924
0 0.0285156 0.230469 0.0554687 0.421875 0.000114419
0 0.370313 0.304297 0.129688 0.147656 0.000118516
0 0.556641 0.0472656 0.292969 0.0945313 0.00012287
0 0.1875 0.455859 0.182812 0.407031 0.00013075
0 0.223438 0.315625 0.303125 0.467187 0.000133306
0 0.633984 0.0320312 0.221094 0.0640625 0.000142553
0 0.343359 0.510156 0.124219 0.204688 0.000151558
0 0.616016 0.448438 0.125781 0.235938 0.000152176
0 0.647656 0.712109 0.178125 0.189844 0.000155672
0 0.282422 0.389453 0.136719 0.247656 0.00016144
0 0.635547 0.363281 0.0820312 0.0984375 0.000166026
0 0.38125 0.655078 0.123438 0.175781 0.000171949
0 0.746094 0.446484 0.1375 0.311719 0.000177661
0 0.604688 0.701953 0.109375 0.161719 0.000181271
0 0.242969 0.511719 0.09375 0.204688 0.00019341
0 0.280469 0.528906 0.140625 0.198437 0.00019704
0 0.76875 0.684766 0.314063 0.411719 0.000198107
0 0.969141 0.439844 0.0617188 0.639063 0.000204247
0 0.657031 0.446094 0.176563 0.190625 0.00020632
0 0.978516 0.562891 0.0429688 0.417969 0.00020981
0 0.614062 0.276172 0.135937 0.186719 0.000210463
0 0.671484 0.361719 0.160156 0.1875 0.000218765
0 0.689062 0.0476562 0.326562 0.0953125 0.000223177
0 0.682813 0.594922 0.13125 0.253906 0.0002243
0 0.621484 0.644922 0.141406 0.246094 0.000231425
0 0.283594 0.323047 0.184375 0.271094 0.00029191
0 0.747656 0.451562 0.195312 0.479688 0.000330415
0 0.359375 0.260547 0.132812 0.160156 0.000340403
0 0.735547 0.532422 0.107031 0.266406 0.000376184
0 0.373047 0.472656 0.205469 0.51875 0.000394666
0 0.721875 0.618359 0.125 0.208594 0.000404958
0 0.730078 0.703516 0.144531 0.194531 0.000445899
0 0.708594 0.404687 0.18125 0.320312 0.000452234
0 0.3 0.466016 0.148438 0.269531 0.000461427
0 0.625781 0.517969 0.154687 0.410937 0.000472362
0 0.236719 0.550781 0.139062 0.26875 0.000563074
0 0.359766 0.605078 0.155469 0.260156 0.000779128
0 0.633594 0.384375 0.123438 0.223438 0.000780953
0 0.260156 0.446875 0.115625 0.273438 0.000827873
0 0.785547 0.563672 0.196094 0.549219 0.00083945
0 0.341406 0.304297 0.170312 0.207031 0.000916217
0 0.753125 0.612109 0.0875 0.274219 0.000958
0 0.308203 0.548047 0.228906 0.258594 0.00145052
0 0.632812 0.326562 0.160938 0.242188 0.00187381
0 0.651563 0.405078 0.2 0.360156 0.00338145
0 0.247656 0.466016 0.165625 0.457031 0.00397607
0 0.695312 0.641797 0.195312 0.283594 0.00694116
0 0.738672 0.611328 0.133594 0.360156 0.0132819
0 0.710156 0.523828 0.154687 0.425781 0.0170651
0 0.679297 0.502734 0.239844 0.569531 0.339744
0 0.304688 0.427734 0.242188 0.475781 0.484733
