0 0.172656 0.404297 0.129688 0.210156 0.000100004
0 0.263672 0.368359 0.142969 0.232031 0.000102378
0 0.326953 0.682422 0.138281 0.199219 0.000105173
0 0.721484 0.657031 0.0820312 0.101562 0.00010553
0 0.669141 0.366797 0.196094 0.258594 0.000106986
0 0.193359 0.552344 0.142969 0.278125 0.000108332
0 0.266016 0.701953 0.219531 0.214844 0.000110865
0 0.275 0.425781 0.0859375 0.096875 0.000113584
0 0.919141 0.0636719 0.161719 0.127344 0.00012411
0 0.716406 0.508984 0.107813 0.175781 0.000127155
0 0.259766 0.601562 0.0789063 0.096875 0.000127631
0 0.594922 0.697656 0.283594 0.315625 0.000129198
0 0.612109 0.489062 0.0867188 0.0984375 0.000132306
0 0.596094 0.594141 0.129688 0.261719 0.000133464
0 0.0734375 0.142969 0.14375 0.285937 0.000135303
0 0.217578 0.485156 0.0773437 0.104687 0.000136136
0 0.858984 0.0378906 0.272656 0.0726563 0.000142745
0 0.574609 0.425 0.132031 0.25625 0.000144736
0 0.261328 0.510156 0.136719 0.278125 0.000148518
0 0.221875 0.598828 0.142188 0.213281 0.000148675
0 0.325391 0.310937 0.0804688 0.08125 0.000150194
0 0.7625 0.726562 0.1375 0.182812 0.000151458
0 0.137891 0.690234 0.127344 0.150781 0.000152461
0 0.139453 0.551953 0.0851562 0.119531 0.000166173
0 0.794531 0.207031 0.378125 0.40625 0.000169084
0 0.235156 0.464063 0.084375 0.107813 0.000174246
0 0.698047 0.426562 0.102344 0.165625 0.000179141
0 0.219531 0.388281 0.1375 0.185937 0.000183203
0 0.579297 0.678516 0.150781 0.183594 0.000184837
0 0.186719 0.703516 0.279687 0.241406 0.000185521
0 0.546875 0.285547 0.109375 0.113281 0.000201034
0 0.154297 0.537109 0.111719 0.203906 0.000213582
0 0.321094 0.531641 0.314063 0.600781 0.000217717
0 0.696875 0.728125 0.31875 0.279687 0.000218153
0 0.611719 0.450781 0.134375 0.16875 0.000218937
0 0.808594 0.0597656 0.378125 0.114844 0.000221503
0 0.303516 0.576953 0.100781 0.167969 0.000222602
0 0.675 0.469922 0.170312 0.180469 0.000238275
0 0.329297 0.436328 0.172656 0.444531 0.000243541
0 0.594531 0.489062 0.120312 0.15 0.000250355
0 0.60625 0.303125 0.121875 0.134375 0.000265591
0 0.142969 0.0367187 0.276563 0.0734375 0.000274019
0 0.711719 0.445703 0.13125 0.261719 0.000275827
0 0.256641 0.442969 0.0851562 0.1 0.000279285
0 0.860547 0.0960938 0.275781 0.192188 0.000285405
0 0.258984 0.638672 0.0867188 0.110156 0.000286751
0 0.109766 0.628906 0.124219 0.303125 0.000338472
0 0.20625 0.307031 0.335938 0.479688 0.000374926
0 0.157031 0.207031 0.3 0.404687 0.00039949
0 0.677344 0.616797 0.185937 0.222656 0.000405996
0 0.728906 0.553906 0.279687 0.490625 0.000419851
0 0.217187 0.486719 0.109375 0.196875 0.000451189
0 0.113672 0.0640625 0.227344 0.128125 0.000458553
0 0.197656 0.637891 0.14375 0.167969 0.000460592
0 0.734375 0.575391 0.114063 0.275781 0.00046289
0 0.218359 0.445703 0.0835937 0.108594 0.000469758
0 0.258984 0.600391 0.128906 0.172656 0.000499876
0 0.218359 0.309375 0.253906 0.309375 0.000512838
0 0.138672 0.594922 0.116406 0.228906 0.000557206
0 0.664062 0.399219 0.315625 0.517187 0.000569798
0 0.566016 0.320703 0.0851562 0.0929687 0.000582075
0 0.183594 0.388672 0.19375 0.341406 0.000610653
0 0.678125 0.552344 0.146875 0.264062 0.000641432
0 0.170312 0.485547 0.146875 0.297656 0.000706823
0 0.654297 0.676562 0.142969 0.160938 0.000708772
0 0.275391 0.425391 0.144531 0.161719 0.000800843
0 0.601562 0.541797 0.301562 0.563281 0.000889491
0 0.635938 0.717578 0.23125 0.191406 0.000900812
0 0.633984 0.489844 0.157031 0.175 0.000915753
0 0.130469 0.114453 0.257812 0.225781 0.000960152
0 0.237109 0.428125 0.0867188 0.1 0.000985134
0 0.584375 0.480078 0.190625 0.388281 0.00103991
0 0.201562 0.444922 0.120312 0.152344 0.00104253
0 0.323828 0.321484 0.119531 0.130469 0.00107055
0 0.722266 0.657031 0.132031 0.196875 0.00107794
0 0.711328 0.491016 0.169531 0.410156 0.0012604
0 0.305078 0.628906 0.139844 0.235938 0.00129653
0 0.634375 0.573047 0.134375 0.285156 0.00130991
0 0.291406 0.523828 0.173438 0.403906 0.00151022
0 0.304688 0.336328 0.148438 0.211719 0.00162133
0 0.750391 0.647266 0.133594 0.267969 0.00175239
0 0.56875 0.314453 0.120312 0.136719 0.00189374
0 0.572656 0.342969 0.15 0.23125 0.00251567
0 0.235938 0.426562 0.13125 0.1375 0.00293649
0 0.153906 0.64375 0.170312 0.214062 0.00428673
0 0.623828 0.405078 0.230469 0.352344 0.00466361
0 0.617188 0.649609 0.182812 0.235156 0.00487716
0 0.264453 0.645703 0.174219 0.186719 0.00694067
0 0.712109 0.601172 0.194531 0.347656 0.00826157
0 0.272266 0.398438 0.207031 0.326562 0.0082899
0 0.239453 0.439063 0.169531 0.223438 0.0087481
0 0.180469 0.54375 0.217187 0.4125 0.0104334
0 0.686328 0.676953 0.233594 0.213281 0.0129783
0 0.215625 0.628516 0.251563 0.252344 0.025138
0 0.239063 0.483594 0.264062 0.517187 0.0544024
0 0.657812 0.553125 0.242188 0.410937 0.0762106
