0 0.226562 0.425391 0.08125 0.116406 0.000101033
0 0.674609 0.613672 0.121094 0.285156 0.000104142
0 0.653906 0.529688 0.0734375 0.090625 0.00010537
0 0.321875 0.786328 0.2875 0.282031 0.00010876
0 0.828906 0.557422 0.154687 0.442969 0.00012105
0 0.322266 0.0886719 0.216406 0.117969 0.000122575
0 0.775391 0.592578 0.113281 0.222656 0.000122757
0 0.196875 0.833594 0.240625 0.2 0.000122921
0 0.482422 0.0832031 0.292969 0.149219 0.000122974
0 0.274219 0.663672 0.1125 0.157031 0.000125664
0 0.282813 0.0875 0.151562 0.0796875 0.000133101
0 0.476172 0.0667969 0.0539063 0.0367187 0.000134499
0 0.801953 0.81875 0.114844 0.146875 0.000138061
0 0.625 0.477734 0.134375 0.250781 0.000138795
0 0.530859 0.0863281 0.178906 0.0960938 0.000146528
0 0.252344 0.407031 0.2875 0.3875 0.000151725
0 0.274609 0.675781 0.0820312 0.0828125 0.000167895
0 0.627734 0.802734 0.135156 0.196094 0.000172837
0 0.642187 0.530469 0.096875 0.159375 0.000173008
0 0.625781 0.607422 0.146875 0.389844 0.000173526
0 0.342578 0.644531 0.241406 0.515625 0.000185725
0 0.178125 0.738672 0.0859375 0.113281 0.000203918
0 0.257422 0.373047 0.0804688 0.100781 0.000207773
0 0.636328 0.366016 0.128906 0.164844 0.000217486
0 0.21875 0.485156 0.107813 0.209375 0.000217487
0 0.484766 0.0777344 0.160156 0.0773437 0.000251235
0 0.699219 0.761328 0.09375 0.110156 0.000262202
0 0.738281 0.454688 0.132812 0.217187 0.000271676
0 0.335156 0.769531 0.170312 0.214062 0.000281177
0 0.757812 0.514063 0.0796875 0.121875 0.000287629
0 0.282813 0.764453 0.084375 0.105469 0.000368957
0 0.319141 0.449219 0.199219 0.295312 0.000372342
0 0.676172 0.509375 0.152344 0.170312 0.000395734
0 0.747656 0.614844 0.132812 0.295312 0.000436611
0 0.197266 0.617578 0.132031 0.296094 0.000445785
0 0.660937 0.51875 0.171875 0.30625 0.000537993
0 0.764453 0.699219 0.136719 0.267188 0.00065321
0 0.258203 0.702734 0.163281 0.207031 0.000676937
0 0.797266 0.741797 0.127344 0.255469 0.000921498
0 0.653125 0.398438 0.175 0.246875 0.000948585
0 0.294922 0.696094 0.211719 0.3 0.00110885
0 0.258203 0.473437 0.163281 0.275 0.00111125
0 0.179688 0.680859 0.114063 0.278906 0.00123509
0 0.297656 0.360547 0.2 0.185156 0.00156466
0 0.250391 0.403906 0.103906 0.125 0.00163546
0 0.655859 0.700781 0.174219 0.271875 0.00196143
0 0.696875 0.760938 0.140625 0.151562 0.00248682
0 0.278906 0.761328 0.145313 0.167969 0.00250846
0 0.74375 0.510938 0.115625 0.184375 0.00257256
0 0.759766 0.776172 0.207031 0.203906 0.00292849
0 0.262109 0.793359 0.239844 0.194531 0.00303289
0 0.666797 0.561719 0.247656 0.570312 0.00353805
0 0.172266 0.645703 0.161719 0.467969 0.0041062
0 0.187891 0.765234 0.166406 0.222656 0.00481592
0 0.260547 0.389062 0.152344 0.175 0.00504569
0 0.286328 0.564844 0.277344 0.545313 0.00550996
0 0.233984 0.431641 0.111719 0.192969 0.00553953
0 0.760938 0.527734 0.120312 0.296094 0.00745428
0 0.703906 0.46875 0.209375 0.329688 0.0081265
0 0.223047 0.491016 0.139844 0.367969 0.00908794
0 0.786719 0.641016 0.148438 0.444531 0.010098
0 0.677734 0.76875 0.203906 0.210938 0.0119128
0 0.721484 0.730078 0.227344 0.269531 0.027955
0 0.220313 0.718359 0.210938 0.291406 0.0585042
0 0.735937 0.609766 0.20625 0.472656 0.0597341
0 0.218359 0.595703 0.188281 0.500781 0.159555
