0 0.765234 0.652734 0.0820312 0.0914062 0.000100311
0 0.407813 0.637109 0.171875 0.347656 0.000100749
0 0.346094 0.63125 0.0875 0.107813 0.000100904
0 0.350391 0.0355469 0.249219 0.0710938 0.000104172
0 0.0402344 0.357812 0.0804688 0.367188 0.000105
0 0.40625 0.137109 0.101562 0.111719 0.000110107
0 0.936328 0.0769531 0.127344 0.153906 0.000111677
0 0.68125 0.530078 0.126563 0.216406 0.000111965
0 0.877734 0.862109 0.0648438 0.0960938 0.00011236
0 0.189063 0.771094 0.065625 0.120312 0.000114296
0 0.861719 0.0324219 0.235938 0.0648438 0.000115823
0 0.648047 0.120312 0.261719 0.165625 0.000116478
0 0.405859 0.177344 0.0757812 0.0734375 0.000117338
0 0.710547 0.175391 0.0632813 0.0726563 0.000117868
0 0.568359 0.0824219 0.333594 0.164844 0.000125619
0 0.4 0.491797 0.107813 0.172656 0.000127419
0 0.30625 0.532812 0.14375 0.251563 0.000127467
0 0.0273438 0.275781 0.053125 0.459375 0.000137434
0 0.627344 0.477344 0.121875 0.289062 0.000139804
0 0.278516 0.342969 0.0804688 0.1 0.000145395
0 0.770312 0.0394531 0.35 0.0789063 0.000145883
0 0.362891 0.180078 0.128906 0.136719 0.000150848
0 0.279687 0.693359 0.210938 0.186719 0.000151891
0 0.758984 0.401953 0.146094 0.192969 0.000160429
0 0.940234 0.192969 0.119531 0.385938 0.000160699
0 0.253516 0.444141 0.107031 0.302344 0.000162554
0 0.799219 0.445312 0.121875 0.2125 0.000164873
0 0.259766 0.357031 0.0820312 0.15 0.000165825
0 0.696094 0.405469 0.140625 0.159375 0.000171835
0 0.176953 0.635547 0.175781 0.300781 0.00017323
0 0.820703 0.798047 0.0835937 0.0835937 0.000175144
0 0.207422 0.656641 0.103906 0.199219 0.000175804
0 0.973437 0.197266 0.053125 0.394531 0.000176885
0 0.857422 0.80625 0.0710938 0.0828125 0.000179753
0 0.48125 0.0367187 0.31875 0.0734375 0.000179908
0 0.201562 0.734375 0.0890625 0.16875 0.000179959
0 0.826172 0.529297 0.114844 0.305469 0.000181929
0 0.736328 0.488672 0.171094 0.205469 0.000188084
0 0.0625 0.381641 0.125 0.696094 0.000191773
0 0.362891 0.608984 0.0867188 0.113281 0.000193835
0 0.100391 0.537109 0.200781 0.763281 0.00019489
0 0.742578 0.786719 0.216406 0.203125 0.000198453
0 0.473828 0.05625 0.407031 0.109375 0.000200111
0 0.801172 0.511719 0.114844 0.209375 0.000202283
0 0.303125 0.362109 0.110937 0.152344 0.000203723
0 0.894141 0.0625 0.203906 0.125 0.000209918
0 0.155859 0.0589844 0.278906 0.114844 0.000210402
0 0.322266 0.226562 0.183594 0.2375 0.000210404
0 0.23125 0.101172 0.420312 0.192969 0.000219231
0 0.0285156 0.475391 0.0554687 0.335156 0.00022206
0 0.321094 0.323828 0.104687 0.150781 0.00022272
0 0.234375 0.040625 0.325 0.08125 0.00022677
0 0.234375 0.615234 0.0859375 0.105469 0.000245881
0 0.694531 0.0570313 0.36875 0.114063 0.0002463
0 0.0136719 0.444922 0.0273438 0.260156 0.000256498
0 0.4125 0.280469 0.117188 0.217187 0.000257028
0 0.655078 0.285156 0.178906 0.35 0.000261042
0 0.217969 0.571875 0.109375 0.31875 0.000261231
0 0.400781 0.547266 0.295312 0.452344 0.000262649
0 0.703125 0.135547 0.317187 0.232031 0.000265254
0 0.05 0.558203 0.1 0.714844 0.000265644
0 0.809766 0.141797 0.380469 0.283594 0.000279884
0 0.692187 0.162891 0.11875 0.0945313 0.000298413
0 0.714453 0.402344 0.183594 0.251563 0.000302237
0 0.375391 0.105078 0.247656 0.188281 0.000305187
0 0.857031 0.838672 0.09375 0.110156 0.000307196
0 0.816406 0.656641 0.126563 0.191406 0.000323713
0 0.615234 0.156641 0.124219 0.122656 0.000329968
0 0.867969 0.107813 0.264062 0.2125 0.000338702
0 0.399219 0.177344 0.103125 0.11875 0.000345249
0 0.362891 0.570703 0.0882813 0.114844 0.000356533
0 0.309766 0.278906 0.136719 0.21875 0.000358179
0 0.677734 0.636328 0.121094 0.272656 0.00036001
0 0.655859 0.400781 0.153906 0.23125 0.000380392
0 0.414062 0.400391 0.157813 0.542969 0.000386725
0 0.78125 0.737891 0.140625 0.171094 0.000401676
0 0.389062 0.6875 0.115625 0.19375 0.000410218
0 0.226562 0.70625 0.132812 0.221875 0.000411554
0 0.257422 0.671094 0.299219 0.314063 0.000421562
0 0.408203 0.523828 0.130469 0.341406 0.000427969
0 0.648047 0.178125 0.157031 0.160938 0.000432752
0 0.753516 0.405078 0.188281 0.342969 0.000478734
0 0.692969 0.621484 0.2875 0.510156 0.000483108
0 0.385547 0.209766 0.147656 0.219531 0.00048867
0 0.797656 0.0675781 0.3875 0.132031 0.000488815
0 0.839844 0.801562 0.115625 0.115625 0.000563767
0 0.275 0.378516 0.121875 0.242969 0.000572544
0 0.257812 0.575391 0.128125 0.244531 0.000579603
0 0.716016 0.551953 0.119531 0.214844 0.000616097
0 0.683984 0.151953 0.183594 0.144531 0.000634264
0 0.34375 0.650781 0.142188 0.214062 0.000650595
0 0.673828 0.749609 0.164844 0.185156 0.000654087
0 0.296484 0.0585938 0.411719 0.114063 0.000729265
0 0.382422 0.533984 0.121094 0.199219 0.000731153
0 0.224609 0.616406 0.0960938 0.179688 0.000777617
0 0.362891 0.295312 0.186719 0.315625 0.000813761
0 0.739453 0.717969 0.142969 0.19375 0.000815946
0 0.282813 0.633594 0.15 0.209375 0.000889403
0 0.688281 0.400391 0.220313 0.478906 0.000898537
0 0.744141 0.595703 0.142969 0.244531 0.000987161
0 0.278516 0.389844 0.153906 0.415625 0.000992878
0 0.785547 0.635547 0.0820312 0.0945313 0.00103062
0 0.820312 0.778125 0.117188 0.110937 0.00106301
0 0.801562 0.594141 0.125 0.222656 0.00114768
0 0.0308594 0.440625 0.0601562 0.620313 0.00116426
0 0.2875 0.320312 0.128125 0.192188 0.00126986
0 0.698438 0.698828 0.135937 0.213281 0.00132762
0 0.66875 0.178516 0.096875 0.102344 0.00141426
0 0.351953 0.534375 0.139844 0.267188 0.00152066
0 0.766797 0.656641 0.138281 0.235156 0.00175499
0 0.825781 0.771875 0.148438 0.184375 0.00244896
0 0.791406 0.532422 0.16875 0.391406 0.00272341
0 0.690625 0.480469 0.178125 0.29375 0.00281568
0 0.784766 0.635547 0.113281 0.150781 0.00292696
0 0.378516 0.483594 0.164844 0.467187 0.00391775
0 0.329688 0.595703 0.14375 0.202344 0.00444947
0 0.705469 0.646094 0.207813 0.35 0.00464181
0 0.241016 0.64375 0.146094 0.251563 0.00597458
0 0.265234 0.566406 0.194531 0.35 0.00681241
0 0.814453 0.701172 0.174219 0.299219 0.00884783
0 0.722656 0.501953 0.2375 0.436719 0.0120179
0 0.738281 0.719531 0.242188 0.246875 0.0135518
0 0.36875 0.599609 0.146875 0.257031 0.0179066
0 0.321875 0.45625 0.248437 0.60625 0.0572972
0 0.765625 0.621484 0.226562 0.416406 0.101102
0 0.313281 0.616016 0.234375 0.283594 0.10792
