0 0.0976562 0.0890625 0.195312 0.178125 0.000101744
0 0.791016 0.636328 0.0851562 0.107031 0.000102582
0 0.301562 0.0367187 0.265625 0.071875 0.00010322
0 0.75 0.923047 0.326562 0.149219 0.000105517
0 0.338281 0.449609 0.142188 0.182031 0.000108556
0 0.810938 0.0296875 0.279687 0.059375 0.000110935
0 0.698047 0.815234 0.363281 0.369531 0.000118262
0 0.360547 0.486719 0.135156 0.132812 0.000118425
0 0.657812 0.969922 0.140625 0.0601562 0.000120844
0 0.709375 0.680078 0.301562 0.380469 0.000128454
0 0.703906 0.4875 0.11875 0.1625 0.000131103
0 0.721875 0.480078 0.075 0.0804688 0.000132766
0 0.646875 0.0328125 0.34375 0.065625 0.000135689
0 0.161328 0.961328 0.285156 0.0773437 0.00013574
0 0.748828 0.392188 0.333594 0.678125 0.000140289
0 0.749609 0.449609 0.113281 0.141406 0.000147878
0 0.702344 0.191406 0.396875 0.382812 0.000149134
0 0.255859 0.296875 0.255469 0.548437 0.000151873
0 0.439844 0.360938 0.314063 0.382812 0.000153826
0 0.130859 0.0496094 0.258594 0.0992187 0.000165433
0 0.471484 0.910156 0.503906 0.167187 0.000167518
0 0.510156 0.979688 0.160938 0.040625 0.000169332
0 0.703516 0.0648438 0.372656 0.128125 0.000176727
0 0.644141 0.319531 0.172656 0.201562 0.000183049
0 0.744531 0.579687 0.084375 0.109375 0.000196164
0 0.736719 0.95 0.245312 0.1 0.00019666
0 0.216406 0.05625 0.303125 0.1125 0.000197715
0 0.772266 0.533594 0.121094 0.265625 0.00019985
0 0.706641 0.592188 0.128906 0.160938 0.000202828
0 0.761328 0.646094 0.0882813 0.0984375 0.0002178
0 0.314063 0.117969 0.3375 0.235938 0.000235129
0 0.259766 0.966797 0.146094 0.0648438 0.000235686
0 0.542188 0.0664062 0.415625 0.132812 0.000241219
0 0.280859 0.473437 0.0945313 0.103125 0.000254675
0 0.627344 0.110937 0.39375 0.221875 0.000292192
0 0.538672 0.205469 0.425781 0.410937 0.000299302
0 0.296484 0.413672 0.152344 0.163281 0.000300982
0 0.38125 0.443359 0.26875 0.271094 0.0003012
0 0.224219 0.956641 0.14375 0.0867188 0.000335258
0 0.369922 0.0707031 0.364844 0.141406 0.000341605
0 0.228516 0.470703 0.144531 0.180469 0.000366272
0 0.746875 0.551172 0.267188 0.357031 0.000372495
0 0.788672 0.616797 0.116406 0.167969 0.000381302
0 0.442187 0.475391 0.439063 0.605469 0.000386745
0 0.728906 0.611719 0.0859375 0.101562 0.000395843
0 0.374609 0.203516 0.374219 0.407031 0.000420828
0 0.444922 0.114063 0.422656 0.228125 0.000424947
0 0.691016 0.357031 0.163281 0.235938 0.000428588
0 0.521875 0.966797 0.307813 0.0648438 0.000437443
0 0.264844 0.929297 0.378125 0.141406 0.000454438
0 0.321875 0.978516 0.220313 0.0429688 0.000455293
0 0.659766 0.524219 0.210156 0.2875 0.000470816
0 0.642187 0.906641 0.3875 0.186719 0.000565623
0 0.258203 0.488281 0.0945313 0.0953125 0.000594645
0 0.474609 0.952734 0.452344 0.0914062 0.000606907
0 0.714844 0.631641 0.171875 0.153906 0.000649765
0 0.657031 0.978906 0.223438 0.0421875 0.000680031
0 0.765234 0.656641 0.150781 0.149219 0.000697496
0 0.706641 0.350391 0.100781 0.103906 0.000718123
0 0.66875 0.536719 0.29375 0.4125 0.000739071
0 0.718359 0.406641 0.138281 0.216406 0.000818212
0 0.541016 0.367188 0.392969 0.614062 0.000867219
0 0.244922 0.541406 0.238281 0.214062 0.000994759
0 0.677734 0.597656 0.232031 0.185937 0.000996631
0 0.221875 0.976953 0.192188 0.0460938 0.00103036
0 0.334375 0.966406 0.301562 0.0671875 0.00104961
0 0.684766 0.963281 0.246094 0.071875 0.00132257
0 0.337891 0.508203 0.235156 0.171094 0.00132357
0 0.655078 0.393359 0.228906 0.403906 0.00170053
0 0.316016 0.488672 0.132031 0.119531 0.00198656
0 0.338672 0.381641 0.297656 0.416406 0.00234538
0 0.769141 0.619531 0.0851562 0.0875 0.00260758
0 0.276172 0.418359 0.203906 0.269531 0.0027785
0 0.632031 0.952734 0.38125 0.0945313 0.00341732
0 0.721875 0.453516 0.1 0.107031 0.00385903
0 0.725781 0.478516 0.132812 0.236719 0.00410874
0 0.266406 0.95625 0.296875 0.0828125 0.0064666
0 0.285156 0.482031 0.292188 0.279687 0.00707883
0 0.714063 0.484375 0.18125 0.360938 0.00757186
0 0.736328 0.567578 0.152344 0.228906 0.0179244
0 0.757031 0.620703 0.123438 0.124219 0.0381296
0 0.283984 0.488281 0.197656 0.18125 0.0808449
