0 0.713672 0.575 0.0914062 0.10625 0.00010009
0 0.947656 0.710938 0.103125 0.578125 0.000105828
0 0.282422 0.546484 0.144531 0.189844 0.000107418
0 0.697266 0.778125 0.225781 0.198437 0.000114757
0 0.96875 0.483203 0.059375 0.213281 0.000121613
0 0.695703 0.610156 0.0898438 0.107813 0.00012585
0 0.259375 0.21875 0.059375 0.0734375 0.000126146
0 0.682813 0.363672 0.0875 0.105469 0.00012728
0 0.142969 0.490234 0.0890625 0.114844 0.00013058
0 0.249219 0.341406 0.115625 0.128125 0.00013112
0 0.159766 0.385938 0.0789063 0.0921875 0.000136564
0 0.328516 0.552734 0.160156 0.214844 0.000139284
0 0.154297 0.45 0.0851562 0.1125 0.00014067
0 0.241016 0.216797 0.0507812 0.0664062 0.000141497
0 0.65625 0.283594 0.167187 0.178125 0.000149293
0 0.582422 0.448047 0.182031 0.308594 0.000154584
0 0.145703 0.6375 0.224219 0.304688 0.000156979
0 0.110547 0.465625 0.128906 0.309375 0.000161694
0 0.110156 0.787891 0.2125 0.413281 0.000161897
0 0.175 0.549609 0.0859375 0.0992187 0.00016678
0 0.970703 0.560547 0.0570313 0.435156 0.000168409
0 0.732813 0.535547 0.121875 0.202344 0.000170275
0 0.135937 0.405469 0.126563 0.26875 0.000173215
0 0.984766 0.491406 0.0304688 0.19375 0.000196457
0 0.188281 0.678516 0.33125 0.416406 0.000198446
0 0.246875 0.227734 0.090625 0.111719 0.000201147
0 0.2375 0.475391 0.0859375 0.105469 0.00020148
0 0.716797 0.65625 0.149219 0.20625 0.000210228
0 0.699609 0.405078 0.114844 0.203906 0.000215618
0 0.403906 0.432031 0.429688 0.596875 0.000219742
0 0.588672 0.560938 0.192969 0.24375 0.000222027
0 0.232422 0.386719 0.127344 0.192188 0.000237909
0 0.132031 0.554688 0.15625 0.201562 0.000239905
0 0.619531 0.676562 0.240625 0.2125 0.000252244
0 0.278516 0.20625 0.0976562 0.103125 0.000253306
0 0.987109 0.571094 0.0257812 0.229687 0.000270223
0 0.175391 0.490625 0.0914062 0.10625 0.000271491
0 0.215234 0.308984 0.0695312 0.0898438 0.00027183
0 0.157813 0.527734 0.090625 0.103906 0.000288911
0 0.623047 0.591797 0.147656 0.174219 0.000291526
0 0.728125 0.465625 0.265625 0.457812 0.00029491
0 0.623828 0.322656 0.246094 0.470313 0.000299608
0 0.242969 0.244141 0.15 0.199219 0.000304626
0 0.626172 0.815234 0.421094 0.350781 0.000319397
0 0.198047 0.508984 0.0898438 0.107031 0.000330647
0 0.598047 0.513281 0.122656 0.204688 0.000334596
0 0.164453 0.388672 0.108594 0.172656 0.000345047
0 0.216797 0.491016 0.0882813 0.102344 0.000347464
0 0.264062 0.280078 0.204688 0.316406 0.000354258
0 0.743359 0.605078 0.175781 0.250781 0.000360523
0 0.678125 0.716016 0.239063 0.217969 0.000432135
0 0.677734 0.575781 0.0929687 0.1 0.000438051
0 0.2875 0.223438 0.1375 0.160938 0.00044853
0 0.980859 0.562891 0.0382813 0.325781 0.000452364
0 0.237891 0.525391 0.149219 0.157031 0.000457975
0 0.637109 0.473437 0.172656 0.198437 0.000459297
0 0.291797 0.398828 0.219531 0.438281 0.000470907
0 0.201172 0.358984 0.0867188 0.0882813 0.000530198
0 0.682813 0.324609 0.126563 0.182031 0.00055304
0 0.734375 0.780859 0.253125 0.421094 0.000613203
0 0.6125 0.554297 0.271875 0.353906 0.000776961
0 0.725391 0.634766 0.283594 0.396094 0.000881081
0 0.175391 0.546875 0.132031 0.1375 0.00094605
0 0.693359 0.514453 0.163281 0.200781 0.00102288
0 0.712109 0.591406 0.141406 0.160938 0.00102903
0 0.639844 0.533203 0.148438 0.202344 0.00103446
0 0.192969 0.585938 0.271875 0.25 0.00136177
0 0.29375 0.489844 0.192188 0.228125 0.00138425
0 0.678125 0.628906 0.153125 0.182812 0.00143355
0 0.197656 0.363281 0.114063 0.159375 0.00154206
0 0.683203 0.366797 0.155469 0.332031 0.0017321
0 0.235156 0.474219 0.182812 0.1875 0.00284714
0 0.198828 0.508203 0.146094 0.153906 0.00362676
0 0.219141 0.341016 0.0710938 0.0867188 0.00412286
0 0.719141 0.462109 0.144531 0.374219 0.00468896
0 0.192969 0.391406 0.142188 0.273438 0.00472575
0 0.225391 0.329297 0.152344 0.235156 0.0050136
0 0.65625 0.719531 0.317187 0.342187 0.00515749
0 0.160547 0.451562 0.133594 0.239063 0.005486
0 0.220313 0.328906 0.1 0.1375 0.00603429
0 0.675781 0.573438 0.151562 0.146875 0.00752595
0 0.164062 0.509375 0.170312 0.20625 0.0113057
0 0.233594 0.520703 0.253125 0.208594 0.0218359
0 0.226172 0.364062 0.255469 0.43125 0.0287748
0 0.657422 0.446875 0.225781 0.396875 0.0329188
0 0.676562 0.632422 0.254687 0.236719 0.0497964
0 0.661328 0.561328 0.233594 0.249219 0.17485
0 0.201562 0.457422 0.210938 0.297656 0.179097
