0 0.0351562 0.09375 0.0703125 0.184375 0.000105691
0 0.292188 0.275 0.385938 0.432813 0.000108783
0 0.283984 0.0703125 0.267969 0.135937 0.000109028
0 0.750781 0.324609 0.0953125 0.121094 0.000109773
0 0.83125 0.633203 0.3 0.641406 0.000109785
0 0.533594 0.889453 0.425 0.221094 0.000111818
0 0.551562 0.0742188 0.278125 0.132812 0.000112256
0 0.824219 0.034375 0.279687 0.0640625 0.000112958
0 0.797656 0.780859 0.373437 0.413281 0.000113564
0 0.19375 0.4 0.304688 0.603125 0.000114566
0 0.651172 0.485547 0.235156 0.355469 0.000120072
0 0.967188 0.183594 0.065625 0.367188 0.000121255
0 0.772266 0.0605469 0.271094 0.119531 0.000121957
0 0.767187 0.479688 0.301562 0.553125 0.000124071
0 0.618359 0.274219 0.332031 0.396875 0.000129034
0 0.795703 0.438281 0.0882813 0.2375 0.000132814
0 0.730469 0.303125 0.196875 0.234375 0.000138417
0 0.467578 0.0226563 0.264844 0.0421875 0.00014933
0 0.885938 0.0207031 0.21875 0.0382813 0.000152955
0 0.615234 0.951953 0.221094 0.0960938 0.000155691
0 0.165625 0.528516 0.15 0.339844 0.000157637
0 0.761719 0.649609 0.1375 0.130469 0.000158078
0 0.0785156 0.0199219 0.157031 0.0382813 0.000164081
0 0.395312 0.901563 0.373437 0.196875 0.000174793
0 0.034375 0.0328125 0.065625 0.0625 0.000174992
0 0.338672 0.597266 0.142969 0.141406 0.000182301
0 0.403516 0.0359375 0.264844 0.06875 0.000189576
0 0.238281 0.021875 0.265625 0.040625 0.000196276
0 0.145313 0.141797 0.290625 0.283594 0.000205822
0 0.779688 0.388672 0.084375 0.157031 0.000211806
0 0.907812 0.864453 0.184375 0.264844 0.000211877
0 0.350391 0.945312 0.333594 0.104687 0.000221476
0 0.701563 0.630859 0.140625 0.138281 0.000229187
0 0.966797 0.733594 0.0664062 0.532812 0.00023826
0 0.263281 0.622656 0.24375 0.167187 0.000244278
0 0.265234 0.5375 0.219531 0.25 0.000250645
0 0.884375 0.728125 0.223438 0.520312 0.000265608
0 0.728906 0.0382813 0.395312 0.0734375 0.000268429
0 0.771094 0.384766 0.120312 0.227344 0.000273572
0 0.933594 0.177734 0.132812 0.352344 0.00030467
0 0.346484 0.964844 0.258594 0.06875 0.000308991
0 0.701563 0.667188 0.2625 0.19375 0.000318612
0 0.61875 0.167187 0.484375 0.323438 0.000319632
0 0.944141 0.0320312 0.111719 0.0640625 0.000339438
0 0.213281 0.48125 0.210938 0.38125 0.000346929
0 0.0773437 0.0992187 0.154687 0.192188 0.000364884
0 0.9375 0.766797 0.125 0.466406 0.000368386
0 0.450391 0.169141 0.446094 0.333594 0.000373948
0 0.805469 0.662891 0.157813 0.161719 0.000397556
0 0.770703 0.348047 0.0695312 0.100781 0.000412622
0 0.770312 0.669922 0.325 0.333594 0.000423235
0 0.960156 0.1 0.0796875 0.2 0.000436451
0 0.741406 0.615234 0.142188 0.139844 0.000445887
0 0.305469 0.571875 0.176563 0.175 0.000495541
0 0.178906 0.602344 0.1375 0.195312 0.000550272
0 0.841406 0.132422 0.317187 0.261719 0.000606531
0 0.291406 0.138281 0.540625 0.270312 0.000607719
0 0.655469 0.576563 0.179688 0.195312 0.000609917
0 0.0953125 0.0320312 0.190625 0.0625 0.000618213
0 0.06875 0.0546875 0.1375 0.109375 0.000659625
0 0.773828 0.4875 0.160156 0.379687 0.00067076
0 0.800391 0.572656 0.158594 0.267188 0.000717021
0 0.267969 0.0355469 0.345313 0.0695312 0.000732563
0 0.894531 0.0378906 0.210938 0.0742188 0.000779618
0 0.726562 0.579687 0.292188 0.295312 0.000849984
0 0.198047 0.0859375 0.396094 0.167187 0.000882416
0 0.515234 0.0359375 0.355469 0.0703125 0.000917527
0 0.623828 0.0589844 0.489844 0.114844 0.00145227
0 0.135937 0.0539063 0.271875 0.104687 0.00146266
0 0.219922 0.575781 0.208594 0.214062 0.001496
0 0.377734 0.0945313 0.478906 0.189063 0.00161685
0 0.919922 0.0996094 0.160156 0.199219 0.00166704
0 0.28125 0.053125 0.457812 0.10625 0.00179052
0 0.723437 0.104687 0.523438 0.201562 0.00182777
0 0.533594 0.0921875 0.465625 0.184375 0.00193128
0 0.695703 0.608203 0.214844 0.175781 0.00238133
0 0.455078 0.0554687 0.422656 0.110937 0.00240186
0 0.870703 0.0683594 0.258594 0.135156 0.00251595
0 0.757812 0.626172 0.232812 0.180469 0.00650752
