0 0.324609 0.379687 0.150781 0.267188 0.000103048
0 0.302344 0.570312 0.128125 0.220313 0.000103752
0 0.641797 0.555078 0.202344 0.211719 0.000109554
0 0.460938 0.975391 0.1375 0.0492188 0.000109557
0 0.126953 0.567578 0.160156 0.377344 0.000115605
0 0.573828 0.979688 0.233594 0.040625 0.000118398
0 0.366797 0.35 0.202344 0.35 0.000119819
0 0.648438 0.634375 0.282813 0.251563 0.000120226
0 0.586719 0.250391 0.15 0.155469 0.000122012
0 0.206641 0.405078 0.127344 0.249219 0.000128495
0 0.369531 0.46875 0.3125 0.654688 0.000131446
0 0.594531 0.523828 0.315625 0.538281 0.000134961
0 0.676953 0.955859 0.347656 0.0882813 0.000136784
0 0.226953 0.343359 0.136719 0.213281 0.000144284
0 0.617969 0.425391 0.135937 0.242969 0.000144587
0 0.640234 0.251172 0.117969 0.132031 0.000146928
0 0.302344 0.246875 0.084375 0.1125 0.000151533
0 0.139062 0.657422 0.0796875 0.100781 0.000160617
0 0.632422 0.366406 0.133594 0.221875 0.000165774
0 0.786328 0.605859 0.333594 0.653906 0.00016606
0 0.266406 0.283203 0.140625 0.171094 0.00016951
0 0.304688 0.673828 0.126563 0.144531 0.000179716
0 0.669531 0.317578 0.176563 0.252344 0.000182519
0 0.345703 0.977734 0.0570313 0.0398437 0.000182729
0 0.248828 0.286719 0.189844 0.2625 0.000188294
0 0.396875 0.969922 0.05 0.0601562 0.000199613
0 0.608984 0.599609 0.171094 0.207031 0.000221968
0 0.405078 0.977734 0.0773437 0.0445312 0.00022865
0 0.567578 0.949219 0.388281 0.1 0.000232275
0 0.331641 0.427734 0.203906 0.407031 0.000255773
0 0.304297 0.55625 0.249219 0.45 0.000258077
0 0.614062 0.275391 0.0765625 0.0867188 0.000258994
0 0.682422 0.46875 0.149219 0.264062 0.00025901
0 0.319141 0.626953 0.142969 0.219531 0.000268088
0 0.216797 0.634375 0.196094 0.182812 0.000303857
0 0.241797 0.425 0.166406 0.176563 0.000360112
0 0.414844 0.966016 0.0703125 0.0679687 0.000360347
0 0.745313 0.476172 0.246875 0.558594 0.000405078
0 0.154687 0.654297 0.123438 0.139844 0.000433971
0 0.40625 0.978906 0.053125 0.040625 0.000457452
0 0.599219 0.520312 0.179688 0.376563 0.000486939
0 0.277734 0.661328 0.194531 0.207031 0.000500766
0 0.302734 0.261719 0.119531 0.159375 0.000528999
0 0.345703 0.2625 0.191406 0.221875 0.00055888
0 0.264844 0.366797 0.153125 0.255469 0.000652265
0 0.599609 0.96875 0.307031 0.0625 0.00105444
0 0.685938 0.56875 0.2375 0.301562 0.00125277
0 0.613672 0.278516 0.121094 0.136719 0.00136889
0 0.164453 0.628516 0.161719 0.228906 0.00149795
0 0.215625 0.359766 0.201562 0.332031 0.00151641
0 0.612109 0.3125 0.153906 0.221875 0.001678
0 0.225391 0.605078 0.267969 0.280469 0.00178
0 0.303516 0.319141 0.175781 0.208594 0.00193009
0 0.619141 0.364844 0.200781 0.351562 0.00291927
0 0.202344 0.510938 0.257812 0.503125 0.00322791
0 0.70625 0.482812 0.171875 0.403125 0.00449558
0 0.288281 0.343359 0.2375 0.342969 0.040813
0 0.266406 0.438281 0.296875 0.567187 0.430415
0 0.654688 0.438672 0.253125 0.519531 0.52541
