0 0.187109 0.639844 0.280469 0.4625 0.000100225
0 0.741797 0.701172 0.130469 0.210156 0.000104119
0 0.188672 0.383594 0.158594 0.298438 0.000106734
0 0.816016 0.528125 0.117969 0.25625 0.000133198
0 0.680078 0.617578 0.132031 0.194531 0.000135483
0 0.834375 0.608594 0.279687 0.623438 0.000139551
0 0.386719 0.710156 0.125 0.20625 0.000140291
0 0.196094 0.594922 0.125 0.236719 0.000145637
0 0.256641 0.328125 0.0820312 0.1125 0.000147442
0 0.970703 0.645312 0.0585938 0.709375 0.00015074
0 0.719141 0.552344 0.110156 0.189063 0.000152156
0 0.233203 0.635547 0.133594 0.213281 0.000156971
0 0.231641 0.782031 0.266406 0.234375 0.000181301
0 0.178516 0.674609 0.127344 0.203906 0.000181325
0 0.726562 0.301953 0.151562 0.189844 0.000182768
0 0.342578 0.603516 0.128906 0.144531 0.000185043
0 0.278516 0.756641 0.144531 0.152344 0.000191417
0 0.308203 0.565234 0.216406 0.433594 0.000194507
0 0.719531 0.597266 0.078125 0.0914062 0.000209437
0 0.699219 0.527734 0.185937 0.328906 0.000212704
0 0.651953 0.171094 0.278906 0.303125 0.000215126
0 0.255859 0.740234 0.0914062 0.103906 0.000234641
0 0.292578 0.430078 0.186719 0.349219 0.00024376
0 0.259375 0.364453 0.0875 0.114844 0.000246484
0 0.171875 0.720703 0.192188 0.257031 0.0002575
0 0.227344 0.405078 0.117188 0.235156 0.000301594
0 0.817969 0.756641 0.140625 0.164844 0.00032037
0 0.258594 0.306641 0.10625 0.197656 0.000340588
0 0.359375 0.189453 0.164062 0.150781 0.000346794
0 0.280078 0.373047 0.291406 0.382031 0.000347842
0 0.780859 0.698438 0.285156 0.325 0.000374252
0 0.330859 0.646875 0.172656 0.2625 0.000385438
0 0.807031 0.654297 0.117188 0.252344 0.000386565
0 0.685938 0.262109 0.240625 0.260156 0.000456694
0 0.255859 0.445312 0.132031 0.265625 0.000481646
0 0.294531 0.317969 0.179688 0.24375 0.000484031
0 0.816016 0.380859 0.269531 0.410156 0.000486359
0 0.760938 0.753906 0.0828125 0.0890625 0.000503027
0 0.616406 0.245703 0.123438 0.144531 0.00053345
0 0.708984 0.597266 0.111719 0.147656 0.000553867
0 0.330859 0.226953 0.175781 0.186719 0.000582089
0 0.688672 0.705469 0.135156 0.198437 0.000590041
0 0.292188 0.361719 0.135937 0.1625 0.000594048
0 0.762891 0.326562 0.128906 0.225 0.000735984
0 0.839844 0.647266 0.15 0.421094 0.000948689
0 0.235156 0.534766 0.292188 0.572656 0.00108148
0 0.292969 0.754297 0.24375 0.185156 0.00114068
0 0.837891 0.694141 0.135156 0.232031 0.00116025
0 0.797266 0.464844 0.119531 0.265625 0.0011774
0 0.194141 0.544531 0.152344 0.435937 0.00122158
0 0.771875 0.753516 0.126563 0.124219 0.00146332
0 0.734375 0.75 0.173438 0.151562 0.00167316
0 0.197656 0.652344 0.18125 0.290625 0.00172243
0 0.744922 0.616016 0.200781 0.375781 0.00176987
0 0.272656 0.666016 0.2875 0.319531 0.00193993
0 0.243359 0.737891 0.135156 0.142969 0.00216178
0 0.637891 0.212109 0.169531 0.199219 0.00286826
0 0.755078 0.470703 0.202344 0.507031 0.00306875
0 0.75 0.322266 0.1875 0.357031 0.00378247
0 0.794141 0.715234 0.180469 0.208594 0.00386202
0 0.229297 0.459375 0.163281 0.403125 0.00704677
0 0.252734 0.364844 0.133594 0.20625 0.00870161
0 0.235547 0.716016 0.208594 0.207031 0.0123938
0 0.811719 0.533594 0.165625 0.557813 0.0129424
0 0.780078 0.395703 0.147656 0.346094 0.121988
