0 0.0527344 0.513281 0.105469 0.66875 0.000100359
0 0.619531 0.234766 0.104687 0.172656 0.000100888
0 0.217969 0.341797 0.0609375 0.0992187 0.000102208
0 0.278516 0.674609 0.0710938 0.0945313 0.00010221
0 0.0464844 0.426562 0.0929687 0.223438 0.000107019
0 0.343359 0.606641 0.167969 0.455469 0.000112303
0 0.259375 0.806641 0.084375 0.113281 0.000112429
0 0.2375 0.321484 0.0765625 0.100781 0.000114672
0 0.272266 0.147656 0.122656 0.175 0.00011518
0 0.655078 0.678125 0.0804688 0.117188 0.000115815
0 0.246484 0.226953 0.0726563 0.0992187 0.00011945
0 0.550781 0.11875 0.1 0.084375 0.000120584
0 0.833594 0.113672 0.1 0.105469 0.000121026
0 0.627734 0.306641 0.0835937 0.0820312 0.000121325
0 0.237109 0.390234 0.141406 0.225781 0.000124614
0 0.239844 0.826953 0.084375 0.110156 0.000127066
0 0.461328 0.784375 0.408594 0.423438 0.000128381
0 0.503125 0.282031 0.175 0.228125 0.000129291
0 0.200391 0.614844 0.117969 0.184375 0.000133261
0 0.171484 0.526172 0.161719 0.491406 0.000134357
0 0.217969 0.573828 0.120312 0.161719 0.000136227
0 0.298828 0.219922 0.271094 0.357031 0.0001387
0 0.556641 0.279297 0.117969 0.180469 0.000138805
0 0.620313 0.596484 0.090625 0.114844 0.000141884
0 0.0308594 0.358984 0.0601562 0.453906 0.000151747
0 0.486328 0.465234 0.291406 0.585156 0.000152955
0 0.299609 0.478125 0.161719 0.289062 0.000161714
0 0.31875 0.203906 0.0859375 0.109375 0.000169378
0 0.544141 0.644922 0.238281 0.319531 0.000169838
0 0.615625 0.492969 0.132812 0.25 0.000173776
0 0.280078 0.278516 0.0820312 0.103906 0.000176601
0 0.592969 0.339844 0.0921875 0.125 0.000188643
0 0.333984 0.1625 0.141406 0.2375 0.000190121
0 0.567187 0.239844 0.0890625 0.101562 0.000196392
0 0.239063 0.395703 0.175 0.433594 0.000197039
0 0.218359 0.342969 0.0789063 0.1625 0.000213643
0 0.198437 0.699219 0.134375 0.260938 0.000214325
0 0.162891 0.911328 0.114844 0.147656 0.000235722
0 0.541797 0.239063 0.121094 0.142188 0.000240823
0 0.299219 0.258984 0.078125 0.100781 0.000241344
0 0.0160156 0.364844 0.0320312 0.190625 0.000246266
0 0.623828 0.319531 0.108594 0.15625 0.000246405
0 0.683984 0.824219 0.238281 0.34375 0.000247472
0 0.185547 0.853516 0.278906 0.292969 0.000247641
0 0.480859 0.625781 0.346094 0.567187 0.000252474
0 0.532812 0.154687 0.1375 0.151562 0.000258158
0 0.277344 0.320703 0.109375 0.157031 0.000260319
0 0.257812 0.201953 0.121875 0.175781 0.000265553
0 0.278516 0.676172 0.103906 0.185156 0.000276195
0 0.336719 0.376563 0.151562 0.246875 0.000292009
0 0.229297 0.246875 0.0648438 0.0921875 0.000299492
0 0.236719 0.616406 0.13125 0.235938 0.000305203
0 0.652344 0.637109 0.0765625 0.117969 0.000328925
0 0.264844 0.842188 0.0859375 0.107813 0.000348074
0 0.305078 0.403125 0.117969 0.204688 0.000349216
0 0.171484 0.526953 0.239844 0.780469 0.00037478
0 0.0261719 0.400391 0.0523437 0.258594 0.000378528
0 0.697266 0.609375 0.161719 0.435937 0.000395462
0 0.597266 0.696484 0.142969 0.246094 0.000418518
0 0.216406 0.277734 0.0625 0.128906 0.000433909
0 0.280859 0.743359 0.136719 0.280469 0.000434012
0 0.298438 0.524219 0.204688 0.526563 0.000435372
0 0.343359 0.523828 0.288281 0.802344 0.000460307
0 0.860937 0.109375 0.0734375 0.101562 0.000479097
0 0.300781 0.401953 0.0984375 0.121094 0.000486215
0 0.241797 0.721484 0.142969 0.280469 0.000501223
0 0.287109 0.205469 0.0820312 0.107813 0.000506407
0 0.324219 0.275781 0.14375 0.248437 0.000512586
0 0.634375 0.736719 0.189063 0.214062 0.000561151
0 0.308984 0.169141 0.121094 0.157031 0.000586339
0 0.317969 0.800391 0.2875 0.361719 0.000598605
0 0.18125 0.784766 0.13125 0.271094 0.000602091
0 0.601172 0.353516 0.152344 0.317969 0.000611632
0 0.232031 0.524609 0.175 0.369531 0.000616095
0 0.610937 0.321875 0.0859375 0.096875 0.000631054
0 0.174609 0.877734 0.0726563 0.0867188 0.000670857
0 0.242188 0.259375 0.09375 0.126563 0.000730714
0 0.223047 0.840625 0.141406 0.165625 0.000734999
0 0.28125 0.382422 0.165625 0.330469 0.000768698
0 0.319141 0.237891 0.107031 0.139844 0.000822633
0 0.234375 0.301953 0.104687 0.164844 0.000870851
0 0.5875 0.761719 0.323438 0.428125 0.000940803
0 0.172266 0.69375 0.167969 0.526563 0.000947332
0 0.601172 0.598828 0.169531 0.203906 0.000954511
0 0.204297 0.610156 0.153906 0.367188 0.000996579
0 0.282422 0.237891 0.0820312 0.100781 0.00113752
0 0.591797 0.277344 0.133594 0.223438 0.00139703
0 0.186328 0.875781 0.119531 0.14375 0.00145556
0 0.601172 0.358594 0.191406 0.526563 0.00148952
0 0.651172 0.598437 0.0789063 0.114063 0.001586
0 0.607031 0.483203 0.271875 0.635156 0.00163278
0 0.670313 0.673437 0.114063 0.259375 0.00182596
0 0.2625 0.873438 0.246875 0.217187 0.00229183
0 0.663672 0.530078 0.141406 0.502344 0.00244326
0 0.29375 0.692969 0.196875 0.459375 0.00251102
0 0.1875 0.860156 0.154687 0.228125 0.00263212
0 0.271484 0.261328 0.125781 0.157031 0.00265283
0 0.261719 0.823047 0.1375 0.185156 0.00290533
0 0.633984 0.556641 0.128906 0.289844 0.00313708
0 0.565625 0.221875 0.139062 0.2125 0.0032211
0 0.292188 0.223047 0.1375 0.186719 0.00428672
0 0.669531 0.720312 0.192188 0.426562 0.00597089
0 0.294922 0.815234 0.172656 0.266406 0.00708005
0 0.257812 0.488281 0.232812 0.776563 0.00791529
0 0.617578 0.647266 0.282031 0.416406 0.0161148
0 0.619141 0.499219 0.167969 0.49375 0.0187576
0 0.653125 0.620703 0.1 0.246094 0.0230793
0 0.227344 0.641797 0.21875 0.575781 0.0233705
0 0.233594 0.799219 0.23125 0.310937 0.0522286
0 0.628125 0.641406 0.173438 0.314063 0.175475
