0 0.761328 0.270703 0.0679687 0.0960938 0.000101132
0 0.80625 0.426953 0.103125 0.194531 0.000101981
0 0.284766 0.287109 0.166406 0.164844 0.000102004
0 0.153125 0.709766 0.145313 0.177344 0.000102293
0 0.723047 0.257812 0.171094 0.173438 0.000102965
0 0.767578 0.408594 0.100781 0.15625 0.000105748
0 0.762891 0.679297 0.133594 0.189844 0.000108399
0 0.887891 0.701172 0.133594 0.253906 0.000114551
0 0.344141 0.639063 0.132031 0.126563 0.000119528
0 0.797656 0.323438 0.075 0.103125 0.000129812
0 0.837109 0.490234 0.102344 0.225781 0.000134464
0 0.820703 0.364062 0.0648438 0.101562 0.000138683
0 0.785156 0.510547 0.121875 0.214844 0.000139911
0 0.860156 0.639063 0.11875 0.204688 0.000147524
0 0.680469 0.701172 0.139062 0.238281 0.000150135
0 0.808594 0.638281 0.154687 0.209375 0.00015477
0 0.740234 0.284375 0.117969 0.14375 0.000155423
0 0.705078 0.560938 0.183594 0.278125 0.000161001
0 0.736328 0.554297 0.111719 0.0976562 0.000170109
0 0.724609 0.357031 0.291406 0.315625 0.00017066
0 0.803516 0.755859 0.0835937 0.0898438 0.000178641
0 0.675391 0.721875 0.310156 0.320312 0.000181193
0 0.219141 0.491406 0.111719 0.204688 0.000183846
0 0.758984 0.759766 0.142969 0.136719 0.000203103
0 0.290234 0.498047 0.308594 0.494531 0.000214971
0 0.261719 0.348828 0.0828125 0.146094 0.000215747
0 0.326953 0.298047 0.133594 0.124219 0.000231847
0 0.697266 0.759375 0.0898438 0.103125 0.000236708
0 0.4 0.339063 0.151562 0.185937 0.000236801
0 0.282422 0.373047 0.152344 0.242969 0.000241181
0 0.3625 0.307422 0.29375 0.263281 0.000244949
0 0.383594 0.285156 0.0921875 0.104687 0.000256409
0 0.196484 0.672266 0.139844 0.152344 0.000271743
0 0.657422 0.335156 0.146094 0.15625 0.000271868
0 0.23125 0.708594 0.267188 0.203125 0.000274608
0 0.21875 0.555078 0.120312 0.192969 0.000286036
0 0.255469 0.433594 0.117188 0.221875 0.000294083
0 0.821484 0.382812 0.0898438 0.18125 0.000310416
0 0.328516 0.266406 0.178906 0.153125 0.000329406
0 0.825781 0.571484 0.126563 0.247656 0.000329976
0 0.279297 0.308984 0.0914062 0.132031 0.000344061
0 0.820312 0.739062 0.0859375 0.0921875 0.000346778
0 0.346484 0.616016 0.205469 0.261719 0.000346805
0 0.304688 0.675391 0.134375 0.119531 0.000348182
0 0.660156 0.761328 0.16875 0.178906 0.000367121
0 0.725391 0.787109 0.186719 0.150781 0.000500375
0 0.241797 0.653125 0.142969 0.14375 0.000607008
0 0.744141 0.462891 0.213281 0.372656 0.000709872
0 0.253516 0.387109 0.0835937 0.125781 0.000756977
0 0.807031 0.699219 0.13125 0.178125 0.000803365
0 0.776953 0.299219 0.0664062 0.084375 0.000822306
0 0.337891 0.683203 0.169531 0.164844 0.000831797
0 0.167187 0.645312 0.148438 0.220313 0.000994487
0 0.699609 0.757812 0.130469 0.148438 0.00112403
0 0.192969 0.564062 0.146875 0.303125 0.00115978
0 0.808203 0.441406 0.135156 0.320312 0.00118743
0 0.810938 0.750781 0.1375 0.132812 0.00120654
0 0.759375 0.318359 0.160938 0.186719 0.00121079
0 0.230469 0.501953 0.146875 0.371094 0.00130787
0 0.778125 0.310937 0.096875 0.135937 0.00151243
0 0.741016 0.653516 0.228906 0.314844 0.00170614
0 0.258984 0.573828 0.219531 0.311719 0.00174786
0 0.792188 0.371875 0.132812 0.245312 0.00177844
0 0.697266 0.308203 0.192969 0.175781 0.00200683
0 0.838281 0.724219 0.142188 0.176563 0.00210685
0 0.803125 0.549219 0.1875 0.451562 0.00375098
0 0.839063 0.644531 0.15625 0.309375 0.00396889
0 0.275781 0.671875 0.246875 0.178125 0.00440368
0 0.719531 0.739844 0.214062 0.192188 0.00558052
0 0.371094 0.292188 0.173438 0.159375 0.00594452
0 0.785937 0.716016 0.2375 0.216406 0.00724605
0 0.222656 0.628906 0.207813 0.242188 0.011765
