0 0.574219 0.264453 0.0796875 0.103906 0.00010228
0 0.565625 0.223438 0.323438 0.334375 0.000102743
0 0.0324219 0.0539063 0.0617188 0.071875 0.000102772
0 0.284766 0.511328 0.0632813 0.105469 0.000103054
0 0.412109 0.378906 0.294531 0.407813 0.000106496
0 0.638672 0.594141 0.0867188 0.103906 0.000106927
0 0.946484 0.762109 0.103906 0.382031 0.000114573
0 0.405469 0.407813 0.0953125 0.190625 0.000114648
0 0.341016 0.687891 0.0835937 0.107031 0.000115897
0 0.245312 0.938281 0.267188 0.123438 0.000116098
0 0.590625 0.478516 0.296875 0.563281 0.00011832
0 0.353516 0.654688 0.0835937 0.115625 0.000129695
0 0.638672 0.377344 0.0632813 0.09375 0.000129698
0 0.303516 0.686719 0.0914062 0.101562 0.000132485
0 0.438672 0.257812 0.174219 0.171875 0.000134416
0 0.384766 0.488672 0.0867188 0.125781 0.000138433
0 0.540234 0.264844 0.174219 0.190625 0.000139346
0 0.440625 0.257031 0.0984375 0.101562 0.000139664
0 0.380078 0.357422 0.0710938 0.0914062 0.000140741
0 0.688281 0.613672 0.0671875 0.116406 0.000142185
0 0.619141 0.614062 0.0835937 0.1125 0.000142622
0 0.590234 0.280078 0.0742188 0.0882813 0.000143416
0 0.689062 0.658203 0.0671875 0.116406 0.000149008
0 0.300391 0.488281 0.0679687 0.10625 0.000150405
0 0.671094 0.396484 0.0921875 0.207031 0.000156366
0 0.696094 0.841406 0.204688 0.232812 0.000158674
0 0.652344 0.38125 0.0703125 0.148438 0.000160964
0 0.562109 0.942578 0.378906 0.107031 0.000163062
0 0.619141 0.430469 0.0992187 0.24375 0.000164345
0 0.689844 0.697656 0.06875 0.1125 0.000164953
0 0.405469 0.470313 0.0796875 0.145313 0.000183527
0 0.591016 0.526563 0.138281 0.385938 0.000183557
0 0.420312 0.339453 0.117188 0.211719 0.000184703
0 0.675 0.575 0.0671875 0.09375 0.000189261
0 0.340625 0.512109 0.1375 0.244531 0.000197521
0 0.973437 0.764453 0.053125 0.314844 0.000198525
0 0.351562 0.722656 0.1875 0.214062 0.000199829
0 0.391406 0.684375 0.142188 0.178125 0.000200156
0 0.650391 0.292188 0.0476562 0.0578125 0.000200186
0 0.614062 0.283984 0.0984375 0.102344 0.000207869
0 0.294922 0.725781 0.294531 0.301562 0.000208651
0 0.638281 0.677344 0.0890625 0.1125 0.000211378
0 0.332422 0.365234 0.0570313 0.0945313 0.000217951
0 0.919531 0.695312 0.15625 0.420312 0.000222566
0 0.233203 0.617188 0.108594 0.184375 0.000228233
0 0.598047 0.766797 0.252344 0.294531 0.000236238
0 0.321094 0.599219 0.0859375 0.10625 0.000237311
0 0.675391 0.717578 0.0820312 0.113281 0.000237992
0 0.353906 0.311719 0.151562 0.189063 0.000238015
0 0.620313 0.158203 0.220313 0.299219 0.000248691
0 0.620703 0.535937 0.128906 0.278125 0.000250746
0 0.588281 0.369922 0.178125 0.292969 0.000256824
0 0.280078 0.601172 0.0820312 0.114844 0.000258813
0 0.386328 0.447656 0.119531 0.204688 0.000261073
0 0.384766 0.317969 0.0757812 0.101562 0.000271927
0 0.249609 0.622656 0.0757812 0.11875 0.000274117
0 0.639453 0.637109 0.0867188 0.113281 0.000283274
0 0.265234 0.555469 0.285156 0.426562 0.000287578
0 0.623828 0.360938 0.0867188 0.14375 0.000295837
0 0.421484 0.276172 0.0851562 0.0945313 0.00031446
0 0.417578 0.439063 0.128906 0.289062 0.00032352
0 0.663672 0.347266 0.0773437 0.146094 0.000332847
0 0.298438 0.444531 0.129688 0.3375 0.000334679
0 0.0523437 0.0382813 0.0734375 0.0625 0.000348332
0 0.305078 0.450781 0.0523437 0.09375 0.00034993
0 0.248437 0.688672 0.110937 0.128906 0.000380029
0 0.702734 0.571484 0.157031 0.433594 0.000391023
0 0.260938 0.531641 0.139062 0.347656 0.000404098
0 0.639063 0.304688 0.0671875 0.090625 0.000406602
0 0.673828 0.580469 0.0789063 0.16875 0.00040796
0 0.232812 0.655078 0.08125 0.125781 0.000415798
0 0.657812 0.615234 0.0875 0.113281 0.000428484
0 0.317578 0.469922 0.100781 0.200781 0.000433184
0 0.339063 0.620703 0.0859375 0.111719 0.000450218
0 0.345313 0.378906 0.05625 0.0921875 0.000455922
0 0.658203 0.656641 0.0851562 0.113281 0.000485284
0 0.615625 0.308203 0.145313 0.197656 0.000494146
0 0.308984 0.429297 0.0726563 0.149219 0.000499377
0 0.284375 0.514453 0.0890625 0.232031 0.000529317
0 0.394141 0.545703 0.149219 0.299219 0.000533049
0 0.651563 0.792578 0.2 0.227344 0.000592958
0 0.707031 0.7625 0.13125 0.223438 0.000625482
0 0.573438 0.264062 0.121875 0.140625 0.000649583
0 0.302734 0.620703 0.0914062 0.113281 0.000654315
0 0.596094 0.233594 0.18125 0.201562 0.000698844
0 0.404687 0.255859 0.0953125 0.0835937 0.000744907
0 0.65 0.34375 0.0609375 0.1 0.000754435
0 0.673047 0.678516 0.0789063 0.113281 0.000780049
0 0.380859 0.361328 0.113281 0.217969 0.000936795
0 0.391797 0.280469 0.0882813 0.1125 0.000955486
0 0.623828 0.716016 0.166406 0.197656 0.00129859
0 0.261328 0.653125 0.0898438 0.103125 0.00130387
0 0.635156 0.366797 0.117188 0.232031 0.00134328
0 0.654688 0.578125 0.11875 0.264062 0.00138049
0 0.603906 0.619531 0.117188 0.240625 0.00138611
0 0.328125 0.399219 0.0953125 0.170312 0.0014077
0 0.283203 0.638281 0.0914062 0.114063 0.00143457
0 0.358203 0.359766 0.0476562 0.0789063 0.00149345
0 0.36875 0.31875 0.0921875 0.140625 0.00157134
0 0.339844 0.389062 0.134375 0.25625 0.00181311
0 0.367188 0.609375 0.14375 0.221875 0.00186078
0 0.639453 0.323828 0.0882813 0.139844 0.00199989
0 0.386328 0.391016 0.163281 0.336719 0.00242418
0 0.356641 0.349609 0.0742188 0.135156 0.00283481
0 0.321875 0.653906 0.090625 0.110937 0.00324764
0 0.280469 0.698828 0.19375 0.169531 0.00339384
0 0.637891 0.6875 0.260156 0.3375 0.00353463
0 0.400391 0.299609 0.124219 0.166406 0.00387885
0 0.697266 0.650391 0.111719 0.274219 0.00389497
0 0.30625 0.635547 0.271875 0.282031 0.00593689
0 0.283594 0.599219 0.121875 0.204688 0.00617504
0 0.336719 0.671094 0.142188 0.167187 0.00786082
0 0.258984 0.642187 0.124219 0.153125 0.0122043
0 0.669922 0.6375 0.0992187 0.2125 0.0134143
0 0.66875 0.717188 0.15 0.246875 0.014486
0 0.347656 0.479297 0.198437 0.452344 0.0187041
0 0.642187 0.519141 0.1625 0.471094 0.0254365
0 0.311328 0.568359 0.166406 0.286719 0.0354384
0 0.299609 0.642969 0.172656 0.178125 0.234032
0 0.641016 0.653906 0.153906 0.26875 0.243839
