0 0.835938 0.372656 0.0515625 0.065625 0.000100178
0 0.800391 0.490625 0.186719 0.198437 0.000100883
0 0.881641 0.676562 0.155469 0.2875 0.000103787
0 0.367188 0.509375 0.134375 0.210938 0.000105319
0 0.780469 0.424219 0.142188 0.165625 0.000105531
0 0.968359 0.271875 0.0617188 0.507812 0.000108252
0 0.44375 0.425781 0.18125 0.192188 0.000109074
0 0.498828 0.683203 0.136719 0.161719 0.000110764
0 0.808594 0.371094 0.053125 0.071875 0.000113109
0 0.739844 0.314453 0.0984375 0.113281 0.000115058
0 0.410937 0.334375 0.0859375 0.115625 0.000118756
0 0.920703 0.692578 0.133594 0.439844 0.000122933
0 0.359766 0.369141 0.0726563 0.0945313 0.000130033
0 0.302344 0.483594 0.234375 0.510938 0.000135306
0 0.330859 0.553906 0.107031 0.265625 0.00014142
0 0.450391 0.492969 0.147656 0.239063 0.000141635
0 0.395312 0.369531 0.0578125 0.0578125 0.00015273
0 0.424219 0.334375 0.071875 0.065625 0.0001548
0 0.848047 0.552734 0.142969 0.249219 0.00018718
0 0.502734 0.439453 0.157031 0.311719 0.000200674
0 0.353125 0.608594 0.298438 0.4125 0.000277175
0 0.35 0.616016 0.157813 0.197656 0.000302486
0 0.413672 0.348047 0.0570313 0.0679687 0.000316093
0 0.388672 0.387891 0.0835937 0.0960938 0.000361508
0 0.447266 0.342578 0.166406 0.224219 0.000372924
0 0.821875 0.384766 0.0671875 0.0804688 0.00037489
0 0.815625 0.671094 0.248437 0.315625 0.000375047
0 0.349609 0.404297 0.0648438 0.0976562 0.000384922
0 0.405859 0.467187 0.175781 0.198437 0.000387626
0 0.444531 0.679297 0.223438 0.185156 0.0003976
0 0.404297 0.578516 0.221094 0.202344 0.000435675
0 0.832812 0.406641 0.15625 0.183594 0.000450178
0 0.40625 0.369922 0.104687 0.136719 0.000455435
0 0.753125 0.481641 0.209375 0.377344 0.000461487
0 0.75 0.369922 0.159375 0.207031 0.00046848
0 0.350781 0.449609 0.114063 0.235156 0.00047441
0 0.815625 0.399609 0.09375 0.125781 0.000489824
0 0.460938 0.600781 0.215625 0.295312 0.000692568
0 0.408594 0.36875 0.0765625 0.0875 0.000805669
0 0.458594 0.447266 0.225 0.444531 0.00124663
0 0.795313 0.419531 0.210938 0.273438 0.0012705
0 0.364844 0.406641 0.1 0.135156 0.00159386
0 0.39375 0.409375 0.153125 0.210938 0.00171036
0 0.871484 0.562891 0.158594 0.453906 0.00318833
0 0.401172 0.6375 0.275781 0.251563 0.00319886
0 0.368359 0.449609 0.177344 0.324219 0.00409716
0 0.341406 0.525391 0.15 0.383594 0.00571378
0 0.408984 0.517969 0.258594 0.4125 0.409973
0 0.803516 0.542188 0.263281 0.521875 0.560154
