0 0.196484 0.391016 0.116406 0.211719 0.00010253
0 0.470703 0.0359375 0.196094 0.06875 0.000102863
0 0.764844 0.572656 0.145313 0.260938 0.000107911
0 0.521094 0.0605469 0.173438 0.121094 0.000112351
0 0.153516 0.762109 0.257031 0.369531 0.000114347
0 0.719922 0.545703 0.199219 0.192969 0.00011499
0 0.602734 0.5375 0.291406 0.560938 0.000118264
0 0.128906 0.562109 0.234375 0.571094 0.000129328
0 0.822656 0.758594 0.075 0.101562 0.000134249
0 0.255859 0.674609 0.211719 0.214844 0.000134464
0 0.719531 0.385938 0.154687 0.173438 0.000146452
0 0.721094 0.447656 0.16875 0.2 0.000202776
0 0.399219 0.0316406 0.254687 0.0617188 0.000219927
0 0.217187 0.467969 0.159375 0.189063 0.00022203
0 0.447266 0.0515625 0.283594 0.1 0.000259268
0 0.268359 0.75 0.364844 0.364062 0.000259797
0 0.655469 0.686328 0.204688 0.286719 0.000269086
0 0.196484 0.533594 0.147656 0.242188 0.000307171
0 0.805859 0.694922 0.157031 0.258594 0.000309129
0 0.70625 0.734375 0.215625 0.192188 0.00031047
0 0.347656 0.727734 0.214062 0.302344 0.000332709
0 0.182031 0.447266 0.110937 0.191406 0.000345804
0 0.814062 0.738672 0.114063 0.155469 0.000472714
0 0.65625 0.408203 0.265625 0.492969 0.000541661
0 0.722266 0.413281 0.216406 0.38125 0.000557465
0 0.760156 0.492969 0.140625 0.246875 0.000672216
0 0.218359 0.634375 0.207031 0.189063 0.000672912
0 0.799609 0.553125 0.208594 0.525 0.000741387
0 0.241016 0.411328 0.242969 0.449219 0.000950686
0 0.296094 0.644141 0.254687 0.430469 0.00158997
0 0.196094 0.446094 0.157813 0.30625 0.00161526
0 0.71875 0.661719 0.271875 0.34375 0.00285037
0 0.204297 0.535937 0.205469 0.398438 0.00492113
0 0.207813 0.682031 0.265625 0.390625 0.0102872
0 0.750391 0.530469 0.207031 0.401563 0.0182666
0 0.236328 0.557422 0.285156 0.588281 0.395292
0 0.708594 0.517969 0.3 0.603125 0.456604
