0 0.362109 0.634375 0.135156 0.245312 0.000101121
0 0.468359 0.361719 0.247656 0.265625 0.000101191
0 0.722266 0.928125 0.0679687 0.0859375 0.000101319
0 0.795703 0.950391 0.0882813 0.0601562 0.000101398
0 0.797656 0.335156 0.084375 0.08125 0.00010667
0 0.837891 0.492578 0.110156 0.199219 0.000108424
0 0.768359 0.657812 0.135156 0.229687 0.000121556
0 0.715625 0.4375 0.115625 0.154687 0.000132621
0 0.796484 0.929297 0.0304688 0.0554687 0.000135573
0 0.428125 0.505078 0.1375 0.225781 0.000137037
0 0.736719 0.901953 0.0515625 0.0820312 0.00014555
0 0.330859 0.722266 0.127344 0.174219 0.000164304
0 0.364453 0.387109 0.125781 0.152344 0.000178638
0 0.33125 0.505469 0.117188 0.248437 0.000200553
0 0.557031 0.690625 0.4 0.61875 0.000211593
0 0.817969 0.392578 0.090625 0.147656 0.000229826
0 0.401172 0.369141 0.200781 0.210156 0.000230031
0 0.812109 0.421875 0.128906 0.239063 0.000280501
0 0.451953 0.742969 0.139844 0.178125 0.000281395
0 0.754297 0.641016 0.194531 0.360156 0.00029812
0 0.808594 0.940625 0.0546875 0.071875 0.000300463
0 0.780078 0.721875 0.164844 0.239063 0.000309631
0 0.329297 0.641016 0.152344 0.330469 0.000314597
0 0.805469 0.694141 0.126563 0.166406 0.00031726
0 0.736719 0.920313 0.0390625 0.078125 0.000327227
0 0.808984 0.9625 0.0726563 0.05625 0.000342464
0 0.771875 0.592578 0.171875 0.210156 0.000352244
0 0.826563 0.666016 0.275 0.357031 0.000362457
0 0.462891 0.557422 0.161719 0.400781 0.000368219
0 0.808203 0.917578 0.0382813 0.0632813 0.00041969
0 0.857813 0.965625 0.078125 0.0609375 0.000464893
0 0.854297 0.589063 0.133594 0.2375 0.000515501
0 0.753516 0.525 0.202344 0.295312 0.000601035
0 0.394141 0.639453 0.222656 0.410156 0.000658388
0 0.434766 0.697266 0.180469 0.228906 0.000681205
0 0.805859 0.5125 0.139844 0.2375 0.000729224
0 0.470313 0.466016 0.140625 0.221094 0.000894091
0 0.349609 0.446875 0.113281 0.21875 0.000942732
0 0.851172 0.935547 0.0398437 0.0804688 0.0010009
0 0.375 0.689062 0.196875 0.23125 0.00103287
0 0.821094 0.919922 0.04375 0.0648438 0.00103472
0 0.823828 0.945703 0.0679687 0.0914062 0.0013984
0 0.398828 0.530078 0.280469 0.455469 0.00150853
0 0.839844 0.954297 0.0640625 0.0679687 0.00154208
0 0.435156 0.437109 0.160938 0.225781 0.00262271
0 0.816406 0.667969 0.173438 0.25 0.0034359
0 0.832812 0.492188 0.134375 0.339063 0.00353565
0 0.834766 0.936328 0.0507812 0.0632813 0.00402779
0 0.346875 0.530859 0.140625 0.397656 0.00427477
0 0.798437 0.559375 0.265625 0.423438 0.00628029
0 0.389453 0.4625 0.189844 0.273438 0.013302
0 0.819141 0.938281 0.0460938 0.0515625 0.0227419
0 0.813281 0.571875 0.185937 0.295312 0.0825439
