0 0.973828 0.432422 0.0507812 0.471094 0.000100589
0 0.717969 0.283594 0.0875 0.109375 0.000101447
0 0.200781 0.575 0.196875 0.204688 0.000104221
0 0.971484 0.269531 0.0570313 0.517187 0.000105005
0 0.235938 0.448828 0.170312 0.189844 0.000106966
0 0.194531 0.444141 0.0875 0.107031 0.000112385
0 0.180469 0.636328 0.0796875 0.0914062 0.000113553
0 0.191406 0.312109 0.296875 0.413281 0.000116746
0 0.257812 0.676953 0.325 0.327344 0.000117486
0 0.715625 0.225781 0.151562 0.185937 0.000118174
0 0.0199219 0.441016 0.0382813 0.457031 0.000124819
0 0.723437 0.611328 0.075 0.0914062 0.000135352
0 0.344531 0.321875 0.146875 0.207813 0.00013687
0 0.962891 0.564844 0.0726563 0.810938 0.000139034
0 0.627344 0.359375 0.198437 0.35 0.000139705
0 0.118359 0.521094 0.217969 0.5625 0.000141011
0 0.943359 0.290625 0.108594 0.58125 0.000147447
0 0.367578 0.433984 0.111719 0.182031 0.000152792
0 0.817187 0.681641 0.071875 0.105469 0.000173189
0 0.302734 0.630859 0.192969 0.196094 0.000178576
0 0.79375 0.569531 0.148438 0.2625 0.000190573
0 0.195312 0.784766 0.2875 0.353906 0.00019718
0 0.662891 0.237891 0.196094 0.205469 0.000198472
0 0.785156 0.4 0.254687 0.515625 0.000210618
0 0.623438 0.434375 0.260938 0.557813 0.000225656
0 0.611328 0.576563 0.153906 0.215625 0.000237112
0 0.176172 0.618359 0.286719 0.467969 0.000264039
0 0.283203 0.569531 0.146094 0.185937 0.000282848
0 0.807422 0.639453 0.0914062 0.149219 0.000297446
0 0.730859 0.299219 0.130469 0.18125 0.000311612
0 0.182812 0.408594 0.084375 0.10625 0.000319045
0 0.297656 0.339453 0.1875 0.194531 0.000364035
0 0.179688 0.634766 0.11875 0.152344 0.000390623
0 0.147266 0.717578 0.138281 0.202344 0.000407896
0 0.260156 0.516797 0.176563 0.183594 0.000425551
0 0.721875 0.611719 0.128125 0.142188 0.000450917
0 0.340234 0.435547 0.171094 0.335156 0.000469015
0 0.225391 0.342969 0.174219 0.214062 0.000505
0 0.18125 0.463672 0.128125 0.242969 0.000513711
0 0.220703 0.635547 0.232031 0.219531 0.000566425
0 0.330469 0.581641 0.139062 0.186719 0.000581851
0 0.736719 0.443359 0.14375 0.261719 0.000603836
0 0.332422 0.244141 0.211719 0.253906 0.000607658
0 0.651953 0.604688 0.172656 0.170312 0.000651342
0 0.696484 0.279687 0.177344 0.232812 0.000984413
0 0.7625 0.602734 0.153125 0.163281 0.00108391
0 0.332812 0.348828 0.223438 0.377344 0.00109748
0 0.674609 0.528906 0.247656 0.339063 0.00110944
0 0.261328 0.301562 0.149219 0.214062 0.00189824
0 0.166016 0.630859 0.164844 0.269531 0.00206632
0 0.196484 0.408594 0.130469 0.2 0.00231356
0 0.757031 0.498828 0.1875 0.436719 0.00391556
0 0.717969 0.369141 0.151562 0.285156 0.003959
0 0.264062 0.564062 0.25 0.240625 0.00478116
0 0.206641 0.397656 0.188281 0.359375 0.014474
0 0.226172 0.506641 0.263281 0.424219 0.0178721
0 0.275781 0.282031 0.248437 0.273438 0.0271567
0 0.265234 0.388281 0.275781 0.496875 0.281052
0 0.706641 0.4125 0.228906 0.48125 0.45151
