0 0.609766 0.425781 0.0789063 0.1 0.000100666
0 0.929297 0.205078 0.138281 0.410156 0.000102322
0 0.385156 0.276953 0.08125 0.121094 0.000103743
0 0.696094 0.535156 0.0828125 0.1125 0.000106501
0 0.241016 0.567969 0.0882813 0.09375 0.00010742
0 0.700391 0.445312 0.0804688 0.1125 0.000109369
0 0.641797 0.672656 0.316406 0.375 0.000110727
0 0.376563 0.4 0.121875 0.30625 0.00011075
0 0.358984 0.2375 0.119531 0.154687 0.000110799
0 0.361328 0.472266 0.100781 0.177344 0.000111065
0 0.324609 0.533203 0.0882813 0.107031 0.000112514
0 0.782812 0.985156 0.0890625 0.025 0.000115204
0 0.319141 0.240234 0.152344 0.177344 0.000117147
0 0.360547 0.571484 0.0789063 0.100781 0.000119212
0 0.235547 0.362891 0.0992187 0.175781 0.00011934
0 0.658203 0.307031 0.139844 0.245312 0.000126031
0 0.583203 0.267969 0.0804688 0.096875 0.000126909
0 0.277344 0.293359 0.071875 0.100781 0.000135455
0 0.352734 0.351562 0.107031 0.179688 0.000137532
0 0.210156 0.409766 0.109375 0.272656 0.000138553
0 0.168359 0.601172 0.189844 0.294531 0.000141547
0 0.615625 0.513672 0.0890625 0.111719 0.000144273
0 0.595703 0.409375 0.0648438 0.090625 0.00014938
0 0.594531 0.323438 0.084375 0.184375 0.000150215
0 0.644922 0.950781 0.341406 0.0984375 0.000168183
0 0.342578 0.554688 0.0851562 0.107813 0.00017186
0 0.762109 0.609375 0.325781 0.464063 0.000187746
0 0.868359 0.221094 0.263281 0.442187 0.000190877
0 0.596484 0.581641 0.199219 0.191406 0.000190935
0 0.305469 0.30625 0.185937 0.2625 0.000195312
0 0.344922 0.496875 0.0742188 0.090625 0.000197489
0 0.601953 0.283984 0.127344 0.172656 0.000199942
0 0.364453 0.293359 0.113281 0.188281 0.000199952
0 0.218359 0.470703 0.0898438 0.107031 0.000201804
0 0.606641 0.540234 0.283594 0.313281 0.00022814
0 0.717969 0.980469 0.204688 0.0375 0.000234985
0 0.180469 0.591406 0.114063 0.176563 0.000263591
0 0.300391 0.585938 0.214844 0.18125 0.000267969
0 0.274609 0.280469 0.0507812 0.0703125 0.000270116
0 0.695703 0.310937 0.0757812 0.167187 0.000283077
0 0.617188 0.347266 0.129688 0.250781 0.000291123
0 0.618359 0.549609 0.0945313 0.107031 0.000311028
0 0.301953 0.495703 0.197656 0.202344 0.000325274
0 0.637109 0.967188 0.246094 0.065625 0.000328614
0 0.679297 0.603125 0.196094 0.179688 0.000353848
0 0.738672 0.597656 0.100781 0.139062 0.000364405
0 0.369531 0.524219 0.114063 0.189063 0.000377539
0 0.232422 0.45625 0.121094 0.204688 0.000400633
0 0.598828 0.428125 0.0851562 0.1625 0.000405811
0 0.592188 0.483594 0.109375 0.210938 0.000408672
0 0.346484 0.583594 0.133594 0.15 0.00045179
0 0.590625 0.557031 0.129688 0.15 0.000453636
0 0.620703 0.248047 0.0695312 0.100781 0.000497036
0 0.780859 0.981641 0.177344 0.0335938 0.000508136
0 0.65625 0.553125 0.0921875 0.10625 0.000552011
0 0.345703 0.448047 0.144531 0.319531 0.000605318
0 0.593359 0.302344 0.0710938 0.107813 0.000617139
0 0.282813 0.549219 0.145313 0.148438 0.000627095
0 0.617578 0.432422 0.127344 0.235156 0.000687533
0 0.3 0.406641 0.215625 0.391406 0.000758063
0 0.196484 0.483594 0.125781 0.2625 0.000840096
0 0.676562 0.568359 0.090625 0.0976562 0.00089337
0 0.724219 0.966016 0.2625 0.0664062 0.000945784
0 0.238281 0.425 0.170312 0.364062 0.000949311
0 0.698438 0.404297 0.075 0.111719 0.000976879
0 0.684375 0.404687 0.0953125 0.18125 0.00117506
0 0.60625 0.278906 0.0984375 0.109375 0.00118332
0 0.342969 0.514844 0.103125 0.15 0.00138832
0 0.736719 0.444922 0.135937 0.374219 0.00165353
0 0.682031 0.575391 0.2875 0.296094 0.0017281
0 0.687891 0.346484 0.121094 0.257031 0.00173001
0 0.620313 0.514063 0.135937 0.189063 0.00197918
0 0.234766 0.516016 0.138281 0.207031 0.00205187
0 0.71875 0.601172 0.0546875 0.0679687 0.00210071
0 0.668359 0.429297 0.283594 0.446094 0.00221097
0 0.276172 0.491797 0.286719 0.347656 0.00275108
0 0.202344 0.550391 0.15625 0.224219 0.00392795
0 0.715625 0.590625 0.078125 0.103125 0.00415627
0 0.649609 0.366797 0.185156 0.385156 0.00452879
0 0.326172 0.543359 0.158594 0.183594 0.00497907
0 0.602344 0.278516 0.065625 0.0804688 0.00595465
0 0.696094 0.363672 0.0875 0.166406 0.00612578
0 0.719141 0.530469 0.139844 0.290625 0.00751935
0 0.707422 0.566797 0.113281 0.152344 0.0101111
0 0.705469 0.411719 0.1 0.295312 0.0121575
0 0.632422 0.479297 0.186719 0.289844 0.0133026
0 0.263672 0.539062 0.233594 0.2125 0.0261386
0 0.654297 0.552344 0.192969 0.178125 0.0475129
0 0.683594 0.464453 0.15625 0.339844 0.214891
