0 0.0414063 0.435937 0.08125 0.789062 0.000100556
0 0.64375 0.573047 0.115625 0.142969 0.000101058
0 0.802344 0.595703 0.090625 0.114844 0.000101496
0 0.426562 0.478906 0.201562 0.4 0.000102537
0 0.0222656 0.651563 0.0445312 0.415625 0.000104282
0 0.733594 0.867969 0.25625 0.257812 0.00010514
0 0.333594 0.426562 0.103125 0.153125 0.000105549
0 0.471094 0.437109 0.11875 0.196094 0.000108938
0 0.923828 0.714063 0.152344 0.510938 0.00011016
0 0.65 0.438672 0.196875 0.463281 0.000111354
0 0.3625 0.215625 0.0875 0.11875 0.00011155
0 0.230078 0.924609 0.285156 0.150781 0.000119708
0 0.762891 0.229297 0.0460938 0.0585938 0.000123683
0 0.303906 0.463672 0.0796875 0.108594 0.000125563
0 0.735156 0.0601562 0.459375 0.114063 0.000126338
0 0.809375 0.103516 0.38125 0.207031 0.000128668
0 0.96875 0.521094 0.0625 0.623438 0.000130392
0 0.0214844 0.813281 0.0429688 0.314063 0.000135839
0 0.786719 0.466797 0.1375 0.191406 0.000138048
0 0.917969 0.103906 0.15625 0.207813 0.000138157
0 0.314063 0.366016 0.0796875 0.110156 0.000144178
0 0.480469 0.436719 0.196875 0.382812 0.000148665
0 0.267188 0.651172 0.0796875 0.107031 0.000151945
0 0.802734 0.382422 0.0882813 0.117969 0.000154715
0 0.301953 0.533594 0.0835937 0.10625 0.000161053
0 0.303125 0.665234 0.134375 0.142969 0.000164065
0 0.271875 0.596875 0.078125 0.1125 0.000164944
0 0.0171875 0.880469 0.03125 0.217187 0.000174122
0 0.308594 0.917969 0.189063 0.164062 0.00017541
0 0.342578 0.613281 0.0914062 0.103125 0.000176176
0 0.853125 0.594922 0.123438 0.236719 0.000187767
0 0.801953 0.0207031 0.249219 0.0398437 0.000191371
0 0.321875 0.296094 0.078125 0.134375 0.000192546
0 0.336328 0.492188 0.122656 0.240625 0.0001951
0 0.773438 0.766016 0.314063 0.392969 0.000198109
0 0.304297 0.783594 0.152344 0.2125 0.000199041
0 0.404297 0.867578 0.272656 0.241406 0.000207092
0 0.673828 0.621094 0.360156 0.459375 0.000211385
0 0.823047 0.403906 0.0820312 0.115625 0.000217178
0 0.390625 0.2 0.0671875 0.09375 0.000233189
0 0.259375 0.539844 0.296875 0.534375 0.000233764
0 0.383594 0.613672 0.090625 0.103906 0.000235486
0 0.866016 0.769531 0.246094 0.420312 0.000236383
0 0.346875 0.314453 0.151562 0.278906 0.000256189
0 0.421484 0.382422 0.375781 0.616406 0.000278803
0 0.942578 0.0335938 0.111719 0.0671875 0.000286244
0 0.869141 0.560938 0.188281 0.507812 0.00028921
0 0.722656 0.609375 0.14375 0.159375 0.000304819
0 0.659766 0.534766 0.150781 0.227344 0.000328439
0 0.262891 0.567578 0.132031 0.316406 0.000336908
0 0.414844 0.566797 0.171875 0.228906 0.000337769
0 0.8125 0.034375 0.328125 0.06875 0.000339287
0 0.857031 0.657422 0.109375 0.180469 0.000362018
0 0.898438 0.0390625 0.203125 0.075 0.000362788
0 0.336719 0.2375 0.0796875 0.120312 0.000363123
0 0.313281 0.425 0.08125 0.104687 0.000363572
0 0.765234 0.378125 0.113281 0.151562 0.000384141
0 0.319922 0.629297 0.0898438 0.0976562 0.000457967
0 0.410156 0.636719 0.13125 0.145313 0.00047381
0 0.531641 0.43125 0.382031 0.707812 0.000477671
0 0.748047 0.325391 0.127344 0.130469 0.000481351
0 0.662109 0.45 0.364844 0.570312 0.000483514
0 0.851562 0.0613281 0.296875 0.122656 0.000486827
0 0.343359 0.646484 0.138281 0.127344 0.000505015
0 0.255469 0.722656 0.31875 0.55 0.000512571
0 0.357812 0.821875 0.125 0.173438 0.000516744
0 0.784766 0.333594 0.371094 0.632812 0.000524553
0 0.725 0.630859 0.235938 0.192969 0.000539245
0 0.766406 0.342578 0.0828125 0.103906 0.00054791
0 0.375781 0.733203 0.24375 0.388281 0.00055235
0 0.764063 0.537109 0.2 0.211719 0.000573937
0 0.298438 0.577344 0.0875 0.109375 0.000608979
0 0.828906 0.670313 0.301562 0.395312 0.000624348
0 0.93125 0.0574219 0.1375 0.114844 0.000652971
0 0.305859 0.467187 0.0992187 0.207813 0.000664254
0 0.317187 0.334375 0.1 0.215625 0.000784705
0 0.678516 0.589453 0.125781 0.144531 0.000808974
0 0.819141 0.384766 0.110156 0.174219 0.000959237
0 0.339063 0.55625 0.179688 0.207813 0.00096437
0 0.320312 0.262891 0.065625 0.110156 0.00104231
0 0.746094 0.361719 0.246875 0.453125 0.00107919
0 0.372656 0.812891 0.198437 0.258594 0.00108053
0 0.271094 0.633203 0.10625 0.163281 0.00128706
0 0.750391 0.332812 0.175781 0.190625 0.00130159
0 0.763672 0.593359 0.149219 0.174219 0.00131276
0 0.821875 0.467969 0.126563 0.271875 0.00154092
0 0.282813 0.664062 0.1625 0.235938 0.00154201
0 0.321094 0.842188 0.159375 0.198437 0.00161221
0 0.298047 0.614062 0.0898438 0.103125 0.00163323
0 0.274609 0.860547 0.178906 0.274219 0.00183083
0 0.705469 0.524609 0.253125 0.355469 0.00186797
0 0.3 0.398047 0.0703125 0.0960938 0.00245752
0 0.699609 0.570703 0.194531 0.194531 0.00270835
0 0.751953 0.664062 0.310156 0.29375 0.00284482
0 0.803906 0.575781 0.146875 0.196875 0.00292549
0 0.353906 0.544141 0.275 0.353906 0.00293064
0 0.789453 0.352734 0.121094 0.146094 0.00318804
0 0.842578 0.653906 0.161719 0.245312 0.00349216
0 0.304297 0.402734 0.0851562 0.183594 0.00355504
0 0.286328 0.574219 0.107031 0.201562 0.0037189
0 0.314844 0.669531 0.229687 0.345313 0.00451505
0 0.35 0.416016 0.2 0.510156 0.00454959
0 0.375781 0.607813 0.184375 0.165625 0.00511611
0 0.803516 0.4 0.153906 0.257812 0.00696531
0 0.347656 0.654688 0.2125 0.2 0.00808189
0 0.310937 0.797656 0.196875 0.35625 0.0136424
0 0.308203 0.496875 0.135156 0.335938 0.0214083
0 0.314453 0.610937 0.169531 0.182812 0.0428944
0 0.789844 0.604297 0.229687 0.239844 0.0647767
0 0.779297 0.485938 0.230469 0.420312 0.156348
