0 0.306641 0.45 0.0867188 0.1 0.000100842
0 0.644141 0.551953 0.338281 0.566406 0.000102305
0 0.783203 0.371875 0.239844 0.392188 0.00010365
0 0.384766 0.561328 0.163281 0.369531 0.00010533
0 0.0460938 0.478125 0.0921875 0.714063 0.000109013
0 0.157031 0.716406 0.2 0.221875 0.000109689
0 0.890625 0.117578 0.21875 0.235156 0.000109932
0 0.779297 0.344531 0.0867188 0.167187 0.000111165
0 0.734766 0.270312 0.238281 0.201562 0.000111421
0 0.769531 0.323828 0.142188 0.192969 0.000117997
0 0.241016 0.551172 0.107031 0.174219 0.00012162
0 0.15625 0.553906 0.117188 0.21875 0.000121833
0 0.778516 0.570312 0.313281 0.440625 0.000121937
0 0.630469 0.369141 0.303125 0.416406 0.000122594
0 0.762891 0.747656 0.244531 0.190625 0.000123321
0 0.546875 0.0652344 0.465625 0.130469 0.000139575
0 0.380078 0.692187 0.182031 0.282813 0.000152332
0 0.265234 0.466016 0.136719 0.161719 0.000153231
0 0.284375 0.366797 0.084375 0.0898438 0.000154027
0 0.440234 0.767187 0.392969 0.465625 0.00015608
0 0.385547 0.271875 0.219531 0.282813 0.000158077
0 0.653906 0.521875 0.154687 0.23125 0.000159568
0 0.786719 0.390625 0.0890625 0.110937 0.000159899
0 0.784766 0.433594 0.142969 0.248437 0.000165827
0 0.666016 0.717969 0.316406 0.392188 0.00017405
0 0.175781 0.594141 0.123438 0.152344 0.000175685
0 0.184375 0.545313 0.29375 0.557813 0.000178825
0 0.296484 0.230469 0.402344 0.371875 0.000181432
0 0.550391 0.140625 0.467969 0.28125 0.000187044
0 0.714453 0.0898438 0.560156 0.179688 0.000195036
0 0.344531 0.628125 0.3 0.43125 0.000205675
0 0.69375 0.746094 0.153125 0.16875 0.000208038
0 0.738281 0.658984 0.132812 0.217969 0.000211775
0 0.279687 0.598828 0.120312 0.267969 0.000220074
0 0.704297 0.475 0.238281 0.3625 0.000232538
0 0.339063 0.463281 0.126563 0.132812 0.00023256
0 0.262109 0.53125 0.116406 0.254687 0.000275396
0 0.238672 0.357031 0.207031 0.226562 0.000279317
0 0.3625 0.769531 0.16875 0.190625 0.000281523
0 0.188672 0.395312 0.110156 0.160938 0.000284802
0 0.287891 0.280469 0.260156 0.214062 0.000289464
0 0.751172 0.369531 0.142969 0.165625 0.000290236
0 0.399219 0.235938 0.390625 0.471875 0.000299997
0 0.376953 0.392188 0.199219 0.303125 0.000307237
0 0.846094 0.158984 0.307813 0.317969 0.00032063
0 0.780078 0.295312 0.357031 0.410937 0.000329784
0 0.286719 0.322266 0.1625 0.178906 0.000333762
0 0.532031 0.274609 0.429688 0.491406 0.00035936
0 0.191797 0.439063 0.161719 0.26875 0.000364666
0 0.335938 0.514844 0.178125 0.432813 0.000370664
0 0.691797 0.566016 0.174219 0.236719 0.00040544
0 0.220313 0.616406 0.135937 0.240625 0.000421876
0 0.485156 0.558203 0.410937 0.650781 0.000436788
0 0.825 0.699219 0.203125 0.210938 0.00045549
0 0.658594 0.640625 0.203125 0.321875 0.000462577
0 0.769922 0.372656 0.0820312 0.1 0.000531621
0 0.439063 0.364844 0.332812 0.3625 0.000553421
0 0.280469 0.679297 0.1375 0.178906 0.000570171
0 0.288672 0.424609 0.132031 0.203906 0.000614773
0 0.286719 0.362891 0.126563 0.150781 0.000634145
0 0.657031 0.716406 0.179688 0.207813 0.000640336
0 0.726562 0.611328 0.1875 0.266406 0.000770391
0 0.237109 0.706641 0.232031 0.217969 0.000864696
0 0.7125 0.204688 0.545313 0.409375 0.000891077
0 0.342969 0.316797 0.192188 0.258594 0.000989554
0 0.178125 0.548047 0.182812 0.346094 0.00100309
0 0.326172 0.703516 0.185156 0.230469 0.00106507
0 0.298828 0.367578 0.308594 0.347656 0.0012378
0 0.771484 0.661719 0.221094 0.264062 0.00135149
0 0.201953 0.651953 0.222656 0.263281 0.00175624
0 0.312891 0.464453 0.146094 0.192969 0.0017709
0 0.233984 0.473047 0.221094 0.371094 0.00229568
0 0.719531 0.704297 0.201562 0.200781 0.00280368
0 0.280078 0.545313 0.188281 0.44375 0.00560894
0 0.269531 0.652344 0.192188 0.271875 0.0077615
0 0.316406 0.382422 0.170312 0.267969 0.0090813
