0 0.702344 0.472266 0.0859375 0.105469 0.000100833
0 0.715234 0.590625 0.0882813 0.107813 0.000100904
0 0.682813 0.364844 0.0875 0.1125 0.000101411
0 0.591016 0.395312 0.171094 0.540625 0.000101663
0 0.353125 0.512109 0.115625 0.169531 0.000108066
0 0.727734 0.407813 0.103906 0.26875 0.000109032
0 0.573047 0.0734375 0.177344 0.14375 0.00010999
0 0.655078 0.239844 0.0804688 0.0984375 0.000110515
0 0.0253906 0.439453 0.0492188 0.344531 0.000110754
0 0.640234 0.364062 0.177344 0.189063 0.000114136
0 0.276953 0.220703 0.0898438 0.108594 0.000119052
0 0.319531 0.363281 0.110937 0.223438 0.00012215
0 0.635156 0.224219 0.065625 0.0921875 0.000123131
0 0.222266 0.430078 0.0945313 0.163281 0.00012631
0 0.663281 0.117969 0.0796875 0.0828125 0.000126481
0 0.616016 0.471484 0.128906 0.188281 0.000132104
0 0.639063 0.300781 0.154687 0.164062 0.000132112
0 0.3 0.577734 0.201562 0.205469 0.000132458
0 0.275781 0.341406 0.15 0.20625 0.000145278
0 0.728516 0.472656 0.0898438 0.20625 0.000149552
0 0.339844 0.532422 0.084375 0.100781 0.000150633
0 0.708984 0.319922 0.0757812 0.107031 0.000156017
0 0.689453 0.617578 0.221094 0.216406 0.000162357
0 0.338281 0.408203 0.103125 0.217969 0.000168671
0 0.173828 0.523047 0.125781 0.417969 0.000171185
0 0.217578 0.201953 0.152344 0.236719 0.000176425
0 0.718359 0.514063 0.0757812 0.115625 0.000193049
0 0.662109 0.428906 0.158594 0.210938 0.000193966
0 0.313281 0.259766 0.185937 0.197656 0.000195548
0 0.205078 0.446484 0.0914062 0.242969 0.000201786
0 0.237891 0.578516 0.297656 0.361719 0.000204334
0 0.698047 0.571875 0.0867188 0.107813 0.000206094
0 0.223828 0.364844 0.110156 0.278125 0.000207392
0 0.597266 0.255469 0.0710938 0.078125 0.000213391
0 0.245312 0.276953 0.090625 0.119531 0.00021719
0 0.274609 0.276953 0.0914062 0.114844 0.000227915
0 0.682422 0.31875 0.0835937 0.103125 0.000233312
0 0.638281 0.115234 0.132812 0.102344 0.000237877
0 0.601172 0.107422 0.177344 0.146094 0.000259069
0 0.589453 0.230078 0.133594 0.210156 0.000262304
0 0.666016 0.28125 0.0882813 0.104687 0.000299277
0 0.715234 0.553906 0.0851562 0.114063 0.000305753
0 0.344141 0.566406 0.117969 0.1625 0.000312832
0 0.341406 0.152344 0.139062 0.148438 0.000321744
0 0.182031 0.571875 0.0984375 0.226562 0.000325327
0 0.321875 0.452734 0.114063 0.180469 0.000326818
0 0.619531 0.217578 0.115625 0.155469 0.000336989
0 0.197656 0.296875 0.164062 0.328125 0.000350416
0 0.621094 0.241797 0.071875 0.0867188 0.000353662
0 0.281641 0.426562 0.128906 0.273438 0.00037921
0 0.596094 0.257031 0.0984375 0.114063 0.000421849
0 0.227734 0.584766 0.178906 0.241406 0.000469677
0 0.740234 0.531641 0.291406 0.349219 0.00050293
0 0.698828 0.236719 0.113281 0.229687 0.000514772
0 0.6 0.531641 0.128125 0.230469 0.000553711
0 0.627734 0.229687 0.267969 0.401563 0.000630192
0 0.321094 0.528906 0.13125 0.14375 0.000631299
0 0.239063 0.447266 0.120312 0.258594 0.000635234
0 0.658594 0.240234 0.126563 0.207031 0.000700058
0 0.24375 0.220313 0.0765625 0.107813 0.00072354
0 0.707812 0.323828 0.0953125 0.213281 0.000723719
0 0.635547 0.257812 0.124219 0.142188 0.000807026
0 0.313672 0.160938 0.185156 0.2125 0.000827452
0 0.623438 0.163672 0.192188 0.247656 0.0008633
0 0.260156 0.511719 0.1375 0.170312 0.000925071
0 0.257422 0.24375 0.0929687 0.11875 0.000940231
0 0.612109 0.465625 0.180469 0.303125 0.00116624
0 0.621484 0.583203 0.196094 0.227344 0.00128534
0 0.727344 0.594922 0.134375 0.197656 0.00149627
0 0.678906 0.569141 0.146875 0.160156 0.00172104
0 0.207422 0.519531 0.130469 0.275 0.00173015
0 0.246484 0.299219 0.135156 0.267188 0.00179603
0 0.738281 0.439844 0.151562 0.496875 0.00195458
0 0.682031 0.367188 0.120312 0.267188 0.00195963
0 0.694141 0.286719 0.0835937 0.101562 0.00218346
0 0.212109 0.43125 0.164844 0.55625 0.00231261
0 0.699219 0.448047 0.115625 0.274219 0.00240156
0 0.330859 0.391406 0.217969 0.5125 0.00241483
0 0.23125 0.241406 0.107813 0.19375 0.00302905
0 0.288281 0.228906 0.273438 0.360938 0.00317719
0 0.700781 0.317187 0.128125 0.420312 0.00469702
0 0.648438 0.227344 0.178125 0.296875 0.00511637
0 0.321094 0.463672 0.151562 0.272656 0.00537151
0 0.680469 0.279687 0.115625 0.171875 0.00979405
0 0.714063 0.521484 0.134375 0.274219 0.0175587
0 0.276172 0.5125 0.213281 0.225 0.0180613
0 0.652344 0.352344 0.20625 0.551562 0.0469749
0 0.660156 0.537891 0.2125 0.253906 0.0530987
0 0.265625 0.237891 0.145313 0.228906 0.0786775
0 0.6875 0.449219 0.1625 0.404687 0.110195
0 0.269531 0.357422 0.20625 0.500781 0.263761
