0 0.881641 0.489844 0.124219 0.207813 0.000100835
0 0.784766 0.446484 0.203906 0.191406 0.000102427
0 0.692578 0.542578 0.174219 0.225781 0.000106044
0 0.303516 0.550781 0.150781 0.164062 0.000107778
0 0.341016 0.339844 0.133594 0.178125 0.000125192
0 0.2625 0.36875 0.1125 0.2125 0.000128154
0 0.404297 0.277734 0.178906 0.169531 0.000129527
0 0.387109 0.568359 0.136719 0.169531 0.000133318
0 0.787109 0.575 0.152344 0.226562 0.000134021
0 0.786328 0.534766 0.225781 0.216406 0.000134212
0 0.765625 0.674609 0.25625 0.191406 0.000134451
0 0.75625 0.294531 0.292188 0.4875 0.000146907
0 0.736719 0.257422 0.0875 0.0945313 0.000148811
0 0.934375 0.0386719 0.13125 0.0742188 0.000152241
0 0.467969 0.463281 0.139062 0.295312 0.000153312
0 0.257031 0.322656 0.204688 0.45 0.000161445
0 0.34375 0.237891 0.157813 0.188281 0.000168543
0 0.256641 0.569141 0.149219 0.171094 0.000170055
0 0.229687 0.0648438 0.4375 0.129688 0.000171447
0 0.807031 0.632422 0.153125 0.194531 0.000173824
0 0.423047 0.490625 0.138281 0.254687 0.000179748
0 0.958203 0.102734 0.0835937 0.205469 0.000187133
0 0.842969 0.261719 0.103125 0.151562 0.000187391
0 0.932422 0.149609 0.135156 0.299219 0.000189718
0 0.969531 0.319531 0.059375 0.639063 0.000198979
0 0.433984 0.192969 0.174219 0.209375 0.000204775
0 0.197656 0.467187 0.15 0.376563 0.000213462
0 0.257812 0.446875 0.139062 0.284375 0.000226326
0 0.857031 0.745703 0.254687 0.364844 0.000235859
0 0.867188 0.617188 0.0859375 0.1125 0.000244041
0 0.859375 0.183203 0.28125 0.366406 0.000245893
0 0.807031 0.270703 0.203125 0.242969 0.000264265
0 0.934766 0.301562 0.130469 0.603125 0.000264291
0 0.879297 0.612109 0.241406 0.400781 0.00026534
0 0.846875 0.49375 0.145313 0.260938 0.000268129
0 0.844922 0.308594 0.136719 0.220313 0.000290149
0 0.201172 0.594922 0.146094 0.208594 0.000296089
0 0.302344 0.34375 0.1375 0.2375 0.000306943
0 0.717969 0.2625 0.120312 0.173438 0.000326389
0 0.74375 0.613281 0.240625 0.20625 0.000342296
0 0.910937 0.526563 0.157813 0.5 0.000432733
0 0.237891 0.511719 0.138281 0.240625 0.000460891
0 0.341797 0.300391 0.183594 0.183594 0.000464862
0 0.925781 0.078125 0.148438 0.15625 0.000512149
0 0.885547 0.109375 0.228906 0.21875 0.000530592
0 0.829687 0.573438 0.148438 0.259375 0.000570754
0 0.734375 0.306641 0.165625 0.310156 0.000598604
0 0.748828 0.484766 0.236719 0.414844 0.000783977
0 0.382812 0.514453 0.1625 0.188281 0.000786993
0 0.309375 0.617578 0.365625 0.264844 0.000793034
0 0.891406 0.678906 0.148438 0.282813 0.000841138
0 0.839844 0.309375 0.234375 0.398438 0.000872424
0 0.413672 0.357422 0.213281 0.486719 0.000939716
0 0.380859 0.230859 0.238281 0.271094 0.00195577
0 0.882031 0.618359 0.117188 0.202344 0.0021384
0 0.873828 0.444531 0.186719 0.554688 0.00230266
0 0.743359 0.230469 0.138281 0.16875 0.00233365
0 0.315625 0.325391 0.201562 0.355469 0.00265826
0 0.244531 0.555859 0.217187 0.246094 0.00337538
0 0.378516 0.552734 0.228906 0.210156 0.00343553
0 0.380078 0.480859 0.266406 0.367969 0.00419367
0 0.798437 0.653125 0.314063 0.314063 0.013202
0 0.876172 0.563281 0.150781 0.378125 0.0176523
0 0.846484 0.6375 0.192969 0.251563 0.0192158
0 0.262891 0.453516 0.233594 0.427344 0.0237699
0 0.797266 0.421484 0.299219 0.616406 0.0424253
0 0.312109 0.535156 0.321094 0.3 0.0790058
0 0.810156 0.557422 0.25625 0.378906 0.142466
0 0.326562 0.383203 0.323438 0.544531 0.177018
