0 0.160156 0.524609 0.290625 0.589844 0.000104144
0 0.386328 0.571094 0.0976562 0.115625 0.000106089
0 0.272266 0.388672 0.263281 0.328906 0.000111441
0 0.387109 0.528906 0.0820312 0.0921875 0.000118353
0 0.384375 0.737109 0.0875 0.102344 0.000120398
0 0.699219 0.694531 0.0875 0.103125 0.000120936
0 0.407422 0.763672 0.136719 0.191406 0.000128672
0 0.799219 0.575 0.167187 0.382812 0.000131263
0 0.665625 0.715625 0.129688 0.260938 0.000131983
0 0.805859 0.842188 0.142969 0.179688 0.000138744
0 0.345703 0.664453 0.210156 0.208594 0.000141336
0 0.716406 0.715625 0.0859375 0.101562 0.000151014
0 0.257031 0.682031 0.142188 0.221875 0.000151835
0 0.758594 0.657031 0.0765625 0.0875 0.000154725
0 0.367578 0.507812 0.0726563 0.0796875 0.000157935
0 0.271484 0.529297 0.200781 0.435156 0.000167383
0 0.691797 0.652344 0.0867188 0.107813 0.000188936
0 0.221094 0.658594 0.117188 0.228125 0.000200348
0 0.390625 0.712109 0.290625 0.316406 0.000204308
0 0.671875 0.600391 0.06875 0.0914062 0.000204848
0 0.796875 0.723047 0.148438 0.280469 0.000221801
0 0.730078 0.463281 0.139844 0.146875 0.000223498
0 0.183984 0.639063 0.185156 0.414062 0.000230428
0 0.757031 0.644531 0.117188 0.129688 0.000231268
0 0.299609 0.773047 0.152344 0.164844 0.000240005
0 0.391406 0.442578 0.110937 0.132031 0.000243703
0 0.3875 0.529688 0.103125 0.145313 0.000257605
0 0.801953 0.891016 0.236719 0.210156 0.000342494
0 0.176563 0.767969 0.110937 0.19375 0.000347484
0 0.6875 0.65 0.289062 0.4375 0.000398316
0 0.715625 0.641797 0.140625 0.180469 0.00041763
0 0.370313 0.492578 0.1 0.125781 0.000418884
0 0.364844 0.526172 0.248437 0.497656 0.000440987
0 0.282422 0.722266 0.150781 0.172656 0.000467108
0 0.670313 0.58125 0.151562 0.292188 0.000481481
0 0.75625 0.682031 0.140625 0.23125 0.000607223
0 0.241016 0.737891 0.147656 0.180469 0.000627281
0 0.870313 0.0847656 0.259375 0.169531 0.000685449
0 0.28125 0.834375 0.3375 0.242188 0.000751557
0 0.324609 0.7375 0.149219 0.178125 0.000780095
0 0.383984 0.494531 0.144531 0.240625 0.000794251
0 0.250781 0.5625 0.33125 0.592188 0.000887967
0 0.201953 0.778906 0.117969 0.140625 0.000919334
0 0.676562 0.617969 0.0921875 0.135937 0.000935187
0 0.397266 0.6375 0.166406 0.335938 0.00106412
0 0.834766 0.772266 0.200781 0.338281 0.00111097
0 0.682422 0.658203 0.114844 0.233594 0.00133791
0 0.782031 0.801172 0.198437 0.196094 0.00136573
0 0.688672 0.769922 0.202344 0.246094 0.00149261
0 0.244141 0.793359 0.235156 0.188281 0.00184435
0 0.760938 0.600781 0.251563 0.510938 0.00272622
0 0.721875 0.716797 0.1625 0.213281 0.00278344
0 0.337109 0.791016 0.238281 0.221094 0.00316526
0 0.205469 0.732031 0.14375 0.235938 0.00321522
0 0.772266 0.819922 0.274219 0.299219 0.00492156
0 0.372656 0.729688 0.179688 0.232812 0.00655092
0 0.253906 0.659766 0.234375 0.363281 0.00668001
0 0.696875 0.661328 0.160938 0.335156 0.0110005
0 0.333594 0.646484 0.278125 0.396094 0.0177132
0 0.3 0.739062 0.292188 0.245312 0.246044
0 0.742969 0.719141 0.240625 0.325781 0.26375
