0 0.304688 0.674219 0.284375 0.245312 0.000103531
0 0.874219 0.725781 0.1625 0.209375 0.000103653
0 0.1875 0.34375 0.08125 0.0921875 0.000105976
0 0.660156 0.520703 0.11875 0.142969 0.000110592
0 0.879297 0.654688 0.111719 0.153125 0.000113107
0 0.394141 0.548437 0.203906 0.28125 0.000116753
0 0.784375 0.59375 0.0890625 0.110937 0.00012003
0 0.853125 0.203516 0.071875 0.0710938 0.000132178
0 0.659375 0.403516 0.140625 0.191406 0.000136604
0 0.766406 0.63125 0.145313 0.18125 0.000148799
0 0.415234 0.1 0.266406 0.198437 0.000154991
0 0.803906 0.611328 0.090625 0.108594 0.000159539
0 0.491406 0.35 0.44375 0.660937 0.000160313
0 0.672266 0.458984 0.142969 0.191406 0.000171371
0 0.303125 0.60625 0.145313 0.145313 0.000212406
0 0.297266 0.18125 0.397656 0.346875 0.000218344
0 0.683203 0.556641 0.150781 0.194531 0.000219397
0 0.352344 0.0421875 0.239063 0.0796875 0.000224467
0 0.1875 0.65625 0.15625 0.142188 0.000247898
0 0.230859 0.660937 0.258594 0.204688 0.000248246
0 0.837891 0.535937 0.160156 0.220313 0.000253744
0 0.717578 0.488672 0.203906 0.208594 0.000357296
0 0.80625 0.649609 0.142188 0.155469 0.000392418
0 0.348828 0.537891 0.136719 0.152344 0.00040594
0 0.392188 0.0625 0.203125 0.125 0.000468459
0 0.239453 0.665625 0.332031 0.346875 0.000501466
0 0.302344 0.06875 0.354688 0.135937 0.000585636
0 0.869922 0.607813 0.135156 0.217187 0.000621324
0 0.373437 0.592969 0.142188 0.154687 0.000746415
0 0.812891 0.723047 0.214844 0.227344 0.000750012
0 0.777734 0.539453 0.213281 0.242969 0.000766802
0 0.286719 0.525781 0.25 0.254687 0.000790224
0 0.257812 0.593359 0.14375 0.147656 0.000819156
0 0.785937 0.576563 0.135937 0.164062 0.000837311
0 0.167187 0.636328 0.1 0.119531 0.000942794
0 0.751562 0.678906 0.271875 0.284375 0.0012247
0 0.738672 0.602344 0.238281 0.209375 0.00175445
0 0.790625 0.613672 0.298438 0.288281 0.00238313
0 0.842969 0.656641 0.179688 0.217969 0.00304519
0 0.205859 0.604297 0.185156 0.171094 0.00409564
0 0.33125 0.564844 0.204688 0.184375 0.00597724
0 0.8125 0.612109 0.2 0.196094 0.0140617
0 0.273828 0.592969 0.286719 0.185937 0.0250382
