0 0.344531 0.219141 0.0703125 0.0820312 0.000100422
0 0.609766 0.0699219 0.367969 0.139844 0.000104607
0 0.733594 0.321094 0.3 0.503125 0.000104742
0 0.345703 0.156641 0.124219 0.150781 0.00010617
0 0.549609 0.111328 0.130469 0.125781 0.000111355
0 0.600781 0.111328 0.1125 0.114844 0.000113264
0 0.258203 0.591797 0.0929687 0.110156 0.000115008
0 0.238672 0.424609 0.0851562 0.103906 0.000120183
0 0.274219 0.242969 0.0640625 0.0953125 0.000122378
0 0.639063 0.44375 0.140625 0.254687 0.00012314
0 0.583984 0.349609 0.128906 0.246094 0.000126053
0 0.714844 0.408984 0.117188 0.202344 0.000126143
0 0.426953 0.973437 0.150781 0.053125 0.000129119
0 0.641406 0.237109 0.06875 0.0835937 0.000129477
0 0.257422 0.323047 0.0789063 0.103906 0.000133661
0 0.262891 0.218359 0.0554687 0.0929687 0.000134147
0 0.588672 0.524609 0.132031 0.230469 0.000134882
0 0.246875 0.242969 0.0703125 0.10625 0.000135166
0 0.382812 0.223438 0.190625 0.320312 0.000136736
0 0.283984 0.153906 0.132031 0.146875 0.00013681
0 0.0320312 0.357812 0.0640625 0.715625 0.00013708
0 0.560547 0.134766 0.199219 0.169531 0.00013948
0 0.442969 0.451172 0.415625 0.824219 0.000169284
0 0.210156 0.555078 0.1125 0.253906 0.000171423
0 0.257422 0.555469 0.0914062 0.107813 0.000171633
0 0.282813 0.157031 0.221875 0.201562 0.000171862
0 0.318359 0.610156 0.214844 0.196875 0.00017871
0 0.221094 0.595703 0.0921875 0.114844 0.000184476
0 0.341016 0.471875 0.121094 0.251563 0.000185755
0 0.298438 0.260547 0.117188 0.194531 0.000191943
0 0.325 0.342969 0.134375 0.220313 0.000197445
0 0.185547 0.387109 0.199219 0.666406 0.00019831
0 0.4375 0.0773437 0.346875 0.154687 0.000201044
0 0.276953 0.180078 0.0414063 0.0757812 0.000219218
0 0.7125 0.322266 0.101562 0.236719 0.000228959
0 0.291016 0.642187 0.296094 0.2875 0.000238746
0 0.717578 0.55 0.0914062 0.114063 0.000238767
0 0.608203 0.579297 0.132031 0.157031 0.00024836
0 0.730859 0.5125 0.0804688 0.1 0.000253136
0 0.257031 0.426953 0.1125 0.175781 0.0002575
0 0.277344 0.196094 0.0671875 0.117188 0.000259414
0 0.254297 0.365234 0.0851562 0.103906 0.000272375
0 0.221094 0.123828 0.39375 0.247656 0.000276166
0 0.671875 0.239063 0.059375 0.090625 0.000278486
0 0.451953 0.187109 0.375781 0.349219 0.00029224
0 0.386328 0.977734 0.121094 0.0445312 0.000303128
0 0.640625 0.236328 0.0984375 0.119531 0.000308611
0 0.238672 0.574219 0.0914062 0.103125 0.000309445
0 0.342578 0.221484 0.107031 0.136719 0.000320252
0 0.353906 0.150781 0.2125 0.215625 0.000330375
0 0.298828 0.236328 0.327344 0.397656 0.000332035
0 0.599219 0.453516 0.315625 0.663281 0.000337558
0 0.660156 0.201172 0.1 0.157031 0.000347002
0 0.236719 0.386328 0.0890625 0.108594 0.000359932
0 0.612891 0.136719 0.274219 0.226562 0.000361102
0 0.282422 0.0753906 0.414844 0.150781 0.000363818
0 0.278516 0.200781 0.0960938 0.164062 0.000376717
0 0.226172 0.446484 0.108594 0.269531 0.000381525
0 0.243359 0.303906 0.0976562 0.184375 0.000401812
0 0.682031 0.451562 0.16875 0.214062 0.000424831
0 0.701563 0.514453 0.0859375 0.102344 0.000447033
0 0.221094 0.316797 0.128125 0.355469 0.000462233
0 0.274219 0.342969 0.11875 0.209375 0.000471313
0 0.743359 0.476953 0.136719 0.322656 0.000472296
0 0.375391 0.396094 0.241406 0.675 0.000521579
0 0.71875 0.5625 0.145313 0.157813 0.000535898
0 0.319141 0.191016 0.132031 0.169531 0.000554872
0 0.208203 0.630078 0.111719 0.191406 0.000590625
0 0.283594 0.472266 0.15 0.274219 0.000692413
0 0.517969 0.118359 0.4 0.236719 0.000701655
0 0.683203 0.386328 0.132031 0.250781 0.000740798
0 0.622656 0.271875 0.228125 0.398438 0.000780207
0 0.605859 0.448438 0.188281 0.4125 0.000810737
0 0.258594 0.243359 0.114063 0.211719 0.000855035
0 0.675781 0.195312 0.0515625 0.078125 0.000877791
0 0.676172 0.234766 0.0804688 0.150781 0.000902006
0 0.376563 0.125781 0.390625 0.251563 0.000939236
0 0.340234 0.273438 0.160156 0.34375 0.0012234
0 0.3 0.552344 0.148438 0.184375 0.00137708
0 0.328516 0.396094 0.166406 0.415625 0.00140656
0 0.649219 0.553906 0.2 0.184375 0.00148025
0 0.678516 0.502734 0.299219 0.330469 0.00154965
0 0.683203 0.277734 0.124219 0.255469 0.00188333
0 0.332422 0.524609 0.175781 0.260156 0.00217988
0 0.217969 0.479297 0.145313 0.416406 0.0023376
0 0.241406 0.364844 0.1125 0.220313 0.00267698
0 0.264062 0.271875 0.0875 0.128125 0.00294573
0 0.258984 0.273047 0.0632813 0.0851562 0.00307388
0 0.71875 0.511719 0.11875 0.153125 0.00320309
0 0.260547 0.532812 0.146094 0.225 0.00339567
0 0.270703 0.316406 0.161719 0.326562 0.00495135
0 0.248828 0.399219 0.139844 0.385938 0.0103935
0 0.696484 0.518359 0.182031 0.216406 0.0107457
0 0.25 0.592578 0.176563 0.224219 0.0165712
0 0.707812 0.397266 0.148438 0.391406 0.0183741
0 0.276563 0.532031 0.21875 0.310937 0.0647
0 0.285547 0.391797 0.224219 0.552344 0.172736
0 0.660156 0.367188 0.245312 0.507812 0.314883
