0 0.657812 0.448438 0.132812 0.2375 0.000100399
0 0.878516 0.757031 0.117969 0.159375 0.000100761
0 0.697656 0.166016 0.0875 0.0804688 0.000108762
0 0.427344 0.310547 0.135937 0.227344 0.000112899
0 0.258594 0.29375 0.08125 0.096875 0.000117048
0 0.821094 0.534766 0.126563 0.247656 0.000118725
0 0.709375 0.23125 0.148438 0.16875 0.000122047
0 0.267969 0.346094 0.170312 0.246875 0.000123158
0 0.777734 0.260156 0.0820312 0.114063 0.00012944
0 0.20625 0.597656 0.175 0.215625 0.000129726
0 0.225781 0.278125 0.075 0.110937 0.000134286
0 0.747656 0.266016 0.0578125 0.0492188 0.000136025
0 0.759766 0.535156 0.207031 0.19375 0.000136688
0 0.666797 0.562891 0.194531 0.282031 0.000137873
0 0.437109 0.264062 0.0992187 0.16875 0.000139861
0 0.448828 0.233203 0.0742188 0.121094 0.000141388
0 0.309766 0.311719 0.266406 0.396875 0.000142456
0 0.544141 0.429688 0.338281 0.38125 0.000143334
0 0.757422 0.264453 0.0601562 0.0742188 0.000144249
0 0.983984 0.437891 0.0320312 0.400781 0.000145308
0 0.700781 0.675391 0.146875 0.213281 0.000149674
0 0.291016 0.237109 0.121094 0.127344 0.000151069
0 0.257812 0.228906 0.0703125 0.104687 0.000155845
0 0.367969 0.303125 0.201562 0.259375 0.000160332
0 0.377344 0.676562 0.25625 0.24375 0.000171187
0 0.43125 0.455469 0.254687 0.471875 0.000181278
0 0.726172 0.317187 0.221094 0.323438 0.000181961
0 0.775781 0.324219 0.0546875 0.0796875 0.000186973
0 0.803516 0.400781 0.139844 0.2875 0.000196333
0 0.284375 0.270703 0.0921875 0.117969 0.000209769
0 0.774609 0.344141 0.111719 0.171094 0.000235686
0 0.746094 0.281641 0.0796875 0.0914062 0.00024067
0 0.246484 0.382031 0.177344 0.426562 0.000241038
0 0.796875 0.311719 0.0859375 0.134375 0.00026727
0 0.837891 0.599219 0.124219 0.196875 0.000267346
0 0.239063 0.633594 0.154687 0.201562 0.000269109
0 0.735156 0.311328 0.164062 0.205469 0.000276008
0 0.490625 0.308984 0.2625 0.386719 0.000280071
0 0.158984 0.714063 0.167969 0.220313 0.000329958
0 0.803516 0.488672 0.172656 0.375781 0.00034753
0 0.628516 0.378906 0.269531 0.315625 0.000385867
0 0.383594 0.530859 0.164062 0.305469 0.000398748
0 0.180859 0.639063 0.142969 0.195312 0.000410153
0 0.742969 0.635938 0.153125 0.232812 0.000413403
0 0.69375 0.484766 0.210938 0.396094 0.000415998
0 0.723437 0.574609 0.204688 0.207031 0.000437089
0 0.767969 0.310937 0.084375 0.125 0.000473223
0 0.358594 0.595703 0.160938 0.194531 0.000549758
0 0.300781 0.612891 0.153125 0.191406 0.000550986
0 0.257422 0.276172 0.130469 0.180469 0.000553305
0 0.784766 0.691016 0.155469 0.213281 0.000588439
0 0.242578 0.536328 0.241406 0.341406 0.000631968
0 0.773438 0.744141 0.296875 0.288281 0.000685469
0 0.269531 0.257812 0.0625 0.0859375 0.000772071
0 0.767969 0.409375 0.210938 0.432813 0.000936654
0 0.709766 0.679297 0.232031 0.271094 0.000981244
0 0.866406 0.652734 0.135937 0.278906 0.00118898
0 0.856641 0.726172 0.149219 0.235156 0.00138297
0 0.782031 0.599609 0.196875 0.210156 0.0020678
0 0.198828 0.678125 0.205469 0.226562 0.00244238
0 0.251563 0.265234 0.0875 0.108594 0.00254577
0 0.301172 0.468359 0.277344 0.485156 0.0026099
0 0.828516 0.586719 0.183594 0.359375 0.00275353
0 0.240625 0.708203 0.329688 0.272656 0.00337878
0 0.744141 0.577734 0.271094 0.360156 0.00514148
0 0.820703 0.656641 0.144531 0.247656 0.00661369
0 0.326953 0.580859 0.244531 0.274219 0.00688599
0 0.278125 0.636328 0.317187 0.271094 0.21188
0 0.779688 0.655469 0.260938 0.3 0.222293
