0 0.65625 0.637891 0.0890625 0.113281 0.000100236
0 0.325 0.403516 0.0921875 0.130469 0.000102228
0 0.132422 0.8875 0.0367187 0.0375 0.000103975
0 0.130859 0.740234 0.0351562 0.0570313 0.000104031
0 0.788672 0.892187 0.0601562 0.0609375 0.000110821
0 0.636719 0.908203 0.0625 0.0960938 0.000111023
0 0.225391 0.551562 0.0742188 0.123438 0.000111045
0 0.126953 0.757812 0.0382813 0.06875 0.000111712
0 0.800391 0.629297 0.128906 0.274219 0.000115368
0 0.301953 0.494141 0.0898438 0.0976562 0.000116773
0 0.0566406 0.360938 0.0867188 0.2 0.000118603
0 0.0546875 0.407031 0.03125 0.0703125 0.000119402
0 0.923437 0.863281 0.0453125 0.1375 0.0001197
0 0.921094 0.656641 0.0375 0.122656 0.000122859
0 0.788281 0.886328 0.0484375 0.0382813 0.000125762
0 0.0683594 0.516016 0.0398437 0.0960938 0.000126146
0 0.0539063 0.512891 0.025 0.0851562 0.000127171
0 0.415625 0.260156 0.135937 0.15625 0.000134177
0 0.0796875 0.468359 0.040625 0.0757812 0.000134195
0 0.679688 0.689844 0.14375 0.145313 0.000136464
0 0.650391 0.888672 0.0429688 0.0507812 0.000138844
0 0.917969 0.895703 0.040625 0.0898438 0.000140169
0 0.419922 0.48125 0.189844 0.465625 0.000142698
0 0.228906 0.592188 0.0765625 0.084375 0.000143076
0 0.746875 0.889063 0.0421875 0.034375 0.000144012
0 0.244922 0.603516 0.141406 0.113281 0.000149492
0 0.1125 0.894531 0.034375 0.0734375 0.000150984
0 0.380078 0.555078 0.0898438 0.110156 0.000151397
0 0.640234 0.881641 0.0742188 0.0726563 0.000154124
0 0.286719 0.378516 0.06875 0.0742188 0.000155047
0 0.365625 0.330469 0.298438 0.43125 0.000155213
0 0.305859 0.656641 0.280469 0.297656 0.000160103
0 0.605078 0.907031 0.0757812 0.101562 0.000165327
0 0.742578 0.611719 0.0851562 0.109375 0.000166911
0 0.0644531 0.440625 0.0679687 0.171875 0.0001713
0 0.416406 0.528516 0.159375 0.267969 0.000174885
0 0.403516 0.221875 0.0992187 0.084375 0.000176706
0 0.630078 0.569531 0.160156 0.292188 0.00018115
0 0.805078 0.890625 0.0367187 0.0421875 0.000185557
0 0.0660156 0.323438 0.0445312 0.0703125 0.000186509
0 0.361719 0.341016 0.123438 0.172656 0.000186562
0 0.663281 0.448828 0.120312 0.161719 0.000188366
0 0.740234 0.913672 0.0554687 0.0789063 0.000189514
0 0.0566406 0.432813 0.0335938 0.078125 0.000190698
0 0.735547 0.416797 0.177344 0.400781 0.000191113
0 0.0574219 0.467969 0.0304688 0.0703125 0.000191405
0 0.388281 0.591406 0.08125 0.10625 0.000192083
0 0.921094 0.823828 0.0359375 0.119531 0.000192153
0 0.0519531 0.328125 0.0304688 0.0609375 0.000197196
0 0.0777344 0.358984 0.0570313 0.108594 0.000202795
0 0.344141 0.605078 0.142969 0.149219 0.000205874
0 0.323828 0.585156 0.0914062 0.10625 0.000206731
0 0.321094 0.514844 0.0890625 0.107813 0.000207644
0 0.319531 0.430469 0.129688 0.242188 0.000209168
0 0.361328 0.537891 0.0867188 0.107031 0.00021234
0 0.0652344 0.385938 0.0429688 0.0703125 0.000214614
0 0.286719 0.38125 0.0875 0.120312 0.000216177
0 0.0824219 0.426172 0.0523437 0.108594 0.000217707
0 0.0625 0.346875 0.0421875 0.09375 0.000220147
0 0.324219 0.380859 0.071875 0.0773437 0.000226666
0 0.789844 0.676562 0.0796875 0.096875 0.00023587
0 0.282031 0.513672 0.090625 0.110156 0.000243195
0 0.739453 0.491797 0.130469 0.211719 0.000246177
0 0.385547 0.238672 0.0757812 0.0898438 0.000249828
0 0.3 0.325 0.078125 0.121875 0.000257087
0 0.358984 0.401172 0.0601562 0.0617188 0.000258592
0 0.0507812 0.3625 0.0484375 0.140625 0.000262111
0 0.780859 0.527344 0.163281 0.432813 0.000264162
0 0.74375 0.674219 0.0890625 0.101562 0.00026964
0 0.339453 0.363281 0.0898438 0.126563 0.00027004
0 0.785156 0.7125 0.1125 0.14375 0.000274378
0 0.711719 0.469531 0.075 0.084375 0.000280125
0 0.755078 0.573047 0.0882813 0.100781 0.000282951
0 0.111328 0.889844 0.0226563 0.0421875 0.000283552
0 0.672656 0.257422 0.0765625 0.0726563 0.000289002
0 0.639844 0.670313 0.129688 0.134375 0.000301545
0 0.633203 0.887891 0.0492188 0.0507812 0.000302485
0 0.919922 0.769531 0.0289063 0.09375 0.000311859
0 0.263281 0.453516 0.109375 0.232031 0.000322404
0 0.916016 0.891016 0.0242187 0.0367187 0.000325489
0 0.0585938 0.48125 0.0453125 0.159375 0.000343282
0 0.740234 0.552734 0.0882813 0.0945313 0.000356963
0 0.672656 0.389453 0.153125 0.269531 0.000370588
0 0.34375 0.390625 0.075 0.084375 0.000376532
0 0.670313 0.270312 0.101562 0.114063 0.000379923
0 0.360938 0.49375 0.139062 0.264062 0.000395569
0 0.562109 0.880469 0.0601562 0.0625 0.00040415
0 0.28125 0.388672 0.145313 0.285156 0.00040761
0 0.920703 0.695703 0.0304688 0.105469 0.000408811
0 0.683594 0.575781 0.173438 0.21875 0.000409696
0 0.576172 0.903516 0.0679687 0.0804688 0.000411173
0 0.760156 0.690625 0.08125 0.0875 0.000413876
0 0.344141 0.297656 0.0726563 0.0859375 0.000435161
0 0.0511719 0.367188 0.0289063 0.0859375 0.000437423
0 0.400781 0.592578 0.114063 0.188281 0.000475407
0 0.302734 0.534375 0.0929687 0.1125 0.000486362
0 0.0644531 0.4125 0.0445312 0.0953125 0.000518306
0 0.0753906 0.396484 0.0554687 0.116406 0.000526644
0 0.739062 0.708203 0.164062 0.133594 0.00052705
0 0.0550781 0.401953 0.0476562 0.144531 0.000538507
0 0.380859 0.363281 0.182031 0.346875 0.000565224
0 0.594141 0.888281 0.0570313 0.0421875 0.000584449
0 0.267969 0.553125 0.090625 0.096875 0.000611001
0 0.742969 0.664062 0.28125 0.321875 0.000627112
0 0.921484 0.732422 0.0289063 0.0929687 0.000641199
0 0.342578 0.621875 0.219531 0.198437 0.000667488
0 0.762891 0.638672 0.0882813 0.111719 0.000680316
0 0.605469 0.880859 0.06875 0.0617188 0.00072043
0 0.249609 0.572656 0.107031 0.109375 0.000737804
0 0.388672 0.244531 0.121094 0.115625 0.000757115
0 0.699219 0.509375 0.15625 0.1875 0.000807836
0 0.696875 0.467969 0.114063 0.120312 0.000833275
0 0.285937 0.601953 0.20625 0.157031 0.000910274
0 0.719922 0.672266 0.146094 0.153906 0.000927054
0 0.672656 0.485547 0.160938 0.278906 0.000972962
0 0.574219 0.889453 0.0484375 0.0398437 0.000995542
0 0.358594 0.277344 0.06875 0.078125 0.00102311
0 0.301172 0.361328 0.0679687 0.0789063 0.00103108
0 0.0628906 0.45 0.0414063 0.078125 0.0010392
0 0.0605469 0.492188 0.0351562 0.0921875 0.00106145
0 0.317187 0.354688 0.123438 0.178125 0.00110637
0 0.365234 0.288672 0.160156 0.191406 0.00112147
0 0.326953 0.319531 0.0960938 0.13125 0.00116747
0 0.341016 0.554297 0.0929687 0.107031 0.00126706
0 0.3125 0.35625 0.0953125 0.114063 0.00145237
0 0.3 0.56875 0.09375 0.0890625 0.00185495
0 0.0707031 0.433594 0.0445312 0.0875 0.00195865
0 0.266406 0.514453 0.128125 0.185156 0.00196357
0 0.0683594 0.475781 0.0414063 0.09375 0.0020593
0 0.658594 0.635938 0.178125 0.182812 0.00207466
0 0.358594 0.276953 0.09375 0.114844 0.00238399
0 0.753516 0.555469 0.128906 0.2625 0.00379309
0 0.319531 0.515625 0.14375 0.182812 0.00431557
0 0.370313 0.564844 0.157813 0.170312 0.00522195
0 0.690625 0.477734 0.221875 0.469531 0.00533982
0 0.288672 0.569922 0.144531 0.117969 0.00753615
0 0.698828 0.669922 0.233594 0.202344 0.00890637
0 0.317969 0.553125 0.276563 0.271875 0.00985941
0 0.767187 0.669141 0.117188 0.133594 0.0102617
0 0.288672 0.486328 0.175781 0.269531 0.0107452
0 0.758203 0.634375 0.146094 0.214062 0.0276207
0 0.335938 0.441406 0.223438 0.40625 0.0415538
0 0.3125 0.553906 0.2 0.178125 0.153319
0 0.716797 0.573828 0.211719 0.324219 0.229055
