0 0.383984 0.425391 0.0929687 0.107031 0.000101025
0 0.673047 0.514453 0.107031 0.272656 0.00010225
0 0.834766 0.6875 0.292969 0.534375 0.000104944
0 0.268359 0.0695312 0.428906 0.139062 0.000105036
0 0.828516 0.394141 0.308594 0.599219 0.000107651
0 0.716797 0.319922 0.0914062 0.107031 0.000107772
0 0.780859 0.34375 0.0679687 0.0875 0.000108265
0 0.307031 0.798437 0.078125 0.13125 0.000110398
0 0.428516 0.310156 0.174219 0.145313 0.000110817
0 0.763672 0.389062 0.114844 0.195312 0.000116195
0 0.685547 0.680078 0.116406 0.183594 0.000118621
0 0.342969 0.761328 0.0875 0.110156 0.000125523
0 0.230859 0.535937 0.350781 0.773438 0.000125918
0 0.74375 0.530469 0.148438 0.284375 0.000134558
0 0.785547 0.46875 0.0898438 0.1 0.000134629
0 0.0515625 0.971875 0.103125 0.05625 0.000138806
0 0.633594 0.107031 0.46875 0.214062 0.000143721
0 0.698047 0.423438 0.122656 0.23125 0.000145731
0 0.3875 0.552344 0.1125 0.185937 0.000154742
0 0.0984375 0.896484 0.196875 0.207031 0.000157403
0 0.448047 0.471484 0.164844 0.352344 0.000163542
0 0.142188 0.06875 0.2625 0.1375 0.000168983
0 0.204688 0.273438 0.379687 0.546875 0.000169508
0 0.815234 0.0378906 0.328906 0.0757812 0.000174687
0 0.771875 0.718359 0.246875 0.360156 0.000177186
0 0.397266 0.356641 0.311719 0.336719 0.000179175
0 0.0996094 0.971875 0.189844 0.05625 0.000182869
0 0.780078 0.423828 0.0773437 0.0945313 0.000194539
0 0.798828 0.386328 0.0960938 0.182031 0.000208282
0 0.194141 0.129688 0.363281 0.259375 0.000212498
0 0.725781 0.234375 0.404687 0.360938 0.000218021
0 0.363281 0.408594 0.0890625 0.1125 0.000236457
0 0.760547 0.294141 0.200781 0.183594 0.000236818
0 0.830078 0.530859 0.103906 0.286719 0.000248323
0 0.059375 0.9375 0.11875 0.125 0.000249815
0 0.350391 0.505859 0.111719 0.208594 0.000250387
0 0.483594 0.320312 0.0703125 0.078125 0.000261776
0 0.764453 0.469531 0.122656 0.175 0.000265449
0 0.368359 0.611719 0.116406 0.245312 0.000277869
0 0.114063 0.942578 0.220313 0.114844 0.000288269
0 0.778125 0.34375 0.0984375 0.126563 0.000292438
0 0.425 0.653125 0.11875 0.24375 0.000293711
0 0.683203 0.363672 0.128906 0.227344 0.000308891
0 0.726172 0.328906 0.322656 0.315625 0.000310861
0 0.346875 0.444531 0.0828125 0.1125 0.000315789
0 0.406641 0.614844 0.0757812 0.10625 0.000317477
0 0.41875 0.446484 0.148438 0.242969 0.000325636
0 0.762891 0.59375 0.141406 0.226562 0.000326744
0 0.803906 0.361328 0.0609375 0.0976562 0.000329644
0 0.295703 0.514844 0.217969 0.453125 0.000349775
0 0.912109 0.126563 0.174219 0.253125 0.000352458
0 0.726172 0.0644531 0.446094 0.128906 0.000354046
0 0.384766 0.682031 0.289844 0.417188 0.000370456
0 0.688281 0.613281 0.13125 0.226562 0.000380724
0 0.362109 0.758984 0.142969 0.164844 0.000446366
0 0.797266 0.636328 0.180469 0.188281 0.000454325
0 0.819531 0.232422 0.353125 0.464844 0.000503267
0 0.461328 0.327734 0.125781 0.119531 0.000530076
0 0.800391 0.471484 0.103906 0.185156 0.000540692
0 0.334766 0.426172 0.111719 0.228906 0.000580368
0 0.428906 0.346094 0.123438 0.120312 0.00060823
0 0.325 0.76875 0.0984375 0.167187 0.000656945
0 0.814844 0.110156 0.370313 0.21875 0.00067882
0 0.804297 0.533203 0.113281 0.211719 0.000695816
0 0.782812 0.426953 0.103125 0.202344 0.000879983
0 0.756641 0.338281 0.0898438 0.084375 0.000881712
0 0.692969 0.53125 0.16875 0.38125 0.000934216
0 0.407422 0.593359 0.102344 0.208594 0.000984359
0 0.740234 0.662109 0.183594 0.214844 0.000999594
0 0.401172 0.692187 0.182031 0.28125 0.00105073
0 0.854688 0.0683594 0.2875 0.136719 0.00112029
0 0.796875 0.414844 0.1375 0.326562 0.00113019
0 0.835938 0.594922 0.201562 0.441406 0.00123332
0 0.754297 0.352734 0.171094 0.202344 0.00126998
0 0.705469 0.392188 0.195312 0.303125 0.00154437
0 0.372266 0.379687 0.178906 0.246875 0.0015481
0 0.744531 0.323047 0.121875 0.130469 0.00172276
0 0.392188 0.600391 0.14375 0.344531 0.002272
0 0.344141 0.703906 0.136719 0.303125 0.00242575
0 0.351953 0.542578 0.283594 0.611719 0.00248465
0 0.428516 0.366797 0.189844 0.200781 0.00392926
0 0.712109 0.323828 0.155469 0.183594 0.00517318
0 0.770703 0.592969 0.211719 0.315625 0.00707549
0 0.361719 0.591016 0.165625 0.538281 0.00758116
0 0.368359 0.448438 0.138281 0.25625 0.00906947
0 0.340234 0.475781 0.144531 0.357812 0.0116169
0 0.796484 0.521094 0.150781 0.370313 0.0439111
0 0.389062 0.464844 0.198437 0.403125 0.300268
0 0.753516 0.476562 0.235156 0.473437 0.32591
