0 0.298438 0.451172 0.090625 0.103906 0.00010588
0 0.364844 0.75625 0.296875 0.259375 0.000107275
0 0.258594 0.222656 0.232812 0.31875 0.000107688
0 0.249609 0.306641 0.321094 0.474219 0.000108557
0 0.803125 0.407813 0.0890625 0.107813 0.000110223
0 0.385547 0.195703 0.0882813 0.0960938 0.000112242
0 0.2625 0.640234 0.0796875 0.117969 0.000112729
0 0.323438 0.674219 0.151562 0.15 0.00012354
0 0.665625 0.439063 0.159375 0.240625 0.000126468
0 0.415234 0.615625 0.111719 0.173438 0.000128734
0 0.0140625 0.508594 0.025 0.257812 0.000130298
0 0.388281 0.658203 0.0890625 0.100781 0.000131097
0 0.416406 0.222656 0.301562 0.282813 0.000138134
0 0.825391 0.389062 0.0867188 0.109375 0.000140272
0 0.268359 0.363672 0.0820312 0.191406 0.000141443
0 0.400781 0.510547 0.0921875 0.207031 0.000142393
0 0.838281 0.30625 0.134375 0.264062 0.000149962
0 0.285547 0.221094 0.125781 0.165625 0.000153853
0 0.74375 0.425781 0.1375 0.195312 0.000155278
0 0.826172 0.428516 0.0851562 0.102344 0.000164973
0 0.305859 0.723437 0.227344 0.170312 0.000168353
0 0.713672 0.164453 0.174219 0.153906 0.000169827
0 0.213672 0.642187 0.178906 0.371875 0.000176576
0 0.870313 0.323047 0.184375 0.382031 0.00017741
0 0.713672 0.216016 0.0867188 0.108594 0.000178196
0 0.409375 0.677734 0.145313 0.152344 0.000181072
0 0.807813 0.594141 0.364062 0.382031 0.000183807
0 0.558203 0.0347656 0.388281 0.0695312 0.000183867
0 0.0199219 0.520312 0.0398437 0.392188 0.000187385
0 0.402344 0.537109 0.3125 0.421094 0.000187847
0 0.0253906 0.647266 0.0476562 0.483594 0.000188734
0 0.276953 0.470313 0.0851562 0.104687 0.000190135
0 0.383203 0.705078 0.216406 0.167969 0.000197265
0 0.701172 0.280859 0.136719 0.252344 0.000197995
0 0.7625 0.469922 0.140625 0.150781 0.000199939
0 0.898828 0.520703 0.152344 0.175781 0.000209358
0 0.0308594 0.603125 0.0617188 0.740625 0.000230553
0 0.802344 0.280859 0.128125 0.178906 0.00026425
0 0.760938 0.182812 0.235938 0.204688 0.000270836
0 0.342578 0.428906 0.157031 0.176563 0.000271081
0 0.405078 0.280859 0.125781 0.210156 0.000283317
0 0.308594 0.147656 0.3375 0.270312 0.000294392
0 0.258984 0.677734 0.0835937 0.113281 0.000310496
0 0.445703 0.116406 0.382031 0.214062 0.000311883
0 0.694922 0.198437 0.0898438 0.109375 0.000312699
0 0.842578 0.545313 0.271094 0.210938 0.000316155
0 0.368359 0.489453 0.132031 0.261719 0.000319102
0 0.326562 0.220313 0.126563 0.15 0.000323235
0 0.397266 0.384766 0.291406 0.535156 0.000336034
0 0.823828 0.467187 0.147656 0.170312 0.000341794
0 0.4125 0.190625 0.135937 0.1375 0.000346763
0 0.3875 0.616016 0.0828125 0.0960938 0.000350648
0 0.739062 0.547656 0.26875 0.245312 0.000350706
0 0.271094 0.704687 0.139062 0.146875 0.000363486
0 0.392188 0.450781 0.0859375 0.115625 0.000368158
0 0.804688 0.240625 0.0671875 0.0984375 0.000373174
0 0.323438 0.364453 0.142188 0.250781 0.000381788
0 0.283203 0.276563 0.0695312 0.101562 0.000436392
0 0.321094 0.529688 0.146875 0.260938 0.000443823
0 0.367188 0.301172 0.1375 0.200781 0.000473708
0 0.758203 0.280469 0.166406 0.198437 0.00047668
0 0.528906 0.0632813 0.423438 0.126563 0.000484463
0 0.764063 0.346484 0.134375 0.236719 0.000489115
0 0.664062 0.144922 0.229687 0.197656 0.000494205
0 0.388672 0.385156 0.125781 0.246875 0.000509078
0 0.257422 0.543359 0.300781 0.516406 0.000579546
0 0.845703 0.405078 0.0851562 0.107031 0.00060354
0 0.268359 0.427344 0.0929687 0.253125 0.000629528
0 0.41875 0.355469 0.15 0.420312 0.00065388
0 0.385547 0.597266 0.113281 0.161719 0.000663545
0 0.364844 0.171875 0.146875 0.120312 0.000672573
0 0.298828 0.467969 0.124219 0.225 0.000732552
0 0.800781 0.241797 0.18125 0.224219 0.000757505
0 0.787891 0.424609 0.144531 0.178906 0.000760507
0 0.802734 0.237109 0.0976562 0.139844 0.00079276
0 0.877344 0.475 0.151562 0.20625 0.000848272
0 0.342578 0.595312 0.191406 0.198437 0.000852147
0 0.4125 0.479297 0.121875 0.344531 0.000876018
0 0.703125 0.479297 0.196875 0.216406 0.000878876
0 0.300391 0.260547 0.110156 0.149219 0.000936987
0 0.708984 0.392578 0.261719 0.382031 0.000955554
0 0.280859 0.657031 0.135156 0.182812 0.0010188
0 0.869922 0.402734 0.138281 0.267969 0.00105646
0 0.683594 0.195312 0.148438 0.1625 0.00113166
0 0.267578 0.53125 0.103906 0.278125 0.00113465
0 0.392188 0.448047 0.107813 0.192969 0.00150341
0 0.284375 0.310547 0.110937 0.250781 0.00170284
0 0.765625 0.388672 0.209375 0.203906 0.00170699
0 0.384766 0.645703 0.142969 0.174219 0.00202345
0 0.384766 0.557813 0.141406 0.295312 0.00252986
0 0.322266 0.266016 0.172656 0.232031 0.00258268
0 0.251953 0.641797 0.111719 0.249219 0.00275613
0 0.707812 0.269922 0.235938 0.332031 0.00327209
0 0.382422 0.230859 0.167969 0.213281 0.00331344
0 0.343359 0.667188 0.233594 0.198437 0.00343409
0 0.805469 0.344922 0.15 0.278906 0.00361361
0 0.842578 0.408594 0.132031 0.179688 0.00394345
0 0.285547 0.403516 0.125781 0.382031 0.00487841
0 0.383984 0.438672 0.150781 0.460156 0.00507977
0 0.79375 0.492969 0.30625 0.248437 0.0100684
0 0.722656 0.226953 0.189063 0.203906 0.0104798
0 0.353125 0.307813 0.210938 0.360938 0.0156895
0 0.277734 0.521484 0.135156 0.428906 0.0172285
0 0.808594 0.430859 0.226562 0.253906 0.0244714
0 0.304688 0.603125 0.204688 0.304688 0.0273943
0 0.323438 0.440625 0.223438 0.584375 0.12613
0 0.777344 0.332422 0.260938 0.427344 0.257542
