0 0.05625 0.046875 0.107813 0.09375 0.000101684
0 0.348047 0.675391 0.0695312 0.111719 0.000101783
0 0.0433594 0.676562 0.0867188 0.185937 0.000102549
0 0.322656 0.805859 0.19375 0.299219 0.000103938
0 0.0273438 0.850781 0.0546875 0.298438 0.000104281
0 0.780078 0.521875 0.0726563 0.0953125 0.000106804
0 0.858594 0.663281 0.114063 0.20625 0.000109455
0 0.408984 0.467578 0.0679687 0.0929687 0.000116449
0 0.466797 0.438672 0.125781 0.164844 0.000118161
0 0.0472656 0.815625 0.0945313 0.364062 0.000118244
0 0.444141 0.742188 0.0851562 0.109375 0.000121123
0 0.386719 0.726172 0.0859375 0.113281 0.000123868
0 0.385547 0.554688 0.0882813 0.096875 0.000124267
0 0.423438 0.416797 0.0625 0.0789063 0.000127713
0 0.695703 0.696875 0.146094 0.273438 0.00012835
0 0.0171875 0.551562 0.0328125 0.24375 0.000130962
0 0.494141 0.604297 0.188281 0.478906 0.00013318
0 0.520312 0.392969 0.075 0.145313 0.000136705
0 0.891406 0.772266 0.176563 0.255469 0.000137446
0 0.440625 0.430859 0.0640625 0.0867188 0.000142839
0 0.772656 0.513281 0.298438 0.49375 0.000145625
0 0.719141 0.758594 0.135156 0.240625 0.000147792
0 0.0152344 0.714453 0.0304688 0.208594 0.000151009
0 0.517969 0.370703 0.05625 0.0914062 0.000153057
0 0.425781 0.725 0.0875 0.110937 0.000155956
0 0.724609 0.552344 0.141406 0.228125 0.00015845
0 0.442969 0.46875 0.101562 0.151562 0.000163072
0 0.791406 0.509766 0.107813 0.132031 0.000176281
0 0.362891 0.651953 0.0773437 0.108594 0.000177047
0 0.858984 0.762109 0.0898438 0.113281 0.000196344
0 0.808594 0.807031 0.2375 0.198437 0.000201946
0 0.48125 0.700391 0.29375 0.403906 0.000202049
0 0.459375 0.568359 0.114063 0.122656 0.000204036
0 0.431641 0.515234 0.0835937 0.105469 0.000207351
0 0.463281 0.639063 0.11875 0.284375 0.000207558
0 0.36875 0.775781 0.123438 0.146875 0.000213936
0 0.0589844 0.701953 0.117969 0.442969 0.000214519
0 0.387109 0.830469 0.266406 0.257812 0.000216551
0 0.0835937 0.604688 0.167187 0.475 0.000216776
0 0.378125 0.613281 0.0890625 0.101562 0.000222644
0 0.496484 0.453125 0.139844 0.226562 0.000236775
0 0.405469 0.427344 0.125 0.154687 0.000236983
0 0.290234 0.695703 0.188281 0.478906 0.000239234
0 0.05 0.48125 0.1 0.509375 0.000262453
0 0.351953 0.615625 0.0710938 0.110937 0.000276741
0 0.407813 0.470313 0.09375 0.148438 0.000286275
0 0.744922 0.487109 0.127344 0.166406 0.000286367
0 0.404687 0.417578 0.0859375 0.107031 0.000290108
0 0.407031 0.570312 0.0890625 0.0875 0.000338259
0 0.805469 0.776172 0.140625 0.150781 0.000350932
0 0.877734 0.791406 0.152344 0.148438 0.00035483
0 0.724609 0.616016 0.161719 0.196094 0.000385389
0 0.366016 0.789453 0.178906 0.203906 0.000396737
0 0.423438 0.614453 0.142188 0.200781 0.000401014
0 0.877344 0.720703 0.125 0.228906 0.000408931
0 0.369922 0.555078 0.107031 0.194531 0.000458589
0 0.0308594 0.724219 0.0601562 0.31875 0.000468869
0 0.479688 0.760547 0.154687 0.160156 0.000499884
0 0.0167969 0.633984 0.0335938 0.232031 0.000567244
0 0.0304688 0.529688 0.05625 0.401563 0.00057483
0 0.429297 0.783594 0.224219 0.182812 0.000632749
0 0.762891 0.760156 0.138281 0.179688 0.000641221
0 0.831641 0.578516 0.203906 0.413281 0.00064459
0 0.818359 0.635156 0.130469 0.254687 0.000807791
0 0.428906 0.552344 0.084375 0.084375 0.000886142
0 0.766797 0.490625 0.0992187 0.11875 0.000909264
0 0.361328 0.567187 0.128906 0.34375 0.000937256
0 0.741797 0.696094 0.135156 0.267188 0.000959288
0 0.841016 0.741016 0.0804688 0.107031 0.00100878
0 0.452734 0.524609 0.117969 0.150781 0.00101244
0 0.779297 0.594531 0.174219 0.215625 0.00102297
0 0.422656 0.439453 0.08125 0.111719 0.00110331
0 0.0464844 0.607813 0.0914062 0.351562 0.00110566
0 0.366406 0.614453 0.090625 0.166406 0.00117949
0 0.444531 0.722266 0.132812 0.185156 0.00120559
0 0.350391 0.656641 0.0835937 0.207031 0.00130454
0 0.0269531 0.641406 0.0507812 0.289062 0.00172
0 0.451562 0.558203 0.14375 0.305469 0.00190635
0 0.785937 0.678125 0.145313 0.25625 0.00197995
0 0.770703 0.527344 0.138281 0.204688 0.00206521
0 0.395312 0.7375 0.292188 0.298438 0.00209755
0 0.405469 0.755859 0.135937 0.124219 0.00230278
0 0.425 0.551562 0.129688 0.123438 0.0023857
0 0.38125 0.637109 0.123438 0.261719 0.00279292
0 0.408203 0.578906 0.271094 0.553125 0.00293001
0 0.45625 0.684375 0.189063 0.3 0.00379637
0 0.403906 0.532031 0.153125 0.234375 0.00460505
0 0.744531 0.575781 0.201562 0.328125 0.00647832
0 0.844922 0.757422 0.152344 0.172656 0.00773741
0 0.358594 0.697656 0.128125 0.285937 0.00819718
0 0.837109 0.691406 0.177344 0.290625 0.0136183
0 0.395312 0.743359 0.192188 0.205469 0.0182598
0 0.795313 0.738672 0.23125 0.238281 0.0227435
0 0.402344 0.645312 0.185937 0.353125 0.0809075
0 0.783984 0.641406 0.227344 0.385938 0.152843
