0 0.0890625 0.788281 0.178125 0.389062 0.000101054
0 0.252344 0.302344 0.234375 0.334375 0.000101259
0 0.220313 0.789453 0.348437 0.397656 0.000104644
0 0.639453 0.785547 0.399219 0.391406 0.000105989
0 0.687109 0.274609 0.221094 0.325781 0.000106564
0 0.969531 0.725781 0.059375 0.525 0.000108197
0 0.300391 0.427344 0.146094 0.182812 0.000115697
0 0.741797 0.547266 0.216406 0.216406 0.000120164
0 0.0285156 0.733594 0.0554687 0.5 0.000121406
0 0.331641 0.200781 0.199219 0.235938 0.000125902
0 0.379687 0.595703 0.167187 0.205469 0.000127826
0 0.282813 0.653516 0.146875 0.171094 0.000132717
0 0.975391 0.439453 0.0492188 0.482031 0.000139143
0 0.759766 0.431641 0.144531 0.274219 0.000139243
0 0.448828 0.713281 0.447656 0.542188 0.000139626
0 0.953125 0.603125 0.09375 0.534375 0.000150753
0 0.644531 0.217187 0.2125 0.29375 0.000151534
0 0.761719 0.658203 0.209375 0.199219 0.00015519
0 0.348828 0.775781 0.357031 0.415625 0.000156157
0 0.2625 0.3875 0.109375 0.234375 0.00016331
0 0.800391 0.548828 0.139844 0.266406 0.000171358
0 0.833594 0.705078 0.304688 0.507031 0.000183058
0 0.547266 0.523828 0.411719 0.605469 0.000196836
0 0.207813 0.560938 0.24375 0.49375 0.000207628
0 0.664062 0.558984 0.264062 0.346094 0.000218559
0 0.701172 0.426953 0.194531 0.205469 0.000227137
0 0.699609 0.645703 0.236719 0.330469 0.000232071
0 0.320312 0.491406 0.146875 0.271875 0.000240832
0 0.976953 0.603906 0.0460938 0.457812 0.000268237
0 0.03125 0.526953 0.0609375 0.613281 0.00027814
0 0.0574219 0.632812 0.110156 0.695312 0.0002896
0 0.405078 0.300781 0.167969 0.379687 0.000326807
0 0.325781 0.260156 0.151562 0.142188 0.000349713
0 0.475 0.394141 0.425 0.652344 0.000365193
0 0.342578 0.63125 0.182031 0.184375 0.000403823
0 0.382031 0.223438 0.157813 0.21875 0.000416797
0 0.341797 0.557031 0.174219 0.215625 0.000476438
0 0.281641 0.673047 0.228906 0.232031 0.000491609
0 0.832812 0.564062 0.220313 0.46875 0.000500207
0 0.720703 0.490234 0.211719 0.200781 0.000545322
0 0.262109 0.469531 0.113281 0.229687 0.000561343
0 0.801172 0.689844 0.222656 0.289062 0.000575821
0 0.667969 0.605859 0.395312 0.589844 0.000581783
0 0.671094 0.442187 0.226562 0.367188 0.000696799
0 0.744141 0.336328 0.199219 0.407031 0.000733897
0 0.250391 0.601562 0.180469 0.264062 0.000795109
0 0.352734 0.268359 0.194531 0.232031 0.000799608
0 0.736719 0.725781 0.315625 0.360938 0.000850602
0 0.289453 0.366406 0.172656 0.34375 0.000878052
0 0.780078 0.491016 0.141406 0.242969 0.000993586
0 0.3 0.667188 0.326562 0.367188 0.000994544
0 0.673437 0.321875 0.290625 0.553125 0.00103696
0 0.282422 0.532031 0.149219 0.279687 0.00109834
0 0.302734 0.597266 0.194531 0.200781 0.00150841
0 0.378906 0.564062 0.21875 0.31875 0.00158233
0 0.373828 0.359375 0.253906 0.553125 0.00221557
0 0.379687 0.519922 0.298438 0.485156 0.00241871
0 0.253906 0.482422 0.19375 0.475781 0.00393831
0 0.791406 0.483594 0.214062 0.44375 0.00408082
0 0.758984 0.592188 0.280469 0.49375 0.0115582
0 0.305078 0.590625 0.247656 0.317187 0.0182235
0 0.315234 0.450781 0.238281 0.526563 0.162968
0 0.725 0.450781 0.273438 0.557813 0.222427
