0 0.720703 0.842188 0.236719 0.275 0.00010065
0 0.0167969 0.882031 0.0335938 0.235938 0.00010312
0 0.988672 0.716016 0.0195312 0.222656 0.00010414
0 0.273438 0.216406 0.148438 0.128125 0.000108299
0 0.982813 0.646875 0.0328125 0.510938 0.000109328
0 0.703125 0.775781 0.14375 0.18125 0.000110091
0 0.659375 0.794922 0.25625 0.182031 0.000113438
0 0.0261719 0.730859 0.0492188 0.346094 0.000116206
0 0.121875 0.361328 0.120312 0.189844 0.000116912
0 0.182422 0.253125 0.207031 0.164062 0.000121029
0 0.102344 0.739453 0.11875 0.208594 0.00012186
0 0.305859 0.783984 0.144531 0.194531 0.000123321
0 0.990234 0.839844 0.0164062 0.19375 0.000124703
0 0.251563 0.485938 0.185937 0.485938 0.000124998
0 0.591797 0.638281 0.142969 0.214062 0.000125156
0 0.065625 0.863281 0.13125 0.273438 0.00012526
0 0.188672 0.884766 0.308594 0.219531 0.000129403
0 0.239844 0.263281 0.0921875 0.109375 0.000136299
0 0.580078 0.280078 0.285156 0.282031 0.000140055
0 0.0304688 0.861719 0.0609375 0.270312 0.000141167
0 0.0878906 0.608984 0.139844 0.369531 0.000146326
0 0.550391 0.720312 0.158594 0.228125 0.000151501
0 0.598047 0.260156 0.132031 0.132812 0.000153872
0 0.969141 0.524219 0.0601562 0.7375 0.000166005
0 0.219922 0.314453 0.144531 0.167969 0.000167511
0 0.753906 0.796094 0.135937 0.185937 0.00017731
0 0.303125 0.641016 0.139062 0.328906 0.000182481
0 0.714844 0.661328 0.160938 0.213281 0.000190727
0 0.0753906 0.768359 0.147656 0.419531 0.000204797
0 0.696484 0.468359 0.107031 0.211719 0.00020681
0 0.517187 0.274219 0.134375 0.175 0.000210402
0 0.2 0.700781 0.153125 0.239063 0.000222649
0 0.241016 0.679688 0.139844 0.240625 0.00023424
0 0.285547 0.728516 0.172656 0.297656 0.00023853
0 0.115625 0.437109 0.11875 0.267969 0.000243823
0 0.159766 0.774609 0.144531 0.185156 0.000249556
0 0.221484 0.801172 0.135156 0.121094 0.000266641
0 0.709766 0.489844 0.147656 0.335938 0.000278019
0 0.571484 0.028125 0.250781 0.05625 0.000380958
0 0.637109 0.730859 0.152344 0.196094 0.000398623
0 0.644141 0.341016 0.138281 0.238281 0.000407808
0 0.646484 0.277734 0.0679687 0.0929687 0.000426606
0 0.167969 0.305859 0.16875 0.180469 0.000485957
0 0.122656 0.798047 0.201562 0.342969 0.000518868
0 0.154687 0.682813 0.14375 0.2625 0.000529303
0 0.571875 0.241406 0.210938 0.173438 0.000544178
0 0.576172 0.616016 0.207031 0.332031 0.000618243
0 0.148047 0.488281 0.183594 0.35 0.000649838
0 0.283984 0.264453 0.133594 0.172656 0.000706874
0 0.234375 0.739844 0.1875 0.209375 0.000724009
0 0.658203 0.68125 0.150781 0.196875 0.000781551
0 0.218359 0.800391 0.211719 0.166406 0.000858737
0 0.626953 0.792578 0.321094 0.338281 0.000950109
0 0.155859 0.373828 0.188281 0.289844 0.000953959
0 0.676562 0.392578 0.164062 0.299219 0.00103226
0 0.221484 0.283594 0.275781 0.251563 0.00103308
0 0.251563 0.655078 0.21875 0.413281 0.00116939
0 0.625781 0.28125 0.15625 0.19375 0.00117802
0 0.733594 0.719531 0.1375 0.226562 0.00125662
0 0.629297 0.388281 0.217969 0.429688 0.00154717
0 0.203125 0.278125 0.13125 0.126563 0.00154959
0 0.632422 0.275391 0.102344 0.124219 0.00231418
0 0.161719 0.739453 0.215625 0.213281 0.00265651
0 0.113672 0.704687 0.158594 0.332812 0.00309751
0 0.215234 0.796875 0.286719 0.278125 0.00332951
0 0.711719 0.607031 0.192188 0.442187 0.00463106
0 0.710547 0.75625 0.216406 0.245312 0.00470068
0 0.598828 0.695703 0.196094 0.207031 0.00554881
0 0.125 0.602734 0.192188 0.553906 0.00586497
0 0.235547 0.274609 0.189844 0.172656 0.0229196
0 0.644922 0.544141 0.277344 0.561719 0.0325412
0 0.186328 0.546094 0.275781 0.639063 0.09183
0 0.189844 0.714063 0.278125 0.3375 0.212094
0 0.653906 0.707031 0.296875 0.290625 0.32639
