0 0.235938 0.337109 0.059375 0.0679687 0.000106269
0 0.739453 0.400391 0.0710938 0.117969 0.000108534
0 0.197266 0.492969 0.0945313 0.157813 0.000108961
0 0.672656 0.271484 0.06875 0.108594 0.000109081
0 0.683203 0.223047 0.0367187 0.0523437 0.000110015
0 0.664453 0.242578 0.0476562 0.0585938 0.000110065
0 0.33125 0.568359 0.096875 0.136719 0.000113581
0 0.932031 0.529688 0.121875 0.265625 0.000116159
0 0.215234 0.500391 0.138281 0.264844 0.000119063
0 0.199219 0.530859 0.0796875 0.0976562 0.000119165
0 0.235547 0.264844 0.0554687 0.065625 0.000119197
0 0.682422 0.296484 0.0601562 0.105469 0.000123472
0 0.356641 0.396484 0.0992187 0.110156 0.000125174
0 0.176172 0.659375 0.0851562 0.1125 0.000127408
0 0.183594 0.553906 0.0890625 0.165625 0.000132517
0 0.795703 0.7375 0.0617188 0.134375 0.000135784
0 0.218359 0.634766 0.0882813 0.107031 0.000135952
0 0.66875 0.239063 0.0671875 0.0875 0.000138181
0 0.754687 0.640625 0.0859375 0.115625 0.000139735
0 0.630469 0.190234 0.04375 0.0429688 0.000141448
0 0.214453 0.385938 0.0757812 0.1 0.00014195
0 0.732031 0.364844 0.0796875 0.139062 0.000149871
0 0.261328 0.575391 0.286719 0.303906 0.000153862
0 0.619922 0.634766 0.128906 0.133594 0.000154665
0 0.780859 0.695312 0.0648438 0.110937 0.000173682
0 0.225391 0.346094 0.0820312 0.1125 0.000198234
0 0.676953 0.649609 0.0914062 0.100781 0.000202789
0 0.7625 0.676172 0.08125 0.113281 0.000203332
0 0.216797 0.515234 0.0851562 0.100781 0.00020705
0 0.74375 0.690234 0.176563 0.185156 0.000222391
0 0.696094 0.280078 0.0625 0.100781 0.000225206
0 0.257031 0.632812 0.140625 0.142188 0.00023346
0 0.225391 0.660937 0.278906 0.296875 0.000233818
0 0.712891 0.299219 0.0570313 0.0765625 0.000246014
0 0.255078 0.662891 0.238281 0.175781 0.000250363
0 0.232422 0.302734 0.0789063 0.110156 0.000252093
0 0.158594 0.696094 0.0796875 0.151562 0.000268547
0 0.246094 0.282031 0.075 0.096875 0.000271004
0 0.691016 0.238672 0.0367187 0.0617188 0.000295059
0 0.226172 0.316406 0.0523437 0.0546875 0.000306703
0 0.322656 0.608594 0.135937 0.165625 0.000321535
0 0.692578 0.646094 0.288281 0.254687 0.000336122
0 0.719531 0.640234 0.090625 0.105469 0.000359231
0 0.726562 0.585156 0.146875 0.245312 0.000442019
0 0.675 0.259766 0.0515625 0.0695312 0.000449784
0 0.214453 0.528906 0.108594 0.1625 0.000452237
0 0.778125 0.713281 0.09375 0.171875 0.000596982
0 0.234766 0.300391 0.0601562 0.0632813 0.000714886
0 0.196094 0.578516 0.129688 0.230469 0.0014105
0 0.264844 0.588672 0.204688 0.197656 0.00141195
0 0.183984 0.668359 0.127344 0.182031 0.00162577
0 0.658203 0.625391 0.171094 0.163281 0.00199867
0 0.752344 0.653125 0.126563 0.170312 0.00297519
0 0.216016 0.626953 0.175781 0.192969 0.00779375
0 0.702734 0.647656 0.189844 0.142188 0.0120704
