0 0.0140625 0.969141 0.01875 0.0617188 0.000100136
0 0.0210938 0.924609 0.0234375 0.150781 0.000107058
0 0.825391 0.389844 0.133594 0.229687 0.000109619
0 0.794531 0.325781 0.215625 0.35 0.000123554
0 0.262109 0.570312 0.122656 0.257812 0.000135353
0 0.185547 0.96875 0.0398437 0.0625 0.000151735
0 0.714453 0.526953 0.269531 0.397656 0.000153394
0 0.389844 0.403516 0.29375 0.574219 0.000158597
0 0.365625 0.632031 0.11875 0.104687 0.000168125
0 0.454297 0.228516 0.0914062 0.0929687 0.000173809
0 0.817187 0.575391 0.209375 0.219531 0.000177804
0 0.329688 0.651172 0.20625 0.144531 0.000199037
0 0.723437 0.614844 0.19375 0.204688 0.000201026
0 0.284766 0.449219 0.116406 0.157813 0.00021091
0 0.259375 0.605469 0.342187 0.517187 0.000216873
0 0.341406 0.471875 0.195312 0.2 0.000244971
0 0.440234 0.203516 0.0945313 0.0960938 0.000289375
0 0.404297 0.591406 0.133594 0.165625 0.000290405
0 0.0402344 0.883984 0.0617188 0.232031 0.00029074
0 0.804688 0.492578 0.151562 0.271094 0.000291973
0 0.0226563 0.882031 0.0328125 0.235938 0.000330171
0 0.255859 0.490234 0.161719 0.296094 0.000408267
0 0.733203 0.2875 0.188281 0.328125 0.000470903
0 0.353906 0.642187 0.26875 0.275 0.000478022
0 0.382422 0.628516 0.186719 0.186719 0.000543506
0 0.786328 0.429688 0.210156 0.210938 0.000568856
0 0.363672 0.532031 0.152344 0.240625 0.000624907
0 0.7125 0.222656 0.104687 0.135937 0.000638091
0 0.319531 0.435547 0.23125 0.391406 0.000668451
0 0.867578 0.483984 0.214844 0.502344 0.000681214
0 0.411328 0.556641 0.175781 0.253906 0.000968103
0 0.830859 0.410156 0.175781 0.375 0.001032
0 0.303906 0.513672 0.145313 0.266406 0.00165291
0 0.287891 0.582031 0.219531 0.351562 0.00188379
0 0.751953 0.369141 0.292969 0.541406 0.00197002
0 0.833203 0.592578 0.272656 0.403906 0.00203078
0 0.762891 0.595312 0.272656 0.31875 0.00905447
0 0.788672 0.488672 0.261719 0.461719 0.36163
0 0.345703 0.533984 0.285156 0.328906 0.447952
