0 0.950781 0.778906 0.096875 0.36875 0.000100992
0 0.613281 0.271094 0.121875 0.185937 0.000101357
0 0.297656 0.382812 0.06875 0.0875 0.000104429
0 0.658984 0.485156 0.210156 0.334375 0.000105146
0 0.276563 0.230078 0.120312 0.157031 0.000105526
0 0.686328 0.318359 0.110156 0.136719 0.000107563
0 0.252734 0.446875 0.0851562 0.107813 0.000109036
0 0.346875 0.644531 0.25 0.204688 0.000118989
0 0.346484 0.511328 0.132031 0.236719 0.00011965
0 0.315234 0.362891 0.107031 0.188281 0.000122497
0 0.407422 0.275391 0.110156 0.146094 0.000127927
0 0.968359 0.520312 0.0632813 0.5625 0.00013051
0 0.272656 0.402734 0.0796875 0.100781 0.000133481
0 0.680078 0.551172 0.116406 0.147656 0.000136803
0 0.950781 0.615625 0.096875 0.521875 0.0001376
0 0.680859 0.589844 0.152344 0.15625 0.000138757
0 0.276172 0.366016 0.0820312 0.105469 0.000139845
0 0.664453 0.601172 0.277344 0.358594 0.000141733
0 0.707031 0.708984 0.404687 0.519531 0.000141899
0 0.317969 0.258203 0.0734375 0.0945313 0.000141943
0 0.430078 0.350781 0.169531 0.396875 0.000149512
0 0.669141 0.444141 0.305469 0.497656 0.000152692
0 0.971875 0.765234 0.05625 0.321094 0.000155996
0 0.338672 0.322656 0.286719 0.470313 0.000156356
0 0.466016 0.438672 0.174219 0.430469 0.000162532
0 0.759375 0.449219 0.1125 0.253125 0.000164048
0 0.973437 0.646094 0.053125 0.379687 0.000169867
0 0.298047 0.533203 0.144531 0.177344 0.000172796
0 0.289453 0.672656 0.186719 0.210938 0.000176552
0 0.715234 0.264453 0.0976562 0.157031 0.000178114
0 0.426562 0.308594 0.1 0.20625 0.000182825
0 0.240625 0.348437 0.071875 0.110937 0.000194357
0 0.721484 0.569141 0.0820312 0.0742188 0.000208312
0 0.719531 0.322656 0.0890625 0.1 0.000209267
0 0.214062 0.426562 0.075 0.198437 0.000216939
0 0.642187 0.242969 0.14375 0.176563 0.00024505
0 0.302344 0.280469 0.1125 0.185937 0.000280079
0 0.307031 0.601172 0.2125 0.205469 0.000289271
0 0.201953 0.458594 0.110156 0.348437 0.000305339
0 0.789062 0.490234 0.14375 0.267969 0.000314097
0 0.260938 0.635547 0.153125 0.171094 0.000320735
0 0.730078 0.539062 0.275781 0.309375 0.000331928
0 0.749219 0.362891 0.125 0.280469 0.000337939
0 0.224609 0.445703 0.0648438 0.113281 0.000339475
0 0.24375 0.329297 0.096875 0.199219 0.00034527
0 0.416016 0.529297 0.172656 0.280469 0.000365633
0 0.350781 0.557813 0.232812 0.257812 0.000371046
0 0.305469 0.195703 0.06875 0.0867188 0.000385807
0 0.220313 0.365625 0.0890625 0.196875 0.000390028
0 0.253125 0.388672 0.0875 0.110156 0.000408836
0 0.296484 0.449219 0.133594 0.2875 0.000417822
0 0.256641 0.394922 0.286719 0.491406 0.000427539
0 0.550391 0.116797 0.0570313 0.0867188 0.000476289
0 0.679297 0.382812 0.191406 0.384375 0.000480003
0 0.683203 0.542188 0.185156 0.203125 0.000483709
0 0.764844 0.579687 0.16875 0.148438 0.000488272
0 0.253516 0.467578 0.111719 0.214844 0.000531962
0 0.214453 0.608203 0.0601562 0.127344 0.00055431
0 0.673047 0.282422 0.169531 0.182031 0.000659653
0 0.395312 0.435937 0.20625 0.48125 0.000664295
0 0.720703 0.56875 0.153906 0.115625 0.00082445
0 0.228125 0.601562 0.0921875 0.171875 0.000894429
0 0.272266 0.384375 0.122656 0.171875 0.000910603
0 0.322656 0.303516 0.167187 0.267969 0.000968263
0 0.311328 0.224609 0.0882813 0.146094 0.00111813
0 0.261328 0.554688 0.152344 0.226562 0.00159604
0 0.718359 0.307813 0.117969 0.175 0.00166284
0 0.236719 0.408594 0.08125 0.115625 0.00174231
0 0.729297 0.464453 0.188281 0.317969 0.00268726
0 0.328906 0.442969 0.235938 0.425 0.00373652
0 0.741797 0.539453 0.192969 0.185156 0.00404388
0 0.278516 0.335156 0.150781 0.289062 0.00602775
0 0.232031 0.50625 0.103125 0.307813 0.00780418
0 0.239453 0.402344 0.100781 0.204688 0.0172848
0 0.258594 0.448828 0.1375 0.361719 0.0360794
