0 0.842969 0.782031 0.0875 0.104687 0.000100537
0 0.247266 0.445703 0.203906 0.455469 0.000102197
0 0.382812 0.2375 0.104687 0.129688 0.000102199
0 0.342187 0.696484 0.128125 0.247656 0.000109553
0 0.666016 0.481641 0.200781 0.349219 0.000111622
0 0.310156 0.3 0.160938 0.228125 0.000114906
0 0.0683594 0.794141 0.136719 0.411719 0.00011957
0 0.704297 0.324219 0.296094 0.429688 0.000123525
0 0.236719 0.834766 0.0984375 0.107031 0.000133611
0 0.845312 0.719922 0.142188 0.232031 0.000136052
0 0.306641 0.83125 0.164844 0.1625 0.000142483
0 0.663672 0.682422 0.191406 0.300781 0.000144774
0 0.0625 0.612891 0.125 0.774219 0.000147819
0 0.280078 0.676562 0.136719 0.278125 0.000148059
0 0.0417969 0.888672 0.0835937 0.222656 0.000149158
0 0.319531 0.781641 0.08125 0.105469 0.000150269
0 0.683203 0.767187 0.183594 0.223438 0.000152422
0 0.28125 0.572656 0.1875 0.20625 0.000153196
0 0.0167969 0.880469 0.0335938 0.239063 0.000154433
0 0.803516 0.798437 0.207031 0.170312 0.000158629
0 0.322266 0.509766 0.185156 0.186719 0.000163337
0 0.371094 0.479297 0.139062 0.211719 0.000165218
0 0.255469 0.775781 0.298438 0.353125 0.000169225
0 0.24375 0.740625 0.110937 0.2125 0.000171552
0 0.880469 0.795703 0.145313 0.147656 0.000173041
0 0.804688 0.760547 0.135937 0.147656 0.000174572
0 0.326562 0.279297 0.115625 0.114844 0.000178422
0 0.765625 0.363672 0.189063 0.316406 0.000203531
0 0.389453 0.777734 0.133594 0.183594 0.000213966
0 0.1125 0.633594 0.225 0.667188 0.000214937
0 0.371094 0.478516 0.189063 0.389844 0.000258856
0 0.245703 0.807031 0.125781 0.171875 0.000292724
0 0.346094 0.383984 0.198437 0.364844 0.000294905
0 0.321484 0.764844 0.124219 0.170312 0.000297011
0 0.878125 0.692969 0.192188 0.339063 0.000320237
0 0.370703 0.519141 0.239844 0.627344 0.000350793
0 0.0257812 0.686719 0.0453125 0.485938 0.000353702
0 0.683203 0.295703 0.210156 0.271094 0.000361266
0 0.0289063 0.814844 0.05625 0.370313 0.000377363
0 0.35 0.257422 0.14375 0.174219 0.000385455
0 0.636328 0.244531 0.142969 0.170312 0.000436304
0 0.281641 0.779688 0.136719 0.15625 0.000441532
0 0.846094 0.777734 0.13125 0.141406 0.000479511
0 0.341797 0.798828 0.177344 0.185156 0.000520782
0 0.246484 0.726562 0.166406 0.323438 0.000544074
0 0.778906 0.79375 0.290625 0.245312 0.000635319
0 0.864062 0.600781 0.271875 0.639063 0.000678328
0 0.704687 0.602344 0.251563 0.478125 0.00068199
0 0.303125 0.486328 0.232812 0.336719 0.000733807
0 0.0304688 0.604688 0.059375 0.767187 0.000751311
0 0.342578 0.734375 0.224219 0.28125 0.0010105
0 0.217969 0.603516 0.23125 0.619531 0.00101721
0 0.330859 0.575781 0.207031 0.3875 0.00127556
0 0.737109 0.723828 0.252344 0.272656 0.00152691
0 0.336328 0.678906 0.294531 0.510938 0.00202308
0 0.625781 0.235547 0.107813 0.102344 0.00208269
0 0.842969 0.764453 0.215625 0.210156 0.00249636
0 0.799609 0.452344 0.197656 0.38125 0.00283989
0 0.255859 0.609766 0.202344 0.421094 0.00498881
0 0.291797 0.769922 0.202344 0.219531 0.00514403
0 0.773438 0.678125 0.340625 0.429688 0.00571678
0 0.732422 0.450391 0.289844 0.527344 0.0097226
0 0.292969 0.555859 0.264062 0.621094 0.24202
0 0.792578 0.542969 0.269531 0.573438 0.359284
