0 0.267188 0.626562 0.28125 0.379687 0.000101277
0 0.802344 0.591406 0.090625 0.110937 0.000104762
0 0.363672 0.361719 0.149219 0.185937 0.000107959
0 0.310937 0.407813 0.109375 0.178125 0.000110106
0 0.367969 0.248437 0.164062 0.164062 0.000116094
0 0.380078 0.460938 0.144531 0.140625 0.000146685
0 0.673437 0.519141 0.167187 0.283594 0.000152656
0 0.323047 0.472266 0.138281 0.196094 0.000156212
0 0.722656 0.407031 0.170312 0.18125 0.000158443
0 0.411719 0.673047 0.346875 0.316406 0.000162208
0 0.407813 0.552734 0.13125 0.196094 0.000169869
0 0.796094 0.428906 0.107813 0.278125 0.000175561
0 0.736719 0.655859 0.340625 0.352344 0.000196316
0 0.298438 0.400781 0.140625 0.326562 0.000203577
0 0.363672 0.410547 0.124219 0.167969 0.000215949
0 0.322266 0.336328 0.0757812 0.0898438 0.000232199
0 0.782031 0.570703 0.0875 0.100781 0.000241134
0 0.699609 0.328125 0.249219 0.435937 0.000257394
0 0.267188 0.660937 0.075 0.10625 0.000280886
0 0.297656 0.402734 0.232812 0.488281 0.000319519
0 0.341406 0.322266 0.126563 0.142969 0.000336639
0 0.693359 0.534375 0.283594 0.385938 0.000344661
0 0.722266 0.46875 0.185156 0.201562 0.000370491
0 0.425781 0.673047 0.1625 0.185156 0.000379433
0 0.691016 0.598437 0.160156 0.170312 0.000386919
0 0.411328 0.475 0.189844 0.396875 0.000391761
0 0.323438 0.611719 0.151562 0.203125 0.000402515
0 0.735156 0.315625 0.15625 0.21875 0.000410429
0 0.344141 0.553516 0.192969 0.208594 0.000428923
0 0.814453 0.528516 0.291406 0.471094 0.000444106
0 0.828906 0.558984 0.157813 0.307031 0.000450292
0 0.760547 0.287891 0.0898438 0.142969 0.000458806
0 0.797656 0.532031 0.134375 0.209375 0.000498522
0 0.722656 0.552344 0.148438 0.160938 0.000531888
0 0.441016 0.244141 0.113281 0.114844 0.000572627
0 0.342578 0.420703 0.113281 0.111719 0.000595858
0 0.323828 0.356641 0.111719 0.169531 0.000660636
0 0.426172 0.273828 0.147656 0.158594 0.000861894
0 0.274219 0.669922 0.103125 0.160156 0.000868799
0 0.321875 0.668359 0.215625 0.257031 0.000960574
0 0.773047 0.334375 0.116406 0.220313 0.0010062
0 0.767969 0.623047 0.239063 0.228906 0.00109089
0 0.360156 0.361719 0.221875 0.271875 0.00109228
0 0.389844 0.302344 0.190625 0.195312 0.00127472
0 0.417188 0.605859 0.179688 0.246094 0.00129264
0 0.765625 0.569141 0.145313 0.128906 0.00175656
0 0.294531 0.522266 0.184375 0.446094 0.00232772
0 0.761328 0.487891 0.149219 0.282031 0.00250354
0 0.798437 0.59375 0.151562 0.179688 0.00317795
0 0.285547 0.611719 0.142969 0.254687 0.00319453
0 0.763672 0.367578 0.158594 0.366406 0.00392175
0 0.794141 0.468359 0.158594 0.408594 0.0189313
0 0.741797 0.555078 0.239844 0.228906 0.0199139
0 0.357422 0.607813 0.263281 0.285937 0.023955
0 0.737891 0.438672 0.233594 0.450781 0.328453
0 0.360156 0.467578 0.271875 0.544531 0.428413
