0 0.432422 0.0453125 0.344531 0.090625 0.000100775
0 0.788281 0.451953 0.140625 0.238281 0.00010547
0 0.779297 0.341797 0.157031 0.197656 0.000110343
0 0.028125 0.520703 0.0515625 0.458594 0.000111008
0 0.408594 0.369922 0.0828125 0.105469 0.000115868
0 0.034375 0.234375 0.065625 0.46875 0.000123389
0 0.147656 0.06875 0.295312 0.1375 0.000125981
0 0.0847656 0.383984 0.169531 0.705469 0.000127673
0 0.884375 0.651172 0.11875 0.277344 0.000127795
0 0.40625 0.487109 0.148438 0.271094 0.000132568
0 0.402344 0.630078 0.201562 0.185156 0.000141417
0 0.504297 0.559375 0.175781 0.3125 0.000145505
0 0.829687 0.472656 0.135937 0.245312 0.000146151
0 0.886328 0.172266 0.227344 0.344531 0.000150292
0 0.826563 0.700781 0.214062 0.20625 0.000153858
0 0.561719 0.0816406 0.373437 0.163281 0.000156728
0 0.365625 0.469531 0.128125 0.239063 0.000164887
0 0.40625 0.34375 0.309375 0.329688 0.000166295
0 0.314063 0.116016 0.44375 0.232031 0.000168202
0 0.971875 0.341797 0.0546875 0.264844 0.000175528
0 0.638672 0.114844 0.447656 0.229687 0.00019457
0 0.745703 0.6 0.211719 0.426562 0.000216629
0 0.0273438 0.35625 0.05 0.473437 0.00021694
0 0.974609 0.517969 0.0507812 0.498437 0.000217047
0 0.330078 0.552344 0.216406 0.40625 0.00022043
0 0.732422 0.69375 0.180469 0.232812 0.00022276
0 0.946094 0.483203 0.107813 0.633594 0.000226333
0 0.040625 0.392188 0.08125 0.646875 0.000230934
0 0.340234 0.487891 0.0960938 0.158594 0.000246871
0 0.408984 0.420312 0.207031 0.198437 0.000254942
0 0.9125 0.101172 0.175 0.202344 0.000264873
0 0.487109 0.326562 0.191406 0.201562 0.000279876
0 0.780859 0.4 0.202344 0.278125 0.000281201
0 0.847266 0.535156 0.136719 0.276563 0.00035092
0 0.151562 0.632422 0.242188 0.358594 0.000353418
0 0.201562 0.543359 0.334375 0.536719 0.000378448
0 0.405469 0.574219 0.173438 0.18125 0.000381561
0 0.497656 0.396875 0.198437 0.28125 0.000399315
0 0.473828 0.108594 0.427344 0.217187 0.00043454
0 0.785547 0.682813 0.267969 0.30625 0.000450851
0 0.885547 0.724219 0.149219 0.235938 0.00045302
0 0.466016 0.600781 0.163281 0.198437 0.000469434
0 0.340234 0.526172 0.349219 0.541406 0.000475828
0 0.5 0.508984 0.242188 0.502344 0.000483703
0 0.393359 0.3875 0.132031 0.195312 0.000514336
0 0.385156 0.0746094 0.410937 0.149219 0.000538133
0 0.853906 0.0742188 0.292188 0.148438 0.00064037
0 0.967969 0.39375 0.0625 0.553125 0.000660795
0 0.838672 0.410547 0.208594 0.321094 0.000745928
0 0.910937 0.561719 0.165625 0.61875 0.000920167
0 0.8 0.111328 0.4 0.222656 0.00128081
0 0.432031 0.553906 0.2375 0.285937 0.00201468
0 0.856641 0.668359 0.189844 0.366406 0.00245086
0 0.362891 0.464844 0.207031 0.39375 0.00327084
0 0.440625 0.365234 0.209375 0.216406 0.00613094
0 0.86875 0.567187 0.146875 0.426562 0.0119789
0 0.821875 0.537109 0.245312 0.542969 0.435815
0 0.430078 0.457812 0.289844 0.460938 0.461134
