0 0.836719 0.595703 0.128125 0.214844 0.00010012
0 0.161719 0.675391 0.279687 0.263281 0.000103488
0 0.445703 0.669141 0.508594 0.661719 0.000106205
0 0.421484 0.432422 0.171094 0.200781 0.000119007
0 0.835547 0.444141 0.242969 0.519531 0.000122774
0 0.799609 0.739844 0.216406 0.2125 0.000123701
0 0.680078 0.264062 0.0789063 0.09375 0.000138825
0 0.653125 0.894141 0.459375 0.200781 0.000151311
0 0.278906 0.286328 0.314063 0.310156 0.000163035
0 0.14375 0.512891 0.104687 0.199219 0.000163806
0 0.303906 0.428906 0.260938 0.209375 0.000164534
0 0.721484 0.590625 0.149219 0.23125 0.000193953
0 0.836719 0.676562 0.134375 0.242188 0.000194424
0 0.716016 0.966016 0.260156 0.0679687 0.000194573
0 0.202734 0.751562 0.364844 0.373437 0.000214981
0 0.41875 0.378125 0.232812 0.26875 0.000215063
0 0.784375 0.635547 0.148438 0.235156 0.000225345
0 0.362891 0.274219 0.213281 0.267188 0.000233795
0 0.239063 0.512891 0.151562 0.210156 0.000275873
0 0.334375 0.626562 0.185937 0.223438 0.000297854
0 0.283203 0.530469 0.152344 0.198437 0.000345539
0 0.683984 0.949219 0.407031 0.1 0.000362281
0 0.816016 0.533594 0.125781 0.259375 0.000368376
0 0.194141 0.571484 0.146094 0.177344 0.000424825
0 0.805859 0.838281 0.347656 0.323438 0.000447357
0 0.376953 0.479688 0.174219 0.215625 0.000468617
0 0.176563 0.492578 0.139062 0.250781 0.000494332
0 0.6875 0.273047 0.11875 0.146094 0.000506577
0 0.700391 0.475781 0.141406 0.235938 0.000610621
0 0.346875 0.532812 0.139062 0.167187 0.000636351
0 0.143359 0.570312 0.133594 0.203125 0.000656639
0 0.348437 0.348828 0.289062 0.377344 0.000664962
0 0.200781 0.611719 0.242188 0.184375 0.000706719
0 0.758203 0.494531 0.189844 0.21875 0.000718906
0 0.665625 0.597266 0.234375 0.286719 0.000776778
0 0.259375 0.470313 0.251563 0.217187 0.000810352
0 0.705078 0.315234 0.185156 0.269531 0.000852867
0 0.704297 0.681641 0.260156 0.296094 0.00109136
0 0.782812 0.678516 0.225 0.207031 0.00111246
0 0.833594 0.725781 0.232812 0.3875 0.00136622
0 0.203125 0.452734 0.242188 0.364844 0.00144223
0 0.778516 0.573828 0.197656 0.213281 0.00145104
0 0.300391 0.569922 0.222656 0.205469 0.00185884
0 0.788281 0.487891 0.209375 0.369531 0.00255142
0 0.827734 0.60625 0.177344 0.345313 0.00280249
0 0.719922 0.532031 0.186719 0.215625 0.00304072
0 0.335938 0.522656 0.2125 0.25 0.00435339
0 0.690625 0.475781 0.209375 0.342187 0.00498766
0 0.739844 0.774609 0.340625 0.383594 0.00567971
0 0.235156 0.630859 0.328125 0.277344 0.00840966
0 0.738672 0.417188 0.300781 0.534375 0.00985584
0 0.181641 0.538281 0.202344 0.265625 0.0122793
0 0.283984 0.416797 0.335156 0.458594 0.0125668
0 0.771875 0.675 0.284375 0.376563 0.0319395
0 0.739062 0.550781 0.2625 0.35 0.152464
0 0.262891 0.532812 0.322656 0.307813 0.169702
