0 0.01875 0.362109 0.0375 0.244531 0.000101072
0 0.544141 0.315234 0.149219 0.196094 0.000101865
0 0.746484 0.615625 0.319531 0.595312 0.000104073
0 0.678516 0.652734 0.0882813 0.103906 0.000114649
0 0.154687 0.0363281 0.251563 0.0726563 0.000115163
0 0.154297 0.673828 0.0898438 0.113281 0.000120093
0 0.0660156 0.0582031 0.130469 0.116406 0.000125116
0 0.596094 0.292188 0.21875 0.25 0.00012784
0 0.0953125 0.396094 0.157813 0.445312 0.000128098
0 0.203125 0.710156 0.146875 0.18125 0.000139901
0 0.740625 0.519141 0.190625 0.478906 0.000140801
0 0.0328125 0.344922 0.0625 0.194531 0.000160985
0 0.615625 0.675781 0.090625 0.10625 0.000175297
0 0.261328 0.597266 0.130469 0.191406 0.000177136
0 0.712109 0.529688 0.110156 0.289062 0.000179121
0 0.01875 0.220703 0.0375 0.250781 0.000196618
0 0.0714844 0.229687 0.142969 0.454688 0.00020017
0 0.699609 0.639063 0.0851562 0.114063 0.000210213
0 0.260547 0.530078 0.161719 0.325781 0.000212874
0 0.0804688 0.565234 0.134375 0.488281 0.000214281
0 0.134375 0.640234 0.0875 0.117969 0.00021472
0 0.639063 0.464453 0.18125 0.200781 0.000223406
0 0.632812 0.351172 0.148438 0.177344 0.000233624
0 0.0585938 0.147656 0.117188 0.295312 0.000252935
0 0.575781 0.623828 0.36875 0.730469 0.000259901
0 0.137109 0.446094 0.0851562 0.153125 0.000264884
0 0.546875 0.358203 0.210938 0.282031 0.000284634
0 0.371484 0.630078 0.460156 0.739844 0.000285369
0 0.09375 0.678906 0.129688 0.257812 0.000289297
0 0.585156 0.712109 0.170312 0.211719 0.000301161
0 0.546875 0.395312 0.295312 0.403125 0.000309014
0 0.673828 0.709375 0.194531 0.192188 0.000322656
0 0.142969 0.484766 0.123438 0.296094 0.000357316
0 0.128906 0.0613281 0.25625 0.117969 0.000385205
0 0.309766 0.700781 0.183594 0.351562 0.000433485
0 0.681641 0.594531 0.119531 0.234375 0.000495219
0 0.660547 0.677344 0.289844 0.301562 0.000513449
0 0.714453 0.617578 0.102344 0.189844 0.000549049
0 0.117969 0.576563 0.10625 0.239063 0.000623017
0 0.589063 0.516406 0.21875 0.410937 0.000756754
0 0.716406 0.66875 0.120312 0.170312 0.000774798
0 0.253906 0.707812 0.207813 0.239063 0.000784
0 0.675391 0.485938 0.132031 0.290625 0.000786359
0 0.0328125 0.430859 0.0625 0.450781 0.000885826
0 0.216797 0.654297 0.150781 0.196094 0.000946536
0 0.598437 0.626172 0.157813 0.235156 0.000951729
0 0.0570313 0.430078 0.114063 0.558594 0.00095835
0 0.699219 0.401953 0.153125 0.263281 0.000972489
0 0.155078 0.721484 0.238281 0.239844 0.000983786
0 0.614062 0.675 0.132812 0.154687 0.00103714
0 0.158594 0.688672 0.148438 0.188281 0.00104364
0 0.0320312 0.237891 0.0625 0.361719 0.0010983
0 0.129297 0.48125 0.194531 0.54375 0.00111825
0 0.598437 0.383203 0.145313 0.186719 0.00134598
0 0.200391 0.501562 0.260156 0.475 0.00147123
0 0.714844 0.605078 0.1375 0.324219 0.0021879
0 0.649609 0.604297 0.211719 0.299219 0.00222499
0 0.600391 0.424219 0.199219 0.215625 0.00228422
0 0.175391 0.636719 0.147656 0.203125 0.00243271
0 0.251953 0.617578 0.189844 0.282031 0.00263324
0 0.150391 0.582031 0.172656 0.315625 0.00355884
0 0.046875 0.312891 0.09375 0.392969 0.00388826
0 0.683984 0.644141 0.161719 0.196094 0.00392384
0 0.656641 0.407813 0.141406 0.221875 0.00431987
0 0.629297 0.680078 0.213281 0.197656 0.00597604
0 0.126953 0.645312 0.149219 0.245312 0.014339
0 0.682031 0.539844 0.185937 0.498437 0.0156043
0 0.621484 0.360547 0.233594 0.278906 0.0194517
0 0.19375 0.655078 0.253125 0.252344 0.186857
0 0.638281 0.456641 0.21875 0.386719 0.20341
