0 0.760156 0.678125 0.134375 0.24375 0.000102754
0 0.723828 0.257422 0.232031 0.196094 0.000103945
0 0.372656 0.609375 0.148438 0.228125 0.000104298
0 0.281641 0.615625 0.149219 0.242188 0.000104429
0 0.801562 0.0179687 0.18125 0.034375 0.000106765
0 0.659766 0.607422 0.0992187 0.203906 0.000109296
0 0.692578 0.523828 0.174219 0.414844 0.000111521
0 0.278906 0.388281 0.101562 0.170312 0.000111802
0 0.8 0.384766 0.0734375 0.108594 0.0001147
0 0.230078 0.530859 0.141406 0.297656 0.000122651
0 0.914453 0.0582031 0.171094 0.116406 0.000123199
0 0.798047 0.19375 0.391406 0.3875 0.000123862
0 0.721875 0.677344 0.120312 0.214062 0.000127089
0 0.680859 0.366797 0.132031 0.230469 0.000128734
0 0.765625 0.401172 0.0921875 0.164844 0.000135391
0 0.78125 0.742578 0.151562 0.186719 0.000138032
0 0.560156 0.0359375 0.404687 0.071875 0.00014555
0 0.219922 0.0304688 0.224219 0.0578125 0.000151363
0 0.342969 0.0191406 0.242188 0.0351562 0.00015228
0 0.392188 0.297266 0.14375 0.214844 0.000156389
0 0.259375 0.0199219 0.242188 0.0351562 0.000169703
0 0.794531 0.344141 0.0703125 0.0992187 0.000170509
0 0.619141 0.128516 0.542969 0.244531 0.000175069
0 0.805078 0.607422 0.133594 0.361719 0.000183772
0 0.387891 0.223438 0.207031 0.19375 0.000189381
0 0.795313 0.325 0.103125 0.15 0.000191584
0 0.276953 0.692187 0.141406 0.135937 0.00020715
0 0.430859 0.31875 0.142969 0.221875 0.000207591
0 0.762891 0.380078 0.0664062 0.0945313 0.000212751
0 0.857422 0.0351562 0.278906 0.0703125 0.000213052
0 0.374609 0.454688 0.214844 0.445312 0.000216153
0 0.298047 0.351953 0.119531 0.203906 0.000218373
0 0.4375 0.0402344 0.392188 0.0804688 0.000221816
0 0.305469 0.482031 0.23125 0.492188 0.000238853
0 0.726172 0.0367187 0.339844 0.0734375 0.000241141
0 0.861328 0.103906 0.277344 0.20625 0.00024197
0 0.172266 0.648828 0.171094 0.282031 0.000247691
0 0.346094 0.657031 0.142188 0.171875 0.000291511
0 0.680469 0.629297 0.154687 0.280469 0.000298863
0 0.717578 0.613281 0.105469 0.110937 0.000307433
0 0.801172 0.405859 0.0960938 0.213281 0.000315917
0 0.474609 0.232031 0.169531 0.2 0.000326019
0 0.741016 0.780859 0.166406 0.185156 0.000329653
0 0.466016 0.294141 0.141406 0.171094 0.000331599
0 0.73125 0.452734 0.1875 0.382031 0.000338663
0 0.796484 0.737891 0.172656 0.332031 0.000399354
0 0.330859 0.188281 0.328906 0.325 0.00040541
0 0.716797 0.0933594 0.455469 0.186719 0.000409307
0 0.221094 0.615234 0.140625 0.255469 0.000420805
0 0.619531 0.0621094 0.4625 0.121094 0.000421451
0 0.332422 0.30625 0.171094 0.210938 0.00043514
0 0.338281 0.571484 0.2 0.311719 0.000499425
0 0.777344 0.825781 0.201562 0.28125 0.000501801
0 0.726172 0.6125 0.149219 0.19375 0.000517669
0 0.783594 0.438281 0.132812 0.31875 0.000598892
0 0.269531 0.579687 0.2375 0.326562 0.000617939
0 0.758594 0.552344 0.201562 0.53125 0.000631561
0 0.434375 0.111719 0.429688 0.220313 0.000648788
0 0.198828 0.705859 0.180469 0.178906 0.000707233
0 0.787109 0.0625 0.391406 0.123438 0.000711448
0 0.780078 0.363281 0.0992187 0.153125 0.000773262
0 0.24375 0.05625 0.35625 0.110937 0.00082878
0 0.309375 0.0378906 0.329688 0.0757812 0.000835175
0 0.404687 0.340625 0.207813 0.315625 0.000862581
0 0.301562 0.1 0.420312 0.2 0.000915406
0 0.723437 0.649609 0.198437 0.361719 0.000979222
0 0.683203 0.712109 0.174219 0.252344 0.00102479
0 0.729297 0.314063 0.171094 0.16875 0.00110048
0 0.771094 0.362109 0.134375 0.228906 0.00119377
0 0.266797 0.703516 0.230469 0.172656 0.00132543
0 0.405859 0.230469 0.300781 0.285937 0.00158829
0 0.355469 0.0621094 0.398438 0.124219 0.00181426
0 0.73125 0.774219 0.235938 0.26875 0.00203472
0 0.239453 0.676953 0.135156 0.128906 0.00227978
0 0.301172 0.649609 0.250781 0.221094 0.00428129
0 0.231641 0.664453 0.199219 0.200781 0.0113216
0 0.434766 0.261328 0.185156 0.189844 0.0180551
