0 0.34375 0.235547 0.0671875 0.100781 0.000104442
0 0.619531 0.151953 0.1125 0.107031 0.000105758
0 0.674219 0.219531 0.0640625 0.1 0.000107419
0 0.213672 0.596094 0.0851562 0.178125 0.000109993
0 0.417578 0.317969 0.0945313 0.145313 0.000111701
0 0.73125 0.323828 0.09375 0.202344 0.000113329
0 0.757812 0.320703 0.340625 0.539844 0.000113623
0 0.721094 0.55 0.0859375 0.114063 0.000125796
0 0.323828 0.280469 0.0710938 0.096875 0.000126321
0 0.775391 0.568359 0.0835937 0.116406 0.000127027
0 0.411719 0.230078 0.128125 0.225781 0.000131104
0 0.0578125 0.621484 0.115625 0.700781 0.000132248
0 0.742188 0.567969 0.0875 0.1125 0.00013952
0 0.305469 0.323047 0.0953125 0.192969 0.000142065
0 0.2875 0.384766 0.0796875 0.103906 0.00014505
0 0.625391 0.0667969 0.467969 0.124219 0.000146654
0 0.219922 0.484375 0.158594 0.3875 0.000146829
0 0.691406 0.221875 0.0796875 0.142188 0.000151891
0 0.810938 0.601172 0.204688 0.436719 0.000153647
0 0.985156 0.424219 0.0296875 0.225 0.000155185
0 0.4 0.1625 0.09375 0.104687 0.000158598
0 0.377734 0.180469 0.161719 0.184375 0.000162156
0 0.601562 0.368359 0.2125 0.532031 0.000174098
0 0.34375 0.344531 0.140625 0.184375 0.000174511
0 0.384766 0.491406 0.0867188 0.114063 0.000176304
0 0.656641 0.200391 0.0867188 0.153906 0.000178542
0 0.785937 0.677344 0.339063 0.46875 0.00019169
0 0.973437 0.479688 0.053125 0.68125 0.000205131
0 0.0289063 0.522656 0.05625 0.742188 0.000207459
0 0.525 0.586719 0.517187 0.826563 0.000211962
0 0.667578 0.632812 0.180469 0.25 0.000217823
0 0.718359 0.633594 0.200781 0.182812 0.00021875
0 0.375 0.194141 0.0859375 0.125781 0.00021931
0 0.251953 0.454297 0.108594 0.214844 0.000221086
0 0.980078 0.391797 0.0398437 0.413281 0.00022821
0 0.78125 0.0710938 0.4375 0.142188 0.000236497
0 0.671875 0.709375 0.290625 0.442187 0.000237562
0 0.642969 0.550391 0.120312 0.188281 0.000240893
0 0.667188 0.261719 0.084375 0.1 0.000254425
0 0.282031 0.425391 0.0890625 0.108594 0.00025527
0 0.742969 0.469531 0.0859375 0.110937 0.00026557
0 0.227734 0.553906 0.0710938 0.115625 0.000272623
0 0.69375 0.279687 0.1125 0.154687 0.000286257
0 0.538672 0.119141 0.425781 0.238281 0.000287819
0 0.726172 0.117578 0.491406 0.235156 0.000288022
0 0.258594 0.514844 0.0875 0.115625 0.000290248
0 0.400391 0.453125 0.111719 0.204688 0.000293304
0 0.631641 0.241016 0.128906 0.222656 0.000301265
0 0.289453 0.367188 0.100781 0.19375 0.000309148
0 0.383594 0.527344 0.0875 0.104687 0.000317007
0 0.264844 0.578906 0.179688 0.203125 0.000337026
0 0.348828 0.523828 0.139844 0.157031 0.000373105
0 0.660937 0.448438 0.125 0.242188 0.000375709
0 0.394531 0.457812 0.323438 0.404687 0.000382853
0 0.463281 0.437109 0.354688 0.775781 0.000395529
0 0.708984 0.280078 0.135156 0.263281 0.000408962
0 0.297266 0.325781 0.138281 0.335938 0.000420998
0 0.758594 0.491406 0.0828125 0.115625 0.000422822
0 0.626562 0.300781 0.090625 0.167187 0.000437438
0 0.336719 0.231641 0.0921875 0.153906 0.000457322
0 0.383594 0.385156 0.135937 0.28125 0.000490053
0 0.409766 0.277344 0.103906 0.132812 0.000521321
0 0.779688 0.446484 0.160938 0.408594 0.000656009
0 0.327734 0.276172 0.122656 0.235156 0.000669639
0 0.76875 0.473828 0.096875 0.202344 0.000689182
0 0.760156 0.532422 0.0875 0.116406 0.000746056
0 0.319922 0.487109 0.150781 0.194531 0.000846472
0 0.260938 0.406641 0.157813 0.380469 0.000902868
0 0.671484 0.241797 0.122656 0.188281 0.000908672
0 0.760938 0.624609 0.184375 0.294531 0.00091403
0 0.264062 0.516406 0.285937 0.339063 0.000936972
0 0.704297 0.451953 0.152344 0.196094 0.000940056
0 0.745313 0.367578 0.173438 0.460156 0.00107637
0 0.388672 0.301953 0.0945313 0.110156 0.00121908
0 0.369141 0.235938 0.128906 0.198437 0.00123898
0 0.641797 0.362891 0.122656 0.266406 0.00127851
0 0.408594 0.517969 0.132812 0.184375 0.0013548
0 0.713672 0.369531 0.132031 0.273438 0.00135888
0 0.4125 0.439844 0.151562 0.3625 0.00148203
0 0.357812 0.194531 0.0671875 0.0953125 0.00179319
0 0.320312 0.388672 0.142188 0.277344 0.00197592
0 0.346875 0.536719 0.215625 0.2125 0.00210636
0 0.702344 0.56875 0.203125 0.195312 0.00260289
0 0.738672 0.452344 0.128906 0.271875 0.00385961
0 0.382031 0.310156 0.159375 0.234375 0.00396764
0 0.78125 0.558203 0.134375 0.258594 0.00432227
0 0.670703 0.521094 0.188281 0.248437 0.00460741
0 0.241797 0.547656 0.110156 0.157813 0.00465096
0 0.284766 0.430859 0.127344 0.260156 0.00511244
0 0.714453 0.565234 0.271094 0.330469 0.00653437
0 0.658594 0.298438 0.139062 0.210938 0.00821855
0 0.649609 0.283203 0.0945313 0.136719 0.00866433
0 0.377734 0.485938 0.171094 0.226562 0.0105266
0 0.686328 0.346094 0.191406 0.378125 0.0194597
0 0.275391 0.503906 0.172656 0.239063 0.0273549
0 0.342187 0.364844 0.23125 0.460938 0.0647064
0 0.744141 0.526172 0.158594 0.272656 0.13008
0 0.312891 0.453906 0.222656 0.307813 0.162419
0 0.710547 0.449219 0.199219 0.398438 0.198785
