0 0.305078 0.971875 0.214844 0.05625 0.000101863
0 0.680078 0.592969 0.130469 0.140625 0.00010408
0 0.884766 0.938672 0.230469 0.122656 0.000107683
0 0.244922 0.192578 0.0695312 0.0882813 0.000108454
0 0.625781 0.681641 0.30625 0.313281 0.000109574
0 0.674609 0.283594 0.0726563 0.101562 0.00010965
0 0.940625 0.932422 0.11875 0.135156 0.000111159
0 0.173438 0.608203 0.303125 0.482031 0.000112268
0 0.253125 0.31875 0.123438 0.145313 0.000112684
0 0.332812 0.457031 0.34375 0.596875 0.000112967
0 0.597266 0.203906 0.117969 0.139062 0.000118548
0 0.689062 0.284766 0.0859375 0.169531 0.000121677
0 0.574609 0.34375 0.139844 0.182812 0.000121852
0 0.366406 0.0796875 0.376563 0.159375 0.00012192
0 0.175 0.572656 0.084375 0.1125 0.000123438
0 0.469531 0.294141 0.351562 0.541406 0.00012359
0 0.303906 0.595703 0.142188 0.141406 0.000124606
0 0.715625 0.448438 0.078125 0.109375 0.000125616
0 0.275781 0.189844 0.0765625 0.0859375 0.000127149
0 0.195703 0.380469 0.0804688 0.109375 0.000127172
0 0.725391 0.0351562 0.322656 0.0703125 0.000129041
0 0.184766 0.284375 0.157031 0.18125 0.000132642
0 0.941797 0.864844 0.116406 0.270312 0.000132772
0 0.690625 0.632422 0.179688 0.146094 0.000135091
0 0.983594 0.676172 0.0328125 0.246094 0.000135444
0 0.326953 0.629687 0.325781 0.317187 0.000138177
0 0.680078 0.448828 0.0867188 0.105469 0.000138628
0 0.611719 0.236719 0.075 0.0859375 0.000141377
0 0.178125 0.492969 0.08125 0.115625 0.000143065
0 0.694141 0.508594 0.0851562 0.107813 0.000149193
0 0.972656 0.890234 0.0546875 0.219531 0.000149488
0 0.0789063 0.0753906 0.157813 0.150781 0.000150958
0 0.672656 0.528516 0.0875 0.102344 0.000157424
0 0.660937 0.380859 0.078125 0.100781 0.000162573
0 0.599609 0.301953 0.149219 0.186719 0.000164824
0 0.380469 0.912891 0.360938 0.174219 0.000164832
0 0.676562 0.489844 0.0875 0.10625 0.000172409
0 0.574219 0.198047 0.20625 0.253906 0.000172609
0 0.507031 0.453125 0.214062 0.554688 0.000176481
0 0.979297 0.436719 0.0414063 0.425 0.000177725
0 0.265234 0.141406 0.157031 0.146875 0.000179541
0 0.697266 0.46875 0.0851562 0.109375 0.000182572
0 0.971875 0.393359 0.05625 0.642969 0.000186209
0 0.532812 0.901563 0.371875 0.196875 0.000195993
0 0.681641 0.404687 0.0820312 0.107813 0.000196542
0 0.176563 0.531641 0.0828125 0.114844 0.000201872
0 0.0808594 0.207422 0.161719 0.408594 0.000204657
0 0.116797 0.272266 0.233594 0.544531 0.000208203
0 0.225391 0.240625 0.132031 0.196875 0.000214151
0 0.574219 0.489844 0.142188 0.234375 0.000216674
0 0.452344 0.139453 0.389062 0.274219 0.000223593
0 0.654688 0.511719 0.0890625 0.1 0.000225227
0 0.655078 0.264844 0.121094 0.1625 0.000227756
0 0.213281 0.407422 0.110937 0.211719 0.000227883
0 0.202344 0.678906 0.2125 0.195312 0.000231834
0 0.727344 0.609375 0.115625 0.167187 0.000239126
0 0.339844 0.200391 0.339063 0.353906 0.000242908
0 0.688672 0.326953 0.0726563 0.111719 0.00024399
0 0.7125 0.408594 0.0734375 0.104687 0.000250183
0 0.616406 0.384766 0.160938 0.191406 0.000251629
0 0.526172 0.954297 0.363281 0.0914062 0.000252117
0 0.198047 0.340625 0.0804688 0.115625 0.000252457
0 0.762891 0.114063 0.374219 0.225 0.000270617
0 0.297266 0.444531 0.210156 0.373437 0.000270984
0 0.729688 0.457031 0.295312 0.428125 0.00028687
0 0.575781 0.215625 0.323438 0.360938 0.000292987
0 0.127734 0.475781 0.188281 0.45625 0.000296285
0 0.741406 0.476953 0.140625 0.360156 0.000306852
0 0.366016 0.982813 0.130469 0.034375 0.000313221
0 0.572266 0.588281 0.167969 0.1875 0.000314481
0 0.697266 0.385156 0.0773437 0.107813 0.000323895
0 0.170703 0.392188 0.289844 0.578125 0.000323991
0 0.704687 0.0703125 0.359375 0.140625 0.000347211
0 0.265234 0.719141 0.305469 0.299219 0.000350068
0 0.162891 0.589844 0.100781 0.215625 0.000360246
0 0.297656 0.307813 0.19375 0.332812 0.000375185
0 0.23125 0.301172 0.08125 0.0929687 0.000397877
0 0.48125 0.971094 0.2625 0.0578125 0.00040614
0 0.670313 0.578516 0.304688 0.330469 0.000420058
0 0.675391 0.212109 0.269531 0.327344 0.000444952
0 0.569922 0.40625 0.127344 0.21875 0.000451372
0 0.614062 0.237109 0.121875 0.147656 0.000463724
0 0.95 0.694141 0.0953125 0.611719 0.00047476
0 0.259766 0.218359 0.116406 0.191406 0.000479468
0 0.974219 0.769531 0.0515625 0.460938 0.000515114
0 0.632422 0.129297 0.352344 0.258594 0.000517193
0 0.6625 0.340234 0.078125 0.107031 0.000535107
0 0.194141 0.0855469 0.380469 0.171094 0.000547318
0 0.639453 0.340234 0.136719 0.169531 0.000575691
0 0.181641 0.469922 0.0960938 0.197656 0.000587519
0 0.299219 0.573438 0.225 0.215625 0.000633188
0 0.577344 0.317187 0.195312 0.360938 0.000645543
0 0.638281 0.451172 0.1375 0.236719 0.000678208
0 0.235547 0.286328 0.119531 0.138281 0.00069972
0 0.262891 0.171094 0.0710938 0.0734375 0.000716122
0 0.381641 0.958594 0.332031 0.0828125 0.000726043
0 0.217187 0.515234 0.15 0.199219 0.000731904
0 0.654297 0.305078 0.0695312 0.0914062 0.000734335
0 0.275 0.297656 0.30625 0.470313 0.000752817
0 0.711719 0.555078 0.15 0.219531 0.000774117
0 0.136328 0.145703 0.269531 0.286719 0.000789483
0 0.714453 0.46875 0.113281 0.198437 0.000824291
0 0.679688 0.360938 0.0796875 0.107813 0.00082868
0 0.644922 0.582422 0.216406 0.199219 0.000864049
0 0.296484 0.178516 0.152344 0.174219 0.000879732
0 0.713281 0.409766 0.09375 0.188281 0.000952836
0 0.969531 0.60625 0.0609375 0.6625 0.00100141
0 0.174219 0.303906 0.173438 0.340625 0.0010287
0 0.364844 0.973437 0.198437 0.053125 0.00110631
0 0.185547 0.363672 0.105469 0.225781 0.00123973
0 0.254687 0.526953 0.240625 0.275781 0.00147686
0 0.202344 0.30625 0.103125 0.128125 0.00160808
0 0.655859 0.30625 0.0945313 0.140625 0.00165921
0 0.264844 0.642578 0.279687 0.210156 0.00171381
0 0.275391 0.163281 0.107031 0.104687 0.00174746
0 0.6375 0.530859 0.18125 0.178906 0.00192289
0 0.278906 0.150781 0.254687 0.23125 0.00193067
0 0.679688 0.45 0.142188 0.203125 0.00202928
0 0.239063 0.458594 0.284375 0.473437 0.00207177
0 0.578125 0.4375 0.20625 0.398438 0.00215671
0 0.212109 0.211328 0.302344 0.353906 0.00234818
0 0.623047 0.254687 0.180469 0.242188 0.00246932
0 0.272266 0.220703 0.183594 0.275781 0.00252574
0 0.252734 0.290234 0.174219 0.266406 0.00279893
0 0.678516 0.343359 0.0992187 0.180469 0.00307981
0 0.626953 0.338281 0.280469 0.507812 0.0043608
0 0.241016 0.391797 0.188281 0.408594 0.00513873
0 0.598437 0.53125 0.214062 0.253125 0.00537995
0 0.647266 0.319141 0.172656 0.269531 0.00592743
0 0.212891 0.326172 0.125781 0.208594 0.00603809
0 0.213281 0.585938 0.2 0.257812 0.00696686
0 0.179297 0.532422 0.125781 0.292969 0.00807371
0 0.705469 0.438672 0.145313 0.342969 0.0112638
0 0.681641 0.364844 0.128906 0.278125 0.0112737
0 0.680078 0.511719 0.185156 0.251563 0.0120035
0 0.196094 0.45 0.132812 0.373437 0.0343239
0 0.650781 0.445312 0.225 0.38125 0.0792403
