0 0.718359 0.598047 0.146094 0.249219 0.000101707
0 0.726953 0.365234 0.150781 0.166406 0.000108594
0 0.179297 0.522656 0.0835937 0.18125 0.00011079
0 0.357422 0.0527344 0.410156 0.105469 0.000111212
0 0.234766 0.651953 0.0898438 0.0945313 0.00011308
0 0.863672 0.0371094 0.267969 0.0742188 0.000127317
0 0.802344 0.717969 0.0875 0.110937 0.000127988
0 0.836328 0.802734 0.174219 0.324219 0.000129848
0 0.797266 0.574609 0.0695312 0.102344 0.000130028
0 0.377734 0.442187 0.149219 0.309375 0.000141854
0 0.778516 0.389062 0.374219 0.734375 0.000146893
0 0.186719 0.528516 0.05625 0.0929687 0.000148039
0 0.378125 0.677344 0.153125 0.221875 0.00014929
0 0.323828 0.448438 0.100781 0.14375 0.000150797
0 0.322266 0.6375 0.0882813 0.110937 0.000154162
0 0.742188 0.386328 0.0953125 0.125781 0.000155795
0 0.232031 0.471875 0.09375 0.164062 0.000162016
0 0.661328 0.371484 0.185156 0.244531 0.00016274
0 0.136719 0.361328 0.273438 0.722656 0.000167974
0 0.803906 0.639453 0.0765625 0.116406 0.000170885
0 0.273047 0.398438 0.108594 0.128125 0.000171484
0 0.929297 0.199609 0.141406 0.399219 0.000173036
0 0.764063 0.403906 0.0734375 0.103125 0.000177539
0 0.216016 0.489453 0.0820312 0.108594 0.000181128
0 0.257812 0.130078 0.454688 0.257031 0.000192619
0 0.727734 0.113672 0.452344 0.227344 0.00019819
0 0.257031 0.650391 0.15 0.135156 0.000200683
0 0.640234 0.615625 0.135156 0.23125 0.000206082
0 0.2 0.393359 0.254687 0.497656 0.000208695
0 0.814453 0.0609375 0.369531 0.117188 0.000209625
0 0.784766 0.440234 0.0773437 0.157031 0.000218926
0 0.264062 0.700781 0.271875 0.2125 0.000232044
0 0.914844 0.0636719 0.16875 0.127344 0.000234274
0 0.176953 0.678125 0.0992187 0.148438 0.000250068
0 0.767578 0.403516 0.152344 0.277344 0.000256771
0 0.0753906 0.101172 0.149219 0.200781 0.000261946
0 0.224609 0.415625 0.0664062 0.0921875 0.000284857
0 0.347656 0.553516 0.123438 0.194531 0.000301233
0 0.830859 0.678516 0.105469 0.203906 0.000301489
0 0.342969 0.671484 0.121875 0.164844 0.000307979
0 0.209375 0.428125 0.0453125 0.0765625 0.000317751
0 0.289062 0.427734 0.339063 0.585156 0.000346249
0 0.808984 0.228516 0.382031 0.442969 0.000349842
0 0.346484 0.402344 0.142969 0.210938 0.000351885
0 0.0921875 0.194922 0.184375 0.389844 0.000358433
0 0.257812 0.551562 0.14375 0.2625 0.000402552
0 0.178125 0.608203 0.101562 0.244531 0.0004064
0 0.21875 0.0675781 0.371875 0.135156 0.000435557
0 0.804297 0.679688 0.0820312 0.117188 0.000455342
0 0.766406 0.788281 0.25 0.284375 0.000469274
0 0.871484 0.115234 0.255469 0.230469 0.000471225
0 0.303125 0.407031 0.209375 0.298438 0.00048077
0 0.181641 0.0375 0.328906 0.075 0.00050466
0 0.823828 0.570703 0.135156 0.419531 0.000513288
0 0.65625 0.574219 0.195312 0.326562 0.00053581
0 0.30625 0.552344 0.1375 0.278125 0.000542461
0 0.7625 0.732813 0.151562 0.184375 0.000549286
0 0.676562 0.638672 0.142188 0.219531 0.000586935
0 0.200391 0.512109 0.0742188 0.135156 0.000590747
0 0.762891 0.412891 0.107031 0.172656 0.000597413
0 0.384375 0.549609 0.1375 0.352344 0.000625001
0 0.281641 0.614844 0.149219 0.18125 0.000681785
0 0.324609 0.619141 0.277344 0.316406 0.000765953
0 0.216406 0.442969 0.06875 0.121875 0.000767094
0 0.198047 0.654688 0.0898438 0.101562 0.000850732
0 0.816016 0.707812 0.278906 0.35625 0.000871766
0 0.115234 0.0621094 0.230469 0.124219 0.000900168
0 0.784766 0.576953 0.119531 0.274219 0.000930121
0 0.664844 0.717578 0.223438 0.246094 0.00095705
0 0.178125 0.226172 0.348437 0.436719 0.00105774
0 0.71875 0.676953 0.15 0.203906 0.00112379
0 0.214844 0.509375 0.1 0.217187 0.00115163
0 0.320312 0.634375 0.140625 0.165625 0.00121203
0 0.763281 0.657422 0.153125 0.221094 0.00263862
0 0.142969 0.112891 0.284375 0.222656 0.00319369
0 0.335547 0.494141 0.189844 0.428906 0.00380545
0 0.20625 0.572266 0.126563 0.282031 0.00408135
0 0.686328 0.644922 0.238281 0.264844 0.00517643
0 0.721094 0.508984 0.25 0.514844 0.00608878
0 0.216406 0.655469 0.164062 0.170312 0.00897035
0 0.348047 0.612109 0.157031 0.249219 0.00907614
0 0.798437 0.716406 0.171875 0.251563 0.0105101
0 0.269531 0.521094 0.245312 0.378125 0.0124555
0 0.767969 0.570703 0.173438 0.402344 0.0229578
0 0.802734 0.649609 0.128906 0.275781 0.0254873
0 0.270312 0.624219 0.242188 0.226562 0.031657
0 0.738672 0.69375 0.264844 0.264062 0.107431
