0 0.412891 0.435156 0.0867188 0.107813 0.000101203
0 0.643359 0.203125 0.0898438 0.075 0.00010584
0 0.680078 0.639844 0.213281 0.429688 0.00010688
0 0.766797 0.742578 0.0882813 0.114844 0.000108871
0 0.669922 0.543359 0.128906 0.210156 0.000109503
0 0.228516 0.575781 0.0960938 0.210938 0.000109579
0 0.661328 0.410547 0.113281 0.149219 0.000118452
0 0.692187 0.782422 0.173438 0.196094 0.00011871
0 0.707422 0.389453 0.169531 0.205469 0.000122024
0 0.969141 0.935547 0.0617188 0.128906 0.000122762
0 0.0582031 0.613281 0.111719 0.773438 0.000126095
0 0.344141 0.7625 0.291406 0.317187 0.000126641
0 0.303906 0.719141 0.135937 0.182031 0.000131154
0 0.423828 0.598047 0.257031 0.542969 0.000135292
0 0.257812 0.641016 0.0890625 0.119531 0.000142
0 0.803516 0.700391 0.0867188 0.110156 0.000148979
0 0.884375 0.0359375 0.190625 0.071875 0.000151238
0 0.219531 0.811328 0.075 0.141406 0.000152138
0 0.346875 0.594141 0.13125 0.253906 0.000160709
0 0.356641 0.800781 0.199219 0.215625 0.000160881
0 0.129297 0.621875 0.235156 0.75625 0.000162024
0 0.269531 0.407813 0.145313 0.289062 0.000165501
0 0.410156 0.521875 0.09375 0.173438 0.000167366
0 0.803516 0.637109 0.0867188 0.110156 0.000177494
0 0.0648438 0.0621094 0.129688 0.124219 0.000188765
0 0.691797 0.525781 0.183594 0.307813 0.000191926
0 0.391797 0.864062 0.213281 0.271875 0.000202177
0 0.762109 0.796484 0.0867188 0.0945313 0.000204337
0 0.364844 0.398438 0.178125 0.2125 0.000206752
0 0.227734 0.489062 0.0976562 0.229687 0.00020882
0 0.662109 0.483984 0.119531 0.186719 0.000211191
0 0.727344 0.780469 0.140625 0.126563 0.000224301
0 0.215625 0.814453 0.053125 0.0976562 0.000242325
0 0.855469 0.839453 0.24375 0.300781 0.000244897
0 0.800781 0.812891 0.173438 0.183594 0.000261055
0 0.91875 0.059375 0.15625 0.11875 0.000279077
0 0.49375 0.595312 0.484375 0.710938 0.000313447
0 0.401172 0.709766 0.163281 0.239844 0.00031559
0 0.279687 0.757812 0.192188 0.257812 0.000325124
0 0.769531 0.660937 0.154687 0.2125 0.000326825
0 0.782031 0.777734 0.0859375 0.108594 0.000353924
0 0.298828 0.635938 0.139844 0.185937 0.000358594
0 0.248047 0.61875 0.285156 0.49375 0.0003633
0 0.220703 0.564062 0.124219 0.357812 0.000442858
0 0.387109 0.563672 0.150781 0.357031 0.000482939
0 0.816406 0.575391 0.104687 0.236719 0.000494901
0 0.389453 0.754297 0.128906 0.142969 0.000505389
0 0.739453 0.810938 0.210156 0.20625 0.000516286
0 0.833984 0.638281 0.285156 0.592188 0.000649825
0 0.801953 0.740625 0.0898438 0.114063 0.000677054
0 0.713672 0.733594 0.233594 0.24375 0.000742843
0 0.257812 0.673047 0.114063 0.152344 0.000752484
0 0.242969 0.484766 0.11875 0.364844 0.000889367
0 0.763672 0.794922 0.130469 0.138281 0.00098303
0 0.805078 0.533203 0.121094 0.428906 0.00120067
0 0.803906 0.6375 0.11875 0.195312 0.00126808
0 0.742188 0.565234 0.278125 0.553906 0.0014057
0 0.242969 0.632031 0.1125 0.195312 0.00145828
0 0.346094 0.651563 0.189063 0.270312 0.0015736
0 0.352344 0.725781 0.175 0.167187 0.00185892
0 0.33125 0.551562 0.221875 0.39375 0.00269289
0 0.280078 0.501953 0.172656 0.442969 0.00333894
0 0.823438 0.7625 0.153125 0.239063 0.00349984
0 0.777344 0.75 0.284375 0.33125 0.00388076
0 0.299219 0.688281 0.210938 0.24375 0.00522917
0 0.823438 0.650781 0.1375 0.359375 0.00547934
0 0.267188 0.620313 0.154687 0.276563 0.0105502
0 0.765234 0.644531 0.189844 0.360938 0.0129591
0 0.767969 0.764453 0.190625 0.202344 0.0147454
0 0.796094 0.710938 0.15 0.270312 0.145654
