0 0.2375 0.579297 0.309375 0.336719 0.00010182
0 0.657422 0.206641 0.0804688 0.107031 0.000103743
0 0.658203 0.319922 0.0867188 0.114844 0.000107438
0 0.95 0.544922 0.0921875 0.910156 0.000108632
0 0.262891 0.549219 0.141406 0.110937 0.000109224
0 0.98125 0.317578 0.0375 0.464844 0.000110098
0 0.217969 0.548437 0.129688 0.104687 0.000114337
0 0.338281 0.552344 0.0875 0.101562 0.00011641
0 0.715625 0.613672 0.0796875 0.110156 0.000123077
0 0.608594 0.162891 0.217187 0.219531 0.000124156
0 0.108203 0.0371094 0.216406 0.0726563 0.000128223
0 0.801953 0.119141 0.364844 0.236719 0.000129608
0 0.0671875 0.0515625 0.134375 0.103125 0.000136179
0 0.319141 0.427734 0.0960938 0.277344 0.000137502
0 0.251172 0.280859 0.0882813 0.116406 0.000140136
0 0.751172 0.394531 0.277344 0.617188 0.000140461
0 0.685938 0.258984 0.0875 0.119531 0.000141493
0 0.732031 0.635156 0.0828125 0.139062 0.000142842
0 0.195703 0.530078 0.0867188 0.0976562 0.000143585
0 0.164844 0.510547 0.0796875 0.183594 0.000149679
0 0.369141 0.18125 0.0898438 0.101562 0.000154045
0 0.323047 0.532031 0.0851562 0.109375 0.000157767
0 0.238281 0.246484 0.0859375 0.113281 0.000160738
0 0.967969 0.436719 0.0609375 0.721875 0.000165115
0 0.653516 0.379297 0.121094 0.222656 0.000169724
0 0.260547 0.467969 0.130469 0.214062 0.000177255
0 0.294531 0.316406 0.182812 0.171875 0.00018731
0 0.178125 0.549609 0.101562 0.121094 0.000207473
0 0.375 0.255469 0.125 0.215625 0.000210866
0 0.60625 0.21875 0.2875 0.390625 0.000211602
0 0.151953 0.123047 0.303906 0.238281 0.000212486
0 0.185547 0.358203 0.128906 0.194531 0.000214695
0 0.637891 0.636328 0.169531 0.152344 0.000219175
0 0.31875 0.486719 0.0734375 0.096875 0.000220559
0 0.180859 0.467969 0.0960938 0.25 0.000228058
0 0.232812 0.316406 0.090625 0.1125 0.000236657
0 0.332031 0.296875 0.176563 0.245312 0.00024874
0 0.214844 0.445312 0.123438 0.270312 0.000249771
0 0.233203 0.35625 0.163281 0.185937 0.000266675
0 0.692969 0.179688 0.226562 0.225 0.00029901
0 0.600391 0.218359 0.147656 0.189844 0.000303826
0 0.283203 0.205078 0.182031 0.180469 0.00031062
0 0.142188 0.0636719 0.284375 0.124219 0.000321235
0 0.303125 0.510547 0.0796875 0.107031 0.000322523
0 0.686719 0.514453 0.29375 0.533594 0.000332748
0 0.746875 0.219141 0.320312 0.391406 0.000332951
0 0.614453 0.522656 0.158594 0.35 0.000358406
0 0.337891 0.577734 0.121094 0.139844 0.000358472
0 0.698047 0.553125 0.0992187 0.21875 0.000359472
0 0.675 0.594141 0.134375 0.161719 0.000380088
0 0.661328 0.283984 0.0851562 0.116406 0.000414291
0 0.205859 0.319531 0.0804688 0.117188 0.000423674
0 0.320703 0.171094 0.164844 0.1375 0.000436771
0 0.186719 0.296875 0.28125 0.375 0.000441603
0 0.192188 0.225391 0.196875 0.297656 0.000488987
0 0.239844 0.5125 0.126563 0.14375 0.000497247
0 0.2875 0.1875 0.325 0.323438 0.000515889
0 0.625781 0.385938 0.175 0.478125 0.000538392
0 0.60625 0.548828 0.1125 0.192969 0.000567936
0 0.337891 0.514453 0.113281 0.183594 0.000587792
0 0.208984 0.247656 0.138281 0.2 0.000653126
0 0.232422 0.567578 0.225781 0.152344 0.000664452
0 0.627734 0.317187 0.130469 0.267188 0.000683371
0 0.721484 0.521094 0.158594 0.459375 0.000701558
0 0.188672 0.438672 0.139844 0.380469 0.000874576
0 0.657422 0.207813 0.127344 0.189063 0.000901207
0 0.607031 0.605078 0.117188 0.150781 0.000935548
0 0.714063 0.603125 0.1125 0.178125 0.00094035
0 0.660156 0.241797 0.0890625 0.114844 0.000942203
0 0.371094 0.195703 0.121875 0.150781 0.000977769
0 0.310156 0.55 0.145313 0.139062 0.00113059
0 0.195312 0.520703 0.126563 0.157031 0.00114137
0 0.309375 0.488672 0.132812 0.197656 0.00204445
0 0.305859 0.430078 0.171094 0.366406 0.00206538
0 0.235938 0.479688 0.217187 0.267188 0.00220417
0 0.221875 0.283594 0.0890625 0.11875 0.00222418
0 0.275391 0.257812 0.147656 0.209375 0.00238541
0 0.697266 0.242188 0.175781 0.273438 0.00269359
0 0.681641 0.545703 0.166406 0.307031 0.00335147
0 0.644141 0.566797 0.172656 0.222656 0.00366127
0 0.277734 0.522656 0.200781 0.18125 0.004218
0 0.334766 0.223438 0.182031 0.203125 0.00501588
0 0.679297 0.297656 0.278906 0.3875 0.00821027
0 0.632422 0.236328 0.180469 0.271094 0.0101237
0 0.676172 0.420703 0.185156 0.566406 0.0121937
0 0.207422 0.3375 0.142969 0.292188 0.0170405
0 0.284375 0.260547 0.25625 0.263281 0.0289167
0 0.257812 0.353516 0.221875 0.416406 0.0574644
0 0.236328 0.286328 0.152344 0.241406 0.287016
0 0.665234 0.291406 0.138281 0.3 0.368191
