0 0.346875 0.960156 0.382812 0.0796875 0.000101033
0 0.555078 0.0402344 0.194531 0.0804688 0.000101407
0 0.68125 0.511328 0.185937 0.205469 0.000102472
0 0.544141 0.232031 0.147656 0.20625 0.000103319
0 0.966016 0.530859 0.0679687 0.105469 0.000104174
0 0.820703 0.744531 0.122656 0.179688 0.000106346
0 0.305859 0.282031 0.155469 0.170312 0.000106801
0 0.794922 0.192969 0.103906 0.129688 0.000107182
0 0.220313 0.698828 0.123438 0.227344 0.000109979
0 0.819141 0.166016 0.116406 0.138281 0.00011156
0 0.0351562 0.351953 0.0703125 0.272656 0.000111659
0 0.717969 0.368359 0.103125 0.172656 0.000112335
0 0.365234 0.801562 0.222656 0.184375 0.000112727
0 0.981641 0.759375 0.0367187 0.221875 0.000112935
0 0.15 0.603516 0.217187 0.464844 0.000115499
0 0.716406 0.0269531 0.139062 0.0539063 0.000117336
0 0.721875 0.570703 0.146875 0.271094 0.000117852
0 0.915625 0.262891 0.071875 0.0820312 0.000118
0 0.645703 0.0289063 0.160156 0.0578125 0.00012204
0 0.964844 0.348047 0.06875 0.219531 0.000123548
0 0.691406 0.90625 0.375 0.184375 0.000124178
0 0.380469 0.357031 0.19375 0.296875 0.000125151
0 0.0570313 0.9625 0.114063 0.075 0.000130568
0 0.103516 0.379687 0.200781 0.314063 0.000130972
0 0.201172 0.567578 0.172656 0.375781 0.000131252
0 0.150781 0.0171875 0.225 0.034375 0.000134866
0 0.414062 0.886719 0.35 0.221875 0.000135595
0 0.842969 0.74375 0.160938 0.29375 0.000137881
0 0.284375 0.364453 0.13125 0.221094 0.000140902
0 0.301172 0.760547 0.219531 0.205469 0.000140999
0 0.963281 0.887891 0.0734375 0.224219 0.000148275
0 0.959375 0.234766 0.0640625 0.161719 0.000149152
0 0.982813 0.632812 0.034375 0.232812 0.000149988
0 0.972266 0.0792969 0.0554687 0.144531 0.000163978
0 0.575391 0.295312 0.169531 0.234375 0.000174237
0 0.44375 0.940234 0.45625 0.119531 0.000176608
0 0.323828 0.343359 0.139844 0.236719 0.000180573
0 0.779688 0.725 0.215625 0.201562 0.000182624
0 0.279687 0.701172 0.184375 0.203906 0.000183146
0 0.591016 0.371484 0.175781 0.255469 0.000183454
0 0.242969 0.435937 0.182812 0.359375 0.000202101
0 0.229687 0.962109 0.304688 0.0757812 0.000204949
0 0.96875 0.0402344 0.0609375 0.0804688 0.000207863
0 0.596875 0.470703 0.210938 0.427344 0.000211355
0 0.0539063 0.391797 0.107813 0.396094 0.000221269
0 0.184766 0.900391 0.257031 0.199219 0.000229179
0 0.820703 0.287109 0.186719 0.264844 0.00022983
0 0.0773437 0.0179687 0.148438 0.0359375 0.000238825
0 0.0304688 0.930469 0.0609375 0.139062 0.000251452
0 0.674609 0.353906 0.141406 0.184375 0.000268405
0 0.877344 0.163281 0.178125 0.207813 0.000272303
0 0.692187 0.040625 0.18125 0.08125 0.000282796
0 0.953125 0.521875 0.09375 0.295312 0.000283546
0 0.90625 0.21875 0.104687 0.139062 0.000285365
0 0.0335938 0.690234 0.065625 0.333594 0.000286358
0 0.0714844 0.0402344 0.142969 0.0757812 0.000288835
0 0.157813 0.0382813 0.310937 0.0765625 0.000298456
0 0.192188 0.811328 0.185937 0.297656 0.000298768
0 0.822656 0.214062 0.15 0.185937 0.000302143
0 0.928906 0.242578 0.09375 0.132031 0.000305661
0 0.345703 0.437109 0.183594 0.314844 0.00030747
0 0.887109 0.366797 0.207031 0.360156 0.000331208
0 0.404297 0.713672 0.211719 0.363281 0.000332396
0 0.0179687 0.88125 0.0359375 0.2375 0.000333512
0 0.759766 0.507422 0.132031 0.253906 0.000361109
0 0.89375 0.966797 0.207813 0.0664062 0.000362355
0 0.257422 0.317578 0.174219 0.280469 0.000376225
0 0.0660156 0.926172 0.132031 0.147656 0.000377132
0 0.96875 0.527734 0.0625 0.208594 0.000387705
0 0.128906 0.937109 0.253125 0.125781 0.000389376
0 0.798047 0.69375 0.233594 0.423438 0.000391037
0 0.723437 0.466016 0.142188 0.269531 0.000405029
0 0.789844 0.444141 0.196875 0.575781 0.000410573
0 0.950781 0.271094 0.0734375 0.121875 0.000413331
0 0.980469 0.0535156 0.0390625 0.107031 0.000432111
0 0.81875 0.8 0.146875 0.15625 0.000435468
0 0.941406 0.474609 0.114063 0.486719 0.000438
0 0.721875 0.777734 0.195312 0.189844 0.000451916
0 0.103906 0.871094 0.207813 0.251563 0.000453919
0 0.646875 0.952344 0.414062 0.0953125 0.000454543
0 0.200781 0.694141 0.160938 0.371094 0.000498275
0 0.342578 0.6125 0.214844 0.425 0.000499259
0 0.967578 0.771875 0.0648438 0.45625 0.00050027
0 0.721875 0.966797 0.321875 0.0664062 0.00053544
0 0.314844 0.280078 0.204688 0.325781 0.000566453
0 0.282031 0.938281 0.375 0.123438 0.000567988
0 0.949609 0.0570313 0.100781 0.114063 0.000574744
0 0.304688 0.385547 0.296875 0.467969 0.000592257
0 0.643359 0.325 0.155469 0.173438 0.000600382
0 0.887109 0.231641 0.174219 0.192969 0.000626708
0 0.0820312 0.555859 0.157813 0.621094 0.000630804
0 0.913281 0.937891 0.171875 0.122656 0.000640762
0 0.351172 0.810547 0.335156 0.277344 0.000644666
0 0.857031 0.886328 0.285937 0.227344 0.000769321
0 0.653125 0.319922 0.0796875 0.113281 0.000769552
0 0.778516 0.777344 0.144531 0.160938 0.000772794
0 0.278516 0.568359 0.216406 0.405469 0.000808215
0 0.865625 0.551562 0.251563 0.664062 0.000820629
0 0.292188 0.88125 0.35625 0.232812 0.000829267
0 0.660547 0.599219 0.241406 0.365625 0.000833313
0 0.933984 0.290625 0.113281 0.198437 0.000855665
0 0.0570313 0.855078 0.114063 0.289844 0.000877567
0 0.202734 0.563672 0.260156 0.653906 0.000910681
0 0.113672 0.711719 0.208594 0.453125 0.000932618
0 0.966016 0.608594 0.0679687 0.478125 0.000967507
0 0.921875 0.862109 0.154687 0.274219 0.000980588
0 0.0402344 0.570312 0.0789063 0.548437 0.000981079
0 0.932813 0.275781 0.075 0.0953125 0.00110831
0 0.783984 0.948047 0.367969 0.103906 0.00113907
0 0.742969 0.857422 0.260938 0.267969 0.0013227
0 0.107031 0.0277344 0.214062 0.0554687 0.00139684
0 0.378516 0.527734 0.258594 0.741406 0.00144095
0 0.0292969 0.808203 0.0570313 0.383594 0.001872
0 0.662891 0.410547 0.238281 0.394531 0.00189713
0 0.944922 0.6875 0.105469 0.540625 0.00213804
0 0.0515625 0.705859 0.101562 0.539844 0.00236231
0 0.301172 0.375 0.202344 0.326562 0.00279053
0 0.900781 0.715234 0.196875 0.553906 0.00292519
0 0.240625 0.765625 0.201562 0.304688 0.00298345
0 0.846484 0.802734 0.249219 0.317969 0.00304205
0 0.753125 0.486719 0.178125 0.390625 0.00343735
0 0.733203 0.717578 0.266406 0.296094 0.00553407
0 0.755078 0.605078 0.242969 0.478906 0.0075163
0 0.324219 0.710938 0.3 0.382812 0.00776317
0 0.777734 0.791406 0.235156 0.229687 0.00830373
0 0.297656 0.566797 0.28125 0.661719 0.0397188
0 0.703906 0.515234 0.26875 0.516406 0.0860479
