0 0.756641 0.238281 0.0726563 0.126563 0.000104387
0 0.671875 0.473047 0.151562 0.252344 0.000108797
0 0.334375 0.486328 0.189063 0.378906 0.000109461
0 0.750781 0.2 0.0703125 0.139062 0.000112038
0 0.264844 0.284375 0.078125 0.109375 0.000115961
0 0.21875 0.565234 0.135937 0.449219 0.000119734
0 0.0273438 0.399219 0.053125 0.426562 0.000121244
0 0.303906 0.219922 0.0640625 0.0882813 0.000123223
0 0.401172 0.683203 0.125781 0.136719 0.000129815
0 0.385547 0.528125 0.194531 0.407813 0.000130309
0 0.276172 0.323828 0.0820312 0.100781 0.000130431
0 0.728125 0.666016 0.173438 0.167969 0.000140081
0 0.296484 0.553516 0.130469 0.219531 0.000141151
0 0.280859 0.198828 0.0835937 0.139844 0.000142338
0 0.319531 0.235938 0.071875 0.101562 0.000145898
0 0.752734 0.302344 0.107031 0.246875 0.000154348
0 0.236719 0.679297 0.084375 0.114844 0.000169531
0 0.0339844 0.437891 0.0664062 0.694531 0.000187452
0 0.778516 0.5125 0.0882813 0.184375 0.000197503
0 0.782031 0.668359 0.129688 0.136719 0.000212069
0 0.748828 0.552734 0.271094 0.367969 0.000214929
0 0.260156 0.345703 0.0796875 0.113281 0.000216503
0 0.743359 0.39375 0.132031 0.309375 0.000220545
0 0.7875 0.441406 0.09375 0.23125 0.000220799
0 0.733984 0.226172 0.0914062 0.132031 0.000230267
0 0.259375 0.448438 0.103125 0.229687 0.00025475
0 0.310937 0.382422 0.165625 0.396094 0.000256683
0 0.295312 0.304297 0.101562 0.188281 0.000291222
0 0.811328 0.676562 0.0710938 0.126563 0.000342986
0 0.301562 0.230078 0.09375 0.133594 0.000347522
0 0.396094 0.620313 0.146875 0.217187 0.00037265
0 0.342187 0.574609 0.148438 0.178906 0.000409628
0 0.249609 0.344141 0.0789063 0.188281 0.000438095
0 0.305078 0.48125 0.288281 0.5625 0.000442224
0 0.768359 0.400391 0.0898438 0.171094 0.000459427
0 0.275781 0.633594 0.140625 0.203125 0.000473192
0 0.260547 0.530859 0.110156 0.235156 0.000521594
0 0.307422 0.666016 0.257031 0.213281 0.000544511
0 0.7 0.626562 0.15 0.176563 0.000599383
0 0.285547 0.353906 0.105469 0.185937 0.000620363
0 0.683594 0.550391 0.154687 0.244531 0.00077918
0 0.790234 0.569531 0.122656 0.273438 0.000946588
0 0.269922 0.282031 0.102344 0.2 0.00102783
0 0.238281 0.675 0.10625 0.201562 0.00118454
0 0.766797 0.626953 0.160156 0.202344 0.00143355
0 0.339453 0.609766 0.222656 0.242969 0.00167098
0 0.763281 0.494141 0.13125 0.317969 0.00180775
0 0.247656 0.606641 0.125 0.292969 0.00288697
0 0.266797 0.367969 0.110156 0.28125 0.00306977
0 0.734766 0.560156 0.178906 0.276563 0.00477681
0 0.273047 0.472656 0.147656 0.45 0.00486079
0 0.287109 0.573828 0.194531 0.321094 0.00878626
