0 0.186328 0.544922 0.283594 0.452344 0.000103726
0 0.7375 0.594531 0.08125 0.10625 0.000109218
0 0.429297 0.394141 0.471094 0.788281 0.000110915
0 0.347266 0.66875 0.364844 0.445312 0.000111727
0 0.234766 0.573828 0.0914062 0.110156 0.000112208
0 0.203516 0.632422 0.0867188 0.114844 0.000112713
0 0.601172 0.547656 0.317969 0.507812 0.000113698
0 0.786328 0.0546875 0.338281 0.109375 0.000115213
0 0.192969 0.165234 0.378125 0.330469 0.000116612
0 0.751953 0.677344 0.142969 0.248437 0.000118808
0 0.7375 0.445312 0.08125 0.117188 0.000124569
0 0.693359 0.697656 0.128906 0.13125 0.000125713
0 0.212109 0.555078 0.0867188 0.102344 0.00013022
0 0.258594 0.35 0.1125 0.142188 0.000137313
0 0.748828 0.351953 0.0398437 0.0523437 0.000140303
0 0.663281 0.509375 0.148438 0.271875 0.000142498
0 0.325 0.650781 0.248437 0.284375 0.000150049
0 0.267969 0.109375 0.359375 0.21875 0.000152073
0 0.303516 0.304297 0.124219 0.144531 0.000154593
0 0.720312 0.346484 0.059375 0.0648438 0.000158093
0 0.230469 0.31875 0.25625 0.423438 0.000164245
0 0.628516 0.444922 0.203906 0.333594 0.00017549
0 0.71875 0.367188 0.078125 0.0890625 0.000183379
0 0.3125 0.238672 0.290625 0.477344 0.000189088
0 0.650391 0.332031 0.219531 0.2875 0.000212531
0 0.183594 0.0558594 0.340625 0.111719 0.000212846
0 0.701172 0.402344 0.0804688 0.104687 0.000242858
0 0.742578 0.604297 0.297656 0.436719 0.000259546
0 0.681641 0.575 0.177344 0.20625 0.000275106
0 0.708984 0.352344 0.153906 0.185937 0.000275562
0 0.224609 0.537109 0.113281 0.205469 0.00033147
0 0.313281 0.321094 0.19375 0.232812 0.000335329
0 0.683203 0.448438 0.163281 0.217187 0.000367957
0 0.743359 0.366016 0.0570313 0.0757812 0.000376413
0 0.179688 0.601953 0.135937 0.274219 0.000402865
0 0.374609 0.478906 0.257031 0.532812 0.00041729
0 0.300391 0.489453 0.200781 0.217969 0.000418811
0 0.739453 0.405859 0.0742188 0.113281 0.000461463
0 0.605469 0.614453 0.154687 0.217969 0.000498282
0 0.216016 0.598047 0.0882813 0.117969 0.000505253
0 0.749219 0.447656 0.0921875 0.259375 0.000563527
0 0.21875 0.647656 0.135937 0.2 0.000577215
0 0.217578 0.4 0.111719 0.1875 0.000578154
0 0.690625 0.669922 0.189063 0.210156 0.000583209
0 0.368359 0.517578 0.149219 0.260156 0.000599611
0 0.701172 0.378516 0.111719 0.125781 0.000662718
0 0.735547 0.571094 0.103906 0.2125 0.000693058
0 0.249219 0.647656 0.298438 0.326562 0.000761811
0 0.255078 0.532812 0.150781 0.275 0.000896881
0 0.239844 0.385547 0.084375 0.0929687 0.000924745
0 0.298047 0.629687 0.208594 0.176563 0.00101257
0 0.260156 0.399609 0.0875 0.0960938 0.00124407
0 0.680469 0.4375 0.282813 0.4625 0.00190699
0 0.332031 0.5625 0.204688 0.278125 0.00278864
0 0.20625 0.594922 0.110937 0.192969 0.00424187
0 0.723437 0.594531 0.146875 0.30625 0.00430531
0 0.722266 0.505078 0.121094 0.283594 0.00440374
0 0.727344 0.411328 0.109375 0.188281 0.00597528
0 0.303516 0.406641 0.250781 0.505469 0.00600414
0 0.6625 0.589063 0.234375 0.323438 0.0065742
0 0.261328 0.398047 0.136719 0.142969 0.00687967
0 0.241797 0.445312 0.157031 0.270312 0.00830772
0 0.215625 0.517578 0.134375 0.363281 0.00991339
0 0.249609 0.601953 0.196094 0.235156 0.0558317
0 0.278516 0.523047 0.235156 0.375781 0.240178
0 0.700781 0.492578 0.18125 0.380469 0.280841
