0 0.280859 0.469922 0.0867188 0.0992187 0.000100075
0 0.800391 0.471094 0.113281 0.20625 0.000101247
0 0.278516 0.712109 0.186719 0.155469 0.000102633
0 0.628516 0.267188 0.113281 0.18125 0.000106265
0 0.784375 0.645703 0.221875 0.241406 0.000107088
0 0.753906 0.320703 0.078125 0.100781 0.000111227
0 0.320703 0.279297 0.146094 0.161719 0.000111915
0 0.674609 0.495313 0.0867188 0.103125 0.000112642
0 0.535937 0.374609 0.429688 0.717969 0.000122531
0 0.217578 0.525781 0.211719 0.41875 0.000123271
0 0.421875 0.376563 0.329688 0.5625 0.000123994
0 0.267578 0.363281 0.0804688 0.164062 0.00012528
0 0.0304688 0.507812 0.0609375 0.215625 0.000129081
0 0.277344 0.288672 0.120312 0.180469 0.000138186
0 0.632422 0.312891 0.150781 0.258594 0.000139853
0 0.256641 0.592969 0.0882813 0.104687 0.000142191
0 0.276172 0.529297 0.0898438 0.113281 0.000142941
0 0.389844 0.259766 0.078125 0.0960938 0.000145514
0 0.230469 0.617578 0.09375 0.208594 0.000145563
0 0.717188 0.425781 0.090625 0.0828125 0.000145867
0 0.342969 0.299219 0.1 0.115625 0.000151632
0 0.237891 0.696875 0.0898438 0.107813 0.000160007
0 0.325781 0.321484 0.1 0.175781 0.00016011
0 0.635938 0.391797 0.184375 0.389844 0.00016178
0 0.298438 0.322656 0.0890625 0.146875 0.000162008
0 0.366797 0.242578 0.139844 0.136719 0.000170313
0 0.248828 0.532812 0.0742188 0.11875 0.000174575
0 0.276953 0.289453 0.0601562 0.0960938 0.00017746
0 0.663281 0.363281 0.0890625 0.096875 0.000181926
0 0.407422 0.615234 0.363281 0.446094 0.000184174
0 0.817187 0.573047 0.08125 0.114844 0.00018438
0 0.816797 0.535937 0.0945313 0.160938 0.000192958
0 0.716016 0.383594 0.0882813 0.10625 0.000193968
0 0.698047 0.403516 0.0898438 0.103906 0.000196695
0 0.393359 0.454688 0.194531 0.285937 0.00020031
0 0.785156 0.363672 0.146875 0.310156 0.000200833
0 0.321875 0.432422 0.157813 0.178906 0.000217792
0 0.325 0.369531 0.139062 0.245312 0.000240808
0 0.756641 0.554688 0.147656 0.15625 0.000242634
0 0.258203 0.667578 0.296094 0.333594 0.000248245
0 0.0542969 0.455469 0.107031 0.190625 0.00025792
0 0.147656 0.0625 0.276563 0.123438 0.000282714
0 0.262109 0.0730469 0.374219 0.146094 0.000283543
0 0.734766 0.360156 0.0835937 0.1 0.000289399
0 0.258984 0.491406 0.0851562 0.107813 0.000326089
0 0.829297 0.603906 0.102344 0.204688 0.000332653
0 0.275391 0.19375 0.394531 0.3875 0.000363102
0 0.266016 0.476172 0.111719 0.208594 0.000369341
0 0.321875 0.594531 0.15 0.21875 0.000371391
0 0.387109 0.541797 0.182031 0.225781 0.000381323
0 0.273438 0.319922 0.06875 0.116406 0.000390346
0 0.664062 0.530078 0.0875 0.111719 0.000397347
0 0.662891 0.383984 0.133594 0.208594 0.000416894
0 0.315625 0.320703 0.3375 0.483594 0.000417048
0 0.726172 0.290625 0.0679687 0.059375 0.00044992
0 0.758594 0.425391 0.145313 0.255469 0.00049607
0 0.392578 0.367578 0.152344 0.233594 0.000598901
0 0.282031 0.359766 0.117188 0.242969 0.000624465
0 0.219141 0.641016 0.136719 0.300781 0.000650671
0 0.210156 0.115625 0.370313 0.23125 0.000721506
0 0.320312 0.494141 0.176563 0.191406 0.00073406
0 0.714453 0.466797 0.142969 0.252344 0.000750731
0 0.669141 0.247656 0.167969 0.203125 0.000768314
0 0.250391 0.530469 0.0914062 0.196875 0.000972682
0 0.244922 0.675 0.117969 0.2 0.000998792
0 0.66875 0.572266 0.145313 0.167969 0.00100663
0 0.394141 0.267188 0.139844 0.148438 0.00107802
0 0.369922 0.603516 0.253906 0.269531 0.00121381
0 0.798047 0.478125 0.144531 0.335938 0.00135664
0 0.696094 0.3625 0.090625 0.0921875 0.00154602
0 0.715234 0.346484 0.0867188 0.0929687 0.00156368
0 0.736719 0.298828 0.096875 0.0882813 0.00158231
0 0.747656 0.324219 0.135937 0.182812 0.00159288
0 0.694531 0.529688 0.090625 0.1 0.00164743
0 0.801953 0.564844 0.139844 0.1875 0.00179023
0 0.664453 0.513281 0.121094 0.184375 0.00196472
0 0.717578 0.294922 0.153906 0.177344 0.00271584
0 0.282813 0.633984 0.151562 0.227344 0.0027518
0 0.353516 0.362109 0.217969 0.357031 0.00282932
0 0.754687 0.589453 0.251563 0.210156 0.00312233
0 0.716797 0.386328 0.152344 0.189844 0.0035572
0 0.287109 0.448047 0.163281 0.352344 0.00384317
0 0.667578 0.478906 0.158594 0.285937 0.00507705
0 0.309375 0.664844 0.242188 0.234375 0.00700773
0 0.280859 0.535547 0.139844 0.249219 0.00755829
0 0.688281 0.308594 0.20625 0.273438 0.00810492
0 0.697266 0.346094 0.147656 0.148438 0.0086289
0 0.696484 0.533203 0.135156 0.139844 0.00894481
0 0.733594 0.517187 0.289062 0.329688 0.00951558
0 0.253516 0.599609 0.133594 0.332031 0.0176547
0 0.33125 0.46875 0.240625 0.46875 0.0248268
0 0.711719 0.531641 0.20625 0.202344 0.0459826
0 0.303125 0.566016 0.2125 0.361719 0.174571
0 0.717188 0.402344 0.226562 0.435937 0.213698
