0 0.641406 0.803125 0.11875 0.159375 0.000103053
0 0.721875 0.638672 0.11875 0.0960938 0.000106545
0 0.467578 0.773047 0.282031 0.319531 0.000107602
0 0.65 0.458203 0.157813 0.305469 0.000110445
0 0.641406 0.333984 0.129688 0.189844 0.000111467
0 0.403125 0.527344 0.0953125 0.140625 0.000113002
0 0.319141 0.658203 0.0914062 0.111719 0.000114894
0 0.6625 0.691016 0.192188 0.397656 0.000117098
0 0.737109 0.819141 0.0914062 0.100781 0.000117928
0 0.7625 0.480469 0.115625 0.159375 0.000126463
0 0.289062 0.577344 0.104687 0.284375 0.000127005
0 0.340625 0.554297 0.126563 0.244531 0.000127468
0 0.469922 0.566016 0.253906 0.611719 0.000128286
0 0.420703 0.352734 0.152344 0.263281 0.000132185
0 0.403125 0.783594 0.135937 0.270312 0.000132467
0 0.533984 0.710938 0.350781 0.45625 0.000135353
0 0.661328 0.822266 0.0851562 0.0992187 0.0001361
0 0.360547 0.655859 0.0835937 0.0898438 0.000137673
0 0.972266 0.226562 0.0554687 0.451562 0.000140342
0 0.324609 0.867188 0.0929687 0.107813 0.00014277
0 0.678906 0.841016 0.090625 0.0960938 0.000143252
0 0.861328 0.962891 0.217969 0.0585938 0.000144241
0 0.275391 0.469531 0.125781 0.384375 0.000152921
0 0.717188 0.478125 0.170312 0.220313 0.000154716
0 0.792969 0.736719 0.195312 0.328125 0.000156201
0 0.666406 0.623438 0.304688 0.567187 0.000160728
0 0.257422 0.557422 0.286719 0.652344 0.000174798
0 0.79375 0.803125 0.160938 0.176563 0.000179669
0 0.338281 0.675391 0.090625 0.103906 0.00017976
0 0.778125 0.956641 0.303125 0.0835937 0.000183632
0 0.353125 0.301562 0.121875 0.1875 0.000187578
0 0.378906 0.723047 0.140625 0.280469 0.000194823
0 0.424219 0.571484 0.159375 0.292969 0.00020088
0 0.755469 0.882812 0.148438 0.157813 0.000201056
0 0.410937 0.276172 0.0796875 0.0960938 0.00020503
0 0.75625 0.565234 0.114063 0.182031 0.000210999
0 0.682422 0.765625 0.135156 0.225 0.000213486
0 0.301562 0.698828 0.0875 0.113281 0.00021515
0 0.407031 0.861328 0.317187 0.269531 0.000217378
0 0.413672 0.932031 0.325781 0.129688 0.000218262
0 0.772656 0.788281 0.0828125 0.0953125 0.000228668
0 0.316016 0.957812 0.297656 0.08125 0.000236515
0 0.3875 0.241016 0.096875 0.107031 0.000248726
0 0.248047 0.852734 0.207031 0.230469 0.000252408
0 0.246094 0.941797 0.276563 0.110156 0.00025729
0 0.321094 0.759766 0.140625 0.213281 0.000291565
0 0.314453 0.401563 0.100781 0.198437 0.000304701
0 0.748438 0.529297 0.0796875 0.0820312 0.000334968
0 0.7 0.911719 0.228125 0.135937 0.000343682
0 0.758594 0.63125 0.107813 0.123438 0.000344891
0 0.778516 0.651563 0.105469 0.09375 0.000350143
0 0.378906 0.528906 0.18125 0.334375 0.000364005
0 0.7 0.819922 0.0921875 0.0929687 0.000377081
0 0.377344 0.657031 0.11875 0.178125 0.000378033
0 0.64375 0.842188 0.157813 0.167187 0.000399677
0 0.352734 0.383203 0.160156 0.277344 0.000412996
0 0.286328 0.759766 0.127344 0.272656 0.000446377
0 0.660156 0.279687 0.0984375 0.107813 0.000462446
0 0.289062 0.885156 0.139062 0.140625 0.000483574
0 0.314453 0.491797 0.107031 0.324219 0.000484754
0 0.380078 0.901563 0.210156 0.14375 0.000539964
0 0.729688 0.614844 0.207813 0.45625 0.000562668
0 0.307422 0.386719 0.0664062 0.110937 0.000633873
0 0.4125 0.851172 0.179688 0.208594 0.000655871
0 0.729297 0.629687 0.157031 0.240625 0.00070871
0 0.321094 0.617969 0.125 0.285937 0.000852176
0 0.840625 0.939844 0.278125 0.110937 0.000873406
0 0.40625 0.268359 0.129688 0.138281 0.000922549
0 0.419531 0.648828 0.204688 0.472656 0.000959032
0 0.722266 0.755078 0.282031 0.369531 0.000994613
0 0.305859 0.822656 0.144531 0.242188 0.00115343
0 0.662891 0.269531 0.0664062 0.0765625 0.00116231
0 0.269141 0.784766 0.283594 0.391406 0.00126607
0 0.702734 0.863281 0.149219 0.153125 0.00141822
0 0.360938 0.828125 0.175 0.198437 0.00183117
0 0.36875 0.570312 0.28125 0.628125 0.00201859
0 0.74375 0.663281 0.120312 0.1375 0.00204775
0 0.683594 0.822266 0.164062 0.149219 0.00217263
0 0.339453 0.679297 0.144531 0.189844 0.00244243
0 0.792188 0.826172 0.259375 0.263281 0.00259798
0 0.758984 0.801562 0.130469 0.125 0.0027046
0 0.317969 0.917188 0.260938 0.142188 0.00285025
0 0.751562 0.725781 0.153125 0.229687 0.00293189
0 0.316406 0.535156 0.153125 0.492188 0.00330759
0 0.373828 0.771875 0.221094 0.335938 0.00342573
0 0.280078 0.635938 0.158594 0.495313 0.00357651
0 0.304297 0.698828 0.125781 0.267969 0.00624528
0 0.780469 0.899609 0.304688 0.185156 0.00630137
0 0.753906 0.650781 0.0859375 0.0609375 0.00728821
0 0.730469 0.790234 0.192188 0.186719 0.0110268
0 0.346875 0.651563 0.196875 0.434375 0.0209206
0 0.327344 0.869141 0.217187 0.186719 0.0306551
0 0.730859 0.855859 0.228906 0.205469 0.0571462
0 0.314844 0.730078 0.175 0.388281 0.0746055
