0 0.802734 0.641406 0.0804688 0.107813 0.000102098
0 0.363281 0.672656 0.090625 0.10625 0.00010421
0 0.0457031 0.376172 0.0914062 0.646094 0.000104279
0 0.138672 0.0726563 0.277344 0.145313 0.000105855
0 0.306641 0.302344 0.0757812 0.101562 0.000107279
0 0.292188 0.515234 0.0703125 0.105469 0.000107559
0 0.664453 0.556641 0.299219 0.572656 0.000112213
0 0.440625 0.656641 0.134375 0.149219 0.000121221
0 0.329688 0.258203 0.151562 0.221094 0.000126233
0 0.364453 0.451562 0.144531 0.275 0.000127647
0 0.380859 0.358203 0.141406 0.177344 0.000128503
0 0.830469 0.677734 0.120312 0.186719 0.000137575
0 0.765625 0.346875 0.135937 0.221875 0.000141375
0 0.71875 0.573828 0.125 0.258594 0.000142032
0 0.780859 0.650781 0.300781 0.314063 0.000148077
0 0.272266 0.625 0.292969 0.395312 0.000150135
0 0.0460938 0.702344 0.0921875 0.542188 0.000151446
0 0.655078 0.476953 0.453906 0.767969 0.00015224
0 0.981641 0.564453 0.0367187 0.482031 0.000159788
0 0.261328 0.566797 0.157031 0.339844 0.000162096
0 0.323828 0.319922 0.0835937 0.105469 0.000169747
0 0.427734 0.528906 0.0898438 0.0953125 0.00017325
0 0.776563 0.2875 0.179688 0.2375 0.000179386
0 0.305078 0.427344 0.0960938 0.240625 0.000190384
0 0.0363281 0.51875 0.0726563 0.6 0.000207268
0 0.413672 0.46875 0.141406 0.265625 0.000215925
0 0.866016 0.480469 0.235156 0.639063 0.000234802
0 0.322266 0.515234 0.119531 0.166406 0.000236592
0 0.303906 0.572266 0.084375 0.117969 0.000238011
0 0.405859 0.663672 0.303906 0.341406 0.000247426
0 0.382422 0.654297 0.0914062 0.100781 0.000253576
0 0.818359 0.6125 0.124219 0.24375 0.00027105
0 0.308594 0.321484 0.0984375 0.166406 0.000279622
0 0.739062 0.636719 0.129688 0.165625 0.000279822
0 0.0269531 0.690625 0.0507812 0.415625 0.000292641
0 0.302344 0.403516 0.129688 0.389844 0.000303909
0 0.785547 0.452734 0.138281 0.286719 0.000304296
0 0.686719 0.616797 0.132812 0.185156 0.000320181
0 0.782031 0.653906 0.110937 0.145313 0.000337236
0 0.0265625 0.482422 0.0453125 0.421094 0.000370867
0 0.34375 0.385547 0.125 0.244531 0.000408391
0 0.449219 0.601562 0.154687 0.301562 0.000437583
0 0.407031 0.304688 0.19375 0.314063 0.000449636
0 0.765234 0.571484 0.130469 0.261719 0.000459786
0 0.714453 0.442187 0.263281 0.554688 0.000523828
0 0.292578 0.532812 0.0851562 0.178125 0.000634531
0 0.74375 0.3625 0.226562 0.329688 0.000806629
0 0.805469 0.526172 0.117188 0.278906 0.000892023
0 0.427734 0.528906 0.124219 0.178125 0.000924131
0 0.346094 0.654297 0.142188 0.171094 0.00120239
0 0.451953 0.48125 0.139844 0.34375 0.0012892
0 0.384766 0.554297 0.191406 0.203906 0.00131139
0 0.361328 0.322656 0.105469 0.117188 0.00132015
0 0.7875 0.653125 0.167187 0.203125 0.00142668
0 0.385938 0.653906 0.14375 0.135937 0.00196227
0 0.347266 0.314844 0.153906 0.171875 0.00220745
0 0.745703 0.555469 0.235156 0.420312 0.00237828
0 0.298438 0.53125 0.107813 0.290625 0.00238237
0 0.828125 0.408984 0.164062 0.450781 0.00245795
0 0.802734 0.364453 0.149219 0.299219 0.00256945
0 0.409766 0.635547 0.192969 0.219531 0.00265673
0 0.744531 0.614062 0.198437 0.23125 0.00381214
0 0.348047 0.59375 0.175781 0.223438 0.00448901
0 0.809375 0.593359 0.164062 0.369531 0.00526659
0 0.332422 0.483594 0.164844 0.410937 0.00717564
0 0.358203 0.662891 0.230469 0.222656 0.0072726
0 0.3 0.603516 0.140625 0.299219 0.0102784
0 0.384375 0.450781 0.242188 0.498437 0.0251392
0 0.366406 0.570312 0.239063 0.34375 0.199136
0 0.787109 0.471484 0.188281 0.486719 0.345328
