0 0.457031 0.150781 0.140625 0.140625 0.000101967
0 0.783984 0.691797 0.152344 0.177344 0.000104922
0 0.34375 0.540234 0.151562 0.125781 0.000105487
0 0.424609 0.589844 0.207031 0.203125 0.000108646
0 0.844141 0.576563 0.0882813 0.107813 0.000111174
0 0.811719 0.227734 0.135937 0.186719 0.000111362
0 0.777344 0.316016 0.157813 0.225781 0.000111924
0 0.744141 0.530078 0.139844 0.222656 0.000114593
0 0.0214844 0.270312 0.0429688 0.426562 0.000121266
0 0.737109 0.40625 0.139844 0.18125 0.000125852
0 0.412891 0.139453 0.0695312 0.0773437 0.000130538
0 0.909375 0.780469 0.18125 0.378125 0.000132128
0 0.299609 0.386719 0.0835937 0.0890625 0.000133307
0 0.901953 0.290625 0.0726563 0.10625 0.000135636
0 0.447656 0.467187 0.0875 0.110937 0.000136144
0 0.842188 0.7125 0.204688 0.204688 0.000156034
0 0.940625 0.611328 0.08125 0.107031 0.000157547
0 0.468359 0.510547 0.0820312 0.0992187 0.000159114
0 0.875781 0.609766 0.248437 0.336719 0.000181745
0 0.835547 0.139844 0.0710938 0.0796875 0.000186073
0 0.91875 0.383984 0.101562 0.192969 0.000194503
0 0.302734 0.472656 0.0882813 0.104687 0.000197369
0 0.824219 0.59375 0.0890625 0.104687 0.000205753
0 0.408594 0.525 0.146875 0.120312 0.000207115
0 0.867578 0.467969 0.169531 0.207813 0.000217817
0 0.433984 0.605078 0.349219 0.414844 0.000231522
0 0.415234 0.185937 0.108594 0.160938 0.000241629
0 0.764063 0.613281 0.145313 0.195312 0.0002453
0 0.919922 0.447266 0.116406 0.252344 0.000267814
0 0.845703 0.610937 0.0882813 0.0953125 0.000270239
0 0.318359 0.330859 0.146094 0.302344 0.000281613
0 0.866406 0.405859 0.153125 0.183594 0.000287053
0 0.869922 0.321484 0.153906 0.228906 0.000300125
0 0.780078 0.4 0.207031 0.254687 0.000304411
0 0.466406 0.280469 0.115625 0.121875 0.000308129
0 0.262109 0.442578 0.124219 0.246094 0.000316418
0 0.867188 0.627734 0.0875 0.0804688 0.000353829
0 0.435547 0.312109 0.183594 0.327344 0.000427393
0 0.817578 0.325391 0.202344 0.296094 0.000444214
0 0.921094 0.612109 0.0796875 0.0757812 0.000448321
0 0.260547 0.5125 0.108594 0.145313 0.000448727
0 0.883203 0.578125 0.0851562 0.103125 0.000455813
0 0.901172 0.596484 0.0851562 0.0960938 0.000464927
0 0.843359 0.553516 0.146094 0.183594 0.000511165
0 0.537891 0.668359 0.530469 0.663281 0.000563384
0 0.429297 0.151953 0.103906 0.105469 0.00060492
0 0.363281 0.467969 0.15 0.157813 0.000720853
0 0.802734 0.633594 0.152344 0.179688 0.000741895
0 0.340625 0.590234 0.325 0.346094 0.000765918
0 0.898047 0.323438 0.100781 0.170312 0.000814601
0 0.865234 0.595312 0.0882813 0.1 0.000826322
0 0.441797 0.214844 0.144531 0.201562 0.000847449
0 0.460938 0.514844 0.125 0.13125 0.000848413
0 0.280078 0.489844 0.0882813 0.0953125 0.000869075
0 0.765234 0.473828 0.180469 0.232031 0.000872401
0 0.303125 0.391406 0.123438 0.207813 0.000898561
0 0.845703 0.630469 0.144531 0.129688 0.00101978
0 0.448828 0.429688 0.132031 0.21875 0.00118966
0 0.911328 0.632422 0.119531 0.0960938 0.00122475
0 0.403906 0.526172 0.223438 0.160156 0.0012453
0 0.785937 0.553516 0.1875 0.207031 0.00131141
0 0.325391 0.504687 0.150781 0.146875 0.00140515
0 0.883203 0.6125 0.0867188 0.0765625 0.00149566
0 0.809375 0.747656 0.332812 0.353125 0.00153173
0 0.824609 0.591406 0.142969 0.14375 0.00173069
0 0.919531 0.562109 0.134375 0.199219 0.00176388
0 0.880469 0.671484 0.196875 0.183594 0.00199447
0 0.894922 0.400781 0.147656 0.278125 0.00265147
0 0.384766 0.342969 0.288281 0.464063 0.00310282
0 0.822266 0.446484 0.277344 0.427344 0.00336706
0 0.789453 0.679688 0.260156 0.240625 0.00466129
0 0.33125 0.539844 0.26875 0.1875 0.00488332
0 0.416406 0.399219 0.214062 0.3 0.00608548
0 0.289844 0.482031 0.145313 0.154687 0.00636367
0 0.425781 0.475391 0.179688 0.177344 0.00726234
0 0.890234 0.480859 0.182031 0.333594 0.00746094
0 0.880469 0.604688 0.154687 0.123438 0.0121736
0 0.321484 0.424219 0.203906 0.248437 0.0129758
0 0.842578 0.544531 0.250781 0.270312 0.0463438
0 0.817969 0.615625 0.257812 0.257812 0.0611339
0 0.360547 0.480859 0.274219 0.207031 0.144367
