0 0.249219 0.533203 0.065625 0.103906 0.000102338
0 0.745313 0.651563 0.0890625 0.0859375 0.000103384
0 0.271875 0.300391 0.0828125 0.169531 0.000108521
0 0.680078 0.295312 0.0632813 0.0984375 0.000109357
0 0.301562 0.66875 0.259375 0.298438 0.000109393
0 0.403125 0.120312 0.126563 0.117188 0.000109393
0 0.295703 0.429297 0.0835937 0.0992187 0.000112528
0 0.641406 0.493359 0.121875 0.222656 0.000113996
0 0.439844 0.214453 0.110937 0.232031 0.000116211
0 0.388672 0.172656 0.0867188 0.107813 0.000116549
0 0.677344 0.387109 0.129688 0.217969 0.000118279
0 0.717188 0.299219 0.0765625 0.107813 0.000122866
0 0.723047 0.225 0.127344 0.18125 0.000125537
0 0.662891 0.592578 0.0851562 0.107031 0.000131421
0 0.678906 0.533203 0.0859375 0.111719 0.000137077
0 0.398438 0.450391 0.059375 0.0960938 0.000137148
0 0.743359 0.494531 0.0789063 0.115625 0.000139202
0 0.324219 0.474609 0.0859375 0.110156 0.000139267
0 0.278516 0.408984 0.0804688 0.107031 0.000141447
0 0.722656 0.513672 0.0859375 0.111719 0.000141857
0 0.721484 0.608984 0.0882813 0.100781 0.000143363
0 0.344922 0.35625 0.0695312 0.096875 0.000148935
0 0.349219 0.546484 0.078125 0.0960938 0.000154256
0 0.734766 0.325 0.0695312 0.101562 0.000156255
0 0.285547 0.319531 0.0726563 0.1 0.000159702
0 0.366797 0.566016 0.111719 0.119531 0.000162339
0 0.729688 0.260547 0.0859375 0.192969 0.000162448
0 0.399609 0.433984 0.0789063 0.199219 0.000164228
0 0.3 0.339453 0.0765625 0.0976562 0.000180791
0 0.252344 0.59375 0.2 0.24375 0.000182732
0 0.719922 0.646484 0.280469 0.324219 0.000183199
0 0.349219 0.158984 0.0765625 0.0914062 0.000183392
0 0.715234 0.186719 0.0632813 0.0921875 0.0001897
0 0.272656 0.260156 0.11875 0.196875 0.000200906
0 0.301172 0.490625 0.0882813 0.107813 0.000204834
0 0.749219 0.345313 0.0765625 0.185937 0.000206416
0 0.663672 0.607422 0.119531 0.158594 0.000208246
0 0.257812 0.526172 0.298438 0.358594 0.000208986
0 0.367578 0.454297 0.0679687 0.0976562 0.000209975
0 0.401563 0.596484 0.126563 0.202344 0.000228071
0 0.698828 0.183594 0.102344 0.126563 0.000234996
0 0.367578 0.431641 0.0976562 0.191406 0.000262171
0 0.328516 0.526172 0.0867188 0.0929687 0.000269608
0 0.321875 0.198437 0.0734375 0.104687 0.000274311
0 0.735547 0.363672 0.0742188 0.107031 0.000276222
0 0.698438 0.590234 0.0890625 0.110156 0.000278951
0 0.678906 0.572266 0.0875 0.113281 0.000279152
0 0.386328 0.360156 0.0898438 0.160938 0.000291201
0 0.699219 0.554297 0.0859375 0.113281 0.000295323
0 0.326172 0.338281 0.0789063 0.090625 0.000302537
0 0.703516 0.430859 0.135156 0.258594 0.000305257
0 0.385938 0.257031 0.115625 0.192188 0.00031833
0 0.408594 0.35 0.107813 0.234375 0.000328102
0 0.667578 0.308984 0.269531 0.467969 0.000334587
0 0.254297 0.554297 0.0992187 0.149219 0.000360768
0 0.635938 0.216797 0.129688 0.216406 0.000363521
0 0.269922 0.388281 0.0835937 0.203125 0.000366518
0 0.695312 0.273047 0.0671875 0.110156 0.000368133
0 0.292578 0.221094 0.110156 0.170312 0.000372459
0 0.2875 0.282422 0.071875 0.113281 0.00037834
0 0.645312 0.164453 0.142188 0.139844 0.000383561
0 0.370313 0.139453 0.1125 0.119531 0.00038584
0 0.719531 0.570312 0.0890625 0.110937 0.000391764
0 0.263281 0.512109 0.0828125 0.116406 0.000410368
0 0.70625 0.338672 0.0734375 0.0789063 0.000430635
0 0.314844 0.590625 0.229687 0.203125 0.000444803
0 0.274609 0.449219 0.0773437 0.101562 0.000444877
0 0.403906 0.516016 0.096875 0.124219 0.000471664
0 0.392188 0.703906 0.107813 0.209375 0.000481473
0 0.344141 0.358984 0.107031 0.200781 0.000506323
0 0.303125 0.301562 0.075 0.1 0.00052136
0 0.315234 0.239453 0.0710938 0.100781 0.000556068
0 0.731641 0.664844 0.175781 0.139062 0.000572085
0 0.414844 0.257422 0.13125 0.269531 0.000595725
0 0.734766 0.386328 0.0929687 0.227344 0.000637649
0 0.251563 0.471484 0.090625 0.228906 0.000638585
0 0.680859 0.323438 0.113281 0.220313 0.000661903
0 0.303125 0.261328 0.0671875 0.111719 0.000742444
0 0.348437 0.168359 0.146875 0.149219 0.000756469
0 0.742578 0.533203 0.0804688 0.111719 0.000826753
0 0.365234 0.564062 0.158594 0.171875 0.000858763
0 0.382812 0.474609 0.078125 0.113281 0.000892091
0 0.758203 0.573047 0.0773437 0.114844 0.000930332
0 0.753906 0.452734 0.0953125 0.282031 0.000992188
0 0.301562 0.320312 0.101562 0.171875 0.00100001
0 0.346094 0.494922 0.08125 0.113281 0.00118064
0 0.697656 0.275 0.0890625 0.167187 0.00134368
0 0.426562 0.176563 0.115625 0.139062 0.00140269
0 0.714453 0.217578 0.0804688 0.133594 0.00140535
0 0.71875 0.342578 0.0859375 0.138281 0.00142504
0 0.66875 0.492578 0.189063 0.299219 0.00147943
0 0.758203 0.631641 0.108594 0.139844 0.00161524
0 0.381641 0.5375 0.102344 0.109375 0.00162619
0 0.347266 0.322266 0.103906 0.100781 0.00175247
0 0.318359 0.390234 0.133594 0.277344 0.00175936
0 0.385156 0.325391 0.08125 0.0882813 0.00187902
0 0.667969 0.260938 0.11875 0.179688 0.00192598
0 0.715625 0.314063 0.110937 0.2375 0.00212127
0 0.680469 0.253125 0.0609375 0.0828125 0.00212424
0 0.732813 0.548828 0.282813 0.297656 0.00222174
0 0.330469 0.446875 0.276563 0.339063 0.0022494
0 0.324609 0.203906 0.117969 0.170312 0.00259715
0 0.314453 0.542578 0.188281 0.163281 0.00266412
0 0.663672 0.551562 0.146094 0.201562 0.00299078
0 0.287109 0.319141 0.111719 0.274219 0.00305438
0 0.365234 0.509766 0.0851562 0.102344 0.00306206
0 0.704687 0.622266 0.201562 0.199219 0.00310871
0 0.669141 0.28125 0.174219 0.301562 0.00322115
0 0.379297 0.400391 0.132031 0.319531 0.00330159
0 0.746875 0.406641 0.126563 0.432031 0.00394408
0 0.387891 0.475391 0.113281 0.178906 0.00415857
0 0.380469 0.316797 0.110937 0.144531 0.00425593
0 0.675781 0.210547 0.153125 0.180469 0.00428132
0 0.687891 0.237109 0.0867188 0.113281 0.00668548
0 0.391797 0.167187 0.157031 0.173438 0.00717805
0 0.314844 0.261719 0.120312 0.207813 0.00897906
0 0.279687 0.503516 0.142188 0.183594 0.00933233
0 0.753516 0.534375 0.0992187 0.225 0.0101086
0 0.349609 0.316016 0.174219 0.277344 0.0124291
0 0.750781 0.590625 0.134375 0.198437 0.0142317
0 0.276563 0.435547 0.120312 0.277344 0.0147896
0 0.357812 0.507031 0.128125 0.14375 0.0172042
0 0.369141 0.217578 0.189844 0.261719 0.018475
0 0.726172 0.489844 0.139844 0.298438 0.0201531
0 0.700781 0.395312 0.178125 0.48125 0.0298236
0 0.337891 0.474609 0.178906 0.205469 0.0351751
0 0.317578 0.374609 0.188281 0.405469 0.0650365
0 0.712109 0.560547 0.177344 0.219531 0.222983
