0 0.05 0.892578 0.0984375 0.214844 0.000106362
0 0.967188 0.894531 0.065625 0.210938 0.000109914
0 0.967578 0.966016 0.0648438 0.0679687 0.000111624
0 0.594922 0.655859 0.0867188 0.105469 0.000118165
0 0.748047 0.765625 0.172656 0.267188 0.000126733
0 0.0664062 0.635547 0.128125 0.697656 0.000128314
0 0.270703 0.242969 0.178906 0.2125 0.000132744
0 0.0296875 0.765234 0.059375 0.469531 0.000139603
0 0.136719 0.549609 0.132812 0.219531 0.000140418
0 0.658203 0.728906 0.141406 0.1125 0.000142395
0 0.229297 0.666797 0.158594 0.146094 0.000144097
0 0.713672 0.0679687 0.336719 0.134375 0.000149109
0 0.717188 0.429297 0.0859375 0.177344 0.000149943
0 0.675391 0.678516 0.0867188 0.102344 0.000150738
0 0.121094 0.699609 0.232812 0.550781 0.000155037
0 0.217969 0.257031 0.173438 0.234375 0.000167219
0 0.267969 0.0464844 0.329688 0.0929687 0.000174106
0 0.197266 0.552344 0.183594 0.209375 0.000176759
0 0.676562 0.530078 0.0890625 0.0945313 0.000177824
0 0.164844 0.361328 0.121875 0.207031 0.000183557
0 0.212891 0.652344 0.227344 0.214062 0.000183595
0 0.736719 0.597266 0.121875 0.214844 0.000186512
0 0.692969 0.40625 0.1125 0.207813 0.000188808
0 0.129297 0.361719 0.227344 0.490625 0.000194039
0 0.696484 0.492578 0.130469 0.175781 0.000201314
0 0.684766 0.348047 0.0695312 0.0851562 0.000205414
0 0.971094 0.767969 0.0578125 0.464063 0.000230538
0 0.257031 0.633594 0.135937 0.151562 0.000233389
0 0.639453 0.554688 0.136719 0.167187 0.000234549
0 0.161328 0.598047 0.213281 0.221094 0.000255145
0 0.689844 0.808984 0.296875 0.341406 0.000255424
0 0.745313 0.526172 0.148438 0.411719 0.000259176
0 0.582422 0.715234 0.174219 0.185156 0.000264503
0 0.25625 0.569922 0.170312 0.238281 0.000268229
0 0.733594 0.690625 0.307813 0.375 0.000271211
0 0.688281 0.428125 0.146875 0.339063 0.000323203
0 0.253125 0.512109 0.253125 0.461719 0.000416089
0 0.713672 0.732813 0.192969 0.15 0.000444187
0 0.605469 0.691406 0.292188 0.310937 0.000461233
0 0.618359 0.692969 0.146094 0.148438 0.000479336
0 0.124219 0.510156 0.20625 0.489062 0.00059852
0 0.234766 0.597266 0.111719 0.133594 0.000604216
0 0.747266 0.682422 0.141406 0.207031 0.000624212
0 0.249219 0.361328 0.278125 0.505469 0.000657691
0 0.676172 0.578906 0.167969 0.204688 0.000779035
0 0.678125 0.529297 0.139062 0.128906 0.000841712
0 0.657422 0.674609 0.139844 0.141406 0.000861645
0 0.713672 0.488281 0.133594 0.289062 0.000884077
0 0.635547 0.631641 0.147656 0.194531 0.00132558
0 0.175391 0.445312 0.149219 0.290625 0.00133075
0 0.621094 0.486719 0.235938 0.5125 0.0013338
0 0.216797 0.603516 0.180469 0.167969 0.00161418
0 0.1875 0.550391 0.2375 0.371094 0.00170344
0 0.185156 0.33125 0.157813 0.317187 0.00203045
0 0.695703 0.676953 0.197656 0.185156 0.00236275
0 0.605859 0.569922 0.189844 0.288281 0.00254865
0 0.584766 0.646094 0.157031 0.20625 0.00347096
0 0.686328 0.528125 0.199219 0.404687 0.00642762
0 0.712891 0.607422 0.183594 0.294531 0.00769877
0 0.650781 0.712109 0.25625 0.194531 0.00911626
0 0.647656 0.630859 0.240625 0.263281 0.0728624
0 0.183984 0.427344 0.203906 0.482812 0.376433
