0 0.210547 0.387109 0.108594 0.214844 0.000103289
0 0.305859 0.138672 0.267969 0.263281 0.000104591
0 0.0570313 0.603125 0.114063 0.75625 0.000105751
0 0.213281 0.0945313 0.34375 0.189063 0.000108193
0 0.976562 0.600391 0.046875 0.450781 0.000108716
0 0.304688 0.289062 0.13125 0.178125 0.000111759
0 0.731641 0.401172 0.277344 0.471094 0.000115997
0 0.586328 0.520703 0.146094 0.280469 0.000123811
0 0.225781 0.405469 0.08125 0.10625 0.000126366
0 0.151172 0.139062 0.302344 0.278125 0.00012673
0 0.703125 0.567969 0.084375 0.1125 0.000128646
0 0.469141 0.0367187 0.266406 0.0734375 0.000129429
0 0.718359 0.034375 0.239844 0.06875 0.000131405
0 0.238281 0.429297 0.0875 0.110156 0.000131925
0 0.604688 0.458984 0.325 0.624219 0.000132521
0 0.198437 0.551953 0.0796875 0.0992187 0.000132644
0 0.539844 0.101562 0.440625 0.2 0.000134346
0 0.614062 0.343359 0.120312 0.194531 0.000135278
0 0.695703 0.387109 0.132031 0.261719 0.000136017
0 0.683984 0.532031 0.0867188 0.114063 0.000136704
0 0.594141 0.447656 0.114844 0.184375 0.000138254
0 0.339844 0.384766 0.132812 0.241406 0.000140106
0 0.176172 0.51875 0.108594 0.229687 0.000143206
0 0.946875 0.461719 0.104687 0.592188 0.000144726
0 0.223828 0.491406 0.0898438 0.114063 0.000150676
0 0.699609 0.607813 0.135156 0.2125 0.000153479
0 0.355469 0.199219 0.196875 0.20625 0.000154469
0 0.369922 0.310156 0.142969 0.210938 0.00015672
0 0.392969 0.104297 0.385938 0.208594 0.00015861
0 0.276172 0.38125 0.0867188 0.096875 0.000168985
0 0.694922 0.300781 0.0960938 0.1375 0.000169072
0 0.239453 0.525 0.0898438 0.10625 0.000171039
0 0.367969 0.435156 0.164062 0.360938 0.000186434
0 0.647266 0.0632813 0.328906 0.126563 0.000191623
0 0.661719 0.588281 0.14375 0.209375 0.000192085
0 0.585156 0.475 0.1875 0.460938 0.000219113
0 0.613672 0.488281 0.124219 0.16875 0.000221868
0 0.340625 0.320312 0.0859375 0.0921875 0.000224413
0 0.330469 0.587109 0.142188 0.238281 0.000225594
0 0.34375 0.469141 0.126563 0.188281 0.000252244
0 0.258594 0.451172 0.0875 0.110156 0.000253461
0 0.302344 0.071875 0.364062 0.14375 0.0002535
0 0.473828 0.0640625 0.400781 0.126563 0.00025386
0 0.975 0.435937 0.05 0.460938 0.000253868
0 0.622266 0.255078 0.171094 0.186719 0.000276444
0 0.603906 0.607813 0.126563 0.1625 0.00028647
0 0.228906 0.182422 0.375 0.364844 0.000289649
0 0.281641 0.342578 0.0898438 0.103906 0.00029154
0 0.275391 0.509375 0.0898438 0.1125 0.000307685
0 0.316406 0.448047 0.142188 0.264844 0.000325508
0 0.680078 0.310547 0.147656 0.191406 0.00033344
0 0.744531 0.513672 0.123438 0.260156 0.000359119
0 0.266797 0.583203 0.236719 0.294531 0.00036291
0 0.719531 0.494922 0.0890625 0.114844 0.000373796
0 0.303906 0.327344 0.084375 0.090625 0.000380351
0 0.241797 0.368359 0.0851562 0.108594 0.000400446
0 0.662891 0.471875 0.197656 0.214062 0.000424637
0 0.371094 0.435156 0.21875 0.539062 0.000467796
0 0.651953 0.625 0.219531 0.264062 0.000471158
0 0.262109 0.326562 0.132031 0.164062 0.000513088
0 0.611328 0.447656 0.163281 0.276563 0.000536889
0 0.304688 0.227344 0.25 0.282813 0.000629631
0 0.350781 0.252734 0.157813 0.202344 0.000747778
0 0.643359 0.550781 0.213281 0.214062 0.00080933
0 0.202734 0.547266 0.119531 0.183594 0.000847337
0 0.724219 0.619141 0.16875 0.336719 0.00106862
0 0.297656 0.342187 0.135937 0.142188 0.00116861
0 0.719922 0.403906 0.155469 0.3875 0.00117245
0 0.717578 0.532031 0.0867188 0.114063 0.0012537
0 0.647266 0.332812 0.221094 0.335938 0.00152489
0 0.335547 0.312891 0.142969 0.158594 0.00156888
0 0.257812 0.489062 0.0890625 0.107813 0.00173011
0 0.2 0.460547 0.126563 0.289844 0.00184756
0 0.274219 0.386719 0.13125 0.246875 0.00235028
0 0.242969 0.369141 0.121875 0.197656 0.00261209
0 0.308984 0.518359 0.182031 0.236719 0.00365703
0 0.306641 0.328516 0.191406 0.227344 0.00380994
0 0.253125 0.498828 0.279687 0.328906 0.00434998
0 0.716016 0.475781 0.125781 0.239063 0.00460447
0 0.690234 0.565625 0.278906 0.315625 0.00687521
0 0.256641 0.447656 0.133594 0.214062 0.00775681
0 0.301172 0.372266 0.235156 0.430469 0.0244914
0 0.241016 0.503906 0.174219 0.2125 0.0292559
0 0.66875 0.460938 0.215625 0.414062 0.0684516
0 0.263281 0.437891 0.185937 0.325781 0.242681
0 0.701563 0.536328 0.1625 0.274219 0.313623
