0 0.242188 0.425391 0.0859375 0.111719 0.00010002
0 0.799219 0.0351562 0.23125 0.0703125 0.000103316
0 0.276563 0.365234 0.0875 0.105469 0.000105652
0 0.739844 0.721875 0.1 0.151562 0.000108637
0 0.410156 0.475781 0.171875 0.228125 0.000109641
0 0.298047 0.156641 0.0867188 0.108594 0.000109785
0 0.172266 0.433984 0.230469 0.414844 0.00011143
0 0.587109 0.462109 0.221094 0.386719 0.000112092
0 0.734375 0.608984 0.0984375 0.182031 0.000116491
0 0.0734375 0.0363281 0.146875 0.0710938 0.000118795
0 0.772266 0.448047 0.119531 0.257031 0.000118994
0 0.651953 0.0644531 0.319531 0.125781 0.000120802
0 0.737891 0.178516 0.0960938 0.166406 0.000121061
0 0.362109 0.117188 0.113281 0.0984375 0.000123173
0 0.3 0.408203 0.0875 0.0992187 0.000124941
0 0.376563 0.138672 0.175 0.214844 0.000125117
0 0.573047 0.367578 0.324219 0.574219 0.000126685
0 0.258984 0.259766 0.0804688 0.110156 0.000126866
0 0.74375 0.343359 0.078125 0.107031 0.000128065
0 0.0316406 0.308594 0.0632813 0.6125 0.000128608
0 0.302344 0.591016 0.223438 0.277344 0.000130831
0 0.104687 0.0644531 0.209375 0.127344 0.000144665
0 0.893359 0.315234 0.213281 0.630469 0.000145685
0 0.303125 0.119141 0.104687 0.110156 0.000146116
0 0.777734 0.0863281 0.369531 0.172656 0.000149919
0 0.758594 0.7375 0.25625 0.364062 0.000153337
0 0.730469 0.571094 0.08125 0.114063 0.000154485
0 0.8375 0.369141 0.257812 0.646094 0.000155379
0 0.683594 0.637891 0.185937 0.194531 0.000158762
0 0.7375 0.451953 0.075 0.105469 0.000177191
0 0.286719 0.488281 0.1375 0.154687 0.000182954
0 0.25625 0.302734 0.084375 0.102344 0.000184534
0 0.345313 0.149219 0.292188 0.28125 0.000192905
0 0.0714844 0.221484 0.142969 0.442969 0.00019334
0 0.705859 0.551172 0.0835937 0.102344 0.00019858
0 0.788281 0.621484 0.371875 0.611719 0.000199481
0 0.278906 0.423047 0.0875 0.105469 0.000200577
0 0.705469 0.508984 0.08125 0.107031 0.000213403
0 0.254687 0.348437 0.0859375 0.1125 0.0002179
0 0.701953 0.319922 0.117969 0.171094 0.00022068
0 0.758594 0.214453 0.234375 0.339844 0.00022343
0 0.112891 0.120312 0.225781 0.240625 0.000225967
0 0.75 0.238281 0.06875 0.203125 0.000231456
0 0.379687 0.430078 0.120312 0.211719 0.000234078
0 0.725391 0.734375 0.160156 0.203125 0.000241669
0 0.789453 0.803125 0.378906 0.39375 0.000243444
0 0.667969 0.792188 0.282813 0.3625 0.000274336
0 0.975 0.562891 0.05 0.692969 0.000281697
0 0.253125 0.178516 0.096875 0.163281 0.000292207
0 0.61875 0.524219 0.164062 0.248437 0.000298703
0 0.704297 0.469531 0.0820312 0.09375 0.00031465
0 0.342969 0.407813 0.142188 0.221875 0.000319244
0 0.658984 0.493359 0.132031 0.252344 0.000320772
0 0.721875 0.364453 0.126563 0.257031 0.000334839
0 0.666406 0.710938 0.23125 0.267188 0.00035862
0 0.982031 0.561328 0.0359375 0.427344 0.00036038
0 0.257812 0.389844 0.0875 0.115625 0.000388934
0 0.277344 0.175391 0.0875 0.108594 0.000407621
0 0.761328 0.0546875 0.277344 0.109375 0.000411214
0 0.738281 0.301953 0.0921875 0.185156 0.000417827
0 0.7125 0.130469 0.328125 0.260938 0.000452363
0 0.328906 0.508203 0.129688 0.157031 0.000465561
0 0.342578 0.119141 0.166406 0.141406 0.00050243
0 0.739062 0.591016 0.157813 0.263281 0.00052535
0 0.748047 0.509766 0.0976562 0.216406 0.000561004
0 0.720703 0.530469 0.0757812 0.104687 0.000568132
0 0.701953 0.589063 0.135156 0.18125 0.000575978
0 0.295312 0.345703 0.14375 0.238281 0.000579659
0 0.244531 0.464453 0.153125 0.222656 0.000604832
0 0.151562 0.278906 0.264062 0.50625 0.000625511
0 0.285937 0.508984 0.196875 0.222656 0.000641672
0 0.753906 0.345313 0.08125 0.246875 0.000646211
0 0.736719 0.449609 0.0875 0.183594 0.000660656
0 0.372656 0.506641 0.14375 0.183594 0.000667333
0 0.701563 0.452344 0.11875 0.19375 0.000675653
0 0.376172 0.401953 0.167969 0.310156 0.000680118
0 0.787109 0.396094 0.175781 0.50625 0.000682041
0 0.666016 0.215625 0.224219 0.334375 0.000683535
0 0.377734 0.351562 0.233594 0.532812 0.000838293
0 0.692969 0.535156 0.290625 0.353125 0.000968784
0 0.230859 0.364062 0.107031 0.257812 0.000990398
0 0.747656 0.376953 0.304688 0.602344 0.00106141
0 0.272656 0.238281 0.114063 0.25625 0.00114916
0 0.667969 0.323438 0.285937 0.6 0.00115746
0 0.722266 0.487891 0.0789063 0.107031 0.00116076
0 0.217578 0.313281 0.157031 0.376563 0.00121188
0 0.723828 0.273438 0.136719 0.289062 0.00127217
0 0.323047 0.456641 0.291406 0.300781 0.00140037
0 0.299609 0.423047 0.164844 0.166406 0.00162312
0 0.752734 0.360547 0.111719 0.358594 0.00176033
0 0.667188 0.554688 0.182812 0.232812 0.00181096
0 0.245312 0.295703 0.292188 0.478906 0.00210823
0 0.718359 0.550781 0.0960938 0.179688 0.00216497
0 0.319531 0.230469 0.207813 0.375 0.0041966
0 0.257031 0.302734 0.104687 0.271094 0.00423846
0 0.293359 0.160156 0.142969 0.189063 0.00503098
0 0.720703 0.489062 0.100781 0.185937 0.00508926
0 0.322266 0.375 0.214844 0.332812 0.010262
0 0.738672 0.453516 0.132031 0.347656 0.0109139
0 0.340234 0.466016 0.186719 0.232031 0.0109771
0 0.711328 0.527344 0.144531 0.253125 0.0178908
0 0.266797 0.390234 0.147656 0.230469 0.0243056
0 0.710547 0.380469 0.172656 0.510938 0.0314641
0 0.277734 0.296484 0.158594 0.407031 0.0767923
