0 0.345703 0.362891 0.107031 0.158594 0.000100223
0 0.309375 0.697266 0.182812 0.144531 0.000102587
0 0.382031 0.284375 0.11875 0.129688 0.000107728
0 0.307422 0.596875 0.0867188 0.114063 0.000115775
0 0.748047 0.494922 0.310156 0.528906 0.000117926
0 0.209766 0.636328 0.0789063 0.146094 0.000118436
0 0.269141 0.448047 0.0789063 0.186719 0.000123152
0 0.705078 0.530469 0.0820312 0.11875 0.000124122
0 0.385547 0.472656 0.175781 0.48125 0.000124794
0 0.639063 0.299609 0.134375 0.146094 0.000135407
0 0.623828 0.677344 0.164844 0.189063 0.000137059
0 0.582031 0.327344 0.103125 0.15 0.000137888
0 0.700781 0.673047 0.142188 0.200781 0.000139685
0 0.284375 0.444922 0.0671875 0.135156 0.000142017
0 0.681641 0.492188 0.122656 0.198437 0.000147417
0 0.728906 0.592188 0.123438 0.225 0.000162489
0 0.219531 0.569922 0.107813 0.267969 0.000190301
0 0.351953 0.319531 0.110156 0.135937 0.000192033
0 0.613281 0.458203 0.140625 0.336719 0.0001931
0 0.241406 0.599609 0.0765625 0.116406 0.000196511
0 0.361719 0.533203 0.0875 0.110156 0.000197812
0 0.319922 0.490234 0.0976562 0.149219 0.000199597
0 0.282813 0.650781 0.0890625 0.0859375 0.000201551
0 0.285937 0.666797 0.140625 0.105469 0.000208038
0 0.714063 0.473828 0.0953125 0.200781 0.000216896
0 0.285156 0.403125 0.08125 0.151562 0.000221618
0 0.625391 0.266406 0.183594 0.15 0.000231743
0 0.269922 0.553125 0.267969 0.417188 0.0002411
0 0.282422 0.61875 0.0882813 0.10625 0.000250791
0 0.328125 0.531641 0.0796875 0.0898438 0.000252495
0 0.284766 0.489453 0.0976562 0.216406 0.000254939
0 0.313672 0.353516 0.0992187 0.132031 0.000257443
0 0.383203 0.323047 0.0851562 0.0929687 0.000265361
0 0.613281 0.537891 0.126563 0.208594 0.000282397
0 0.353125 0.399219 0.170312 0.2875 0.000308205
0 0.612891 0.617188 0.130469 0.215625 0.000320098
0 0.326953 0.616797 0.0851562 0.111719 0.000342662
0 0.305078 0.637891 0.0898438 0.0945313 0.000352996
0 0.303906 0.471875 0.075 0.0953125 0.000379307
0 0.754297 0.675781 0.250781 0.484375 0.000399782
0 0.389453 0.363672 0.0914062 0.113281 0.000413979
0 0.378516 0.532422 0.108594 0.175781 0.000437307
0 0.590234 0.311328 0.0726563 0.0898438 0.000468661
0 0.330078 0.573047 0.0820312 0.108594 0.000483866
0 0.344922 0.594531 0.0804688 0.110937 0.000559545
0 0.325781 0.516406 0.125 0.242188 0.000591404
0 0.366406 0.678125 0.09375 0.117188 0.000653124
0 0.261328 0.530469 0.103906 0.2625 0.000716386
0 0.235547 0.659375 0.102344 0.109375 0.000720114
0 0.383203 0.614453 0.125781 0.227344 0.00076945
0 0.726172 0.5 0.139844 0.370313 0.000791238
0 0.659766 0.673437 0.222656 0.264062 0.00080226
0 0.720312 0.673437 0.179688 0.325 0.000875311
0 0.664062 0.553125 0.148438 0.2625 0.00113373
0 0.345703 0.552734 0.0789063 0.107031 0.00115849
0 0.621484 0.359766 0.149219 0.280469 0.00118879
0 0.260938 0.635938 0.114063 0.110937 0.00140277
0 0.324609 0.608203 0.277344 0.292969 0.00161535
0 0.704687 0.531641 0.1125 0.213281 0.00184879
0 0.274609 0.482812 0.152344 0.35625 0.00217591
0 0.369141 0.526563 0.124219 0.30625 0.0023143
0 0.385938 0.329297 0.114063 0.149219 0.00332433
0 0.243359 0.607813 0.113281 0.182812 0.00446613
0 0.344141 0.652344 0.117969 0.123438 0.0044969
0 0.346094 0.55625 0.104687 0.170312 0.00467637
0 0.596094 0.2875 0.104687 0.123438 0.00848287
0 0.289062 0.572266 0.175 0.232031 0.00981619
0 0.307813 0.644922 0.192188 0.155469 0.0104698
0 0.662891 0.482422 0.210156 0.505469 0.0148132
0 0.689844 0.596094 0.273438 0.417188 0.0172939
0 0.323047 0.475391 0.208594 0.463281 0.0306048
0 0.341797 0.601172 0.139844 0.219531 0.0610539
0 0.702344 0.575391 0.153125 0.347656 0.346549
