0 0.169531 0.399609 0.110937 0.213281 0.000100138
0 0.178906 0.488672 0.11875 0.225781 0.000100668
0 0.944531 0.740625 0.109375 0.270312 0.000103797
0 0.856641 0.963281 0.286719 0.0734375 0.000105255
0 0.830469 0.322656 0.0984375 0.109375 0.000105804
0 0.820703 0.442187 0.202344 0.345313 0.000106276
0 0.360547 0.327344 0.100781 0.13125 0.000106599
0 0.830078 0.398828 0.108594 0.150781 0.00011139
0 0.845703 0.633203 0.0898438 0.107031 0.000111588
0 0.787109 0.578125 0.149219 0.189063 0.000111632
0 0.840234 0.559766 0.0867188 0.100781 0.000116175
0 0.125391 0.566406 0.158594 0.353125 0.000116756
0 0.216797 0.448047 0.102344 0.153906 0.000119384
0 0.203906 0.617188 0.0921875 0.103125 0.000120639
0 0.179297 0.347266 0.0757812 0.0757812 0.000121127
0 0.282031 0.322266 0.135937 0.149219 0.000124763
0 0.245703 0.669141 0.150781 0.164844 0.000125476
0 0.196484 0.344531 0.100781 0.117188 0.000126397
0 0.137109 0.613281 0.125781 0.203125 0.000134396
0 0.851562 0.362109 0.104687 0.160156 0.000136371
0 0.833984 0.872266 0.311719 0.241406 0.000136605
0 0.846875 0.341016 0.0765625 0.103906 0.000140191
0 0.259766 0.389062 0.122656 0.1625 0.000148484
0 0.826563 0.541797 0.201562 0.197656 0.000162955
0 0.587891 0.186328 0.211719 0.358594 0.000167439
0 0.446875 0.096875 0.20625 0.192188 0.000173954
0 0.852344 0.405469 0.139062 0.226562 0.000200775
0 0.389062 0.631641 0.165625 0.192969 0.000207725
0 0.487891 0.0335938 0.244531 0.0671875 0.00020821
0 0.717578 0.278125 0.152344 0.139062 0.00020956
0 0.560156 0.104297 0.1875 0.203906 0.000211466
0 0.882031 0.490625 0.184375 0.35625 0.000224216
0 0.853125 0.722656 0.292188 0.485938 0.000224525
0 0.295703 0.617969 0.146094 0.159375 0.000253352
0 0.846094 0.667578 0.185937 0.146094 0.000286275
0 0.841797 0.391406 0.0789063 0.09375 0.000317113
0 0.926953 0.958984 0.142969 0.0820312 0.000349953
0 0.883984 0.666406 0.203906 0.225 0.000365572
0 0.323828 0.319922 0.119531 0.146094 0.000369964
0 0.268359 0.708203 0.313281 0.233594 0.000389066
0 0.76875 0.471484 0.265625 0.474219 0.000399548
0 0.920703 0.707812 0.157031 0.414062 0.000449375
0 0.345703 0.677734 0.199219 0.200781 0.000466714
0 0.282813 0.360156 0.184375 0.189063 0.000483622
0 0.75 0.610937 0.215625 0.235938 0.000488521
0 0.191016 0.487891 0.180469 0.347656 0.000490936
0 0.237891 0.617969 0.0929687 0.1 0.000492107
0 0.512109 0.0621094 0.257031 0.124219 0.000496927
0 0.276563 0.651172 0.140625 0.121094 0.000501995
0 0.202734 0.599609 0.138281 0.155469 0.000523383
0 0.742578 0.648438 0.139844 0.176563 0.000546438
0 0.842578 0.595703 0.0929687 0.111719 0.000578807
0 0.208594 0.386328 0.134375 0.199219 0.000589951
0 0.869141 0.928125 0.261719 0.14375 0.000592003
0 0.521875 0.142188 0.278125 0.278125 0.000649877
0 0.779688 0.670313 0.23125 0.190625 0.00066207
0 0.955469 0.858984 0.0875 0.282031 0.00069354
0 0.260156 0.581641 0.209375 0.202344 0.000855129
0 0.896484 0.818359 0.199219 0.363281 0.000929237
0 0.862891 0.631641 0.139844 0.160156 0.00094967
0 0.16875 0.636719 0.217187 0.19375 0.00113095
0 0.276172 0.492188 0.261719 0.442187 0.0011772
0 0.197656 0.578906 0.240625 0.245312 0.00305447
0 0.311719 0.63125 0.245312 0.2 0.00307724
0 0.814844 0.537891 0.271875 0.316406 0.0034069
0 0.876172 0.578516 0.208594 0.208594 0.00447416
0 0.244141 0.619531 0.144531 0.134375 0.00491841
0 0.844531 0.595703 0.135937 0.152344 0.00595892
0 0.923437 0.899609 0.148438 0.197656 0.00749306
0 0.241797 0.634375 0.316406 0.257812 0.0110057
0 0.242969 0.634766 0.240625 0.167969 0.0629196
0 0.826953 0.610547 0.232031 0.200781 0.063319
