0 0.797266 0.470703 0.110156 0.189844 0.000100512
0 0.372656 0.203906 0.115625 0.121875 0.000101844
0 0.804688 0.614453 0.0859375 0.103906 0.000105832
0 0.840625 0.724609 0.157813 0.249219 0.000114369
0 0.35625 0.116406 0.304688 0.207813 0.000114402
0 0.373047 0.258203 0.292969 0.321094 0.000115517
0 0.142188 0.046875 0.275 0.09375 0.000118876
0 0.403516 0.634375 0.0820312 0.107813 0.000119251
0 0.365625 0.637891 0.0828125 0.105469 0.000121405
0 0.718359 0.401953 0.0882813 0.107031 0.000125944
0 0.658594 0.365625 0.145313 0.23125 0.000128471
0 0.383594 0.678906 0.0890625 0.1 0.000132404
0 0.223828 0.0902344 0.322656 0.178906 0.000133842
0 0.717578 0.0351562 0.180469 0.0625 0.000134382
0 0.982422 0.510156 0.0304688 0.18125 0.000135138
0 0.405469 0.364453 0.129688 0.207031 0.000135199
0 0.660937 0.448828 0.135937 0.208594 0.000138052
0 0.823438 0.620313 0.3 0.457812 0.000138438
0 0.235156 0.0339844 0.24375 0.0679687 0.000142219
0 0.723437 0.671875 0.245312 0.190625 0.000153613
0 0.761328 0.120312 0.261719 0.229687 0.000165095
0 0.652734 0.273438 0.183594 0.2125 0.000169136
0 0.775781 0.0542969 0.2625 0.108594 0.000181154
0 0.402344 0.592969 0.08125 0.0984375 0.00018505
0 0.848828 0.777344 0.275781 0.415625 0.000192479
0 0.381641 0.300781 0.128906 0.2125 0.00019377
0 0.957422 0.441016 0.0835937 0.308594 0.000195798
0 0.773438 0.404687 0.134375 0.184375 0.000196645
0 0.664844 0.123828 0.220313 0.221094 0.000205873
0 0.41875 0.575391 0.115625 0.161719 0.000217168
0 0.762891 0.632422 0.142969 0.155469 0.000228975
0 0.972656 0.526953 0.040625 0.164844 0.000233576
0 0.412891 0.4375 0.161719 0.334375 0.000245882
0 0.687891 0.625781 0.335156 0.440625 0.000247778
0 0.665234 0.563281 0.182031 0.220313 0.000259104
0 0.309766 0.301562 0.0820312 0.145313 0.000273218
0 0.359375 0.734766 0.35625 0.308594 0.000283604
0 0.8 0.533203 0.13125 0.247656 0.000285535
0 0.422266 0.710938 0.149219 0.164062 0.000294148
0 0.385938 0.612109 0.0796875 0.102344 0.000302409
0 0.360938 0.386328 0.178125 0.171094 0.000314411
0 0.290234 0.0527344 0.324219 0.105469 0.000327757
0 0.739062 0.382031 0.090625 0.1 0.000329548
0 0.7625 0.572266 0.146875 0.200781 0.000330621
0 0.705859 0.0699219 0.210156 0.135156 0.00034569
0 0.417578 0.228516 0.160156 0.180469 0.000388719
0 0.319922 0.721484 0.222656 0.194531 0.000393285
0 0.412891 0.523438 0.214844 0.4 0.000394191
0 0.703906 0.368359 0.142188 0.186719 0.000401265
0 0.326172 0.691016 0.152344 0.153906 0.000403056
0 0.810547 0.484375 0.199219 0.359375 0.00041002
0 0.696875 0.211719 0.228125 0.320312 0.000414216
0 0.971094 0.476953 0.0515625 0.261719 0.000422181
0 0.751562 0.330078 0.140625 0.178906 0.000445026
0 0.362891 0.24375 0.147656 0.182812 0.000453544
0 0.742188 0.532422 0.207813 0.214844 0.000492618
0 0.758594 0.468359 0.148438 0.250781 0.000529832
0 0.773047 0.718359 0.319531 0.349219 0.000539221
0 0.358594 0.510547 0.1875 0.199219 0.000605224
0 0.831641 0.642187 0.117969 0.170312 0.000620075
0 0.803906 0.672266 0.184375 0.194531 0.000709702
0 0.409375 0.569141 0.15625 0.267969 0.000741428
0 0.672656 0.480078 0.196875 0.313281 0.000763607
0 0.690234 0.618359 0.216406 0.236719 0.00077227
0 0.331641 0.281641 0.127344 0.192969 0.000777068
0 0.274219 0.610937 0.292188 0.415625 0.000798116
0 0.344922 0.632812 0.141406 0.173438 0.000830093
0 0.30625 0.346094 0.10625 0.242188 0.000857997
0 0.361328 0.573438 0.139844 0.21875 0.000887057
0 0.304297 0.633984 0.139844 0.213281 0.000939681
0 0.303906 0.515234 0.134375 0.213281 0.000963031
0 0.324219 0.405859 0.164062 0.338281 0.00108109
0 0.701953 0.424219 0.172656 0.190625 0.0012886
0 0.720703 0.329688 0.207031 0.25 0.00140061
0 0.38125 0.678516 0.167187 0.161719 0.00147484
0 0.383594 0.617188 0.145313 0.189063 0.00294924
0 0.358594 0.316016 0.196875 0.296094 0.00303936
0 0.801562 0.605469 0.160938 0.210938 0.00312763
0 0.738281 0.385547 0.151562 0.139844 0.0036116
0 0.321484 0.573438 0.147656 0.265625 0.00424842
0 0.280078 0.605469 0.164844 0.33125 0.00513
0 0.694141 0.389062 0.241406 0.421875 0.00628822
0 0.293359 0.481641 0.182031 0.517969 0.00662075
0 0.748047 0.401953 0.189844 0.291406 0.00682595
0 0.353516 0.666016 0.242969 0.224219 0.0175676
0 0.757812 0.597656 0.260938 0.29375 0.0180663
0 0.357812 0.416016 0.23125 0.563281 0.01848
0 0.730859 0.482422 0.260156 0.414844 0.201533
0 0.345703 0.558984 0.238281 0.377344 0.205764
