0 0.322656 0.154297 0.0890625 0.108594 0.000103988
0 0.346484 0.551953 0.167969 0.163281 0.000104149
0 0.301953 0.196094 0.0773437 0.0890625 0.000105842
0 0.778125 0.614844 0.0828125 0.06875 0.000106509
0 0.336719 0.472266 0.182812 0.178906 0.000109021
0 0.970312 0.523438 0.05625 0.792188 0.000109587
0 0.228906 0.409766 0.101562 0.186719 0.000109802
0 0.945703 0.967578 0.108594 0.0632813 0.000111187
0 0.297656 0.206641 0.185937 0.246094 0.000112575
0 0.260938 0.523828 0.0890625 0.103906 0.000112586
0 0.894141 0.971094 0.211719 0.05625 0.000113186
0 0.788672 0.369141 0.0945313 0.189844 0.000115016
0 0.945312 0.0992187 0.107813 0.198437 0.000120869
0 0.116797 0.458203 0.233594 0.785156 0.000121047
0 0.0265625 0.441406 0.05 0.454688 0.000121851
0 0.679688 0.11875 0.171875 0.173438 0.000125811
0 0.265234 0.332031 0.0945313 0.20625 0.000126867
0 0.776172 0.590234 0.0710938 0.0695312 0.000127296
0 0.244531 0.371875 0.0890625 0.18125 0.000128749
0 0.0726563 0.0851562 0.145313 0.170312 0.000141372
0 0.735547 0.205469 0.144531 0.240625 0.000143864
0 0.699609 0.523047 0.166406 0.196094 0.000148761
0 0.967578 0.0703125 0.0632813 0.140625 0.000149431
0 0.780469 0.533203 0.0859375 0.107031 0.000151619
0 0.187891 0.165234 0.355469 0.324219 0.000152334
0 0.930469 0.948438 0.132812 0.101562 0.000152634
0 0.791797 0.2125 0.157031 0.26875 0.000159729
0 0.781641 0.665234 0.0789063 0.0695312 0.000162292
0 0.738281 0.290234 0.167187 0.346094 0.000168139
0 0.745313 0.491406 0.110937 0.2125 0.00018491
0 0.765625 0.635156 0.0875 0.0828125 0.000189823
0 0.0355469 0.35625 0.0710938 0.528125 0.000195083
0 0.820703 0.492969 0.0835937 0.1125 0.000196719
0 0.783203 0.451953 0.278906 0.374219 0.000199641
0 0.330078 0.19375 0.0664062 0.08125 0.000206491
0 0.796875 0.567578 0.139062 0.150781 0.000208689
0 0.804297 0.5125 0.0867188 0.1 0.000224869
0 0.260547 0.450781 0.0914062 0.107813 0.000232623
0 0.226953 0.399609 0.297656 0.508594 0.000240561
0 0.0457031 0.475 0.0914062 0.86875 0.00025019
0 0.904297 0.0761719 0.191406 0.152344 0.000252017
0 0.764453 0.553125 0.0789063 0.10625 0.000253337
0 0.834375 0.550781 0.11875 0.176563 0.000261533
0 0.0414063 0.192969 0.0828125 0.385938 0.000268795
0 0.102344 0.121484 0.19375 0.230469 0.000287209
0 0.276953 0.491016 0.0914062 0.113281 0.000291684
0 0.0296875 0.270312 0.059375 0.310937 0.000337102
0 0.244141 0.538281 0.167969 0.217187 0.000346189
0 0.872656 0.168359 0.254687 0.336719 0.000349234
0 0.737109 0.568359 0.133594 0.149219 0.000360593
0 0.973047 0.307422 0.0539063 0.528906 0.000391855
0 0.782031 0.647266 0.05625 0.0695312 0.000413471
0 0.310156 0.403516 0.179688 0.288281 0.000463471
0 0.221875 0.475781 0.132812 0.248437 0.000518893
0 0.786719 0.471484 0.114063 0.192969 0.000520341
0 0.291406 0.430859 0.126563 0.200781 0.00053733
0 0.771875 0.585547 0.090625 0.114844 0.000554323
0 0.964844 0.189063 0.0703125 0.378125 0.000566895
0 0.112891 0.239063 0.144531 0.257812 0.000594264
0 0.270703 0.349609 0.136719 0.289844 0.000665057
0 0.816016 0.369141 0.0960938 0.228906 0.00066562
0 0.833594 0.468359 0.1 0.217969 0.000675903
0 0.0773437 0.299609 0.154687 0.330469 0.000683821
0 0.160938 0.282813 0.284375 0.489062 0.000780659
0 0.771484 0.390625 0.144531 0.339063 0.000796858
0 0.953906 0.328516 0.0921875 0.657031 0.000801619
0 0.288281 0.473828 0.270312 0.289844 0.000965251
0 0.931641 0.158203 0.136719 0.316406 0.00102535
0 0.3125 0.514844 0.190625 0.182812 0.0013158
0 0.764063 0.534375 0.134375 0.171875 0.00155588
0 0.913281 0.282813 0.173438 0.565625 0.00188566
0 0.249609 0.411328 0.133594 0.269531 0.00309554
0 0.806641 0.516406 0.136719 0.190625 0.00347423
0 0.104297 0.218359 0.208594 0.414844 0.00781896
0 0.809766 0.442969 0.122656 0.292188 0.0126029
0 0.266016 0.473437 0.155469 0.207813 0.0414536
