0 0.338672 0.440625 0.160156 0.340625 0.000108046
0 0.319922 0.613672 0.136719 0.238281 0.000109937
0 0.620313 0.353516 0.234375 0.389844 0.000112898
0 0.321094 0.314844 0.154687 0.215625 0.000115768
0 0.269922 0.260156 0.186719 0.1875 0.000119878
0 0.0863281 0.698438 0.163281 0.603125 0.000120079
0 0.810156 0.679688 0.195312 0.210938 0.000120421
0 0.278516 0.598437 0.0789063 0.0953125 0.000121159
0 0.783984 0.529297 0.146094 0.266406 0.000123189
0 0.737109 0.364062 0.136719 0.282813 0.000126062
0 0.869922 0.685547 0.222656 0.336719 0.000137157
0 0.194141 0.291016 0.191406 0.221094 0.000141721
0 0.165625 0.330078 0.0828125 0.108594 0.000142111
0 0.219531 0.61875 0.207813 0.198437 0.000161909
0 0.882422 0.608594 0.235156 0.615625 0.000163624
0 0.145313 0.447656 0.120312 0.257812 0.000178897
0 0.265234 0.755078 0.264844 0.252344 0.000186417
0 0.651953 0.646094 0.194531 0.265625 0.000226887
0 0.180859 0.307813 0.114844 0.16875 0.000232585
0 0.110547 0.548437 0.211719 0.653125 0.000237809
0 0.240625 0.658594 0.146875 0.201562 0.00026794
0 0.207422 0.368359 0.127344 0.228906 0.000275862
0 0.694141 0.242188 0.153906 0.190625 0.000307347
0 0.625391 0.396484 0.336719 0.633594 0.000325011
0 0.157813 0.6125 0.13125 0.259375 0.000376577
0 0.258984 0.429297 0.158594 0.171094 0.000433872
0 0.766797 0.639453 0.258594 0.297656 0.000461374
0 0.719141 0.285547 0.133594 0.238281 0.000466834
0 0.176953 0.488281 0.138281 0.264062 0.000531582
0 0.296875 0.394922 0.2 0.342969 0.000550404
0 0.214062 0.423828 0.185937 0.210156 0.00057346
0 0.339063 0.560156 0.178125 0.390625 0.00058024
0 0.279687 0.617188 0.13125 0.165625 0.000600403
0 0.698047 0.598047 0.302344 0.355469 0.000637534
0 0.222266 0.713672 0.185156 0.191406 0.000643164
0 0.149609 0.746094 0.233594 0.340625 0.000735001
0 0.180078 0.678906 0.178906 0.195312 0.000857593
0 0.259766 0.330078 0.230469 0.317969 0.00152993
0 0.693359 0.315625 0.210156 0.340625 0.00162061
0 0.809766 0.525391 0.249219 0.567969 0.00186574
0 0.291797 0.675781 0.214844 0.251563 0.00187438
0 0.300391 0.559375 0.272656 0.54375 0.00265978
0 0.159375 0.599219 0.182812 0.45 0.00369529
0 0.177734 0.364062 0.108594 0.160938 0.0038942
0 0.725391 0.401172 0.219531 0.410156 0.00407794
0 0.259375 0.608594 0.25 0.35625 0.00432062
0 0.217578 0.399609 0.222656 0.364844 0.00616047
0 0.757422 0.519141 0.238281 0.410156 0.00730462
0 0.216016 0.680469 0.264844 0.276563 0.0175553
0 0.171875 0.394922 0.135937 0.257031 0.0222688
0 0.172656 0.470313 0.175 0.445312 0.0583852
0 0.220313 0.518359 0.278125 0.571094 0.306653
0 0.720312 0.464453 0.325 0.616406 0.4746
