0 0.304688 0.465234 0.142188 0.152344 0.000100669
0 0.025 0.312109 0.0484375 0.427344 0.000101747
0 0.586719 0.46875 0.09375 0.170312 0.000102512
0 0.550391 0.0363281 0.186719 0.0554687 0.000102868
0 0.103906 0.964453 0.207813 0.0710938 0.00010461
0 0.216016 0.258203 0.0867188 0.0976562 0.000104921
0 0.657422 0.528516 0.0820312 0.0882813 0.000107344
0 0.258984 0.444922 0.0851562 0.0929687 0.000109832
0 0.192188 0.342187 0.084375 0.0984375 0.000110359
0 0.148047 0.302734 0.0914062 0.172656 0.000111894
0 0.971484 0.596094 0.0570313 0.232812 0.000111966
0 0.168359 0.866797 0.325781 0.264844 0.0001126
0 0.702344 0.722266 0.26875 0.491406 0.000113533
0 0.535547 0.294531 0.0789063 0.1 0.000113932
0 0.284766 0.326172 0.163281 0.210156 0.000116135
0 0.0382813 0.776172 0.0765625 0.447656 0.000117483
0 0.0359375 0.895703 0.071875 0.208594 0.000117798
0 0.176172 0.364844 0.0851562 0.10625 0.000123662
0 0.69375 0.323047 0.0796875 0.108594 0.000123985
0 0.613672 0.507812 0.0835937 0.1 0.000124123
0 0.224609 0.178906 0.130469 0.184375 0.000125255
0 0.678125 0.509375 0.0859375 0.090625 0.000128965
0 0.592578 0.325391 0.117969 0.158594 0.000129485
0 0.657422 0.486328 0.0882813 0.100781 0.000132917
0 0.620703 0.117578 0.0804688 0.0664062 0.000133519
0 0.249609 0.124219 0.197656 0.179688 0.000139511
0 0.511719 0.267188 0.109375 0.175 0.000140142
0 0.628125 0.15 0.065625 0.109375 0.000141628
0 0.644922 0.612891 0.328906 0.577344 0.000142282
0 0.732813 0.451562 0.290625 0.3875 0.000144294
0 0.635547 0.431641 0.0820312 0.105469 0.000146472
0 0.35625 0.364453 0.1375 0.197656 0.000147374
0 0.675781 0.469141 0.0890625 0.108594 0.00015165
0 0.592969 0.514844 0.101562 0.145313 0.000152477
0 0.195703 0.385938 0.0867188 0.096875 0.000155293
0 0.631641 0.130859 0.0554687 0.0554687 0.000160932
0 0.174219 0.408203 0.0890625 0.100781 0.00016175
0 0.175 0.444922 0.09375 0.0960938 0.000162149
0 0.655859 0.241016 0.116406 0.166406 0.000183177
0 0.239453 0.428125 0.0835937 0.0953125 0.000188173
0 0.733984 0.525 0.0742188 0.0875 0.00020449
0 0.237891 0.389453 0.0757812 0.0882813 0.000209379
0 0.195703 0.429297 0.0914062 0.0976562 0.000215165
0 0.135937 0.394531 0.134375 0.267188 0.000215481
0 0.611719 0.282422 0.153125 0.158594 0.000218039
0 0.692969 0.287891 0.071875 0.0976562 0.000220341
0 0.654688 0.449609 0.0859375 0.102344 0.000230421
0 0.567578 0.28125 0.119531 0.148438 0.000240842
0 0.696094 0.577344 0.226562 0.253125 0.000243932
0 0.266016 0.155859 0.124219 0.167969 0.000248126
0 0.259766 0.407031 0.0789063 0.09375 0.000249567
0 0.112109 0.921484 0.217969 0.152344 0.000252205
0 0.300391 0.111328 0.138281 0.164844 0.000260519
0 0.614062 0.34375 0.134375 0.23125 0.000262088
0 0.190234 0.280859 0.0867188 0.105469 0.000278874
0 0.235938 0.344141 0.132812 0.196094 0.000295733
0 0.733594 0.469531 0.123438 0.189063 0.000297012
0 0.635938 0.546484 0.160938 0.124219 0.000310525
0 0.634766 0.467969 0.0867188 0.103125 0.000320959
0 0.513672 0.179297 0.0992187 0.147656 0.000335241
0 0.546484 0.170703 0.142969 0.241406 0.00035257
0 0.141797 0.43125 0.0851562 0.125 0.000371817
0 0.101172 0.8125 0.202344 0.371875 0.000388105
0 0.612891 0.451172 0.0835937 0.103906 0.000389631
0 0.603516 0.165234 0.160156 0.244531 0.000418468
0 0.304688 0.240625 0.140625 0.2625 0.000435756
0 0.203125 0.615234 0.390625 0.594531 0.000462248
0 0.28125 0.403906 0.120312 0.13125 0.000467209
0 0.193359 0.241406 0.0867188 0.0984375 0.000475988
0 0.0671875 0.85625 0.134375 0.285937 0.000494671
0 0.238672 0.444531 0.138281 0.114063 0.000501062
0 0.160547 0.508984 0.217969 0.374219 0.000502653
0 0.660156 0.494922 0.284375 0.283594 0.000517778
0 0.534375 0.29375 0.10625 0.146875 0.000527328
0 0.348828 0.484766 0.157031 0.183594 0.000567366
0 0.366797 0.352734 0.163281 0.416406 0.000575757
0 0.172266 0.321875 0.0773437 0.0953125 0.000589025
0 0.1875 0.368359 0.279687 0.439844 0.000637423
0 0.586328 0.398828 0.153906 0.280469 0.00069316
0 0.634766 0.235156 0.188281 0.273438 0.00070486
0 0.327734 0.326172 0.141406 0.274219 0.000748231
0 0.105078 0.630859 0.210156 0.738281 0.000751168
0 0.196484 0.462109 0.149219 0.135156 0.000790323
0 0.703906 0.321875 0.10625 0.239063 0.00080675
0 0.716797 0.507422 0.0757812 0.0835937 0.00082278
0 0.237109 0.239844 0.135156 0.201562 0.000859718
0 0.236719 0.405859 0.125 0.121094 0.000909699
0 0.162109 0.345703 0.100781 0.197656 0.00091237
0 0.346875 0.425391 0.145313 0.185156 0.0011004
0 0.5625 0.268359 0.15625 0.261719 0.00113576
0 0.68125 0.285156 0.109375 0.175 0.00119654
0 0.164453 0.264062 0.0632813 0.101562 0.00120486
0 0.227734 0.5 0.266406 0.207813 0.00122589
0 0.31875 0.351172 0.295312 0.496094 0.00127596
0 0.687109 0.538281 0.172656 0.132812 0.00135768
0 0.614844 0.485156 0.115625 0.14375 0.0014641
0 0.658594 0.388281 0.139062 0.248437 0.00154427
0 0.280078 0.425781 0.207031 0.157813 0.00166341
0 0.658594 0.466016 0.1375 0.141406 0.00168629
0 0.58125 0.306641 0.195312 0.478906 0.00179301
0 0.192969 0.301953 0.13125 0.216406 0.00184665
0 0.533203 0.229297 0.116406 0.217969 0.0025941
0 0.215625 0.387109 0.204688 0.188281 0.00259663
0 0.712109 0.510547 0.116406 0.119531 0.00274739
0 0.677344 0.321875 0.1375 0.321875 0.00287054
0 0.710156 0.399609 0.153125 0.311719 0.0031663
0 0.187891 0.23125 0.125781 0.178125 0.00323356
0 0.165625 0.434766 0.139062 0.160156 0.00335733
0 0.657031 0.507812 0.179688 0.160938 0.00357727
0 0.61875 0.439844 0.14375 0.203125 0.00425602
0 0.234766 0.196875 0.217969 0.257812 0.00588776
0 0.313672 0.389844 0.197656 0.28125 0.00598694
0 0.297656 0.166406 0.160938 0.220313 0.00610445
0 0.167578 0.276953 0.0882813 0.167969 0.00704989
0 0.255078 0.430859 0.325781 0.294531 0.00711424
0 0.330469 0.269531 0.182812 0.448438 0.0129301
0 0.175 0.364453 0.145313 0.283594 0.0148352
0 0.679688 0.454688 0.185937 0.232812 0.0213154
0 0.641797 0.364453 0.224219 0.375781 0.0242131
0 0.202344 0.275781 0.1875 0.35 0.0243378
0 0.219531 0.438281 0.24375 0.1875 0.0261745
0 0.255078 0.282422 0.285156 0.453906 0.159144
