0 0.582422 0.630859 0.178906 0.186719 0.000101301
0 0.741406 0.693359 0.260938 0.199219 0.00010201
0 0.238672 0.45 0.0992187 0.175 0.000102759
0 0.0839844 0.671484 0.0585938 0.0820312 0.000104998
0 0.154297 0.644531 0.0898438 0.103125 0.000105532
0 0.464844 0.0195312 0.228125 0.0390625 0.000106284
0 0.345313 0.0261719 0.260938 0.0507812 0.000106931
0 0.816406 0.536328 0.0765625 0.117969 0.000109115
0 0.614844 0.5125 0.16875 0.145313 0.000113274
0 0.154687 0.662891 0.145313 0.122656 0.000113563
0 0.720312 0.324609 0.146875 0.125781 0.000114484
0 0.221484 0.341797 0.125781 0.132031 0.000116914
0 0.397656 0.0578125 0.345313 0.115625 0.000117794
0 0.654297 0.557422 0.153906 0.178906 0.000124408
0 0.600781 0.623438 0.315625 0.33125 0.000129483
0 0.174219 0.530078 0.145313 0.278906 0.000130154
0 0.7 0.507812 0.142188 0.121875 0.000131246
0 0.737109 0.794922 0.369531 0.358594 0.000131547
0 0.783984 0.587891 0.0882813 0.0929687 0.000140938
0 0.221094 0.405078 0.129688 0.230469 0.000142035
0 0.815234 0.654297 0.146094 0.200781 0.000143086
0 0.830078 0.552734 0.0882813 0.178906 0.000147325
0 0.9875 0.771875 0.025 0.296875 0.000150324
0 0.801172 0.608594 0.0898438 0.103125 0.000150328
0 0.762109 0.367188 0.0867188 0.114063 0.000151403
0 0.110937 0.576172 0.08125 0.111719 0.000152497
0 0.721875 0.428125 0.140625 0.257812 0.000153477
0 0.699219 0.607031 0.153125 0.1625 0.000165888
0 0.0972656 0.492578 0.0710938 0.108594 0.000166948
0 0.116016 0.534766 0.232031 0.441406 0.000181281
0 0.217969 0.578906 0.109375 0.154687 0.000192691
0 0.824219 0.766016 0.167187 0.280469 0.000197175
0 0.264844 0.289453 0.16875 0.166406 0.000199148
0 0.177344 0.339063 0.14375 0.139062 0.000200207
0 0.234375 0.383594 0.290625 0.384375 0.000207201
0 0.0855469 0.447656 0.144531 0.465625 0.000221622
0 0.605469 0.294141 0.145313 0.119531 0.000241777
0 0.813672 0.628125 0.294531 0.425 0.000251141
0 0.678906 0.475391 0.170312 0.136719 0.000277453
0 0.742969 0.530469 0.15 0.148438 0.0002776
0 0.821875 0.482812 0.1125 0.3125 0.000279592
0 0.247266 0.635547 0.113281 0.124219 0.000282459
0 0.216406 0.662891 0.190625 0.146094 0.00031843
0 0.217187 0.615234 0.0875 0.102344 0.00032273
0 0.423438 0.03125 0.259375 0.0625 0.000380022
0 0.794531 0.430469 0.104687 0.246875 0.000380304
0 0.742578 0.591797 0.150781 0.150781 0.000388201
0 0.254687 0.50625 0.229687 0.503125 0.000395526
0 0.660937 0.647266 0.289062 0.180469 0.000400252
0 0.173828 0.616016 0.0898438 0.0960938 0.000419695
0 0.596094 0.573047 0.145313 0.172656 0.000456731
0 0.615625 0.483594 0.204688 0.310937 0.000462008
0 0.0957031 0.667578 0.0867188 0.113281 0.00046298
0 0.116797 0.426953 0.110156 0.230469 0.000486109
0 0.823047 0.600391 0.124219 0.189844 0.000539344
0 0.148828 0.393359 0.141406 0.192969 0.00054338
0 0.198047 0.355469 0.194531 0.210938 0.000644825
0 0.644922 0.287891 0.110156 0.111719 0.000692644
0 0.0988281 0.492578 0.0882813 0.224219 0.000714127
0 0.2 0.319531 0.292188 0.192188 0.000727583
0 0.691016 0.323047 0.211719 0.175781 0.000749956
0 0.735937 0.3625 0.140625 0.153125 0.000897808
0 0.802344 0.570703 0.0859375 0.0929687 0.000898804
0 0.786719 0.398047 0.0859375 0.121094 0.000957976
0 0.800781 0.512109 0.109375 0.205469 0.000981142
0 0.7 0.510156 0.240625 0.159375 0.000996903
0 0.655859 0.366797 0.263281 0.313281 0.00113382
0 0.133984 0.616406 0.0929687 0.104687 0.00131431
0 0.255859 0.358203 0.188281 0.241406 0.0013224
0 0.153906 0.663281 0.295312 0.314063 0.00134487
0 0.0992187 0.600781 0.0671875 0.110937 0.00142673
0 0.783984 0.610937 0.147656 0.160938 0.00153605
0 0.162109 0.403516 0.207031 0.296094 0.00156956
0 0.769531 0.712891 0.264062 0.346094 0.00174097
0 0.766797 0.396484 0.127344 0.186719 0.00224705
0 0.109375 0.655859 0.129688 0.160156 0.00306985
0 0.208203 0.612891 0.149219 0.133594 0.00385999
0 0.113672 0.573828 0.108594 0.208594 0.00393902
0 0.621094 0.594922 0.234375 0.191406 0.00405437
0 0.660156 0.537109 0.317187 0.260156 0.00665964
0 0.167578 0.575 0.221094 0.223438 0.00724901
0 0.798047 0.563672 0.130469 0.155469 0.00730235
0 0.680859 0.683203 0.386719 0.347656 0.0080067
0 0.0910156 0.561328 0.107031 0.302344 0.0083582
0 0.0996094 0.617578 0.0960938 0.158594 0.0108006
0 0.764453 0.634375 0.227344 0.210938 0.0133071
0 0.769141 0.464844 0.166406 0.320312 0.0224812
0 0.709375 0.457812 0.28125 0.403125 0.0306519
0 0.762109 0.550781 0.199219 0.223438 0.0325153
0 0.129297 0.528516 0.155469 0.338281 0.0676802
0 0.184766 0.467969 0.271094 0.475 0.0740646
0 0.146484 0.626953 0.186719 0.160156 0.0878806
0 0.703516 0.601953 0.317969 0.219531 0.0933255
