0 0.0324219 0.358203 0.0648438 0.633594 0.000104965
0 0.195703 0.507812 0.0835937 0.0984375 0.000104972
0 0.976562 0.271094 0.046875 0.476562 0.00010752
0 0.541406 0.322266 0.145313 0.186719 0.000108631
0 0.719531 0.575 0.0859375 0.107813 0.000109513
0 0.557422 0.770703 0.367969 0.367969 0.00011055
0 0.336719 0.321875 0.134375 0.16875 0.000111314
0 0.339063 0.670703 0.154687 0.182031 0.000111891
0 0.0230469 0.687891 0.0460938 0.441406 0.000112002
0 0.775 0.758594 0.0671875 0.1 0.000114626
0 0.264062 0.630078 0.0921875 0.100781 0.000115351
0 0.112891 0.482422 0.197656 0.532031 0.000117469
0 0.0859375 0.793359 0.16875 0.360156 0.000118067
0 0.610156 0.324219 0.084375 0.1 0.000118784
0 0.155078 0.548437 0.0773437 0.0859375 0.000119939
0 0.782031 0.651953 0.146875 0.349219 0.000120671
0 0.775391 0.75625 0.307031 0.346875 0.000121404
0 0.238672 0.465625 0.0804688 0.0703125 0.000121623
0 0.694531 0.451562 0.117188 0.229687 0.000122193
0 0.0300781 0.669531 0.0601562 0.660937 0.000128399
0 0.0625 0.707031 0.125 0.585938 0.000129515
0 0.613672 0.4875 0.0757812 0.0890625 0.000129721
0 0.380078 0.442578 0.300781 0.528906 0.000129883
0 0.573828 0.291016 0.163281 0.177344 0.000133026
0 0.384375 0.641406 0.309375 0.496875 0.000133239
0 0.103906 0.677734 0.0875 0.111719 0.000135409
0 0.141797 0.550391 0.0820312 0.153906 0.000135865
0 0.196875 0.412109 0.0875 0.110156 0.000143736
0 0.742188 0.720312 0.0875 0.110937 0.000145431
0 0.122656 0.642578 0.075 0.111719 0.000146965
0 0.575 0.530078 0.126563 0.227344 0.000147466
0 0.703125 0.733203 0.14375 0.157031 0.000150481
0 0.256641 0.361719 0.0820312 0.10625 0.000160685
0 0.653125 0.362891 0.135937 0.172656 0.000166504
0 0.284766 0.555469 0.0867188 0.110937 0.000171266
0 0.0699219 0.370703 0.136719 0.682031 0.000172424
0 0.148047 0.654688 0.0882813 0.090625 0.000173546
0 0.304688 0.533594 0.084375 0.10625 0.000173911
0 0.721094 0.614453 0.0828125 0.102344 0.000175881
0 0.244141 0.612891 0.0898438 0.0992187 0.000180832
0 0.135937 0.700391 0.11875 0.111719 0.000183348
0 0.175781 0.486719 0.084375 0.10625 0.000185526
0 0.978125 0.564062 0.04375 0.395312 0.000198094
0 0.214062 0.188281 0.404687 0.376563 0.000198814
0 0.575 0.717969 0.2375 0.260938 0.000209753
0 0.241406 0.290234 0.229687 0.208594 0.000211253
0 0.626953 0.33125 0.297656 0.385938 0.000212727
0 0.277344 0.402344 0.142188 0.185937 0.000215657
0 0.616797 0.595703 0.135156 0.200781 0.000216676
0 0.303516 0.472266 0.114844 0.232031 0.000218891
0 0.658594 0.127344 0.3375 0.254687 0.000218903
0 0.770312 0.0367187 0.335938 0.0734375 0.000219628
0 0.673047 0.407031 0.116406 0.228125 0.000222999
0 0.734766 0.635938 0.0789063 0.107813 0.000228523
0 0.634375 0.531641 0.135937 0.236719 0.000229951
0 0.599609 0.694922 0.132031 0.182031 0.000233724
0 0.353125 0.667969 0.235938 0.29375 0.000236305
0 0.466016 0.615625 0.355469 0.665625 0.000238216
0 0.539453 0.436328 0.167969 0.346094 0.000244635
0 0.847266 0.0628906 0.305469 0.125781 0.000248133
0 0.679297 0.511719 0.128906 0.189063 0.000250092
0 0.215234 0.322656 0.147656 0.165625 0.000262998
0 0.633594 0.446875 0.134375 0.175 0.000273799
0 0.171875 0.405859 0.1375 0.239844 0.000275067
0 0.970312 0.395703 0.059375 0.633594 0.000301118
0 0.971875 0.604297 0.05625 0.635156 0.000303754
0 0.197656 0.612109 0.146875 0.163281 0.00031413
0 0.760547 0.739453 0.0757812 0.110156 0.000341019
0 0.0246094 0.521484 0.0492188 0.486719 0.00034293
0 0.142188 0.0367187 0.275 0.0734375 0.000345606
0 0.613281 0.489453 0.110937 0.183594 0.000348703
0 0.0898438 0.624609 0.128125 0.503906 0.000350708
0 0.303906 0.614844 0.0921875 0.114063 0.000353488
0 0.280859 0.596484 0.0914062 0.114844 0.000357543
0 0.576172 0.425781 0.135156 0.26875 0.000368164
0 0.127734 0.571484 0.124219 0.317969 0.000388951
0 0.046875 0.517969 0.09375 0.590625 0.000397089
0 0.0875 0.203125 0.175 0.40625 0.000414535
0 0.180469 0.0695312 0.360938 0.139062 0.000422029
0 0.265234 0.646875 0.213281 0.175 0.000424188
0 0.698438 0.509766 0.096875 0.127344 0.000441749
0 0.729688 0.0699219 0.376563 0.139844 0.000447756
0 0.733203 0.198047 0.425781 0.392969 0.000499966
0 0.234766 0.466406 0.142969 0.153125 0.000502063
0 0.714453 0.530859 0.103906 0.199219 0.000522025
0 0.305078 0.289453 0.180469 0.186719 0.000529817
0 0.157422 0.551953 0.108594 0.221094 0.000535648
0 0.657812 0.597266 0.14375 0.264844 0.000553761
0 0.274609 0.331641 0.282031 0.336719 0.000553792
0 0.224609 0.342969 0.0726563 0.0828125 0.000569731
0 0.19375 0.462891 0.0859375 0.0929687 0.000577286
0 0.322656 0.541406 0.295312 0.454688 0.000578163
0 0.180469 0.667188 0.209375 0.160938 0.000579582
0 0.613672 0.384766 0.135156 0.228906 0.000579717
0 0.0898438 0.0617188 0.178125 0.123438 0.00058521
0 0.136719 0.269531 0.271875 0.539062 0.00071895
0 0.130469 0.674609 0.084375 0.0835937 0.00076335
0 0.305469 0.573828 0.090625 0.113281 0.000775746
0 0.592969 0.623047 0.326562 0.514844 0.000786948
0 0.581641 0.605469 0.166406 0.29375 0.000818177
0 0.699609 0.598047 0.139844 0.214844 0.000858144
0 0.315625 0.375391 0.159375 0.285156 0.000950029
0 0.778125 0.117969 0.404687 0.235938 0.00104234
0 0.672266 0.445703 0.172656 0.327344 0.00104829
0 0.610937 0.324219 0.1625 0.159375 0.00105752
0 0.315234 0.63125 0.136719 0.176563 0.00111787
0 0.577734 0.354297 0.155469 0.207031 0.00114905
0 0.182031 0.382422 0.201562 0.341406 0.0011709
0 0.196484 0.466016 0.286719 0.583594 0.00135368
0 0.196484 0.530859 0.141406 0.260156 0.00135542
0 0.222266 0.3625 0.111719 0.154687 0.00141632
0 0.133594 0.135156 0.260938 0.267188 0.00142232
0 0.7625 0.732813 0.115625 0.18125 0.00145733
0 0.678125 0.675781 0.151562 0.2 0.0014938
0 0.266797 0.530078 0.139844 0.269531 0.00188057
0 0.172266 0.479297 0.114844 0.213281 0.00188825
0 0.316016 0.555859 0.105469 0.202344 0.00200205
0 0.175781 0.442187 0.0796875 0.101562 0.00221714
0 0.580078 0.481641 0.199219 0.489844 0.00240424
0 0.733203 0.617188 0.116406 0.267188 0.00247968
0 0.241016 0.332422 0.113281 0.113281 0.0027576
0 0.131641 0.657422 0.119531 0.135156 0.00275823
0 0.245312 0.596094 0.176563 0.179688 0.00301253
0 0.657812 0.708594 0.2375 0.21875 0.00371115
0 0.268359 0.352344 0.200781 0.210938 0.00430266
0 0.619141 0.648828 0.180469 0.250781 0.0048395
0 0.326562 0.521484 0.126563 0.352344 0.0052429
0 0.155859 0.621484 0.153906 0.207031 0.00630563
0 0.723437 0.560156 0.157813 0.407813 0.00637226
0 0.618359 0.394922 0.202344 0.310156 0.00641797
0 0.232422 0.594141 0.291406 0.289844 0.00646497
0 0.197656 0.441797 0.117188 0.144531 0.00678056
0 0.233203 0.399219 0.180469 0.229687 0.00743578
0 0.202344 0.520312 0.209375 0.364062 0.0135532
0 0.733984 0.69375 0.158594 0.251563 0.0137996
0 0.291406 0.591406 0.15625 0.221875 0.0523548
0 0.694141 0.644531 0.207031 0.30625 0.0932563
0 0.657812 0.525391 0.245312 0.511719 0.0954092
0 0.258594 0.469922 0.232812 0.449219 0.128103
