0 0.36875 0.157422 0.179688 0.246094 0.00010755
0 0.372656 0.482031 0.198437 0.373437 0.000108528
0 0.189844 0.316406 0.176563 0.479688 0.000108895
0 0.0578125 0.629297 0.1125 0.741406 0.000113235
0 0.782812 0.812109 0.121875 0.0648438 0.000115919
0 0.989844 0.738281 0.0203125 0.223438 0.000118836
0 0.976562 0.730469 0.046875 0.539062 0.000121578
0 0.701953 0.5125 0.135156 0.24375 0.000122779
0 0.167969 0.480859 0.20625 0.539844 0.000123426
0 0.818359 0.444922 0.136719 0.192969 0.000125322
0 0.770703 0.724219 0.183594 0.225 0.000127041
0 0.747656 0.363672 0.175 0.197656 0.000127613
0 0.271484 0.362109 0.146094 0.174219 0.000129691
0 0.312891 0.630078 0.211719 0.225781 0.000131779
0 0.298828 0.454297 0.157031 0.214844 0.000133315
0 0.990234 0.655469 0.0195312 0.220313 0.000139129
0 0.301172 0.530859 0.0882813 0.110156 0.000140324
0 0.393359 0.297266 0.136719 0.205469 0.000147603
0 0.730859 0.159766 0.132031 0.161719 0.000151347
0 0.733984 0.217578 0.147656 0.189844 0.000157661
0 0.280859 0.510156 0.0867188 0.104687 0.000159237
0 0.239453 0.359766 0.0929687 0.108594 0.000159387
0 0.714453 0.354688 0.197656 0.389062 0.000166843
0 0.784766 0.388672 0.0914062 0.111719 0.000182007
0 0.775391 0.148828 0.0867188 0.0882813 0.000200167
0 0.987891 0.440625 0.0226563 0.31875 0.000204833
0 0.983594 0.846484 0.0328125 0.307031 0.000206819
0 0.989844 0.530078 0.0203125 0.213281 0.000212458
0 0.990625 0.446875 0.01875 0.19375 0.00024576
0 0.258203 0.425781 0.133594 0.24375 0.000257086
0 0.198047 0.532031 0.114844 0.167187 0.000259571
0 0.841016 0.571484 0.107031 0.202344 0.00027807
0 0.796484 0.807813 0.0945313 0.0390625 0.0003142
0 0.802344 0.369141 0.090625 0.102344 0.00031626
0 0.987109 0.561328 0.0242187 0.353906 0.000318294
0 0.767969 0.653125 0.29375 0.325 0.000328733
0 0.758594 0.492578 0.134375 0.244531 0.000335084
0 0.816406 0.325391 0.114063 0.205469 0.000344836
0 0.372266 0.242578 0.150781 0.222656 0.000365427
0 0.985937 0.730469 0.028125 0.428125 0.00038345
0 0.761328 0.608984 0.141406 0.186719 0.000390987
0 0.704687 0.259375 0.1375 0.229687 0.000414
0 0.282031 0.258203 0.170312 0.246094 0.000444614
0 0.81875 0.633594 0.125 0.176563 0.000470357
0 0.191797 0.535156 0.144531 0.273438 0.00048878
0 0.802734 0.530469 0.146094 0.257812 0.000520325
0 0.783594 0.444922 0.1375 0.252344 0.0005216
0 0.242578 0.488281 0.147656 0.242188 0.000563812
0 0.236328 0.275391 0.125781 0.217969 0.000573864
0 0.338672 0.512891 0.135156 0.224219 0.000638445
0 0.708203 0.484375 0.186719 0.371875 0.000642963
0 0.336719 0.313281 0.2125 0.354688 0.000655986
0 0.741016 0.554297 0.139844 0.217969 0.000687796
0 0.344531 0.587109 0.179688 0.202344 0.000712332
0 0.223438 0.326172 0.117188 0.150781 0.000966692
0 0.692187 0.2125 0.114063 0.146875 0.00128232
0 0.834375 0.516406 0.15625 0.3875 0.00136695
0 0.214062 0.437891 0.16875 0.371094 0.00143499
0 0.244531 0.56875 0.214062 0.229687 0.00159914
0 0.707031 0.598437 0.195312 0.232812 0.00161088
0 0.742188 0.272266 0.196875 0.296094 0.00173537
0 0.282813 0.510156 0.142188 0.19375 0.00274718
0 0.801953 0.385156 0.146094 0.175 0.00278378
0 0.802734 0.597266 0.177344 0.236719 0.00312351
0 0.234375 0.353906 0.146875 0.242188 0.00478158
0 0.261719 0.332031 0.185937 0.364062 0.00578219
0 0.287109 0.392188 0.286719 0.532812 0.00702219
0 0.306641 0.551953 0.202344 0.214844 0.00919588
0 0.746094 0.552734 0.217187 0.288281 0.0123572
0 0.785937 0.33125 0.179688 0.273438 0.0145336
0 0.787109 0.451953 0.199219 0.425781 0.0350113
0 0.273438 0.467969 0.21875 0.340625 0.0371525
