0 0.248437 0.636328 0.0703125 0.0992187 0.000101453
0 0.744141 0.598047 0.246094 0.178906 0.000103327
0 0.324609 0.404687 0.197656 0.2 0.000104813
0 0.744141 0.553906 0.319531 0.340625 0.000109011
0 0.760156 0.445703 0.18125 0.185156 0.000118268
0 0.370703 0.3625 0.239844 0.34375 0.000118483
0 0.827734 0.148438 0.275781 0.296875 0.000128741
0 0.0902344 0.458984 0.167969 0.674219 0.000138802
0 0.308203 0.281641 0.200781 0.316406 0.000149219
0 0.641406 0.235547 0.104687 0.169531 0.000154315
0 0.802734 0.448828 0.144531 0.246094 0.000157257
0 0.749219 0.241797 0.0796875 0.0960938 0.000164666
0 0.282031 0.280078 0.103125 0.160156 0.000201194
0 0.815234 0.555078 0.192969 0.244531 0.000216453
0 0.932031 0.0972656 0.132812 0.194531 0.000238977
0 0.959766 0.185156 0.0804688 0.370313 0.000262886
0 0.0257812 0.48125 0.046875 0.520312 0.000265132
0 0.263281 0.617969 0.109375 0.1375 0.000330584
0 0.0519531 0.51875 0.103906 0.659375 0.000383991
0 0.846094 0.285547 0.2875 0.550781 0.000391121
0 0.415625 0.401172 0.253125 0.585156 0.000430183
0 0.301172 0.589453 0.205469 0.199219 0.000516877
0 0.935547 0.267578 0.124219 0.535156 0.000532461
0 0.414062 0.524609 0.196875 0.328906 0.000619475
0 0.348828 0.560156 0.266406 0.273438 0.00079264
0 0.681641 0.232031 0.177344 0.198437 0.000843028
0 0.277344 0.348828 0.129688 0.249219 0.000916217
0 0.698047 0.317187 0.228906 0.371875 0.000989164
0 0.254297 0.498828 0.217969 0.536719 0.00124718
0 0.893359 0.184766 0.213281 0.369531 0.00347756
0 0.797656 0.467187 0.221875 0.442187 0.00394761
0 0.275781 0.386328 0.178125 0.369531 0.00707691
0 0.326562 0.434766 0.270312 0.536719 0.361434
0 0.737109 0.401563 0.319531 0.560938 0.409553
