0 0.34375 0.365234 0.16875 0.186719 0.000119659
0 0.775391 0.628125 0.255469 0.221875 0.000123051
0 0.796484 0.408594 0.116406 0.15 0.000123244
0 0.226953 0.469922 0.0851562 0.103906 0.000124374
0 0.214453 0.403125 0.244531 0.340625 0.000129764
0 0.243359 0.451953 0.0882813 0.0945313 0.000144205
0 0.388672 0.366016 0.0789063 0.0835937 0.000146031
0 0.838281 0.553906 0.06875 0.10625 0.000150449
0 0.835156 0.588672 0.110937 0.144531 0.000153848
0 0.30625 0.626172 0.301562 0.230469 0.000163937
0 0.430469 0.969141 0.284375 0.0601562 0.000165164
0 0.244531 0.590625 0.2 0.167187 0.000188628
0 0.758203 0.389453 0.155469 0.169531 0.000190246
0 0.282031 0.390625 0.179688 0.184375 0.000192117
0 0.7 0.368359 0.120312 0.157031 0.000192294
0 0.28125 0.507422 0.090625 0.107031 0.000199583
0 0.804688 0.404297 0.203125 0.330469 0.000202774
0 0.760938 0.548437 0.15 0.1625 0.000225146
0 0.701953 0.581641 0.158594 0.174219 0.000225288
0 0.365625 0.246484 0.173438 0.191406 0.000242869
0 0.75625 0.428906 0.08125 0.1 0.000258875
0 0.297656 0.472266 0.0890625 0.100781 0.000286983
0 0.680078 0.301172 0.172656 0.242969 0.000292139
0 0.680078 0.535937 0.325781 0.423438 0.000298803
0 0.246875 0.525781 0.140625 0.153125 0.0003172
0 0.386719 0.364844 0.109375 0.121875 0.000403401
0 0.672656 0.439063 0.18125 0.29375 0.00043046
0 0.720312 0.527734 0.142188 0.197656 0.000439041
0 0.380469 0.523828 0.0828125 0.0820312 0.00044283
0 0.261328 0.486719 0.0945313 0.107813 0.000450065
0 0.376172 0.485156 0.160156 0.192188 0.000475406
0 0.702734 0.408203 0.157031 0.196094 0.000549752
0 0.391797 0.3 0.153906 0.23125 0.000576912
0 0.3375 0.430078 0.195312 0.216406 0.000600349
0 0.799609 0.587109 0.183594 0.180469 0.000609848
0 0.217578 0.482812 0.144531 0.201562 0.000641559
0 0.81875 0.551953 0.11875 0.147656 0.000667777
0 0.797656 0.453906 0.139062 0.267188 0.000748325
0 0.301172 0.525781 0.150781 0.135937 0.000752136
0 0.389062 0.377734 0.15625 0.241406 0.000839926
0 0.685156 0.524609 0.192188 0.275781 0.00128712
0 0.357812 0.529297 0.160938 0.127344 0.00142765
0 0.347266 0.326172 0.230469 0.371094 0.00230338
0 0.317187 0.490234 0.15 0.149219 0.00234247
0 0.737891 0.563672 0.246094 0.260156 0.00247648
0 0.721484 0.357422 0.250781 0.421094 0.00287
0 0.742188 0.452344 0.178125 0.207813 0.00389871
0 0.789062 0.513672 0.1875 0.269531 0.00628569
0 0.264453 0.4875 0.146094 0.15 0.00718234
0 0.255859 0.446094 0.196094 0.2375 0.00767908
0 0.300391 0.549219 0.250781 0.171875 0.0101694
0 0.306641 0.413672 0.286719 0.369531 0.0449854
0 0.299219 0.485938 0.251563 0.207813 0.245057
0 0.74375 0.469922 0.24375 0.327344 0.293314
