0 0.321875 0.261328 0.0796875 0.107031 0.000101738
0 0.842188 0.638281 0.0828125 0.117188 0.000106893
0 0.185937 0.424609 0.0625 0.107031 0.000108954
0 0.720312 0.327734 0.145313 0.185156 0.000110198
0 0.783594 0.508984 0.114063 0.188281 0.00011559
0 0.358594 0.537891 0.0859375 0.116406 0.000118027
0 0.426953 0.930469 0.191406 0.139062 0.000119246
0 0.672266 0.716797 0.133594 0.241406 0.00012134
0 0.162891 0.633594 0.125781 0.225 0.000121701
0 0.286719 0.532812 0.146875 0.176563 0.000121799
0 0.71875 0.3625 0.0640625 0.0765625 0.000122945
0 0.379687 0.55625 0.0921875 0.117188 0.000123667
0 0.871484 0.678516 0.0789063 0.130469 0.000127131
0 0.310547 0.432813 0.0851562 0.0984375 0.000132248
0 0.803906 0.671094 0.135937 0.135937 0.000132353
0 0.791797 0.425781 0.0664062 0.101562 0.000133155
0 0.194922 0.571094 0.0867188 0.110937 0.000145666
0 0.238281 0.344141 0.126563 0.199219 0.000149306
0 0.175391 0.544141 0.291406 0.396094 0.000150424
0 0.760938 0.557813 0.196875 0.204688 0.000154352
0 0.641016 0.447266 0.113281 0.171094 0.000158364
0 0.327734 0.485156 0.0789063 0.104687 0.000162823
0 0.305859 0.321875 0.0789063 0.107813 0.000165955
0 0.311719 0.573047 0.0859375 0.0851562 0.00017276
0 0.192578 0.385547 0.132031 0.238281 0.000174754
0 0.732031 0.675 0.090625 0.107813 0.000176565
0 0.353516 0.211719 0.121094 0.125 0.000178937
0 0.198047 0.446484 0.0773437 0.108594 0.000182725
0 0.664844 0.633984 0.1375 0.236719 0.000194259
0 0.304297 0.283594 0.0789063 0.1125 0.000206766
0 0.729297 0.357422 0.0898438 0.127344 0.000207894
0 0.342578 0.389453 0.130469 0.208594 0.000216986
0 0.296875 0.651953 0.335938 0.310156 0.000219922
0 0.760938 0.385547 0.08125 0.139844 0.000223831
0 0.715625 0.555469 0.14375 0.15625 0.000229599
0 0.770312 0.421094 0.05625 0.0984375 0.000241232
0 0.266406 0.296484 0.146875 0.182031 0.000242106
0 0.390625 0.855859 0.354688 0.288281 0.000252415
0 0.755469 0.673437 0.145313 0.15625 0.000252563
0 0.659375 0.573047 0.165625 0.180469 0.000261903
0 0.799609 0.467187 0.0976562 0.2 0.000263627
0 0.312109 0.463281 0.0820312 0.0890625 0.000287731
0 0.215234 0.644141 0.214844 0.225781 0.000305784
0 0.233984 0.403906 0.135156 0.15625 0.000318674
0 0.284766 0.494141 0.214844 0.210156 0.000369161
0 0.199219 0.534375 0.0890625 0.109375 0.00039832
0 0.284375 0.258984 0.0578125 0.0898438 0.000413623
0 0.408594 0.485938 0.19375 0.498437 0.000416305
0 0.359375 0.583203 0.0796875 0.105469 0.000427254
0 0.685547 0.636719 0.277344 0.301562 0.000469794
0 0.772266 0.409766 0.128906 0.200781 0.000477175
0 0.764453 0.704687 0.253906 0.210938 0.00048463
0 0.213672 0.369141 0.0914062 0.128906 0.000532
0 0.317187 0.625781 0.20625 0.201562 0.000545952
0 0.696094 0.481641 0.264062 0.372656 0.000592989
0 0.714844 0.398828 0.20625 0.269531 0.000593592
0 0.663672 0.455469 0.188281 0.245312 0.000601391
0 0.337891 0.450391 0.0867188 0.103906 0.000607353
0 0.820312 0.555469 0.103125 0.246875 0.000643835
0 0.214453 0.450781 0.103906 0.195312 0.00064602
0 0.777344 0.429297 0.0828125 0.144531 0.000658703
0 0.304688 0.316016 0.109375 0.158594 0.000660867
0 0.846484 0.669531 0.133594 0.1625 0.000666843
0 0.311719 0.555078 0.13125 0.122656 0.000668218
0 0.736328 0.598437 0.138281 0.203125 0.000743858
0 0.309375 0.385547 0.125 0.255469 0.000787419
0 0.78125 0.633203 0.148438 0.185156 0.000790985
0 0.310156 0.464844 0.115625 0.135937 0.000795384
0 0.363281 0.594141 0.295312 0.299219 0.000862985
0 0.283984 0.257422 0.0992187 0.135156 0.000919542
0 0.337891 0.255469 0.153906 0.182812 0.0009471
0 0.717969 0.691797 0.128125 0.157031 0.00096164
0 0.300781 0.322656 0.296875 0.35 0.000989906
0 0.212891 0.533984 0.122656 0.171094 0.00168866
0 0.271094 0.589844 0.251563 0.204688 0.00180792
0 0.398047 0.596875 0.178906 0.20625 0.0020896
0 0.692969 0.577344 0.19375 0.26875 0.00220223
0 0.201562 0.400391 0.0859375 0.132031 0.00230722
0 0.801172 0.530859 0.160156 0.346094 0.00240488
0 0.341016 0.448438 0.103906 0.178125 0.00245552
0 0.234375 0.396875 0.198437 0.309375 0.00278531
0 0.328516 0.512891 0.122656 0.205469 0.00283374
0 0.835547 0.611328 0.138281 0.228906 0.00306557
0 0.188672 0.586328 0.133594 0.210156 0.00315596
0 0.191406 0.469531 0.115625 0.267188 0.00362992
0 0.345313 0.359375 0.170312 0.351562 0.00466836
0 0.741797 0.564453 0.294531 0.382031 0.00511481
0 0.294141 0.533984 0.327344 0.325781 0.00550426
0 0.379297 0.527344 0.169531 0.257812 0.00729406
0 0.314844 0.301953 0.159375 0.235156 0.00737004
0 0.341406 0.567578 0.0828125 0.0945313 0.0127908
0 0.716406 0.653906 0.176563 0.23125 0.0167521
0 0.21875 0.533203 0.175 0.250781 0.0168612
0 0.35 0.467187 0.15625 0.353125 0.0326737
0 0.2875 0.441797 0.248437 0.430469 0.0426832
0 0.769531 0.630078 0.235938 0.235156 0.0438366
0 0.345313 0.558203 0.129688 0.164844 0.0530382
