0 0.869531 0.446094 0.140625 0.145313 0.000102477
0 0.799609 0.167969 0.0773437 0.0921875 0.000102725
0 0.3875 0.226562 0.134375 0.157813 0.000103087
0 0.981641 0.926172 0.0367187 0.147656 0.000106884
0 0.942969 0.485547 0.0734375 0.0835937 0.000109969
0 0.261328 0.486719 0.230469 0.182812 0.000115536
0 0.926953 0.500781 0.0742188 0.059375 0.000120374
0 0.407813 0.114063 0.090625 0.1 0.000124022
0 0.951953 0.939062 0.0945313 0.121875 0.000126206
0 0.689453 0.509375 0.141406 0.145313 0.000128232
0 0.259375 0.409766 0.253125 0.207031 0.00013208
0 0.976172 0.807813 0.0476562 0.384375 0.00013503
0 0.280859 0.301562 0.216406 0.170312 0.00014674
0 0.897656 0.497656 0.139062 0.096875 0.00015609
0 0.344141 0.528516 0.124219 0.149219 0.000157739
0 0.744922 0.185547 0.219531 0.180469 0.000162064
0 0.219531 0.367188 0.1375 0.259375 0.000174216
0 0.272266 0.947656 0.411719 0.096875 0.000182711
0 0.802734 0.364844 0.149219 0.175 0.000186216
0 0.758203 0.384766 0.147656 0.188281 0.000198692
0 0.240625 0.285937 0.228125 0.346875 0.000214819
0 0.684375 0.139844 0.15 0.1125 0.000225034
0 0.320312 0.259375 0.148438 0.13125 0.000247186
0 0.973828 0.895703 0.0507812 0.208594 0.000257121
0 0.679688 0.344922 0.140625 0.124219 0.000257794
0 0.35 0.226953 0.185937 0.205469 0.000271806
0 0.30625 0.232812 0.260938 0.278125 0.000272564
0 0.803906 0.300781 0.229687 0.210938 0.000352471
0 0.803125 0.235547 0.139062 0.197656 0.000354855
0 0.35 0.512891 0.167187 0.228906 0.000355086
0 0.805469 0.49375 0.382812 0.221875 0.000380318
0 0.924609 0.467187 0.102344 0.117188 0.000431061
0 0.30625 0.466016 0.240625 0.277344 0.0005266
0 0.856641 0.478516 0.241406 0.171094 0.000528463
0 0.753125 0.446875 0.14375 0.153125 0.000624476
0 0.846484 0.345313 0.147656 0.2125 0.000707158
0 0.730469 0.491797 0.2 0.185156 0.000925901
0 0.391406 0.125391 0.1375 0.149219 0.000951046
0 0.373437 0.172656 0.16875 0.221875 0.00109504
0 0.907422 0.438281 0.155469 0.198437 0.0011789
0 0.234375 0.482031 0.317187 0.335938 0.00126811
0 0.8875 0.385938 0.139062 0.228125 0.00127103
0 0.707031 0.356641 0.2125 0.230469 0.00137268
0 0.697266 0.445703 0.166406 0.202344 0.00146805
0 0.796875 0.190234 0.115625 0.127344 0.0017335
0 0.803516 0.366016 0.267969 0.196094 0.00185879
0 0.748438 0.251953 0.2875 0.386719 0.00406269
0 0.210156 0.394531 0.225 0.409375 0.00429702
0 0.842578 0.264062 0.214844 0.320312 0.00444983
0 0.879687 0.356641 0.2 0.347656 0.0069362
0 0.835938 0.423828 0.303125 0.267969 0.00761554
0 0.744922 0.434375 0.246094 0.254687 0.0264261
0 0.794922 0.34375 0.327344 0.425 0.24429
0 0.273047 0.350391 0.311719 0.519531 0.429028
