0 0.359766 0.492188 0.214844 0.189063 0.000107477
0 0.808594 0.0871094 0.382812 0.169531 0.00011188
0 0.414453 0.358203 0.207031 0.321094 0.000112743
0 0.837891 0.632812 0.100781 0.146875 0.000117784
0 0.815234 0.390625 0.128906 0.223438 0.000126798
0 0.745703 0.469922 0.153906 0.266406 0.000128665
0 0.819531 0.4125 0.271875 0.485938 0.000136776
0 0.416797 0.590234 0.139844 0.164844 0.00014325
0 0.303125 0.325391 0.0984375 0.147656 0.000151037
0 0.314844 0.425781 0.148438 0.195312 0.00015754
0 0.249609 0.6 0.0617188 0.071875 0.000163503
0 0.800391 0.550391 0.164844 0.216406 0.000173823
0 0.421094 0.479688 0.196875 0.353125 0.000208193
0 0.394922 0.301562 0.135156 0.154687 0.000213205
0 0.362109 0.551172 0.136719 0.121094 0.000226633
0 0.251563 0.599609 0.084375 0.110156 0.000250031
0 0.357422 0.326953 0.189844 0.238281 0.000284958
0 0.849609 0.0574219 0.289844 0.107031 0.000308359
0 0.264844 0.531641 0.125 0.210156 0.000313553
0 0.321875 0.550781 0.14375 0.146875 0.000355199
0 0.769141 0.373047 0.182031 0.278906 0.000422017
0 0.265234 0.518359 0.282031 0.471094 0.000432789
0 0.783203 0.387109 0.122656 0.174219 0.000446994
0 0.299609 0.492188 0.153906 0.2125 0.000482374
0 0.270312 0.589063 0.128125 0.157813 0.00054126
0 0.689062 0.526953 0.242188 0.417969 0.000568811
0 0.81875 0.488281 0.1125 0.201562 0.000611389
0 0.305078 0.341797 0.142969 0.210156 0.000666243
0 0.824609 0.599609 0.132031 0.225781 0.000691236
0 0.728906 0.372266 0.276563 0.469531 0.000742811
0 0.743359 0.592578 0.253906 0.294531 0.00152769
0 0.284375 0.412891 0.13125 0.282031 0.00172131
0 0.383203 0.401563 0.275781 0.492188 0.00201872
0 0.789453 0.453906 0.147656 0.270312 0.0024171
0 0.345703 0.555078 0.260156 0.224219 0.00277931
0 0.823438 0.478125 0.146875 0.365625 0.0118484
0 0.275391 0.499609 0.152344 0.347656 0.0146756
0 0.320703 0.450391 0.221094 0.419531 0.377117
0 0.764453 0.480078 0.232031 0.425781 0.392194
