0 0.128125 0.613281 0.157813 0.307813 0.000100752
0 0.255469 0.4 0.090625 0.109375 0.000105766
0 0.270312 0.384766 0.134375 0.153906 0.000110158
0 0.75625 0.722656 0.134375 0.173438 0.000116437
0 0.217187 0.345313 0.08125 0.0921875 0.000121473
0 0.404687 0.773828 0.204688 0.266406 0.000130085
0 0.435547 0.751172 0.416406 0.497656 0.000135058
0 0.255078 0.445703 0.174219 0.196094 0.000136514
0 0.860937 0.797656 0.10625 0.123438 0.000139377
0 0.303516 0.655469 0.138281 0.171875 0.00014203
0 0.870313 0.733594 0.13125 0.253125 0.000144853
0 0.976172 0.398828 0.0460938 0.432031 0.000146317
0 0.0457031 0.602734 0.0914062 0.697656 0.000146594
0 0.748047 0.514063 0.147656 0.217187 0.000156484
0 0.808984 0.410547 0.183594 0.333594 0.000163251
0 0.310937 0.755859 0.2375 0.214844 0.000169668
0 0.34375 0.639063 0.134375 0.20625 0.00017699
0 0.666406 0.477344 0.214062 0.215625 0.00018575
0 0.695312 0.758984 0.09375 0.103906 0.000200824
0 0.346875 0.272266 0.117188 0.144531 0.000201221
0 0.331641 0.523828 0.272656 0.464844 0.000206321
0 0.238281 0.635547 0.153125 0.186719 0.000207102
0 0.217578 0.578125 0.205469 0.196875 0.000210405
0 0.763672 0.635156 0.142969 0.273438 0.000213408
0 0.692578 0.551562 0.294531 0.434375 0.000215276
0 0.392188 0.636328 0.146875 0.225781 0.000218541
0 0.643359 0.740234 0.0960938 0.191406 0.000222957
0 0.199609 0.692187 0.211719 0.190625 0.000223547
0 0.735547 0.415625 0.332031 0.465625 0.000242847
0 0.366406 0.75625 0.165625 0.1625 0.000245163
0 0.285547 0.396875 0.203906 0.221875 0.000256284
0 0.813672 0.476953 0.272656 0.391406 0.000259594
0 0.663281 0.776563 0.121875 0.140625 0.000259859
0 0.221094 0.403516 0.090625 0.114844 0.000261739
0 0.687109 0.792188 0.319531 0.379687 0.000290124
0 0.731641 0.759375 0.139844 0.1375 0.000315144
0 0.84375 0.678125 0.120312 0.284375 0.000326747
0 0.0277344 0.519531 0.0554687 0.65625 0.000347368
0 0.219922 0.348828 0.117969 0.141406 0.000389222
0 0.147266 0.639844 0.0789063 0.0890625 0.00044135
0 0.341406 0.616406 0.207813 0.282813 0.000474798
0 0.314844 0.310937 0.182812 0.228125 0.000506333
0 0.287109 0.402344 0.271094 0.404687 0.000515317
0 0.729297 0.56875 0.202344 0.19375 0.000596663
0 0.657812 0.701563 0.140625 0.254687 0.000622569
0 0.754687 0.789453 0.29375 0.196094 0.000635662
0 0.392969 0.698047 0.132812 0.186719 0.00063945
0 0.816016 0.492969 0.146094 0.25 0.000728251
0 0.232422 0.738672 0.314844 0.257031 0.000739832
0 0.801562 0.608594 0.171875 0.204688 0.000845102
0 0.782422 0.551953 0.0882813 0.117969 0.000848683
0 0.840625 0.764063 0.14375 0.176563 0.00123835
0 0.685156 0.634375 0.203125 0.353125 0.00134872
0 0.349219 0.684766 0.178125 0.191406 0.00146048
0 0.169141 0.551562 0.216406 0.428125 0.00233642
0 0.203516 0.447266 0.171094 0.303906 0.00261357
0 0.805469 0.732422 0.215625 0.227344 0.00264938
0 0.160547 0.649609 0.121094 0.122656 0.00296776
0 0.687891 0.772266 0.186719 0.185156 0.0031108
0 0.347656 0.269531 0.0796875 0.075 0.00373221
0 0.302344 0.680469 0.279687 0.24375 0.00402852
0 0.180078 0.631641 0.174219 0.185156 0.00538717
0 0.830469 0.60625 0.192188 0.370313 0.00574807
0 0.755469 0.496875 0.251563 0.290625 0.0103718
0 0.237109 0.646875 0.288281 0.248437 0.0152884
0 0.226562 0.389453 0.157813 0.185156 0.018963
0 0.721875 0.732031 0.235938 0.220313 0.0192831
0 0.75625 0.622656 0.282813 0.404687 0.0340852
0 0.792188 0.547266 0.1875 0.196094 0.258042
0 0.241406 0.524219 0.285937 0.45 0.321794
