0 0.239844 0.269531 0.0421875 0.059375 0.000106261
0 0.281641 0.242188 0.0773437 0.103125 0.000106388
0 0.31875 0.270703 0.08125 0.0960938 0.00010666
0 0.655078 0.262109 0.0648438 0.0992187 0.000111295
0 0.266406 0.303125 0.065625 0.0875 0.000112453
0 0.221484 0.423047 0.0648438 0.0976562 0.000114141
0 0.700781 0.451953 0.132812 0.172656 0.000115118
0 0.6875 0.702734 0.254687 0.238281 0.000118639
0 0.264062 0.263281 0.05 0.0703125 0.000118885
0 0.7 0.617578 0.0875 0.110156 0.000120268
0 0.720703 0.416016 0.102344 0.174219 0.000120444
0 0.417578 0.720312 0.108594 0.139062 0.000123451
0 0.244141 0.300391 0.0570313 0.0929687 0.000128822
0 0.789844 0.679688 0.128125 0.16875 0.00013623
0 0.258984 0.495703 0.130469 0.236719 0.000143572
0 0.566406 0.208203 0.0796875 0.0789063 0.000144301
0 0.0148437 0.467578 0.0265625 0.224219 0.000147429
0 0.544531 0.158594 0.0796875 0.1 0.000152552
0 0.637891 0.232812 0.0429688 0.075 0.000153216
0 0.738281 0.692969 0.148438 0.140625 0.000164228
0 0.732422 0.471875 0.113281 0.21875 0.000173202
0 0.678516 0.6375 0.0882813 0.1125 0.000192462
0 0.257031 0.591797 0.0859375 0.110156 0.000197673
0 0.661719 0.510547 0.178125 0.185156 0.000198781
0 0.3375 0.447656 0.1875 0.49375 0.000207399
0 0.605078 0.192969 0.0867188 0.084375 0.000241158
0 0.258594 0.283594 0.04375 0.059375 0.000242703
0 0.0191406 0.44375 0.0382813 0.401563 0.000247291
0 0.23125 0.436328 0.1125 0.257031 0.000253883
0 0.185156 0.628516 0.210938 0.413281 0.000257539
0 0.227734 0.43125 0.0851562 0.165625 0.000302036
0 0.230078 0.632422 0.127344 0.219531 0.000306675
0 0.627344 0.669141 0.142188 0.189844 0.000307817
0 0.739062 0.615234 0.0859375 0.110156 0.000315303
0 0.344141 0.691016 0.132031 0.146094 0.0003322
0 0.700781 0.666797 0.139062 0.160156 0.000350646
0 0.241406 0.554297 0.084375 0.110156 0.000361864
0 0.285156 0.691016 0.175 0.164844 0.000469923
0 0.630469 0.573438 0.175 0.267188 0.000483544
0 0.630859 0.203906 0.0414063 0.071875 0.000504967
0 0.557813 0.183594 0.08125 0.110937 0.000522667
0 0.742969 0.659375 0.301562 0.3125 0.00052757
0 0.719922 0.635156 0.0898438 0.109375 0.000531682
0 0.770312 0.592969 0.129688 0.259375 0.000585197
0 0.320703 0.65 0.141406 0.184375 0.000642043
0 0.703906 0.534375 0.154687 0.25 0.000683904
0 0.722266 0.450781 0.152344 0.3375 0.000690751
0 0.383594 0.676172 0.146875 0.186719 0.000729876
0 0.344922 0.510938 0.121094 0.15 0.00105076
0 0.283984 0.707031 0.280469 0.317187 0.00129856
0 0.369531 0.607813 0.189063 0.296875 0.00156942
0 0.282422 0.554297 0.171094 0.205469 0.00157229
0 0.243359 0.555859 0.110156 0.172656 0.0015883
0 0.337891 0.526563 0.163281 0.229687 0.00231068
0 0.283203 0.496875 0.208594 0.432813 0.00252051
0 0.678516 0.497266 0.239844 0.399219 0.0042306
0 0.341016 0.674219 0.241406 0.239063 0.00515072
0 0.280859 0.629297 0.149219 0.221094 0.00531518
0 0.745313 0.532812 0.157813 0.339063 0.00642286
0 0.664844 0.640234 0.185937 0.202344 0.00714783
0 0.246875 0.653125 0.18125 0.317187 0.00954533
0 0.248437 0.574219 0.148438 0.295312 0.0167392
0 0.737891 0.633594 0.172656 0.182812 0.0183153
0 0.707031 0.592969 0.220313 0.271875 0.182623
0 0.297266 0.606641 0.238281 0.303906 0.308269
