0 0.748047 0.375 0.213281 0.271875 0.000102002
0 0.309375 0.369141 0.132812 0.253906 0.000107702
0 0.260938 0.442969 0.157813 0.228125 0.000116593
0 0.417188 0.521094 0.151562 0.328125 0.000120131
0 0.690234 0.615234 0.188281 0.517969 0.000120232
0 0.451172 0.771484 0.153906 0.199219 0.000120916
0 0.250781 0.833594 0.303125 0.307813 0.000128731
0 0.447656 0.433984 0.1125 0.192969 0.0001301
0 0.845312 0.698047 0.182812 0.210156 0.000131749
0 0.807813 0.655859 0.20625 0.194531 0.000133909
0 0.723828 0.339844 0.361719 0.3375 0.000135054
0 0.217187 0.685547 0.232812 0.574219 0.000135133
0 0.828125 0.537891 0.1375 0.258594 0.000144409
0 0.936719 0.644141 0.126563 0.488281 0.000156766
0 0.696094 0.757812 0.140625 0.19375 0.00016059
0 0.615234 0.06875 0.260156 0.1375 0.000166434
0 0.988281 0.678125 0.0234375 0.232812 0.000169959
0 0.322266 0.722266 0.149219 0.242969 0.000171634
0 0.351562 0.876953 0.335938 0.211719 0.000191614
0 0.702734 0.385547 0.0867188 0.113281 0.000195253
0 0.805469 0.453906 0.11875 0.16875 0.000211416
0 0.379687 0.462109 0.210938 0.192969 0.000212871
0 0.31875 0.502344 0.123438 0.16875 0.000251464
0 0.925781 0.770703 0.139062 0.294531 0.000265188
0 0.369531 0.277344 0.129688 0.120312 0.000274994
0 0.296094 0.369141 0.260938 0.342969 0.000287497
0 0.735937 0.442578 0.159375 0.192969 0.000308525
0 0.287109 0.50625 0.125781 0.25 0.000350426
0 0.923437 0.263672 0.146875 0.527344 0.00036929
0 0.249219 0.762891 0.126563 0.278906 0.000432082
0 0.847266 0.615234 0.139844 0.258594 0.00043416
0 0.678906 0.365234 0.13125 0.166406 0.000454575
0 0.8 0.449219 0.065625 0.11875 0.000455314
0 0.396094 0.329688 0.18125 0.271875 0.000457258
0 0.412891 0.56875 0.200781 0.53125 0.000471658
0 0.982031 0.685547 0.0359375 0.391406 0.000500446
0 0.720703 0.402734 0.0804688 0.108594 0.000613354
0 0.674219 0.391016 0.1875 0.308594 0.000633172
0 0.856641 0.25 0.271094 0.5 0.000648743
0 0.735937 0.726562 0.226562 0.240625 0.000657827
0 0.878516 0.684375 0.194531 0.364062 0.000672549
0 0.408594 0.819531 0.160938 0.140625 0.000724921
0 0.247266 0.828906 0.164844 0.270312 0.000906626
0 0.800391 0.499609 0.210156 0.378906 0.00117165
0 0.399609 0.7125 0.214844 0.335938 0.0013825
0 0.419531 0.401953 0.151562 0.213281 0.0016911
0 0.427344 0.817187 0.103125 0.103125 0.00172145
0 0.708203 0.469531 0.257031 0.410937 0.00202608
0 0.808594 0.71875 0.298438 0.279687 0.00245168
0 0.251172 0.732813 0.185156 0.384375 0.00260982
0 0.38125 0.810938 0.278125 0.234375 0.00282531
0 0.290234 0.517969 0.174219 0.376563 0.00295893
0 0.305078 0.782031 0.208594 0.214062 0.00357204
0 0.285937 0.648438 0.178125 0.429688 0.00503032
0 0.302344 0.465234 0.117188 0.150781 0.00661467
0 0.707422 0.404687 0.153906 0.209375 0.00982162
0 0.843359 0.609766 0.210156 0.414844 0.00992048
0 0.319141 0.44375 0.174219 0.204688 0.0164546
0 0.360938 0.394531 0.23125 0.267188 0.046214
0 0.322656 0.765234 0.292188 0.319531 0.077451
0 0.343359 0.602344 0.283594 0.601562 0.2768
0 0.778125 0.557813 0.315625 0.585938 0.484793
