0 0.09375 0.385938 0.0890625 0.1 0.000105599
0 0.630859 0.969922 0.235156 0.0601562 0.000109395
0 0.763672 0.0398437 0.332031 0.0796875 0.000119999
0 0.611328 0.95 0.282031 0.09375 0.000123723
0 0.619922 0.693359 0.178906 0.247656 0.000124624
0 0.697656 0.0195312 0.217187 0.0375 0.00013489
0 0.0222656 0.271484 0.0445312 0.297656 0.000154791
0 0.708203 0.446094 0.135156 0.204688 0.000156808
0 0.682031 0.486328 0.0828125 0.102344 0.000163304
0 0.687891 0.40625 0.107031 0.175 0.000182583
0 0.0792969 0.609766 0.150781 0.352344 0.000192824
0 0.676172 0.0335938 0.224219 0.0640625 0.000239335
0 0.148828 0.45625 0.177344 0.25625 0.000283879
0 0.64375 0.744922 0.135937 0.171094 0.000315301
0 0.185547 0.680078 0.199219 0.239844 0.000337614
0 0.0714844 0.510938 0.132031 0.296875 0.000440141
0 0.183594 0.613672 0.167187 0.221094 0.000459598
0 0.692187 0.61875 0.171875 0.332812 0.000550966
0 0.697266 0.530859 0.155469 0.230469 0.000602154
0 0.103125 0.379687 0.129688 0.160938 0.000623016
0 0.141797 0.628516 0.211719 0.292969 0.000668485
0 0.680859 0.705859 0.164844 0.224219 0.000712549
0 0.114844 0.519922 0.201562 0.372656 0.000889564
0 0.688672 0.484766 0.116406 0.167969 0.000939115
0 0.0992187 0.437109 0.14375 0.216406 0.00253663
