0 0.338281 0.407422 0.153125 0.186719 0.000100075
0 0.783984 0.590625 0.0882813 0.10625 0.000111352
0 0.726562 0.226953 0.05625 0.0539063 0.000112287
0 0.654297 0.380859 0.364844 0.614844 0.000120318
0 0.253125 0.467187 0.117188 0.275 0.000125021
0 0.678125 0.426953 0.090625 0.135156 0.000125782
0 0.340234 0.53125 0.128906 0.225 0.000135082
0 0.297656 0.450781 0.090625 0.120312 0.000141628
0 0.546875 0.283594 0.3125 0.467187 0.000152653
0 0.842578 0.732031 0.160156 0.182812 0.000152984
0 0.451953 0.596875 0.196094 0.50625 0.000153618
0 0.326562 0.347266 0.129688 0.189844 0.000157692
0 0.319531 0.717188 0.0890625 0.0984375 0.000159294
0 0.696875 0.385938 0.104687 0.145313 0.000173222
0 0.277344 0.750391 0.11875 0.157031 0.000175621
0 0.704687 0.315625 0.323438 0.375 0.000178072
0 0.367188 0.673437 0.0890625 0.10625 0.000184414
0 0.704297 0.224219 0.0789063 0.075 0.000192374
0 0.26875 0.570312 0.107813 0.29375 0.000193452
0 0.216016 0.55625 0.214844 0.6 0.000201873
0 0.834766 0.492188 0.241406 0.551562 0.000204137
0 0.697266 0.970312 0.272656 0.059375 0.000208378
0 0.614844 0.207813 0.290625 0.373437 0.000214585
0 0.282422 0.425781 0.0789063 0.1125 0.000220858
0 0.271875 0.679688 0.109375 0.190625 0.000224676
0 0.766797 0.538281 0.192969 0.1875 0.000226064
0 0.421094 0.439063 0.184375 0.49375 0.000238422
0 0.6875 0.685547 0.157813 0.203906 0.0002467
0 0.835938 0.535937 0.126563 0.20625 0.000247352
0 0.364062 0.344141 0.129688 0.217969 0.000255979
0 0.420703 0.712891 0.191406 0.205469 0.00026505
0 0.422656 0.352344 0.175 0.253125 0.000274112
0 0.300391 0.390625 0.119531 0.182812 0.000281335
0 0.751172 0.350781 0.139844 0.20625 0.000284583
0 0.254687 0.405078 0.171875 0.463281 0.000292605
0 0.340234 0.733984 0.192969 0.171094 0.000306293
0 0.51875 0.451562 0.423438 0.853125 0.000325522
0 0.71875 0.364062 0.1 0.1375 0.000328658
0 0.694922 0.395703 0.147656 0.222656 0.000381529
0 0.298828 0.485938 0.119531 0.192188 0.000412367
0 0.725781 0.398047 0.189063 0.357031 0.000453065
0 0.689453 0.551953 0.180469 0.369531 0.00045463
0 0.671094 0.298828 0.176563 0.294531 0.00047688
0 0.802344 0.569922 0.0890625 0.107031 0.000482892
0 0.736719 0.710938 0.221875 0.232812 0.000521507
0 0.325 0.595703 0.140625 0.272656 0.000588041
0 0.716016 0.258203 0.0695312 0.128906 0.00061392
0 0.384766 0.656641 0.0851562 0.0914062 0.000733393
0 0.832422 0.669922 0.217969 0.347656 0.000822577
0 0.791406 0.492188 0.198437 0.395312 0.000891366
0 0.716406 0.238672 0.0546875 0.0710938 0.00103041
0 0.426562 0.480859 0.271875 0.696094 0.00104214
0 0.364062 0.616016 0.139062 0.225781 0.00114194
0 0.710547 0.644922 0.217969 0.300781 0.00118991
0 0.305859 0.698438 0.153906 0.182812 0.00126291
0 0.353906 0.363281 0.198437 0.289062 0.00134207
0 0.781641 0.630469 0.171094 0.223438 0.00152552
0 0.722656 0.311328 0.132812 0.233594 0.00190206
0 0.2875 0.636328 0.18125 0.347656 0.00321564
0 0.315234 0.412891 0.172656 0.313281 0.00360373
0 0.284375 0.434766 0.115625 0.205469 0.00372521
0 0.401563 0.632812 0.173438 0.282813 0.00406247
0 0.381641 0.674609 0.142969 0.163281 0.00407021
0 0.825391 0.567969 0.175781 0.315625 0.00580661
0 0.378516 0.55625 0.202344 0.471875 0.00582789
0 0.801172 0.569531 0.153906 0.1875 0.00721556
0 0.345703 0.426562 0.241406 0.495313 0.00853434
0 0.751953 0.486328 0.269531 0.586719 0.0146208
0 0.284375 0.489844 0.140625 0.34375 0.0192563
0 0.353125 0.674219 0.214062 0.229687 0.0279744
0 0.314453 0.539453 0.207031 0.472656 0.293963
0 0.78125 0.621484 0.232812 0.336719 0.38415
