0 0.351953 0.347656 0.141406 0.160938 0.000102178
0 0.322656 0.653125 0.13125 0.257812 0.000102487
0 0.0992187 0.864062 0.198437 0.271875 0.000103852
0 0.0320312 0.852734 0.0640625 0.294531 0.000109266
0 0.608594 0.554297 0.2 0.349219 0.000109304
0 0.0285156 0.735547 0.0539063 0.482031 0.000116014
0 0.278516 0.510547 0.161719 0.171094 0.000116322
0 0.714844 0.657031 0.145313 0.275 0.000116788
0 0.408203 0.403516 0.0585938 0.110156 0.000121648
0 0.354297 0.0699219 0.130469 0.139844 0.000124681
0 0.352344 0.48125 0.15625 0.259375 0.000138434
0 0.279687 0.448438 0.20625 0.20625 0.000140456
0 0.303125 0.572656 0.0765625 0.101562 0.000142395
0 0.199219 0.617188 0.121875 0.267188 0.000150484
0 0.170312 0.690234 0.140625 0.283594 0.00016027
0 0.278516 0.658594 0.164844 0.195312 0.000163311
0 0.257812 0.798828 0.320312 0.294531 0.000167222
0 0.389844 0.448438 0.059375 0.109375 0.00017662
0 0.241797 0.55 0.172656 0.201562 0.000187357
0 0.187109 0.702734 0.300781 0.508594 0.000211248
0 0.0550781 0.817578 0.107031 0.364844 0.000214058
0 0.201172 0.720703 0.157031 0.196094 0.000217047
0 0.594531 0.314844 0.0515625 0.034375 0.000235464
0 0.298047 0.6125 0.111719 0.215625 0.000263312
0 0.169141 0.782422 0.196094 0.269531 0.000287822
0 0.239063 0.634766 0.142188 0.267969 0.000326646
0 0.319141 0.398047 0.183594 0.233594 0.000387161
0 0.619531 0.636719 0.142188 0.260938 0.000401819
0 0.3 0.551953 0.126563 0.163281 0.00042027
0 0.652734 0.49375 0.232031 0.479688 0.000429634
0 0.594922 0.313672 0.0773437 0.0507812 0.000438962
0 0.335547 0.530859 0.235156 0.542969 0.000460047
0 0.623828 0.713672 0.214844 0.288281 0.000589472
0 0.708594 0.714063 0.239063 0.354688 0.000677166
0 0.294531 0.533984 0.209375 0.328906 0.000920319
0 0.719141 0.560156 0.221094 0.465625 0.00106836
0 0.673828 0.635938 0.150781 0.270312 0.00124158
0 0.318359 0.690234 0.236719 0.363281 0.00141552
0 0.194531 0.623438 0.2 0.439063 0.00187454
0 0.238281 0.720312 0.248437 0.282813 0.00357254
0 0.264062 0.600781 0.279687 0.492188 0.28112
0 0.669531 0.634375 0.248437 0.38125 0.298066
