0 0.733984 0.675781 0.253906 0.28125 0.000110926
0 0.283594 0.546484 0.196875 0.185156 0.00011934
0 0.780469 0.488281 0.1875 0.198437 0.00012857
0 0.289062 0.747656 0.276563 0.235938 0.000137528
0 0.814844 0.777734 0.320312 0.383594 0.000142044
0 0.373437 0.445703 0.2625 0.539844 0.000158272
0 0.353906 0.683984 0.215625 0.286719 0.000160588
0 0.848828 0.686719 0.236719 0.304688 0.00017539
0 0.21875 0.744141 0.185937 0.266406 0.00019569
0 0.406641 0.6125 0.178906 0.36875 0.000234895
0 0.332422 0.276953 0.0867188 0.111719 0.000245078
0 0.336719 0.295312 0.142188 0.198437 0.000276936
0 0.705469 0.560938 0.260938 0.401563 0.000283701
0 0.376953 0.525391 0.191406 0.341406 0.000321877
0 0.179297 0.621094 0.239844 0.573438 0.000340228
0 0.762109 0.404297 0.219531 0.344531 0.000365449
0 0.695312 0.405469 0.248437 0.510938 0.000673721
0 0.304688 0.448828 0.248437 0.392969 0.00130274
0 0.244141 0.603906 0.230469 0.464063 0.0019428
0 0.337891 0.601953 0.275781 0.399219 0.00208373
0 0.789844 0.653906 0.310937 0.41875 0.00269963
0 0.792578 0.528906 0.253906 0.417188 0.0117532
0 0.760547 0.479688 0.341406 0.64375 0.250737
0 0.304297 0.517578 0.319531 0.655469 0.446124
