0 0.673047 0.708984 0.330469 0.411719 0.000100942
0 0.253906 0.478906 0.14375 0.26875 0.000102355
0 0.21875 0.596094 0.123438 0.210938 0.000102434
0 0.296094 0.721875 0.239063 0.184375 0.000103917
0 0.346094 0.521875 0.15625 0.33125 0.000107066
0 0.264453 0.321875 0.0695312 0.08125 0.000107689
0 0.336328 0.676172 0.0882813 0.110156 0.000109059
0 0.739062 0.302734 0.101562 0.127344 0.000109693
0 0.802734 0.681641 0.0867188 0.116406 0.000109905
0 0.278516 0.341797 0.0648438 0.0710938 0.00011086
0 0.796875 0.46875 0.1 0.190625 0.000111285
0 0.664453 0.354688 0.149219 0.189063 0.000121428
0 0.786328 0.575781 0.105469 0.196875 0.000124886
0 0.281641 0.299609 0.0648438 0.0820312 0.000127418
0 0.402734 0.0851562 0.375781 0.170312 0.000128063
0 0.507812 0.0179687 0.0859375 0.03125 0.000128211
0 0.610547 0.0777344 0.399219 0.146094 0.000129611
0 0.232812 0.428516 0.075 0.0789063 0.000130098
0 0.285156 0.65625 0.0890625 0.110937 0.000130945
0 0.298047 0.28125 0.0804688 0.08125 0.000132973
0 0.354297 0.25625 0.149219 0.139062 0.000136098
0 0.757812 0.344531 0.10625 0.167187 0.000146126
0 0.309375 0.278906 0.121875 0.115625 0.000160393
0 0.343359 0.390234 0.166406 0.199219 0.000170686
0 0.646484 0.279687 0.133594 0.164062 0.000172101
0 0.468359 0.612109 0.482031 0.775781 0.000184344
0 0.410156 0.0199219 0.215625 0.0398437 0.000192636
0 0.473828 0.0464844 0.141406 0.0882813 0.000197024
0 0.764453 0.753516 0.175781 0.177344 0.000205474
0 0.280859 0.302344 0.0914062 0.125 0.000217397
0 0.214062 0.480469 0.0859375 0.139062 0.000223991
0 0.689453 0.0328125 0.286719 0.065625 0.000230612
0 0.773828 0.735937 0.300781 0.303125 0.000231268
0 0.362109 0.0507812 0.355469 0.101562 0.000231913
0 0.720703 0.614844 0.103906 0.184375 0.000238827
0 0.718359 0.321484 0.150781 0.180469 0.000270624
0 0.194141 0.684375 0.111719 0.145313 0.000276984
0 0.224219 0.515234 0.11875 0.202344 0.000315975
0 0.683984 0.6375 0.152344 0.229687 0.000317703
0 0.366797 0.0300781 0.227344 0.0601562 0.000323623
0 0.344141 0.305078 0.157031 0.189844 0.000352399
0 0.269141 0.345703 0.105469 0.155469 0.000357086
0 0.236719 0.700781 0.209375 0.173438 0.00036493
0 0.798437 0.531641 0.0921875 0.163281 0.00038394
0 0.319531 0.656641 0.0875 0.108594 0.000394764
0 0.489453 0.0285156 0.136719 0.0570313 0.000399667
0 0.244922 0.40625 0.116406 0.192188 0.000415765
0 0.307031 0.575391 0.192188 0.303906 0.000432025
0 0.548828 0.0296875 0.257031 0.059375 0.000467956
0 0.226172 0.441406 0.0929687 0.132812 0.000475298
0 0.760938 0.394531 0.126563 0.217187 0.000495075
0 0.777344 0.48125 0.132812 0.3 0.000505215
0 0.284375 0.619922 0.1375 0.167969 0.00051936
0 0.284375 0.362891 0.165625 0.214844 0.000521405
0 0.281641 0.473047 0.208594 0.402344 0.000562564
0 0.7 0.717188 0.15625 0.171875 0.000569632
0 0.552734 0.0492188 0.324219 0.0984375 0.000602709
0 0.814453 0.657031 0.105469 0.234375 0.000700919
0 0.740234 0.644922 0.267969 0.374219 0.000709189
0 0.742578 0.657031 0.136719 0.232812 0.000789415
0 0.332422 0.620703 0.139844 0.200781 0.000813712
0 0.487891 0.0195312 0.207031 0.0375 0.000963834
0 0.210547 0.65 0.157031 0.198437 0.000979094
0 0.462891 0.0578125 0.272656 0.115625 0.00119667
0 0.2375 0.578906 0.175 0.3 0.00130195
0 0.261328 0.647656 0.272656 0.276563 0.00137624
0 0.750391 0.553125 0.185156 0.442187 0.00146034
0 0.801172 0.574609 0.114844 0.314844 0.00150183
0 0.476172 0.0324219 0.244531 0.0648438 0.00215909
0 0.797266 0.720312 0.146094 0.20625 0.00253439
0 0.325 0.676172 0.148438 0.163281 0.00297641
0 0.74375 0.703906 0.201562 0.220313 0.00681934
0 0.784375 0.644531 0.153125 0.301562 0.00971848
0 0.280078 0.654297 0.202344 0.177344 0.0187318
