0 0.946094 0.191797 0.107813 0.338281 0.000100954
0 0.455859 0.787109 0.383594 0.422656 0.000101038
0 0.473828 0.439844 0.232031 0.50625 0.000101802
0 0.841797 0.690234 0.135156 0.157031 0.000110049
0 0.712109 0.222656 0.149219 0.192188 0.000111087
0 0.470703 0.310156 0.283594 0.432813 0.000111856
0 0.0183594 0.779688 0.0367187 0.25 0.00011194
0 0.730469 0.713672 0.246875 0.236719 0.00011226
0 0.296875 0.492188 0.121875 0.2125 0.000113791
0 0.458203 0.146875 0.232031 0.2 0.000114317
0 0.317578 0.279297 0.186719 0.199219 0.000115915
0 0.872266 0.177344 0.238281 0.303125 0.000116665
0 0.853906 0.575781 0.11875 0.270312 0.000116967
0 0.764063 0.512891 0.171875 0.194531 0.000117755
0 0.344922 0.634766 0.100781 0.130469 0.000123341
0 0.13125 0.810938 0.2625 0.345313 0.000123587
0 0.249219 0.232031 0.225 0.271875 0.00012365
0 0.408203 0.25625 0.152344 0.259375 0.000124776
0 0.306641 0.137891 0.380469 0.246094 0.000125479
0 0.420312 0.444531 0.221875 0.390625 0.000131499
0 0.619922 0.523438 0.171094 0.34375 0.000134275
0 0.960156 0.395703 0.0796875 0.611719 0.000135443
0 0.876953 0.053125 0.246094 0.0671875 0.000137088
0 0.894531 0.807031 0.210938 0.35625 0.000138117
0 0.974219 0.358203 0.0515625 0.432031 0.000139876
0 0.279687 0.238672 0.0703125 0.0914062 0.000140432
0 0.323828 0.222266 0.119531 0.172656 0.000141991
0 0.138672 0.300781 0.260156 0.54375 0.000142391
0 0.71875 0.0734375 0.465625 0.142188 0.000144836
0 0.203125 0.470703 0.128125 0.196094 0.000148067
0 0.0308594 0.853516 0.0617188 0.244531 0.000149073
0 0.606641 0.398438 0.110156 0.179688 0.0001496
0 0.758594 0.300391 0.096875 0.158594 0.000149859
0 0.264844 0.282422 0.117188 0.191406 0.000150052
0 0.179688 0.589063 0.1625 0.1625 0.000151745
0 0.850781 0.711719 0.190625 0.251563 0.000154053
0 0.610156 0.4 0.159375 0.298438 0.000154497
0 0.2 0.691016 0.357812 0.436719 0.000160513
0 0.0601562 0.891797 0.115625 0.180469 0.000161089
0 0.0703125 0.389453 0.140625 0.713281 0.000163355
0 0.541797 0.716406 0.367969 0.498437 0.000166472
0 0.0273438 0.739453 0.05 0.233594 0.000172786
0 0.953516 0.0738281 0.0773437 0.0726563 0.000174694
0 0.539844 0.123438 0.357812 0.217187 0.000180391
0 0.971094 0.771094 0.0578125 0.445312 0.000183498
0 0.803516 0.473047 0.117969 0.172656 0.000186801
0 0.277734 0.555078 0.0851562 0.108594 0.000195312
0 0.0839844 0.866797 0.167969 0.252344 0.000197087
0 0.938281 0.539062 0.11875 0.551562 0.000198831
0 0.822266 0.0664062 0.352344 0.114063 0.000199746
0 0.408203 0.181641 0.149219 0.180469 0.000207187
0 0.355859 0.636328 0.147656 0.207031 0.000209433
0 0.269141 0.627734 0.336719 0.275781 0.000211229
0 0.613672 0.433984 0.228906 0.494531 0.000214284
0 0.8375 0.620313 0.0859375 0.1125 0.000215897
0 0.0898438 0.563281 0.167187 0.323438 0.000224353
0 0.263281 0.585547 0.129688 0.152344 0.000229409
0 0.765234 0.633984 0.147656 0.189844 0.000231523
0 0.20625 0.360938 0.2 0.404687 0.000240735
0 0.724609 0.574219 0.202344 0.215625 0.000248852
0 0.785937 0.115625 0.409375 0.196875 0.000255988
0 0.385938 0.689453 0.275 0.375781 0.000264177
0 0.0167969 0.511719 0.0335938 0.25 0.000264933
0 0.689844 0.264062 0.0875 0.104687 0.000264953
0 0.536719 0.20625 0.225 0.295312 0.000268313
0 0.9375 0.09375 0.121875 0.11875 0.000271624
0 0.933984 0.710547 0.132031 0.507031 0.000274161
0 0.791797 0.777734 0.371094 0.388281 0.000281016
0 0.651953 0.692969 0.378906 0.440625 0.00028934
0 0.202344 0.533594 0.16875 0.207813 0.00029034
0 0.65 0.209766 0.367188 0.371094 0.000293728
0 0.223438 0.407031 0.117188 0.215625 0.000294607
0 0.873047 0.569141 0.171094 0.463281 0.000301631
0 0.457031 0.222656 0.190625 0.290625 0.000303779
0 0.289453 0.239844 0.122656 0.182812 0.000307684
0 0.925391 0.0585938 0.141406 0.0578125 0.000312298
0 0.755469 0.308984 0.15 0.208594 0.000324284
0 0.888281 0.0945313 0.217187 0.134375 0.000329611
0 0.661719 0.347656 0.160938 0.315625 0.000352873
0 0.846875 0.686328 0.295312 0.432031 0.00035742
0 0.533984 0.455078 0.364844 0.691406 0.00035983
0 0.746094 0.213672 0.260938 0.269531 0.000363304
0 0.33125 0.202734 0.196875 0.221094 0.00038125
0 0.971094 0.520703 0.0578125 0.561719 0.000383473
0 0.0507812 0.532422 0.101562 0.350781 0.000410037
0 0.278516 0.515625 0.0789063 0.08125 0.000440682
0 0.161719 0.524219 0.207813 0.303125 0.000442537
0 0.870313 0.646484 0.153125 0.236719 0.000446665
0 0.0246094 0.446875 0.0476562 0.454688 0.000450474
0 0.478906 0.604688 0.345313 0.58125 0.00045305
0 0.785547 0.670703 0.230469 0.174219 0.000468427
0 0.817187 0.533984 0.132812 0.258594 0.00048259
0 0.258594 0.366016 0.128125 0.203906 0.000487233
0 0.753516 0.360938 0.194531 0.35625 0.00048963
0 0.655859 0.677734 0.271094 0.291406 0.000500404
0 0.823438 0.655859 0.090625 0.105469 0.000511358
0 0.238281 0.471875 0.140625 0.270312 0.000553648
0 0.198047 0.588281 0.253906 0.225 0.00065684
0 0.0613281 0.777734 0.119531 0.397656 0.000681333
0 0.672656 0.226172 0.190625 0.246094 0.000713659
0 0.659766 0.609375 0.189844 0.259375 0.000734067
0 0.028125 0.732813 0.05625 0.421875 0.000822251
0 0.338281 0.476172 0.248437 0.399219 0.000848504
0 0.696875 0.635938 0.160938 0.178125 0.000853717
0 0.392188 0.558984 0.214062 0.441406 0.000922629
0 0.832422 0.486719 0.183594 0.496875 0.00103912
0 0.787891 0.574219 0.149219 0.254687 0.00113312
0 0.680469 0.28125 0.11875 0.160938 0.00119122
0 0.677734 0.381641 0.222656 0.491406 0.00146934
0 0.0980469 0.545703 0.191406 0.619531 0.0015117
0 0.277344 0.534766 0.126563 0.158594 0.00157954
0 0.172656 0.457812 0.26875 0.50625 0.00176168
0 0.360547 0.594531 0.221094 0.271875 0.00180387
0 0.0332031 0.565625 0.0664062 0.51875 0.00187417
0 0.671484 0.535156 0.266406 0.475 0.00210052
0 0.276563 0.316406 0.171875 0.28125 0.00273525
0 0.823047 0.653516 0.125781 0.160156 0.00279266
0 0.401563 0.379687 0.310937 0.610937 0.00321607
0 0.703125 0.288281 0.167187 0.251563 0.00370759
0 0.742188 0.636719 0.289062 0.257812 0.00559903
0 0.0539063 0.563672 0.107813 0.767969 0.00594588
0 0.396484 0.2 0.214844 0.251563 0.00687248
0 0.276172 0.570703 0.200781 0.202344 0.00796553
0 0.269531 0.410156 0.235938 0.43125 0.0126107
0 0.365625 0.270312 0.275 0.38125 0.0134442
0 0.821094 0.621484 0.167187 0.257031 0.0163681
0 0.237109 0.525 0.241406 0.321875 0.0201372
0 0.779688 0.551562 0.228125 0.371875 0.0567711
0 0.745313 0.451172 0.271875 0.588281 0.0920802
0 0.296875 0.420312 0.35625 0.5875 0.125042
