0 0.552344 0.234766 0.120312 0.110156 0.000101951
0 0.307422 0.242578 0.157031 0.200781 0.00010432
0 0.211719 0.326953 0.13125 0.158594 0.000108856
0 0.296094 0.364062 0.114063 0.165625 0.000109823
0 0.258203 0.344141 0.0789063 0.103906 0.00011242
0 0.784766 0.518359 0.0898438 0.108594 0.000120241
0 0.21875 0.423828 0.0828125 0.0914062 0.000123402
0 0.637109 0.3875 0.180469 0.190625 0.000125076
0 0.634766 0.323828 0.169531 0.175781 0.000125777
0 0.803906 0.496484 0.0796875 0.108594 0.000125934
0 0.241797 0.405078 0.0820312 0.0898438 0.000130934
0 0.18125 0.534375 0.084375 0.1125 0.000132947
0 0.200781 0.407422 0.078125 0.100781 0.000139907
0 0.276563 0.385938 0.0796875 0.084375 0.00014401
0 0.191016 0.473828 0.274219 0.346094 0.00014607
0 0.634766 0.429297 0.133594 0.189844 0.000148111
0 0.696875 0.441016 0.0796875 0.0757812 0.000148741
0 0.282813 0.512109 0.0890625 0.108594 0.000152237
0 0.346094 0.584375 0.257812 0.182812 0.000158913
0 0.300781 0.492969 0.084375 0.109375 0.000174418
0 0.21875 0.382422 0.078125 0.0960938 0.000178717
0 0.789844 0.415625 0.195312 0.304688 0.000199601
0 0.262109 0.302344 0.119531 0.129688 0.000211287
0 0.825 0.584375 0.142188 0.125 0.000216491
0 0.586719 0.426953 0.145313 0.205469 0.000217127
0 0.71875 0.366016 0.0859375 0.0976562 0.0002258
0 0.607813 0.528906 0.121875 0.182812 0.000229909
0 0.820703 0.527734 0.297656 0.353906 0.000255697
0 0.259375 0.570703 0.15 0.117969 0.000259047
0 0.677734 0.344531 0.163281 0.171875 0.000266877
0 0.690234 0.407031 0.0835937 0.1 0.000278203
0 0.325391 0.449609 0.139844 0.253906 0.000351344
0 0.602344 0.251563 0.18125 0.16875 0.000389011
0 0.176563 0.444531 0.123438 0.2625 0.000430055
0 0.184375 0.569922 0.10625 0.128906 0.000509877
0 0.758594 0.429297 0.129688 0.228906 0.00051746
0 0.239453 0.608203 0.236719 0.153906 0.000518736
0 0.677734 0.327344 0.214844 0.2625 0.000545446
0 0.338672 0.565625 0.336719 0.28125 0.000549773
0 0.238281 0.363672 0.0734375 0.0882813 0.000557982
0 0.832031 0.555859 0.110937 0.0992187 0.000570712
0 0.301172 0.313672 0.157031 0.186719 0.000578423
0 0.650781 0.562109 0.148438 0.158594 0.000604762
0 0.277734 0.408594 0.125781 0.248437 0.000623033
0 0.258984 0.386328 0.105469 0.124219 0.00063515
0 0.301562 0.526172 0.1375 0.150781 0.000642481
0 0.676953 0.428125 0.0726563 0.0734375 0.000669864
0 0.733984 0.572266 0.328906 0.249219 0.000698943
0 0.613672 0.321094 0.232031 0.3 0.000711375
0 0.202734 0.408594 0.108594 0.21875 0.000745458
0 0.241406 0.528125 0.151562 0.167187 0.00081695
0 0.761328 0.533203 0.146094 0.0960938 0.00081837
0 0.812109 0.539453 0.0898438 0.0882813 0.000827566
0 0.676953 0.388281 0.124219 0.145313 0.000852675
0 0.348828 0.50625 0.149219 0.178125 0.00091157
0 0.625781 0.474219 0.190625 0.251563 0.00101695
0 0.722266 0.370313 0.142969 0.189063 0.00113602
0 0.245703 0.338281 0.157031 0.2125 0.00123487
0 0.238281 0.3625 0.109375 0.14375 0.00145451
0 0.176172 0.517969 0.108594 0.215625 0.00145706
0 0.678516 0.441406 0.119531 0.171875 0.00166825
0 0.697266 0.532031 0.128906 0.123438 0.00180663
0 0.386328 0.46875 0.185156 0.26875 0.00206451
0 0.720312 0.447656 0.146875 0.251563 0.00228043
0 0.241016 0.432031 0.144531 0.271875 0.00265655
0 0.203516 0.554297 0.167969 0.171094 0.0039658
0 0.796875 0.492188 0.170312 0.201562 0.00407102
0 0.267188 0.372266 0.221875 0.364844 0.00450202
0 0.808203 0.539062 0.139844 0.154687 0.00547157
0 0.280859 0.494141 0.194531 0.186719 0.00555036
0 0.774219 0.573438 0.226562 0.134375 0.00584767
0 0.674609 0.530469 0.213281 0.178125 0.00734499
0 0.33125 0.414453 0.228125 0.358594 0.00880679
0 0.207031 0.484766 0.160938 0.246094 0.0106653
0 0.658984 0.389453 0.289844 0.410156 0.0108033
0 0.801172 0.558984 0.0835937 0.0664062 0.0132895
0 0.264453 0.549609 0.266406 0.202344 0.0134039
0 0.340234 0.511719 0.246094 0.228125 0.0241628
0 0.742578 0.537109 0.253906 0.142969 0.0368011
0 0.717969 0.464844 0.273438 0.271875 0.0393599
0 0.790234 0.555078 0.132031 0.0851562 0.0652424
0 0.275391 0.471484 0.267969 0.286719 0.0970295
