0 0.425391 0.297656 0.0835937 0.0828125 0.000100382
0 0.0570313 0.211719 0.114063 0.382812 0.00010173
0 0.296094 0.117969 0.40625 0.235938 0.000103968
0 0.782812 0.405859 0.0765625 0.0914062 0.000105195
0 0.881641 0.455469 0.236719 0.371875 0.000106393
0 0.776172 0.305078 0.0820312 0.108594 0.000107541
0 0.843359 0.533594 0.0882813 0.1 0.000107782
0 0.906641 0.399219 0.108594 0.298438 0.000108109
0 0.8625 0.303906 0.0984375 0.170312 0.000113476
0 0.148047 0.126563 0.296094 0.245312 0.000114224
0 0.0945313 0.437109 0.159375 0.244531 0.000117114
0 0.152344 0.0292969 0.28125 0.0585938 0.000117657
0 0.716797 0.389844 0.177344 0.429688 0.000123338
0 0.433984 0.425391 0.0882813 0.102344 0.000123944
0 0.754687 0.698047 0.442187 0.497656 0.000124262
0 0.192188 0.210547 0.384375 0.413281 0.000127581
0 0.848047 0.487891 0.0820312 0.108594 0.00013342
0 0.203906 0.0648438 0.403125 0.128125 0.000133464
0 0.0648438 0.479688 0.126563 0.240625 0.000137024
0 0.312891 0.461719 0.0898438 0.128125 0.000137183
0 0.713672 0.517969 0.194531 0.270312 0.000137248
0 0.690234 0.0984375 0.388281 0.19375 0.000138103
0 0.800391 0.261328 0.132031 0.189844 0.000138436
0 0.970703 0.208984 0.0570313 0.417969 0.000141546
0 0.847656 0.366406 0.0859375 0.10625 0.000145695
0 0.473437 0.457422 0.0875 0.100781 0.000146151
0 0.744531 0.569141 0.15625 0.150781 0.000146885
0 0.363672 0.407813 0.128906 0.154687 0.000152676
0 0.025 0.230859 0.046875 0.385156 0.000153573
0 0.776172 0.364062 0.0804688 0.107813 0.000154292
0 0.394531 0.471094 0.239063 0.179688 0.000154565
0 0.894141 0.428516 0.0679687 0.113281 0.00016095
0 0.484375 0.208594 0.296875 0.301562 0.000163523
0 0.364062 0.335938 0.0765625 0.09375 0.000164529
0 0.851953 0.682422 0.280469 0.346094 0.000176659
0 0.800391 0.55 0.0820312 0.090625 0.000179664
0 0.521484 0.126953 0.244531 0.214844 0.00017979
0 0.396094 0.174219 0.3375 0.314063 0.000186998
0 0.760156 0.530469 0.090625 0.103125 0.000188465
0 0.742578 0.383984 0.114844 0.202344 0.000201843
0 0.0613281 0.362109 0.121094 0.405469 0.000205354
0 0.0304688 0.355859 0.05 0.367969 0.000206551
0 0.735937 0.0335938 0.342187 0.0671875 0.000211198
0 0.572266 0.0304688 0.261719 0.0609375 0.000213077
0 0.379297 0.315234 0.0867188 0.0867188 0.000213461
0 0.892969 0.387109 0.084375 0.188281 0.000215111
0 0.475391 0.162891 0.158594 0.150781 0.000227879
0 0.884766 0.511719 0.0804688 0.110937 0.000231449
0 0.908203 0.517187 0.121094 0.329688 0.000234265
0 0.830469 0.427344 0.08125 0.096875 0.000235585
0 0.486328 0.362891 0.302344 0.427344 0.000240077
0 0.1125 0.278125 0.225 0.517187 0.00024348
0 0.428906 0.20625 0.140625 0.154687 0.000256038
0 0.879297 0.369141 0.0726563 0.0976562 0.000272016
0 0.761719 0.342578 0.0765625 0.0992187 0.000283994
0 0.740625 0.282813 0.123438 0.198437 0.000293943
0 0.65 0.0574219 0.40625 0.113281 0.00030754
0 0.821875 0.0203125 0.234375 0.040625 0.000316975
0 0.346875 0.289844 0.309375 0.39375 0.000358061
0 0.332422 0.430078 0.122656 0.175781 0.000381316
0 0.452734 0.393359 0.0882813 0.107031 0.00039232
0 0.807031 0.108203 0.360938 0.207031 0.00040378
0 0.501172 0.194922 0.138281 0.167969 0.000407907
0 0.399609 0.277734 0.0898438 0.108594 0.00042969
0 0.864062 0.387891 0.084375 0.103906 0.0004303
0 0.796094 0.250391 0.2875 0.335156 0.000431577
0 0.838672 0.282031 0.161719 0.23125 0.000438598
0 0.768359 0.454688 0.314844 0.4875 0.000439264
0 0.800391 0.491016 0.141406 0.194531 0.000439787
0 0.353125 0.225781 0.125 0.159375 0.000446948
0 0.400781 0.240625 0.090625 0.110937 0.000469198
0 0.863672 0.467187 0.0835937 0.1125 0.000498783
0 0.414453 0.384375 0.142969 0.189063 0.000530277
0 0.843359 0.53125 0.139844 0.146875 0.000613783
0 0.824609 0.344141 0.142969 0.235156 0.000659207
0 0.776953 0.364062 0.111719 0.1875 0.000661095
0 0.878516 0.408594 0.0773437 0.109375 0.000665089
0 0.820312 0.0542969 0.340625 0.103906 0.000675765
0 0.852734 0.0332031 0.294531 0.0664062 0.000695584
0 0.799219 0.547656 0.126563 0.128125 0.000704388
0 0.752734 0.235547 0.175781 0.221094 0.000771259
0 0.881641 0.550781 0.105469 0.128125 0.00079346
0 0.777344 0.584375 0.234375 0.240625 0.00100387
0 0.758594 0.322656 0.1 0.15625 0.00101871
0 0.502344 0.264844 0.134375 0.189063 0.00110426
0 0.471875 0.466016 0.134375 0.141406 0.00123372
0 0.441406 0.275781 0.185937 0.178125 0.00124472
0 0.336328 0.2625 0.102344 0.151562 0.00125083
0 0.407031 0.405859 0.292188 0.294531 0.00129257
0 0.809766 0.591016 0.335156 0.372656 0.00129317
0 0.348828 0.340625 0.108594 0.239063 0.00143776
0 0.863281 0.429297 0.0859375 0.111719 0.00158493
0 0.830078 0.429297 0.136719 0.178906 0.00166549
0 0.493359 0.352344 0.144531 0.334375 0.00170375
0 0.848828 0.570703 0.230469 0.207031 0.00192931
0 0.407422 0.319141 0.149219 0.230469 0.00194941
0 0.366016 0.245703 0.0882813 0.111719 0.00220775
0 0.861328 0.36875 0.116406 0.220313 0.00291979
0 0.775781 0.310937 0.176563 0.257812 0.00353196
0 0.453125 0.363281 0.135937 0.229687 0.00377719
0 0.767187 0.458594 0.157813 0.24375 0.00378588
0 0.359766 0.29375 0.0820312 0.0984375 0.00407885
0 0.767187 0.527734 0.145313 0.163281 0.00458308
0 0.879687 0.50625 0.126563 0.215625 0.00467641
0 0.433203 0.212109 0.228906 0.199219 0.00594964
0 0.878516 0.429297 0.0976562 0.197656 0.00628629
0 0.470703 0.425 0.0898438 0.1 0.00680929
0 0.423047 0.426562 0.213281 0.171875 0.0081707
0 0.369922 0.344531 0.180469 0.3 0.00851134
0 0.813281 0.519531 0.234375 0.209375 0.0215946
0 0.360547 0.289453 0.107031 0.155469 0.0270672
0 0.465625 0.423438 0.128125 0.140625 0.033312
0 0.817578 0.383203 0.208594 0.391406 0.0553807
0 0.855078 0.451953 0.144531 0.271094 0.0649207
0 0.396094 0.246875 0.170312 0.1875 0.0793225
0 0.425 0.307031 0.223438 0.348437 0.147618
