0 0.6 0.102734 0.25625 0.203906 0.000109481
0 0.74375 0.611328 0.204688 0.286719 0.000111781
0 0.428516 0.436719 0.194531 0.25 0.000112209
0 0.780078 0.467187 0.110156 0.128125 0.000115195
0 0.779688 0.734375 0.0875 0.1 0.000115578
0 0.766016 0.298828 0.157031 0.194531 0.000116652
0 0.625781 0.511328 0.229687 0.233594 0.000119951
0 0.324609 0.525781 0.186719 0.195312 0.00012012
0 0.80625 0.552344 0.195312 0.203125 0.00012537
0 0.409766 0.244141 0.421094 0.488281 0.000125979
0 0.514453 0.516016 0.285156 0.286719 0.000131485
0 0.242578 0.795703 0.142969 0.167969 0.000137789
0 0.803125 0.411719 0.0921875 0.14375 0.000140724
0 0.804688 0.637891 0.210938 0.199219 0.000145846
0 0.883984 0.721484 0.0882813 0.103906 0.000153081
0 0.824609 0.509766 0.132031 0.171094 0.000157518
0 0.284766 0.487891 0.166406 0.219531 0.000157934
0 0.78125 0.794922 0.179688 0.214844 0.000161309
0 0.321094 0.68125 0.15 0.240625 0.000163859
0 0.940625 0.919141 0.109375 0.146094 0.000167869
0 0.894531 0.533984 0.0765625 0.164844 0.000170022
0 0.635547 0.434375 0.346094 0.353125 0.000191072
0 0.781641 0.439063 0.150781 0.190625 0.000196291
0 0.782812 0.427344 0.0875 0.0953125 0.000210947
0 0.844922 0.720703 0.0898438 0.105469 0.000212339
0 0.939062 0.864062 0.11875 0.214062 0.000216992
0 0.283203 0.536719 0.216406 0.3375 0.000229182
0 0.878906 0.692187 0.242188 0.307813 0.000231145
0 0.241406 0.809766 0.3 0.280469 0.00024616
0 0.342578 0.280469 0.0757812 0.084375 0.000251152
0 0.664453 0.297656 0.397656 0.532812 0.000252464
0 0.870313 0.751953 0.146875 0.116406 0.00026327
0 0.882812 0.532422 0.0609375 0.102344 0.000269319
0 0.761719 0.284375 0.115625 0.129688 0.000271748
0 0.766406 0.733594 0.126563 0.157813 0.000277631
0 0.323047 0.469922 0.167969 0.163281 0.000284403
0 0.549609 0.153516 0.249219 0.296094 0.000296381
0 0.363281 0.718359 0.146875 0.171094 0.000306178
0 0.925781 0.789453 0.10625 0.102344 0.000315786
0 0.697656 0.294141 0.2875 0.364844 0.000336629
0 0.20625 0.797266 0.170312 0.225781 0.000338009
0 0.846875 0.592969 0.157813 0.190625 0.000343425
0 0.382422 0.479688 0.175781 0.176563 0.000412021
0 0.801953 0.733984 0.136719 0.128906 0.000416837
0 0.853125 0.789062 0.267188 0.2125 0.000515322
0 0.260547 0.701563 0.153906 0.240625 0.000526104
0 0.848437 0.495313 0.160938 0.295312 0.000611058
0 0.755078 0.271875 0.0757812 0.078125 0.000617747
0 0.404297 0.7 0.149219 0.182812 0.000622903
0 0.921875 0.750781 0.0765625 0.0609375 0.000653418
0 0.75 0.461719 0.290625 0.44375 0.000656766
0 0.394922 0.758203 0.205469 0.199219 0.000658158
0 0.352344 0.488281 0.23125 0.3125 0.000671723
0 0.214453 0.696094 0.205469 0.36875 0.00075612
0 0.765625 0.79375 0.232812 0.365625 0.000771114
0 0.336328 0.783984 0.308594 0.260156 0.000791993
0 0.883984 0.594531 0.114844 0.25 0.000797947
0 0.246875 0.573828 0.282813 0.571094 0.000835934
0 0.381641 0.390625 0.308594 0.33125 0.000889691
0 0.868359 0.533203 0.100781 0.192969 0.000976335
0 0.401953 0.554297 0.272656 0.486719 0.00103761
0 0.535547 0.428125 0.300781 0.33125 0.00105905
0 0.913672 0.644141 0.132031 0.292969 0.00139178
0 0.864844 0.658984 0.157813 0.213281 0.00157099
0 0.473828 0.358594 0.357031 0.429688 0.00161338
0 0.844922 0.717578 0.144531 0.135156 0.00182263
0 0.300391 0.735547 0.150781 0.185156 0.00198027
0 0.377344 0.694531 0.23125 0.246875 0.00370734
0 0.771484 0.707422 0.199219 0.208594 0.00384343
0 0.244531 0.757812 0.2 0.209375 0.00439058
0 0.808984 0.558984 0.294531 0.499219 0.00478033
0 0.544922 0.276563 0.316406 0.545313 0.00487657
0 0.900391 0.717969 0.155469 0.175 0.00619575
0 0.908594 0.766016 0.123438 0.0976562 0.0069672
0 0.854297 0.587109 0.191406 0.363281 0.0122582
0 0.848047 0.706641 0.236719 0.207031 0.0450554
0 0.326953 0.630859 0.319531 0.439844 0.072818
0 0.292969 0.723047 0.292188 0.288281 0.247868
