0 0.615234 0.923047 0.0976562 0.0601562 0.000100762
0 0.628906 0.150391 0.0359375 0.0492188 0.000102634
0 0.474609 0.705078 0.385156 0.486719 0.000103179
0 0.337109 0.321094 0.119531 0.309375 0.000104199
0 0.403125 0.210547 0.04375 0.0507812 0.000105546
0 0.55625 0.391406 0.265625 0.375 0.000108763
0 0.530078 0.560938 0.264844 0.445312 0.000109738
0 0.395703 0.195312 0.0429688 0.046875 0.000112762
0 0.705078 0.856641 0.389844 0.271094 0.000113662
0 0.0285156 0.438281 0.0570313 0.35 0.000117207
0 0.0445312 0.647266 0.08125 0.514844 0.000118422
0 0.632031 0.205078 0.0421875 0.0460938 0.000124427
0 0.291797 0.441016 0.180469 0.302344 0.000127405
0 0.363281 0.280078 0.084375 0.152344 0.000129058
0 0.651563 0.294531 0.0546875 0.075 0.000136183
0 0.584375 0.517969 0.148438 0.21875 0.000141295
0 0.621094 0.232812 0.0421875 0.0453125 0.000144156
0 0.621484 0.313672 0.0789063 0.0804688 0.000145411
0 0.647266 0.219141 0.0382813 0.0539063 0.000147744
0 0.680078 0.894922 0.0445312 0.0648438 0.000151327
0 0.666406 0.308203 0.053125 0.0757812 0.000152153
0 0.621875 0.641406 0.140625 0.0890625 0.000152402
0 0.651172 0.909766 0.0664062 0.0539063 0.000152672
0 0.758594 0.605469 0.301562 0.5375 0.000163625
0 0.573047 0.562109 0.213281 0.283594 0.000164944
0 0.577344 0.126563 0.0625 0.0671875 0.000165696
0 0.0964844 0.516406 0.192969 0.898438 0.00017612
0 0.621875 0.405859 0.1375 0.249219 0.000180602
0 0.641016 0.309375 0.0601562 0.053125 0.000189845
0 0.619141 0.552344 0.133594 0.240625 0.000213289
0 0.586328 0.121484 0.0570313 0.0429688 0.000217257
0 0.653906 0.360938 0.0984375 0.20625 0.000229904
0 0.674609 0.408594 0.0742188 0.154687 0.000233646
0 0.327734 0.506641 0.136719 0.152344 0.000237811
0 0.0449219 0.480859 0.0820312 0.486719 0.000242736
0 0.70625 0.523047 0.170312 0.294531 0.000251111
0 0.657422 0.595703 0.139844 0.172656 0.000252358
0 0.0269531 0.563281 0.0476562 0.485938 0.000271095
0 0.595703 0.482422 0.0914062 0.132031 0.000273211
0 0.630078 0.220703 0.0476562 0.0476562 0.000274104
0 0.626562 0.141016 0.0265625 0.0367187 0.000279935
0 0.757031 0.774609 0.36875 0.425781 0.000292778
0 0.679688 0.907812 0.034375 0.0546875 0.000305341
0 0.696875 0.481641 0.090625 0.153906 0.000323765
0 0.409375 0.363281 0.126563 0.307813 0.000355167
0 0.366016 0.45 0.285156 0.292188 0.000384669
0 0.654297 0.316797 0.0507812 0.0570313 0.000405762
0 0.655078 0.655469 0.144531 0.0875 0.000435492
0 0.705469 0.645312 0.151562 0.145313 0.000461716
0 0.405469 0.496484 0.125 0.147656 0.000483247
0 0.334375 0.407813 0.110937 0.185937 0.000537327
0 0.65625 0.5 0.078125 0.084375 0.000553257
0 0.716016 0.607422 0.225781 0.283594 0.000567368
0 0.0296875 0.396484 0.0578125 0.733594 0.000596164
0 0.350781 0.350391 0.0875 0.158594 0.000634523
0 0.360938 0.368359 0.075 0.0929687 0.000637189
0 0.673437 0.503906 0.096875 0.11875 0.000657435
0 0.640234 0.556641 0.296094 0.424219 0.000766727
0 0.666797 0.424219 0.111719 0.207813 0.000783328
0 0.350781 0.426172 0.084375 0.107031 0.000907498
0 0.620703 0.457422 0.114844 0.152344 0.0010456
0 0.371094 0.463672 0.0875 0.103906 0.00108484
0 0.0472656 0.516797 0.0945313 0.885156 0.00110142
0 0.380859 0.392578 0.0820312 0.102344 0.00117596
0 0.621094 0.603516 0.226562 0.274219 0.00122432
0 0.374219 0.354297 0.126563 0.263281 0.00130723
0 0.632422 0.710938 0.332031 0.457812 0.00137462
0 0.662109 0.676562 0.199219 0.148438 0.00167194
0 0.40625 0.406641 0.104687 0.167969 0.0017252
0 0.637891 0.694141 0.263281 0.278906 0.00172709
0 0.622266 0.500781 0.110156 0.114063 0.00191612
0 0.350391 0.465625 0.142969 0.175 0.00203342
0 0.679297 0.458984 0.0835937 0.125781 0.00222229
0 0.383203 0.430859 0.0867188 0.117969 0.00275871
0 0.366016 0.392578 0.0992187 0.160156 0.00433304
0 0.398828 0.463281 0.0992187 0.126563 0.00472164
0 0.660156 0.525781 0.148438 0.204688 0.00477726
0 0.648438 0.633203 0.192188 0.155469 0.00548822
0 0.648047 0.478906 0.130469 0.120312 0.00919884
0 0.377734 0.436719 0.124219 0.176563 0.0392178
