0 0.682813 0.302734 0.090625 0.114844 0.000101029
0 0.724219 0.619141 0.0734375 0.0882813 0.000103426
0 0.103906 0.187891 0.207813 0.375781 0.000103827
0 0.276953 0.536328 0.166406 0.213281 0.000106556
0 0.319922 0.425781 0.122656 0.1875 0.000109221
0 0.699609 0.507812 0.133594 0.246875 0.000109276
0 0.34375 0.676172 0.084375 0.0992187 0.000113649
0 0.196484 0.426562 0.0851562 0.0953125 0.000116071
0 0.221875 0.321484 0.084375 0.105469 0.000118114
0 0.160938 0.685156 0.11875 0.157813 0.000126288
0 0.3875 0.704297 0.114063 0.153906 0.000127097
0 0.233984 0.575 0.0851562 0.103125 0.000128833
0 0.303125 0.613281 0.084375 0.107813 0.000132059
0 0.601562 0.688281 0.101562 0.15625 0.000132787
0 0.591406 0.312891 0.160938 0.294531 0.000134055
0 0.591016 0.39375 0.135156 0.290625 0.000134819
0 0.604688 0.209766 0.160938 0.169531 0.000135638
0 0.0664062 0.0632813 0.132812 0.126563 0.000137418
0 0.0324219 0.194141 0.0632813 0.388281 0.000137899
0 0.763672 0.688281 0.146094 0.126563 0.000138686
0 0.167969 0.510547 0.103125 0.261719 0.000142177
0 0.75 0.366016 0.134375 0.266406 0.000150253
0 0.634766 0.594531 0.121094 0.232812 0.000154762
0 0.232422 0.244141 0.317969 0.357031 0.000155025
0 0.197656 0.572266 0.0859375 0.105469 0.000155894
0 0.742969 0.669922 0.084375 0.0898438 0.000158619
0 0.759766 0.510156 0.117969 0.275 0.000165318
0 0.125391 0.29375 0.232031 0.476562 0.000165632
0 0.302344 0.4875 0.126563 0.217187 0.000171685
0 0.719141 0.430078 0.0898438 0.108594 0.000173072
0 0.0566406 0.232422 0.113281 0.464844 0.000176419
0 0.658203 0.674219 0.157031 0.15 0.000183112
0 0.764453 0.598437 0.0804688 0.103125 0.000183433
0 0.711719 0.253516 0.198437 0.224219 0.000191189
0 0.245703 0.250391 0.185156 0.203906 0.000201458
0 0.383203 0.543359 0.136719 0.397656 0.000217056
0 0.304688 0.674609 0.135937 0.141406 0.000218321
0 0.735547 0.464063 0.122656 0.2 0.000223848
0 0.0332031 0.397266 0.0648438 0.667969 0.000225703
0 0.60625 0.533594 0.129688 0.259375 0.000227546
0 0.175391 0.400781 0.164844 0.428125 0.000236046
0 0.639453 0.40625 0.192969 0.215625 0.000243095
0 0.182031 0.45 0.09375 0.179688 0.00026555
0 0.724609 0.571875 0.135156 0.245312 0.000265957
0 0.242188 0.651563 0.1375 0.164062 0.000270149
0 0.614844 0.34375 0.0875 0.090625 0.000271869
0 0.323438 0.531641 0.114063 0.224219 0.000272384
0 0.278125 0.467578 0.134375 0.146094 0.000273439
0 0.699219 0.451172 0.0859375 0.105469 0.000274368
0 0.217187 0.597266 0.0890625 0.117969 0.00028498
0 0.721875 0.653516 0.078125 0.100781 0.000292521
0 0.124609 0.0703125 0.249219 0.1375 0.000304458
0 0.605078 0.617969 0.110156 0.198437 0.00030925
0 0.786719 0.443359 0.221875 0.567969 0.000318101
0 0.267969 0.70625 0.254687 0.203125 0.000334754
0 0.382812 0.628906 0.120312 0.223438 0.000339578
0 0.0726563 0.122656 0.145313 0.245312 0.000345023
0 0.322266 0.362891 0.111719 0.191406 0.000354368
0 0.238281 0.425781 0.139062 0.246875 0.000364569
0 0.664062 0.285937 0.148438 0.2 0.000372306
0 0.798828 0.687109 0.0710938 0.0820312 0.000402284
0 0.311328 0.247266 0.182031 0.199219 0.000428649
0 0.741797 0.638672 0.0820312 0.0960938 0.000441435
0 0.28125 0.404687 0.134375 0.234375 0.000475477
0 0.188281 0.622266 0.292188 0.407031 0.000476025
0 0.703906 0.321484 0.0890625 0.110156 0.000535287
0 0.626172 0.514063 0.178906 0.465625 0.000539613
0 0.617969 0.360156 0.140625 0.160938 0.000580884
0 0.341797 0.596484 0.125781 0.244531 0.000597424
0 0.792578 0.56875 0.128906 0.3 0.000605397
0 0.222266 0.321094 0.128906 0.171875 0.000664798
0 0.201562 0.407813 0.121875 0.228125 0.000674332
0 0.202344 0.669922 0.182812 0.210156 0.000729838
0 0.183594 0.574609 0.115625 0.222656 0.000823744
0 0.779688 0.619531 0.0734375 0.0953125 0.000936857
0 0.682422 0.446484 0.142969 0.167969 0.000950354
0 0.332422 0.310156 0.147656 0.25 0.00103939
0 0.2 0.490625 0.117188 0.270312 0.0010404
0 0.260156 0.341016 0.140625 0.183594 0.00105064
0 0.342187 0.669531 0.132812 0.182812 0.00112105
0 0.704687 0.596875 0.29375 0.33125 0.0011446
0 0.303906 0.595703 0.134375 0.196094 0.00124318
0 0.657812 0.339844 0.18125 0.159375 0.00145526
0 0.236328 0.530469 0.138281 0.273438 0.00146636
0 0.720312 0.653906 0.140625 0.1375 0.00152505
0 0.339453 0.518359 0.180469 0.483594 0.00166401
0 0.762109 0.594531 0.111719 0.220313 0.00170198
0 0.175 0.5625 0.146875 0.371875 0.00178455
0 0.789453 0.616406 0.100781 0.182812 0.0020327
0 0.79375 0.659375 0.0796875 0.107813 0.00211967
0 0.6625 0.625391 0.198437 0.216406 0.00216455
0 0.648828 0.267578 0.222656 0.267969 0.00362093
0 0.317187 0.388672 0.19375 0.491406 0.00365023
0 0.296875 0.635938 0.192188 0.210938 0.00473095
0 0.717578 0.405469 0.132031 0.242188 0.00519641
0 0.29375 0.567969 0.23125 0.320312 0.00544751
0 0.239453 0.360547 0.192969 0.314844 0.00551306
0 0.219531 0.597266 0.151562 0.189844 0.005997
0 0.633594 0.39375 0.225 0.401563 0.00610431
0 0.735156 0.621484 0.1875 0.221094 0.00633865
0 0.709766 0.316016 0.146094 0.221094 0.00790115
0 0.770312 0.647656 0.114063 0.134375 0.0111949
0 0.746484 0.521484 0.172656 0.428906 0.0116676
0 0.274219 0.298047 0.2 0.236719 0.0119256
0 0.210547 0.479297 0.155469 0.419531 0.0146081
0 0.239453 0.609375 0.228906 0.251563 0.043433
0 0.681641 0.335938 0.205469 0.335938 0.0625977
0 0.260156 0.448438 0.254687 0.55 0.233644
0 0.686328 0.448047 0.255469 0.536719 0.264627
