0 0.4375 0.862891 0.232812 0.249219 0.000100145
0 0.284766 0.112891 0.324219 0.196094 0.000100379
0 0.573047 0.265625 0.196094 0.335938 0.000100764
0 0.794531 0.757422 0.240625 0.275781 0.000102392
0 0.287109 0.150391 0.202344 0.203906 0.000102608
0 0.968359 0.383203 0.0632813 0.199219 0.000103383
0 0.283984 0.93125 0.155469 0.128125 0.00010472
0 0.0457031 0.675391 0.0914062 0.225781 0.000104905
0 0.513281 0.932422 0.196875 0.114844 0.000105423
0 0.239063 0.821094 0.201562 0.284375 0.00010544
0 0.260547 0.566016 0.130469 0.133594 0.000106944
0 0.757031 0.925 0.165625 0.0796875 0.000107854
0 0.969141 0.230469 0.0617188 0.3875 0.000109949
0 0.530078 0.0625 0.339844 0.121875 0.000110092
0 0.937109 0.901563 0.125781 0.154687 0.000111707
0 0.873828 0.725391 0.116406 0.182031 0.000112919
0 0.930469 0.0636719 0.1375 0.113281 0.000113488
0 0.391016 0.964063 0.185156 0.071875 0.00011582
0 0.711719 0.799219 0.310937 0.320312 0.000116027
0 0.303125 0.492578 0.173438 0.196094 0.000117137
0 0.0808594 0.787891 0.160156 0.408594 0.000119011
0 0.688672 0.965625 0.225781 0.06875 0.000120788
0 0.394531 0.610547 0.114063 0.133594 0.000122233
0 0.899609 0.767187 0.194531 0.446875 0.000122236
0 0.657422 0.680859 0.364844 0.355469 0.00012225
0 0.753906 0.890234 0.160938 0.117969 0.000123714
0 0.0285156 0.488672 0.0554687 0.239844 0.00012407
0 0.776953 0.687109 0.322656 0.358594 0.000124106
0 0.440625 0.1125 0.301562 0.192188 0.000124956
0 0.440625 0.291016 0.2875 0.363281 0.000126752
0 0.889063 0.939453 0.220313 0.111719 0.000127451
0 0.357422 0.071875 0.202344 0.110937 0.000130301
0 0.308594 0.634766 0.209375 0.174219 0.000130542
0 0.962891 0.605859 0.0742188 0.575781 0.000135105
0 0.983984 0.362891 0.0320312 0.235156 0.000139826
0 0.590234 0.0519531 0.230469 0.0898438 0.000142934
0 0.0183594 0.594531 0.0335938 0.228125 0.000151252
0 0.782031 0.0949219 0.364062 0.172656 0.00015242
0 0.720703 0.448438 0.135156 0.179688 0.0001539
0 0.358203 0.938672 0.232031 0.122656 0.000154159
0 0.614062 0.902734 0.175 0.127344 0.000157715
0 0.567578 0.111328 0.271094 0.191406 0.000165811
0 0.294531 0.684766 0.271875 0.266406 0.000180528
0 0.75625 0.448047 0.129688 0.236719 0.000181086
0 0.719922 0.571484 0.139844 0.182031 0.000182087
0 0.770703 0.939844 0.272656 0.110937 0.000184113
0 0.851562 0.0613281 0.296875 0.122656 0.000187615
0 0.0195312 0.676172 0.0375 0.219531 0.000188392
0 0.653125 0.939062 0.248437 0.109375 0.000193965
0 0.589844 0.543359 0.246875 0.282031 0.000197265
0 0.798437 0.717188 0.11875 0.151562 0.0002
0 0.480469 0.900781 0.203125 0.153125 0.000204685
0 0.0179687 0.362891 0.034375 0.222656 0.000211684
0 0.0410156 0.358594 0.0820312 0.509375 0.000212737
0 0.0789063 0.618359 0.15 0.486719 0.000214508
0 0.936719 0.698047 0.126563 0.485156 0.000221819
0 0.239453 0.531641 0.138281 0.171094 0.000231336
0 0.791797 0.478906 0.219531 0.454688 0.000237029
0 0.710156 0.899609 0.24375 0.164844 0.000269065
0 0.239453 0.270703 0.172656 0.324219 0.000278381
0 0.028125 0.720312 0.05625 0.317187 0.000288744
0 0.720312 0.319141 0.189063 0.346094 0.000293303
0 0.305859 0.530469 0.128906 0.153125 0.000296663
0 0.688281 0.0652344 0.35625 0.130469 0.000320571
0 0.0503906 0.693359 0.0960938 0.413281 0.000323301
0 0.948828 0.316797 0.102344 0.350781 0.000330863
0 0.719922 0.909766 0.183594 0.103906 0.000341746
0 0.348047 0.864453 0.249219 0.257031 0.000342688
0 0.212109 0.357031 0.182031 0.509375 0.000345519
0 0.0910156 0.457422 0.182031 0.566406 0.000360106
0 0.341016 0.485156 0.186719 0.304688 0.000362016
0 0.344141 0.310156 0.200781 0.414062 0.000367212
0 0.204297 0.525 0.144531 0.220313 0.000392941
0 0.598047 0.367969 0.271094 0.50625 0.00040769
0 0.907031 0.316406 0.185937 0.575 0.000407968
0 0.0238281 0.358203 0.0476562 0.377344 0.000425228
0 0.854688 0.431641 0.290625 0.666406 0.000436914
0 0.394922 0.907422 0.230469 0.166406 0.000442371
0 0.629687 0.150781 0.2375 0.254687 0.0004436
0 0.769922 0.686719 0.160156 0.176563 0.000444584
0 0.776953 0.326562 0.322656 0.5875 0.00047257
0 0.658203 0.553125 0.182031 0.195312 0.000497854
0 0.352344 0.138281 0.185937 0.220313 0.000557152
0 0.742578 0.509375 0.136719 0.232812 0.000569612
0 0.639844 0.220313 0.320312 0.40625 0.000599397
0 0.662109 0.482031 0.258594 0.353125 0.000646583
0 0.236719 0.575781 0.185937 0.195312 0.000692718
0 0.338672 0.557422 0.142969 0.174219 0.000697827
0 0.0332031 0.609375 0.0617188 0.379687 0.000705341
0 0.721875 0.663672 0.254687 0.225781 0.000748905
0 0.0488281 0.530469 0.0929687 0.582812 0.000861366
0 0.0269531 0.480078 0.0523437 0.471094 0.00103786
0 0.306641 0.222656 0.228906 0.320312 0.00109724
0 0.907812 0.530859 0.184375 0.707031 0.00116658
0 0.239844 0.478125 0.221875 0.365625 0.00117338
0 0.968359 0.434766 0.0617188 0.471094 0.00121609
0 0.683984 0.221875 0.205469 0.315625 0.00131255
0 0.671484 0.601172 0.241406 0.216406 0.00158349
0 0.758203 0.597656 0.180469 0.264062 0.0018099
0 0.944141 0.455469 0.111719 0.595312 0.00224302
0 0.728516 0.439063 0.189844 0.379687 0.00294604
0 0.282422 0.5375 0.242969 0.229687 0.00346519
0 0.714063 0.535547 0.229687 0.297656 0.0082559
0 0.692969 0.374609 0.259375 0.585156 0.0201149
0 0.281641 0.370313 0.280469 0.5875 0.033576
