0 0.703516 0.708203 0.208594 0.205469 0.000100651
0 0.806641 0.287891 0.0992187 0.149219 0.00010216
0 0.395703 0.158594 0.163281 0.140625 0.000108973
0 0.763672 0.615625 0.0835937 0.10625 0.000111305
0 0.316797 0.729688 0.147656 0.139062 0.000115723
0 0.805859 0.514453 0.147656 0.247656 0.000118635
0 0.840234 0.400391 0.0757812 0.0976562 0.000122855
0 0.823828 0.647266 0.0898438 0.110156 0.000125729
0 0.266406 0.6875 0.142188 0.18125 0.000127527
0 0.812891 0.362109 0.0835937 0.111719 0.000128019
0 0.841016 0.425391 0.100781 0.185156 0.000130514
0 0.402344 0.633594 0.13125 0.20625 0.00013075
0 0.232422 0.360156 0.0695312 0.084375 0.000132173
0 0.443359 0.284766 0.113281 0.203906 0.000142083
0 0.351562 0.394922 0.196875 0.189844 0.000143497
0 0.254687 0.282422 0.075 0.132031 0.000148978
0 0.696875 0.429297 0.132812 0.189844 0.000157927
0 0.458203 0.321094 0.0726563 0.10625 0.00015855
0 0.745703 0.335938 0.158594 0.164062 0.000158888
0 0.374219 0.726953 0.182812 0.136719 0.000160599
0 0.778516 0.172266 0.0445312 0.0523437 0.000172558
0 0.705859 0.489844 0.182031 0.359375 0.000173079
0 0.690234 0.390625 0.108594 0.123438 0.000174106
0 0.251172 0.611328 0.130469 0.224219 0.000176722
0 0.464063 0.434766 0.084375 0.185156 0.000182718
0 0.783594 0.635156 0.0828125 0.110937 0.000185003
0 0.308594 0.244922 0.176563 0.228906 0.000185639
0 0.868359 0.485938 0.147656 0.434375 0.000191677
0 0.294531 0.358203 0.0875 0.0804688 0.000193987
0 0.328516 0.678125 0.0898438 0.1125 0.000198219
0 0.440625 0.400781 0.121875 0.20625 0.000204731
0 0.369141 0.489062 0.147656 0.234375 0.000208553
0 0.349219 0.296484 0.190625 0.239844 0.000227994
0 0.239063 0.521484 0.117188 0.238281 0.000240453
0 0.371094 0.615625 0.271875 0.340625 0.000277433
0 0.420703 0.207813 0.146094 0.175 0.000279509
0 0.683984 0.123047 0.0835937 0.0710938 0.000290707
0 0.721484 0.669531 0.141406 0.179688 0.000307072
0 0.308984 0.658594 0.133594 0.167187 0.00030814
0 0.882812 0.625391 0.1375 0.283594 0.000316229
0 0.805859 0.703125 0.274219 0.275 0.000346263
0 0.765234 0.55625 0.216406 0.220313 0.000366433
0 0.425 0.464063 0.14375 0.240625 0.000424948
0 0.333984 0.573438 0.167969 0.303125 0.000466111
0 0.842578 0.617969 0.0929687 0.109375 0.000482417
0 0.241797 0.433594 0.113281 0.242188 0.000524773
0 0.802344 0.617188 0.0890625 0.103125 0.000532832
0 0.696484 0.549219 0.132031 0.254687 0.000540273
0 0.741406 0.394531 0.192188 0.165625 0.00055368
0 0.327734 0.371484 0.163281 0.116406 0.000561701
0 0.403125 0.689062 0.170312 0.167187 0.000591936
0 0.841797 0.441797 0.130469 0.292969 0.00062804
0 0.248047 0.333594 0.0851562 0.090625 0.000901448
0 0.241406 0.370703 0.1 0.122656 0.000943224
0 0.274219 0.329297 0.140625 0.153906 0.000973201
0 0.832031 0.364453 0.0875 0.147656 0.00113551
0 0.807422 0.397656 0.183594 0.307813 0.0013312
0 0.816016 0.376953 0.136719 0.191406 0.0019207
0 0.389453 0.566406 0.153906 0.270312 0.00197401
0 0.70625 0.611719 0.178125 0.25625 0.00210464
0 0.786719 0.594922 0.146875 0.192969 0.00267483
0 0.347266 0.679297 0.142969 0.166406 0.00270642
0 0.764453 0.635547 0.147656 0.178906 0.00282485
0 0.746094 0.666406 0.254687 0.229687 0.00503274
0 0.362891 0.626953 0.160156 0.247656 0.00668018
0 0.823047 0.632422 0.146094 0.175781 0.0126309
0 0.265625 0.352734 0.1125 0.0929687 0.0127576
0 0.835938 0.569141 0.165625 0.278906 0.0161681
0 0.786719 0.510156 0.251563 0.429688 0.0438233
0 0.790625 0.621875 0.2375 0.2375 0.203917
