0 0.305859 0.283594 0.141406 0.217187 0.000101609
0 0.196484 0.467187 0.127344 0.248437 0.000105392
0 0.388672 0.150391 0.160156 0.157031 0.000105482
0 0.877344 0.764844 0.24375 0.439063 0.000107019
0 0.239063 0.443359 0.171875 0.197656 0.00011482
0 0.657422 0.597656 0.224219 0.2 0.000114953
0 0.217578 0.40625 0.0851562 0.109375 0.000119845
0 0.725391 0.857031 0.388281 0.285937 0.000126486
0 0.717969 0.616016 0.201562 0.207031 0.000127834
0 0.371484 0.518359 0.188281 0.463281 0.000137875
0 0.910547 0.572656 0.161719 0.19375 0.000145356
0 0.244531 0.231641 0.328125 0.358594 0.000147828
0 0.620703 0.714063 0.214844 0.2625 0.000150329
0 0.301172 0.571094 0.0851562 0.109375 0.000154138
0 0.235547 0.387109 0.0898438 0.111719 0.000154332
0 0.321875 0.532812 0.135937 0.245312 0.000155951
0 0.961328 0.359375 0.0773437 0.398438 0.000170547
0 0.941406 0.683203 0.114063 0.633594 0.000170859
0 0.201562 0.610547 0.1375 0.139844 0.000172884
0 0.796875 0.31875 0.253125 0.3375 0.000175318
0 0.738672 0.468359 0.178906 0.191406 0.0001779
0 0.216797 0.367188 0.0835937 0.109375 0.00017898
0 0.773828 0.771875 0.363281 0.409375 0.000200427
0 0.316016 0.144922 0.277344 0.224219 0.000218846
0 0.423438 0.225781 0.179688 0.3 0.000234185
0 0.221875 0.328125 0.11875 0.2 0.000238316
0 0.861719 0.600781 0.234375 0.378125 0.000255471
0 0.338672 0.667578 0.124219 0.219531 0.000258118
0 0.970312 0.601953 0.059375 0.432031 0.000271097
0 0.364453 0.360938 0.166406 0.164062 0.000277788
0 0.144531 0.646875 0.15625 0.170312 0.000283617
0 0.737109 0.327344 0.142969 0.229687 0.000296009
0 0.698828 0.427734 0.136719 0.250781 0.000299713
0 0.930469 0.446875 0.134375 0.25625 0.000302209
0 0.261719 0.305859 0.139062 0.228906 0.000310127
0 0.691016 0.280859 0.185156 0.274219 0.00033774
0 0.763672 0.720703 0.221094 0.278906 0.000345754
0 0.932422 0.598437 0.133594 0.31875 0.000354889
0 0.933203 0.329688 0.133594 0.540625 0.000362356
0 0.65625 0.762891 0.339063 0.352344 0.000368216
0 0.7375 0.406641 0.140625 0.244531 0.0004059
0 0.856641 0.310547 0.286719 0.563281 0.000490574
0 0.605078 0.625 0.163281 0.217187 0.000547686
0 0.245312 0.607422 0.146875 0.157031 0.000592501
0 0.348828 0.191406 0.149219 0.173438 0.000594197
0 0.282031 0.361719 0.2125 0.178125 0.000660845
0 0.375781 0.391406 0.253125 0.55625 0.000705093
0 0.671094 0.397266 0.214062 0.469531 0.000717627
0 0.169141 0.480078 0.214844 0.471094 0.000740674
0 0.790625 0.564453 0.21875 0.421094 0.000815104
0 0.658594 0.656641 0.267188 0.199219 0.000883073
0 0.325781 0.321484 0.209375 0.189844 0.000949176
0 0.285156 0.559766 0.1375 0.207031 0.000959788
0 0.236328 0.385547 0.133594 0.172656 0.000966379
0 0.332812 0.397656 0.2375 0.335938 0.000967432
0 0.383203 0.312109 0.217969 0.269531 0.00100536
0 0.959766 0.557031 0.0804688 0.6375 0.00126044
0 0.329297 0.601562 0.166406 0.2625 0.00129352
0 0.910937 0.516016 0.171875 0.366406 0.00141172
0 0.205859 0.399219 0.128906 0.228125 0.00144681
0 0.663672 0.560547 0.266406 0.471094 0.002775
0 0.798047 0.405078 0.321094 0.553906 0.00292472
0 0.352344 0.242188 0.240625 0.310937 0.00393472
0 0.242188 0.360156 0.185937 0.270312 0.00452301
0 0.189844 0.608984 0.254687 0.249219 0.0045579
0 0.753906 0.482031 0.2125 0.407813 0.00521944
0 0.239844 0.401563 0.23125 0.45 0.00760785
0 0.318359 0.541406 0.228906 0.3625 0.00764481
0 0.927344 0.517187 0.14375 0.645312 0.00876357
0 0.699609 0.678516 0.311719 0.332031 0.00932357
0 0.728906 0.369141 0.204688 0.400781 0.011346
0 0.857813 0.530859 0.28125 0.652344 0.0131893
0 0.301172 0.302734 0.280469 0.364844 0.0169296
0 0.266016 0.596875 0.217969 0.229687 0.0247551
0 0.233984 0.547656 0.291406 0.357812 0.0534605
0 0.723828 0.480078 0.269531 0.638281 0.190421
0 0.276563 0.428516 0.339063 0.621094 0.220746
