0 0.0160156 0.633594 0.0289063 0.229687 0.000104977
0 0.0929687 0.926953 0.185937 0.146094 0.00010637
0 0.209766 0.480859 0.166406 0.403906 0.000109193
0 0.369922 0.336328 0.167969 0.175781 0.000109224
0 0.425 0.242188 0.151562 0.203125 0.000109973
0 0.816797 0.365625 0.0789063 0.139062 0.000110744
0 0.297266 0.528516 0.116406 0.169531 0.000111834
0 0.424609 0.559375 0.161719 0.409375 0.000112738
0 0.758984 0.405859 0.135156 0.217969 0.000114017
0 0.342578 0.697266 0.0898438 0.107031 0.000114582
0 0.682422 0.220703 0.0914062 0.105469 0.000116438
0 0.222656 0.0921875 0.209375 0.18125 0.000116674
0 0.928516 0.962109 0.138281 0.0757812 0.000116923
0 0.409375 0.359766 0.126563 0.188281 0.000119549
0 0.657812 0.4 0.195312 0.265625 0.000122351
0 0.842578 0.716406 0.213281 0.214062 0.000122704
0 0.128906 0.814844 0.251563 0.332812 0.000124507
0 0.241406 0.0363281 0.204688 0.0726563 0.000126982
0 0.240625 0.192578 0.242188 0.358594 0.000129402
0 0.0726563 0.826563 0.139062 0.195312 0.000130395
0 0.0203125 0.777734 0.040625 0.263281 0.00013197
0 0.965625 0.85 0.0671875 0.295312 0.000134385
0 0.243359 0.305469 0.185156 0.275 0.00013705
0 0.742969 0.341797 0.125 0.244531 0.000140667
0 0.761719 0.654688 0.148438 0.204688 0.00014593
0 0.708594 0.246094 0.285937 0.251563 0.000146273
0 0.248047 0.470703 0.103906 0.188281 0.000147101
0 0.0199219 0.860937 0.0398437 0.201562 0.000147713
0 0.224219 0.634766 0.104687 0.191406 0.000149203
0 0.680469 0.275781 0.146875 0.178125 0.000150817
0 0.823438 0.532812 0.0859375 0.0921875 0.000153361
0 0.259766 0.511328 0.0867188 0.0992187 0.000159476
0 0.741797 0.255078 0.0835937 0.0960938 0.000165124
0 0.463672 0.26875 0.288281 0.348437 0.00016757
0 0.0546875 0.696484 0.109375 0.257031 0.00016809
0 0.0886719 0.489062 0.177344 0.7 0.000169551
0 0.401563 0.383984 0.167187 0.286719 0.000169687
0 0.36875 0.266016 0.09375 0.113281 0.000174013
0 0.550391 0.527734 0.461719 0.846094 0.00017421
0 0.803516 0.385156 0.113281 0.221875 0.000181099
0 0.674609 0.552734 0.332031 0.474219 0.000182888
0 0.929297 0.653125 0.136719 0.342187 0.000193592
0 0.137891 0.632422 0.275781 0.732031 0.000194545
0 0.719922 0.430078 0.163281 0.172656 0.000195314
0 0.271484 0.357812 0.128906 0.234375 0.000195421
0 0.383203 0.657812 0.132031 0.18125 0.000200269
0 0.319531 0.680469 0.090625 0.104687 0.000206876
0 0.217187 0.739844 0.179688 0.215625 0.000210042
0 0.38125 0.717969 0.170312 0.176563 0.000216534
0 0.389062 0.478125 0.190625 0.523438 0.000221181
0 0.738281 0.572266 0.148438 0.191406 0.000251708
0 0.779297 0.322656 0.110156 0.1875 0.000253208
0 0.910937 0.941406 0.178125 0.117188 0.000260169
0 0.9625 0.729297 0.0734375 0.478906 0.000261868
0 0.322266 0.385547 0.310156 0.507031 0.000267077
0 0.0324219 0.7375 0.0632813 0.254687 0.000270067
0 0.935156 0.896484 0.126563 0.207031 0.000271188
0 0.243359 0.592578 0.113281 0.205469 0.000272149
0 0.679297 0.203125 0.142969 0.139062 0.00027219
0 0.386328 0.299219 0.0882813 0.1 0.000294338
0 0.850781 0.824609 0.298438 0.339844 0.000296538
0 0.344922 0.220703 0.221094 0.183594 0.000302463
0 0.815625 0.476172 0.284375 0.413281 0.000306969
0 0.353906 0.159375 0.328125 0.298438 0.000315553
0 0.233984 0.558203 0.297656 0.527344 0.000341975
0 0.277734 0.489453 0.110156 0.155469 0.000356212
0 0.345313 0.639453 0.14375 0.207031 0.000364509
0 0.273828 0.123438 0.233594 0.246875 0.000388394
0 0.701172 0.532031 0.192969 0.1875 0.000406128
0 0.261328 0.0632813 0.203906 0.126563 0.000440283
0 0.276953 0.592188 0.135156 0.26875 0.00044035
0 0.819141 0.516797 0.127344 0.132031 0.000483373
0 0.842578 0.553906 0.0804688 0.08125 0.000485898
0 0.783203 0.697266 0.208594 0.205469 0.000490576
0 0.782422 0.591406 0.152344 0.184375 0.000490614
0 0.708594 0.68125 0.192188 0.25 0.000507583
0 0.380859 0.611328 0.177344 0.310156 0.000541238
0 0.213281 0.645703 0.146875 0.338281 0.00054534
0 0.7 0.307031 0.207813 0.2875 0.000560864
0 0.860937 0.576953 0.075 0.0914062 0.000563517
0 0.680469 0.461328 0.192188 0.230469 0.000578886
0 0.780469 0.532812 0.148438 0.159375 0.000683711
0 0.757031 0.267188 0.1375 0.173438 0.000687507
0 0.297656 0.723047 0.2375 0.205469 0.000706136
0 0.0589844 0.888672 0.117969 0.216406 0.000726121
0 0.780078 0.496094 0.211719 0.159375 0.000794377
0 0.258984 0.525781 0.111719 0.209375 0.000814855
0 0.333984 0.296484 0.200781 0.205469 0.00089419
0 0.0390625 0.850781 0.0765625 0.240625 0.00091399
0 0.267578 0.444922 0.125781 0.291406 0.000919311
0 0.0300781 0.571094 0.0601562 0.5375 0.000922187
0 0.302734 0.6625 0.164844 0.170312 0.000964869
0 0.860156 0.595312 0.107813 0.139062 0.00116271
0 0.707031 0.598828 0.235938 0.271094 0.0013551
0 0.839063 0.553906 0.11875 0.123438 0.00140295
0 0.923047 0.780078 0.153906 0.427344 0.00151811
0 0.416016 0.305469 0.164844 0.209375 0.00162843
0 0.819922 0.478516 0.175781 0.277344 0.00191242
0 0.0390625 0.730859 0.078125 0.438281 0.00206871
0 0.760156 0.771484 0.301562 0.403906 0.00219486
0 0.340234 0.553516 0.228906 0.416406 0.00226295
0 0.877734 0.649609 0.183594 0.291406 0.00232233
0 0.0644531 0.785937 0.128906 0.373437 0.00275012
0 0.250781 0.685156 0.170312 0.2375 0.00303486
0 0.81875 0.553906 0.178125 0.165625 0.003079
0 0.371484 0.24375 0.296094 0.28125 0.00339336
0 0.276953 0.486719 0.158594 0.475 0.0035407
0 0.744141 0.371875 0.242969 0.396875 0.00396783
0 0.246484 0.558594 0.138281 0.367188 0.00484956
0 0.0554687 0.636719 0.110937 0.64375 0.00486879
0 0.711328 0.242969 0.172656 0.176563 0.00526726
0 0.342578 0.689453 0.194531 0.192969 0.00563593
0 0.747656 0.478516 0.25625 0.271094 0.0062464
0 0.832812 0.607813 0.1875 0.215625 0.00975603
0 0.287109 0.636719 0.217969 0.289062 0.0111916
0 0.765625 0.555078 0.267188 0.224219 0.0224439
0 0.379297 0.269141 0.185156 0.214844 0.0265768
0 0.840234 0.705859 0.277344 0.410156 0.0297967
0 0.791016 0.625 0.274219 0.3 0.0770358
