0 0.967188 0.316797 0.065625 0.633594 0.000103626
0 0.224219 0.0375 0.315625 0.075 0.000107373
0 0.696484 0.551562 0.0898438 0.107813 0.000108568
0 0.0304688 0.4 0.059375 0.317187 0.00011312
0 0.359766 0.408594 0.113281 0.126563 0.000114076
0 0.299609 0.573828 0.0898438 0.105469 0.000119268
0 0.239063 0.407422 0.142188 0.175781 0.000123591
0 0.742188 0.617188 0.33125 0.25 0.000129124
0 0.215625 0.574219 0.090625 0.103125 0.000132344
0 0.739062 0.493359 0.148438 0.216406 0.00013329
0 0.183594 0.1 0.367188 0.2 0.000135765
0 0.0730469 0.114844 0.146094 0.229687 0.000144654
0 0.267578 0.321094 0.141406 0.14375 0.000154599
0 0.678125 0.472266 0.157813 0.192969 0.000157683
0 0.858203 0.592188 0.0851562 0.1125 0.000170823
0 0.0664062 0.0621094 0.13125 0.124219 0.000172918
0 0.199219 0.430078 0.0984375 0.132031 0.000183575
0 0.801953 0.407422 0.127344 0.225781 0.000184022
0 0.804688 0.556641 0.0890625 0.113281 0.000191543
0 0.348047 0.451172 0.133594 0.208594 0.000196748
0 0.284766 0.472266 0.219531 0.219531 0.000202976
0 0.661328 0.584375 0.175781 0.207813 0.000204733
0 0.828125 0.582422 0.289062 0.314844 0.000206416
0 0.0660156 0.684375 0.132031 0.63125 0.000207082
0 0.718359 0.430469 0.164844 0.179688 0.000218353
0 0.182422 0.59375 0.117969 0.157813 0.000219119
0 0.2625 0.604688 0.151562 0.157813 0.000268136
0 0.784375 0.494141 0.145313 0.250781 0.00028366
0 0.203125 0.622656 0.184375 0.196875 0.00032197
0 0.867969 0.530078 0.15 0.272656 0.000326864
0 0.388281 0.61875 0.126563 0.190625 0.000340472
0 0.242969 0.657422 0.35 0.349219 0.000356282
0 0.728906 0.335938 0.204688 0.248437 0.00035762
0 0.146875 0.0648438 0.290625 0.126563 0.000412983
0 0.796875 0.341406 0.090625 0.1 0.000467013
0 0.692578 0.540234 0.291406 0.286719 0.000482025
0 0.208594 0.439063 0.13125 0.198437 0.000535196
0 0.821484 0.470703 0.117969 0.257031 0.000535515
0 0.242188 0.535156 0.148438 0.19375 0.000542033
0 0.296094 0.331641 0.204688 0.235156 0.000545326
0 0.776563 0.355078 0.134375 0.146094 0.000566354
0 0.761328 0.553125 0.147656 0.160938 0.000704619
0 0.240234 0.409375 0.199219 0.334375 0.000718641
0 0.303906 0.534375 0.15 0.185937 0.000788244
0 0.839844 0.575 0.0890625 0.103125 0.000807052
0 0.220313 0.575 0.140625 0.142188 0.000886763
0 0.85625 0.592578 0.123438 0.155469 0.000950204
0 0.196484 0.548047 0.139844 0.221094 0.000982882
0 0.383203 0.536719 0.141406 0.257812 0.00101259
0 0.701563 0.446094 0.214062 0.321875 0.00121945
0 0.821875 0.535547 0.15 0.197656 0.0026873
0 0.3375 0.571875 0.196875 0.173438 0.00289054
0 0.692187 0.538672 0.19375 0.214844 0.00437701
0 0.298828 0.621484 0.299219 0.219531 0.00516323
0 0.820312 0.477344 0.189063 0.334375 0.00604814
0 0.245703 0.574219 0.235156 0.173438 0.00712426
0 0.808984 0.58125 0.197656 0.167187 0.00796525
0 0.76875 0.426953 0.270312 0.414844 0.00816463
0 0.336719 0.491797 0.214062 0.294531 0.0127805
0 0.294922 0.425391 0.280469 0.439844 0.018435
0 0.766797 0.542188 0.267969 0.229687 0.0866569
0 0.288281 0.547266 0.275 0.258594 0.212792
