0 0.739453 0.776953 0.135156 0.171094 0.000101389
0 0.860547 0.468359 0.221094 0.661719 0.000102343
0 0.955859 0.316406 0.0835937 0.632812 0.000104413
0 0.379687 0.0824219 0.428125 0.164844 0.000104821
0 0.439844 0.155078 0.246875 0.310156 0.000106567
0 0.139453 0.749219 0.233594 0.376563 0.000113691
0 0.439453 0.307813 0.349219 0.434375 0.000114523
0 0.448047 0.657422 0.407031 0.685156 0.000119623
0 0.761719 0.697266 0.0890625 0.110156 0.000124627
0 0.287109 0.142578 0.485156 0.285156 0.000125735
0 0.282813 0.193359 0.0421875 0.0539063 0.000125916
0 0.202344 0.532422 0.125 0.239844 0.000126078
0 0.392969 0.365625 0.185937 0.210938 0.000126085
0 0.0320312 0.439453 0.0625 0.772656 0.000130773
0 0.170703 0.572266 0.197656 0.424219 0.000133724
0 0.764453 0.6 0.146094 0.204688 0.000144982
0 0.816016 0.619531 0.108594 0.215625 0.000145918
0 0.0585938 0.3875 0.117188 0.76875 0.000149712
0 0.537891 0.0847656 0.391406 0.169531 0.000150047
0 0.180859 0.551953 0.300781 0.564844 0.000154919
0 0.114844 0.463281 0.217187 0.659375 0.00016284
0 0.258203 0.556641 0.142969 0.253906 0.000177021
0 0.803906 0.490625 0.109375 0.2 0.000177152
0 0.273438 0.402344 0.246875 0.453125 0.000217612
0 0.227734 0.391016 0.128906 0.247656 0.000230201
0 0.319922 0.655469 0.147656 0.214062 0.000263337
0 0.238281 0.690625 0.145313 0.204688 0.00026817
0 0.724219 0.68125 0.146875 0.190625 0.000272624
0 0.658594 0.703125 0.153125 0.201562 0.000281369
0 0.701172 0.755859 0.141406 0.186719 0.00031001
0 0.782422 0.680859 0.0882813 0.111719 0.000320989
0 0.691797 0.184375 0.446094 0.365625 0.000338129
0 0.7875 0.554688 0.115625 0.198437 0.000405292
0 0.730078 0.786719 0.221094 0.240625 0.000407762
0 0.183594 0.637891 0.132812 0.247656 0.000417793
0 0.821094 0.760547 0.210938 0.308594 0.000431136
0 0.814062 0.713672 0.146875 0.197656 0.000455498
0 0.386328 0.207422 0.402344 0.394531 0.000589455
0 0.221094 0.597656 0.14375 0.260938 0.000633102
0 0.682813 0.795313 0.314063 0.392188 0.000658284
0 0.299219 0.594922 0.198437 0.208594 0.000735803
0 0.522656 0.191406 0.40625 0.382812 0.000763376
0 0.741406 0.576953 0.267188 0.471094 0.000939588
0 0.758984 0.733594 0.142969 0.20625 0.00100145
0 0.260156 0.638672 0.151562 0.211719 0.0011473
0 0.804688 0.535156 0.134375 0.41875 0.00131081
0 0.825391 0.645703 0.158594 0.294531 0.00158734
0 0.230859 0.498828 0.186719 0.446094 0.00177428
0 0.190625 0.68125 0.2 0.275 0.00348732
0 0.296875 0.577344 0.259375 0.35625 0.00373966
0 0.782031 0.678906 0.139062 0.175 0.00558122
0 0.294141 0.675 0.244531 0.2625 0.00659843
0 0.704297 0.726172 0.217969 0.233594 0.00779272
0 0.773438 0.615234 0.1875 0.319531 0.015984
0 0.761328 0.701953 0.221094 0.258594 0.0820921
0 0.240625 0.635156 0.232812 0.295312 0.0874335
