0 0.681641 0.708594 0.339844 0.582812 0.000100822
0 0.197266 0.883594 0.135156 0.178125 0.000101176
0 0.735156 0.740625 0.103125 0.121875 0.000101443
0 0.763672 0.445312 0.192969 0.251563 0.000102849
0 0.233984 0.569141 0.0898438 0.116406 0.000104629
0 0.719141 0.397656 0.247656 0.275 0.000112264
0 0.34375 0.673047 0.146875 0.139844 0.000122895
0 0.264062 0.720703 0.185937 0.191406 0.000123957
0 0.379297 0.7375 0.0867188 0.0953125 0.000129541
0 0.346484 0.763281 0.0835937 0.104687 0.000129615
0 0.943359 0.769922 0.113281 0.460156 0.00013818
0 0.887109 0.938672 0.163281 0.122656 0.000141461
0 0.35625 0.481641 0.276563 0.455469 0.000146285
0 0.759766 0.821094 0.133594 0.259375 0.000151351
0 0.367578 0.478906 0.207031 0.24375 0.000163989
0 0.212891 0.610156 0.153906 0.465625 0.000171886
0 0.203516 0.771094 0.0945313 0.14375 0.00018583
0 0.380078 0.608594 0.199219 0.339063 0.000203314
0 0.375391 0.914453 0.228906 0.166406 0.000210586
0 0.823828 0.861328 0.136719 0.230469 0.000216003
0 0.771094 0.919141 0.234375 0.161719 0.000224426
0 0.782031 0.883984 0.1375 0.169531 0.000224717
0 0.688281 0.705078 0.2125 0.424219 0.000228167
0 0.383203 0.701172 0.130469 0.207031 0.000237767
0 0.325 0.720703 0.196875 0.207031 0.000248579
0 0.805859 0.779688 0.180469 0.190625 0.00025465
0 0.980469 0.726562 0.0390625 0.442187 0.000263181
0 0.702734 0.822656 0.164844 0.301562 0.000266891
0 0.845312 0.696875 0.1375 0.20625 0.00027353
0 0.866016 0.607031 0.171094 0.342187 0.000275796
0 0.699609 0.904297 0.161719 0.188281 0.000288336
0 0.297266 0.895703 0.314844 0.208594 0.000290929
0 0.237891 0.563672 0.125781 0.253906 0.000318508
0 0.301953 0.798437 0.152344 0.1875 0.000322296
0 0.846875 0.784766 0.090625 0.107031 0.000342545
0 0.708203 0.528516 0.377344 0.646094 0.000351725
0 0.411719 0.730859 0.167187 0.342969 0.000352706
0 0.900391 0.861719 0.171094 0.276563 0.000362724
0 0.279297 0.569531 0.263281 0.364062 0.000368303
0 0.401172 0.795703 0.300781 0.355469 0.000381264
0 0.859375 0.909375 0.220313 0.171875 0.000386335
0 0.405078 0.858594 0.197656 0.270312 0.000468597
0 0.807813 0.574219 0.142188 0.21875 0.000579947
0 0.242578 0.782422 0.178906 0.203906 0.00059706
0 0.745313 0.599609 0.2875 0.375781 0.000792908
0 0.742188 0.769922 0.201562 0.367969 0.000811909
0 0.843359 0.613281 0.133594 0.225 0.000906096
0 0.766406 0.494922 0.26875 0.372656 0.000989418
0 0.204688 0.816797 0.132812 0.180469 0.00100378
0 0.872656 0.728125 0.1625 0.357812 0.00163083
0 0.845312 0.782031 0.132812 0.15625 0.00165147
0 0.740625 0.871875 0.20625 0.235938 0.00181039
0 0.366797 0.761328 0.139844 0.211719 0.00201444
0 0.247266 0.695703 0.222656 0.413281 0.00227274
0 0.851562 0.808984 0.175 0.274219 0.00447747
0 0.254687 0.837109 0.25 0.235156 0.0045958
0 0.803906 0.853516 0.2375 0.272656 0.00482689
0 0.8125 0.56875 0.2 0.323438 0.00646974
0 0.340234 0.691406 0.255469 0.401563 0.00688172
0 0.35 0.802344 0.20625 0.235938 0.00883653
0 0.840625 0.682031 0.201562 0.53125 0.0207232
0 0.298047 0.776563 0.294531 0.310937 0.0944797
0 0.302344 0.623828 0.326562 0.624219 0.212835
0 0.775781 0.643359 0.314063 0.674219 0.325491
