0 0.296484 0.573438 0.0882813 0.110937 0.000105818
0 0.917969 0.713672 0.117188 0.172656 0.000107281
0 0.881641 0.619141 0.236719 0.342969 0.000115042
0 0.344141 0.305469 0.0945313 0.10625 0.000118667
0 0.358984 0.279297 0.0914062 0.105469 0.000122224
0 0.352344 0.307031 0.123438 0.173438 0.000134794
0 0.424219 0.627734 0.139062 0.128906 0.000139684
0 0.782031 0.580078 0.182812 0.207031 0.000139882
0 0.341016 0.594141 0.149219 0.153906 0.00014493
0 0.334766 0.467578 0.127344 0.191406 0.000145746
0 0.421875 0.537109 0.15 0.244531 0.00014831
0 0.766797 0.290625 0.177344 0.196875 0.000154443
0 0.847266 0.408594 0.0898438 0.120312 0.000162703
0 0.9 0.573828 0.117188 0.277344 0.000163294
0 0.825391 0.505859 0.122656 0.138281 0.000182708
0 0.814844 0.357031 0.0671875 0.0859375 0.000198383
0 0.278906 0.595703 0.0875 0.116406 0.000202691
0 0.851953 0.346484 0.0695312 0.0867188 0.000210243
0 0.811719 0.403125 0.148438 0.203125 0.000220144
0 0.257812 0.607031 0.284375 0.329688 0.000224874
0 0.805078 0.257422 0.0726563 0.0726563 0.000227604
0 0.873828 0.469531 0.121094 0.240625 0.000238653
0 0.286719 0.534375 0.08125 0.10625 0.00023965
0 0.771484 0.378516 0.185156 0.267969 0.00024855
0 0.297656 0.630469 0.132812 0.148438 0.000261128
0 0.405469 0.595312 0.0890625 0.09375 0.000307129
0 0.850391 0.449219 0.0867188 0.109375 0.000311915
0 0.338281 0.367578 0.121875 0.175781 0.000317454
0 0.819531 0.654297 0.146875 0.196094 0.000341425
0 0.813672 0.703516 0.255469 0.221094 0.000373404
0 0.319922 0.404297 0.0914062 0.0929687 0.000378039
0 0.814453 0.281641 0.0992187 0.138281 0.000458023
0 0.864453 0.552344 0.136719 0.285937 0.000479584
0 0.810156 0.963672 0.30625 0.0726563 0.000522494
0 0.914062 0.564844 0.160938 0.410937 0.000531869
0 0.741406 0.673437 0.203125 0.198437 0.000626634
0 0.425781 0.58125 0.120312 0.14375 0.00065866
0 0.358594 0.495313 0.276563 0.415625 0.000665495
0 0.848047 0.464844 0.119531 0.175 0.000776849
0 0.821484 0.33125 0.130469 0.201562 0.00093052
0 0.744922 0.583594 0.191406 0.301562 0.00116252
0 0.794141 0.482812 0.236719 0.492188 0.00116651
0 0.286719 0.536719 0.103125 0.1875 0.00117305
0 0.301172 0.490625 0.108594 0.2125 0.00121446
0 0.913672 0.648828 0.133594 0.233594 0.00133926
0 0.320312 0.408594 0.117188 0.18125 0.00162843
0 0.777734 0.637109 0.146094 0.199219 0.00177237
0 0.390234 0.601562 0.175781 0.142188 0.00270291
0 0.855078 0.404297 0.114844 0.196094 0.00272361
0 0.827734 0.334375 0.0867188 0.107813 0.00322649
0 0.329297 0.492578 0.174219 0.316406 0.0050755
0 0.272266 0.600391 0.135156 0.221094 0.00531176
0 0.839453 0.363672 0.108594 0.128906 0.00747426
0 0.892187 0.690234 0.104687 0.130469 0.0088742
0 0.347656 0.595312 0.239063 0.195312 0.00893927
0 0.875781 0.674219 0.16875 0.18125 0.00973139
0 0.849219 0.462109 0.146875 0.342969 0.0186756
0 0.850781 0.539844 0.203125 0.432813 0.0247859
0 0.297656 0.549219 0.153125 0.271875 0.0261337
0 0.792188 0.635938 0.251563 0.248437 0.040263
