0 0.387891 0.744531 0.182031 0.170312 0.000102025
0 0.825 0.0707031 0.146875 0.136719 0.000104835
0 0.278906 0.720312 0.225 0.184375 0.000115662
0 0.280859 0.850781 0.355469 0.271875 0.000118415
0 0.944922 0.0542969 0.110156 0.105469 0.000121971
0 0.187109 0.453516 0.299219 0.785156 0.000124015
0 0.361328 0.0328125 0.249219 0.0625 0.000126348
0 0.841797 0.817969 0.0820312 0.1 0.00012842
0 0.0402344 0.0671875 0.0789063 0.13125 0.00013077
0 0.730078 0.823438 0.324219 0.29375 0.000137196
0 0.352344 0.839844 0.229687 0.182812 0.000149016
0 0.0578125 0.0335938 0.1125 0.0609375 0.000154975
0 0.873047 0.692187 0.155469 0.310937 0.000158786
0 0.152344 0.577344 0.173438 0.489062 0.000161406
0 0.785937 0.760547 0.140625 0.183594 0.000162644
0 0.864844 0.0203125 0.19375 0.0390625 0.000168451
0 0.890234 0.791406 0.127344 0.248437 0.000171123
0 0.719922 0.0210938 0.227344 0.040625 0.000186429
0 0.802344 0.819531 0.126563 0.142188 0.000193496
0 0.343359 0.737109 0.224219 0.222656 0.000195571
0 0.565625 0.0363281 0.396875 0.0710938 0.000201964
0 0.198828 0.144922 0.397656 0.289844 0.000205688
0 0.546094 0.135156 0.5125 0.25625 0.00021082
0 0.925391 0.09375 0.149219 0.182812 0.000212592
0 0.808984 0.133203 0.299219 0.266406 0.000227422
0 0.719531 0.776172 0.140625 0.166406 0.000242192
0 0.529297 0.484766 0.471094 0.902344 0.00024548
0 0.733594 0.671875 0.23125 0.339063 0.000248742
0 0.802344 0.0199219 0.182812 0.0382813 0.000262999
0 0.280859 0.0222656 0.244531 0.0414063 0.000265382
0 0.828125 0.736328 0.090625 0.105469 0.000270505
0 0.185547 0.7875 0.244531 0.310937 0.000318872
0 0.0984375 0.0210938 0.196875 0.040625 0.000319386
0 0.0789063 0.0859375 0.15625 0.165625 0.000326266
0 0.35625 0.137109 0.473437 0.271094 0.000329126
0 0.900781 0.0355469 0.198437 0.0679687 0.000351694
0 0.686719 0.733594 0.18125 0.232812 0.000352418
0 0.144141 0.738281 0.135156 0.21875 0.000458975
0 0.354297 0.783984 0.183594 0.138281 0.000475129
0 0.690234 0.0363281 0.355469 0.0726563 0.000505568
0 0.847266 0.828906 0.128906 0.148438 0.00052642
0 0.441797 0.0949219 0.469531 0.189844 0.000596298
0 0.144922 0.0945313 0.289844 0.189063 0.000603803
0 0.132812 0.689453 0.185937 0.352344 0.000655556
0 0.100391 0.0515625 0.200781 0.0984375 0.000659432
0 0.239063 0.662891 0.259375 0.314844 0.000790766
0 0.812109 0.0378906 0.227344 0.0742188 0.00082464
0 0.193359 0.721094 0.144531 0.176563 0.000920045
0 0.182422 0.626172 0.185156 0.269531 0.000989949
0 0.272656 0.0371094 0.33125 0.0726563 0.00106469
0 0.143359 0.0347656 0.282031 0.0679687 0.00109206
0 0.263672 0.766406 0.299219 0.2125 0.00109351
0 0.825781 0.723047 0.15 0.149219 0.00117437
0 0.714844 0.0917969 0.3875 0.183594 0.0012068
0 0.346484 0.05625 0.400781 0.1125 0.00121504
0 0.633203 0.059375 0.441406 0.117188 0.00128791
0 0.8875 0.0625 0.225 0.125 0.00145143
0 0.818359 0.705859 0.194531 0.261719 0.00148672
0 0.799609 0.810156 0.197656 0.226562 0.00149456
0 0.274609 0.0839844 0.442969 0.167969 0.00194277
0 0.797656 0.0644531 0.298438 0.127344 0.0023926
0 0.198828 0.0582031 0.392969 0.114844 0.00268226
0 0.741797 0.769141 0.238281 0.224219 0.00324873
0 0.839844 0.771484 0.154687 0.213281 0.0127205
0 0.183984 0.7125 0.197656 0.265625 0.0166666
