0 0.139453 0.697656 0.0820312 0.117188 0.000100447
0 0.235547 0.228906 0.0570313 0.059375 0.000104751
0 0.284375 0.549609 0.0859375 0.107031 0.000107538
0 0.757422 0.703125 0.319531 0.464063 0.000112166
0 0.507812 0.394922 0.15 0.311719 0.000112757
0 0.150781 0.744922 0.204688 0.297656 0.000113862
0 0.7125 0.733594 0.0921875 0.140625 0.000114038
0 0.241797 0.428125 0.138281 0.223438 0.000114757
0 0.179297 0.340234 0.0835937 0.108594 0.000114773
0 0.299609 0.272266 0.135156 0.177344 0.000115842
0 0.689844 0.638672 0.0640625 0.116406 0.000116776
0 0.627734 0.353906 0.0789063 0.126563 0.000121002
0 0.675 0.616016 0.078125 0.111719 0.000122881
0 0.642187 0.426172 0.0703125 0.117969 0.000131493
0 0.537109 0.870313 0.360156 0.259375 0.000132911
0 0.264062 0.691016 0.14375 0.178906 0.000133073
0 0.141797 0.658594 0.0789063 0.117188 0.000134276
0 0.214062 0.300391 0.084375 0.111719 0.000135039
0 0.178125 0.40625 0.096875 0.192188 0.000138914
0 0.165234 0.363281 0.0882813 0.192188 0.00014318
0 0.216797 0.467578 0.132031 0.189844 0.000145535
0 0.377344 0.790625 0.414062 0.414062 0.00014583
0 0.329688 0.525781 0.207813 0.454688 0.000148149
0 0.227734 0.327734 0.289844 0.330469 0.000156136
0 0.564062 0.322266 0.170312 0.280469 0.000163622
0 0.611328 0.352344 0.119531 0.209375 0.00016563
0 0.660547 0.440234 0.0710938 0.127344 0.000168353
0 0.160938 0.532422 0.1 0.200781 0.000172379
0 0.297656 0.494922 0.109375 0.210156 0.000181123
0 0.594141 0.420703 0.291406 0.503906 0.000183378
0 0.576953 0.696094 0.133594 0.19375 0.00018546
0 0.196484 0.321094 0.0820312 0.107813 0.000193946
0 0.637891 0.612109 0.0820312 0.100781 0.000194302
0 0.533984 0.717969 0.208594 0.26875 0.000203847
0 0.204688 0.263672 0.090625 0.105469 0.000206454
0 0.127734 0.716797 0.0945313 0.189844 0.000210837
0 0.505078 0.520703 0.142969 0.211719 0.000214098
0 0.2625 0.767187 0.360938 0.371875 0.000215217
0 0.975391 0.805078 0.0492188 0.389844 0.000221963
0 0.112109 0.627734 0.110156 0.289844 0.000232022
0 0.196094 0.360547 0.104687 0.178906 0.000237163
0 0.292188 0.44375 0.171875 0.459375 0.000238614
0 0.630859 0.340234 0.0585938 0.0695312 0.000264899
0 0.700781 0.574609 0.139062 0.407031 0.000266026
0 0.567969 0.473437 0.13125 0.178125 0.000269662
0 0.258594 0.467187 0.123438 0.139062 0.000283245
0 0.657812 0.635156 0.0828125 0.110937 0.00031294
0 0.553906 0.632812 0.142188 0.25 0.000319068
0 0.614453 0.537109 0.147656 0.239844 0.000325135
0 0.198828 0.533594 0.138281 0.275 0.000332644
0 0.177344 0.468359 0.110937 0.219531 0.000342722
0 0.671875 0.555859 0.09375 0.246094 0.000345112
0 0.643359 0.446094 0.117969 0.25 0.000356717
0 0.175391 0.315625 0.0992187 0.1875 0.000372222
0 0.261719 0.638281 0.0859375 0.110937 0.000380667
0 0.616406 0.329297 0.06875 0.0835937 0.000401277
0 0.697656 0.698047 0.0765625 0.117969 0.000448666
0 0.623047 0.735937 0.335156 0.34375 0.000471813
0 0.329297 0.619922 0.322656 0.402344 0.000481231
0 0.219531 0.652344 0.151562 0.176563 0.000484225
0 0.254297 0.356641 0.171094 0.272656 0.00048468
0 0.160156 0.598047 0.110937 0.213281 0.00049079
0 0.532422 0.571875 0.141406 0.234375 0.000495126
0 0.230469 0.254297 0.0953125 0.0945313 0.000514783
0 0.324219 0.685938 0.215625 0.260938 0.0005399
0 0.678906 0.679297 0.08125 0.117969 0.000541936
0 0.252734 0.275 0.138281 0.142188 0.000603039
0 0.282422 0.551172 0.124219 0.199219 0.000641863
0 0.467969 0.7 0.3625 0.4125 0.000665058
0 0.6875 0.620313 0.0828125 0.220313 0.000707874
0 0.596875 0.635547 0.139062 0.230469 0.000849301
0 0.596094 0.417969 0.190625 0.3625 0.000907059
0 0.571484 0.553125 0.127344 0.248437 0.000928015
0 0.707422 0.657031 0.0945313 0.254687 0.000963477
0 0.504297 0.625391 0.236719 0.313281 0.00121041
0 0.537891 0.486328 0.163281 0.255469 0.00122706
0 0.637891 0.599609 0.136719 0.200781 0.00131384
0 0.227734 0.704687 0.267969 0.24375 0.0013839
0 0.630469 0.719141 0.226562 0.219531 0.00141552
0 0.183203 0.385156 0.125781 0.321875 0.001599
0 0.244141 0.575781 0.147656 0.270312 0.00163032
0 0.633984 0.496094 0.171094 0.44375 0.00179798
0 0.263672 0.635547 0.130469 0.172656 0.00271527
0 0.211719 0.314844 0.140625 0.201562 0.00287586
0 0.58125 0.671484 0.228125 0.263281 0.00418877
0 0.153516 0.675 0.133594 0.225 0.00434433
0 0.162891 0.532812 0.139844 0.395312 0.00443461
0 0.685156 0.705469 0.129688 0.189063 0.00453608
0 0.291797 0.571875 0.150781 0.329688 0.00638407
0 0.220703 0.429297 0.213281 0.482031 0.00785103
0 0.576953 0.570703 0.235156 0.357031 0.0127378
0 0.258594 0.637891 0.207813 0.252344 0.0214397
0 0.178906 0.620703 0.18125 0.307031 0.0232125
0 0.671094 0.644922 0.135937 0.263281 0.0405406
0 0.223828 0.557813 0.247656 0.398438 0.128413
0 0.626172 0.621094 0.214844 0.31875 0.201232
