0 0.976562 0.524219 0.046875 0.46875 0.000103709
0 0.0753906 0.0730469 0.149219 0.146094 0.000112383
0 0.813672 0.488281 0.130469 0.267188 0.000118295
0 0.135547 0.0605469 0.263281 0.121094 0.000131415
0 0.618359 0.482031 0.241406 0.504687 0.000131791
0 0.197266 0.0980469 0.369531 0.196094 0.0001338
0 0.219141 0.644922 0.153906 0.158594 0.000134588
0 0.771875 0.0375 0.345313 0.075 0.000138436
0 0.9625 0.102734 0.075 0.205469 0.000139524
0 0.379687 0.48125 0.210938 0.410937 0.000141844
0 0.725781 0.466016 0.190625 0.213281 0.000142738
0 0.105469 0.107422 0.210938 0.214844 0.000143275
0 0.737109 0.653906 0.146094 0.18125 0.000144692
0 0.692187 0.0601562 0.4125 0.120312 0.000156075
0 0.337109 0.219922 0.167969 0.294531 0.000159973
0 0.275781 0.630078 0.151562 0.171094 0.000162383
0 0.551562 0.610156 0.382812 0.68125 0.000166982
0 0.175391 0.447266 0.0882813 0.111719 0.000170427
0 0.932031 0.135937 0.135937 0.271875 0.000173218
0 0.142578 0.614453 0.135156 0.167969 0.000177189
0 0.240625 0.248047 0.171875 0.228906 0.000190071
0 0.695312 0.710156 0.257812 0.223438 0.000195284
0 0.302344 0.344141 0.123438 0.221094 0.000197155
0 0.766797 0.506641 0.138281 0.207031 0.000198307
0 0.595703 0.616016 0.211719 0.497656 0.000213901
0 0.651563 0.315625 0.129688 0.1875 0.00023092
0 0.219922 0.610547 0.0945313 0.0976562 0.0002313
0 0.621875 0.614062 0.1625 0.190625 0.000232765
0 0.758594 0.346875 0.125 0.18125 0.000247621
0 0.823828 0.0648438 0.263281 0.129688 0.000279684
0 0.135547 0.481641 0.153906 0.410156 0.000281738
0 0.539453 0.297266 0.374219 0.558594 0.000287848
0 0.655078 0.351172 0.186719 0.294531 0.000289593
0 0.714844 0.576563 0.145313 0.246875 0.000292387
0 0.925 0.0382813 0.15 0.0765625 0.00030711
0 0.233594 0.425781 0.154687 0.271875 0.000359424
0 0.700781 0.313672 0.19375 0.289844 0.000363747
0 0.299219 0.53125 0.140625 0.220313 0.000396291
0 0.166797 0.654297 0.199219 0.177344 0.000417905
0 0.214062 0.511328 0.154687 0.278906 0.000424151
0 0.727344 0.117969 0.45 0.235938 0.000428804
0 0.326953 0.605469 0.339844 0.360938 0.000436673
0 0.238281 0.344531 0.192188 0.189063 0.000444727
0 0.716016 0.228125 0.238281 0.34375 0.000445178
0 0.292969 0.251172 0.164062 0.275781 0.000476548
0 0.297266 0.592969 0.149219 0.159375 0.00051398
0 0.795313 0.193359 0.382812 0.386719 0.000526224
0 0.203125 0.575781 0.148438 0.176563 0.000535865
0 0.445703 0.471484 0.466406 0.708594 0.000576482
0 0.864062 0.040625 0.246875 0.0796875 0.000576668
0 0.182812 0.612109 0.145313 0.130469 0.000582225
0 0.3 0.357812 0.171875 0.332812 0.000593757
0 0.798828 0.597656 0.194531 0.348437 0.000623207
0 0.179297 0.369922 0.121094 0.222656 0.000627551
0 0.802344 0.391016 0.159375 0.394531 0.000682892
0 0.258594 0.596484 0.09375 0.0992187 0.00068731
0 0.908984 0.0691406 0.182031 0.138281 0.000838685
0 0.340625 0.528125 0.196875 0.285937 0.000845592
0 0.747266 0.408203 0.141406 0.230469 0.000953788
0 0.760547 0.321875 0.147656 0.339063 0.00104839
0 0.656641 0.667188 0.203906 0.2125 0.00109621
0 0.761328 0.405078 0.299219 0.571094 0.00133781
0 0.258984 0.558984 0.175781 0.177344 0.00135546
0 0.228125 0.661719 0.284375 0.215625 0.00149051
0 0.75 0.667969 0.240625 0.25625 0.001565
0 0.678125 0.385156 0.246875 0.50625 0.0016514
0 0.867578 0.0988281 0.264844 0.197656 0.00166473
0 0.315625 0.604688 0.220313 0.226562 0.00176513
0 0.35 0.382812 0.30625 0.595312 0.00183092
0 0.166797 0.560547 0.188281 0.278906 0.00203075
0 0.657031 0.576563 0.1875 0.284375 0.00241948
0 0.778906 0.446484 0.132812 0.210156 0.00298275
0 0.200391 0.373437 0.180469 0.3375 0.00338943
0 0.298438 0.480078 0.24375 0.396094 0.00359833
0 0.251172 0.362109 0.246094 0.450781 0.0044304
0 0.242188 0.598047 0.140625 0.136719 0.00588519
0 0.171484 0.442969 0.146094 0.301562 0.00777349
0 0.730078 0.537891 0.283594 0.436719 0.00795401
0 0.733984 0.407031 0.208594 0.403125 0.00951276
0 0.698828 0.624219 0.214844 0.239063 0.0195662
0 0.773438 0.478125 0.16875 0.367188 0.0337416
0 0.257812 0.557422 0.24375 0.261719 0.0345626
0 0.226562 0.608984 0.226562 0.172656 0.0511211
0 0.215625 0.470313 0.225 0.392188 0.120933
