0 0.774609 0.30625 0.0742188 0.10625 0.000100361
0 0.250391 0.268359 0.127344 0.150781 0.000102265
0 0.278906 0.299609 0.0890625 0.111719 0.000104572
0 0.773438 0.341406 0.065625 0.0859375 0.00010497
0 0.829687 0.485156 0.09375 0.182812 0.000107977
0 0.140234 0.615625 0.0726563 0.1125 0.000108415
0 0.315625 0.298828 0.134375 0.172656 0.000109369
0 0.587891 0.298047 0.0789063 0.0945313 0.00011047
0 0.840234 0.658984 0.0820312 0.105469 0.000114228
0 0.177344 0.341016 0.075 0.0929687 0.000116518
0 0.216016 0.341406 0.0726563 0.090625 0.000117347
0 0.716016 0.595312 0.0882813 0.103125 0.000117756
0 0.182422 0.708984 0.205469 0.183594 0.000120799
0 0.698047 0.612891 0.0867188 0.110156 0.000122653
0 0.609766 0.402344 0.113281 0.135937 0.000123003
0 0.603125 0.535937 0.109375 0.278125 0.000123688
0 0.260938 0.450391 0.123438 0.258594 0.000125586
0 0.740625 0.341016 0.0703125 0.0898438 0.000127429
0 0.738281 0.364062 0.09375 0.14375 0.000130764
0 0.363281 0.646875 0.14375 0.170312 0.000142219
0 0.238672 0.403516 0.111719 0.208594 0.000147587
0 0.325781 0.533203 0.126563 0.133594 0.000154748
0 0.176172 0.427344 0.100781 0.159375 0.000161821
0 0.137891 0.659766 0.0773437 0.116406 0.000164718
0 0.798437 0.408203 0.10625 0.178906 0.000169688
0 0.736719 0.614844 0.0890625 0.104687 0.000171104
0 0.761328 0.448047 0.0820312 0.0960938 0.000172316
0 0.779688 0.464063 0.084375 0.0953125 0.00017438
0 0.700781 0.353906 0.11875 0.1875 0.00018459
0 0.376172 0.479297 0.122656 0.235156 0.000184825
0 0.242578 0.614062 0.144531 0.220313 0.000189895
0 0.720312 0.284375 0.0703125 0.0859375 0.000198817
0 0.2625 0.378516 0.075 0.0835937 0.000204081
0 0.351562 0.445312 0.159375 0.340625 0.00020728
0 0.620313 0.306641 0.134375 0.152344 0.000216779
0 0.716797 0.320703 0.0664062 0.0789063 0.000221432
0 0.364844 0.524219 0.109375 0.139062 0.000223574
0 0.158594 0.46875 0.103125 0.195312 0.000227046
0 0.739453 0.557031 0.205469 0.196875 0.000243567
0 0.195703 0.321484 0.0742188 0.0914062 0.000255178
0 0.814062 0.676172 0.2875 0.291406 0.000255708
0 0.172266 0.673828 0.141406 0.163281 0.00026344
0 0.671094 0.490234 0.126563 0.174219 0.000264799
0 0.677734 0.674219 0.330469 0.325 0.000267115
0 0.717578 0.446875 0.158594 0.157813 0.000278897
0 0.367188 0.575 0.117188 0.170312 0.000279781
0 0.762109 0.345703 0.0882813 0.130469 0.000283797
0 0.738281 0.707031 0.295312 0.209375 0.000289501
0 0.198828 0.53125 0.130469 0.210938 0.000301298
0 0.624609 0.478906 0.144531 0.185937 0.000326402
0 0.8 0.466406 0.103125 0.151562 0.000343965
0 0.236328 0.408203 0.280469 0.452344 0.000346116
0 0.321094 0.374609 0.157813 0.275781 0.000372031
0 0.724609 0.319531 0.132031 0.1625 0.000376615
0 0.760938 0.323047 0.065625 0.0914062 0.000389021
0 0.198828 0.320312 0.110156 0.15 0.000436184
0 0.840625 0.674219 0.125 0.151562 0.000472617
0 0.142578 0.555469 0.0945313 0.253125 0.000480548
0 0.260156 0.362109 0.107813 0.130469 0.000480755
0 0.73125 0.312891 0.0859375 0.110156 0.000491864
0 0.267578 0.666406 0.291406 0.2125 0.000499511
0 0.278125 0.265234 0.110937 0.110156 0.000521819
0 0.655469 0.4125 0.16875 0.210938 0.00052996
0 0.349609 0.528125 0.147656 0.2125 0.000539005
0 0.801562 0.484375 0.134375 0.239063 0.000605548
0 0.177344 0.596484 0.1375 0.219531 0.000623693
0 0.676562 0.580078 0.14375 0.177344 0.000651036
0 0.63125 0.566406 0.151562 0.192188 0.000730973
0 0.264062 0.392578 0.175 0.328906 0.000752094
0 0.186328 0.396484 0.135156 0.241406 0.000807215
0 0.304297 0.482812 0.199219 0.392188 0.000843064
0 0.769141 0.446094 0.133594 0.148438 0.000843355
0 0.128906 0.676953 0.103125 0.191406 0.000859166
0 0.727734 0.447266 0.217969 0.277344 0.000912726
0 0.239063 0.344922 0.15625 0.191406 0.000916092
0 0.8375 0.609375 0.14375 0.267188 0.00101699
0 0.260547 0.553125 0.141406 0.184375 0.0010907
0 0.798047 0.638281 0.146094 0.160938 0.00121461
0 0.669922 0.658984 0.199219 0.196094 0.00156606
0 0.643359 0.6125 0.210156 0.198437 0.00175782
0 0.666406 0.488281 0.19375 0.248437 0.00207169
0 0.322656 0.622656 0.192188 0.232812 0.00287438
0 0.798828 0.567969 0.188281 0.321875 0.00334408
0 0.157813 0.532422 0.1375 0.385156 0.00341583
0 0.719922 0.616016 0.146094 0.164844 0.00353825
0 0.271094 0.307031 0.129688 0.192188 0.00362918
0 0.239453 0.522266 0.0773437 0.0867188 0.00393557
0 0.797266 0.671094 0.222656 0.185937 0.00491508
0 0.233203 0.500391 0.142969 0.238281 0.00659623
0 0.221484 0.492578 0.202344 0.388281 0.0075265
0 0.147656 0.633203 0.121875 0.252344 0.00764404
0 0.726562 0.533203 0.290625 0.353906 0.00807953
0 0.238281 0.517969 0.110937 0.123438 0.0102386
0 0.677734 0.565625 0.225781 0.24375 0.01062
0 0.262109 0.573047 0.217969 0.275781 0.0125112
0 0.207031 0.607813 0.234375 0.290625 0.0243565
0 0.728906 0.624609 0.271875 0.207031 0.107447
