0 0.25 0.719922 0.0828125 0.100781 0.000100107
0 0.142188 0.780859 0.203125 0.314844 0.000102236
0 0.9 0.0503906 0.2 0.100781 0.000102274
0 0.21875 0.460547 0.120312 0.258594 0.000102678
0 0.288672 0.346484 0.116406 0.152344 0.000104003
0 0.776953 0.890625 0.0507812 0.059375 0.000107935
0 0.724219 0.795703 0.164062 0.175781 0.000110051
0 0.724219 0.741016 0.134375 0.197656 0.000110966
0 0.671875 0.451172 0.176563 0.213281 0.000113692
0 0.235547 0.247656 0.0476562 0.059375 0.000113821
0 0.667578 0.5625 0.203906 0.29375 0.000115776
0 0.779688 0.589063 0.0890625 0.110937 0.000119816
0 0.379687 0.255078 0.129688 0.138281 0.000122957
0 0.657031 0.721484 0.196875 0.213281 0.000123325
0 0.233203 0.523047 0.199219 0.578906 0.000128058
0 0.359375 0.383203 0.123438 0.142969 0.000131091
0 0.332031 0.692578 0.15625 0.208594 0.000136288
0 0.636328 0.481641 0.0851562 0.100781 0.000137996
0 0.796484 0.734375 0.132031 0.184375 0.000139295
0 0.380859 0.299609 0.0867188 0.0945313 0.000143327
0 0.728516 0.509766 0.277344 0.508594 0.000147023
0 0.930078 0.0355469 0.139844 0.0710938 0.000151478
0 0.176953 0.640234 0.183594 0.460156 0.0001525
0 0.348047 0.519141 0.128906 0.150781 0.000156881
0 0.726562 0.655469 0.139062 0.26875 0.000163618
0 0.282031 0.658594 0.132812 0.214062 0.000172956
0 0.796484 0.798828 0.177344 0.210156 0.000181516
0 0.686328 0.310156 0.0804688 0.109375 0.000205045
0 0.757031 0.778906 0.0875 0.104687 0.000239944
0 0.324609 0.45625 0.166406 0.34375 0.000255948
0 0.388672 0.3625 0.119531 0.182812 0.00026067
0 0.23125 0.753906 0.204688 0.220313 0.000283575
0 0.791016 0.555859 0.125781 0.163281 0.000308966
0 0.226953 0.260156 0.0445312 0.0578125 0.000332721
0 0.33125 0.345703 0.165625 0.200781 0.000405998
0 0.35625 0.430859 0.148438 0.239844 0.000417198
0 0.762891 0.551953 0.0945313 0.111719 0.000436334
0 0.241797 0.708984 0.292969 0.321094 0.000460839
0 0.336719 0.282031 0.135937 0.171875 0.000464734
0 0.664062 0.513672 0.145313 0.172656 0.000500587
0 0.795703 0.669922 0.150781 0.213281 0.000501957
0 0.287109 0.585547 0.189844 0.378906 0.000504894
0 0.728516 0.533203 0.119531 0.110156 0.000609053
0 0.246875 0.71875 0.1375 0.15625 0.000636719
0 0.638672 0.475781 0.116406 0.154687 0.000669461
0 0.701172 0.759375 0.232031 0.226562 0.000812205
0 0.785937 0.539844 0.154687 0.28125 0.0008201
0 0.240625 0.653125 0.2 0.290625 0.00104459
0 0.733594 0.521875 0.171875 0.170312 0.0016481
0 0.805859 0.691016 0.282031 0.436719 0.00233207
0 0.279297 0.704297 0.182031 0.213281 0.00260207
0 0.762109 0.766797 0.135156 0.180469 0.00304343
0 0.370313 0.305078 0.1375 0.186719 0.00338095
0 0.773438 0.7375 0.179688 0.2875 0.00515518
0 0.710938 0.679688 0.278125 0.36875 0.00571953
0 0.750391 0.570703 0.166406 0.196094 0.0147588
0 0.770312 0.637891 0.179688 0.325781 0.304781
