0 0.390234 0.0492188 0.239844 0.0984375 0.000100838
0 0.246094 0.50625 0.129688 0.140625 0.000101335
0 0.616406 0.0191406 0.129688 0.0351562 0.000103673
0 0.701563 0.567969 0.0890625 0.10625 0.000103887
0 0.686328 0.0339844 0.316406 0.0679687 0.000105026
0 0.241016 0.819531 0.0804688 0.10625 0.000105233
0 0.316406 0.413281 0.101562 0.165625 0.000106167
0 0.286328 0.128125 0.336719 0.176563 0.000108217
0 0.374219 0.154687 0.0984375 0.110937 0.000109021
0 0.276172 0.0546875 0.397656 0.109375 0.000109238
0 0.338281 0.240234 0.114063 0.172656 0.000109599
0 0.320703 0.524219 0.235156 0.264062 0.000112223
0 0.721094 0.366797 0.0875 0.114844 0.000112963
0 0.282813 0.465234 0.0796875 0.0867188 0.000113329
0 0.322656 0.209766 0.304688 0.352344 0.000114562
0 0.172656 0.244531 0.2125 0.375 0.000120431
0 0.215234 0.260547 0.0835937 0.105469 0.000120727
0 0.773047 0.586719 0.0757812 0.107813 0.000125062
0 0.115234 0.0167969 0.163281 0.0320312 0.000125418
0 0.600781 0.532422 0.123438 0.207031 0.000125943
0 0.158203 0.44375 0.0820312 0.096875 0.000127244
0 0.259375 0.605469 0.275 0.328125 0.000127942
0 0.700781 0.532422 0.0890625 0.110156 0.000132353
0 0.650781 0.173438 0.123438 0.114063 0.000136061
0 0.818359 0.0167969 0.153906 0.0320312 0.000137458
0 0.261719 0.445703 0.0828125 0.0945313 0.000140913
0 0.333203 0.348437 0.207031 0.442187 0.00014397
0 0.739844 0.40625 0.0828125 0.109375 0.000149725
0 0.178125 0.4625 0.126563 0.13125 0.000154235
0 0.744141 0.584766 0.0898438 0.108594 0.000156178
0 0.694531 0.0167969 0.229687 0.0320312 0.000159041
0 0.74375 0.470703 0.0796875 0.111719 0.000163509
0 0.330469 0.263281 0.1625 0.270312 0.000166909
0 0.343359 0.169141 0.0882813 0.110156 0.00016769
0 0.654297 0.192188 0.163281 0.175 0.000168642
0 0.272266 0.546875 0.185156 0.18125 0.000175539
0 0.404297 0.0183594 0.135156 0.0367187 0.000182522
0 0.316016 0.466797 0.0632813 0.0773437 0.000183947
0 0.262109 0.0246094 0.250781 0.0492188 0.000184284
0 0.683203 0.407422 0.114844 0.224219 0.000190242
0 0.28125 0.239453 0.142188 0.210156 0.00020691
0 0.222266 0.465625 0.135156 0.134375 0.000214998
0 0.636328 0.131641 0.174219 0.127344 0.000242197
0 0.721484 0.60625 0.146094 0.164062 0.000244033
0 0.255859 0.303125 0.136719 0.251563 0.000253376
0 0.155078 0.0265625 0.221094 0.053125 0.000257198
0 0.758203 0.490234 0.0757812 0.108594 0.000257492
0 0.628906 0.399219 0.175 0.375 0.000257497
0 0.760156 0.0226563 0.246875 0.0453125 0.000262028
0 0.594922 0.139062 0.0835937 0.09375 0.00026365
0 0.216406 0.405469 0.0875 0.0984375 0.000263654
0 0.648828 0.0238281 0.227344 0.0460938 0.000264197
0 0.323438 0.132031 0.192188 0.128125 0.000281561
0 0.196094 0.282031 0.0765625 0.1 0.000292767
0 0.174609 0.424219 0.283594 0.403125 0.000300964
0 0.705078 0.344922 0.119531 0.208594 0.000310278
0 0.138672 0.356641 0.152344 0.335156 0.000312722
0 0.744531 0.513281 0.08125 0.107813 0.000325265
0 0.223047 0.507422 0.308594 0.391406 0.000330043
0 0.296875 0.513281 0.148438 0.1375 0.000342278
0 0.314844 0.468359 0.09375 0.113281 0.000351507
0 0.300391 0.447266 0.0726563 0.0914062 0.000454744
0 0.752734 0.410156 0.0898438 0.20625 0.000471995
0 0.65625 0.269141 0.215625 0.341406 0.00051231
0 0.724609 0.450391 0.121094 0.216406 0.000515847
0 0.236719 0.244922 0.145313 0.244531 0.000536886
0 0.347266 0.0195312 0.188281 0.0375 0.000548305
0 0.317187 0.034375 0.323438 0.06875 0.000549686
0 0.639063 0.590625 0.203125 0.159375 0.000560264
0 0.342578 0.139844 0.113281 0.103125 0.000575276
0 0.678516 0.491016 0.139844 0.192969 0.000628101
0 0.179297 0.346094 0.0789063 0.110937 0.000642255
0 0.723828 0.551562 0.0929687 0.10625 0.000677217
0 0.683203 0.567969 0.146094 0.14375 0.00068066
0 0.226953 0.490625 0.222656 0.210938 0.000770497
0 0.177734 0.407031 0.0882813 0.107813 0.000773232
0 0.295312 0.402734 0.167187 0.228906 0.000807586
0 0.71875 0.283203 0.114063 0.228906 0.000934375
0 0.686328 0.230469 0.155469 0.225 0.00101571
0 0.747266 0.453516 0.277344 0.469531 0.00110976
0 0.625 0.488672 0.157813 0.241406 0.001111
0 0.778906 0.477344 0.11875 0.4 0.00113011
0 0.162891 0.423438 0.117969 0.176563 0.00120539
0 0.255859 0.407813 0.113281 0.132812 0.00120616
0 0.735547 0.367969 0.107031 0.242188 0.00129709
0 0.692969 0.621875 0.253125 0.215625 0.00132985
0 0.756641 0.55625 0.0898438 0.115625 0.0013357
0 0.386328 0.0273438 0.208594 0.0515625 0.0013647
0 0.200781 0.267578 0.117188 0.232031 0.0015109
0 0.295312 0.442187 0.104687 0.129688 0.00157909
0 0.269922 0.472266 0.146094 0.149219 0.00205094
0 0.233203 0.364844 0.158594 0.203125 0.00242672
0 0.280078 0.192969 0.213281 0.198437 0.00247802
0 0.330469 0.180078 0.14375 0.155469 0.00304245
0 0.723437 0.330078 0.135937 0.383594 0.00340657
0 0.617578 0.157813 0.124219 0.13125 0.00372028
0 0.659766 0.532031 0.207031 0.1875 0.00514122
0 0.221094 0.425391 0.179688 0.169531 0.0058859
0 0.183984 0.327344 0.108594 0.215625 0.00646932
0 0.755469 0.489453 0.109375 0.258594 0.007583
0 0.690234 0.541016 0.278906 0.289844 0.00914509
0 0.755859 0.573047 0.135156 0.185156 0.0103667
0 0.251953 0.322656 0.289844 0.44375 0.0174774
0 0.683984 0.371875 0.217969 0.507812 0.0191794
0 0.185937 0.378125 0.142188 0.24375 0.0385059
0 0.717969 0.542578 0.184375 0.207031 0.079328
0 0.728516 0.449219 0.150781 0.354688 0.0969134
0 0.212109 0.307422 0.175781 0.360156 0.198799
