0 0.271484 0.0320312 0.261719 0.0640625 0.000103066
0 0.217578 0.448047 0.0757812 0.0976562 0.000104395
0 0.396484 0.247266 0.121094 0.0960938 0.000105307
0 0.205078 0.425781 0.0882813 0.154687 0.00010551
0 0.322656 0.608594 0.284375 0.285937 0.000107955
0 0.0460938 0.473047 0.0921875 0.489844 0.000114761
0 0.886328 0.641797 0.147656 0.178906 0.000115287
0 0.462891 0.596094 0.516406 0.807813 0.000119356
0 0.385547 0.323047 0.0867188 0.0867188 0.000119947
0 0.272266 0.321094 0.0929687 0.121875 0.000119999
0 0.358203 0.596875 0.141406 0.173438 0.000122008
0 0.3875 0.379687 0.104687 0.121875 0.000129739
0 0.547656 0.0261719 0.2 0.0523437 0.000136399
0 0.676562 0.351172 0.19375 0.207031 0.000136844
0 0.345313 0.483984 0.1625 0.302344 0.000137221
0 0.325 0.280469 0.13125 0.117188 0.000137901
0 0.350781 0.398438 0.14375 0.15625 0.000139416
0 0.173438 0.678906 0.165625 0.214062 0.000139716
0 0.635938 0.612109 0.114063 0.136719 0.000142852
0 0.303125 0.63125 0.0875 0.096875 0.000150974
0 0.301172 0.400781 0.300781 0.4125 0.000156546
0 0.0261719 0.476172 0.0507812 0.392969 0.000160285
0 0.199609 0.531641 0.116406 0.219531 0.000171495
0 0.280078 0.578125 0.0851562 0.101562 0.000171772
0 0.230859 0.789453 0.335156 0.322656 0.000179537
0 0.858203 0.595312 0.147656 0.196875 0.000193355
0 0.191406 0.469141 0.126563 0.219531 0.000196808
0 0.722266 0.573047 0.0898438 0.114844 0.000203367
0 0.263281 0.357031 0.114063 0.154687 0.00020986
0 0.2625 0.595703 0.0875 0.107031 0.000213276
0 0.378125 0.268359 0.15 0.149219 0.000240539
0 0.509375 0.0183594 0.14375 0.0351562 0.000243024
0 0.220703 0.595703 0.136719 0.174219 0.000257515
0 0.703125 0.534766 0.1375 0.157031 0.000262846
0 0.217969 0.468359 0.103125 0.166406 0.000293505
0 0.639844 0.303906 0.164062 0.195312 0.000296268
0 0.270703 0.666406 0.311719 0.307813 0.000313107
0 0.778906 0.626562 0.14375 0.173438 0.000341091
0 0.680078 0.610156 0.160156 0.170312 0.000345689
0 0.308594 0.668359 0.207813 0.160156 0.000357581
0 0.706641 0.396094 0.225781 0.321875 0.000388712
0 0.332422 0.314063 0.169531 0.178125 0.000431481
0 0.276563 0.379297 0.19375 0.214844 0.000613476
0 0.334766 0.634766 0.147656 0.136719 0.000683072
0 0.834375 0.624219 0.229687 0.214062 0.00068524
0 0.233984 0.422656 0.122656 0.184375 0.000708694
0 0.189063 0.622656 0.153125 0.195312 0.000865806
0 0.226953 0.482031 0.147656 0.26875 0.000871138
0 0.383984 0.330859 0.125781 0.163281 0.00100769
0 0.760156 0.541406 0.140625 0.192188 0.00102691
0 0.735547 0.496094 0.288281 0.426562 0.00108741
0 0.724219 0.635156 0.2375 0.198437 0.00112104
0 0.302734 0.610547 0.133594 0.132031 0.00123608
0 0.282031 0.577734 0.13125 0.161719 0.00126085
0 0.817969 0.559766 0.176563 0.186719 0.00143189
0 0.228516 0.651172 0.253906 0.200781 0.00153385
0 0.323047 0.565625 0.182031 0.229687 0.00156286
0 0.757031 0.574219 0.090625 0.114063 0.00168779
0 0.277344 0.494922 0.228125 0.361719 0.00210853
0 0.707812 0.572266 0.184375 0.178906 0.00221472
0 0.731641 0.517969 0.217969 0.271875 0.00312831
0 0.2375 0.569141 0.20625 0.249219 0.00672898
0 0.275781 0.606641 0.20625 0.172656 0.0125719
0 0.776172 0.580078 0.294531 0.252344 0.0128252
0 0.768359 0.58125 0.203906 0.176563 0.142667
