0 0.780859 0.574219 0.0898438 0.1125 0.000101502
0 0.298047 0.383594 0.111719 0.101562 0.000114503
0 0.817969 0.344141 0.109375 0.127344 0.000116041
0 0.347266 0.514453 0.135156 0.149219 0.000120387
0 0.198437 0.570312 0.129688 0.157813 0.000124187
0 0.893359 0.478906 0.153906 0.342187 0.000125307
0 0.323438 0.316406 0.125 0.126563 0.00012626
0 0.878125 0.645703 0.18125 0.177344 0.000126899
0 0.611719 0.634766 0.44375 0.730469 0.000127263
0 0.753516 0.416016 0.205469 0.174219 0.000134082
0 0.885156 0.608984 0.121875 0.124219 0.000144189
0 0.802734 0.450391 0.186719 0.166406 0.000148094
0 0.309375 0.671094 0.2625 0.185937 0.000155898
0 0.748438 0.446094 0.142188 0.128125 0.000156294
0 0.239063 0.409766 0.121875 0.183594 0.000181479
0 0.283594 0.300391 0.115625 0.133594 0.000185329
0 0.381641 0.6 0.127344 0.125 0.000199563
0 0.822656 0.578516 0.090625 0.108594 0.000216289
0 0.335547 0.357812 0.177344 0.251563 0.000232814
0 0.924609 0.564453 0.138281 0.222656 0.000250322
0 0.344141 0.649219 0.166406 0.146875 0.000251747
0 0.8625 0.490625 0.129688 0.248437 0.000264511
0 0.236719 0.550391 0.1375 0.164844 0.000265041
0 0.383984 0.530078 0.133594 0.157031 0.000290085
0 0.701563 0.513672 0.135937 0.147656 0.000324017
0 0.838672 0.402344 0.119531 0.182812 0.000359939
0 0.273438 0.353125 0.146875 0.20625 0.000360029
0 0.795703 0.633594 0.255469 0.184375 0.000380966
0 0.805078 0.536719 0.144531 0.178125 0.000428069
0 0.219922 0.447266 0.110156 0.183594 0.000494793
0 0.347266 0.558984 0.183594 0.175781 0.000726342
0 0.329688 0.486328 0.228125 0.260156 0.000880003
0 0.313281 0.605469 0.259375 0.184375 0.000900479
0 0.837109 0.351172 0.0710938 0.0648438 0.000948268
0 0.823438 0.604297 0.123438 0.103906 0.000950485
0 0.812891 0.452734 0.219531 0.299219 0.000978159
0 0.236719 0.577734 0.228125 0.210156 0.0010076
0 0.88125 0.571094 0.15 0.176563 0.00100994
0 0.78125 0.587891 0.14375 0.149219 0.00110471
0 0.315625 0.282813 0.154687 0.140625 0.00116197
0 0.205859 0.520703 0.152344 0.217969 0.00122331
0 0.277344 0.400391 0.201562 0.328906 0.00129352
0 0.739844 0.515234 0.2 0.236719 0.0024479
0 0.233984 0.475781 0.164844 0.25625 0.00349833
0 0.282031 0.535937 0.25625 0.221875 0.00426793
0 0.713281 0.560156 0.16875 0.179688 0.00450566
0 0.846484 0.532422 0.205469 0.242969 0.00617575
0 0.838672 0.590234 0.174219 0.149219 0.00712368
0 0.780078 0.56875 0.246094 0.179688 0.0649192
