0 0.263672 0.599609 0.125781 0.230469 0.000101089
0 0.900391 0.719922 0.127344 0.216406 0.000109311
0 0.425781 0.75625 0.132812 0.165625 0.000114153
0 0.803906 0.379687 0.3625 0.625 0.000115947
0 0.842578 0.640234 0.175781 0.203906 0.000124068
0 0.692969 0.629687 0.185937 0.235938 0.000126842
0 0.902344 0.801172 0.134375 0.183594 0.000146685
0 0.871484 0.110937 0.257031 0.221875 0.000147831
0 0.720312 0.718359 0.145313 0.211719 0.000148659
0 0.739453 0.799609 0.147656 0.210156 0.000151086
0 0.260938 0.578125 0.198437 0.396875 0.000154951
0 0.394922 0.527344 0.155469 0.2375 0.000158683
0 0.309766 0.809766 0.319531 0.264844 0.00017367
0 0.762891 0.841016 0.258594 0.208594 0.000174795
0 0.782031 0.617188 0.25625 0.203125 0.000176138
0 0.400781 0.719922 0.0859375 0.0882813 0.000206578
0 0.803906 0.702344 0.148438 0.19375 0.000209331
0 0.704687 0.840625 0.285937 0.2875 0.00020989
0 0.241406 0.755859 0.129688 0.146094 0.000237089
0 0.862891 0.699609 0.147656 0.222656 0.000251207
0 0.762891 0.737891 0.149219 0.203906 0.000274087
0 0.342187 0.695312 0.151562 0.19375 0.000357475
0 0.914062 0.916406 0.171875 0.167187 0.000426135
0 0.882031 0.759766 0.182812 0.185156 0.000463888
0 0.326953 0.600781 0.222656 0.21875 0.000466995
0 0.366016 0.75625 0.235156 0.171875 0.000478989
0 0.3875 0.657031 0.14375 0.2125 0.000532679
0 0.2625 0.716797 0.142188 0.197656 0.00060536
0 0.301562 0.639063 0.146875 0.21875 0.000766861
0 0.344922 0.533594 0.266406 0.542188 0.000831641
0 0.708984 0.725 0.219531 0.292188 0.000864344
0 0.840234 0.618359 0.228906 0.361719 0.000915105
0 0.404687 0.717969 0.13125 0.167187 0.00129832
0 0.789062 0.776953 0.29375 0.216406 0.00206009
0 0.291797 0.752734 0.242969 0.228906 0.00272636
0 0.808203 0.883984 0.327344 0.232031 0.00307572
0 0.287891 0.675781 0.221094 0.207813 0.00317423
0 0.394141 0.696094 0.211719 0.265625 0.00326424
0 0.872266 0.732813 0.230469 0.307813 0.00327386
0 0.746094 0.653906 0.273438 0.332812 0.00346644
0 0.791797 0.578125 0.313281 0.529688 0.00521289
0 0.369531 0.614844 0.228125 0.326562 0.00690267
0 0.880078 0.856641 0.221094 0.286719 0.00847433
0 0.807422 0.697266 0.271094 0.289844 0.030339
0 0.808203 0.782422 0.335156 0.399219 0.22699
0 0.325781 0.680859 0.296875 0.313281 0.3245
