0 0.775 0.427344 0.08125 0.10625 0.000100035
0 0.832812 0.564453 0.15 0.266406 0.000102084
0 0.321484 0.303125 0.150781 0.23125 0.000102302
0 0.756641 0.0511719 0.127344 0.0976562 0.000105284
0 0.220703 0.403906 0.130469 0.264062 0.000107365
0 0.239063 0.727344 0.157813 0.221875 0.000107511
0 0.197656 0.602344 0.1125 0.20625 0.000111748
0 0.700781 0.513672 0.151562 0.186719 0.000130479
0 0.492969 0.688281 0.365625 0.278125 0.000134263
0 0.598047 0.964844 0.255469 0.065625 0.000134836
0 0.386328 0.326953 0.152344 0.238281 0.000136053
0 0.741406 0.530859 0.151562 0.185156 0.000144585
0 0.755078 0.370313 0.0835937 0.104687 0.000157503
0 0.818359 0.973828 0.250781 0.0523437 0.000161158
0 0.807813 0.632422 0.16875 0.236719 0.000161188
0 0.198828 0.519141 0.125781 0.280469 0.000166665
0 0.525391 0.442187 0.308594 0.3625 0.000179487
0 0.620313 0.323828 0.232812 0.185156 0.000179974
0 0.799609 0.551562 0.167969 0.18125 0.000180915
0 0.576172 0.353906 0.250781 0.365625 0.000190935
0 0.310937 0.757812 0.25 0.275 0.000191467
0 0.213672 0.3125 0.180469 0.276563 0.000193886
0 0.30625 0.402344 0.239063 0.204688 0.00019631
0 0.801953 0.393359 0.138281 0.299219 0.000198663
0 0.580469 0.237109 0.264062 0.260156 0.000205425
0 0.703516 0.389453 0.0898438 0.108594 0.000206363
0 0.713281 0.263281 0.134375 0.123438 0.000215241
0 0.741016 0.426953 0.0882813 0.105469 0.000220977
0 0.720312 0.369531 0.084375 0.096875 0.000233306
0 0.3 0.225 0.2 0.185937 0.00024102
0 0.471484 0.350781 0.230469 0.335938 0.000241028
0 0.635156 0.258594 0.215625 0.201562 0.00025416
0 0.428125 0.521484 0.253125 0.478906 0.000283457
0 0.554297 0.947656 0.205469 0.104687 0.000297456
0 0.232031 0.557813 0.179688 0.371875 0.000302173
0 0.68125 0.387891 0.142188 0.150781 0.000329616
0 0.424609 0.69375 0.244531 0.1875 0.000342023
0 0.283594 0.686328 0.214062 0.217969 0.000395895
0 0.203125 0.4375 0.1875 0.484375 0.000440521
0 0.614844 0.549609 0.360938 0.291406 0.000452284
0 0.360938 0.637891 0.184375 0.169531 0.000479294
0 0.681641 0.428125 0.211719 0.182812 0.000509555
0 0.480078 0.28125 0.169531 0.240625 0.00053034
0 0.28125 0.475391 0.248437 0.410156 0.000534721
0 0.697656 0.282031 0.234375 0.20625 0.000542991
0 0.75625 0.407422 0.0859375 0.100781 0.000549752
0 0.738281 0.389844 0.0875 0.1 0.000685755
0 0.580078 0.355078 0.416406 0.500781 0.000725506
0 0.260547 0.319141 0.142969 0.197656 0.000743823
0 0.773438 0.410937 0.125 0.192188 0.000801169
0 0.348828 0.363672 0.199219 0.203906 0.000841278
0 0.430078 0.284766 0.242969 0.299219 0.000855008
0 0.703906 0.346094 0.198437 0.2 0.00101778
0 0.319531 0.611328 0.23125 0.317969 0.00101832
0 0.751172 0.327344 0.169531 0.279687 0.00116568
0 0.741016 0.471094 0.188281 0.19375 0.00120694
0 0.790234 0.482031 0.197656 0.301562 0.0012862
0 0.653125 0.436328 0.267188 0.308594 0.00149737
0 0.425391 0.624609 0.341406 0.341406 0.00156235
0 0.773047 0.573047 0.227344 0.280469 0.00171404
0 0.349609 0.446094 0.233594 0.429688 0.00197883
0 0.243359 0.477344 0.285156 0.640625 0.00200639
0 0.555859 0.527344 0.463281 0.445312 0.00220755
0 0.362891 0.684766 0.263281 0.249219 0.00270354
0 0.739453 0.389844 0.128906 0.153125 0.00360791
0 0.252344 0.366016 0.20625 0.372656 0.00428866
0 0.308984 0.613672 0.314844 0.472656 0.00484626
0 0.648438 0.276953 0.303125 0.294531 0.00558765
0 0.276172 0.277734 0.210156 0.244531 0.00731501
0 0.412891 0.385156 0.292969 0.457812 0.00759237
0 0.650781 0.449609 0.392188 0.460156 0.0155539
0 0.728516 0.400781 0.191406 0.220313 0.0155876
0 0.714063 0.519141 0.296875 0.294531 0.0158396
0 0.346875 0.303516 0.289062 0.305469 0.0210163
0 0.701172 0.370703 0.277344 0.346094 0.0314837
0 0.346094 0.461328 0.351562 0.636719 0.0637341
