0 0.700781 0.637891 0.084375 0.114844 0.000103109
0 0.701172 0.447266 0.0757812 0.183594 0.000104522
0 0.878906 0.699219 0.234375 0.601562 0.000105087
0 0.584766 0.608594 0.161719 0.425 0.000107302
0 0.280859 0.384766 0.0570313 0.0851562 0.000107935
0 0.580859 0.523828 0.0914062 0.224219 0.000110837
0 0.0542969 0.642578 0.108594 0.505469 0.000111983
0 0.608984 0.785937 0.294531 0.389062 0.000112922
0 0.701563 0.678906 0.08125 0.114063 0.000114837
0 0.695312 0.307422 0.0453125 0.0710938 0.00011587
0 0.615625 0.310156 0.104687 0.11875 0.000120512
0 0.7125 0.3625 0.0515625 0.107813 0.000124706
0 0.210547 0.538672 0.153906 0.361719 0.000125405
0 0.803906 0.864844 0.314063 0.259375 0.000130886
0 0.683984 0.321484 0.0601562 0.107031 0.000132531
0 0.713281 0.575391 0.0875 0.202344 0.000142671
0 0.221484 0.535156 0.113281 0.240625 0.000149251
0 0.978906 0.562109 0.0421875 0.371094 0.000160213
0 0.680469 0.385547 0.0890625 0.210156 0.000182112
0 0.333594 0.745703 0.139062 0.196094 0.000190416
0 0.332422 0.651953 0.202344 0.375781 0.000206646
0 0.751172 0.788281 0.316406 0.36875 0.000214723
0 0.622656 0.525 0.170312 0.335938 0.000223235
0 0.254297 0.7125 0.150781 0.225 0.000234132
0 0.222266 0.598047 0.136719 0.205469 0.000247534
0 0.333594 0.479688 0.210938 0.665625 0.000258962
0 0.61875 0.779297 0.142188 0.188281 0.000332573
0 0.714453 0.491406 0.0820312 0.24375 0.000334057
0 0.201562 0.735156 0.167187 0.2 0.000346972
0 0.715234 0.720312 0.0914062 0.217187 0.000363022
0 0.886328 0.846094 0.227344 0.307813 0.000372165
0 0.186719 0.565625 0.253125 0.471875 0.000383639
0 0.680859 0.576172 0.127344 0.261719 0.000390908
0 0.699219 0.341016 0.05625 0.111719 0.000393537
0 0.74375 0.628125 0.290625 0.584375 0.000401728
0 0.647656 0.389453 0.176563 0.285156 0.00042351
0 0.663672 0.657812 0.139844 0.282813 0.0004622
0 0.678906 0.723437 0.13125 0.217187 0.00047071
0 0.739062 0.767969 0.1125 0.301562 0.000483277
0 0.712891 0.394141 0.0726563 0.207031 0.000503158
0 0.693359 0.440234 0.124219 0.330469 0.000750508
0 0.739453 0.607813 0.141406 0.573438 0.00163118
0 0.288672 0.715625 0.257031 0.295312 0.00171929
0 0.177734 0.685547 0.171094 0.336719 0.00176579
0 0.698828 0.6375 0.107031 0.279687 0.00199103
0 0.612109 0.713672 0.171094 0.296094 0.00205353
0 0.694141 0.80625 0.157031 0.203125 0.00225487
0 0.224219 0.657031 0.1625 0.225 0.00283844
0 0.710938 0.531641 0.1125 0.485156 0.00381063
0 0.665625 0.705469 0.275 0.403125 0.00435493
0 0.655469 0.527344 0.196875 0.570312 0.00855522
0 0.713281 0.721094 0.117188 0.342187 0.0149657
0 0.267188 0.570703 0.257812 0.503906 0.027761
0 0.657422 0.758203 0.203906 0.264844 0.0287698
0 0.689453 0.632812 0.150781 0.475 0.0772557
0 0.232031 0.657812 0.209375 0.354688 0.386004
