0 0.278516 0.230078 0.0757812 0.103906 0.000107698
0 0.366797 0.486328 0.116406 0.150781 0.000112381
0 0.632031 0.683984 0.1375 0.183594 0.000114593
0 0.309766 0.227734 0.0929687 0.141406 0.000120685
0 0.261328 0.711719 0.0820312 0.0921875 0.00012177
0 0.255469 0.485547 0.275 0.592969 0.000124685
0 0.242188 0.553125 0.0953125 0.1875 0.000125453
0 0.392578 0.625 0.177344 0.215625 0.000140944
0 0.670313 0.377344 0.14375 0.18125 0.000145584
0 0.309375 0.273828 0.126563 0.225781 0.000146666
0 0.811328 0.637109 0.282031 0.439844 0.000147217
0 0.261719 0.447266 0.104687 0.242969 0.000147621
0 0.35625 0.597656 0.0828125 0.0984375 0.000167754
0 0.415234 0.142188 0.108594 0.121875 0.000169666
0 0.256641 0.658203 0.0898438 0.111719 0.000177905
0 0.801562 0.555078 0.15625 0.469531 0.000184658
0 0.219141 0.526172 0.149219 0.553906 0.000184713
0 0.715234 0.183594 0.0851562 0.114063 0.000188353
0 0.216406 0.719141 0.134375 0.249219 0.000188672
0 0.196484 0.628125 0.149219 0.395312 0.000208049
0 0.685156 0.296094 0.139062 0.245312 0.000225175
0 0.724219 0.6 0.160938 0.210938 0.000228237
0 0.258203 0.380469 0.0929687 0.139062 0.000275613
0 0.230859 0.329297 0.0539063 0.0742188 0.00027582
0 0.347656 0.325391 0.1375 0.221094 0.000285099
0 0.777734 0.635547 0.0867188 0.116406 0.000307399
0 0.759375 0.656641 0.090625 0.114844 0.000323418
0 0.695312 0.203516 0.10625 0.130469 0.000373115
0 0.317969 0.396094 0.146875 0.179688 0.000389098
0 0.238281 0.678906 0.0890625 0.117188 0.0003948
0 0.744141 0.231641 0.0882813 0.125781 0.000419687
0 0.24375 0.440625 0.11875 0.365625 0.000429954
0 0.735937 0.34375 0.151562 0.320312 0.000564435
0 0.759375 0.335156 0.109375 0.226562 0.000576209
0 0.380859 0.446484 0.107031 0.146094 0.00059151
0 0.260547 0.324609 0.108594 0.177344 0.000606327
0 0.791016 0.673047 0.142969 0.205469 0.000611321
0 0.686719 0.569922 0.207813 0.339844 0.000705213
0 0.275391 0.692578 0.130469 0.160156 0.000784127
0 0.229687 0.614062 0.1125 0.257812 0.000825762
0 0.283984 0.723828 0.213281 0.242969 0.000858795
0 0.360156 0.409375 0.140625 0.198437 0.000892518
0 0.243359 0.346484 0.0804688 0.125781 0.000966166
0 0.357031 0.616406 0.125 0.140625 0.00104296
0 0.265234 0.634766 0.272656 0.346094 0.00105893
0 0.284375 0.596484 0.139062 0.238281 0.00109277
0 0.764844 0.717969 0.176563 0.225 0.0011537
0 0.272266 0.373437 0.136719 0.195312 0.00119011
0 0.667188 0.652734 0.184375 0.227344 0.001336
0 0.340625 0.650781 0.167187 0.18125 0.00140551
0 0.720703 0.691797 0.0882813 0.108594 0.00141422
0 0.744141 0.279297 0.114844 0.249219 0.0016848
0 0.723828 0.214844 0.0835937 0.125 0.00189511
0 0.341016 0.487109 0.189844 0.349219 0.0019542
0 0.775781 0.618359 0.114063 0.194531 0.00217421
0 0.729297 0.489844 0.191406 0.535937 0.00255668
0 0.341406 0.573047 0.154687 0.238281 0.00276498
0 0.725781 0.671875 0.275 0.284375 0.0051461
0 0.325 0.614453 0.109375 0.103906 0.00529561
0 0.705469 0.694141 0.164062 0.158594 0.00636871
0 0.289844 0.506641 0.1875 0.432031 0.0068272
0 0.763281 0.5875 0.139062 0.323438 0.00776595
0 0.244922 0.676953 0.138281 0.210156 0.00856525
0 0.251172 0.558203 0.138281 0.380469 0.011789
0 0.316797 0.614453 0.147656 0.158594 0.013063
0 0.282031 0.645703 0.195312 0.227344 0.0472511
0 0.739844 0.659766 0.173438 0.211719 0.107485
