0 0.821484 0.701172 0.102344 0.0976562 0.00010077
0 0.759375 0.665625 0.115625 0.125 0.000109968
0 0.214844 0.616016 0.08125 0.0945313 0.000110089
0 0.775781 0.544922 0.271875 0.305469 0.000120381
0 0.775781 0.657422 0.107813 0.0695312 0.000121561
0 0.387109 0.533594 0.107031 0.18125 0.000121693
0 0.3 0.607031 0.198437 0.139062 0.000124389
0 0.796875 0.699219 0.0765625 0.059375 0.000133791
0 0.267188 0.410156 0.15 0.203125 0.000139496
0 0.302344 0.5125 0.165625 0.189063 0.000147516
0 0.779688 0.630859 0.145313 0.110156 0.00015624
0 0.725 0.551953 0.171875 0.191406 0.000162083
0 0.232812 0.432813 0.10625 0.142188 0.00016594
0 0.398047 0.476172 0.0773437 0.102344 0.000166044
0 0.176563 0.648047 0.05625 0.113281 0.000171218
0 0.285547 0.549609 0.280469 0.292969 0.000174684
0 0.846484 0.653125 0.114844 0.15625 0.000208817
0 0.833984 0.567187 0.130469 0.185937 0.000254039
0 0.348828 0.494531 0.155469 0.214062 0.000276563
0 0.810156 0.421094 0.104687 0.117188 0.000285437
0 0.814062 0.674219 0.151562 0.139062 0.000289112
0 0.193359 0.625781 0.0945313 0.15 0.000328176
0 0.301562 0.575391 0.128125 0.110156 0.000351256
0 0.333594 0.560156 0.159375 0.151562 0.000419769
0 0.761328 0.594922 0.0820312 0.0976562 0.000460474
0 0.760156 0.492969 0.15625 0.2 0.000528084
0 0.819531 0.615625 0.142188 0.164062 0.000542942
0 0.857031 0.703906 0.075 0.110937 0.000587106
0 0.239453 0.527734 0.161719 0.241406 0.000623891
0 0.803516 0.473437 0.121094 0.157813 0.000925567
0 0.230469 0.600391 0.154687 0.163281 0.00103582
0 0.791406 0.448438 0.0921875 0.0875 0.00106897
0 0.753516 0.598047 0.141406 0.138281 0.00168834
0 0.280469 0.563672 0.207813 0.172656 0.00193373
0 0.78125 0.555078 0.160938 0.207031 0.00339801
