0 0.677344 0.447266 0.126563 0.242969 0.000100276
0 0.782422 0.721094 0.127344 0.16875 0.000106841
0 0.205859 0.878125 0.0914062 0.140625 0.000108811
0 0.340625 0.301953 0.075 0.0976562 0.000110952
0 0.640234 0.301953 0.128906 0.155469 0.000111905
0 0.791016 0.930469 0.166406 0.11875 0.000122623
0 0.352734 0.734766 0.0664062 0.0945313 0.000130847
0 0.698047 0.528516 0.0820312 0.0929687 0.000131231
0 0.280469 0.802734 0.145313 0.188281 0.000136416
0 0.366016 0.280078 0.110156 0.122656 0.000137973
0 0.239844 0.876953 0.128125 0.111719 0.000143379
0 0.357812 0.312891 0.142188 0.163281 0.000147891
0 0.362109 0.88125 0.169531 0.164062 0.000159848
0 0.695703 0.590234 0.122656 0.197656 0.000163445
0 0.711328 0.284766 0.0945313 0.119531 0.000167449
0 0.275 0.614453 0.13125 0.269531 0.000168285
0 0.269141 0.469922 0.0992187 0.217969 0.000203562
0 0.222656 0.782031 0.11875 0.25 0.000205444
0 0.803516 0.633203 0.117969 0.266406 0.000205907
0 0.205859 0.861719 0.0679687 0.09375 0.000214838
0 0.760547 0.878125 0.233594 0.196875 0.00022163
0 0.838672 0.886328 0.122656 0.177344 0.000227906
0 0.741797 0.7625 0.172656 0.196875 0.000228627
0 0.841016 0.942578 0.0882813 0.0992187 0.000232139
0 0.0300781 0.569531 0.0570313 0.534375 0.000238252
0 0.369922 0.8125 0.149219 0.234375 0.000243548
0 0.0148437 0.612891 0.0265625 0.244531 0.000244253
0 0.358594 0.697656 0.1125 0.201562 0.000244969
0 0.71875 0.489844 0.1625 0.171875 0.000248231
0 0.380859 0.398047 0.199219 0.363281 0.000255961
0 0.417578 0.303516 0.0804688 0.107031 0.000267601
0 0.820312 0.719922 0.117188 0.242969 0.000301422
0 0.383984 0.484375 0.122656 0.148438 0.000309345
0 0.69375 0.315234 0.084375 0.102344 0.000312444
0 0.809766 0.923828 0.0960938 0.0710938 0.000317411
0 0.733984 0.331641 0.141406 0.205469 0.000339163
0 0.766406 0.503906 0.123438 0.201562 0.000360559
0 0.403906 0.284766 0.123438 0.157031 0.000366334
0 0.287891 0.411328 0.102344 0.196094 0.000384318
0 0.798828 0.548828 0.111719 0.274219 0.000404169
0 0.695703 0.530859 0.125781 0.144531 0.000441101
0 0.786719 0.469141 0.0859375 0.119531 0.00047401
0 0.38125 0.478906 0.159375 0.234375 0.000504327
0 0.668359 0.525 0.133594 0.26875 0.000506344
0 0.370313 0.641797 0.228125 0.577344 0.000509534
0 0.664844 0.348828 0.151562 0.219531 0.000515168
0 0.795313 0.430859 0.0703125 0.111719 0.000544959
0 0.0195312 0.605469 0.0375 0.375 0.000550872
0 0.83125 0.518359 0.179688 0.411719 0.000551914
0 0.312109 0.408984 0.153906 0.264844 0.000572959
0 0.764453 0.388281 0.135156 0.242188 0.000595149
0 0.280469 0.878906 0.253125 0.173438 0.00059967
0 0.822266 0.912109 0.111719 0.113281 0.000627863
0 0.665625 0.435156 0.16875 0.40625 0.000661429
0 0.760938 0.466406 0.295312 0.476562 0.000702501
0 0.219922 0.845703 0.107031 0.135156 0.000805937
0 0.34375 0.739453 0.0890625 0.147656 0.000938832
0 0.760547 0.820312 0.150781 0.239063 0.000971391
0 0.688672 0.710547 0.180469 0.416406 0.00102715
0 0.801953 0.780469 0.138281 0.253125 0.00106413
0 0.263672 0.549609 0.110156 0.232031 0.00150583
0 0.739453 0.607813 0.232031 0.379687 0.00152874
0 0.326953 0.848828 0.210156 0.178906 0.00153205
0 0.216406 0.604297 0.209375 0.614844 0.0016348
0 0.345313 0.689453 0.171875 0.371094 0.00166693
0 0.698438 0.523828 0.190625 0.422656 0.00204807
0 0.794922 0.419922 0.0867188 0.183594 0.00256821
0 0.252734 0.849609 0.171094 0.169531 0.00273611
0 0.344141 0.767578 0.125781 0.241406 0.00277344
0 0.338672 0.485547 0.280469 0.649219 0.00280625
0 0.823828 0.848437 0.160156 0.28125 0.00300458
0 0.239453 0.719531 0.163281 0.426562 0.0033894
0 0.682031 0.299219 0.13125 0.140625 0.00364841
0 0.707031 0.816016 0.214062 0.289844 0.00425846
0 0.701563 0.526563 0.275 0.685938 0.00490497
0 0.724219 0.380859 0.201562 0.308594 0.00505026
0 0.337109 0.469922 0.224219 0.371094 0.00519945
0 0.254297 0.607031 0.153906 0.415625 0.00692713
0 0.287891 0.796875 0.228906 0.264062 0.00760205
0 0.829297 0.682813 0.160156 0.579687 0.00979215
0 0.776563 0.515234 0.164062 0.502344 0.0107821
0 0.750781 0.449219 0.184375 0.290625 0.0109466
0 0.283203 0.492578 0.136719 0.327344 0.0150236
0 0.792969 0.467187 0.1125 0.217187 0.0253129
0 0.774609 0.800781 0.224219 0.323438 0.030211
0 0.770312 0.628516 0.228125 0.671094 0.132221
0 0.289062 0.620313 0.226562 0.582812 0.314256
