0 0.686328 0.757031 0.133594 0.146875 0.000105023
0 0.89375 0.235156 0.2125 0.470313 0.000105889
0 0.241797 0.630078 0.0898438 0.110156 0.000111099
0 0.084375 0.0796875 0.160938 0.146875 0.000114083
0 0.201953 0.765234 0.324219 0.450781 0.0001255
0 0.605078 0.209766 0.114844 0.111719 0.00012832
0 0.9875 0.404297 0.025 0.224219 0.000131785
0 0.0535156 0.641406 0.107031 0.717188 0.000132852
0 0.950391 0.357031 0.0976562 0.714063 0.000139562
0 0.973828 0.482422 0.0523437 0.544531 0.000142245
0 0.342578 0.521094 0.196094 0.367188 0.00014353
0 0.989453 0.342578 0.0210938 0.239844 0.000145396
0 0.976562 0.729688 0.046875 0.515625 0.00014747
0 0.342578 0.672266 0.166406 0.161719 0.000148334
0 0.706641 0.439844 0.0867188 0.109375 0.00015831
0 0.980859 0.1 0.0382813 0.2 0.000163962
0 0.270703 0.444922 0.110156 0.167969 0.00016669
0 0.355078 0.314844 0.136719 0.178125 0.000171794
0 0.612891 0.562109 0.203906 0.386719 0.000188413
0 0.219922 0.55625 0.0867188 0.115625 0.000189251
0 0.313672 0.328125 0.153906 0.18125 0.000189788
0 0.819922 0.0367187 0.250781 0.0734375 0.000195502
0 0.219922 0.404297 0.122656 0.261719 0.000196409
0 0.188672 0.535937 0.275781 0.525 0.000199623
0 0.126172 0.709375 0.247656 0.58125 0.000205325
0 0.250391 0.533594 0.130469 0.215625 0.000220858
0 0.145703 0.0929687 0.291406 0.185937 0.000223757
0 0.2375 0.442578 0.0890625 0.105469 0.000224852
0 0.375 0.646484 0.123438 0.155469 0.00022579
0 0.136328 0.021875 0.174219 0.0421875 0.000226115
0 0.449219 0.511719 0.41875 0.678125 0.000237804
0 0.982422 0.476953 0.0351562 0.403906 0.000239875
0 0.342578 0.383594 0.169531 0.3 0.000254793
0 0.825 0.138672 0.340625 0.277344 0.000256452
0 0.260156 0.371875 0.140625 0.204688 0.000258899
0 0.273828 0.595703 0.136719 0.186719 0.000273235
0 0.691406 0.716797 0.189063 0.213281 0.000300864
0 0.218359 0.0617188 0.308594 0.123438 0.000319985
0 0.746484 0.389453 0.0835937 0.121094 0.000324455
0 0.236719 0.578906 0.0890625 0.1125 0.000326314
0 0.766797 0.683984 0.310156 0.594531 0.000330023
0 0.946094 0.0394531 0.10625 0.0789063 0.000362149
0 0.983984 0.354688 0.0320312 0.39375 0.000364844
0 0.0976562 0.0332031 0.140625 0.0648438 0.00039057
0 0.735156 0.484766 0.129688 0.222656 0.000405686
0 0.975 0.266797 0.05 0.489844 0.000408259
0 0.757812 0.571094 0.110937 0.26875 0.000419748
0 0.613672 0.650391 0.158594 0.205469 0.00043239
0 0.941016 0.182031 0.117969 0.364062 0.000469437
0 0.276172 0.651953 0.300781 0.314844 0.0004712
0 0.339844 0.609375 0.170312 0.210938 0.00053469
0 0.898828 0.0410156 0.202344 0.0804688 0.000538038
0 0.296875 0.441797 0.223438 0.403906 0.000544735
0 0.176172 0.0359375 0.221094 0.071875 0.000553344
0 0.828516 0.0617188 0.319531 0.123438 0.000565477
0 0.784375 0.558203 0.182812 0.497656 0.000569815
0 0.650391 0.682422 0.186719 0.196094 0.000602249
0 0.672656 0.398047 0.198437 0.313281 0.000623925
0 0.25625 0.422656 0.0875 0.0953125 0.000661561
0 0.76875 0.3875 0.296875 0.478125 0.000718339
0 0.192188 0.604297 0.170312 0.386719 0.000820223
0 0.962891 0.102344 0.0742188 0.204688 0.00109328
0 0.205078 0.550781 0.124219 0.204688 0.00110457
0 0.124219 0.0503906 0.248437 0.0992187 0.00120299
0 0.659766 0.617969 0.228906 0.298438 0.00124627
0 0.890625 0.0996094 0.21875 0.196094 0.00126256
0 0.758594 0.639063 0.145313 0.321875 0.00190148
0 0.260156 0.530469 0.271875 0.390625 0.00194293
0 0.929297 0.0746094 0.141406 0.149219 0.00204515
0 0.28125 0.644922 0.198437 0.203906 0.00223261
0 0.239844 0.414453 0.123438 0.139844 0.00247352
0 0.721094 0.669141 0.182812 0.216406 0.00252143
0 0.714453 0.528125 0.271094 0.492188 0.00389094
0 0.25 0.444922 0.146875 0.274219 0.00536507
0 0.737891 0.366016 0.105469 0.210156 0.00606283
0 0.725781 0.407031 0.0921875 0.11875 0.00642652
0 0.698047 0.390625 0.144531 0.209375 0.00671035
0 0.231641 0.598047 0.160156 0.213281 0.0121762
0 0.735156 0.519141 0.154687 0.419531 0.0797619
0 0.227734 0.516016 0.142969 0.322656 0.11383
0 0.729688 0.419531 0.129688 0.204688 0.153579
