0 0.143359 0.146094 0.286719 0.292188 0.000100969
0 0.04375 0.475391 0.0875 0.577344 0.000101592
0 0.223438 0.486719 0.071875 0.1 0.000103118
0 0.158594 0.674219 0.1 0.123438 0.000107364
0 0.862891 0.0875 0.250781 0.123438 0.000107621
0 0.827734 0.546094 0.317969 0.645312 0.000108863
0 0.766406 0.636719 0.0765625 0.107813 0.000113229
0 0.965625 0.177344 0.06875 0.1875 0.000115072
0 0.414844 0.286719 0.170312 0.179688 0.000115515
0 0.700391 0.6125 0.124219 0.201562 0.000117449
0 0.399219 0.382031 0.139062 0.201562 0.000118041
0 0.0355469 0.0675781 0.0695312 0.135156 0.000123388
0 0.738281 0.50625 0.084375 0.110937 0.000123953
0 0.764844 0.719531 0.08125 0.110937 0.000124335
0 0.7625 0.59375 0.0765625 0.103125 0.000124387
0 0.0269531 0.813281 0.0539063 0.373437 0.000124616
0 0.0179687 0.885156 0.0359375 0.223438 0.000126358
0 0.800391 0.814844 0.0945313 0.134375 0.000126576
0 0.704297 0.464453 0.0835937 0.110156 0.000126876
0 0.763281 0.759766 0.0890625 0.113281 0.000129131
0 0.753516 0.391406 0.174219 0.185937 0.000136764
0 0.960547 0.134375 0.0742188 0.0921875 0.00013839
0 0.771484 0.533203 0.0945313 0.216406 0.000140695
0 0.287109 0.650781 0.0882813 0.0953125 0.0001411
0 0.0261719 0.475 0.0523437 0.404687 0.000141453
0 0.339844 0.487109 0.10625 0.130469 0.000144629
0 0.0828125 0.121094 0.165625 0.242188 0.000144941
0 0.753516 0.485938 0.0804688 0.109375 0.000155613
0 0.223047 0.06875 0.396094 0.1375 0.000156342
0 0.408984 0.303906 0.314844 0.335938 0.000159077
0 0.282031 0.451953 0.0796875 0.105469 0.000163275
0 0.753125 0.366016 0.320312 0.346094 0.000167028
0 0.841016 0.115234 0.178906 0.0710938 0.000168191
0 0.384766 0.324219 0.0851562 0.110937 0.000168329
0 0.245703 0.314844 0.291406 0.275 0.000170321
0 0.780078 0.658594 0.0695312 0.110937 0.000176881
0 0.617578 0.775781 0.142969 0.176563 0.000179165
0 0.720703 0.774219 0.136719 0.151562 0.000182775
0 0.344141 0.360547 0.0820312 0.110156 0.000183972
0 0.382812 0.695703 0.121875 0.153906 0.000185263
0 0.326172 0.669141 0.0882813 0.102344 0.000188611
0 0.678906 0.532812 0.117188 0.215625 0.000203034
0 0.339453 0.601953 0.0835937 0.103906 0.000203553
0 0.242188 0.634766 0.128125 0.124219 0.000214314
0 0.0691406 0.0695312 0.138281 0.139062 0.000216803
0 0.684766 0.335547 0.210156 0.257031 0.000220437
0 0.329688 0.295703 0.25 0.197656 0.000237956
0 0.364453 0.341016 0.0851562 0.110156 0.000241264
0 0.830078 0.644922 0.174219 0.536719 0.0002525
0 0.677344 0.65625 0.11875 0.19375 0.00025281
0 0.260547 0.485547 0.107031 0.130469 0.000254246
0 0.765625 0.792969 0.167187 0.1625 0.000264197
0 0.2625 0.549219 0.126563 0.25 0.000268411
0 0.721094 0.572656 0.126563 0.192188 0.000274557
0 0.375391 0.561719 0.163281 0.384375 0.000295928
0 0.174609 0.653516 0.0835937 0.0992187 0.000301577
0 0.798047 0.720312 0.0601562 0.110937 0.000313165
0 0.882422 0.133594 0.235156 0.110937 0.000318126
0 0.783594 0.697656 0.0671875 0.10625 0.000322161
0 0.941797 0.140625 0.114844 0.121875 0.000331327
0 0.739844 0.528125 0.1125 0.189063 0.000351656
0 0.661719 0.647266 0.157813 0.310156 0.000363657
0 0.744922 0.658203 0.130469 0.208594 0.000367892
0 0.785156 0.742188 0.08125 0.117188 0.000370953
0 0.788281 0.525391 0.21875 0.458594 0.000378445
0 0.217969 0.484766 0.104687 0.258594 0.000389585
0 0.239453 0.466797 0.0882813 0.110156 0.00041163
0 0.801562 0.762891 0.075 0.119531 0.000469115
0 0.319922 0.708984 0.178906 0.189844 0.000481687
0 0.680078 0.722266 0.130469 0.175781 0.000517352
0 0.342187 0.322656 0.0828125 0.104687 0.000532438
0 0.699219 0.388281 0.0890625 0.115625 0.000539124
0 0.291016 0.618359 0.0867188 0.102344 0.00054561
0 0.301953 0.445312 0.122656 0.146875 0.000552548
0 0.128906 0.0605469 0.257812 0.121094 0.000554603
0 0.735156 0.464453 0.0859375 0.110156 0.000556546
0 0.375391 0.657031 0.0992187 0.146875 0.000612563
0 0.358594 0.652734 0.0828125 0.103906 0.000631006
0 0.821875 0.730078 0.10625 0.299219 0.000647671
0 0.342578 0.423828 0.125781 0.225781 0.000685708
0 0.378906 0.425781 0.189063 0.304688 0.000745882
0 0.666797 0.601172 0.214844 0.511719 0.000767898
0 0.748438 0.701172 0.282813 0.371094 0.000795265
0 0.704687 0.485156 0.135937 0.204688 0.00080076
0 0.301562 0.483594 0.0875 0.0953125 0.000818307
0 0.185156 0.637109 0.121875 0.157031 0.000867398
0 0.761328 0.594141 0.107031 0.247656 0.000898505
0 0.355469 0.619922 0.114063 0.161719 0.00090519
0 0.204297 0.565625 0.136719 0.284375 0.000960491
0 0.677734 0.766406 0.183594 0.184375 0.000998643
0 0.245703 0.448438 0.119531 0.178125 0.00100632
0 0.296484 0.625 0.291406 0.295312 0.00107505
0 0.794922 0.701172 0.0789063 0.208594 0.00141747
0 0.719141 0.425781 0.0851562 0.117188 0.00143202
0 0.228125 0.659766 0.196875 0.147656 0.00144931
0 0.2875 0.669531 0.18125 0.157813 0.00179586
0 0.702734 0.692969 0.192969 0.267188 0.00206414
0 0.675 0.433203 0.179688 0.258594 0.00212923
0 0.238672 0.608203 0.178906 0.191406 0.00225587
0 0.715234 0.464453 0.286719 0.430469 0.00253467
0 0.342578 0.670703 0.142969 0.158594 0.00262267
0 0.334766 0.328906 0.136719 0.146875 0.00289332
0 0.248437 0.481641 0.164062 0.367969 0.00293743
0 0.779688 0.658203 0.0890625 0.263281 0.00297603
0 0.289453 0.395312 0.188281 0.24375 0.00352241
0 0.785937 0.606641 0.134375 0.469531 0.00352662
0 0.379297 0.321094 0.157031 0.182812 0.00452818
0 0.321094 0.388281 0.3 0.3625 0.00456405
0 0.694141 0.380859 0.146094 0.169531 0.00490113
0 0.316406 0.56875 0.165625 0.260938 0.00592411
0 0.744922 0.472266 0.139844 0.236719 0.00602356
0 0.290625 0.614062 0.157813 0.15 0.00622979
0 0.323438 0.634375 0.0875 0.090625 0.00662199
0 0.799219 0.762109 0.101562 0.185156 0.00720923
0 0.738281 0.736719 0.184375 0.2 0.00828008
0 0.775781 0.709766 0.13125 0.269531 0.0236049
0 0.352734 0.366406 0.164844 0.242188 0.0241184
0 0.305078 0.498437 0.213281 0.439063 0.0376249
0 0.322656 0.636328 0.1375 0.138281 0.0381232
0 0.71875 0.428516 0.142188 0.219531 0.0726144
0 0.725781 0.558984 0.185937 0.471094 0.0791523
