0 0.739453 0.407422 0.127344 0.228906 0.000100982
0 0.230859 0.385547 0.0867188 0.0992187 0.000101181
0 0.719531 0.0335938 0.270312 0.0671875 0.000102127
0 0.461719 0.0636719 0.29375 0.122656 0.000102349
0 0.282813 0.28125 0.154687 0.18125 0.000107885
0 0.8 0.0535156 0.35625 0.102344 0.000111393
0 0.416016 0.267969 0.146094 0.251563 0.000113481
0 0.763672 0.3 0.174219 0.164062 0.000114473
0 0.757422 0.5125 0.0898438 0.107813 0.000114888
0 0.654297 0.199609 0.0914062 0.0976562 0.000117596
0 0.177344 0.510938 0.1375 0.278125 0.000118805
0 0.922656 0.0242187 0.123438 0.0453125 0.00012339
0 0.386719 0.140625 0.090625 0.107813 0.000123825
0 0.180859 0.507031 0.0992187 0.154687 0.000126225
0 0.0445312 0.270703 0.0875 0.447656 0.000126516
0 0.687109 0.53125 0.303906 0.326562 0.000127002
0 0.250781 0.16875 0.182812 0.167187 0.000130252
0 0.823828 0.340234 0.0882813 0.103906 0.000132599
0 0.416797 0.171484 0.163281 0.174219 0.000134026
0 0.716797 0.528125 0.0867188 0.103125 0.00013422
0 0.784766 0.246875 0.0789063 0.10625 0.000144193
0 0.716797 0.114844 0.274219 0.1875 0.000145809
0 0.80625 0.319922 0.084375 0.105469 0.000150455
0 0.674219 0.429297 0.126563 0.207031 0.000151072
0 0.779688 0.49375 0.0875 0.103125 0.000152659
0 0.858594 0.473437 0.0890625 0.117188 0.000158214
0 0.279297 0.364062 0.133594 0.232812 0.000159182
0 0.303516 0.490234 0.0898438 0.108594 0.000159619
0 0.800391 0.509766 0.0898438 0.107031 0.000160875
0 0.876562 0.509766 0.115625 0.169531 0.000162086
0 0.2375 0.283984 0.115625 0.200781 0.000167978
0 0.385156 0.362891 0.123438 0.241406 0.000169629
0 0.361328 0.523828 0.0882813 0.107031 0.000179479
0 0.390625 0.374609 0.284375 0.521094 0.000180449
0 0.215234 0.446875 0.0867188 0.109375 0.000180914
0 0.713281 0.0660156 0.3 0.125781 0.000188987
0 0.213672 0.405469 0.0867188 0.104687 0.000195482
0 0.264844 0.182031 0.110937 0.115625 0.000197518
0 0.806641 0.362891 0.0835937 0.0820312 0.000197869
0 0.692578 0.237109 0.139844 0.203906 0.000199512
0 0.0292969 0.439844 0.0570313 0.43125 0.000204352
0 0.290234 0.556641 0.325781 0.299219 0.000219187
0 0.205469 0.345703 0.101562 0.225781 0.000224967
0 0.823828 0.298828 0.0882813 0.108594 0.000226608
0 0.782031 0.544531 0.151562 0.132812 0.000234494
0 0.325 0.2375 0.128125 0.151562 0.000238646
0 0.187891 0.310937 0.167969 0.348437 0.000239155
0 0.696875 0.510156 0.0875 0.1 0.000239994
0 0.385547 0.214062 0.141406 0.201562 0.000243572
0 0.348437 0.542578 0.135937 0.158594 0.000244541
0 0.842969 0.508594 0.0921875 0.110937 0.000256014
0 0.332031 0.123438 0.26875 0.195312 0.000256363
0 0.176563 0.404297 0.129688 0.305469 0.000307719
0 0.754687 0.685547 0.345313 0.417969 0.000316358
0 0.0472656 0.476953 0.0929687 0.702344 0.000319297
0 0.682422 0.548047 0.178906 0.167969 0.000327108
0 0.237891 0.36875 0.124219 0.198437 0.000395771
0 0.857813 0.366797 0.10625 0.252344 0.000398553
0 0.360156 0.471094 0.090625 0.109375 0.000413565
0 0.281641 0.389062 0.227344 0.209375 0.000426926
0 0.742969 0.433203 0.214062 0.210156 0.000438593
0 0.824609 0.488672 0.0914062 0.105469 0.00045065
0 0.238672 0.485938 0.146094 0.165625 0.000497327
0 0.328906 0.428125 0.145313 0.217187 0.000506071
0 0.807031 0.362891 0.11875 0.163281 0.000551689
0 0.83125 0.689844 0.225 0.33125 0.000575573
0 0.288672 0.485156 0.147656 0.15625 0.000585048
0 0.380469 0.276563 0.203125 0.38125 0.000589627
0 0.739844 0.526563 0.145313 0.14375 0.000645631
0 0.303516 0.194922 0.174219 0.171094 0.000649373
0 0.688281 0.294141 0.298438 0.528906 0.000688501
0 0.655078 0.199219 0.138281 0.157813 0.000691991
0 0.803125 0.279297 0.0875 0.108594 0.000739069
0 0.655859 0.260547 0.171094 0.311719 0.000764539
0 0.244531 0.504687 0.246875 0.179688 0.000793544
0 0.784375 0.242578 0.13125 0.164844 0.0010512
0 0.799219 0.589844 0.257812 0.257812 0.00107383
0 0.761328 0.491797 0.147656 0.141406 0.00108603
0 0.838672 0.542578 0.158594 0.153906 0.0011206
0 0.261328 0.219531 0.147656 0.203125 0.00118647
0 0.696875 0.509375 0.135937 0.15 0.00121741
0 0.384375 0.519531 0.145313 0.1875 0.00134876
0 0.805859 0.432031 0.155469 0.21875 0.00137771
0 0.342969 0.490625 0.090625 0.104687 0.00144953
0 0.376563 0.451562 0.128125 0.223438 0.00147768
0 0.391797 0.127344 0.180469 0.164062 0.00154842
0 0.198828 0.462891 0.117969 0.210156 0.00155398
0 0.825 0.321484 0.13125 0.211719 0.00158185
0 0.697656 0.395312 0.210938 0.403125 0.00172277
0 0.802734 0.508203 0.147656 0.144531 0.00185765
0 0.660156 0.157031 0.178125 0.2125 0.00198552
0 0.869141 0.441016 0.128906 0.288281 0.00214656
0 0.316016 0.532031 0.233594 0.203125 0.00267339
0 0.216406 0.408203 0.117188 0.213281 0.0027446
0 0.750391 0.232422 0.291406 0.346094 0.00292947
0 0.377344 0.401563 0.165625 0.36875 0.00299829
0 0.244141 0.323828 0.171094 0.392969 0.00449158
0 0.807422 0.278125 0.128906 0.160938 0.00553805
0 0.701953 0.484766 0.196094 0.214844 0.00688553
0 0.782031 0.242578 0.198437 0.233594 0.00747781
0 0.323438 0.226172 0.257812 0.310156 0.00826052
0 0.744141 0.543359 0.272656 0.199219 0.00950154
0 0.366016 0.175781 0.210156 0.229687 0.0114383
0 0.699219 0.197656 0.223438 0.254687 0.0122949
0 0.837891 0.483203 0.155469 0.186719 0.0144924
0 0.239063 0.440625 0.189063 0.240625 0.0177117
0 0.827344 0.382031 0.164062 0.371875 0.0465085
0 0.34375 0.488281 0.178125 0.179688 0.048349
0 0.779688 0.487109 0.25625 0.228906 0.10178
0 0.771094 0.356641 0.279687 0.471094 0.112917
0 0.297266 0.471484 0.274219 0.239844 0.139808
0 0.303516 0.352734 0.288281 0.472656 0.148818
