0 0.3375 0.596875 0.090625 0.109375 0.000102875
0 0.639063 0.667969 0.215625 0.182812 0.000105162
0 0.299609 0.0613281 0.421094 0.122656 0.000105806
0 0.144141 0.0664062 0.272656 0.132812 0.000106177
0 0.157422 0.649609 0.149219 0.164844 0.000115186
0 0.078125 0.143359 0.15625 0.286719 0.000115611
0 0.782422 0.614453 0.0898438 0.113281 0.000123843
0 0.277734 0.307813 0.241406 0.353125 0.000125435
0 0.760547 0.474219 0.0929687 0.0890625 0.000130999
0 0.678516 0.632812 0.0914062 0.109375 0.000135119
0 0.399609 0.0351562 0.321094 0.0703125 0.000141873
0 0.216797 0.352344 0.0945313 0.0921875 0.000148312
0 0.741406 0.6875 0.25625 0.190625 0.000175993
0 0.801562 0.635156 0.0859375 0.10625 0.00017713
0 0.189844 0.106641 0.36875 0.213281 0.00018092
0 0.333594 0.535156 0.16875 0.257812 0.000193595
0 0.760938 0.6375 0.090625 0.10625 0.00020913
0 0.440234 0.0582031 0.336719 0.116406 0.000213137
0 0.38125 0.105078 0.357812 0.210156 0.00021599
0 0.741797 0.653516 0.0914062 0.0851562 0.000221364
0 0.665625 0.456641 0.334375 0.571094 0.000221458
0 0.222266 0.353125 0.113281 0.182812 0.000245379
0 0.338672 0.608203 0.339844 0.407031 0.000248058
0 0.667188 0.663672 0.295312 0.283594 0.000266552
0 0.764063 0.594141 0.090625 0.107031 0.000271869
0 0.777734 0.655859 0.0867188 0.0851562 0.000279307
0 0.198047 0.448828 0.0882813 0.0914062 0.000297512
0 0.289062 0.485938 0.246875 0.364062 0.00030746
0 0.279297 0.409375 0.324219 0.589063 0.00030748
0 0.241406 0.592188 0.154687 0.157813 0.000321515
0 0.334766 0.626172 0.164844 0.183594 0.000355148
0 0.727344 0.553516 0.148438 0.255469 0.000355764
0 0.727734 0.423828 0.210156 0.416406 0.00037386
0 0.228906 0.6625 0.304688 0.251563 0.000387371
0 0.252344 0.401953 0.190625 0.289844 0.000392011
0 0.447266 0.471094 0.446094 0.75 0.000412763
0 0.812891 0.625 0.269531 0.33125 0.00042698
0 0.775391 0.433984 0.138281 0.324219 0.000476336
0 0.196875 0.466016 0.1125 0.155469 0.000488713
0 0.763672 0.475781 0.117969 0.165625 0.000504457
0 0.181641 0.49375 0.124219 0.265625 0.00055075
0 0.720703 0.648828 0.147656 0.119531 0.00068715
0 0.825781 0.607031 0.151562 0.245312 0.000857432
0 0.302344 0.590625 0.0921875 0.101562 0.000916359
0 0.641016 0.616016 0.177344 0.166406 0.000955988
0 0.798437 0.651172 0.153125 0.172656 0.00116749
0 0.677734 0.578125 0.222656 0.24375 0.0015591
0 0.178125 0.625781 0.110937 0.103125 0.00180605
0 0.16875 0.566016 0.15 0.255469 0.00207368
0 0.760938 0.632422 0.142188 0.155469 0.00211511
0 0.276172 0.557422 0.194531 0.192969 0.00233348
0 0.209766 0.417969 0.136719 0.2125 0.00233995
0 0.191016 0.623438 0.169531 0.154687 0.00339619
0 0.751953 0.569531 0.275781 0.329688 0.00368932
0 0.217578 0.505859 0.205469 0.357031 0.00875085
0 0.302734 0.595312 0.169531 0.15 0.0106541
0 0.700391 0.639063 0.232031 0.173438 0.0118508
0 0.772656 0.536719 0.165625 0.279687 0.013418
0 0.233984 0.600391 0.264844 0.199219 0.0333315
0 0.765234 0.614062 0.200781 0.220313 0.0611563
