0 0.882812 0.555078 0.0859375 0.100781 0.000101257
0 0.266797 0.555078 0.186719 0.216406 0.000109755
0 0.253125 0.447266 0.195312 0.360156 0.000133091
0 0.388672 0.591406 0.147656 0.226562 0.000136194
0 0.0148437 0.423047 0.0265625 0.146094 0.000140742
0 0.214844 0.569531 0.182812 0.357812 0.000141127
0 0.783984 0.592188 0.146094 0.175 0.000144302
0 0.260938 0.688672 0.2125 0.189844 0.000150444
0 0.407031 0.292578 0.126563 0.119531 0.000157237
0 0.826563 0.450391 0.264062 0.216406 0.000161725
0 0.895312 0.425391 0.140625 0.188281 0.000178016
0 0.785547 0.490625 0.182031 0.204688 0.000196789
0 0.378125 0.451172 0.240625 0.336719 0.000199368
0 0.198828 0.628516 0.130469 0.242969 0.000200954
0 0.894141 0.411719 0.211719 0.321875 0.000208815
0 0.889453 0.60625 0.147656 0.15625 0.000227236
0 0.866406 0.489844 0.153125 0.248437 0.000237609
0 0.786328 0.631641 0.217969 0.205469 0.000239603
0 0.944531 0.592969 0.110937 0.1875 0.000240782
0 0.279687 0.612109 0.153125 0.202344 0.000253609
0 0.301953 0.363672 0.0851562 0.105469 0.000275711
0 0.852344 0.66875 0.295312 0.267188 0.000292223
0 0.423438 0.6375 0.171875 0.215625 0.000329724
0 0.966016 0.632812 0.0679687 0.167187 0.000336797
0 0.807813 0.549219 0.148438 0.198437 0.000345493
0 0.932031 0.406641 0.0921875 0.119531 0.000346264
0 0.892578 0.370703 0.164844 0.149219 0.000360273
0 0.931641 0.644922 0.135156 0.175781 0.000361767
0 0.282422 0.401953 0.141406 0.152344 0.000390033
0 0.363672 0.493359 0.230469 0.175781 0.000466281
0 0.858984 0.369922 0.239844 0.213281 0.000520689
0 0.416797 0.524219 0.163281 0.198437 0.000882427
0 0.953516 0.425391 0.0929687 0.200781 0.00104216
0 0.864453 0.571875 0.144531 0.160938 0.00119067
0 0.829687 0.409766 0.310937 0.419531 0.00138335
0 0.957422 0.548437 0.0851562 0.38125 0.00188637
0 0.241016 0.637891 0.171094 0.189844 0.00190116
0 0.8625 0.536328 0.225 0.207031 0.00221247
0 0.315234 0.455859 0.272656 0.458594 0.00226305
0 0.797656 0.523047 0.259375 0.291406 0.0038705
0 0.394531 0.556641 0.24375 0.283594 0.00447987
0 0.93125 0.385547 0.128125 0.188281 0.00477843
0 0.912109 0.591406 0.175781 0.248437 0.00525667
0 0.3375 0.667188 0.351562 0.30625 0.00732538
0 0.829687 0.591016 0.275 0.227344 0.0105689
0 0.267969 0.620703 0.25625 0.269531 0.0122406
0 0.926562 0.458594 0.145313 0.290625 0.110751
0 0.865625 0.50625 0.265625 0.359375 0.21515
0 0.322266 0.568359 0.324219 0.341406 0.291373
