0 0.251172 0.550781 0.152344 0.279687 0.000105097
0 0.270312 0.0625 0.476562 0.125 0.000106566
0 0.759766 0.613672 0.0898438 0.102344 0.000108056
0 0.808203 0.485547 0.147656 0.274219 0.000115375
0 0.803516 0.245703 0.0539063 0.0695312 0.000130872
0 0.698438 0.578516 0.207813 0.263281 0.00014841
0 0.771484 0.654688 0.302344 0.265625 0.000156695
0 0.796094 0.267188 0.071875 0.08125 0.000172043
0 0.280469 0.608594 0.229687 0.239063 0.000174521
0 0.660937 0.619531 0.164062 0.204688 0.000268895
0 0.341406 0.621094 0.178125 0.220313 0.00042906
0 0.690625 0.664453 0.167187 0.167969 0.000440586
0 0.761328 0.614844 0.133594 0.142188 0.000508193
0 0.773828 0.601953 0.200781 0.200781 0.000714663
0 0.726562 0.633594 0.2125 0.185937 0.00336987
