0 0.886328 0.455469 0.180469 0.4375 0.000100416
0 0.320312 0.0292969 0.154687 0.0570313 0.000101771
0 0.728125 0.0648438 0.1875 0.129688 0.000103675
0 0.792969 0.371875 0.225 0.395312 0.000109845
0 0.760938 0.966797 0.182812 0.0664062 0.000114021
0 0.723437 0.941016 0.317187 0.117969 0.000116478
0 0.103906 0.964063 0.170312 0.071875 0.000120753
0 0.632422 0.180859 0.264844 0.346094 0.000120785
0 0.304297 0.281641 0.196094 0.307031 0.000121333
0 0.182812 0.898047 0.23125 0.203906 0.00012196
0 0.771094 0.908594 0.2625 0.182812 0.000125612
0 0.480859 0.0589844 0.253906 0.117969 0.000125897
0 0.800391 0.945703 0.167969 0.107031 0.000131585
0 0.902734 0.0566406 0.191406 0.113281 0.000132925
0 0.125781 0.182031 0.182812 0.3125 0.000134663
0 0.855078 0.905859 0.225781 0.188281 0.000134804
0 0.901563 0.855469 0.184375 0.28125 0.000136539
0 0.970703 0.274609 0.0585938 0.475781 0.000144156
0 0.370313 0.191016 0.242188 0.352344 0.000151138
0 0.944141 0.891016 0.111719 0.217969 0.000151776
0 0.970703 0.808984 0.0585938 0.382031 0.000152694
0 0.341797 0.550781 0.186719 0.295312 0.00015557
0 0.973047 0.89375 0.0539063 0.2125 0.000156332
0 0.946094 0.365625 0.10625 0.60625 0.000161747
0 0.292188 0.478125 0.173438 0.353125 0.000165878
0 0.471094 0.112891 0.298438 0.225781 0.00017146
0 0.191406 0.0359375 0.2375 0.0703125 0.000177113
0 0.0699219 0.171875 0.0617188 0.11875 0.00019785
0 0.816406 0.180859 0.307813 0.358594 0.000201613
0 0.283203 0.171094 0.271094 0.33125 0.000203413
0 0.557813 0.101953 0.259375 0.203906 0.000205357
0 0.934375 0.0804688 0.13125 0.160938 0.000213222
0 0.807813 0.065625 0.282813 0.13125 0.000216377
0 0.640234 0.0652344 0.227344 0.130469 0.000232131
0 0.292188 0.613281 0.160938 0.215625 0.000240139
0 0.125391 0.937891 0.202344 0.124219 0.000245105
0 0.895703 0.270703 0.208594 0.532031 0.000252569
0 0.271484 0.0359375 0.191406 0.0671875 0.000252612
0 0.156641 0.0648438 0.205469 0.129688 0.000263368
0 0.968359 0.4375 0.0617188 0.559375 0.00026629
0 0.935547 0.212109 0.128906 0.424219 0.000286647
0 0.716406 0.107813 0.248437 0.215625 0.000299069
0 0.344141 0.106641 0.225781 0.213281 0.00030235
0 0.883594 0.119141 0.232812 0.238281 0.000392665
0 0.283594 0.0660156 0.226562 0.132031 0.000580382
0 0.216406 0.102344 0.278125 0.204688 0.00061241
