0 0.745313 0.273828 0.096875 0.132031 0.000100324
0 0.718359 0.204688 0.0929687 0.0828125 0.000100892
0 0.463281 0.194141 0.05625 0.0742188 0.000101407
0 0.424609 0.308203 0.142969 0.278906 0.000102111
0 0.307422 0.793359 0.0929687 0.0664062 0.000102383
0 0.758984 0.222266 0.0539063 0.0632813 0.000102711
0 0.221484 0.344922 0.105469 0.172656 0.000102978
0 0.974219 0.314844 0.0515625 0.36875 0.000103155
0 0.761719 0.391797 0.15625 0.158594 0.000104253
0 0.801172 0.322266 0.107031 0.152344 0.000105332
0 0.298828 0.300391 0.0789063 0.0960938 0.000106782
0 0.662109 0.473437 0.139844 0.170312 0.000109279
0 0.804688 0.303516 0.053125 0.0632813 0.000110063
0 0.361719 0.171094 0.26875 0.234375 0.000111365
0 0.774219 0.323047 0.0453125 0.0695312 0.000114394
0 0.280078 0.384766 0.124219 0.238281 0.000120511
0 0.778906 0.342969 0.0671875 0.107813 0.000125718
0 0.778125 0.303516 0.0578125 0.0726563 0.000128593
0 0.805078 0.467578 0.0867188 0.111719 0.000130515
0 0.3 0.262109 0.075 0.105469 0.000131787
0 0.311719 0.235156 0.33125 0.323438 0.000136333
0 0.259766 0.487891 0.144531 0.149219 0.000137273
0 0.304297 0.789062 0.0601562 0.0328125 0.000144275
0 0.760547 0.303125 0.0445312 0.0671875 0.000145181
0 0.684375 0.389453 0.170312 0.266406 0.000150286
0 0.449609 0.2 0.0929687 0.125 0.000150965
0 0.427734 0.225 0.133594 0.16875 0.000152335
0 0.873438 0.300781 0.239063 0.59375 0.000153297
0 0.686328 0.201562 0.103906 0.0953125 0.000154952
0 0.253125 0.492578 0.303125 0.278906 0.000158071
0 0.322266 0.320312 0.114844 0.173438 0.000168096
0 0.329297 0.429297 0.146094 0.214844 0.000179109
0 0.739062 0.526563 0.15 0.157813 0.000179891
0 0.344531 0.471875 0.0921875 0.0984375 0.000181838
0 0.307813 0.471484 0.146875 0.141406 0.000186434
0 0.759375 0.283594 0.059375 0.078125 0.000188042
0 0.386719 0.43125 0.135937 0.196875 0.000201261
0 0.281641 0.282422 0.0804688 0.110156 0.000213005
0 0.34375 0.278516 0.123438 0.153906 0.000215816
0 0.761328 0.321875 0.0617188 0.090625 0.000222695
0 0.782812 0.525781 0.151562 0.195312 0.0002406
0 0.385156 0.51875 0.14375 0.165625 0.000260372
0 0.21875 0.503516 0.157813 0.152344 0.000266357
0 0.249219 0.281641 0.11875 0.169531 0.000274835
0 0.837109 0.450781 0.0851562 0.114063 0.000274856
0 0.696094 0.224609 0.151562 0.128906 0.000284711
0 0.277344 0.319141 0.075 0.0898438 0.000291406
0 0.764063 0.327344 0.171875 0.265625 0.000298631
0 0.238672 0.3875 0.121094 0.226562 0.000304507
0 0.840625 0.487891 0.084375 0.114844 0.000346371
0 0.820312 0.417188 0.103125 0.154687 0.000508468
0 0.805859 0.425 0.0835937 0.0953125 0.000526113
0 0.192188 0.467969 0.129688 0.235938 0.000737163
0 0.363672 0.220313 0.174219 0.164062 0.000785649
0 0.862891 0.478125 0.135156 0.257812 0.000825906
0 0.723047 0.492969 0.217969 0.190625 0.000833633
0 0.275391 0.306641 0.117969 0.164844 0.00102892
0 0.307031 0.269141 0.128125 0.171094 0.00104388
0 0.841797 0.5375 0.149219 0.245312 0.0010624
0 0.359766 0.472266 0.164844 0.158594 0.00150178
0 0.786328 0.433203 0.161719 0.174219 0.0015825
0 0.298438 0.307813 0.184375 0.278125 0.00165602
0 0.354688 0.286328 0.175 0.255469 0.00176253
0 0.271875 0.402344 0.223438 0.29375 0.00192744
0 0.676953 0.518359 0.153906 0.160156 0.00219046
0 0.231641 0.445312 0.169531 0.232812 0.00259355
0 0.745313 0.540625 0.296875 0.21875 0.00327978
0 0.345703 0.384766 0.211719 0.333594 0.00354406
0 0.303906 0.474609 0.257812 0.186719 0.00981484
0 0.760547 0.388281 0.275781 0.434375 0.0148657
0 0.824219 0.470703 0.13125 0.216406 0.0238473
0 0.785156 0.482031 0.234375 0.275 0.244484
