0 0.923047 0.694141 0.132031 0.167969 0.000103939
0 0.969922 0.727734 0.0601562 0.403906 0.000104875
0 0.326953 0.557031 0.102344 0.215625 0.000105102
0 0.797656 0.0328125 0.251563 0.065625 0.000106374
0 0.430078 0.594141 0.0882813 0.110156 0.000107282
0 0.889063 0.690234 0.132812 0.132031 0.000107589
0 0.5 0.533984 0.117188 0.271094 0.000108451
0 0.84375 0.528125 0.084375 0.096875 0.000108745
0 0.468359 0.518359 0.117969 0.214844 0.000110009
0 0.780469 0.637109 0.0921875 0.110156 0.000113257
0 0.421094 0.317578 0.13125 0.157031 0.000113795
0 0.677344 0.0171875 0.2125 0.034375 0.000116801
0 0.137109 0.893359 0.253906 0.213281 0.000120716
0 0.422656 0.703906 0.295312 0.2125 0.000123062
0 0.0710938 0.640625 0.142188 0.675 0.000123324
0 0.490625 0.384375 0.123438 0.235938 0.000125772
0 0.903906 0.392188 0.157813 0.432813 0.000135085
0 0.807031 0.430469 0.165625 0.209375 0.000137552
0 0.808203 0.340234 0.117969 0.147656 0.000141517
0 0.939062 0.770312 0.121875 0.457812 0.000147126
0 0.205078 0.0984375 0.342969 0.196875 0.000152653
0 0.332031 0.444141 0.0875 0.144531 0.000161245
0 0.901172 0.535156 0.128906 0.204688 0.000162262
0 0.291406 0.655469 0.110937 0.171875 0.000168503
0 0.342578 0.678906 0.321094 0.321875 0.00017194
0 0.845703 0.492188 0.0851562 0.104687 0.000173061
0 0.336328 0.362891 0.133594 0.207031 0.00017429
0 0.768359 0.0503906 0.353906 0.100781 0.000176516
0 0.903906 0.653906 0.0875 0.110937 0.00017902
0 0.0269531 0.525781 0.0492188 0.467187 0.000180009
0 0.880859 0.734766 0.238281 0.353906 0.000180813
0 0.0488281 0.734766 0.0976562 0.386719 0.000195432
0 0.38125 0.463281 0.109375 0.160938 0.000205844
0 0.853125 0.344922 0.0859375 0.144531 0.00020642
0 0.0679687 0.0542969 0.134375 0.108594 0.000216083
0 0.4 0.442578 0.0765625 0.0882813 0.000229302
0 0.297266 0.566797 0.127344 0.305469 0.000233401
0 0.765234 0.510547 0.117969 0.166406 0.000234374
0 0.0324219 0.649609 0.0632813 0.553906 0.00024552
0 0.862891 0.471875 0.0820312 0.110937 0.000247174
0 0.481641 0.603516 0.282031 0.274219 0.000247705
0 0.403906 0.651953 0.145313 0.128906 0.00025307
0 0.770312 0.260547 0.15625 0.161719 0.000254586
0 0.106641 0.0367187 0.213281 0.0734375 0.000265836
0 0.388672 0.558203 0.196094 0.216406 0.000266548
0 0.488672 0.670313 0.169531 0.179688 0.000277137
0 0.718359 0.0292969 0.239844 0.0585938 0.000280614
0 0.0648438 0.855469 0.129688 0.289062 0.000281292
0 0.139062 0.0574219 0.278125 0.111719 0.000301571
0 0.0316406 0.813281 0.0617188 0.353125 0.000311816
0 0.429688 0.513672 0.142188 0.286719 0.000312237
0 0.363672 0.391797 0.0867188 0.0976562 0.000324421
0 0.105469 0.815625 0.210938 0.365625 0.000326705
0 0.322266 0.658984 0.0867188 0.100781 0.000344412
0 0.784766 0.314453 0.183594 0.213281 0.000358283
0 0.771094 0.679688 0.154687 0.167187 0.000376063
0 0.814844 0.290234 0.123438 0.144531 0.000392806
0 0.916406 0.524609 0.15 0.369531 0.000400779
0 0.0460938 0.475391 0.0921875 0.914844 0.000402456
0 0.766406 0.633984 0.11875 0.178906 0.000424107
0 0.345313 0.489844 0.1125 0.257812 0.000429087
0 0.879297 0.489062 0.108594 0.170312 0.00043781
0 0.386719 0.615234 0.15 0.172656 0.000438751
0 0.828125 0.705859 0.264062 0.225781 0.000449199
0 0.806641 0.489453 0.192969 0.196094 0.000461602
0 0.846094 0.650391 0.146875 0.152344 0.000556566
0 0.413281 0.404687 0.173438 0.259375 0.000590193
0 0.398047 0.424609 0.108594 0.108594 0.000669457
0 0.920703 0.633203 0.116406 0.224219 0.000755725
0 0.469922 0.572266 0.0867188 0.113281 0.000770778
0 0.342969 0.402734 0.090625 0.135156 0.000796295
0 0.384766 0.350391 0.147656 0.205469 0.00103374
0 0.860937 0.450391 0.103125 0.214844 0.00106627
0 0.845312 0.532422 0.171875 0.189844 0.00125283
0 0.833203 0.321094 0.0898438 0.11875 0.00128448
0 0.322656 0.670703 0.123438 0.149219 0.00144358
0 0.465234 0.628906 0.171094 0.176563 0.00150734
0 0.826563 0.593359 0.15 0.217969 0.00155535
0 0.43125 0.592969 0.14375 0.160938 0.00168082
0 0.361328 0.426172 0.103906 0.121094 0.00184555
0 0.841797 0.361719 0.111719 0.240625 0.00192867
0 0.785156 0.371484 0.226562 0.428906 0.00208399
0 0.780078 0.552344 0.174219 0.276563 0.00224385
0 0.875781 0.485938 0.1625 0.332812 0.00248973
0 0.465234 0.484766 0.174219 0.394531 0.00252296
0 0.886328 0.666406 0.186719 0.20625 0.00282459
0 0.328125 0.610547 0.140625 0.211719 0.00293863
0 0.792578 0.633984 0.182031 0.239844 0.00344692
0 0.885156 0.594922 0.135937 0.244531 0.00446008
0 0.368359 0.673047 0.225781 0.172656 0.00452756
0 0.373437 0.405859 0.14375 0.177344 0.00540899
0 0.350391 0.551172 0.167969 0.321094 0.00585311
0 0.833984 0.396484 0.160156 0.352344 0.00895835
0 0.46875 0.572656 0.148438 0.203125 0.019531
0 0.402344 0.485938 0.234375 0.423438 0.022414
0 0.819531 0.482031 0.223438 0.465625 0.0273611
0 0.400781 0.616406 0.2625 0.228125 0.0600818
0 0.844922 0.598828 0.239844 0.294531 0.163099
