0 0.766797 0.798828 0.147656 0.194531 0.000100008
0 0.934375 0.2625 0.13125 0.392188 0.000101394
0 0.755078 0.508203 0.0835937 0.107031 0.000102626
0 0.385156 0.364453 0.078125 0.105469 0.000103043
0 0.552734 0.0179687 0.205469 0.0359375 0.000107903
0 0.0644531 0.735547 0.128906 0.466406 0.00010821
0 0.329297 0.410156 0.142969 0.2125 0.000109095
0 0.0210938 0.574219 0.040625 0.264062 0.000109428
0 0.700391 0.616016 0.136719 0.197656 0.00011093
0 0.321875 0.490625 0.084375 0.0984375 0.000111405
0 0.414453 0.256641 0.0929687 0.0726563 0.000112572
0 0.0316406 0.850781 0.0632813 0.298438 0.000124084
0 0.101172 0.803906 0.202344 0.392188 0.000127091
0 0.533203 0.0972656 0.236719 0.194531 0.000131035
0 0.308594 0.554297 0.128125 0.257031 0.000132194
0 0.382812 0.633594 0.151562 0.265625 0.000144014
0 0.339063 0.7 0.185937 0.196875 0.000147343
0 0.778516 0.323438 0.0523437 0.0765625 0.000155579
0 0.837109 0.701172 0.124219 0.207031 0.00016066
0 0.813672 0.594922 0.127344 0.277344 0.000161254
0 0.0652344 0.858984 0.130469 0.282031 0.00016503
0 0.305469 0.489453 0.10625 0.191406 0.000172531
0 0.939844 0.186719 0.11875 0.192188 0.000175093
0 0.68125 0.448828 0.117188 0.186719 0.000176049
0 0.271875 0.625391 0.325 0.575781 0.000179429
0 0.668359 0.726953 0.238281 0.338281 0.000182834
0 0.456641 0.435547 0.182031 0.319531 0.000195518
0 0.693359 0.387109 0.164844 0.313281 0.00019802
0 0.385547 0.351172 0.272656 0.377344 0.000202252
0 0.308984 0.782422 0.177344 0.133594 0.000240541
0 0.7375 0.489844 0.0859375 0.1 0.000262987
0 0.703516 0.679297 0.213281 0.207031 0.000263374
0 0.0128906 0.6125 0.0257812 0.220313 0.000266426
0 0.425391 0.467578 0.150781 0.166406 0.000279895
0 0.797266 0.411719 0.0945313 0.164062 0.000294683
0 0.694531 0.288281 0.135937 0.1625 0.000313316
0 0.745313 0.592969 0.146875 0.234375 0.000317691
0 0.592578 0.03125 0.224219 0.0625 0.000344743
0 0.382031 0.509375 0.207813 0.185937 0.000392754
0 0.564062 0.0605469 0.23125 0.121094 0.000422533
0 0.724219 0.741406 0.257812 0.214062 0.000442071
0 0.383594 0.362891 0.13125 0.166406 0.000452806
0 0.740625 0.453125 0.157813 0.1875 0.000471008
0 0.342578 0.747656 0.267969 0.234375 0.000479004
0 0.817969 0.817969 0.167187 0.175 0.000499094
0 0.407813 0.514844 0.226562 0.325 0.000499869
0 0.299219 0.757812 0.120312 0.0890625 0.000554991
0 0.677734 0.250781 0.0789063 0.0890625 0.000563716
0 0.3 0.528125 0.171875 0.401563 0.000574617
0 0.779688 0.450391 0.126563 0.235156 0.000716877
0 0.439844 0.254687 0.096875 0.090625 0.000782877
0 0.744922 0.639453 0.230469 0.205469 0.000812922
0 0.433203 0.282031 0.125781 0.167187 0.000825436
0 0.344141 0.469531 0.171094 0.184375 0.000843601
0 0.777734 0.552734 0.142969 0.274219 0.000847808
0 0.816406 0.759375 0.135937 0.254687 0.000848073
0 0.705469 0.489062 0.135937 0.207813 0.00090723
0 0.325 0.613281 0.14375 0.217187 0.000929132
0 0.289844 0.681641 0.178125 0.249219 0.000936884
0 0.359375 0.574219 0.20625 0.196875 0.000959148
0 0.7125 0.798437 0.321875 0.35 0.00103849
0 0.397266 0.680469 0.280469 0.36875 0.00105347
0 0.310547 0.735937 0.160156 0.145313 0.00140004
0 0.697656 0.542188 0.201562 0.323438 0.00166242
0 0.801172 0.479297 0.158594 0.436719 0.00170261
0 0.740234 0.512891 0.132031 0.224219 0.00196205
0 0.388672 0.365625 0.174219 0.270312 0.00204928
0 0.800781 0.681641 0.1375 0.249219 0.00212936
0 0.829297 0.694141 0.182031 0.377344 0.00263127
0 0.7125 0.649219 0.267188 0.376563 0.00312263
0 0.801562 0.794531 0.217187 0.2875 0.00537947
0 0.361328 0.4375 0.208594 0.326562 0.0116697
0 0.7375 0.448438 0.207813 0.429688 0.0123624
0 0.332812 0.639844 0.240625 0.329688 0.0194649
0 0.766406 0.560938 0.217187 0.440625 0.0974686
0 0.768359 0.719922 0.241406 0.349219 0.106211
0 0.360156 0.523828 0.260938 0.555469 0.313435
