0 0.676562 0.678516 0.128125 0.272656 0.000105752
0 0.512109 0.790234 0.197656 0.382031 0.000106848
0 0.802734 0.0464844 0.378906 0.0929687 0.00011114
0 0.0429688 0.822266 0.0859375 0.233594 0.000112275
0 0.551172 0.654297 0.117969 0.235156 0.000113236
0 0.146484 0.445312 0.163281 0.220313 0.000115531
0 0.0726563 0.699219 0.125 0.217187 0.00012728
0 0.650781 0.4 0.084375 0.101562 0.000136549
0 0.212891 0.805078 0.113281 0.196094 0.000140295
0 0.594141 0.877734 0.133594 0.182031 0.00014089
0 0.253516 0.478906 0.158594 0.307813 0.000141848
0 0.862109 0.0332031 0.271094 0.0664062 0.000159569
0 0.104297 0.637109 0.130469 0.264844 0.000159888
0 0.678125 0.846094 0.090625 0.115625 0.000163583
0 0.0785156 0.534766 0.116406 0.255469 0.000167542
0 0.676953 0.788672 0.135156 0.214844 0.000204082
0 0.479297 0.693359 0.319531 0.613281 0.000205859
0 0.108594 0.741797 0.1375 0.286719 0.000207929
0 0.278516 0.45625 0.260156 0.392188 0.000209649
0 0.503906 0.561328 0.11875 0.269531 0.000210261
0 0.24375 0.790625 0.192188 0.31875 0.000217186
0 0.539844 0.821484 0.15 0.247656 0.000224624
0 0.594531 0.566016 0.179688 0.205469 0.000224908
0 0.224609 0.563281 0.177344 0.442187 0.0002287
0 0.567578 0.482812 0.177344 0.315625 0.000234736
0 0.194141 0.46875 0.316406 0.534375 0.000253093
0 0.611719 0.573828 0.309375 0.717969 0.000277474
0 0.672266 0.567969 0.121094 0.251563 0.000288186
0 0.390625 0.513672 0.38125 0.817969 0.000356395
0 0.1 0.486719 0.115625 0.201562 0.000374032
0 0.216016 0.853906 0.161719 0.204688 0.000379351
0 0.114844 0.859375 0.135937 0.176563 0.000383265
0 0.0746094 0.614062 0.124219 0.190625 0.000384744
0 0.216797 0.691016 0.210156 0.491406 0.000405477
0 0.0695312 0.871484 0.135937 0.213281 0.000419059
0 0.619141 0.808594 0.142969 0.225 0.0004364
0 0.646094 0.607422 0.171875 0.480469 0.000446106
0 0.196094 0.464063 0.221875 0.332812 0.000494339
0 0.0546875 0.693359 0.109375 0.361719 0.000595225
0 0.281641 0.614844 0.369531 0.7125 0.000639969
0 0.528516 0.569531 0.121094 0.178125 0.000646746
0 0.558203 0.598828 0.149219 0.192969 0.000649088
0 0.111328 0.492969 0.167969 0.307813 0.00066347
0 0.130469 0.613672 0.19375 0.405469 0.000785153
0 0.0722656 0.781641 0.136719 0.275781 0.000952039
0 0.566016 0.621484 0.175781 0.346094 0.00126253
0 0.172266 0.820312 0.197656 0.226562 0.00150295
0 0.703516 0.855469 0.147656 0.2375 0.00226513
0 0.658984 0.841797 0.160156 0.197656 0.00333796
0 0.593359 0.856641 0.219531 0.227344 0.00342539
0 0.597656 0.716797 0.226562 0.433594 0.00424862
0 0.078125 0.614844 0.142188 0.371875 0.00453374
0 0.673437 0.726953 0.167187 0.421094 0.00560507
0 0.151953 0.623828 0.274219 0.625781 0.00844302
0 0.114453 0.839453 0.221094 0.232031 0.0111267
0 0.641406 0.808594 0.210938 0.304688 0.0175856
0 0.0976562 0.702734 0.190625 0.461719 0.047574
