0 0.371094 0.655078 0.0859375 0.0945313 0.000102502
0 0.346094 0.512109 0.084375 0.0851562 0.000103763
0 0.46875 0.545703 0.134375 0.364844 0.000104904
0 0.318359 0.451953 0.0882813 0.108594 0.000107826
0 0.296875 0.428125 0.0890625 0.107813 0.000108908
0 0.402344 0.448828 0.1125 0.236719 0.000110212
0 0.358984 0.405859 0.150781 0.200781 0.000110701
0 0.359766 0.260156 0.183594 0.123438 0.000119794
0 0.327344 0.677344 0.139062 0.11875 0.000120043
0 0.347656 0.597656 0.0828125 0.103125 0.00012823
0 0.675 0.319922 0.0875 0.113281 0.000128266
0 0.366797 0.572656 0.0773437 0.0984375 0.000134986
0 0.740234 0.612891 0.146094 0.208594 0.000146432
0 0.216406 0.480078 0.201562 0.442969 0.000150312
0 0.805078 0.533594 0.144531 0.271875 0.000151081
0 0.982422 0.482031 0.0351562 0.434375 0.000151284
0 0.365234 0.526172 0.0789063 0.0804688 0.000153192
0 0.417969 0.635156 0.0828125 0.0984375 0.000155736
0 0.279297 0.408984 0.0820312 0.111719 0.000174628
0 0.399219 0.282031 0.1625 0.1375 0.000182289
0 0.677734 0.360156 0.164844 0.20625 0.000187724
0 0.803125 0.318359 0.167187 0.197656 0.000195208
0 0.676562 0.282031 0.090625 0.114063 0.000205487
0 0.296875 0.470313 0.090625 0.10625 0.000218312
0 0.280859 0.716797 0.196094 0.177344 0.000220694
0 0.264453 0.485547 0.0820312 0.107031 0.00022647
0 0.343359 0.317187 0.0882813 0.104687 0.00022797
0 0.244141 0.593359 0.102344 0.257031 0.000230784
0 0.832422 0.405469 0.214844 0.417188 0.000232421
0 0.256641 0.605078 0.310156 0.505469 0.000235011
0 0.390625 0.672656 0.0859375 0.096875 0.000242362
0 0.367188 0.726562 0.240625 0.195312 0.000244653
0 0.779297 0.323828 0.0851562 0.114844 0.000244872
0 0.680859 0.682422 0.121094 0.172656 0.000246491
0 0.396484 0.536328 0.285156 0.483594 0.000259218
0 0.382812 0.508203 0.078125 0.0929687 0.000272211
0 0.342969 0.336719 0.132812 0.153125 0.000283712
0 0.36875 0.675391 0.140625 0.132031 0.000312576
0 0.257812 0.683984 0.134375 0.171094 0.000326733
0 0.363672 0.469531 0.136719 0.223438 0.00033355
0 0.873047 0.6375 0.133594 0.214062 0.00034653
0 0.688672 0.524219 0.210156 0.435937 0.000350337
0 0.842969 0.553125 0.120312 0.28125 0.000355017
0 0.279297 0.593359 0.114844 0.208594 0.000357448
0 0.784766 0.594531 0.150781 0.226562 0.000399404
0 0.873438 0.565625 0.198437 0.426562 0.000405834
0 0.369141 0.615234 0.0851562 0.100781 0.000430708
0 0.291797 0.321875 0.169531 0.176563 0.000457877
0 0.346875 0.288281 0.125 0.120312 0.000460347
0 0.661719 0.253516 0.160938 0.164844 0.000472116
0 0.401953 0.530078 0.119531 0.246094 0.000508918
0 0.382031 0.509375 0.10625 0.153125 0.000522191
0 0.685547 0.621094 0.136719 0.225 0.000547151
0 0.664453 0.391016 0.192969 0.394531 0.000701284
0 0.266016 0.385156 0.116406 0.185937 0.000715748
0 0.326172 0.614844 0.185156 0.16875 0.000740217
0 0.277734 0.45 0.0867188 0.11875 0.0007472
0 0.262891 0.529297 0.107031 0.272656 0.000820928
0 0.392578 0.382812 0.197656 0.329688 0.00089392
0 0.798047 0.396875 0.149219 0.26875 0.000920805
0 0.726562 0.655859 0.2125 0.246094 0.000953053
0 0.282813 0.640234 0.175 0.217969 0.000993994
0 0.317969 0.445703 0.159375 0.177344 0.00106784
0 0.325391 0.528516 0.138281 0.260156 0.00118392
0 0.417188 0.675391 0.1375 0.185156 0.00131535
0 0.389062 0.633203 0.0796875 0.0898438 0.00166644
0 0.366016 0.552734 0.130469 0.233594 0.0018526
0 0.412109 0.605469 0.128906 0.217187 0.00206652
0 0.672656 0.303516 0.134375 0.191406 0.00294917
0 0.323047 0.679297 0.253906 0.213281 0.00322804
0 0.835938 0.605078 0.175 0.252344 0.00383788
0 0.758203 0.343359 0.172656 0.208594 0.00390289
0 0.267188 0.446875 0.101562 0.195312 0.00533874
0 0.324609 0.596875 0.292969 0.382812 0.00550753
0 0.389844 0.642578 0.128125 0.155469 0.00582944
0 0.381641 0.518359 0.175781 0.369531 0.0069808
0 0.351562 0.305859 0.1875 0.167969 0.00773638
0 0.267578 0.522656 0.146094 0.410937 0.00839696
0 0.361328 0.605078 0.199219 0.260156 0.0163419
0 0.794531 0.485547 0.198437 0.435156 0.0167199
0 0.316797 0.376953 0.186719 0.286719 0.0186418
0 0.708203 0.303516 0.222656 0.230469 0.0221983
0 0.283984 0.432813 0.138281 0.301562 0.0276688
0 0.782422 0.598828 0.261719 0.308594 0.0287648
0 0.326562 0.461719 0.23125 0.471875 0.220938
0 0.754687 0.471094 0.315625 0.548437 0.401476
