0 0.761719 0.492969 0.0890625 0.096875 0.000100323
0 0.645703 0.512891 0.110156 0.153906 0.000100694
0 0.790625 0.283203 0.0484375 0.0664062 0.000107504
0 0.332422 0.771094 0.186719 0.195312 0.00011092
0 0.758984 0.274609 0.0773437 0.117969 0.000111488
0 0.767578 0.241016 0.0648438 0.0882813 0.000114646
0 0.347266 0.476953 0.0882813 0.114844 0.000116444
0 0.741016 0.311719 0.138281 0.184375 0.00012175
0 0.782812 0.55 0.0890625 0.117188 0.00012761
0 0.813672 0.554688 0.0679687 0.120312 0.000130285
0 0.744531 0.241406 0.0453125 0.0546875 0.000137568
0 0.256641 0.305859 0.107031 0.136719 0.000138606
0 0.777734 0.348828 0.0929687 0.163281 0.000140143
0 0.380859 0.475 0.0851562 0.114063 0.000141561
0 0.68125 0.53125 0.09375 0.110937 0.000141678
0 0.307422 0.578125 0.260156 0.195312 0.000143895
0 0.722656 0.386719 0.109375 0.1 0.000154703
0 0.229687 0.528125 0.0890625 0.101562 0.000156977
0 0.266406 0.269531 0.1 0.096875 0.000160563
0 0.775781 0.233594 0.0359375 0.0671875 0.000173572
0 0.776953 0.264062 0.0507812 0.084375 0.000176611
0 0.404687 0.484766 0.134375 0.180469 0.000178445
0 0.227734 0.346484 0.0757812 0.117969 0.000184576
0 0.738672 0.514844 0.0898438 0.107813 0.000198585
0 0.215625 0.495703 0.0859375 0.110156 0.000212524
0 0.773047 0.217578 0.0289063 0.0460938 0.000222871
0 0.799219 0.473828 0.09375 0.189844 0.00023687
0 0.257031 0.473047 0.142188 0.186719 0.000237439
0 0.778516 0.309375 0.0757812 0.114063 0.000238699
0 0.759375 0.531641 0.09375 0.113281 0.00025368
0 0.758203 0.236719 0.0398437 0.0671875 0.000267501
0 0.753906 0.2625 0.05 0.0640625 0.000281277
0 0.238672 0.555469 0.192969 0.176563 0.000322065
0 0.805859 0.578906 0.0992187 0.140625 0.000472704
0 0.79375 0.45 0.121875 0.296875 0.000475056
0 0.784375 0.512109 0.0859375 0.108594 0.000493336
0 0.329688 0.510547 0.090625 0.100781 0.00053174
0 0.71875 0.531641 0.0921875 0.110156 0.000546184
0 0.221484 0.450781 0.116406 0.25 0.000555274
0 0.303516 0.474609 0.149219 0.169531 0.000567293
0 0.700391 0.499609 0.142969 0.171094 0.000669888
0 0.35 0.549609 0.140625 0.144531 0.000811359
0 0.203125 0.539062 0.0890625 0.1375 0.000992029
0 0.765625 0.571094 0.185937 0.173438 0.00102575
0 0.304297 0.436328 0.285156 0.324219 0.00144814
0 0.673437 0.545703 0.16875 0.160156 0.00149069
0 0.760938 0.494141 0.14375 0.196094 0.00201693
0 0.732422 0.458594 0.205469 0.284375 0.00265747
0 0.361719 0.508203 0.0890625 0.102344 0.00335493
0 0.721484 0.530859 0.272656 0.252344 0.00486824
0 0.791406 0.532422 0.117188 0.180469 0.00632397
0 0.352344 0.464844 0.16875 0.198437 0.00635839
0 0.232031 0.516406 0.145313 0.164062 0.00695585
0 0.360547 0.507812 0.132031 0.14375 0.0163921
0 0.304688 0.506641 0.2375 0.174219 0.0698978
0 0.728906 0.535547 0.204688 0.164844 0.123769
