0 0.221094 0.126563 0.404687 0.251563 0.000103454
0 0.903516 0.468359 0.0867188 0.102344 0.000103517
0 0.41875 0.464844 0.35 0.460938 0.000104744
0 0.7125 0.519141 0.151562 0.217969 0.000114034
0 0.170312 0.519141 0.20625 0.375781 0.000115156
0 0.321875 0.340234 0.128125 0.144531 0.00011786
0 0.219922 0.529688 0.0851562 0.114063 0.000118486
0 0.741406 0.30625 0.160938 0.184375 0.000119477
0 0.822656 0.385547 0.13125 0.175781 0.000121682
0 0.220703 0.489453 0.0820312 0.111719 0.000122839
0 0.283594 0.567969 0.1375 0.15 0.000122851
0 0.823828 0.303906 0.124219 0.190625 0.000128549
0 0.324609 0.448438 0.142969 0.265625 0.000133171
0 0.423438 0.125391 0.303125 0.241406 0.000134753
0 0.414844 0.189844 0.182812 0.307813 0.000135318
0 0.870703 0.56875 0.152344 0.178125 0.000136935
0 0.838281 0.241797 0.290625 0.405469 0.000139699
0 0.533984 0.5 0.622656 1 0.000140744
0 0.710938 0.354297 0.151562 0.263281 0.000151148
0 0.94375 0.627734 0.1125 0.144531 0.000158327
0 0.345313 0.528906 0.0921875 0.101562 0.000159162
0 0.786719 0.215234 0.146875 0.174219 0.000159396
0 0.910937 0.365234 0.160938 0.377344 0.00016642
0 0.249609 0.222656 0.316406 0.339063 0.000167447
0 0.8 0.344922 0.11875 0.161719 0.000179481
0 0.613281 0.108203 0.3875 0.213281 0.000190482
0 0.226562 0.343359 0.117188 0.271094 0.000202121
0 0.225781 0.429297 0.109375 0.188281 0.000209224
0 0.848828 0.448047 0.192969 0.200781 0.000210138
0 0.714844 0.132812 0.264062 0.229687 0.000217078
0 0.823047 0.239844 0.127344 0.201562 0.000225104
0 0.417578 0.380469 0.233594 0.43125 0.00022952
0 0.323047 0.300391 0.175781 0.183594 0.000235001
0 0.950781 0.521875 0.09375 0.323438 0.00024684
0 0.805469 0.492188 0.226562 0.20625 0.000249427
0 0.262109 0.236328 0.0898438 0.111719 0.000253785
0 0.923047 0.967188 0.153906 0.065625 0.000263636
0 0.400781 0.552344 0.15625 0.171875 0.000266889
0 0.856641 0.623047 0.275781 0.236719 0.000268082
0 0.883594 0.386719 0.1375 0.246875 0.000272419
0 0.278906 0.473437 0.189063 0.210938 0.000303017
0 0.739062 0.234375 0.2125 0.334375 0.000320686
0 0.30625 0.530469 0.135937 0.145313 0.000324437
0 0.537891 0.389453 0.428906 0.778906 0.000334086
0 0.279297 0.278125 0.138281 0.19375 0.000336124
0 0.398438 0.473437 0.165625 0.251563 0.000360122
0 0.74375 0.591406 0.16875 0.201562 0.000418522
0 0.260156 0.527734 0.145313 0.199219 0.000461697
0 0.848437 0.342578 0.128125 0.222656 0.000487755
0 0.867188 0.511719 0.2 0.204688 0.000513357
0 0.382812 0.264844 0.178125 0.225 0.000588274
0 0.198437 0.383984 0.173438 0.453906 0.000589149
0 0.257422 0.405469 0.135156 0.276563 0.000653018
0 0.776953 0.320703 0.250781 0.374219 0.000742849
0 0.350781 0.584375 0.239063 0.20625 0.00101573
0 0.34375 0.307813 0.21875 0.335938 0.00101688
0 0.247266 0.272656 0.144531 0.2625 0.00110836
0 0.903906 0.448047 0.13125 0.250781 0.00114106
0 0.928516 0.596094 0.0867188 0.10625 0.00118231
0 0.265234 0.220313 0.125781 0.1625 0.00122151
0 0.75 0.351562 0.346875 0.642187 0.00141721
0 0.227344 0.563281 0.164062 0.24375 0.00151969
0 0.801953 0.235547 0.202344 0.271094 0.00174964
0 0.223438 0.508203 0.1125 0.205469 0.00180195
0 0.786719 0.441406 0.296875 0.384375 0.00192495
0 0.34375 0.19375 0.232812 0.28125 0.0019917
0 0.346875 0.441797 0.226562 0.372656 0.00223485
0 0.851562 0.328125 0.171875 0.35625 0.00287065
0 0.768359 0.544531 0.230469 0.248437 0.00333511
0 0.347656 0.530078 0.184375 0.177344 0.0038997
0 0.926953 0.589063 0.138281 0.190625 0.00613608
0 0.307031 0.342187 0.296875 0.5625 0.00626631
0 0.301172 0.230859 0.183594 0.217969 0.00708863
0 0.234375 0.474609 0.151562 0.319531 0.0128877
0 0.911719 0.535156 0.175 0.28125 0.0131436
0 0.297656 0.525781 0.276563 0.24375 0.0230974
0 0.833984 0.529688 0.311719 0.314063 0.0320289
0 0.262891 0.379687 0.182031 0.457812 0.0606949
0 0.854297 0.399219 0.263281 0.535937 0.155345
