0 0.713281 0.670703 0.0875 0.107031 0.000110802
0 0.657812 0.513281 0.125 0.182812 0.000114478
0 0.261719 0.173047 0.0578125 0.0695312 0.00011963
0 0.984375 0.612109 0.03125 0.260156 0.000129271
0 0.187891 0.439453 0.157031 0.575781 0.000129958
0 0.375 0.767187 0.525 0.465625 0.00013131
0 0.034375 0.605078 0.06875 0.621094 0.000132445
0 0.0761719 0.779297 0.149219 0.441406 0.00013496
0 0.684375 0.396875 0.11875 0.323438 0.000135198
0 0.555859 0.653125 0.135156 0.184375 0.000137468
0 0.0585938 0.930859 0.117188 0.138281 0.00013956
0 0.177344 0.560156 0.28125 0.534375 0.00014003
0 0.981641 0.738672 0.0367187 0.107031 0.000142149
0 0.243359 0.664062 0.133594 0.15625 0.000148058
0 0.583203 0.534766 0.147656 0.302344 0.000156256
0 0.727344 0.672266 0.1125 0.182031 0.000158989
0 0.0613281 0.862891 0.119531 0.274219 0.000167351
0 0.308203 0.560938 0.157031 0.245312 0.000168663
0 0.636719 0.633984 0.0875 0.111719 0.000172685
0 0.659375 0.292969 0.071875 0.103125 0.000175102
0 0.166797 0.529297 0.152344 0.360156 0.000179417
0 0.709766 0.616797 0.0851562 0.114844 0.000187024
0 0.645312 0.423828 0.159375 0.416406 0.000188581
0 0.660156 0.595703 0.078125 0.110156 0.000209644
0 0.0964844 0.458594 0.182031 0.701563 0.00023137
0 0.983594 0.779688 0.0328125 0.204688 0.00023664
0 0.677344 0.575 0.078125 0.1 0.000254587
0 0.0589844 0.631641 0.113281 0.719531 0.000275358
0 0.0292969 0.439063 0.0570313 0.50625 0.000275682
0 0.94375 0.550781 0.1125 0.757812 0.000291549
0 0.228125 0.489453 0.185937 0.414844 0.000300776
0 0.175391 0.333594 0.0570313 0.110937 0.000302433
0 0.203516 0.63125 0.0914062 0.110937 0.000305005
0 0.273438 0.6125 0.0890625 0.10625 0.000331338
0 0.645703 0.505078 0.266406 0.477344 0.000352017
0 0.678516 0.279297 0.0757812 0.0914062 0.000400649
0 0.686328 0.698438 0.174219 0.196875 0.00040333
0 0.621094 0.557813 0.165625 0.210938 0.00040421
0 0.253906 0.188281 0.053125 0.0640625 0.000424581
0 0.662891 0.651172 0.0898438 0.105469 0.000434952
0 0.982813 0.695312 0.034375 0.215625 0.000467712
0 0.680859 0.619141 0.0898438 0.116406 0.000468542
0 0.954297 0.781641 0.0914062 0.425781 0.000479445
0 0.0492188 0.434375 0.0953125 0.7 0.000598879
0 0.715234 0.56875 0.136719 0.309375 0.000674428
0 0.975781 0.736719 0.0453125 0.189063 0.000691754
0 0.623047 0.666406 0.247656 0.19375 0.000794561
0 0.975391 0.811328 0.0492188 0.369531 0.000832093
0 0.973828 0.527734 0.0507812 0.510156 0.000950016
0 0.964844 0.644531 0.0703125 0.570312 0.00132687
0 0.283594 0.635156 0.15625 0.165625 0.00141623
0 0.174609 0.636328 0.178906 0.194531 0.00162495
0 0.240234 0.617578 0.0914062 0.105469 0.00195475
0 0.221875 0.627344 0.290625 0.26875 0.0020393
0 0.587891 0.611328 0.189844 0.225781 0.00207111
0 0.694141 0.652344 0.0867188 0.104687 0.00229183
0 0.977344 0.683984 0.0453125 0.371094 0.00246038
0 0.667578 0.655078 0.292969 0.288281 0.00304518
0 0.201562 0.580078 0.1875 0.232031 0.003708
0 0.259375 0.583203 0.159375 0.205469 0.00372722
0 0.65 0.54375 0.196875 0.320312 0.00468492
0 0.679297 0.578125 0.132031 0.228125 0.00728359
0 0.693359 0.652344 0.141406 0.167187 0.0203056
0 0.229687 0.625391 0.178125 0.153906 0.055194
0 0.658984 0.623828 0.194531 0.205469 0.21525
