0 0.090625 0.283984 0.148438 0.241406 0.000100239
0 0.825781 0.708594 0.282813 0.4875 0.000101928
0 0.317578 0.301953 0.149219 0.225781 0.000105109
0 0.808984 0.0972656 0.330469 0.180469 0.000108711
0 0.973437 0.227344 0.053125 0.392188 0.000115334
0 0.315625 0.481641 0.1625 0.350781 0.000118014
0 0.982422 0.488281 0.0335938 0.242188 0.000120788
0 0.477344 0.607422 0.417188 0.613281 0.000121046
0 0.730859 0.795313 0.266406 0.251563 0.000123656
0 0.264062 0.743359 0.120312 0.211719 0.000126408
0 0.385938 0.697656 0.145313 0.18125 0.000128452
0 0.779688 0.657031 0.0859375 0.107813 0.000128605
0 0.241406 0.839453 0.190625 0.258594 0.000129851
0 0.381641 0.198437 0.316406 0.3625 0.000133953
0 0.747266 0.615625 0.139844 0.25625 0.000138156
0 0.530469 0.0945313 0.310937 0.189063 0.000142937
0 0.542188 0.713672 0.35 0.388281 0.00014312
0 0.279297 0.126563 0.417969 0.253125 0.000152323
0 0.319141 0.779297 0.149219 0.191406 0.000155763
0 0.869531 0.474219 0.203125 0.517187 0.000156166
0 0.929688 0.0976562 0.13125 0.1875 0.000159481
0 0.823828 0.604688 0.171094 0.560938 0.000160678
0 0.116016 0.0199219 0.224219 0.0382813 0.000164621
0 0.394141 0.0308594 0.302344 0.0617188 0.000164683
0 0.8 0.758984 0.110937 0.180469 0.000165259
0 0.351172 0.4875 0.222656 0.507812 0.000168266
0 0.650781 0.292969 0.1875 0.25 0.000169784
0 0.424219 0.694141 0.24375 0.299219 0.000175725
0 0.452734 0.0535156 0.349219 0.105469 0.000180609
0 0.972266 0.808203 0.0523437 0.336719 0.000188988
0 0.845703 0.768359 0.186719 0.267969 0.000194811
0 0.954297 0.405859 0.0882813 0.550781 0.00019596
0 0.706641 0.305469 0.180469 0.25 0.00019648
0 0.491406 0.0316406 0.251563 0.0617188 0.000201424
0 0.880859 0.0632813 0.225781 0.114063 0.000204162
0 0.119922 0.181641 0.233594 0.363281 0.000205901
0 0.720703 0.698828 0.149219 0.228906 0.000218963
0 0.779688 0.576172 0.121875 0.244531 0.000241544
0 0.342969 0.724219 0.2125 0.21875 0.000258863
0 0.0859375 0.101953 0.167187 0.202344 0.000289057
0 0.341797 0.361719 0.124219 0.189063 0.000292916
0 0.376172 0.0945313 0.372656 0.189063 0.000303945
0 0.727734 0.404687 0.182031 0.40625 0.000306805
0 0.286719 0.610156 0.257812 0.63125 0.000313291
0 0.691406 0.402344 0.25 0.589063 0.000325177
0 0.554688 0.452734 0.48125 0.832031 0.000360832
0 0.352734 0.826172 0.330469 0.280469 0.000360933
0 0.277734 0.0570313 0.397656 0.1125 0.000369769
0 0.101953 0.0339844 0.203906 0.0679687 0.000372103
0 0.665234 0.692969 0.197656 0.267188 0.00042089
0 0.971094 0.687109 0.05625 0.407031 0.000424686
0 0.967188 0.480859 0.0625 0.300781 0.000446009
0 0.183594 0.0332031 0.317187 0.0664062 0.000458808
0 0.405859 0.776172 0.236719 0.253906 0.000592235
0 0.281641 0.801172 0.149219 0.185156 0.000628776
0 0.762109 0.71875 0.142969 0.234375 0.000679137
0 0.267188 0.727734 0.167187 0.341406 0.000715041
0 0.185547 0.0867188 0.342969 0.173438 0.000786664
0 0.764453 0.483984 0.153906 0.385156 0.000815771
0 0.948828 0.617578 0.100781 0.619531 0.000855199
0 0.967188 0.523047 0.0640625 0.594531 0.000936297
0 0.789844 0.483984 0.167187 0.630469 0.000999686
0 0.78125 0.658594 0.128125 0.220313 0.001011
0 0.674219 0.620313 0.289062 0.459375 0.00114284
0 0.133594 0.0550781 0.264062 0.110156 0.00114751
0 0.361719 0.522656 0.329688 0.785937 0.00128384
0 0.807031 0.707422 0.14375 0.297656 0.00144356
0 0.671094 0.517969 0.360938 0.751562 0.0018439
0 0.355078 0.65 0.271094 0.467187 0.00233354
0 0.310937 0.776172 0.226562 0.255469 0.00780689
0 0.736719 0.705859 0.239063 0.291406 0.00787524
0 0.734375 0.539453 0.225 0.588281 0.0112509
0 0.778125 0.633203 0.164062 0.403906 0.0135086
