0 0.242969 0.492969 0.0953125 0.13125 0.000100469
0 0.0453125 0.105859 0.090625 0.211719 0.000101692
0 0.723828 0.407422 0.0835937 0.132031 0.000105029
0 0.0738281 0.936328 0.147656 0.127344 0.000106977
0 0.373047 0.522266 0.147656 0.396094 0.000107128
0 0.242969 0.400781 0.0953125 0.153125 0.000108241
0 0.317969 0.394922 0.175 0.264844 0.000111673
0 0.276172 0.537891 0.142969 0.202344 0.000111956
0 0.300781 0.693359 0.15 0.166406 0.000114389
0 0.65625 0.535156 0.135937 0.179688 0.000115063
0 0.219141 0.676562 0.0851562 0.109375 0.000115647
0 0.280078 0.633594 0.0835937 0.10625 0.000121512
0 0.735156 0.803906 0.315625 0.357812 0.000123032
0 0.187109 0.632422 0.280469 0.382031 0.000123286
0 0.622266 0.709375 0.164844 0.195312 0.000124646
0 0.760156 0.713281 0.151562 0.157813 0.000128768
0 0.759375 0.657031 0.0921875 0.101562 0.00014358
0 0.330469 0.749219 0.326562 0.3 0.00014881
0 0.176563 0.567578 0.173438 0.383594 0.000149685
0 0.738281 0.638672 0.084375 0.107031 0.000152685
0 0.342578 0.44375 0.188281 0.426562 0.000154488
0 0.225781 0.408203 0.2125 0.374219 0.000156424
0 0.637891 0.314844 0.117969 0.120312 0.000183031
0 0.239063 0.653516 0.090625 0.105469 0.000186421
0 0.110937 0.183984 0.220313 0.367969 0.000187972
0 0.238672 0.445703 0.124219 0.272656 0.000212897
0 0.776953 0.579687 0.125781 0.215625 0.000216846
0 0.201172 0.710156 0.152344 0.203125 0.000219113
0 0.717188 0.654688 0.0859375 0.104687 0.000230907
0 0.740625 0.532031 0.121875 0.18125 0.000233154
0 0.705078 0.420703 0.157031 0.241406 0.000234289
0 0.347266 0.675 0.147656 0.175 0.000252872
0 0.355859 0.575781 0.114844 0.198437 0.000262264
0 0.736328 0.450781 0.102344 0.175 0.000262949
0 0.230469 0.551172 0.084375 0.0882813 0.00028015
0 0.232812 0.593359 0.0859375 0.111719 0.00028989
0 0.696094 0.636719 0.0875 0.109375 0.00029485
0 0.344141 0.360547 0.0929687 0.108594 0.000312935
0 0.351953 0.364844 0.128906 0.16875 0.000322557
0 0.675781 0.614062 0.0828125 0.0984375 0.000326702
0 0.384766 0.629687 0.125781 0.229687 0.000338694
0 0.635938 0.302344 0.0734375 0.071875 0.000346348
0 0.3875 0.696875 0.129688 0.173438 0.000358396
0 0.239063 0.539453 0.1125 0.167969 0.000361829
0 0.21875 0.633594 0.0828125 0.114063 0.00038701
0 0.628516 0.569531 0.158594 0.279687 0.000434495
0 0.0714844 0.0714844 0.142969 0.142969 0.000456487
0 0.28125 0.714453 0.2625 0.182031 0.000474224
0 0.753906 0.489844 0.0875 0.153125 0.000495634
0 0.800391 0.629687 0.138281 0.25625 0.000500703
0 0.610156 0.630078 0.1375 0.210156 0.000528588
0 0.701953 0.557813 0.185156 0.2125 0.000535002
0 0.0789063 0.127734 0.157813 0.255469 0.000554828
0 0.798047 0.680859 0.0773437 0.0992187 0.00058738
0 0.716016 0.690625 0.150781 0.165625 0.000636536
0 0.73125 0.490625 0.153125 0.304688 0.000886855
0 0.216797 0.571875 0.0742188 0.104687 0.00102119
0 0.321484 0.631641 0.142969 0.197656 0.0014805
0 0.791016 0.682031 0.121094 0.142188 0.00158324
0 0.6625 0.616406 0.1375 0.203125 0.00183036
0 0.245312 0.671875 0.16875 0.190625 0.00188245
0 0.335938 0.578516 0.189063 0.282031 0.00237304
0 0.667188 0.674219 0.210938 0.204688 0.00367177
0 0.220313 0.579687 0.0875 0.182812 0.00373853
0 0.698438 0.637109 0.145313 0.163281 0.00453014
0 0.700781 0.521484 0.245312 0.407031 0.00477361
0 0.334375 0.678516 0.239063 0.238281 0.0049329
0 0.278125 0.611328 0.151562 0.200781 0.0058571
0 0.752344 0.657031 0.185937 0.182812 0.00681378
0 0.288281 0.511328 0.239063 0.436719 0.00751196
0 0.749219 0.574609 0.179688 0.310156 0.0100721
0 0.725391 0.70625 0.263281 0.203125 0.0105306
0 0.211328 0.633984 0.114844 0.255469 0.0144114
0 0.239453 0.580859 0.142969 0.272656 0.0259163
0 0.7125 0.633984 0.248437 0.257031 0.274837
0 0.280859 0.621484 0.233594 0.272656 0.320918
