0 0.31875 0.403906 0.075 0.1 0.000100571
0 0.324219 0.249219 0.05 0.059375 0.000101647
0 0.579297 0.306641 0.0695312 0.0804688 0.000105194
0 0.326172 0.489062 0.0835937 0.103125 0.000108126
0 0.596484 0.212109 0.0445312 0.0445312 0.000109532
0 0.648047 0.351172 0.0679687 0.110156 0.000111853
0 0.602734 0.292188 0.0804688 0.101562 0.000112256
0 0.339844 0.335938 0.0671875 0.0875 0.000116126
0 0.3625 0.450391 0.0734375 0.102344 0.000122356
0 0.668359 0.396875 0.283594 0.4125 0.000124974
0 0.585547 0.391406 0.0726563 0.084375 0.000136465
0 0.426953 0.514063 0.250781 0.273438 0.000139517
0 0.272656 0.422266 0.0671875 0.149219 0.000140269
0 0.400781 0.507031 0.120312 0.146875 0.000152067
0 0.361328 0.340234 0.0867188 0.138281 0.000155481
0 0.383594 0.427734 0.090625 0.197656 0.000161589
0 0.309766 0.566406 0.160156 0.19375 0.000163761
0 0.378516 0.545313 0.138281 0.2125 0.000165322
0 0.351953 0.4 0.274219 0.410937 0.000180175
0 0.564062 0.429297 0.0984375 0.194531 0.000189693
0 0.304688 0.28125 0.0609375 0.1 0.000191765
0 0.644141 0.579687 0.175781 0.189063 0.000192647
0 0.651172 0.511719 0.0789063 0.1125 0.000204766
0 0.597266 0.446484 0.0804688 0.111719 0.000217237
0 0.290234 0.44375 0.0757812 0.09375 0.00022177
0 0.617188 0.471484 0.084375 0.111719 0.000225688
0 0.590234 0.330078 0.146094 0.225781 0.000230075
0 0.382422 0.506641 0.0757812 0.102344 0.000231444
0 0.278516 0.526172 0.102344 0.180469 0.000244898
0 0.593359 0.309766 0.0539063 0.0523437 0.000265092
0 0.613672 0.324609 0.0914062 0.138281 0.000269778
0 0.605469 0.373437 0.0796875 0.1125 0.000270755
0 0.594922 0.319141 0.0726563 0.0867188 0.000274112
0 0.344531 0.474219 0.0765625 0.09375 0.000289926
0 0.292578 0.344531 0.0570313 0.09375 0.00029569
0 0.349609 0.275391 0.100781 0.127344 0.000309993
0 0.533203 0.476562 0.280469 0.298438 0.00032672
0 0.635156 0.489453 0.08125 0.110156 0.000359094
0 0.336719 0.339063 0.0921875 0.170312 0.000361692
0 0.579687 0.492969 0.0828125 0.1125 0.000367101
0 0.339453 0.317969 0.138281 0.235938 0.000424611
0 0.31875 0.447656 0.08125 0.0875 0.000434805
0 0.421875 0.458594 0.185937 0.245312 0.000449045
0 0.617969 0.529297 0.0890625 0.0992187 0.000478839
0 0.578906 0.524609 0.128125 0.135156 0.000483156
0 0.634766 0.446875 0.0804688 0.1125 0.00049398
0 0.3625 0.492578 0.0765625 0.103906 0.000585576
0 0.324609 0.268359 0.0601562 0.0789063 0.000633601
0 0.36875 0.307813 0.078125 0.09375 0.000714605
0 0.281641 0.452734 0.0992187 0.213281 0.000729718
0 0.663281 0.449219 0.126563 0.26875 0.000798691
0 0.30625 0.325 0.075 0.126563 0.000845975
0 0.316016 0.367969 0.0617188 0.078125 0.000869292
0 0.285547 0.391406 0.0632813 0.084375 0.000958335
0 0.303906 0.446484 0.0953125 0.147656 0.000979826
0 0.376953 0.400781 0.122656 0.309375 0.00114059
0 0.631641 0.350781 0.0976562 0.1625 0.00114884
0 0.376563 0.481641 0.104687 0.160156 0.00126351
0 0.6375 0.546094 0.1 0.090625 0.00151275
0 0.351172 0.508594 0.127344 0.15 0.00157285
0 0.619141 0.473437 0.261719 0.323438 0.00181158
0 0.595312 0.402734 0.103125 0.121094 0.00202749
0 0.304297 0.366797 0.0773437 0.130469 0.0022144
0 0.314844 0.503516 0.159375 0.191406 0.0023856
0 0.340625 0.298828 0.0765625 0.0757812 0.00260165
0 0.583203 0.468359 0.121094 0.219531 0.0027487
0 0.291797 0.397266 0.0851562 0.142969 0.00280559
0 0.641797 0.542188 0.122656 0.153125 0.00301699
0 0.324219 0.307031 0.0796875 0.109375 0.00355703
0 0.614062 0.387109 0.132812 0.189844 0.00539734
0 0.341406 0.448828 0.148438 0.258594 0.00544311
0 0.312109 0.399219 0.119531 0.239063 0.00570779
0 0.644141 0.514063 0.146094 0.260938 0.00593009
0 0.605859 0.511328 0.146094 0.188281 0.00694657
0 0.64375 0.3875 0.09375 0.128125 0.0120164
0 0.622656 0.399219 0.0921875 0.090625 0.113766
0 0.624609 0.454688 0.125781 0.221875 0.199282
