0 0.94375 0.692187 0.107813 0.610937 0.000100358
0 0.0316406 0.5625 0.0632813 0.729688 0.000101737
0 0.667188 0.214844 0.0421875 0.0390625 0.000102752
0 0.291797 0.303906 0.0585938 0.0859375 0.000110429
0 0.583203 0.644141 0.253906 0.430469 0.000113443
0 0.672656 0.299219 0.0390625 0.0515625 0.00011477
0 0.730078 0.428516 0.0648438 0.0929687 0.0001184
0 0.326953 0.594922 0.0851562 0.108594 0.000119062
0 0.882422 0.700391 0.232031 0.594531 0.000120389
0 0.710156 0.407813 0.245312 0.389062 0.000121263
0 0.278906 0.338672 0.0484375 0.0710938 0.000122321
0 0.678516 0.530469 0.0773437 0.15 0.000124189
0 0.982031 0.319141 0.034375 0.447656 0.000124702
0 0.378125 0.576563 0.1125 0.190625 0.000126012
0 0.174609 0.814844 0.250781 0.370313 0.000128553
0 0.608594 0.380469 0.096875 0.115625 0.00012897
0 0.660156 0.28125 0.046875 0.0546875 0.000129873
0 0.722266 0.470313 0.0789063 0.109375 0.000131673
0 0.651953 0.362109 0.0851562 0.0945313 0.000132066
0 0.785937 0.650781 0.1875 0.596875 0.000132669
0 0.678125 0.230469 0.0421875 0.059375 0.000134646
0 0.279297 0.669531 0.146094 0.167187 0.000135662
0 0.723828 0.682813 0.0820312 0.115625 0.000136827
0 0.977344 0.439453 0.0453125 0.467969 0.000137081
0 0.68125 0.213672 0.05625 0.0695312 0.000138789
0 0.304688 0.558203 0.164062 0.202344 0.000138992
0 0.702734 0.572656 0.0992187 0.203125 0.000142258
0 0.261719 0.276563 0.0640625 0.096875 0.000147318
0 0.638672 0.366797 0.164844 0.242969 0.000147385
0 0.644531 0.320312 0.101562 0.134375 0.000147549
0 0.392188 0.4375 0.13125 0.245312 0.000155618
0 0.480469 0.270312 0.359375 0.490625 0.000156112
0 0.221484 0.576563 0.0960938 0.23125 0.000159961
0 0.0535156 0.478516 0.103906 0.792969 0.000160563
0 0.653516 0.597656 0.124219 0.245312 0.000162925
0 0.614844 0.342578 0.1 0.108594 0.000165203
0 0.759375 0.745313 0.090625 0.15625 0.000171781
0 0.0800781 0.815625 0.160156 0.36875 0.000174654
0 0.214844 0.571875 0.13125 0.4 0.000175189
0 0.969922 0.602344 0.0601562 0.645312 0.000176393
0 0.266406 0.702734 0.225 0.246094 0.000186633
0 0.260156 0.373437 0.110937 0.198437 0.000198263
0 0.771484 0.697656 0.325781 0.410937 0.000203796
0 0.133984 0.9625 0.247656 0.0734375 0.000205093
0 0.736719 0.490625 0.075 0.109375 0.00020719
0 0.667188 0.527344 0.1125 0.267188 0.000219791
0 0.273828 0.306641 0.105469 0.146094 0.000228689
0 0.736719 0.573438 0.0875 0.195312 0.000232978
0 0.703906 0.488672 0.0984375 0.167969 0.00024261
0 0.766016 0.736719 0.161719 0.245312 0.000252715
0 0.362891 0.384766 0.233594 0.472656 0.000259462
0 0.266016 0.336328 0.0757812 0.124219 0.000263282
0 0.320312 0.649609 0.14375 0.172656 0.000273624
0 0.716797 0.420312 0.138281 0.195312 0.000273884
0 0.0742188 0.623047 0.148438 0.753906 0.000284995
0 0.691016 0.212109 0.0382813 0.0429688 0.000287936
0 0.635938 0.361719 0.125 0.153125 0.000298376
0 0.34375 0.575391 0.0828125 0.105469 0.000317085
0 0.70625 0.710156 0.142188 0.146875 0.000333315
0 0.751172 0.617578 0.0804688 0.252344 0.000333606
0 0.537109 0.619141 0.366406 0.696094 0.000344148
0 0.282422 0.36875 0.149219 0.295312 0.000368372
0 0.376953 0.525 0.147656 0.428125 0.000388742
0 0.346484 0.539062 0.119531 0.235938 0.000403515
0 0.255859 0.466797 0.128906 0.239844 0.000419358
0 0.344141 0.666797 0.324219 0.372656 0.000420181
0 0.722266 0.530078 0.0929687 0.183594 0.000439933
0 0.660937 0.682422 0.29375 0.347656 0.000445302
0 0.445312 0.522656 0.354688 0.75 0.000490747
0 0.746484 0.442969 0.0679687 0.129688 0.000539215
0 0.739453 0.714844 0.0820312 0.114063 0.000544135
0 0.110156 0.935938 0.220313 0.126563 0.000620839
0 0.368359 0.633594 0.135156 0.175 0.000656022
0 0.128125 0.720312 0.254687 0.559375 0.000658977
0 0.244922 0.680078 0.303906 0.367969 0.000689884
0 0.271484 0.300781 0.0617188 0.096875 0.000918817
0 0.213672 0.683203 0.107031 0.197656 0.00094124
0 0.623438 0.650391 0.154687 0.205469 0.000944646
0 0.667969 0.566406 0.192188 0.371875 0.00102514
0 0.3 0.494922 0.221875 0.419531 0.00122367
0 0.127344 0.875781 0.254687 0.248437 0.00149765
0 0.733203 0.482422 0.0914062 0.191406 0.00155326
0 0.253906 0.576563 0.1625 0.295312 0.00196256
0 0.726172 0.571484 0.116406 0.325781 0.0029287
0 0.668359 0.673047 0.185156 0.199219 0.00343642
0 0.748047 0.689844 0.103906 0.195312 0.00393369
0 0.341797 0.596094 0.149219 0.20625 0.00406811
0 0.239453 0.648047 0.158594 0.224219 0.00478015
0 0.715625 0.653125 0.153125 0.235938 0.0101896
0 0.294922 0.63125 0.228906 0.220313 0.0315089
