0 0.0488281 0.483594 0.0960938 0.284375 0.000103669
0 0.529297 0.301953 0.149219 0.216406 0.000104151
0 0.376563 0.264844 0.29375 0.303125 0.000104667
0 0.169141 0.511328 0.141406 0.147656 0.00010717
0 0.675781 0.343359 0.0796875 0.102344 0.000107445
0 0.241016 0.0535156 0.189844 0.0960938 0.000108089
0 0.202734 0.103516 0.296094 0.205469 0.000110037
0 0.267188 0.0359375 0.167187 0.065625 0.00011027
0 0.432031 0.382422 0.290625 0.396094 0.000112161
0 0.636719 0.982813 0.0640625 0.034375 0.000115465
0 0.26875 0.467578 0.1375 0.189844 0.000115589
0 0.217578 0.447266 0.241406 0.208594 0.000115847
0 0.602344 0.982031 0.05625 0.0359375 0.000118233
0 0.712891 0.372656 0.114844 0.164062 0.000138499
0 0.720703 0.427344 0.0835937 0.109375 0.000139646
0 0.195312 0.380078 0.203125 0.167969 0.000146883
0 0.369141 0.561719 0.130469 0.159375 0.000149661
0 0.221484 0.236719 0.232031 0.295312 0.000150647
0 0.714844 0.387109 0.075 0.0960938 0.000160682
0 0.55625 0.466797 0.140625 0.192969 0.000176506
0 0.239453 0.291016 0.117969 0.107031 0.000186686
0 0.569922 0.38125 0.144531 0.173438 0.00019147
0 0.264062 0.385156 0.14375 0.239063 0.000194212
0 0.633594 0.367969 0.145313 0.182812 0.000199271
0 0.733984 0.446094 0.307031 0.351562 0.000200255
0 0.754297 0.486328 0.132031 0.150781 0.000205257
0 0.223047 0.321094 0.0851562 0.10625 0.000212283
0 0.621484 0.981641 0.0554687 0.0367187 0.000220087
0 0.216406 0.261328 0.1875 0.172656 0.000222166
0 0.0976562 0.410156 0.121875 0.190625 0.000222262
0 0.124609 0.321094 0.174219 0.178125 0.000228701
0 0.272656 0.182031 0.217187 0.310937 0.000237625
0 0.30625 0.313281 0.170312 0.221875 0.000243956
0 0.373437 0.268359 0.185937 0.197656 0.000249666
0 0.339453 0.451562 0.135156 0.2 0.000253619
0 0.215625 0.511328 0.245312 0.171094 0.000259305
0 0.461328 0.254297 0.216406 0.211719 0.000281805
0 0.527344 0.242578 0.2125 0.185156 0.00028398
0 0.594141 0.44375 0.149219 0.185937 0.000289547
0 0.530859 0.360938 0.141406 0.157813 0.000299868
0 0.203516 0.304297 0.136719 0.128906 0.000304453
0 0.1625 0.2875 0.173438 0.14375 0.000340651
0 0.698438 0.466797 0.140625 0.164844 0.000355604
0 0.130078 0.557031 0.208594 0.204688 0.00036892
0 0.632031 0.323828 0.195312 0.183594 0.000371149
0 0.283203 0.511328 0.185156 0.183594 0.000388223
0 0.0683594 0.551562 0.117969 0.184375 0.000388682
0 0.274219 0.543359 0.29375 0.224219 0.000423857
0 0.273047 0.0847656 0.166406 0.158594 0.00047483
0 0.632812 0.466797 0.151562 0.163281 0.00048504
0 0.678516 0.497656 0.222656 0.185937 0.000490479
0 0.128906 0.508594 0.14375 0.173438 0.000632977
0 0.358203 0.344531 0.213281 0.273438 0.000672017
0 0.157422 0.424219 0.208594 0.217187 0.000719969
0 0.303906 0.410937 0.1375 0.253125 0.000723006
0 0.673828 0.344922 0.142969 0.161719 0.000755324
0 0.614453 0.385547 0.249219 0.203906 0.000990838
0 0.669141 0.331641 0.282031 0.302344 0.00117905
0 0.574219 0.342969 0.20625 0.19375 0.00124364
0 0.508203 0.364844 0.260156 0.323438 0.00128549
0 0.697266 0.408203 0.161719 0.203906 0.00152368
0 0.259766 0.497656 0.383594 0.345313 0.0017026
0 0.173828 0.509766 0.260156 0.258594 0.00177161
0 0.728516 0.451562 0.161719 0.235938 0.00183942
0 0.332422 0.513281 0.183594 0.229687 0.00195688
0 0.114063 0.454297 0.164062 0.214844 0.00200143
0 0.583984 0.469141 0.250781 0.235156 0.00263721
0 0.194531 0.320703 0.220313 0.186719 0.00293967
0 0.0898438 0.509375 0.15625 0.240625 0.00304837
0 0.248437 0.315234 0.1625 0.152344 0.0036075
0 0.262109 0.362891 0.222656 0.322656 0.00377629
0 0.407813 0.301953 0.153125 0.196094 0.00401518
0 0.564453 0.287891 0.266406 0.271094 0.00439778
0 0.307422 0.437109 0.207031 0.339844 0.0064516
0 0.118359 0.439844 0.207031 0.345313 0.0223928
0 0.663281 0.436328 0.267188 0.267969 0.0259003
0 0.608203 0.365625 0.333594 0.426562 0.30298
0 0.191797 0.416016 0.338281 0.414844 0.324683
