0 0.9625 0.107813 0.075 0.215625 0.000101882
0 0.436719 0.0546875 0.392188 0.109375 0.000104041
0 0.153906 0.184766 0.307813 0.369531 0.000107858
0 0.974219 0.812109 0.0515625 0.375781 0.000108561
0 0.798047 0.259766 0.0867188 0.0882813 0.000109933
0 0.382031 0.481641 0.145313 0.278906 0.000110591
0 0.0300781 0.228125 0.0601562 0.45625 0.000111067
0 0.784375 0.383594 0.140625 0.232812 0.000112481
0 0.0433594 0.561719 0.0867188 0.734375 0.000113326
0 0.221484 0.693359 0.285156 0.392969 0.00011449
0 0.221875 0.344531 0.08125 0.1125 0.000114551
0 0.353125 0.0402344 0.389062 0.0804688 0.000116285
0 0.217578 0.410937 0.0867188 0.114063 0.000122061
0 0.496875 0.466406 0.460938 0.910937 0.000123674
0 0.390234 0.609766 0.108594 0.192969 0.000124192
0 0.413672 0.279687 0.341406 0.454688 0.000126296
0 0.38125 0.352734 0.165625 0.305469 0.000126919
0 0.275781 0.428125 0.182812 0.198437 0.000128586
0 0.814453 0.304297 0.125781 0.196094 0.000132218
0 0.822266 0.404687 0.124219 0.19375 0.000132397
0 0.242188 0.263281 0.0859375 0.1125 0.000134115
0 0.320703 0.885938 0.319531 0.228125 0.00013625
0 0.841016 0.46875 0.117969 0.240625 0.000137298
0 0.870313 0.487891 0.121875 0.336719 0.00013857
0 0.0539063 0.0273438 0.107813 0.0546875 0.000141846
0 0.800391 0.202344 0.205469 0.259375 0.000142182
0 0.296875 0.361719 0.196875 0.185937 0.000142735
0 0.676562 0.205469 0.173438 0.240625 0.000143782
0 0.767578 0.280859 0.130469 0.163281 0.000143826
0 0.0503906 0.267578 0.100781 0.535156 0.000146169
0 0.234375 0.569922 0.139062 0.153906 0.00014736
0 0.134766 0.0207031 0.242969 0.0414063 0.000148197
0 0.321875 0.530078 0.298438 0.333594 0.000152237
0 0.701172 0.476953 0.214844 0.457031 0.000152533
0 0.183203 0.378906 0.291406 0.585938 0.000159616
0 0.861719 0.0355469 0.253125 0.0710938 0.000160365
0 0.246484 0.223047 0.119531 0.166406 0.000163578
0 0.217187 0.450781 0.0890625 0.103125 0.000164261
0 0.337109 0.258203 0.192969 0.211719 0.000164443
0 0.803516 0.574219 0.127344 0.253125 0.000166838
0 0.108984 0.139062 0.217969 0.278125 0.000167973
0 0.703906 0.310547 0.192188 0.258594 0.000174153
0 0.939062 0.367188 0.121875 0.734375 0.000175723
0 0.739453 0.598047 0.139844 0.224219 0.000179707
0 0.224219 0.3 0.0796875 0.109375 0.00018009
0 0.184375 0.0378906 0.3375 0.0757812 0.000181268
0 0.254687 0.514063 0.164062 0.2 0.000203682
0 0.242188 0.817969 0.326562 0.364062 0.00021536
0 0.648047 0.610937 0.466406 0.778125 0.000217274
0 0.717969 0.169141 0.209375 0.224219 0.00023416
0 0.883594 0.112891 0.232812 0.225781 0.000234184
0 0.0695312 0.0988281 0.139062 0.192969 0.00024315
0 0.868359 0.698047 0.0820312 0.108594 0.000247261
0 0.683984 0.704687 0.175781 0.246875 0.000254753
0 0.866797 0.208594 0.255469 0.414062 0.000264799
0 0.185156 0.466797 0.1125 0.241406 0.000275545
0 0.899219 0.05625 0.198437 0.1125 0.000278255
0 0.249219 0.194531 0.33125 0.346875 0.000283173
0 0.780859 0.229687 0.310156 0.39375 0.000291568
0 0.410156 0.131641 0.248437 0.222656 0.000292406
0 0.855859 0.746875 0.121094 0.170312 0.000319146
0 0.105469 0.0347656 0.210938 0.0679687 0.000331111
0 0.356641 0.583594 0.150781 0.159375 0.000378936
0 0.189844 0.30625 0.176563 0.401563 0.00041396
0 0.885938 0.628906 0.129688 0.415625 0.000415056
0 0.341406 0.195312 0.139062 0.151562 0.000425362
0 0.227734 0.263281 0.110156 0.170312 0.000430865
0 0.286719 0.0664062 0.4625 0.128125 0.000438985
0 0.146094 0.0660156 0.292188 0.127344 0.000454996
0 0.794531 0.242188 0.132812 0.19375 0.000458254
0 0.859766 0.532031 0.0851562 0.140625 0.000466521
0 0.778516 0.637891 0.180469 0.199219 0.000473986
0 0.296094 0.301562 0.209375 0.19375 0.000478331
0 0.378906 0.260938 0.223438 0.334375 0.000498036
0 0.692578 0.621875 0.164844 0.2875 0.000498329
0 0.233203 0.468359 0.125781 0.163281 0.00054253
0 0.860156 0.614844 0.109375 0.265625 0.000545999
0 0.178516 0.436328 0.141406 0.424219 0.000550483
0 0.223047 0.110156 0.425781 0.217187 0.000582828
0 0.748828 0.369922 0.285156 0.432031 0.000594031
0 0.279687 0.240234 0.15 0.207031 0.000647668
0 0.190234 0.591797 0.128906 0.185156 0.000710747
0 0.798437 0.735156 0.267188 0.278125 0.000720962
0 0.251953 0.3625 0.141406 0.245312 0.000766574
0 0.846875 0.551172 0.107813 0.235156 0.000805209
0 0.336328 0.351172 0.239844 0.463281 0.000830111
0 0.373828 0.182422 0.185156 0.213281 0.00087805
0 0.3375 0.535937 0.19375 0.223438 0.000987392
0 0.266406 0.553906 0.25 0.221875 0.00111031
0 0.745313 0.229687 0.201562 0.257812 0.00111261
0 0.818359 0.370703 0.155469 0.327344 0.00149435
0 0.871484 0.689844 0.100781 0.184375 0.00176229
0 0.738672 0.676953 0.214844 0.264844 0.00244343
0 0.216797 0.322656 0.113281 0.26875 0.00249697
0 0.744922 0.565625 0.224219 0.371875 0.00325775
0 0.786719 0.310547 0.16875 0.274219 0.00331351
0 0.219141 0.405078 0.110156 0.246094 0.0041521
0 0.846875 0.676562 0.159375 0.259375 0.00433955
0 0.313281 0.198828 0.225 0.239844 0.0054833
0 0.842578 0.558203 0.147656 0.399219 0.00565938
0 0.248047 0.279297 0.152344 0.258594 0.00604239
0 0.795313 0.469141 0.207813 0.524219 0.00619179
0 0.280859 0.425781 0.291406 0.495313 0.00694849
0 0.214453 0.513672 0.161719 0.291406 0.0100278
0 0.79375 0.638281 0.24375 0.30625 0.0123297
0 0.229687 0.382031 0.153125 0.40625 0.048025
0 0.285937 0.285937 0.229687 0.357812 0.0486065
