0 0.880469 0.858594 0.0765625 0.096875 0.000100965
0 0.286328 0.8125 0.147656 0.101562 0.000103686
0 0.189453 0.5625 0.307031 0.45625 0.000104218
0 0.135937 0.828906 0.071875 0.0484375 0.000106661
0 0.722656 0.748438 0.148438 0.164062 0.000106983
0 0.204688 0.613672 0.142188 0.230469 0.000109441
0 0.398047 0.0984375 0.194531 0.195312 0.000111113
0 0.685156 0.763281 0.328125 0.310937 0.000114771
0 0.0398437 0.772656 0.0796875 0.454688 0.000114937
0 0.228906 0.0421875 0.210938 0.084375 0.000115174
0 0.982813 0.557031 0.034375 0.29375 0.000115356
0 0.466797 0.025 0.142969 0.05 0.000118993
0 0.842188 0.738672 0.0796875 0.0789063 0.000122502
0 0.974219 0.853516 0.0515625 0.292969 0.00012369
0 0.762891 0.660937 0.0851562 0.0953125 0.00012487
0 0.630859 0.648438 0.160156 0.226562 0.000126272
0 0.610937 0.409766 0.132812 0.182031 0.000128607
0 0.954687 0.967578 0.090625 0.0648438 0.000131257
0 0.692187 0.144141 0.167187 0.142969 0.0001313
0 0.771484 0.513281 0.133594 0.18125 0.000133368
0 0.444141 0.681641 0.530469 0.636719 0.000135125
0 0.817969 0.718359 0.084375 0.0882813 0.00013847
0 0.363281 0.0523437 0.23125 0.104687 0.000138688
0 0.891797 0.923047 0.150781 0.142969 0.000139718
0 0.721094 0.699219 0.090625 0.10625 0.000140219
0 0.148828 0.817578 0.144531 0.119531 0.000140881
0 0.302344 0.782031 0.090625 0.0875 0.000143985
0 0.103125 0.0152344 0.125 0.0289063 0.000154991
0 0.987109 0.552734 0.0257812 0.157031 0.000157608
0 0.801562 0.01875 0.160938 0.0375 0.000165642
0 0.639453 0.698438 0.122656 0.170312 0.000168317
0 0.307813 0.0339844 0.278125 0.0679687 0.000183255
0 0.321094 0.761719 0.0859375 0.101562 0.000187895
0 0.423438 0.0183594 0.178125 0.0367187 0.000191739
0 0.794922 0.578516 0.105469 0.194531 0.000191848
0 0.699609 0.0949219 0.189844 0.166406 0.000192082
0 0.846484 0.130469 0.213281 0.126563 0.000192391
0 0.157422 0.686719 0.238281 0.414062 0.000197208
0 0.703125 0.614453 0.220313 0.207031 0.000197254
0 0.196094 0.844141 0.33125 0.205469 0.000197534
0 0.8 0.700391 0.090625 0.100781 0.000203567
0 0.867969 0.869141 0.121875 0.182031 0.000204686
0 0.271875 0.833984 0.36875 0.308594 0.000213332
0 0.161328 0.734766 0.142969 0.211719 0.000214382
0 0.942578 0.0738281 0.113281 0.147656 0.00021778
0 0.897266 0.0363281 0.191406 0.0679687 0.000219869
0 0.135156 0.836328 0.110937 0.0695312 0.0002217
0 0.732813 0.508984 0.090625 0.107031 0.000227262
0 0.78125 0.679688 0.0890625 0.107813 0.000230712
0 0.0675781 0.848437 0.130469 0.296875 0.000232336
0 0.430859 0.0566406 0.188281 0.113281 0.000247734
0 0.971094 0.930859 0.0578125 0.138281 0.000253866
0 0.809766 0.703906 0.291406 0.389062 0.000255324
0 0.676953 0.526953 0.0929687 0.110156 0.000258836
0 0.862891 0.826563 0.0914062 0.11875 0.000266813
0 0.245703 0.512891 0.186719 0.203906 0.000271092
0 0.825781 0.654297 0.140625 0.224219 0.00027941
0 0.739453 0.0292969 0.188281 0.0585938 0.000282497
0 0.741406 0.456641 0.192188 0.252344 0.000285361
0 0.399609 0.0292969 0.186719 0.0585938 0.000292086
0 0.661719 0.750391 0.16875 0.205469 0.000296135
0 0.768359 0.788281 0.307031 0.24375 0.000297894
0 0.328125 0.484766 0.18125 0.247656 0.000304913
0 0.760156 0.699219 0.090625 0.101562 0.000316514
0 0.772656 0.134766 0.28125 0.183594 0.000336446
0 0.640625 0.492969 0.140625 0.15625 0.000338444
0 0.780469 0.63125 0.08125 0.0859375 0.000364396
0 0.194531 0.560547 0.2 0.292969 0.00037797
0 0.323828 0.640625 0.224219 0.420312 0.000383699
0 0.793359 0.613281 0.0804688 0.0796875 0.000389647
0 0.608984 0.53125 0.142969 0.157813 0.000406249
0 0.608594 0.463281 0.154687 0.190625 0.00042959
0 0.271094 0.829297 0.24375 0.149219 0.000504704
0 0.810547 0.03125 0.196094 0.0625 0.000519886
0 0.741016 0.0691406 0.213281 0.138281 0.00052232
0 0.1 0.784375 0.184375 0.370313 0.000548999
0 0.897266 0.127344 0.196094 0.164062 0.000640696
0 0.0644531 0.723828 0.128906 0.552344 0.000640911
0 0.723437 0.656641 0.151562 0.205469 0.000729937
0 0.327734 0.808203 0.144531 0.125781 0.000793406
0 0.828125 0.729297 0.129688 0.122656 0.000841811
0 0.198437 0.768359 0.204688 0.163281 0.000859939
0 0.7 0.512891 0.0921875 0.110156 0.000876715
0 0.804688 0.0917969 0.229687 0.166406 0.0009275
0 0.866406 0.842969 0.06875 0.071875 0.000967709
0 0.259375 0.609766 0.201562 0.203906 0.00130959
0 0.783594 0.575391 0.160938 0.316406 0.00133014
0 0.313672 0.744922 0.164844 0.163281 0.00164956
0 0.662891 0.528906 0.146094 0.164062 0.00174229
0 0.271484 0.732422 0.244531 0.224219 0.00176322
0 0.670703 0.692578 0.207031 0.214844 0.00209475
0 0.733594 0.495703 0.142188 0.155469 0.00223911
0 0.798047 0.748047 0.210156 0.153906 0.00227467
0 0.875391 0.0792969 0.235156 0.158594 0.00244456
0 0.78125 0.632812 0.128125 0.1875 0.00293637
0 0.741406 0.699609 0.148438 0.144531 0.00324748
0 0.737109 0.553125 0.189844 0.204688 0.00328502
0 0.291406 0.783203 0.2 0.147656 0.00442368
0 0.66875 0.552734 0.226562 0.278906 0.00633466
0 0.665625 0.449609 0.2375 0.289844 0.00947469
0 0.790234 0.689062 0.171094 0.18125 0.0104696
0 0.244141 0.651953 0.280469 0.450781 0.0131252
0 0.763672 0.646484 0.214844 0.278906 0.0194232
0 0.282813 0.555859 0.203125 0.213281 0.0252573
0 0.737891 0.709375 0.241406 0.192188 0.0759412
0 0.702734 0.500781 0.217969 0.207813 0.0854193
0 0.710547 0.566406 0.261719 0.414062 0.194942
0 0.277734 0.557031 0.252344 0.348437 0.303684
