0 0.785937 0.512109 0.134375 0.239844 0.000100838
0 0.846484 0.676953 0.0867188 0.110156 0.000100958
0 0.78125 0.33125 0.071875 0.107813 0.000103845
0 0.233984 0.656641 0.0851562 0.113281 0.000104383
0 0.409375 0.716797 0.157813 0.196094 0.000108236
0 0.969141 0.151953 0.0617188 0.283594 0.000110346
0 0.743359 0.595703 0.192969 0.196094 0.00011111
0 0.855859 0.4875 0.0601562 0.103125 0.00011115
0 0.342578 0.489062 0.207031 0.407813 0.000111277
0 0.405859 0.385156 0.142969 0.285937 0.000113357
0 0.392188 0.399219 0.196875 0.504687 0.000116427
0 0.365234 0.603906 0.155469 0.15625 0.000117059
0 0.866406 0.698438 0.0859375 0.109375 0.000119237
0 0.76875 0.266797 0.0796875 0.0820312 0.00012078
0 0.366406 0.0175781 0.209375 0.0335938 0.000121664
0 0.813672 0.369922 0.0726563 0.0773437 0.000123144
0 0.317578 0.380469 0.114844 0.164062 0.000123909
0 0.862109 0.615234 0.0789063 0.103906 0.000126706
0 0.797656 0.351172 0.071875 0.0804688 0.000127425
0 0.877734 0.7 0.244531 0.392188 0.000134769
0 0.330859 0.205469 0.125781 0.142188 0.000140214
0 0.257812 0.322656 0.125 0.239063 0.000142237
0 0.941016 0.153125 0.117969 0.30625 0.000145832
0 0.758594 0.489062 0.107813 0.165625 0.00014762
0 0.344922 0.676172 0.0867188 0.113281 0.000154712
0 0.703516 0.228906 0.146094 0.1375 0.000156139
0 0.912109 0.642187 0.152344 0.473437 0.00016039
0 0.780859 0.349609 0.0585938 0.0648438 0.000161692
0 0.739844 0.677344 0.148438 0.214062 0.000164676
0 0.346094 0.304297 0.278125 0.339844 0.000167877
0 0.708594 0.608203 0.245312 0.299219 0.000174213
0 0.175391 0.563281 0.183594 0.63125 0.000181203
0 0.398047 0.285547 0.147656 0.211719 0.00018909
0 0.764844 0.447266 0.146875 0.194531 0.000190703
0 0.358984 0.620313 0.0835937 0.0828125 0.000204012
0 0.388281 0.0316406 0.228125 0.0632813 0.000211154
0 0.7375 0.299219 0.173438 0.228125 0.000220591
0 0.747656 0.796484 0.35 0.319531 0.000230545
0 0.845312 0.635547 0.0828125 0.105469 0.000231674
0 0.776172 0.337891 0.128906 0.189844 0.00023168
0 0.878125 0.617969 0.107813 0.204688 0.000235039
0 0.259766 0.424609 0.111719 0.236719 0.000240339
0 0.859766 0.575 0.103906 0.209375 0.000251746
0 0.846094 0.489062 0.084375 0.15625 0.000317859
0 0.805078 0.577734 0.172656 0.208594 0.000325127
0 0.247656 0.728516 0.303125 0.288281 0.000332234
0 0.217578 0.594531 0.110156 0.259375 0.000364911
0 0.785547 0.371484 0.0835937 0.110156 0.000366698
0 0.346094 0.748047 0.273438 0.264844 0.000378249
0 0.286328 0.2875 0.124219 0.245312 0.000430859
0 0.783203 0.716797 0.152344 0.208594 0.000455471
0 0.302344 0.624609 0.235938 0.185156 0.000457708
0 0.216797 0.679688 0.0835937 0.117188 0.000467893
0 0.801562 0.428906 0.103125 0.170312 0.000491852
0 0.235547 0.711719 0.138281 0.1875 0.000561325
0 0.754687 0.391797 0.217187 0.400781 0.000592683
0 0.879297 0.740234 0.0820312 0.100781 0.000618667
0 0.842578 0.514063 0.110156 0.248437 0.000619814
0 0.389844 0.575391 0.19375 0.416406 0.000639336
0 0.298438 0.341797 0.120312 0.172656 0.000641405
0 0.387109 0.686328 0.283594 0.269531 0.000723809
0 0.878125 0.698828 0.115625 0.197656 0.000776008
0 0.366406 0.230469 0.185937 0.182812 0.000794522
0 0.798828 0.397656 0.0789063 0.1125 0.000797536
0 0.826172 0.7375 0.152344 0.203125 0.000806454
0 0.280469 0.675 0.154687 0.20625 0.000929361
0 0.328906 0.376563 0.198437 0.364062 0.00100877
0 0.847266 0.808984 0.208594 0.253906 0.00104549
0 0.238281 0.490234 0.139062 0.413281 0.00104557
0 0.328906 0.690234 0.148438 0.200781 0.00106464
0 0.786719 0.638281 0.2125 0.201562 0.0012629
0 0.330859 0.290625 0.164844 0.267188 0.00131094
0 0.845312 0.6375 0.125 0.185937 0.00143672
0 0.807422 0.446484 0.139844 0.250781 0.00144408
0 0.341016 0.634766 0.0835937 0.0960938 0.00151912
0 0.754297 0.564453 0.294531 0.444531 0.00154398
0 0.750781 0.686328 0.24375 0.280469 0.00238386
0 0.282031 0.372656 0.14375 0.304688 0.00275984
0 0.207813 0.568359 0.1375 0.449219 0.00280577
0 0.329688 0.475 0.278125 0.61875 0.00283726
0 0.875781 0.762891 0.129688 0.189844 0.00397191
0 0.823828 0.679297 0.189844 0.211719 0.00409874
0 0.195312 0.691406 0.132812 0.2625 0.00410928
0 0.346875 0.642187 0.121875 0.1375 0.00611301
0 0.805469 0.500391 0.1875 0.400781 0.00658721
0 0.873438 0.647266 0.140625 0.346094 0.00781892
0 0.280078 0.554297 0.238281 0.442969 0.0131393
0 0.233984 0.653906 0.169531 0.260938 0.0180966
0 0.842969 0.573828 0.151562 0.380469 0.0198947
0 0.371484 0.657422 0.175781 0.221094 0.0247615
0 0.805469 0.740625 0.259375 0.2875 0.0453419
0 0.807031 0.633203 0.235938 0.392969 0.14454
0 0.303906 0.677734 0.289062 0.236719 0.190107
