0 0.976953 0.648438 0.0460938 0.4875 0.000100149
0 0.479688 0.192578 0.242188 0.377344 0.000105657
0 0.779688 0.121094 0.414062 0.242188 0.000105676
0 0.766016 0.620313 0.171094 0.215625 0.000107066
0 0.193359 0.290625 0.228906 0.325 0.000107119
0 0.0628906 0.0558594 0.121094 0.111719 0.000116848
0 0.110937 0.0371094 0.221875 0.0742188 0.00011893
0 0.266797 0.280859 0.239844 0.378906 0.000119428
0 0.445703 0.643359 0.439844 0.619531 0.000120877
0 0.0570313 0.104687 0.114063 0.209375 0.000121076
0 0.0210938 0.847266 0.0421875 0.252344 0.000123147
0 0.26875 0.0578125 0.4375 0.115625 0.000128523
0 0.897266 0.961328 0.205469 0.0773437 0.000135384
0 0.970312 0.603906 0.0578125 0.754687 0.000136791
0 0.322266 0.617969 0.0882813 0.103125 0.000141721
0 0.179688 0.658203 0.128125 0.260156 0.000150001
0 0.259766 0.530078 0.0742188 0.0789063 0.000150778
0 0.605078 0.201953 0.385156 0.403906 0.000152102
0 0.375 0.154297 0.360938 0.308594 0.000152422
0 0.140234 0.0617188 0.269531 0.123438 0.000163839
0 0.842969 0.777344 0.11875 0.164062 0.000181946
0 0.946484 0.0703125 0.107031 0.140625 0.000183534
0 0.0378906 0.699609 0.0742188 0.375781 0.000189794
0 0.776172 0.791406 0.297656 0.270312 0.000191569
0 0.902734 0.125391 0.188281 0.250781 0.000196028
0 0.20625 0.116016 0.389062 0.232031 0.00019673
0 0.871875 0.0660156 0.246875 0.132031 0.000199037
0 0.263281 0.654688 0.148438 0.201562 0.000208676
0 0.373828 0.648438 0.183594 0.267188 0.000214758
0 0.965625 0.111328 0.06875 0.222656 0.00022689
0 0.163281 0.649219 0.18125 0.529688 0.00024722
0 0.923047 0.930859 0.153906 0.138281 0.000257869
0 0.945312 0.190625 0.107813 0.38125 0.000268948
0 0.717969 0.71875 0.135937 0.176563 0.000270322
0 0.237109 0.531641 0.116406 0.171094 0.000271972
0 0.241797 0.280859 0.0851562 0.113281 0.00027758
0 0.185547 0.239453 0.371094 0.478906 0.000280484
0 0.284375 0.199609 0.429688 0.399219 0.000281971
0 0.258594 0.530469 0.10625 0.114063 0.000284981
0 0.969141 0.812109 0.0617188 0.375781 0.000298272
0 0.201172 0.485547 0.110156 0.207031 0.000315779
0 0.0652344 0.954687 0.130469 0.0859375 0.000331797
0 0.88125 0.730859 0.195312 0.532031 0.000352729
0 0.190625 0.716797 0.1875 0.233594 0.00036717
0 0.811719 0.446484 0.114063 0.224219 0.000391702
0 0.443359 0.236719 0.382031 0.473437 0.00039247
0 0.762109 0.734375 0.141406 0.170312 0.000392819
0 0.219141 0.394141 0.153906 0.400781 0.000407564
0 0.26875 0.707422 0.284375 0.275781 0.000428972
0 0.929688 0.784766 0.140625 0.430469 0.000436929
0 0.0972656 0.550391 0.194531 0.899219 0.000440812
0 0.620313 0.628125 0.385938 0.603125 0.000479435
0 0.304297 0.401953 0.367969 0.767969 0.00053412
0 0.703516 0.655469 0.244531 0.317187 0.000624438
0 0.739844 0.467578 0.264062 0.642969 0.000624795
0 0.887891 0.867188 0.219531 0.260938 0.000666193
0 0.817969 0.736719 0.1625 0.196875 0.000754751
0 0.283203 0.593359 0.146094 0.255469 0.000842444
0 0.804297 0.619141 0.141406 0.280469 0.000989332
0 0.0347656 0.888672 0.0695312 0.211719 0.00105996
0 0.675781 0.715234 0.184375 0.227344 0.00109453
0 0.811328 0.494922 0.138281 0.372656 0.00112886
0 0.336719 0.560156 0.192188 0.382812 0.0011455
0 0.290234 0.484375 0.253906 0.542188 0.00119833
0 0.233594 0.528906 0.178125 0.298438 0.00129679
0 0.0394531 0.635156 0.0789063 0.729688 0.00138443
0 0.132031 0.848047 0.253125 0.302344 0.00143155
0 0.0980469 0.919141 0.196094 0.158594 0.00155611
0 0.207422 0.607813 0.180469 0.339063 0.00158156
0 0.335938 0.613281 0.146875 0.246875 0.00172708
0 0.530859 0.517187 0.410156 0.923437 0.00174179
0 0.857813 0.75625 0.198437 0.320312 0.00237782
0 0.313672 0.673437 0.182031 0.21875 0.00263245
0 0.829297 0.610937 0.150781 0.421875 0.00267292
0 0.040625 0.816406 0.08125 0.367188 0.00271098
0 0.742969 0.720312 0.225 0.226562 0.00317109
0 0.777344 0.573438 0.209375 0.428125 0.00622241
0 0.0683594 0.708594 0.135156 0.582812 0.00656133
0 0.0742188 0.864453 0.148438 0.271094 0.0147818
0 0.275781 0.630469 0.228125 0.2875 0.0152586
0 0.791797 0.689453 0.211719 0.305469 0.0445815
