0 0.260156 0.427734 0.101562 0.174219 0.00010148
0 0.180859 0.430078 0.0976562 0.199219 0.000106203
0 0.719141 0.521094 0.0882813 0.0953125 0.000107552
0 0.664453 0.312891 0.197656 0.346094 0.000108364
0 0.215625 0.551562 0.0875 0.101562 0.000113872
0 0.844922 0.450391 0.0867188 0.107031 0.00011569
0 0.269531 0.620313 0.309375 0.203125 0.000118918
0 0.136328 0.524609 0.147656 0.314844 0.000120328
0 0.974219 0.849609 0.0515625 0.300781 0.000124787
0 0.372266 0.523828 0.141406 0.213281 0.000125111
0 0.280859 0.564844 0.139844 0.129688 0.000126616
0 0.306641 0.426953 0.107031 0.246094 0.00012885
0 0.793359 0.0484375 0.413281 0.0953125 0.000130677
0 0.132422 0.479688 0.185156 0.529688 0.000131266
0 0.724219 0.168359 0.334375 0.222656 0.000132498
0 0.674609 0.522266 0.302344 0.321094 0.000136672
0 0.220703 0.323047 0.124219 0.188281 0.000136928
0 0.189844 0.0570313 0.357812 0.114063 0.000144614
0 0.805859 0.492578 0.0882813 0.105469 0.000151827
0 0.175781 0.515625 0.0828125 0.1125 0.000151963
0 0.302734 0.53125 0.0867188 0.10625 0.000158718
0 0.14375 0.590625 0.1 0.164062 0.000164332
0 0.199219 0.369141 0.123438 0.244531 0.000169368
0 0.797266 0.260156 0.0835937 0.0984375 0.000170052
0 0.180078 0.311719 0.244531 0.41875 0.000176617
0 0.971484 0.926953 0.0570313 0.144531 0.00019997
0 0.194141 0.534766 0.0898438 0.107031 0.000201467
0 0.861328 0.558594 0.188281 0.234375 0.000209311
0 0.301562 0.339063 0.114063 0.228125 0.000225436
0 0.194531 0.192578 0.389062 0.385156 0.000235252
0 0.862109 0.523828 0.0898438 0.108594 0.000248429
0 0.698828 0.506641 0.0914062 0.103906 0.000265161
0 0.28125 0.296484 0.0828125 0.0945313 0.000277836
0 0.283203 0.467969 0.119531 0.23125 0.000278237
0 0.632422 0.488672 0.149219 0.167969 0.000287624
0 0.784766 0.569531 0.330469 0.35 0.000293939
0 0.248047 0.280469 0.130469 0.15 0.000312884
0 0.194922 0.583203 0.139844 0.144531 0.000356624
0 0.817578 0.322656 0.107031 0.185937 0.000359038
0 0.80625 0.521094 0.142188 0.128125 0.000390266
0 0.2375 0.444922 0.128125 0.261719 0.000400574
0 0.788672 0.342969 0.121094 0.259375 0.000411156
0 0.719531 0.471094 0.140625 0.179688 0.000457477
0 0.7875 0.428906 0.198437 0.220313 0.000468903
0 0.737891 0.507422 0.141406 0.119531 0.000498845
0 0.237109 0.548437 0.141406 0.139062 0.000566198
0 0.299609 0.279687 0.0882813 0.10625 0.000583656
0 0.6625 0.453516 0.171875 0.221094 0.000601762
0 0.339453 0.485156 0.150781 0.265625 0.000614581
0 0.332422 0.303125 0.169531 0.251563 0.000632326
0 0.314844 0.217969 0.210938 0.2 0.000664382
0 0.685938 0.214453 0.1875 0.175781 0.000710497
0 0.338281 0.555469 0.14375 0.160938 0.000715385
0 0.834766 0.503125 0.286719 0.307813 0.000737426
0 0.236719 0.49375 0.2 0.203125 0.000800146
0 0.295703 0.231641 0.305469 0.277344 0.00089035
0 0.176563 0.555859 0.0875 0.110156 0.000946782
0 0.732031 0.272266 0.251563 0.300781 0.00103275
0 0.865234 0.398438 0.157031 0.392188 0.00105137
0 0.728125 0.534766 0.2375 0.164844 0.00107256
0 0.808984 0.470703 0.142969 0.178906 0.00114374
0 0.844141 0.491016 0.0898438 0.105469 0.00120079
0 0.799219 0.276563 0.114063 0.157813 0.00122572
0 0.180078 0.495703 0.110156 0.205469 0.00122606
0 0.823828 0.3875 0.130469 0.279687 0.00133642
0 0.282813 0.297266 0.117188 0.153906 0.00134364
0 0.758984 0.234375 0.172656 0.1875 0.00228662
0 0.707812 0.385547 0.284375 0.424219 0.00270893
0 0.234766 0.534375 0.291406 0.298438 0.00310748
0 0.164062 0.551562 0.1125 0.198437 0.00343722
0 0.268359 0.567578 0.261719 0.178906 0.00355373
0 0.866016 0.513281 0.133594 0.167187 0.00376279
0 0.301562 0.525781 0.164062 0.167187 0.00379144
0 0.680469 0.508203 0.195312 0.152344 0.00419892
0 0.314453 0.385156 0.227344 0.457812 0.00461364
0 0.251953 0.309375 0.185156 0.270312 0.00606141
0 0.186328 0.453125 0.138281 0.354688 0.0183894
0 0.299219 0.257812 0.15 0.184375 0.0206793
0 0.733594 0.48125 0.271875 0.201562 0.0206829
0 0.807031 0.507031 0.220313 0.16875 0.0275386
0 0.204297 0.536328 0.178906 0.211719 0.0293595
0 0.842578 0.462109 0.149219 0.249219 0.0503339
0 0.796094 0.371875 0.220313 0.40625 0.0771367
0 0.238672 0.396094 0.239844 0.460938 0.139201
