0 0.358984 0.46875 0.135156 0.235938 0.000100205
0 0.7625 0.300781 0.090625 0.1125 0.000101026
0 0.6875 0.537109 0.121875 0.258594 0.000102433
0 0.377344 0.318359 0.135937 0.199219 0.000103931
0 0.902344 0.396094 0.195312 0.6125 0.000108521
0 0.719531 0.641406 0.123438 0.196875 0.000114502
0 0.858984 0.519141 0.0804688 0.107031 0.000116283
0 0.780078 0.671094 0.0851562 0.1 0.000117341
0 0.308203 0.214844 0.344531 0.38125 0.000118948
0 0.706641 0.320312 0.141406 0.253125 0.000120319
0 0.885156 0.691016 0.0921875 0.102344 0.000121382
0 0.814844 0.247266 0.132812 0.202344 0.00012202
0 0.788672 0.510938 0.130469 0.267188 0.000125252
0 0.916797 0.604297 0.138281 0.313281 0.000136113
0 0.744922 0.650781 0.0851562 0.104687 0.000136665
0 0.723047 0.257812 0.0898438 0.10625 0.000153998
0 0.700391 0.200781 0.152344 0.189063 0.000159459
0 0.686719 0.6125 0.109375 0.176563 0.00015959
0 0.798437 0.619531 0.0765625 0.103125 0.000163732
0 0.826563 0.589844 0.078125 0.104687 0.000164308
0 0.353516 0.241797 0.0789063 0.111719 0.000164642
0 0.827344 0.242188 0.210938 0.259375 0.000175098
0 0.874219 0.550391 0.08125 0.0992187 0.000175206
0 0.289062 0.509375 0.115625 0.234375 0.0001765
0 0.760547 0.620703 0.0835937 0.105469 0.000183951
0 0.342187 0.514844 0.0765625 0.1 0.000191718
0 0.814062 0.280469 0.0875 0.114063 0.000202242
0 0.359375 0.201562 0.304688 0.248437 0.000217222
0 0.325781 0.428125 0.132812 0.273438 0.000220259
0 0.74375 0.672266 0.125 0.149219 0.00022698
0 0.307031 0.555859 0.175 0.211719 0.000236995
0 0.891016 0.657422 0.0789063 0.105469 0.000286091
0 0.761719 0.2625 0.0921875 0.114063 0.000296014
0 0.352734 0.107031 0.402344 0.214062 0.000313614
0 0.861719 0.675781 0.145313 0.134375 0.000330757
0 0.796094 0.653906 0.078125 0.09375 0.000339727
0 0.758203 0.362891 0.144531 0.247656 0.000381643
0 0.807813 0.652344 0.309375 0.278125 0.000390428
0 0.875391 0.534375 0.108594 0.175 0.000423652
0 0.401172 0.237109 0.192969 0.219531 0.000437024
0 0.783594 0.278516 0.090625 0.113281 0.000440597
0 0.826172 0.4875 0.127344 0.25625 0.000441351
0 0.817578 0.633594 0.122656 0.160938 0.000496022
0 0.366016 0.278125 0.0882813 0.114063 0.000507065
0 0.742188 0.594531 0.11875 0.245312 0.000540336
0 0.873438 0.483594 0.151562 0.376563 0.000541981
0 0.408984 0.316016 0.235156 0.439844 0.000545698
0 0.403125 0.528516 0.171875 0.199219 0.000552251
0 0.364062 0.525781 0.0765625 0.0953125 0.000573865
0 0.320312 0.514063 0.128125 0.175 0.00064209
0 0.344531 0.341016 0.135937 0.275781 0.000651637
0 0.805859 0.574219 0.130469 0.228125 0.000693191
0 0.364453 0.491797 0.302344 0.382031 0.000904556
0 0.886328 0.645312 0.117969 0.160938 0.00104574
0 0.778516 0.639063 0.0820312 0.1 0.00107709
0 0.80625 0.667969 0.178125 0.154687 0.0011982
0 0.718359 0.347266 0.233594 0.436719 0.00124957
0 0.296094 0.426562 0.176563 0.482812 0.0014153
0 0.369922 0.519531 0.110156 0.135937 0.00179686
0 0.821875 0.311328 0.1625 0.246094 0.00220784
0 0.725781 0.257812 0.175 0.182812 0.00224419
0 0.874219 0.602344 0.153125 0.240625 0.00274625
0 0.762109 0.217969 0.227344 0.232812 0.00297937
0 0.753125 0.542188 0.198437 0.357812 0.00306764
0 0.346484 0.511328 0.208594 0.216406 0.00344282
0 0.841016 0.5625 0.0726563 0.0921875 0.00369825
0 0.774609 0.641406 0.135156 0.160938 0.0051034
0 0.359375 0.269922 0.123438 0.197656 0.00781253
0 0.808203 0.610156 0.208594 0.240625 0.0114993
0 0.843359 0.469922 0.252344 0.622656 0.0117206
0 0.779297 0.280859 0.146094 0.183594 0.015855
0 0.846875 0.555469 0.0984375 0.148438 0.0180747
0 0.844922 0.553516 0.136719 0.241406 0.0199622
0 0.768359 0.294531 0.199219 0.278125 0.172909
0 0.78125 0.400391 0.240625 0.511719 0.253223
0 0.353125 0.383203 0.228125 0.472656 0.514228
