0 0.305859 0.615625 0.0835937 0.11875 0.000100202
0 0.323828 0.534375 0.114844 0.215625 0.00010531
0 0.442969 0.244531 0.1125 0.154687 0.000128569
0 0.310547 0.406641 0.0945313 0.169531 0.000130665
0 0.440625 0.212891 0.08125 0.0867188 0.000133095
0 0.326953 0.447266 0.122656 0.207031 0.000149564
0 0.463672 0.673828 0.138281 0.174219 0.000156877
0 0.362891 0.652734 0.0835937 0.100781 0.000157854
0 0.394141 0.705859 0.260156 0.241406 0.000163722
0 0.980859 0.438281 0.0382813 0.453125 0.00017655
0 0.357812 0.510547 0.14375 0.283594 0.000183014
0 0.830859 0.466406 0.136719 0.289062 0.000186888
0 0.802344 0.363672 0.179688 0.194531 0.00019072
0 0.0738281 0.114453 0.147656 0.199219 0.000194414
0 0.269531 0.538281 0.298438 0.560938 0.000208117
0 0.3625 0.579687 0.19375 0.220313 0.000228428
0 0.457422 0.610156 0.169531 0.248437 0.000264134
0 0.430469 0.28125 0.173438 0.242188 0.00026973
0 0.45625 0.518359 0.25625 0.471094 0.000288588
0 0.332031 0.661328 0.30625 0.364844 0.000314742
0 0.441016 0.652344 0.0867188 0.0953125 0.000380356
0 0.776953 0.325391 0.227344 0.319531 0.000395601
0 0.385547 0.651563 0.142969 0.14375 0.000456094
0 0.778906 0.6 0.201562 0.264062 0.000554542
0 0.148047 0.202734 0.296094 0.405469 0.000576027
0 0.842188 0.370313 0.16875 0.351562 0.000580135
0 0.375391 0.334375 0.199219 0.260938 0.000636257
0 0.328516 0.363672 0.121094 0.163281 0.000649951
0 0.839453 0.582422 0.202344 0.292969 0.00099076
0 0.409766 0.405469 0.255469 0.571875 0.00114379
0 0.284766 0.532031 0.157031 0.426562 0.00165928
0 0.356641 0.397266 0.167969 0.238281 0.00166963
0 0.344141 0.635938 0.155469 0.198437 0.00167026
0 0.307031 0.594531 0.109375 0.242188 0.00176886
0 0.327344 0.455859 0.146875 0.363281 0.00277408
0 0.426953 0.648828 0.166406 0.169531 0.00318058
0 0.863672 0.475 0.161719 0.423438 0.00837722
0 0.398438 0.627344 0.239063 0.240625 0.00926461
0 0.31875 0.589063 0.157813 0.3375 0.0200439
0 0.366406 0.520312 0.225 0.442187 0.316767
0 0.805859 0.4625 0.236719 0.473437 0.478896
