0 0.719141 0.237891 0.153906 0.163281 0.000113721
0 0.66875 0.392969 0.354688 0.603125 0.0001188
0 0.295312 0.302344 0.1375 0.167187 0.00011939
0 0.680859 0.293359 0.261719 0.302344 0.000120157
0 0.280859 0.682813 0.366406 0.54375 0.000122263
0 0.358203 0.210547 0.0945313 0.0789063 0.00012531
0 0.217187 0.529297 0.071875 0.0882813 0.000129521
0 0.328516 0.252734 0.152344 0.166406 0.000138685
0 0.814062 0.368359 0.110937 0.227344 0.000144387
0 0.879297 0.713672 0.236719 0.539844 0.000144519
0 0.398047 0.210156 0.111719 0.09375 0.00014501
0 0.392188 0.455078 0.290625 0.444531 0.000151611
0 0.385156 0.408594 0.126563 0.235938 0.000153892
0 0.764063 0.284375 0.18125 0.246875 0.000170999
0 0.405859 0.283594 0.147656 0.217187 0.000180417
0 0.195703 0.525391 0.146094 0.211719 0.000188955
0 0.257812 0.403516 0.0890625 0.108594 0.000190461
0 0.219922 0.364453 0.157031 0.289844 0.000210911
0 0.248047 0.339453 0.319531 0.485156 0.000211995
0 0.746484 0.424609 0.186719 0.203906 0.000215274
0 0.330078 0.473437 0.0820312 0.0796875 0.000242762
0 0.840625 0.597266 0.19375 0.244531 0.000246979
0 0.380859 0.318359 0.221094 0.291406 0.000250921
0 0.217578 0.546875 0.105469 0.09375 0.000253366
0 0.304688 0.506641 0.15 0.127344 0.000262247
0 0.692187 0.533594 0.201562 0.348437 0.000277407
0 0.414453 0.438281 0.185156 0.323438 0.000278902
0 0.796484 0.553906 0.205469 0.221875 0.000327395
0 0.375781 0.244141 0.160938 0.158594 0.000334614
0 0.346484 0.523438 0.0804688 0.0875 0.000365896
0 0.760938 0.510156 0.153125 0.26875 0.000393726
0 0.358984 0.472656 0.0820312 0.078125 0.000403548
0 0.319141 0.288672 0.221094 0.255469 0.000421042
0 0.763281 0.364844 0.176563 0.196875 0.000425484
0 0.828516 0.605469 0.311719 0.507812 0.000470716
0 0.274609 0.299609 0.0648438 0.0867188 0.000492286
0 0.239844 0.508203 0.140625 0.157031 0.000493932
0 0.279687 0.464844 0.15 0.204688 0.000556916
0 0.234766 0.547266 0.183594 0.155469 0.000627924
0 0.201172 0.442969 0.175781 0.326562 0.000673885
0 0.265234 0.308203 0.0898438 0.138281 0.000750661
0 0.289844 0.567578 0.307813 0.339844 0.000843566
0 0.319141 0.428516 0.225781 0.208594 0.000860164
0 0.799219 0.469922 0.135937 0.283594 0.00116546
0 0.256641 0.363281 0.0789063 0.107813 0.00137122
0 0.347656 0.541406 0.170312 0.164062 0.00137442
0 0.325391 0.470313 0.172656 0.148438 0.00178495
0 0.737891 0.366406 0.232031 0.389062 0.0020226
0 0.799609 0.36875 0.166406 0.359375 0.00224489
0 0.748438 0.577734 0.254687 0.297656 0.00232225
0 0.34375 0.491016 0.078125 0.0710938 0.00247696
0 0.373047 0.476172 0.157031 0.219531 0.00263516
0 0.831641 0.514453 0.230469 0.392969 0.00283071
0 0.246484 0.428516 0.136719 0.272656 0.0042127
0 0.258203 0.364453 0.103906 0.189844 0.00521283
0 0.252344 0.501562 0.228125 0.26875 0.00581792
0 0.344922 0.505469 0.114844 0.114063 0.00747033
0 0.336719 0.346094 0.275 0.415625 0.00816229
0 0.307813 0.507422 0.234375 0.189844 0.011195
0 0.273828 0.376563 0.158594 0.2875 0.0247885
0 0.291016 0.427344 0.236719 0.35625 0.259843
0 0.773047 0.460938 0.228906 0.457812 0.334795
