0 0.717969 0.330078 0.071875 0.0804688 0.000100679
0 0.369531 0.484766 0.165625 0.310156 0.000101757
0 0.775391 0.721094 0.227344 0.334375 0.00010273
0 0.35625 0.197656 0.0875 0.103125 0.000106882
0 0.484375 0.512891 0.445312 0.721094 0.000110866
0 0.247266 0.624219 0.300781 0.48125 0.000110985
0 0.344531 0.487891 0.0703125 0.0867188 0.000112466
0 0.897656 0.0621094 0.204688 0.124219 0.000112602
0 0.342187 0.592969 0.13125 0.173438 0.000113564
0 0.0644531 0.932422 0.125781 0.135156 0.000114529
0 0.265625 0.555469 0.0796875 0.107813 0.000114789
0 0.346094 0.314063 0.1375 0.15625 0.000116052
0 0.89375 0.520703 0.2125 0.807031 0.000130003
0 0.0476562 0.863281 0.0875 0.190625 0.000135811
0 0.810547 0.926562 0.358594 0.14375 0.000136662
0 0.139844 0.80625 0.279687 0.3875 0.000137461
0 0.03125 0.823047 0.0625 0.242969 0.0001418
0 0.299219 0.45 0.0859375 0.0921875 0.00014348
0 0.785937 0.526172 0.153125 0.455469 0.000145504
0 0.0167969 0.614062 0.0335938 0.209375 0.000145981
0 0.300781 0.364844 0.09375 0.167187 0.000157064
0 0.376953 0.565234 0.155469 0.208594 0.000158143
0 0.969922 0.851562 0.0601562 0.296875 0.000158463
0 0.677734 0.551172 0.192969 0.330469 0.000160484
0 0.948828 0.648438 0.102344 0.36875 0.000161484
0 0.337109 0.211719 0.0742188 0.0796875 0.000161972
0 0.725391 0.491406 0.113281 0.178125 0.000169419
0 0.312109 0.280469 0.0960938 0.159375 0.000171828
0 0.725 0.407813 0.126563 0.375 0.000180734
0 0.308203 0.207813 0.0492188 0.0703125 0.000181264
0 0.248437 0.68125 0.196875 0.351562 0.000183105
0 0.929688 0.912109 0.140625 0.175781 0.000190429
0 0.753906 0.494531 0.110937 0.267188 0.000200914
0 0.317969 0.338672 0.0625 0.0710938 0.000200963
0 0.739453 0.575391 0.0851562 0.107031 0.00020923
0 0.725391 0.608203 0.272656 0.353906 0.000211324
0 0.285156 0.429688 0.101562 0.171875 0.00021397
0 0.987891 0.446875 0.0242187 0.201562 0.00022129
0 0.0210938 0.569141 0.0421875 0.394531 0.000245491
0 0.330078 0.220703 0.0976562 0.141406 0.000259879
0 0.979297 0.517969 0.0414063 0.4125 0.000271001
0 0.0800781 0.720703 0.160156 0.552344 0.000271035
0 0.305859 0.671875 0.185156 0.290625 0.000283615
0 0.338281 0.301562 0.164062 0.279687 0.000290473
0 0.340625 0.490234 0.104687 0.153906 0.000290604
0 0.259766 0.485156 0.128906 0.4375 0.000292424
0 0.783984 0.809766 0.375781 0.375781 0.000294566
0 0.791016 0.628125 0.297656 0.485938 0.00030656
0 0.303516 0.321094 0.0867188 0.117188 0.00033069
0 0.0386719 0.643359 0.0773437 0.639844 0.000358207
0 0.120312 0.939453 0.240625 0.121094 0.000363361
0 0.932813 0.808984 0.132812 0.366406 0.000377461
0 0.967969 0.562109 0.0640625 0.667969 0.000378247
0 0.317187 0.531641 0.142188 0.211719 0.000389496
0 0.278125 0.553516 0.104687 0.185156 0.000417226
0 0.339453 0.404297 0.205469 0.458594 0.000448225
0 0.335938 0.544141 0.264062 0.400781 0.000451377
0 0.0792969 0.877344 0.158594 0.245312 0.000458138
0 0.971875 0.730078 0.05625 0.447656 0.000480019
0 0.971875 0.336719 0.0515625 0.0890625 0.000485374
0 0.025 0.691797 0.05 0.414844 0.000490172
0 0.305469 0.363281 0.117188 0.271875 0.000546674
0 0.300391 0.471875 0.113281 0.182812 0.000557359
0 0.0519531 0.814453 0.103906 0.341406 0.000574756
0 0.714453 0.603516 0.138281 0.208594 0.000597539
0 0.333594 0.598437 0.192188 0.259375 0.000612931
0 0.937109 0.641016 0.125781 0.663281 0.000779471
0 0.760938 0.63125 0.159375 0.271875 0.000859508
0 0.878516 0.866797 0.241406 0.264844 0.00102507
0 0.324219 0.193359 0.059375 0.0726563 0.00108137
0 0.879687 0.728906 0.240625 0.528125 0.00184573
0 0.272656 0.616406 0.128125 0.279687 0.0019709
0 0.304688 0.448438 0.14375 0.339063 0.00297265
0 0.743359 0.566016 0.132031 0.255469 0.00486326
0 0.29375 0.546484 0.151562 0.321094 0.00888965
