0 0.373437 0.219141 0.0640625 0.0914062 0.000100189
0 0.698047 0.0351562 0.264844 0.0703125 0.000100253
0 0.0644531 0.0539063 0.127344 0.107813 0.000101241
0 0.286328 0.491797 0.122656 0.214844 0.000103617
0 0.403516 0.525 0.297656 0.417188 0.000103983
0 0.738672 0.449219 0.128906 0.225 0.000104575
0 0.927344 0.110547 0.142188 0.221094 0.00010613
0 0.798047 0.491406 0.121094 0.264062 0.000110376
0 0.676172 0.257422 0.116406 0.180469 0.00011264
0 0.360156 0.203516 0.109375 0.133594 0.000115625
0 0.839844 0.709766 0.20625 0.288281 0.000116436
0 0.832031 0.638672 0.0796875 0.117969 0.000116681
0 0.237109 0.634766 0.0960938 0.160156 0.000117961
0 0.303906 0.0324219 0.20625 0.0648438 0.000120433
0 0.668359 0.19375 0.124219 0.1875 0.000122252
0 0.678906 0.652344 0.135937 0.157813 0.000131173
0 0.347266 0.606641 0.0867188 0.0914062 0.000134095
0 0.759375 0.636719 0.0875 0.115625 0.000137088
0 0.698828 0.512109 0.124219 0.213281 0.000140279
0 0.304297 0.0613281 0.286719 0.122656 0.000143499
0 0.745703 0.152734 0.371094 0.272656 0.000144055
0 0.321094 0.239844 0.120312 0.178125 0.000144146
0 0.794531 0.328125 0.0609375 0.103125 0.000148284
0 0.258594 0.0207031 0.245312 0.0382813 0.000148735
0 0.803906 0.0347656 0.26875 0.0695312 0.000150129
0 0.261719 0.537109 0.33125 0.592969 0.000150414
0 0.786719 0.280469 0.090625 0.182812 0.000151311
0 0.834375 0.599609 0.10625 0.194531 0.000155232
0 0.0246094 0.437891 0.0460938 0.436719 0.000158522
0 0.328906 0.607422 0.139062 0.124219 0.000175446
0 0.245312 0.552734 0.104687 0.236719 0.000177304
0 0.112109 0.50625 0.224219 0.9875 0.000184746
0 0.862891 0.186719 0.274219 0.373437 0.000192308
0 0.930469 0.0550781 0.135937 0.110156 0.000194904
0 0.760938 0.380859 0.103125 0.171094 0.000196919
0 0.817969 0.66875 0.0859375 0.107813 0.000199555
0 0.80625 0.388672 0.175 0.539844 0.000202148
0 0.0332031 0.478516 0.0664062 0.733594 0.00020702
0 0.720703 0.491016 0.122656 0.144531 0.000209366
0 0.801172 0.6 0.0820312 0.110937 0.000209428
0 0.380859 0.53125 0.124219 0.220313 0.00021893
0 0.721094 0.342578 0.109375 0.186719 0.00022011
0 0.114063 0.0621094 0.225 0.124219 0.000224209
0 0.698438 0.160547 0.110937 0.119531 0.000233653
0 0.749609 0.0613281 0.403906 0.117969 0.000243188
0 0.255469 0.482422 0.195312 0.444531 0.000243815
0 0.819141 0.560156 0.278906 0.4 0.000252635
0 0.324609 0.417188 0.0914062 0.110937 0.000265821
0 0.0566406 0.512109 0.113281 0.936719 0.000273167
0 0.755859 0.244141 0.0804688 0.0898438 0.000273188
0 0.760156 0.512891 0.128125 0.211719 0.000301692
0 0.783594 0.619141 0.0875 0.111719 0.000306986
0 0.764844 0.66875 0.151562 0.171875 0.000319318
0 0.762891 0.210156 0.224219 0.273438 0.00033785
0 0.888672 0.0359375 0.221094 0.0703125 0.000352056
0 0.312109 0.641406 0.232031 0.178125 0.000360844
0 0.721875 0.308203 0.276563 0.489844 0.000361531
0 0.283984 0.226562 0.366406 0.417188 0.000362919
0 0.710938 0.394531 0.167187 0.378125 0.000384285
0 0.739062 0.238281 0.107813 0.128125 0.000391094
0 0.324219 0.349609 0.0859375 0.108594 0.000397379
0 0.719922 0.166797 0.225781 0.214844 0.000408433
0 0.305078 0.302734 0.105469 0.205469 0.000415148
0 0.413281 0.517187 0.15625 0.31875 0.000431035
0 0.8125 0.10625 0.375 0.210938 0.000440362
0 0.291406 0.421484 0.134375 0.183594 0.000465701
0 0.377344 0.592578 0.0859375 0.0976562 0.000468357
0 0.695312 0.622656 0.289062 0.298438 0.000492077
0 0.742969 0.342187 0.0984375 0.126563 0.000544729
0 0.680078 0.576172 0.130469 0.217969 0.00055089
0 0.361719 0.630078 0.16875 0.133594 0.000551863
0 0.762891 0.341797 0.0710938 0.0804688 0.000617059
0 0.391406 0.230078 0.0984375 0.121094 0.000637924
0 0.416406 0.271094 0.140625 0.204688 0.00064524
0 0.314844 0.581641 0.295312 0.289844 0.00067246
0 0.283203 0.555078 0.138281 0.186719 0.000673822
0 0.792969 0.392578 0.114063 0.310156 0.000691514
0 0.226172 0.0398437 0.360156 0.0796875 0.000694342
0 0.861719 0.0578125 0.276563 0.1125 0.000731442
0 0.321094 0.535547 0.151562 0.189844 0.000736819
0 0.787891 0.351562 0.0835937 0.11875 0.000805522
0 0.26875 0.601562 0.139062 0.175 0.000844927
0 0.308594 0.387109 0.090625 0.116406 0.000849051
0 0.769141 0.698828 0.274219 0.242969 0.000863992
0 0.412891 0.353906 0.158594 0.220313 0.000930312
0 0.203906 0.134766 0.407813 0.264844 0.00098444
0 0.705078 0.533203 0.185156 0.321094 0.00106738
0 0.762891 0.308594 0.149219 0.25625 0.00114947
0 0.703516 0.217969 0.161719 0.225 0.00115043
0 0.377734 0.384375 0.0929687 0.103125 0.00117211
0 0.395312 0.383594 0.153125 0.132812 0.00122854
0 0.762109 0.577344 0.147656 0.2375 0.00123127
0 0.766406 0.320703 0.104687 0.144531 0.00126057
0 0.825 0.671875 0.148438 0.195312 0.0014201
0 0.719531 0.289844 0.196875 0.335938 0.00187281
0 0.201562 0.0707031 0.382812 0.139844 0.00199222
0 0.376953 0.592969 0.130469 0.129688 0.0020162
0 0.340625 0.311328 0.26875 0.377344 0.00252658
0 0.346484 0.574219 0.0882813 0.0921875 0.00269741
0 0.801953 0.638281 0.0898438 0.114063 0.00281383
0 0.289844 0.514453 0.173438 0.311719 0.00389005
0 0.694531 0.617188 0.195312 0.21875 0.00395054
0 0.807422 0.567187 0.150781 0.289062 0.00408047
0 0.303125 0.3625 0.129688 0.204688 0.00492126
0 0.318359 0.585938 0.205469 0.182812 0.0064066
0 0.342969 0.388281 0.09375 0.110937 0.0066724
0 0.338672 0.459766 0.280469 0.464844 0.00946256
0 0.347266 0.573438 0.133594 0.126563 0.0115573
0 0.371094 0.479688 0.184375 0.335938 0.0125644
0 0.760156 0.464453 0.207813 0.488281 0.0165419
0 0.353516 0.322266 0.192969 0.250781 0.0214733
0 0.800391 0.637109 0.132031 0.164844 0.0218371
0 0.329688 0.438281 0.16875 0.285937 0.0793782
0 0.341797 0.382422 0.163281 0.161719 0.173903
0 0.763281 0.628125 0.221875 0.2125 0.199739
