0 0.228125 0.0480469 0.360938 0.0960938 0.000105368
0 0.98125 0.643359 0.0375 0.421094 0.000108652
0 0.760938 0.527344 0.142188 0.226562 0.000113943
0 0.699609 0.0203125 0.199219 0.040625 0.000115689
0 0.235547 0.274219 0.105469 0.1125 0.00011785
0 0.678125 0.0511719 0.210938 0.0992187 0.000126381
0 0.655469 0.535156 0.164062 0.19375 0.000138815
0 0.658984 0.580469 0.136719 0.140625 0.000142658
0 0.722266 0.0765625 0.336719 0.153125 0.000145487
0 0.289844 0.517187 0.184375 0.153125 0.000183002
0 0.716406 0.497656 0.171875 0.232812 0.000186927
0 0.857813 0.0363281 0.264062 0.0664062 0.000196117
0 0.758203 0.593359 0.135156 0.157031 0.000201224
0 0.234375 0.526172 0.148438 0.172656 0.0002071
0 0.890625 0.0554687 0.21875 0.110937 0.000211268
0 0.71875 0.034375 0.245312 0.065625 0.000337267
0 0.700781 0.555859 0.189063 0.174219 0.000440077
0 0.792969 0.0515625 0.365625 0.1 0.000588975
