0 0.636328 0.187109 0.0320312 0.0648438 0.000100461
0 0.655078 0.391016 0.0554687 0.110156 0.000101625
0 0.096875 0.423438 0.090625 0.0859375 0.000103985
0 0.625391 0.205469 0.0632813 0.090625 0.000106398
0 0.625391 0.201953 0.0460938 0.0507812 0.000108457
0 0.670703 0.492188 0.0757812 0.114063 0.00010986
0 0.544922 0.677734 0.0992187 0.125781 0.000113102
0 0.638672 0.149219 0.0304688 0.046875 0.000113626
0 0.615625 0.510156 0.0890625 0.110937 0.00011376
0 0.643359 0.203906 0.0273438 0.046875 0.000117079
0 0.267578 0.442969 0.202344 0.420312 0.00011983
0 0.558203 0.570703 0.0835937 0.103906 0.000123637
0 0.616016 0.132422 0.0554687 0.0570313 0.000124335
0 0.115625 0.325 0.09375 0.14375 0.000127646
0 0.651953 0.367578 0.0820312 0.186719 0.000145604
0 0.558984 0.471094 0.124219 0.171875 0.000146556
0 0.605078 0.257031 0.102344 0.128125 0.000150229
0 0.674219 0.634375 0.190625 0.201562 0.000151696
0 0.523828 0.544141 0.147656 0.277344 0.000153445
0 0.613672 0.587891 0.0851562 0.100781 0.000153975
0 0.636328 0.489453 0.0867188 0.111719 0.000156276
0 0.575 0.590234 0.0875 0.107031 0.000159225
0 0.599609 0.130859 0.0460938 0.0507812 0.000164546
0 0.690625 0.46875 0.123438 0.246875 0.00016693
0 0.616016 0.14375 0.0382813 0.0421875 0.000170831
0 0.631641 0.567969 0.0851562 0.104687 0.000172966
0 0.215625 0.672266 0.153125 0.158594 0.00017505
0 0.651563 0.549219 0.084375 0.10625 0.00018444
0 0.594141 0.532031 0.0929687 0.110937 0.000185917
0 0.618359 0.446875 0.0851562 0.101562 0.000191046
0 0.641016 0.322656 0.107031 0.189063 0.000198457
0 0.0902344 0.601562 0.152344 0.204688 0.000202006
0 0.286328 0.646094 0.233594 0.189063 0.000204956
0 0.259375 0.635938 0.145313 0.140625 0.000210671
0 0.633203 0.528906 0.0867188 0.110937 0.00021079
0 0.730469 0.541406 0.29375 0.467187 0.000239261
0 0.69375 0.533203 0.14375 0.202344 0.00024003
0 0.574219 0.551172 0.090625 0.105469 0.000253555
0 0.176172 0.514063 0.216406 0.167187 0.000262628
0 0.652734 0.509375 0.0867188 0.109375 0.000276569
0 0.613672 0.55 0.0914062 0.107813 0.000293257
0 0.116797 0.383984 0.116406 0.246094 0.000309499
0 0.634375 0.2125 0.046875 0.05625 0.000313664
0 0.203125 0.403516 0.285937 0.628906 0.000322325
0 0.217187 0.55625 0.151562 0.2 0.000354271
0 0.710938 0.635156 0.1875 0.301562 0.000357372
0 0.157422 0.492969 0.252344 0.325 0.0003754
0 0.655469 0.469531 0.08125 0.11875 0.00038139
0 0.178125 0.651172 0.15 0.163281 0.000406873
0 0.678125 0.367188 0.154687 0.307813 0.000447577
0 0.594531 0.569141 0.0921875 0.100781 0.000458126
0 0.667188 0.672266 0.31875 0.369531 0.000489026
0 0.55 0.598437 0.134375 0.223438 0.000551969
0 0.580078 0.68125 0.174219 0.15 0.000588887
0 0.594922 0.254297 0.0664062 0.0617188 0.00062345
0 0.162109 0.707422 0.272656 0.239844 0.000723305
0 0.6 0.451172 0.165625 0.178906 0.000820352
0 0.254687 0.595703 0.185937 0.171094 0.000916329
0 0.610547 0.342578 0.146094 0.266406 0.00101157
0 0.634766 0.684766 0.246094 0.180469 0.00132362
0 0.127734 0.636328 0.222656 0.205469 0.00133062
0 0.561719 0.531641 0.135937 0.227344 0.00145808
0 0.198047 0.613672 0.150781 0.157031 0.00169055
0 0.143359 0.578516 0.222656 0.196094 0.00190036
0 0.705469 0.523047 0.179688 0.363281 0.00192531
0 0.651563 0.55 0.134375 0.226562 0.00288341
0 0.657812 0.482031 0.292188 0.451562 0.00411404
0 0.652734 0.469922 0.107031 0.191406 0.00437284
0 0.652344 0.427734 0.0765625 0.130469 0.00476992
0 0.214844 0.541797 0.264062 0.286719 0.00503303
0 0.229297 0.678906 0.269531 0.225 0.00506438
0 0.606641 0.630078 0.208594 0.242969 0.00521655
0 0.641016 0.416797 0.102344 0.227344 0.00809706
0 0.596484 0.568359 0.144531 0.197656 0.00926312
0 0.661719 0.59375 0.242188 0.33125 0.0122362
0 0.614453 0.430469 0.182031 0.359375 0.0131822
0 0.651953 0.475781 0.157031 0.304688 0.0232282
0 0.611719 0.537109 0.2 0.299219 0.191402
0 0.192969 0.614844 0.273438 0.220313 0.211958
