0 0.391406 0.683203 0.151562 0.228906 0.000100923
0 0.159766 0.823438 0.0320312 0.065625 0.000114772
0 0.834375 0.741016 0.046875 0.0898438 0.000114879
0 0.598828 0.304688 0.230469 0.490625 0.000115308
0 0.283984 0.382422 0.0867188 0.0914062 0.000116551
0 0.662891 0.151562 0.153906 0.20625 0.000117747
0 0.678906 0.446875 0.151562 0.25625 0.000120348
0 0.699219 0.546875 0.104687 0.154687 0.000120612
0 0.299609 0.5125 0.167969 0.189063 0.000125817
0 0.152734 0.800781 0.0179687 0.0765625 0.000126085
0 0.266406 0.366406 0.13125 0.23125 0.000139266
0 0.249219 0.275781 0.167187 0.384375 0.00015612
0 0.371094 0.475 0.173438 0.3125 0.000173017
0 0.242578 0.575391 0.124219 0.232031 0.000174264
0 0.155078 0.735937 0.0367187 0.114063 0.00018971
0 0.673047 0.153125 0.0945313 0.123438 0.000190432
0 0.15 0.763672 0.01875 0.0554687 0.000205289
0 0.338281 0.559375 0.24375 0.28125 0.000231132
0 0.634375 0.441016 0.24375 0.372656 0.000236661
0 0.3125 0.676953 0.253125 0.264844 0.000242929
0 0.363281 0.108203 0.139062 0.163281 0.000247489
0 0.299609 0.368359 0.136719 0.153906 0.000260013
0 0.287891 0.215625 0.161719 0.198437 0.00026068
0 0.357031 0.195312 0.135937 0.190625 0.000262272
0 0.150781 0.855078 0.065625 0.0710938 0.000287253
0 0.681641 0.220313 0.141406 0.289062 0.000304921
0 0.366797 0.349609 0.194531 0.463281 0.000496884
0 0.720312 0.623828 0.154687 0.208594 0.000585233
0 0.340625 0.0808594 0.0765625 0.0773437 0.000670462
0 0.321484 0.407813 0.171094 0.192188 0.000750959
0 0.229687 0.634766 0.148438 0.216406 0.000857707
0 0.154297 0.772656 0.0414063 0.0828125 0.000993887
0 0.152734 0.80625 0.0523437 0.084375 0.00105003
0 0.66875 0.321875 0.190625 0.392188 0.00109048
0 0.28125 0.428906 0.14375 0.251563 0.00111364
0 0.747266 0.397656 0.291406 0.701563 0.00119609
0 0.325391 0.0992187 0.105469 0.114063 0.00150535
0 0.713281 0.507422 0.182812 0.452344 0.0015745
0 0.275 0.608594 0.214062 0.2375 0.00187641
0 0.253906 0.398828 0.210938 0.488281 0.00189992
0 0.324219 0.126563 0.142188 0.167187 0.0115844
0 0.298438 0.489844 0.232812 0.373437 0.0188852
0 0.325391 0.179297 0.196094 0.283594 0.0902874
0 0.309375 0.33125 0.242188 0.595312 0.364588
0 0.665625 0.392578 0.235938 0.639844 0.469216
