0 0.199219 0.594141 0.0859375 0.100781 0.000102086
0 0.169531 0.596484 0.1 0.271094 0.000102864
0 0.979688 0.441406 0.0390625 0.4125 0.000103843
0 0.257031 0.482031 0.0984375 0.140625 0.000108307
0 0.146875 0.698438 0.104687 0.217187 0.000108976
0 0.680078 0.377344 0.0523437 0.09375 0.00011241
0 0.728125 0.615625 0.0609375 0.103125 0.000113642
0 0.983203 0.717188 0.0335938 0.21875 0.000113894
0 0.3375 0.607813 0.132812 0.310937 0.000115119
0 0.650391 0.489844 0.166406 0.282813 0.000116892
0 0.985156 0.552344 0.0296875 0.214062 0.000117159
0 0.613281 0.702344 0.0828125 0.109375 0.000120873
0 0.175391 0.732813 0.0898438 0.104687 0.000123934
0 0.228906 0.785547 0.307813 0.249219 0.000124614
0 0.277734 0.732031 0.0882813 0.10625 0.000125948
0 0.732031 0.701953 0.0640625 0.116406 0.000129048
0 0.720703 0.677344 0.0679687 0.109375 0.000134105
0 0.659766 0.615234 0.127344 0.208594 0.000137302
0 0.124219 0.728516 0.135937 0.341406 0.000137978
0 0.169531 0.479297 0.20625 0.407031 0.000140852
0 0.79375 0.857422 0.3 0.261719 0.000144313
0 0.715625 0.596484 0.0734375 0.0882813 0.000155023
0 0.717188 0.507812 0.053125 0.10625 0.000161238
0 0.686719 0.465234 0.0625 0.0851562 0.000165426
0 0.668359 0.348828 0.122656 0.182031 0.000167009
0 0.678125 0.757422 0.0921875 0.107031 0.000167095
0 0.0757812 0.69375 0.139062 0.6125 0.000167748
0 0.180859 0.683984 0.0867188 0.117969 0.00017001
0 0.713281 0.432031 0.05 0.0984375 0.000170918
0 0.702344 0.614844 0.078125 0.09375 0.000175312
0 0.664844 0.359375 0.06875 0.109375 0.00017611
0 0.214844 0.329688 0.165625 0.253125 0.000176722
0 0.986328 0.0402344 0.0273438 0.0804688 0.000179282
0 0.663281 0.307422 0.075 0.111719 0.000190454
0 0.984766 0.633594 0.0304688 0.2375 0.000192447
0 0.735937 0.812891 0.084375 0.0992187 0.000193275
0 0.326562 0.282031 0.0875 0.115625 0.000195987
0 0.028125 0.679688 0.05625 0.640625 0.000197981
0 0.216016 0.609375 0.0695312 0.0859375 0.000199754
0 0.341797 0.3125 0.119531 0.165625 0.00020177
0 0.653516 0.739844 0.0898438 0.1125 0.000203903
0 0.6 0.571875 0.0609375 0.0859375 0.000208756
0 0.712109 0.409766 0.0648438 0.183594 0.000212884
0 0.382422 0.260938 0.128906 0.142188 0.00021448
0 0.944141 0.8125 0.111719 0.375 0.000220897
0 0.591016 0.701172 0.111719 0.213281 0.00022217
0 0.300781 0.446094 0.114063 0.145313 0.000228661
0 0.611328 0.5625 0.127344 0.234375 0.000230411
0 0.334766 0.386719 0.153906 0.282813 0.000254779
0 0.762891 0.715234 0.338281 0.416406 0.000256299
0 0.704687 0.775391 0.0859375 0.0914062 0.000257819
0 0.747656 0.795313 0.053125 0.096875 0.000257891
0 0.740234 0.657422 0.100781 0.366406 0.000268494
0 0.234375 0.371094 0.0828125 0.117188 0.00027047
0 0.678516 0.591406 0.0960938 0.125 0.00028074
0 0.0457031 0.607031 0.0914062 0.765625 0.00028479
0 0.154687 0.751172 0.096875 0.132031 0.000294501
0 0.230078 0.594141 0.0820312 0.144531 0.000308918
0 0.240234 0.732422 0.0914062 0.0929687 0.000314847
0 0.262109 0.704297 0.0929687 0.105469 0.00032786
0 0.702344 0.79375 0.13125 0.103125 0.0003308
0 0.219531 0.445312 0.0828125 0.117188 0.000340693
0 0.260156 0.323047 0.125 0.196094 0.000353265
0 0.609375 0.567578 0.0953125 0.116406 0.000358017
0 0.715234 0.635547 0.0789063 0.146094 0.000372095
0 0.893359 0.792578 0.213281 0.414844 0.000380529
0 0.720703 0.793359 0.0804688 0.0773437 0.000381916
0 0.203125 0.508203 0.115625 0.258594 0.000382735
0 0.697656 0.349609 0.05625 0.107031 0.000406245
0 0.176563 0.628516 0.29375 0.503906 0.000412249
0 0.973437 0.724609 0.0515625 0.410156 0.000430266
0 0.960156 0.651172 0.0796875 0.663281 0.00044049
0 0.196875 0.715234 0.090625 0.102344 0.000448573
0 0.311719 0.544531 0.195312 0.451562 0.000464772
0 0.325781 0.721094 0.128125 0.173438 0.000478996
0 0.745703 0.740625 0.0789063 0.19375 0.000479121
0 0.691016 0.474609 0.111719 0.266406 0.000481412
0 0.714844 0.523047 0.0765625 0.233594 0.000518789
0 0.710938 0.476562 0.0640625 0.126563 0.000527935
0 0.692578 0.390625 0.0835937 0.184375 0.000575972
0 0.296484 0.429297 0.167969 0.208594 0.000590364
0 0.650391 0.529297 0.208594 0.485156 0.000593614
0 0.277734 0.751953 0.211719 0.177344 0.000610895
0 0.615625 0.744531 0.0890625 0.117188 0.000622184
0 0.977734 0.605469 0.0445312 0.407813 0.000626447
0 0.619141 0.658984 0.139844 0.274219 0.000690373
0 0.720312 0.725781 0.0734375 0.11875 0.000717145
0 0.698047 0.444141 0.0757812 0.136719 0.000740987
0 0.600781 0.774219 0.117188 0.139062 0.000745681
0 0.304688 0.296094 0.14375 0.164062 0.000800639
0 0.7 0.636719 0.104687 0.225 0.000811885
0 0.233594 0.463672 0.120312 0.192969 0.000985753
0 0.237109 0.660937 0.141406 0.214062 0.00113264
0 0.716016 0.566797 0.113281 0.450781 0.00115268
0 0.221094 0.404687 0.0765625 0.114063 0.00116353
0 0.297266 0.666797 0.166406 0.221094 0.0012056
0 0.2125 0.595312 0.107813 0.234375 0.0012273
0 0.200391 0.742969 0.196094 0.157813 0.00136716
0 0.670703 0.719141 0.277344 0.300781 0.00160109
0 0.680078 0.335156 0.0664062 0.1 0.0021623
0 0.687109 0.7875 0.186719 0.151562 0.00216989
0 0.296484 0.696484 0.0742188 0.107031 0.00224489
0 0.174219 0.60625 0.134375 0.403125 0.00249437
0 0.244141 0.732422 0.144531 0.121094 0.00259746
0 0.344141 0.277344 0.164844 0.157813 0.00289332
0 0.735547 0.775391 0.0617188 0.0992187 0.0028968
0 0.181641 0.714844 0.125781 0.153125 0.0029016
0 0.207422 0.424219 0.108594 0.223438 0.00321455
0 0.256641 0.608984 0.228906 0.346094 0.00322725
0 0.229297 0.703516 0.283594 0.258594 0.00519862
0 0.242578 0.535156 0.286719 0.5625 0.00607048
0 0.289844 0.700781 0.110937 0.148438 0.00829776
0 0.662891 0.663281 0.185156 0.323438 0.00830974
0 0.278125 0.340234 0.209375 0.269531 0.00905617
0 0.617969 0.737891 0.128125 0.167969 0.00953516
0 0.71875 0.698438 0.1 0.240625 0.0118603
0 0.191406 0.65625 0.145313 0.242188 0.0120693
0 0.722266 0.758984 0.0976562 0.142969 0.0142671
0 0.24375 0.442187 0.176563 0.370313 0.0160611
0 0.23125 0.384766 0.123438 0.249219 0.0417718
0 0.679688 0.733984 0.18125 0.185156 0.0467212
0 0.213281 0.538672 0.159375 0.469531 0.049374
0 0.232812 0.707422 0.207813 0.171094 0.0664319
