0 0.159766 0.734766 0.108594 0.125781 0.000100568
0 0.344922 0.404687 0.0898438 0.115625 0.000101372
0 0.609375 0.527734 0.123438 0.182031 0.000104786
0 0.242969 0.332812 0.346875 0.3375 0.00010481
0 0.224219 0.428906 0.096875 0.146875 0.000107351
0 0.2625 0.529297 0.110937 0.128906 0.0001081
0 0.0191406 0.592578 0.0382813 0.255469 0.000109531
0 0.742578 0.613281 0.0882813 0.0984375 0.000109909
0 0.799609 0.580859 0.0882813 0.110156 0.000110018
0 0.362891 0.553125 0.149219 0.454688 0.000116821
0 0.766797 0.461719 0.0882813 0.10625 0.000120266
0 0.697656 0.360938 0.198437 0.196875 0.000123234
0 0.682422 0.633203 0.182031 0.161719 0.000124066
0 0.325781 0.425781 0.084375 0.1125 0.000125995
0 0.363672 0.507812 0.127344 0.240625 0.000126623
0 0.227734 0.748047 0.221094 0.171094 0.000127488
0 0.301172 0.510156 0.116406 0.16875 0.000128929
0 0.325781 0.386328 0.0859375 0.116406 0.000133788
0 0.628906 0.514453 0.190625 0.355469 0.00013836
0 0.096875 0.560547 0.19375 0.578906 0.00014324
0 0.263672 0.411328 0.0804688 0.0976562 0.000145183
0 0.763672 0.632422 0.0898438 0.0992187 0.000146962
0 0.625 0.396094 0.203125 0.357812 0.000150512
0 0.169922 0.699219 0.297656 0.523438 0.000154808
0 0.151172 0.489844 0.253906 0.501562 0.000160345
0 0.0320312 0.733984 0.0640625 0.514844 0.000160527
0 0.763672 0.66875 0.152344 0.153125 0.000161099
0 0.708984 0.280859 0.180469 0.191406 0.00016613
0 0.236328 0.469141 0.0632813 0.0789063 0.000166484
0 0.666797 0.323438 0.294531 0.345313 0.000169485
0 0.325781 0.485938 0.128125 0.251563 0.000171285
0 0.193359 0.572656 0.114844 0.228125 0.000171743
0 0.815625 0.549219 0.114063 0.232812 0.00017492
0 0.281641 0.426562 0.0804688 0.09375 0.000180778
0 0.894141 0.0605469 0.207031 0.121094 0.000185263
0 0.360547 0.852734 0.330469 0.294531 0.000187862
0 0.280078 0.750781 0.325781 0.357812 0.000190936
0 0.769922 0.319922 0.364844 0.471094 0.000196754
0 0.291016 0.884766 0.238281 0.230469 0.000206496
0 0.263281 0.653125 0.0875 0.107813 0.00020746
0 0.747266 0.445703 0.147656 0.160156 0.000212415
0 0.348047 0.288672 0.169531 0.172656 0.000214932
0 0.835156 0.632422 0.075 0.0835937 0.000217997
0 0.308594 0.405859 0.0859375 0.114844 0.000219294
0 0.259766 0.44375 0.107031 0.120312 0.000222439
0 0.628906 0.478125 0.148438 0.220313 0.000224268
0 0.236328 0.467969 0.0835937 0.120312 0.000224361
0 0.302734 0.598437 0.0789063 0.1 0.000230406
0 0.720312 0.488672 0.207813 0.197656 0.000231242
0 0.0171875 0.469531 0.0328125 0.198437 0.000270927
0 0.791797 0.8375 0.283594 0.323438 0.000275988
0 0.307813 0.322266 0.15 0.167969 0.000276615
0 0.305469 0.551562 0.075 0.084375 0.000281592
0 0.803125 0.649219 0.0921875 0.1 0.000291753
0 0.0230469 0.450781 0.0460938 0.371875 0.000300183
0 0.244531 0.600391 0.189063 0.219531 0.00030691
0 0.824609 0.701563 0.305469 0.451562 0.000347749
0 0.285547 0.728125 0.250781 0.23125 0.000363263
0 0.828125 0.562109 0.167187 0.322656 0.000373312
0 0.303516 0.671875 0.0898438 0.109375 0.000414769
0 0.323438 0.623438 0.289062 0.423438 0.000447171
0 0.744531 0.631641 0.148438 0.144531 0.000494083
0 0.285937 0.576172 0.120312 0.244531 0.000519782
0 0.305469 0.552344 0.096875 0.146875 0.000532069
0 0.840625 0.760938 0.192188 0.36875 0.000536263
0 0.723828 0.671875 0.264844 0.185937 0.00053829
0 0.263281 0.405078 0.125 0.150781 0.000582011
0 0.242969 0.670703 0.145313 0.158594 0.00059958
0 0.0445312 0.525391 0.0890625 0.563281 0.000600964
0 0.722266 0.593359 0.141406 0.167969 0.000608254
0 0.0542969 0.695312 0.108594 0.609375 0.000622797
0 0.703125 0.55 0.214062 0.207813 0.000624548
0 0.782422 0.601562 0.0867188 0.0875 0.000650576
0 0.244922 0.437891 0.169531 0.252344 0.000739983
0 0.185547 0.554297 0.160156 0.369531 0.00078291
0 0.667578 0.314453 0.194531 0.213281 0.000784367
0 0.794141 0.461328 0.103906 0.147656 0.000924249
0 0.188281 0.711328 0.157813 0.171094 0.000987632
0 0.0277344 0.565234 0.0539063 0.450781 0.00102878
0 0.325 0.676953 0.128125 0.178906 0.00103913
0 0.799609 0.616797 0.0898438 0.0882813 0.00116016
0 0.823828 0.611328 0.102344 0.117969 0.00126743
0 0.760938 0.546094 0.148438 0.220313 0.00149215
0 0.687109 0.615625 0.255469 0.271875 0.00156851
0 0.770312 0.714063 0.301562 0.303125 0.00213246
0 0.324609 0.607031 0.122656 0.251563 0.00218343
0 0.308984 0.423047 0.133594 0.221094 0.00228045
0 0.800391 0.466406 0.144531 0.248437 0.0029768
0 0.182812 0.638672 0.135937 0.249219 0.00308234
0 0.301953 0.636719 0.0867188 0.104687 0.00314933
0 0.726172 0.402734 0.217969 0.313281 0.00326267
0 0.366406 0.430859 0.165625 0.300781 0.00348531
0 0.822266 0.680469 0.158594 0.196875 0.00363755
0 0.273828 0.373828 0.199219 0.244531 0.00397797
0 0.779297 0.6 0.155469 0.132812 0.00462898
0 0.309766 0.55625 0.166406 0.373437 0.00586496
0 0.333203 0.378906 0.275781 0.367188 0.00600373
0 0.771094 0.409766 0.154687 0.247656 0.0106599
0 0.245312 0.549609 0.2375 0.449219 0.0123982
0 0.239844 0.673437 0.223438 0.209375 0.0135404
0 0.748828 0.605859 0.310156 0.374219 0.0141689
0 0.799609 0.642187 0.153906 0.140625 0.0157605
0 0.777734 0.430859 0.111719 0.128906 0.0279646
0 0.767578 0.623438 0.230469 0.201562 0.0407289
0 0.760156 0.517187 0.220313 0.334375 0.0439901
0 0.285156 0.645312 0.164062 0.209375 0.0503522
0 0.300781 0.484766 0.24375 0.488281 0.0820048
0 0.335547 0.374219 0.185156 0.270312 0.0828345
0 0.715625 0.459375 0.3 0.5125 0.297241
