0 0.325 0.342578 0.107813 0.138281 0.000100578
0 0.819922 0.551172 0.111719 0.225781 0.000100669
0 0.219531 0.690625 0.132812 0.110937 0.000106053
0 0.278516 0.424219 0.133594 0.145313 0.000108727
0 0.344922 0.90625 0.153906 0.165625 0.000109571
0 0.701563 0.613672 0.165625 0.202344 0.000113817
0 0.821094 0.804297 0.13125 0.125781 0.000120243
0 0.310156 0.0371094 0.376563 0.0742188 0.000122984
0 0.435156 0.198437 0.221875 0.204688 0.000123109
0 0.3875 0.675781 0.146875 0.220313 0.000125312
0 0.816797 0.410156 0.0664062 0.0796875 0.00012734
0 0.232422 0.634766 0.0914062 0.0992187 0.000129469
0 0.814062 0.405469 0.126563 0.19375 0.000132196
0 0.326953 0.65625 0.142969 0.146875 0.000138018
0 0.36875 0.260938 0.203125 0.16875 0.000138991
0 0.805469 0.891406 0.229687 0.210938 0.000140737
0 0.261719 0.916016 0.151562 0.152344 0.000146442
0 0.425391 0.142188 0.375781 0.284375 0.000147194
0 0.362109 0.469141 0.150781 0.150781 0.000149596
0 0.700391 0.53125 0.133594 0.173438 0.000159363
0 0.874219 0.644141 0.2 0.557031 0.000161932
0 0.250781 0.743359 0.292188 0.217969 0.000168229
0 0.765234 0.720312 0.202344 0.204688 0.000172562
0 0.321094 0.300391 0.140625 0.139844 0.00018072
0 0.740625 0.553516 0.170312 0.186719 0.000191684
0 0.665625 0.724609 0.225 0.328906 0.000196346
0 0.682813 0.382422 0.145313 0.242969 0.00019758
0 0.446484 0.0644531 0.403906 0.128906 0.000204489
0 0.323828 0.317187 0.182031 0.215625 0.000204616
0 0.803906 0.677734 0.145313 0.261719 0.000219597
0 0.364453 0.551953 0.177344 0.191406 0.000219667
0 0.682813 0.468359 0.1625 0.260156 0.000232198
0 0.305078 0.578125 0.275781 0.217187 0.00023693
0 0.364844 0.339453 0.167187 0.155469 0.000251987
0 0.2375 0.533594 0.135937 0.265625 0.000258404
0 0.769141 0.402734 0.302344 0.417969 0.00026534
0 0.729688 0.360547 0.19375 0.269531 0.000270619
0 0.762109 0.633203 0.189844 0.200781 0.000308355
0 0.526172 0.107422 0.482031 0.214844 0.000317362
0 0.201953 0.443359 0.364844 0.574219 0.000322904
0 0.202734 0.654688 0.0898438 0.103125 0.000354783
0 0.803516 0.432031 0.0648438 0.0921875 0.000372089
0 0.801172 0.782422 0.191406 0.182031 0.000427823
0 0.283984 0.0683594 0.421094 0.136719 0.00048029
0 0.740625 0.491406 0.223438 0.373437 0.000494934
0 0.412109 0.397656 0.221094 0.5 0.000568829
0 0.83125 0.572656 0.14375 0.392188 0.000607324
0 0.278906 0.408984 0.242188 0.427344 0.000656564
0 0.811328 0.439844 0.0882813 0.14375 0.000707464
0 0.777734 0.410937 0.192969 0.284375 0.000710252
0 0.376563 0.232031 0.2875 0.304688 0.000720011
0 0.422656 0.269922 0.182812 0.221094 0.000737819
0 0.344141 0.6375 0.224219 0.19375 0.000761162
0 0.284375 0.139062 0.448438 0.278125 0.000818729
0 0.195703 0.555469 0.146094 0.317187 0.000824161
0 0.810156 0.476953 0.126563 0.213281 0.000842161
0 0.775391 0.826563 0.258594 0.239063 0.00085081
0 0.345313 0.746875 0.328125 0.267188 0.000946834
0 0.807031 0.481641 0.182812 0.358594 0.00109715
0 0.382031 0.677734 0.226562 0.294531 0.0013564
0 0.297266 0.302344 0.428906 0.510938 0.00176057
0 0.240625 0.676953 0.203125 0.157031 0.00190073
0 0.693359 0.633594 0.255469 0.40625 0.00194291
0 0.204688 0.642187 0.128125 0.173438 0.00244729
0 0.397266 0.540234 0.219531 0.491406 0.00296087
0 0.384766 0.314453 0.230469 0.294531 0.00336237
0 0.233984 0.604688 0.186719 0.2375 0.00564506
0 0.816406 0.691797 0.2 0.403906 0.0058703
0 0.287109 0.679688 0.319531 0.226562 0.00619005
0 0.736719 0.753125 0.301562 0.348437 0.00698054
0 0.264844 0.539844 0.275 0.417188 0.0241028
0 0.333594 0.6125 0.31875 0.364062 0.0310934
0 0.758984 0.618359 0.283594 0.525781 0.252675
0 0.321484 0.464063 0.350781 0.596875 0.341619
