0 0.417578 0.305469 0.135156 0.215625 0.000100316
0 0.778906 0.280859 0.0453125 0.0601562 0.000105792
0 0.720703 0.486328 0.0914062 0.113281 0.000106057
0 0.323047 0.271094 0.0882813 0.109375 0.000109083
0 0.761719 0.317187 0.145313 0.276563 0.000112854
0 0.964844 0.0980469 0.0703125 0.196094 0.000113811
0 0.799219 0.573047 0.129688 0.216406 0.00011799
0 0.794922 0.4875 0.0882813 0.1125 0.000119088
0 0.480469 0.548047 0.5 0.735156 0.00011943
0 0.403125 0.341406 0.0875 0.110937 0.000127673
0 0.264062 0.313672 0.31875 0.357031 0.000140224
0 0.863281 0.0578125 0.273438 0.115625 0.000142769
0 0.382812 0.553125 0.0890625 0.1125 0.000148152
0 0.668359 0.408984 0.113281 0.175781 0.000150852
0 0.383203 0.59375 0.0929687 0.115625 0.000153633
0 0.414062 0.512109 0.109375 0.177344 0.000156589
0 0.793359 0.432813 0.111719 0.203125 0.000157218
0 0.146484 0.059375 0.292969 0.11875 0.000158124
0 0.103906 0.0378906 0.207813 0.0742188 0.000158663
0 0.390625 0.405859 0.0875 0.100781 0.000167875
0 0.763281 0.257812 0.040625 0.0671875 0.00017084
0 0.364062 0.572656 0.0890625 0.110937 0.000171287
0 0.310547 0.0339844 0.288281 0.0679687 0.000174187
0 0.264844 0.609766 0.298438 0.321094 0.000191714
0 0.661719 0.553906 0.139062 0.257812 0.000194165
0 0.804297 0.673437 0.174219 0.235938 0.000201811
0 0.371094 0.473437 0.129688 0.20625 0.00020626
0 0.407813 0.386719 0.0859375 0.107813 0.000215006
0 0.389844 0.515625 0.090625 0.1 0.000216332
0 0.0691406 0.0554687 0.138281 0.110937 0.000223262
0 0.345313 0.594922 0.0921875 0.116406 0.000232994
0 0.721484 0.414062 0.174219 0.182812 0.000233821
0 0.363281 0.319531 0.0890625 0.109375 0.000242082
0 0.307813 0.637891 0.196875 0.175781 0.000245046
0 0.410937 0.535156 0.320312 0.532812 0.000256087
0 0.704687 0.2375 0.0953125 0.110937 0.000261188
0 0.900391 0.0363281 0.199219 0.0710938 0.0002629
0 0.392188 0.245703 0.210938 0.244531 0.000296761
0 0.826563 0.560547 0.179688 0.325781 0.000297802
0 0.275 0.0527344 0.403125 0.105469 0.000299344
0 0.330469 0.557813 0.132812 0.170312 0.000334451
0 0.735937 0.652344 0.19375 0.195312 0.000378199
0 0.933984 0.0566406 0.132031 0.113281 0.000410344
0 0.788281 0.408594 0.153125 0.33125 0.000464913
0 0.325391 0.377734 0.135156 0.219531 0.000549174
0 0.804688 0.542969 0.290625 0.40625 0.000580764
0 0.760547 0.487891 0.0929687 0.111719 0.000609281
0 0.664062 0.6375 0.184375 0.229687 0.000678107
0 0.279687 0.356641 0.170312 0.267969 0.000741532
0 0.389844 0.425391 0.132812 0.196094 0.000815648
0 0.271875 0.454688 0.23125 0.475 0.000858349
0 0.343359 0.267578 0.144531 0.174219 0.00107957
0 0.340234 0.301562 0.0929687 0.109375 0.00110195
0 0.383984 0.53125 0.122656 0.176563 0.00115789
0 0.390234 0.604297 0.139844 0.180469 0.00129387
0 0.308203 0.317969 0.0898438 0.117188 0.00129883
0 0.269531 0.605469 0.203125 0.18125 0.00155461
0 0.7 0.267188 0.160938 0.2625 0.00158007
0 0.410547 0.473047 0.132031 0.319531 0.00245487
0 0.762109 0.628516 0.225781 0.316406 0.00258275
0 0.326953 0.514453 0.227344 0.389844 0.00304574
0 0.679688 0.239844 0.078125 0.084375 0.00343659
0 0.695703 0.475391 0.175781 0.224219 0.00680829
0 0.680469 0.223047 0.10625 0.124219 0.00720847
0 0.702344 0.592188 0.214062 0.304688 0.00739079
0 0.332422 0.596484 0.185156 0.171094 0.00810738
0 0.783594 0.517578 0.178125 0.249219 0.00980395
0 0.732031 0.405859 0.21875 0.397656 0.00983276
0 0.364844 0.321875 0.267188 0.340625 0.0147539
0 0.311719 0.303125 0.123438 0.170312 0.0203867
0 0.391406 0.367578 0.179688 0.247656 0.0229133
0 0.368359 0.538281 0.163281 0.265625 0.0238295
0 0.754297 0.45625 0.185156 0.2125 0.0313799
0 0.369141 0.429688 0.192969 0.410937 0.0537523
0 0.735547 0.525781 0.211719 0.315625 0.194531
0 0.352344 0.321094 0.19375 0.209375 0.21981
