0 0.28125 0.452344 0.084375 0.104687 0.000100817
0 0.736328 0.385938 0.0945313 0.204688 0.000102081
0 0.360938 0.0667969 0.139062 0.124219 0.000102862
0 0.589844 0.06875 0.153125 0.1375 0.00010432
0 0.639453 0.514063 0.117969 0.195312 0.000105898
0 0.0585938 0.0644531 0.115625 0.128906 0.000106745
0 0.299219 0.216797 0.0875 0.113281 0.000111355
0 0.226172 0.282422 0.0976562 0.194531 0.000112405
0 0.178906 0.399609 0.132812 0.430469 0.000113785
0 0.737891 0.494141 0.0789063 0.110156 0.000114114
0 0.948047 0.191016 0.103906 0.382031 0.000116302
0 0.182031 0.501953 0.078125 0.122656 0.00011873
0 0.683594 0.320703 0.13125 0.257031 0.000126814
0 0.377344 0.394922 0.139062 0.296094 0.000126954
0 0.256641 0.115234 0.133594 0.183594 0.000132349
0 0.768359 0.614453 0.0945313 0.194531 0.000135797
0 0.0289063 0.113281 0.0546875 0.226562 0.000147136
0 0.631641 0.439453 0.132031 0.389844 0.000149993
0 0.357812 0.276563 0.140625 0.13125 0.000150053
0 0.744531 0.242969 0.0796875 0.115625 0.000157977
0 0.974609 0.191406 0.0507812 0.382812 0.000160587
0 0.601562 0.609375 0.146875 0.19375 0.000167292
0 0.369922 0.480078 0.141406 0.192969 0.000168517
0 0.263281 0.198828 0.0875 0.108594 0.000187214
0 0.705078 0.446094 0.133594 0.278125 0.000191603
0 0.739844 0.629687 0.0828125 0.1 0.000205706
0 0.385938 0.53125 0.114063 0.159375 0.000210021
0 0.756641 0.216406 0.305469 0.3375 0.00021551
0 0.219531 0.500391 0.148438 0.153906 0.000220743
0 0.370313 0.179688 0.214062 0.334375 0.000230125
0 0.722656 0.572266 0.0875 0.114844 0.000231981
0 0.284375 0.487109 0.0828125 0.100781 0.000238819
0 0.370703 0.266406 0.175781 0.2625 0.000243748
0 0.359375 0.558984 0.120312 0.119531 0.000246823
0 0.615625 0.108594 0.125 0.145313 0.000247613
0 0.0539063 0.188281 0.107813 0.376563 0.000264855
0 0.18125 0.445703 0.0703125 0.161719 0.000291979
0 0.321875 0.523438 0.0765625 0.0828125 0.000293959
0 0.230859 0.219531 0.114844 0.229687 0.000302298
0 0.321094 0.537109 0.117188 0.105469 0.000321898
0 0.709375 0.276172 0.084375 0.116406 0.000323566
0 0.782812 0.564062 0.160938 0.38125 0.000338022
0 0.735937 0.530078 0.0796875 0.108594 0.00036108
0 0.740625 0.594531 0.0796875 0.114063 0.000364179
0 0.280078 0.0757812 0.0992187 0.0921875 0.000396142
0 0.301953 0.471094 0.0820312 0.109375 0.000411327
0 0.218359 0.435937 0.0882813 0.120312 0.000434262
0 0.751172 0.514063 0.0789063 0.214062 0.000441595
0 0.31875 0.276563 0.142188 0.173438 0.000507133
0 0.630859 0.526953 0.171094 0.313281 0.000535412
0 0.308984 0.0644531 0.150781 0.117969 0.000541893
0 0.028125 0.225781 0.0546875 0.425 0.000592999
0 0.259766 0.480859 0.138281 0.127344 0.000605437
0 0.663281 0.617969 0.221875 0.221875 0.000658651
0 0.180859 0.476953 0.0570313 0.102344 0.000709442
0 0.298047 0.179297 0.0882813 0.103906 0.000783809
0 0.663672 0.196875 0.275781 0.360938 0.000824915
0 0.255469 0.341797 0.134375 0.294531 0.000830131
0 0.686328 0.259375 0.158594 0.173438 0.000842371
0 0.633594 0.0757812 0.145313 0.126563 0.000862243
0 0.279297 0.449219 0.136719 0.153125 0.000939271
0 0.748438 0.539844 0.290625 0.410937 0.00101376
0 0.264844 0.157422 0.279687 0.314844 0.00108825
0 0.782812 0.436719 0.190625 0.54375 0.00121332
0 0.662891 0.571484 0.149219 0.200781 0.00138859
0 0.330469 0.349609 0.21875 0.466406 0.00150622
0 0.338281 0.446484 0.167187 0.239844 0.00156042
0 0.279687 0.255078 0.146875 0.207031 0.00161759
0 0.339844 0.510547 0.142188 0.149219 0.00175648
0 0.6375 0.1125 0.167187 0.221875 0.00182
0 0.727344 0.617188 0.135937 0.184375 0.0020038
0 0.310937 0.177734 0.128125 0.185156 0.00209965
0 0.232422 0.464453 0.0867188 0.0992187 0.00215193
0 0.308984 0.504297 0.0976562 0.102344 0.0021622
0 0.307422 0.127734 0.172656 0.235156 0.0024798
0 0.222266 0.360547 0.0914062 0.285156 0.00276825
0 0.285547 0.429688 0.280469 0.296875 0.00317864
0 0.201562 0.466016 0.09375 0.114844 0.00456774
0 0.691406 0.190234 0.175 0.278906 0.00530434
0 0.723437 0.512891 0.117188 0.277344 0.00545105
0 0.304688 0.479688 0.1375 0.157813 0.00565577
0 0.327734 0.226562 0.205469 0.232812 0.00627424
0 0.683984 0.300391 0.192969 0.508594 0.00629323
0 0.696094 0.401172 0.279687 0.580469 0.00697954
0 0.221484 0.314453 0.124219 0.441406 0.0070442
0 0.743359 0.361719 0.113281 0.370313 0.00892676
0 0.744922 0.564453 0.108594 0.238281 0.0145297
0 0.725391 0.245312 0.100781 0.160938 0.0264061
0 0.227734 0.448828 0.139844 0.172656 0.0276047
0 0.725 0.290234 0.114063 0.297656 0.0454695
0 0.278125 0.192969 0.176563 0.267188 0.0946657
0 0.700781 0.557422 0.184375 0.269531 0.0985918
0 0.716797 0.431641 0.153906 0.483594 0.170624
0 0.273828 0.297656 0.214844 0.4625 0.276556
