0 0.03125 0.479297 0.0625 0.392969 0.000100543
0 0.677344 0.591406 0.126563 0.170312 0.000104455
0 0.731641 0.805078 0.305469 0.197656 0.000105237
0 0.196094 0.399219 0.1625 0.223438 0.000107211
0 0.151172 0.6125 0.130469 0.214062 0.000109271
0 0.312109 0.914844 0.317969 0.157813 0.000110047
0 0.338281 0.476953 0.23125 0.453906 0.000110536
0 0.587891 0.222266 0.258594 0.321094 0.000117581
0 0.280078 0.759766 0.217969 0.192969 0.000119974
0 0.314063 0.282813 0.234375 0.282813 0.00012374
0 0.717188 0.613672 0.145313 0.152344 0.00012459
0 0.807422 0.233984 0.385156 0.386719 0.000128854
0 0.673828 0.302344 0.152344 0.160938 0.000138288
0 0.119922 0.761719 0.0867188 0.10625 0.000138369
0 0.217187 0.551562 0.16875 0.1625 0.000143652
0 0.257422 0.221484 0.417969 0.421094 0.000147985
0 0.829297 0.698047 0.277344 0.469531 0.00014821
0 0.141797 0.79375 0.169531 0.16875 0.000148301
0 0.149219 0.4375 0.221875 0.292188 0.000148411
0 0.763672 0.453125 0.178906 0.334375 0.000150669
0 0.700781 0.700391 0.201562 0.185156 0.000155331
0 0.619922 0.439844 0.300781 0.4375 0.000158505
0 0.301562 0.323047 0.18125 0.167969 0.000158989
0 0.239453 0.355859 0.205469 0.221094 0.000160466
0 0.922266 0.232031 0.147656 0.35625 0.000161681
0 0.783203 0.616016 0.133594 0.161719 0.000166685
0 0.654297 0.870313 0.314844 0.229687 0.000168076
0 0.834766 0.755859 0.175781 0.235156 0.000171371
0 0.740625 0.490625 0.123438 0.170312 0.000171512
0 0.078125 0.688672 0.139062 0.447656 0.000172572
0 0.615234 0.728125 0.175781 0.2125 0.000176999
0 0.598828 0.610937 0.171094 0.295312 0.000181615
0 0.649609 0.774609 0.269531 0.242969 0.000187842
0 0.461328 0.283203 0.307031 0.330469 0.000188672
0 0.322266 0.471484 0.358594 0.611719 0.000207385
0 0.582422 0.359766 0.197656 0.208594 0.000239688
0 0.765625 0.656641 0.15 0.167969 0.000254332
0 0.0414063 0.388672 0.0828125 0.321094 0.000256294
0 0.804297 0.616016 0.138281 0.249219 0.000258243
0 0.776563 0.763672 0.215625 0.203906 0.000268423
0 0.698047 0.551953 0.188281 0.182031 0.000274692
0 0.200391 0.757422 0.264844 0.183594 0.000281884
0 0.260547 0.698828 0.194531 0.194531 0.00028323
0 0.55 0.289453 0.2375 0.250781 0.000294297
0 0.683984 0.910937 0.224219 0.160938 0.000321463
0 0.932031 0.375391 0.129688 0.513281 0.000331638
0 0.316016 0.713281 0.185156 0.245312 0.000332941
0 0.686328 0.31875 0.228906 0.229687 0.000338748
0 0.902734 0.600391 0.182031 0.733594 0.000385719
0 0.142969 0.226953 0.275 0.449219 0.000391055
0 0.7625 0.533984 0.126563 0.222656 0.000399472
0 0.0367187 0.236328 0.0734375 0.394531 0.000409391
0 0.625 0.318359 0.201562 0.189844 0.000431307
0 0.258984 0.658203 0.147656 0.155469 0.000436719
0 0.873828 0.294922 0.238281 0.397656 0.000437794
0 0.968359 0.477734 0.0617188 0.705469 0.0004686
0 0.797266 0.375 0.357031 0.475 0.000470803
0 0.652734 0.6875 0.207031 0.246875 0.000472395
0 0.296484 0.602344 0.208594 0.490625 0.000507955
0 0.0949219 0.549219 0.169531 0.5875 0.000519212
0 0.625781 0.558984 0.220313 0.458594 0.000528173
0 0.0664062 0.436719 0.132812 0.442187 0.000548975
0 0.323438 0.373828 0.179688 0.239844 0.000593566
0 0.782031 0.120312 0.040625 0.040625 0.000594127
0 0.119531 0.758984 0.117188 0.171094 0.000658431
0 0.642578 0.379687 0.221094 0.267188 0.000746345
0 0.0585938 0.310547 0.117188 0.347656 0.000885741
0 0.730078 0.723047 0.302344 0.253906 0.000999658
0 0.148438 0.724609 0.19375 0.260156 0.00113324
0 0.205469 0.384766 0.326562 0.399219 0.0012222
0 0.101953 0.366797 0.202344 0.322656 0.00124487
0 0.946875 0.557422 0.096875 0.733594 0.00128169
0 0.69375 0.640234 0.26875 0.353906 0.00135968
0 0.826172 0.553125 0.216406 0.53125 0.00140567
0 0.280078 0.394922 0.232031 0.324219 0.00145567
0 0.222656 0.492969 0.264062 0.370313 0.00157886
0 0.712109 0.494531 0.253906 0.392188 0.00161347
0 0.805859 0.6875 0.171094 0.296875 0.00216295
0 0.246094 0.702344 0.298438 0.303125 0.0041237
0 0.155469 0.600391 0.20625 0.491406 0.00436183
0 0.768359 0.610937 0.232031 0.448438 0.0191763
0 0.697266 0.536328 0.332031 0.602344 0.290104
0 0.223047 0.554688 0.332031 0.620313 0.317106
