0 0.805469 0.407422 0.075 0.124219 0.000100286
0 0.471094 0.794531 0.153125 0.1625 0.000100515
0 0.466797 0.725391 0.0867188 0.107031 0.000100753
0 0.750781 0.357031 0.0671875 0.0765625 0.000103764
0 0.353516 0.773828 0.180469 0.224219 0.000104391
0 0.659766 0.0472656 0.150781 0.0945313 0.000105701
0 0.467187 0.595703 0.0765625 0.0789063 0.000112516
0 0.780469 0.400391 0.120312 0.158594 0.0001135
0 0.431641 0.489453 0.0820312 0.110156 0.000115209
0 0.428906 0.614453 0.084375 0.0695312 0.000118607
0 0.861328 0.636328 0.0804688 0.111719 0.000124191
0 0.822656 0.4875 0.08125 0.110937 0.00012431
0 0.425781 0.739453 0.0921875 0.107031 0.000125599
0 0.898047 0.823047 0.108594 0.197656 0.000127591
0 0.753906 0.864844 0.340625 0.26875 0.000143823
0 0.700391 0.0601562 0.175781 0.120312 0.000146143
0 0.431641 0.529688 0.0695312 0.090625 0.000147842
0 0.506641 0.553125 0.113281 0.165625 0.000149628
0 0.546484 0.704297 0.119531 0.214844 0.000149781
0 0.403906 0.638672 0.078125 0.100781 0.000149986
0 0.413281 0.533984 0.107813 0.203906 0.00015183
0 0.753125 0.487109 0.214062 0.392969 0.000153978
0 0.910547 0.728125 0.122656 0.4125 0.000159362
0 0.489844 0.614844 0.109375 0.154687 0.000162713
0 0.576172 0.648828 0.189844 0.489844 0.000163829
0 0.416797 0.466406 0.103906 0.165625 0.000166122
0 0.480078 0.386328 0.172656 0.174219 0.000166981
0 0.679688 0.0183594 0.148438 0.0351562 0.000168018
0 0.737891 0.350781 0.0492188 0.0546875 0.000168405
0 0.412109 0.595703 0.0960938 0.164844 0.000168952
0 0.392969 0.620703 0.071875 0.180469 0.000170636
0 0.446484 0.509375 0.0742188 0.0921875 0.000173743
0 0.509375 0.721875 0.084375 0.109375 0.000174499
0 0.789844 0.594531 0.154687 0.214062 0.000179629
0 0.468359 0.429688 0.0898438 0.104687 0.000181798
0 0.378516 0.678906 0.0539063 0.0890625 0.000189136
0 0.372266 0.798047 0.0914062 0.103906 0.000192788
0 0.788281 0.801953 0.164062 0.197656 0.000194972
0 0.539844 0.567578 0.132812 0.283594 0.000199718
0 0.50625 0.426172 0.135937 0.132031 0.00020049
0 0.447656 0.598437 0.075 0.0640625 0.000201475
0 0.805078 0.695312 0.0835937 0.103125 0.000207618
0 0.896484 0.741797 0.0710938 0.163281 0.000212356
0 0.408203 0.759766 0.0929687 0.0960938 0.000216435
0 0.823438 0.428906 0.0734375 0.104687 0.000229478
0 0.757422 0.725781 0.194531 0.328125 0.000232376
0 0.488281 0.509766 0.135937 0.205469 0.000237292
0 0.469922 0.758594 0.0898438 0.104687 0.00025103
0 0.486719 0.14375 0.0515625 0.0625 0.000260741
0 0.86875 0.534375 0.16875 0.403125 0.000262652
0 0.449609 0.448828 0.0914062 0.107031 0.000267114
0 0.916406 0.857422 0.157813 0.283594 0.00027601
0 0.803516 0.509766 0.125781 0.167969 0.000289303
0 0.840625 0.447656 0.0703125 0.109375 0.000291061
0 0.841016 0.654688 0.0835937 0.101562 0.000304191
0 0.421094 0.698047 0.0859375 0.0945313 0.000319261
0 0.765234 0.65625 0.127344 0.267188 0.000328601
0 0.837109 0.490234 0.103906 0.194531 0.000334956
0 0.512891 0.635547 0.116406 0.242969 0.000337375
0 0.861719 0.598047 0.101562 0.196094 0.000346301
0 0.41875 0.660547 0.084375 0.0804688 0.000353543
0 0.696484 0.0320312 0.167969 0.0640625 0.000364555
0 0.894922 0.776172 0.0554687 0.0929687 0.000368382
0 0.412109 0.776563 0.136719 0.114063 0.000375611
0 0.844531 0.739453 0.15625 0.196094 0.000400486
0 0.803125 0.740625 0.13125 0.246875 0.000404713
0 0.447656 0.550781 0.126563 0.173438 0.000437057
0 0.880078 0.678906 0.103906 0.2125 0.000471327
0 0.508594 0.760547 0.0921875 0.114844 0.000511748
0 0.404297 0.720312 0.0898438 0.115625 0.00052413
0 0.555469 0.773047 0.1625 0.205469 0.000541551
0 0.502734 0.528125 0.185156 0.315625 0.000574898
0 0.385547 0.612891 0.141406 0.396094 0.000629241
0 0.412109 0.792969 0.197656 0.159375 0.000635337
0 0.419531 0.534375 0.14375 0.317187 0.000636475
0 0.823828 0.577344 0.146094 0.2875 0.00064325
0 0.821484 0.675391 0.0789063 0.0976562 0.000661284
0 0.377344 0.699609 0.084375 0.192969 0.000663281
0 0.377344 0.762891 0.109375 0.163281 0.000680836
0 0.442969 0.610547 0.129688 0.200781 0.000755416
0 0.845703 0.803516 0.144531 0.191406 0.000863376
0 0.469922 0.471875 0.275781 0.36875 0.000865796
0 0.820312 0.450781 0.107813 0.159375 0.000965615
0 0.449219 0.483203 0.132812 0.158594 0.00110771
0 0.75625 0.607422 0.198437 0.369531 0.00125282
0 0.450391 0.757031 0.150781 0.142188 0.00128871
0 0.494531 0.699609 0.139062 0.222656 0.00161475
0 0.814062 0.489844 0.1625 0.29375 0.00167375
0 0.447266 0.682422 0.178906 0.202344 0.00203173
0 0.882812 0.779297 0.0828125 0.132031 0.00211212
0 0.464063 0.799609 0.260938 0.208594 0.00240062
0 0.538281 0.694141 0.160938 0.317969 0.00268433
0 0.878125 0.774609 0.117188 0.224219 0.00281719
0 0.808203 0.675781 0.147656 0.182812 0.00366537
0 0.401953 0.678516 0.0757812 0.0804688 0.00409162
0 0.841016 0.655469 0.135156 0.246875 0.00601619
0 0.873828 0.651172 0.144531 0.349219 0.00802201
0 0.403906 0.678516 0.096875 0.138281 0.00856244
0 0.469922 0.44375 0.171094 0.195312 0.0104249
0 0.408594 0.654297 0.128125 0.267969 0.0108342
0 0.50625 0.761328 0.16875 0.166406 0.0131953
0 0.851562 0.85625 0.204688 0.26875 0.0156656
0 0.410156 0.728906 0.146875 0.176563 0.0201547
0 0.825 0.769922 0.217187 0.366406 0.0249595
0 0.459766 0.733984 0.239844 0.214844 0.133529
0 0.462109 0.600781 0.241406 0.478125 0.228691
0 0.812109 0.612891 0.216406 0.457031 0.237267
