0 0.342969 0.575391 0.0875 0.113281 0.000100768
0 0.613672 0.573047 0.0898438 0.100781 0.000102582
0 0.433203 0.606641 0.250781 0.330469 0.000103178
0 0.937891 0.0546875 0.124219 0.109375 0.000103241
0 0.112109 0.0386719 0.224219 0.0773437 0.000105101
0 0.611328 0.426172 0.0851562 0.0929687 0.000107379
0 0.648828 0.844531 0.392969 0.290625 0.000109774
0 0.752344 0.555078 0.117188 0.263281 0.000113761
0 0.448828 0.427344 0.199219 0.203125 0.000114416
0 0.443359 0.289453 0.183594 0.317969 0.000116021
0 0.241016 0.254687 0.110156 0.115625 0.000119463
0 0.551172 0.323438 0.0914062 0.110937 0.000119907
0 0.884766 0.0476562 0.222656 0.0953125 0.0001237
0 0.571094 0.305859 0.0859375 0.111719 0.00012552
0 0.284375 0.360938 0.0828125 0.0875 0.000129132
0 0.483203 0.283984 0.164844 0.244531 0.00013492
0 0.256641 0.448047 0.149219 0.171094 0.000142638
0 0.947656 0.783984 0.104687 0.419531 0.00014885
0 0.280469 0.489844 0.157813 0.164062 0.000149448
0 0.59375 0.342578 0.0890625 0.103906 0.000159552
0 0.597266 0.654297 0.141406 0.192969 0.000159875
0 0.245703 0.31875 0.0851562 0.110937 0.000162825
0 0.279687 0.0527344 0.41875 0.102344 0.000163801
0 0.301953 0.614062 0.0898438 0.10625 0.000169264
0 0.65625 0.532812 0.0859375 0.0953125 0.000177627
0 0.576953 0.533203 0.124219 0.178906 0.000198081
0 0.971484 0.810156 0.0570313 0.379687 0.000199848
0 0.533984 0.406641 0.136719 0.258594 0.00020001
0 0.676562 0.553516 0.0859375 0.102344 0.000202939
0 0.783594 0.608984 0.171875 0.527344 0.000206499
0 0.237891 0.508594 0.117969 0.14375 0.000209033
0 0.619531 0.694922 0.214062 0.210156 0.000210568
0 0.630859 0.360547 0.0867188 0.105469 0.0002143
0 0.240234 0.384375 0.133594 0.210938 0.000214924
0 0.718359 0.758984 0.192969 0.213281 0.000220588
0 0.694141 0.407422 0.114844 0.186719 0.000221672
0 0.227344 0.31875 0.13125 0.176563 0.000222132
0 0.660547 0.323828 0.289844 0.346094 0.000228765
0 0.300781 0.380859 0.121875 0.150781 0.000235661
0 0.282031 0.322266 0.0890625 0.111719 0.000238341
0 0.301172 0.644922 0.152344 0.163281 0.00023985
0 0.232812 0.0324219 0.326562 0.0648438 0.000243842
0 0.143359 0.0597656 0.285156 0.116406 0.000252912
0 0.203906 0.530469 0.1 0.2125 0.000255033
0 0.346094 0.494141 0.126563 0.277344 0.000260734
0 0.532422 0.605469 0.235156 0.284375 0.000266975
0 0.357031 0.555078 0.10625 0.189844 0.000275254
0 0.2 0.0921875 0.36875 0.184375 0.000289997
0 0.754687 0.639453 0.125 0.275781 0.000301775
0 0.467578 0.689453 0.378906 0.374219 0.000306851
0 0.217578 0.449609 0.119531 0.228906 0.000311306
0 0.576563 0.446094 0.1375 0.184375 0.000327469
0 0.732422 0.491406 0.124219 0.265625 0.000339952
0 0.718359 0.678906 0.161719 0.20625 0.00035783
0 0.33125 0.282813 0.154687 0.178125 0.000390034
0 0.25625 0.615234 0.0953125 0.105469 0.000446906
0 0.443359 0.471094 0.285156 0.360938 0.000448697
0 0.442969 0.347266 0.126563 0.272656 0.000455117
0 0.301953 0.345313 0.0851562 0.0890625 0.000491982
0 0.754297 0.804297 0.222656 0.347656 0.00053638
0 0.679297 0.71875 0.222656 0.21875 0.000555913
0 0.341406 0.662891 0.310937 0.319531 0.000561919
0 0.25625 0.281641 0.0828125 0.0960938 0.000569947
0 0.573828 0.290625 0.164844 0.16875 0.00057356
0 0.575781 0.592969 0.135937 0.196875 0.000574981
0 0.575 0.384375 0.14375 0.203125 0.000582813
0 0.292969 0.323438 0.271875 0.304688 0.00062152
0 0.339063 0.6125 0.090625 0.110937 0.000624161
0 0.199219 0.619141 0.109375 0.238281 0.000651211
0 0.717188 0.596875 0.139062 0.265625 0.00072069
0 0.706641 0.409766 0.163281 0.317969 0.000789421
0 0.580078 0.775781 0.446094 0.407813 0.000797141
0 0.261719 0.341016 0.1375 0.183594 0.00087819
0 0.298828 0.571484 0.153906 0.230469 0.000964225
0 0.617188 0.512109 0.1625 0.191406 0.00112347
0 0.404297 0.396094 0.199219 0.321875 0.00116018
0 0.223828 0.616797 0.0929687 0.110156 0.00123387
0 0.614453 0.428125 0.138281 0.235938 0.0013079
0 0.677344 0.472656 0.140625 0.276563 0.0013415
0 0.658594 0.655859 0.198437 0.208594 0.00143024
0 0.446484 0.514844 0.374219 0.617188 0.00149641
0 0.244922 0.402344 0.177344 0.346875 0.00167746
0 0.616797 0.574219 0.167969 0.176563 0.00168964
0 0.259375 0.283984 0.125 0.139844 0.001713
0 0.344531 0.648828 0.189063 0.219531 0.00175441
0 0.698438 0.532812 0.139062 0.24375 0.00175786
0 0.662891 0.358984 0.171094 0.219531 0.00195251
0 0.239844 0.554297 0.145313 0.275781 0.00197157
0 0.575 0.515625 0.192188 0.339063 0.00202488
0 0.213281 0.521094 0.165625 0.45 0.00203515
0 0.320703 0.345313 0.132031 0.151562 0.00208888
0 0.540234 0.322266 0.166406 0.189844 0.00216636
0 0.371875 0.478906 0.198437 0.507812 0.00238219
0 0.658984 0.551953 0.171094 0.178906 0.00239909
0 0.530078 0.475781 0.278906 0.489062 0.00282053
0 0.748828 0.692187 0.186719 0.359375 0.00316378
0 0.622266 0.685156 0.305469 0.328125 0.00390578
0 0.324609 0.611719 0.138281 0.1625 0.00397618
0 0.329297 0.384766 0.177344 0.321094 0.00401105
0 0.483594 0.377734 0.251563 0.292969 0.0050202
0 0.619922 0.605469 0.224219 0.270312 0.00653682
0 0.341016 0.569922 0.163281 0.278906 0.00749894
0 0.632031 0.325391 0.115625 0.124219 0.00823668
0 0.291016 0.306641 0.175781 0.180469 0.0121446
0 0.239063 0.628906 0.157813 0.167187 0.0137713
0 0.714063 0.525781 0.1875 0.4625 0.0139178
0 0.694922 0.757812 0.282031 0.382812 0.0184646
0 0.608203 0.328906 0.172656 0.178125 0.0202516
0 0.577344 0.369922 0.215625 0.277344 0.0273404
0 0.690234 0.632812 0.250781 0.435937 0.055461
0 0.284766 0.613281 0.235156 0.220313 0.0941393
0 0.640625 0.468359 0.2625 0.452344 0.109409
0 0.284766 0.471094 0.247656 0.507812 0.2853
