0 0.530859 0.361719 0.149219 0.1875 0.000100649
0 0.297656 0.71875 0.078125 0.104687 0.000101779
0 0.0554687 0.553125 0.110937 0.2625 0.000101836
0 0.20625 0.349219 0.0875 0.114063 0.000102829
0 0.554688 0.78125 0.128125 0.214062 0.000106795
0 0.123047 0.637891 0.105469 0.253906 0.000108111
0 0.4 0.435156 0.257812 0.401563 0.000110396
0 0.202344 0.577734 0.160938 0.196094 0.000112778
0 0.141406 0.391797 0.0671875 0.113281 0.000114137
0 0.281641 0.238672 0.392969 0.357031 0.000116213
0 0.594141 0.512891 0.117969 0.213281 0.000119254
0 0.540625 0.246875 0.09375 0.103125 0.000119435
0 0.128906 0.411328 0.0609375 0.102344 0.000119668
0 0.220313 0.508203 0.135937 0.160156 0.000120075
0 0.376563 0.855078 0.364062 0.289844 0.000120912
0 0.670313 0.554297 0.065625 0.108594 0.000121103
0 0.649609 0.317969 0.177344 0.245312 0.000122788
0 0.221094 0.696094 0.0828125 0.0984375 0.000122836
0 0.121094 0.573047 0.0875 0.188281 0.000123488
0 0.598437 0.552344 0.0703125 0.0921875 0.000131858
0 0.642187 0.361719 0.0984375 0.159375 0.000132332
0 0.669531 0.460938 0.320312 0.5125 0.000135654
0 0.488281 0.449219 0.115625 0.18125 0.000137799
0 0.667188 0.435937 0.178125 0.332812 0.000138815
0 0.620313 0.814844 0.173438 0.175 0.000140883
0 0.638281 0.495313 0.059375 0.0953125 0.000140912
0 0.203906 0.398047 0.0796875 0.102344 0.000141918
0 0.6125 0.308594 0.06875 0.104687 0.000142396
0 0.221484 0.442578 0.152344 0.194531 0.000142476
0 0.984375 0.898828 0.0296875 0.202344 0.000144093
0 0.963281 0.812891 0.0734375 0.374219 0.000144097
0 0.948047 0.70625 0.102344 0.5875 0.000153667
0 0.974609 0.267578 0.0507812 0.507031 0.000154583
0 0.255469 0.347656 0.09375 0.114063 0.000154756
0 0.666406 0.512109 0.078125 0.197656 0.000157385
0 0.451172 0.396094 0.171094 0.267188 0.000157427
0 0.575 0.553516 0.132812 0.157031 0.000158519
0 0.585547 0.348047 0.0835937 0.110156 0.000158743
0 0.594922 0.592188 0.135156 0.184375 0.000159426
0 0.598047 0.442578 0.0898438 0.203906 0.000161714
0 0.171094 0.328516 0.239063 0.239844 0.000162415
0 0.274219 0.259375 0.265625 0.2625 0.000165142
0 0.549219 0.274609 0.2125 0.194531 0.000165391
0 0.138672 0.719922 0.0773437 0.114844 0.000167335
0 0.650781 0.491016 0.0671875 0.147656 0.000182481
0 0.978125 0.603125 0.04375 0.434375 0.000182603
0 0.470313 0.616016 0.376563 0.716406 0.000183301
0 0.257031 0.656641 0.090625 0.113281 0.000183912
0 0.617969 0.533984 0.0734375 0.0960938 0.000184784
0 0.587109 0.384766 0.0804688 0.114844 0.000189798
0 0.494141 0.515625 0.132031 0.217187 0.000196261
0 0.296484 0.572266 0.121094 0.224219 0.000199013
0 0.139844 0.588281 0.065625 0.084375 0.000203245
0 0.264453 0.510156 0.122656 0.225 0.000209306
0 0.15625 0.616797 0.128125 0.228906 0.000211965
0 0.0347656 0.522266 0.0695312 0.516406 0.000212624
0 0.703125 0.567969 0.192188 0.598437 0.000213022
0 0.354688 0.779297 0.242188 0.291406 0.00021696
0 0.972266 0.521875 0.0554687 0.725 0.000221185
0 0.773047 0.635156 0.321094 0.66875 0.000228511
0 0.200781 0.847656 0.360938 0.295312 0.000235985
0 0.5625 0.825 0.234375 0.28125 0.000236119
0 0.866406 0.715625 0.267188 0.553125 0.000249982
0 0.638281 0.679688 0.132812 0.26875 0.000252408
0 0.654297 0.8 0.0851562 0.1125 0.00026445
0 0.455078 0.796484 0.361719 0.396094 0.000277615
0 0.651172 0.530078 0.0617188 0.0945313 0.000287189
0 0.237891 0.676172 0.0835937 0.110156 0.000287659
0 0.896484 0.437891 0.203906 0.708594 0.000291554
0 0.148828 0.532422 0.125781 0.247656 0.00029218
0 0.269531 0.754297 0.340625 0.316406 0.00030803
0 0.0351562 0.721875 0.0703125 0.55625 0.000314764
0 0.484375 0.358984 0.1375 0.230469 0.00031629
0 0.500391 0.616406 0.203906 0.417188 0.00031799
0 0.144141 0.75 0.169531 0.225 0.000318459
0 0.634375 0.468359 0.09375 0.242969 0.000318553
0 0.976953 0.849219 0.0445312 0.301562 0.000325297
0 0.269141 0.753125 0.203906 0.179688 0.000328337
0 0.337891 0.363281 0.257031 0.270312 0.000328937
0 0.673828 0.619531 0.0710938 0.110937 0.000330165
0 0.242969 0.714063 0.13125 0.15 0.000347438
0 0.299219 0.718359 0.114063 0.150781 0.000349045
0 0.525391 0.566406 0.141406 0.1875 0.000371038
0 0.237891 0.615234 0.0851562 0.0898438 0.000372146
0 0.952734 0.437891 0.0914062 0.766406 0.000373052
0 0.530469 0.647266 0.157813 0.253906 0.000376534
0 0.0589844 0.486328 0.117969 0.616406 0.000388451
0 0.249219 0.384375 0.0921875 0.10625 0.000391063
0 0.0265625 0.808984 0.053125 0.382031 0.00039376
0 0.140234 0.575 0.0820312 0.139062 0.000396499
0 0.336328 0.650781 0.202344 0.392188 0.000400455
0 0.602734 0.322656 0.336719 0.31875 0.000405032
0 0.341406 0.564062 0.278125 0.651563 0.000407827
0 0.680859 0.828125 0.144531 0.19375 0.000415191
0 0.655078 0.554688 0.0820312 0.16875 0.000416627
0 0.0949219 0.85 0.189844 0.3 0.000435367
0 0.509766 0.314844 0.200781 0.226562 0.000459797
0 0.678125 0.655859 0.084375 0.186719 0.000486317
0 0.612891 0.553906 0.102344 0.142188 0.000518957
0 0.784375 0.807422 0.317187 0.383594 0.000525549
0 0.551562 0.273438 0.0578125 0.0609375 0.000553839
0 0.526953 0.518359 0.182031 0.363281 0.000599577
0 0.639453 0.592578 0.125781 0.222656 0.00063897
0 0.260547 0.596484 0.128906 0.186719 0.000640317
0 0.597266 0.308594 0.116406 0.164062 0.000667041
0 0.558203 0.282031 0.128906 0.140625 0.000678193
0 0.636328 0.530469 0.0726563 0.125 0.000729832
0 0.577344 0.609375 0.210938 0.34375 0.000735224
0 0.201172 0.674609 0.142969 0.180469 0.000746067
0 0.550781 0.274609 0.084375 0.0898438 0.000787137
0 0.672266 0.788672 0.307031 0.305469 0.000813806
0 0.617578 0.761719 0.136719 0.201562 0.000834664
0 0.503906 0.440234 0.170312 0.289844 0.000835894
0 0.253516 0.401953 0.130469 0.178906 0.000868786
0 0.675781 0.721094 0.104687 0.270312 0.000892063
0 0.703125 0.730859 0.13125 0.416406 0.00094699
0 0.166406 0.370313 0.157813 0.198437 0.00100218
0 0.139062 0.7 0.10625 0.1875 0.00110783
0 0.610547 0.396875 0.0726563 0.117188 0.00114209
0 0.111328 0.608203 0.178906 0.489844 0.00114913
0 0.126563 0.478906 0.11875 0.240625 0.00131966
0 0.223047 0.616016 0.138281 0.139844 0.00143963
0 0.585547 0.380469 0.117969 0.157813 0.0014553
0 0.673828 0.594141 0.0851562 0.192969 0.00148763
0 0.623828 0.402734 0.0929687 0.199219 0.00161492
0 0.292188 0.565234 0.182812 0.463281 0.00163762
0 0.0703125 0.713672 0.140625 0.549219 0.00165796
0 0.109766 0.759766 0.200781 0.357031 0.00167836
0 0.625 0.330078 0.09375 0.160156 0.0018387
0 0.290625 0.682422 0.170312 0.230469 0.00205822
0 0.280469 0.317187 0.189063 0.229687 0.0021216
0 0.572266 0.732031 0.178906 0.264062 0.00245648
0 0.20625 0.726562 0.2625 0.228125 0.00273905
0 0.636719 0.524609 0.142188 0.411719 0.00277705
0 0.226172 0.369141 0.0914062 0.107031 0.00289626
0 0.558594 0.440234 0.21875 0.382031 0.00339861
0 0.152734 0.523438 0.180469 0.442187 0.00352862
0 0.232031 0.348828 0.290625 0.321094 0.00353582
0 0.242578 0.655469 0.135156 0.18125 0.00403927
0 0.575 0.324609 0.184375 0.224219 0.00429572
0 0.160156 0.683203 0.185937 0.222656 0.00432851
0 0.674219 0.608203 0.11875 0.403906 0.00463071
0 0.15 0.4375 0.125 0.201562 0.00502205
0 0.143359 0.431641 0.0867188 0.130469 0.00581662
0 0.609766 0.43125 0.149219 0.30625 0.00740595
0 0.264062 0.612891 0.167187 0.291406 0.00751462
0 0.251172 0.450391 0.169531 0.382031 0.00891756
0 0.20625 0.385156 0.148438 0.157813 0.0103307
0 0.658594 0.781641 0.153125 0.219531 0.0103552
0 0.627734 0.735937 0.197656 0.29375 0.0181061
0 0.622656 0.60625 0.207813 0.523438 0.0212924
0 0.211719 0.542188 0.242188 0.507812 0.0394066
0 0.215234 0.653906 0.224219 0.25 0.0493201
0 0.610937 0.363281 0.090625 0.148438 0.0591974
0 0.238281 0.344141 0.151562 0.208594 0.0772577
