0 0.363672 0.596094 0.0617188 0.0859375 0.000101422
0 0.677734 0.527344 0.125781 0.192188 0.000104446
0 0.04375 0.290234 0.0875 0.563281 0.00010945
0 0.0148437 0.671875 0.0296875 0.203125 0.000111042
0 0.372656 0.240625 0.145313 0.15625 0.000112231
0 0.379297 0.612109 0.0648438 0.0867188 0.000113419
0 0.696094 0.717188 0.0828125 0.09375 0.000115034
0 0.818359 0.776563 0.0554687 0.0734375 0.000117199
0 0.751172 0.444531 0.132031 0.279687 0.000118137
0 0.699609 0.656641 0.160156 0.219531 0.000119579
0 0.209766 0.643359 0.0632813 0.102344 0.000120742
0 0.0269531 0.606641 0.0523437 0.313281 0.000122614
0 0.0421875 0.560938 0.084375 0.6125 0.000122889
0 0.632812 0.438281 0.228125 0.428125 0.000127619
0 0.301953 0.0589844 0.161719 0.117969 0.000127843
0 0.633203 0.0160156 0.0898438 0.0304688 0.000135814
0 0.321094 0.612109 0.164062 0.150781 0.000137184
0 0.253906 0.365625 0.15 0.292188 0.000139716
0 0.317187 0.389844 0.165625 0.195312 0.000140544
0 0.380469 0.652344 0.071875 0.135937 0.000146403
0 0.801172 0.653125 0.122656 0.264062 0.000159171
0 0.746875 0.629297 0.065625 0.0757812 0.000160704
0 0.782031 0.733594 0.08125 0.08125 0.000161447
0 0.354688 0.616016 0.053125 0.0804688 0.000162049
0 0.224219 0.605859 0.090625 0.132031 0.000162895
0 0.402734 0.610156 0.125781 0.20625 0.000174326
0 0.276563 0.597656 0.170312 0.170312 0.000174945
0 0.721875 0.682031 0.0984375 0.139062 0.000187202
0 0.03125 0.401563 0.0609375 0.615625 0.000195862
0 0.734766 0.530859 0.142969 0.174219 0.00019846
0 0.634375 0.0695312 0.228125 0.139062 0.000198973
0 0.596875 0.0464844 0.173438 0.0914062 0.000204504
0 0.760547 0.734766 0.124219 0.113281 0.000220066
0 0.236719 0.558203 0.140625 0.241406 0.000264342
0 0.371875 0.482031 0.264062 0.401563 0.000281014
0 0.400391 0.546094 0.167969 0.310937 0.000281297
0 0.756641 0.632031 0.0898438 0.126563 0.000283125
0 0.813281 0.751172 0.0609375 0.0929687 0.000335164
0 0.682813 0.704297 0.110937 0.139844 0.000336347
0 0.0257812 0.228516 0.0484375 0.391406 0.000369921
0 0.767187 0.653516 0.128125 0.191406 0.000371498
0 0.363672 0.60625 0.0835937 0.13125 0.000409062
0 0.741016 0.713281 0.0976562 0.1 0.000415482
0 0.670313 0.514063 0.217187 0.325 0.000425884
0 0.364844 0.633203 0.05625 0.114844 0.000433256
0 0.35 0.560547 0.164062 0.177344 0.000438179
0 0.704297 0.489844 0.202344 0.20625 0.000490542
0 0.689062 0.0453125 0.314063 0.0875 0.000544174
0 0.799219 0.719141 0.08125 0.113281 0.000651014
0 0.619141 0.0195312 0.167969 0.0390625 0.000670998
0 0.669141 0.549609 0.255469 0.616406 0.000694304
0 0.246875 0.510156 0.1875 0.376563 0.000777967
0 0.314844 0.551562 0.240625 0.260938 0.000803432
0 0.7375 0.703906 0.157813 0.13125 0.000889401
0 0.725391 0.548437 0.189844 0.360938 0.000898234
0 0.301172 0.449219 0.149219 0.253125 0.00100379
0 0.337891 0.344141 0.252344 0.471094 0.00115326
0 0.767578 0.613672 0.149219 0.346094 0.001337
0 0.671094 0.361719 0.217187 0.335938 0.00152377
0 0.657031 0.0273438 0.24375 0.0546875 0.00209327
0 0.720703 0.384375 0.144531 0.2625 0.00340973
0 0.750781 0.508984 0.21875 0.649219 0.00414481
0 0.302344 0.447656 0.24375 0.432813 0.422712
0 0.708203 0.438672 0.217969 0.441406 0.449897
