0 0.7375 0.639844 0.2 0.335938 0.000102976
0 0.807813 0.445312 0.117188 0.192188 0.000103276
0 0.344141 0.539453 0.302344 0.628906 0.000103781
0 0.773828 0.383203 0.146094 0.161719 0.000108039
0 0.719141 0.320703 0.178906 0.180469 0.000115406
0 0.185156 0.599219 0.071875 0.084375 0.000116482
0 0.807422 0.396484 0.0882813 0.111719 0.000118294
0 0.432813 0.457422 0.320312 0.617969 0.000125731
0 0.242578 0.780859 0.139844 0.239844 0.000126755
0 0.762109 0.736328 0.110156 0.144531 0.000160578
0 0.368359 0.726172 0.146094 0.208594 0.000161649
0 0.745703 0.805078 0.147656 0.216406 0.000161903
0 0.783594 0.877344 0.135937 0.179688 0.000162722
0 0.688672 0.814453 0.175781 0.228906 0.000164591
0 0.842578 0.762891 0.152344 0.157031 0.000165513
0 0.658203 0.410937 0.117969 0.195312 0.000195743
0 0.785547 0.763281 0.166406 0.195312 0.0002053
0 0.529688 0.553516 0.479688 0.892969 0.000207092
0 0.217578 0.583203 0.144531 0.311719 0.000223137
0 0.182422 0.853516 0.169531 0.230469 0.000258995
0 0.365625 0.354688 0.279687 0.3375 0.000261039
0 0.370703 0.328906 0.0867188 0.103125 0.000291526
0 0.332422 0.44375 0.216406 0.401563 0.000297209
0 0.800781 0.668359 0.209375 0.411719 0.000317189
0 0.803125 0.842578 0.0859375 0.102344 0.000363258
0 0.263672 0.681641 0.192969 0.172656 0.000389643
0 0.86875 0.814844 0.170312 0.253125 0.000395475
0 0.336328 0.798828 0.207031 0.269531 0.000429295
0 0.753516 0.742969 0.194531 0.296875 0.000439233
0 0.333203 0.673047 0.177344 0.208594 0.000582574
0 0.352734 0.301172 0.150781 0.194531 0.000590601
0 0.187109 0.720703 0.160156 0.324219 0.000593313
0 0.190234 0.608984 0.0929687 0.132031 0.00062096
0 0.230469 0.839063 0.173438 0.196875 0.000677244
0 0.844531 0.880859 0.185937 0.219531 0.000682739
0 0.193359 0.643359 0.130469 0.208594 0.000692699
0 0.289062 0.675781 0.298438 0.39375 0.000696134
0 0.384375 0.395312 0.148438 0.228125 0.0010205
0 0.833984 0.757031 0.188281 0.295312 0.00113392
0 0.669531 0.3625 0.14375 0.145313 0.00126025
0 0.234375 0.670703 0.207813 0.283594 0.00130536
0 0.802734 0.842188 0.127344 0.14375 0.0017768
0 0.744141 0.847656 0.207031 0.195312 0.00193332
0 0.304688 0.698047 0.1375 0.127344 0.00544486
0 0.250781 0.774219 0.23125 0.301562 0.00744193
0 0.383984 0.333203 0.133594 0.185156 0.0109075
0 0.800391 0.819531 0.192969 0.21875 0.0118577
0 0.300781 0.723047 0.182812 0.191406 0.016498
