0 0.762891 0.588281 0.130469 0.139062 0.000102581
0 0.236719 0.278516 0.06875 0.0882813 0.000105906
0 0.627734 0.442187 0.200781 0.3375 0.000106369
0 0.240234 0.980859 0.200781 0.0382813 0.00011009
0 0.200781 0.964453 0.289062 0.0664062 0.000116308
0 0.20625 0.310547 0.139062 0.205469 0.000116471
0 0.321094 0.967969 0.257812 0.0625 0.000121363
0 0.966406 0.966406 0.0671875 0.0671875 0.000126929
0 0.739844 0.658984 0.13125 0.136719 0.000134816
0 0.633203 0.197266 0.102344 0.0960938 0.000153991
0 0.628516 0.646094 0.194531 0.229687 0.00015438
0 0.758594 0.688281 0.340625 0.395312 0.00015472
0 0.684766 0.278516 0.197656 0.233594 0.000157933
0 0.203516 0.30625 0.0914062 0.120312 0.000158327
0 0.721484 0.569922 0.139844 0.138281 0.000172898
0 0.258984 0.425781 0.171094 0.175 0.000175881
0 0.734375 0.325 0.140625 0.215625 0.000188659
0 0.237891 0.467578 0.158594 0.155469 0.000191752
0 0.332812 0.357031 0.271875 0.467187 0.000194638
0 0.198828 0.550391 0.152344 0.194531 0.000195265
0 0.629687 0.5625 0.2125 0.3125 0.000200764
0 0.758203 0.716016 0.110156 0.150781 0.000201963
0 0.760156 0.447656 0.129688 0.246875 0.000202517
0 0.330078 0.292969 0.200781 0.21875 0.000231961
0 0.280859 0.252734 0.119531 0.128906 0.000248001
0 0.713281 0.385938 0.171875 0.189063 0.000260205
0 0.696094 0.613281 0.21875 0.185937 0.000267447
0 0.258984 0.952344 0.292969 0.0953125 0.000285312
0 0.787109 0.480078 0.167969 0.374219 0.000287852
0 0.308594 0.232422 0.178125 0.180469 0.00028882
0 0.333203 0.471875 0.210156 0.490625 0.000294094
0 0.698828 0.509766 0.150781 0.208594 0.000321564
0 0.237891 0.273047 0.103906 0.133594 0.000332109
0 0.259375 0.637109 0.289062 0.224219 0.000334385
0 0.759766 0.528516 0.136719 0.225781 0.000364982
0 0.305469 0.594922 0.16875 0.192969 0.000375506
0 0.698828 0.468359 0.211719 0.202344 0.000386205
0 0.274609 0.270312 0.172656 0.198437 0.000394297
0 0.748828 0.683203 0.174219 0.211719 0.000433266
0 0.170312 0.48125 0.229687 0.503125 0.000458349
0 0.205078 0.591406 0.233594 0.245312 0.000540392
0 0.243359 0.325 0.219531 0.371875 0.000621686
0 0.238281 0.513281 0.195312 0.190625 0.000670129
0 0.688672 0.678906 0.244531 0.242188 0.000727725
0 0.764453 0.591797 0.174219 0.224219 0.000742102
0 0.7 0.548828 0.2375 0.188281 0.0010196
0 0.296875 0.522656 0.19375 0.2625 0.00108077
0 0.712109 0.356641 0.207031 0.319531 0.00141921
0 0.692969 0.596094 0.276563 0.3375 0.00274754
0 0.233984 0.519922 0.267969 0.307031 0.00696693
0 0.737109 0.528516 0.222656 0.296094 0.010396
0 0.698828 0.427344 0.272656 0.509375 0.126274
0 0.258594 0.419531 0.314063 0.545313 0.173543
