0 0.450391 0.967969 0.0742188 0.0640625 0.000104384
0 0.425781 0.98125 0.0640625 0.0375 0.000107993
0 0.264062 0.985937 0.0765625 0.028125 0.000109987
0 0.544922 0.0539063 0.410156 0.101562 0.000118486
0 0.725781 0.0574219 0.439063 0.114844 0.000142612
0 0.266406 0.974609 0.107813 0.0507812 0.00017108
0 0.276953 0.533203 0.138281 0.142969 0.000173177
0 0.239453 0.571484 0.174219 0.157031 0.000225185
0 0.210156 0.320703 0.0734375 0.0695312 0.000232718
0 0.299609 0.982422 0.119531 0.0304688 0.000260714
0 0.300781 0.970312 0.145313 0.059375 0.000586083
