0 0.636328 0.2875 0.367969 0.445312 0.000102654
0 0.933984 0.763672 0.132031 0.472656 0.000104301
0 0.721875 0.735547 0.217187 0.167969 0.000109052
0 0.119531 0.0554687 0.239063 0.103125 0.000110787
0 0.903906 0.557422 0.192188 0.536719 0.000113322
0 0.627344 0.601562 0.20625 0.373437 0.000113945
0 0.0726563 0.297656 0.145313 0.595312 0.00011453
0 0.228906 0.860937 0.340625 0.278125 0.000116201
0 0.410156 0.394141 0.140625 0.216406 0.000120571
0 0.701172 0.693359 0.147656 0.196094 0.000122457
0 0.217187 0.6125 0.08125 0.0984375 0.000124255
0 0.346484 0.426172 0.0851562 0.103906 0.000124382
0 0.175781 0.443359 0.15625 0.232031 0.000125526
0 0.551953 0.173047 0.446094 0.324219 0.000126794
0 0.807422 0.814062 0.189844 0.329688 0.000131258
0 0.773828 0.576953 0.113281 0.199219 0.000134509
0 0.961719 0.396875 0.0765625 0.596875 0.000138474
0 0.798047 0.734375 0.0789063 0.0921875 0.000144143
0 0.752344 0.44375 0.160938 0.309375 0.000147301
0 0.619531 0.48125 0.203125 0.373437 0.000148229
0 0.86875 0.782422 0.215625 0.366406 0.000154253
0 0.347656 0.759375 0.357812 0.36875 0.000154682
0 0.794141 0.619922 0.102344 0.211719 0.000155461
0 0.934766 0.195312 0.128906 0.390625 0.000155825
0 0.658594 0.533594 0.140625 0.260938 0.000160665
0 0.698438 0.467969 0.165625 0.18125 0.000171396
0 0.387891 0.345703 0.0898438 0.0867188 0.000175724
0 0.442187 0.758203 0.55 0.483594 0.000194722
0 0.187891 0.508203 0.0914062 0.194531 0.000200027
0 0.361328 0.631641 0.0882813 0.113281 0.000201114
0 0.763281 0.698438 0.090625 0.1125 0.0002081
0 0.73125 0.0742188 0.473437 0.148438 0.000208568
0 0.731641 0.860937 0.316406 0.278125 0.000208822
0 0.781641 0.657422 0.0867188 0.105469 0.000222761
0 0.235938 0.611328 0.126563 0.138281 0.000225077
0 0.238281 0.680469 0.257812 0.2375 0.000226445
0 0.550781 0.06875 0.454688 0.134375 0.000230834
0 0.188672 0.535937 0.294531 0.45 0.00023828
0 0.342969 0.577344 0.090625 0.0984375 0.000238548
0 0.326562 0.671094 0.190625 0.173438 0.000244896
0 0.170312 0.391406 0.279687 0.471875 0.00024621
0 0.235547 0.410156 0.0882813 0.110937 0.000257702
0 0.797656 0.373047 0.396875 0.688281 0.000265764
0 0.699609 0.554297 0.152344 0.263281 0.000273089
0 0.969531 0.685938 0.0609375 0.614062 0.000283228
0 0.261719 0.573828 0.135937 0.152344 0.000294171
0 0.623828 0.521875 0.303906 0.604688 0.000305044
0 0.345703 0.447266 0.125781 0.211719 0.000307747
0 0.419531 0.679297 0.157813 0.208594 0.000316904
0 0.934375 0.391406 0.13125 0.459375 0.000327717
0 0.350781 0.176563 0.50625 0.353125 0.000331697
0 0.164844 0.653906 0.084375 0.139062 0.000342945
0 0.448828 0.121094 0.517969 0.239063 0.000363215
0 0.253516 0.464844 0.0851562 0.0921875 0.000365064
0 0.0964844 0.0980469 0.192969 0.196094 0.000366756
0 0.199219 0.483984 0.08125 0.105469 0.000371707
0 0.347656 0.0710938 0.51875 0.134375 0.000373872
0 0.381641 0.554688 0.138281 0.25625 0.000391654
0 0.810547 0.694531 0.153906 0.253125 0.00040267
0 0.205859 0.432813 0.0804688 0.114063 0.000403326
0 0.741406 0.533203 0.1375 0.263281 0.000410714
0 0.259375 0.386328 0.14375 0.208594 0.000436705
0 0.311719 0.630078 0.142188 0.172656 0.00045202
0 0.223047 0.391016 0.121094 0.171094 0.000464014
0 0.319141 0.339063 0.222656 0.196875 0.000471483
0 0.682422 0.635156 0.182031 0.215625 0.000499738
0 0.847656 0.624609 0.235938 0.577344 0.000503861
0 0.380469 0.652734 0.157813 0.197656 0.000513936
0 0.778906 0.732813 0.129688 0.13125 0.000521041
0 0.281641 0.527734 0.192969 0.214844 0.000545259
0 0.724609 0.742578 0.299219 0.346094 0.000576241
0 0.784766 0.527344 0.221094 0.514063 0.000600136
0 0.900781 0.361719 0.198437 0.671875 0.000600735
0 0.948047 0.606641 0.100781 0.732031 0.000605867
0 0.647656 0.116406 0.501562 0.223438 0.000612118
0 0.475781 0.605469 0.4125 0.7125 0.000646807
0 0.875781 0.219531 0.242188 0.439063 0.00065603
0 0.260547 0.679297 0.324219 0.388281 0.000717423
0 0.343359 0.611719 0.0898438 0.110937 0.000733965
0 0.277734 0.464844 0.182031 0.175 0.00076146
0 0.146094 0.142578 0.289062 0.285156 0.000779241
0 0.217969 0.573828 0.132812 0.194531 0.00079168
0 0.208594 0.196094 0.417188 0.392188 0.000804791
0 0.392578 0.54375 0.300781 0.509375 0.000896066
0 0.307422 0.577734 0.178906 0.174219 0.00106429
0 0.702344 0.421875 0.257812 0.396875 0.00120098
0 0.4125 0.604297 0.196875 0.361719 0.00126395
0 0.800781 0.15 0.398438 0.3 0.00135249
0 0.236719 0.446875 0.090625 0.109375 0.00141386
0 0.380078 0.360938 0.136719 0.153125 0.00147265
0 0.190234 0.613672 0.136719 0.211719 0.00149313
0 0.292578 0.352344 0.380469 0.320312 0.00163679
0 0.794531 0.695703 0.104687 0.166406 0.00198739
0 0.375391 0.446094 0.189844 0.39375 0.00212643
0 0.206641 0.0765625 0.413281 0.153125 0.00214329
0 0.266797 0.119922 0.514844 0.233594 0.00226141
0 0.784766 0.610156 0.149219 0.315625 0.0023538
0 0.351953 0.649609 0.288281 0.321094 0.00240004
0 0.221484 0.509375 0.125781 0.210938 0.0025215
0 0.204688 0.466797 0.10625 0.163281 0.00294353
0 0.740234 0.613672 0.149219 0.257031 0.00353136
0 0.284375 0.630859 0.2625 0.225781 0.00374452
0 0.196094 0.535156 0.14375 0.314063 0.00557482
0 0.759766 0.679297 0.155469 0.191406 0.00575071
0 0.350781 0.393359 0.18125 0.207031 0.00631042
0 0.240234 0.582031 0.221094 0.267188 0.0110031
0 0.274609 0.397656 0.239844 0.265625 0.0162386
0 0.232812 0.440234 0.146875 0.186719 0.0260827
0 0.727734 0.669141 0.230469 0.261719 0.0327286
0 0.236719 0.482031 0.179688 0.328125 0.0381407
0 0.353516 0.610156 0.172656 0.214062 0.0541907
0 0.346875 0.549609 0.20625 0.358594 0.10154
0 0.292578 0.485156 0.285156 0.454688 0.209529
0 0.713281 0.556641 0.246875 0.441406 0.278642
