0 0.303516 0.532031 0.0867188 0.107813 0.000101079
0 0.655859 0.201172 0.113281 0.110156 0.000101152
0 0.299219 0.301953 0.114063 0.177344 0.00010266
0 0.0476562 0.395312 0.0890625 0.289062 0.000103925
0 0.217969 0.650781 0.175 0.198437 0.00010838
0 0.409375 0.0480469 0.292188 0.0929687 0.000112219
0 0.619922 0.256641 0.0851562 0.122656 0.000114835
0 0.216797 0.976562 0.141406 0.025 0.000114922
0 0.205078 0.510547 0.107031 0.185156 0.000115313
0 0.920313 0.475 0.159375 0.35625 0.000117571
0 0.289844 0.207031 0.065625 0.0859375 0.000119401
0 0.308984 0.201172 0.0960938 0.113281 0.000119531
0 0.744141 0.350391 0.0960938 0.194531 0.000119551
0 0.254297 0.405859 0.122656 0.189844 0.000121149
0 0.608203 0.220313 0.121094 0.13125 0.000121379
0 0.260156 0.586328 0.145313 0.153906 0.000127061
0 0.692187 0.222266 0.0671875 0.0773437 0.000128014
0 0.700781 0.664062 0.148438 0.114063 0.000128085
0 0.741406 0.555469 0.075 0.110937 0.000132369
0 0.658594 0.25625 0.0765625 0.096875 0.00013429
0 0.628516 0.401563 0.146094 0.310937 0.000137192
0 0.671094 0.675 0.315625 0.407813 0.000141657
0 0.703125 0.629687 0.090625 0.1 0.000142812
0 0.225 0.428516 0.078125 0.114844 0.000142814
0 0.626562 0.613672 0.075 0.0992187 0.00014479
0 0.303516 0.585547 0.141406 0.135156 0.000146804
0 0.386328 0.551562 0.0851562 0.10625 0.000147158
0 0.0375 0.512109 0.075 0.294531 0.000147507
0 0.283203 0.951953 0.153906 0.0648438 0.000149556
0 0.230078 0.325391 0.0617188 0.100781 0.000149725
0 0.03125 0.381641 0.0546875 0.149219 0.00015509
0 0.658203 0.576172 0.0882813 0.113281 0.000159025
0 0.977344 0.798437 0.0453125 0.403125 0.000168759
0 0.739062 0.492578 0.114063 0.239844 0.000168801
0 0.470703 0.0199219 0.132031 0.0367187 0.00017123
0 0.768359 0.635547 0.0664062 0.113281 0.000171764
0 0.966406 0.359766 0.065625 0.269531 0.000174697
0 0.683594 0.28125 0.0765625 0.104687 0.00017754
0 0.700781 0.575781 0.0859375 0.110937 0.000178961
0 0.171875 0.440234 0.190625 0.533594 0.000185016
0 0.234766 0.366016 0.0757812 0.111719 0.000185249
0 0.276172 0.321875 0.103906 0.120312 0.000185389
0 0.666406 0.322266 0.104687 0.155469 0.000187846
0 0.25625 0.469531 0.135937 0.221875 0.00019404
0 0.169531 0.655469 0.046875 0.0984375 0.000197484
0 0.676562 0.221875 0.096875 0.109375 0.00020058
0 0.166016 0.950781 0.138281 0.05 0.000208034
0 0.290234 0.894922 0.116406 0.127344 0.000211269
0 0.510547 0.0375 0.283594 0.0734375 0.000213366
0 0.973828 0.647266 0.0523437 0.486719 0.000216719
0 0.328516 0.327734 0.286719 0.486719 0.000223964
0 0.286328 0.232031 0.0929687 0.148438 0.000231871
0 0.289453 0.86875 0.0742188 0.075 0.000233708
0 0.623438 0.203125 0.0796875 0.0921875 0.000238185
0 0.384766 0.354297 0.111719 0.185156 0.000239203
0 0.342187 0.23125 0.159375 0.201562 0.000260548
0 0.0277344 0.4375 0.0523437 0.276563 0.000265415
0 0.715234 0.246875 0.0679687 0.090625 0.000269817
0 0.166016 0.961328 0.0929687 0.0320312 0.000272835
0 0.676953 0.595312 0.0898438 0.114063 0.000277198
0 0.658984 0.494141 0.139844 0.177344 0.000285658
0 0.631641 0.401172 0.211719 0.522656 0.000288049
0 0.383984 0.392969 0.142969 0.317187 0.000288562
0 0.219922 0.467187 0.0695312 0.1 0.000302943
0 0.307813 0.627734 0.260938 0.192969 0.000303078
0 0.229687 0.952344 0.145313 0.0515625 0.000317258
0 0.324609 0.494141 0.130469 0.197656 0.000319743
0 0.948438 0.408984 0.103125 0.303906 0.00033718
0 0.40625 0.559766 0.101562 0.142969 0.000387103
0 0.252344 0.323047 0.0703125 0.0898438 0.000391717
0 0.655469 0.613672 0.090625 0.0992187 0.000412518
0 0.396875 0.475391 0.145313 0.261719 0.000415911
0 0.698047 0.241797 0.0914062 0.119531 0.000422915
0 0.296094 0.253906 0.142188 0.209375 0.000425835
0 0.197656 0.939062 0.132812 0.0703125 0.000452499
0 0.951172 0.629687 0.0976562 0.653125 0.000473393
0 0.734375 0.316406 0.0640625 0.126563 0.000477872
0 0.46875 0.028125 0.189063 0.053125 0.000478793
0 0.264453 0.277344 0.113281 0.204688 0.000523113
0 0.964844 0.473437 0.0703125 0.353125 0.000538776
0 0.244141 0.531641 0.144531 0.210156 0.000638896
0 0.688281 0.352734 0.164062 0.274219 0.000642834
0 0.64375 0.232812 0.107813 0.13125 0.000657598
0 0.631641 0.524609 0.135156 0.260156 0.000719406
0 0.194922 0.605859 0.124219 0.225781 0.000731855
0 0.220703 0.467187 0.0914062 0.175 0.000772744
0 0.344531 0.320312 0.195312 0.332812 0.000773768
0 0.721094 0.597266 0.0890625 0.114844 0.000774513
0 0.753906 0.597656 0.0765625 0.11875 0.000779288
0 0.75625 0.661719 0.084375 0.1125 0.000800006
0 0.717188 0.339063 0.1 0.159375 0.000808228
0 0.729297 0.281641 0.0585938 0.0929687 0.000854121
0 0.766406 0.59375 0.09375 0.210938 0.000877307
0 0.177344 0.649219 0.0703125 0.132812 0.000924059
0 0.241797 0.324219 0.0789063 0.148438 0.00100775
0 0.383984 0.588281 0.116406 0.121875 0.0010328
0 0.302734 0.533203 0.138281 0.161719 0.00107631
0 0.635156 0.60625 0.110937 0.145313 0.00115124
0 0.197266 0.960547 0.114844 0.0351562 0.0012722
0 0.225781 0.406641 0.103125 0.242969 0.00129949
0 0.696484 0.316797 0.0835937 0.113281 0.00135071
0 0.242188 0.589063 0.201562 0.23125 0.00166073
0 0.699219 0.533594 0.148438 0.257812 0.00170032
0 0.382031 0.53125 0.140625 0.175 0.00171194
0 0.679297 0.278516 0.138281 0.163281 0.0017861
0 0.242969 0.334375 0.115625 0.234375 0.00182479
0 0.738672 0.632422 0.0882813 0.107031 0.00198558
0 0.695703 0.65625 0.210156 0.170312 0.00201325
0 0.2125 0.476953 0.129688 0.344531 0.00215371
0 0.661328 0.626562 0.174219 0.145313 0.00268496
0 0.751172 0.479297 0.144531 0.452344 0.00297176
0 0.716406 0.280859 0.08125 0.130469 0.00314484
0 0.660937 0.574609 0.135937 0.183594 0.00317203
0 0.335938 0.472656 0.220313 0.320312 0.00454925
0 0.344922 0.554688 0.183594 0.173438 0.00575718
0 0.694531 0.561328 0.26875 0.324219 0.00684733
0 0.241797 0.396484 0.144531 0.383594 0.00909865
0 0.737109 0.630469 0.125781 0.154687 0.00949088
0 0.737891 0.564453 0.132031 0.249219 0.0175005
0 0.284375 0.445312 0.232812 0.421875 0.019282
0 0.289453 0.551562 0.255469 0.220313 0.0233327
0 0.692969 0.450781 0.2125 0.475 0.060641
0 0.701953 0.6 0.186719 0.198437 0.0965471
