0 0.484375 0.54375 0.325 0.528125 0.000104442
0 0.711328 0.55625 0.164844 0.21875 0.00010576
0 0.109375 0.523438 0.182812 0.260938 0.000106126
0 0.803906 0.285156 0.326562 0.3125 0.000108175
0 0.895312 0.321875 0.204688 0.359375 0.000109219
0 0.717188 0.289453 0.129688 0.155469 0.000110249
0 0.242969 0.117969 0.14375 0.179688 0.000111198
0 0.0613281 0.0609375 0.119531 0.121875 0.000118171
0 0.289844 0.386328 0.201562 0.200781 0.000120264
0 0.744922 0.468359 0.221094 0.210156 0.000120474
0 0.291406 0.617969 0.11875 0.217187 0.000120962
0 0.426953 0.570312 0.0835937 0.0953125 0.000123122
0 0.891016 0.633203 0.142969 0.169531 0.000123594
0 0.183594 0.55625 0.2375 0.339063 0.000130598
0 0.461328 0.552344 0.113281 0.171875 0.00013945
0 0.335156 0.65625 0.0890625 0.10625 0.000145741
0 0.289062 0.510547 0.103125 0.214844 0.000149381
0 0.251172 0.601953 0.205469 0.344531 0.000152634
0 0.46875 0.374219 0.139062 0.2625 0.000153923
0 0.0253906 0.396484 0.0476562 0.350781 0.000164816
0 0.0859375 0.125 0.167187 0.2375 0.000168191
0 0.778906 0.364844 0.239063 0.210938 0.000168944
0 0.871875 0.750781 0.25625 0.421875 0.000170754
0 0.350391 0.0707031 0.177344 0.135156 0.000172945
0 0.976562 0.351172 0.046875 0.391406 0.000173147
0 0.323438 0.402734 0.0875 0.110156 0.000179334
0 0.752734 0.635547 0.239844 0.257031 0.000185696
0 0.362891 0.469922 0.169531 0.175781 0.000188161
0 0.881641 0.674219 0.236719 0.2 0.00018842
0 0.300781 0.134375 0.146875 0.179688 0.000193255
0 0.762891 0.532812 0.217969 0.198437 0.000217755
0 0.28125 0.19375 0.245312 0.178125 0.000221509
0 0.930078 0.398047 0.136719 0.549219 0.000245059
0 0.463281 0.653906 0.120312 0.1625 0.000263334
0 0.169141 0.371484 0.296094 0.474219 0.000265628
0 0.251172 0.610156 0.328906 0.492188 0.00028221
0 0.740234 0.406641 0.188281 0.205469 0.000287517
0 0.160938 0.467969 0.221875 0.304688 0.000295991
0 0.961719 0.558203 0.0765625 0.424219 0.000297368
0 0.426562 0.324609 0.0875 0.100781 0.000310117
0 0.3875 0.574609 0.15 0.235156 0.000312164
0 0.361328 0.633594 0.149219 0.18125 0.000326167
0 0.886328 0.511328 0.139844 0.261719 0.000344699
0 0.914453 0.684375 0.171094 0.417188 0.000364294
0 0.399219 0.251563 0.178125 0.20625 0.0003752
0 0.447656 0.347266 0.117188 0.147656 0.000395918
0 0.823438 0.492188 0.239063 0.201562 0.000402312
0 0.272656 0.0855469 0.225 0.171094 0.000415512
0 0.844922 0.389453 0.139844 0.242969 0.000421431
0 0.322266 0.530078 0.136719 0.236719 0.000425963
0 0.713281 0.470313 0.226562 0.40625 0.000473992
0 0.161328 0.224609 0.314844 0.419531 0.000479599
0 0.327344 0.369531 0.084375 0.1 0.000534689
0 0.428906 0.55625 0.132812 0.207813 0.000536018
0 0.148438 0.0988281 0.292188 0.197656 0.000545238
0 0.358984 0.703516 0.244531 0.214844 0.000558818
0 0.309375 0.427734 0.128125 0.252344 0.000565597
0 0.803125 0.428906 0.232812 0.209375 0.000577212
0 0.888281 0.574609 0.173438 0.196094 0.000584211
0 0.362891 0.401172 0.182031 0.172656 0.000676154
0 0.825 0.674609 0.275 0.274219 0.000677474
0 0.419922 0.392969 0.188281 0.30625 0.000759169
0 0.305078 0.662109 0.0882813 0.110156 0.000769819
0 0.229297 0.43125 0.280469 0.295312 0.000786306
0 0.866016 0.614844 0.250781 0.189063 0.000841685
0 0.427344 0.671484 0.201562 0.200781 0.000902291
0 0.8625 0.451172 0.140625 0.258594 0.00100962
0 0.242188 0.154687 0.240625 0.195312 0.00106771
0 0.336328 0.667578 0.335156 0.333594 0.00113608
0 0.321484 0.322656 0.275781 0.304688 0.00132932
0 0.425391 0.614453 0.172656 0.202344 0.00141302
0 0.842969 0.370703 0.234375 0.325781 0.00150847
0 0.780859 0.553906 0.267969 0.326562 0.00173957
0 0.458594 0.571875 0.15625 0.284375 0.00179535
0 0.2875 0.435937 0.279687 0.445312 0.00198144
0 0.922266 0.560547 0.155469 0.363281 0.00199278
0 0.361328 0.229297 0.239844 0.310156 0.0021273
0 0.450391 0.479688 0.183594 0.56875 0.00237061
0 0.723828 0.320703 0.192969 0.210156 0.00241181
0 0.313281 0.125391 0.248437 0.247656 0.00287231
0 0.422656 0.314844 0.151562 0.170312 0.00348097
0 0.298438 0.517187 0.176563 0.501562 0.00375528
0 0.330469 0.3625 0.140625 0.18125 0.00415022
0 0.738672 0.367578 0.246094 0.339844 0.00680585
0 0.277734 0.284375 0.347656 0.484375 0.00724241
0 0.315625 0.667188 0.160938 0.201562 0.00750989
0 0.332031 0.381641 0.185937 0.275781 0.00888436
0 0.323828 0.600781 0.191406 0.307813 0.0112584
0 0.857422 0.598437 0.278906 0.345313 0.0119507
0 0.877734 0.481641 0.216406 0.425781 0.0124149
0 0.387109 0.321484 0.200781 0.233594 0.0128158
0 0.219922 0.1375 0.372656 0.271875 0.0168537
0 0.400391 0.616797 0.271094 0.277344 0.0243348
0 0.376563 0.483203 0.265625 0.527344 0.211081
0 0.8 0.448828 0.340625 0.469531 0.332852
