0 0.257031 0.388281 0.08125 0.0828125 0.000101149
0 0.53125 0.139062 0.38125 0.26875 0.000102753
0 0.289062 0.2375 0.185937 0.195312 0.000105323
0 0.266797 0.0375 0.310156 0.075 0.000107012
0 0.303906 0.237891 0.11875 0.108594 0.000108499
0 0.243359 0.345313 0.157031 0.1875 0.000109255
0 0.346875 0.280469 0.132812 0.16875 0.000109999
0 0.925 0.0566406 0.145313 0.111719 0.000115494
0 0.720703 0.301172 0.0679687 0.110156 0.000115641
0 0.659766 0.387891 0.149219 0.185156 0.000116615
0 0.677344 0.573438 0.145313 0.195312 0.000119234
0 0.393359 0.376172 0.161719 0.377344 0.000120367
0 0.757812 0.409375 0.125 0.229687 0.000122576
0 0.698828 0.365625 0.0617188 0.09375 0.000123536
0 0.188672 0.383203 0.317969 0.636719 0.000130387
0 0.346484 0.469922 0.142969 0.258594 0.000138926
0 0.240234 0.402734 0.0742188 0.0789063 0.000144401
0 0.387891 0.526172 0.127344 0.185156 0.00014549
0 0.222656 0.404297 0.109375 0.139844 0.000151704
0 0.282813 0.572266 0.0859375 0.102344 0.000152364
0 0.150391 0.0730469 0.294531 0.146094 0.000152612
0 0.632812 0.248437 0.159375 0.164062 0.000154358
0 0.603125 0.294922 0.135937 0.158594 0.000154473
0 0.617578 0.673437 0.144531 0.1875 0.000159792
0 0.815234 0.0332031 0.347656 0.0664062 0.00016005
0 0.299219 0.386719 0.1625 0.151562 0.000162512
0 0.811719 0.0980469 0.376563 0.191406 0.00017146
0 0.621484 0.260938 0.102344 0.114063 0.000193788
0 0.721875 0.554297 0.146875 0.189844 0.000194861
0 0.340234 0.610547 0.197656 0.178906 0.000207262
0 0.180469 0.551562 0.132812 0.232812 0.00021827
0 0.629297 0.435156 0.205469 0.4375 0.00022872
0 0.304297 0.448438 0.142969 0.239063 0.000229415
0 0.387891 0.453906 0.132031 0.24375 0.000242367
0 0.24375 0.553906 0.15 0.178125 0.000247589
0 0.801172 0.541016 0.130469 0.297656 0.000257401
0 0.316406 0.194141 0.273438 0.264844 0.000278547
0 0.240625 0.450781 0.175 0.203125 0.000293314
0 0.716797 0.466016 0.192969 0.208594 0.000307088
0 0.282813 0.321094 0.173438 0.201562 0.000308361
0 0.349219 0.131641 0.390625 0.263281 0.000322433
0 0.623047 0.565234 0.169531 0.303906 0.000342892
0 0.347266 0.236719 0.167969 0.18125 0.000358174
0 0.255859 0.386328 0.127344 0.125781 0.000370193
0 0.760156 0.608984 0.123438 0.119531 0.000376036
0 0.851953 0.0554687 0.296094 0.109375 0.000422809
0 0.698828 0.366016 0.107031 0.155469 0.000437776
0 0.269531 0.0753906 0.389062 0.150781 0.00046297
0 0.210156 0.407422 0.220313 0.366406 0.0004678
0 0.196094 0.489453 0.125 0.225781 0.000518038
0 0.175 0.597656 0.190625 0.270312 0.000530097
0 0.285547 0.535156 0.139844 0.175 0.000588184
0 0.657422 0.317578 0.205469 0.272656 0.000601715
0 0.701563 0.408594 0.140625 0.204688 0.000623533
0 0.234766 0.624609 0.328906 0.271094 0.000690364
0 0.208984 0.133594 0.385156 0.267188 0.000782005
0 0.7625 0.530078 0.135937 0.246094 0.000815556
0 0.282422 0.495313 0.213281 0.223438 0.000816488
0 0.282813 0.323438 0.232812 0.307813 0.000863026
0 0.651563 0.639453 0.207813 0.227344 0.000879778
0 0.342578 0.3125 0.186719 0.265625 0.000914573
0 0.278125 0.201562 0.375 0.392188 0.000933998
0 0.717578 0.377344 0.183594 0.314063 0.00138406
0 0.337891 0.364453 0.219531 0.466406 0.00178532
0 0.756641 0.59375 0.163281 0.18125 0.00194096
0 0.301562 0.573438 0.189063 0.185937 0.00413907
0 0.334375 0.51875 0.214062 0.321875 0.00436979
0 0.206641 0.518359 0.244531 0.357031 0.00493407
0 0.753906 0.510547 0.204688 0.383594 0.00541588
0 0.701953 0.585156 0.261719 0.26875 0.011109
0 0.270312 0.555859 0.278125 0.269531 0.0277635
0 0.275 0.435937 0.298438 0.498437 0.324149
0 0.699609 0.45 0.264844 0.484375 0.433883
