0 0.389844 0.613672 0.121875 0.207031 0.000100326
0 0.737109 0.361719 0.0773437 0.107813 0.000100777
0 0.566797 0.313672 0.142969 0.266406 0.000101234
0 0.141016 0.0378906 0.274219 0.0757812 0.000104479
0 0.0910156 0.0636719 0.175781 0.127344 0.000107523
0 0.295312 0.361328 0.196875 0.158594 0.000108813
0 0.584766 0.229297 0.171094 0.213281 0.00010971
0 0.760938 0.658594 0.295312 0.367188 0.00011106
0 0.965234 0.0789063 0.0679687 0.157813 0.000112026
0 0.896875 0.194141 0.19375 0.388281 0.000118475
0 0.276172 0.534375 0.202344 0.201562 0.000121133
0 0.949219 0.274609 0.0984375 0.542969 0.000135846
0 0.349609 0.630859 0.161719 0.194531 0.000138992
0 0.638281 0.965625 0.24375 0.06875 0.000142931
0 0.375781 0.485938 0.167187 0.379687 0.000146094
0 0.702344 0.469141 0.185937 0.189844 0.000147631
0 0.815625 0.0367187 0.334375 0.0734375 0.000152601
0 0.179297 0.0621094 0.353906 0.124219 0.00016545
0 0.605078 0.617969 0.136719 0.221875 0.000167728
0 0.344922 0.513672 0.125781 0.222656 0.000186263
0 0.314453 0.241406 0.180469 0.209375 0.000197804
0 0.80625 0.545313 0.273438 0.460938 0.000201205
0 0.184766 0.384375 0.299219 0.628125 0.000209587
0 0.178516 0.183594 0.353906 0.367188 0.000215392
0 0.620703 0.566406 0.189844 0.278125 0.000236888
0 0.330859 0.363281 0.249219 0.460938 0.000245089
0 0.802344 0.112891 0.379687 0.225781 0.00024757
0 0.683984 0.532812 0.202344 0.207813 0.000254437
0 0.721484 0.339844 0.0789063 0.1 0.000266053
0 0.771094 0.552344 0.132812 0.21875 0.000273109
0 0.203516 0.596484 0.166406 0.267969 0.000276721
0 0.942578 0.107031 0.114844 0.214062 0.000277687
0 0.588672 0.371484 0.208594 0.400781 0.000286379
0 0.969141 0.194531 0.0617188 0.389062 0.000301868
0 0.234375 0.532031 0.145313 0.273438 0.000304209
0 0.685938 0.254687 0.164062 0.23125 0.000308667
0 0.740625 0.510938 0.090625 0.1125 0.000320947
0 0.14375 0.114844 0.276563 0.229687 0.000341357
0 0.680078 0.342187 0.166406 0.1625 0.000351423
0 0.622266 0.519922 0.239844 0.464844 0.000404523
0 0.865625 0.0671875 0.264062 0.134375 0.000408126
0 0.770703 0.493359 0.107031 0.174219 0.00041809
0 0.241797 0.31875 0.286719 0.434375 0.000426551
0 0.720703 0.630859 0.219531 0.205469 0.000428594
0 0.794531 0.678516 0.096875 0.136719 0.000434332
0 0.757031 0.490625 0.0890625 0.10625 0.000465591
0 0.378125 0.475391 0.253125 0.588281 0.000473294
0 0.738672 0.366016 0.107031 0.208594 0.000481837
0 0.801172 0.610547 0.160156 0.316406 0.000603883
0 0.219922 0.449219 0.125781 0.278125 0.000610553
0 0.296875 0.312109 0.225 0.280469 0.000683975
0 0.721484 0.323438 0.114844 0.167187 0.000703603
0 0.239063 0.365234 0.151562 0.183594 0.000758368
0 0.654297 0.632812 0.185156 0.203125 0.000790307
0 0.621875 0.398047 0.310937 0.599219 0.00101707
0 0.754687 0.429688 0.11875 0.275 0.00101747
0 0.780469 0.444922 0.164062 0.464844 0.00109134
0 0.782031 0.658203 0.135937 0.202344 0.00116743
0 0.344922 0.560938 0.183594 0.298438 0.00121314
0 0.723047 0.573047 0.169531 0.222656 0.00123301
0 0.653516 0.313281 0.255469 0.370313 0.00168476
0 0.272266 0.590234 0.260156 0.277344 0.00183645
0 0.722656 0.367969 0.176563 0.3875 0.00261366
0 0.24375 0.370313 0.189063 0.325 0.00301505
0 0.743359 0.513672 0.132031 0.233594 0.00694453
0 0.708594 0.582422 0.289062 0.349219 0.0153928
0 0.215625 0.476953 0.167187 0.477344 0.0271709
0 0.751562 0.543359 0.16875 0.375781 0.0850204
0 0.705078 0.457422 0.239844 0.525781 0.265191
0 0.275781 0.446484 0.25625 0.528906 0.44337
