0 0.798828 0.588672 0.0804688 0.102344 0.000100814
0 0.385156 0.128906 0.404687 0.257812 0.000104118
0 0.225781 0.14375 0.417188 0.253125 0.000106065
0 0.325781 0.506641 0.0921875 0.0867188 0.000112881
0 0.0421875 0.444141 0.0828125 0.397656 0.000118497
0 0.0324219 0.450781 0.0617188 0.264062 0.000120605
0 0.687109 0.124219 0.413281 0.248437 0.000124738
0 0.385156 0.451953 0.14375 0.222656 0.000124939
0 0.240625 0.511328 0.0875 0.113281 0.000129379
0 0.758594 0.536328 0.0921875 0.103906 0.000131971
0 0.721484 0.321484 0.113281 0.150781 0.000138666
0 0.53125 0.0351562 0.267188 0.0703125 0.000142235
0 0.469141 0.179688 0.416406 0.359375 0.000146399
0 0.258203 0.321875 0.107031 0.160938 0.000149905
0 0.380469 0.492969 0.071875 0.103125 0.000151043
0 0.135937 0.0921875 0.234375 0.157813 0.000161478
0 0.633203 0.592969 0.113281 0.1375 0.000161902
0 0.342187 0.294531 0.164062 0.226562 0.000163885
0 0.658594 0.377734 0.239063 0.436719 0.000163986
0 0.614062 0.182031 0.367188 0.364062 0.000171701
0 0.280859 0.327344 0.100781 0.114063 0.000187518
0 0.25625 0.386719 0.078125 0.084375 0.000189206
0 0.361328 0.508594 0.0851562 0.0890625 0.000195675
0 0.755859 0.418359 0.127344 0.228906 0.000196004
0 0.700781 0.603125 0.189063 0.154687 0.000201361
0 0.0246094 0.453125 0.0492188 0.160938 0.000203409
0 0.291406 0.334375 0.157813 0.246875 0.000220239
0 0.333203 0.387891 0.294531 0.463281 0.000244452
0 0.537109 0.0660156 0.338281 0.132031 0.000262368
0 0.344141 0.523828 0.130469 0.122656 0.000274633
0 0.544531 0.128125 0.354688 0.25625 0.000308624
0 0.635156 0.528125 0.123438 0.15625 0.000311265
0 0.796484 0.587891 0.127344 0.133594 0.000336788
0 0.245703 0.389453 0.0898438 0.136719 0.000338285
0 0.719141 0.538672 0.0929687 0.0976562 0.000355291
0 0.775 0.570703 0.0875 0.0945313 0.000368477
0 0.676562 0.538672 0.090625 0.107031 0.000454841
0 0.786328 0.528516 0.125781 0.196094 0.000525584
0 0.711328 0.419922 0.186719 0.308594 0.000525692
0 0.225 0.543359 0.0875 0.141406 0.000527017
0 0.379687 0.508594 0.126563 0.139062 0.000530582
0 0.300781 0.505078 0.15 0.116406 0.000534999
0 0.723047 0.516016 0.142969 0.161719 0.000606289
0 0.659766 0.568359 0.0882813 0.105469 0.000609301
0 0.269922 0.363672 0.113281 0.149219 0.000717127
0 0.713672 0.544922 0.272656 0.266406 0.000722538
0 0.305859 0.538672 0.227344 0.161719 0.000900285
0 0.672266 0.503516 0.163281 0.207031 0.000971971
0 0.30625 0.410156 0.198437 0.304688 0.0010554
0 0.697266 0.553125 0.0929687 0.0921875 0.00138576
0 0.340625 0.491016 0.160938 0.136719 0.00162827
0 0.7375 0.566406 0.0921875 0.0796875 0.00170921
0 0.24375 0.511328 0.129688 0.177344 0.00179602
0 0.752734 0.499219 0.163281 0.229687 0.00191384
0 0.248828 0.446875 0.121094 0.232812 0.00215048
0 0.666406 0.556641 0.14375 0.142969 0.00586153
0 0.759766 0.573828 0.155469 0.128906 0.00699214
0 0.287891 0.485938 0.186719 0.196875 0.0125102
0 0.716797 0.559375 0.183594 0.129688 0.0441621
