0 0.246094 0.584766 0.129688 0.121094 0.000100012
0 0.346094 0.0335938 0.2375 0.0671875 0.000102926
0 0.330078 0.229297 0.147656 0.278906 0.000103909
0 0.260547 0.407422 0.135156 0.271094 0.00010425
0 0.214453 0.453125 0.135156 0.214062 0.000108317
0 0.194922 0.247656 0.0835937 0.10625 0.000108703
0 0.31875 0.0582031 0.292188 0.116406 0.000109451
0 0.0121094 0.465625 0.0242187 0.259375 0.000109606
0 0.320312 0.571094 0.084375 0.0953125 0.000113841
0 0.210938 0.318359 0.090625 0.111719 0.000116548
0 0.301562 0.319141 0.132812 0.172656 0.000121541
0 0.164062 0.407422 0.1 0.221094 0.000125642
0 0.633984 0.559375 0.164844 0.179688 0.000160287
0 0.675781 0.258594 0.15 0.157813 0.000161082
0 0.304688 0.405859 0.128125 0.257031 0.000164998
0 0.3875 0.617188 0.11875 0.182812 0.000175633
0 0.182422 0.550391 0.0882813 0.105469 0.000182152
0 0.616016 0.31875 0.147656 0.179688 0.000188474
0 0.174609 0.317578 0.297656 0.450781 0.000204226
0 0.230859 0.342187 0.144531 0.21875 0.000207528
0 0.179688 0.31875 0.0859375 0.114063 0.000217968
0 0.0140625 0.362109 0.028125 0.271094 0.000223034
0 0.678516 0.510547 0.0757812 0.0976562 0.000223466
0 0.678125 0.319531 0.176563 0.203125 0.000224549
0 0.280078 0.532812 0.0882813 0.0984375 0.000227386
0 0.301953 0.260938 0.119531 0.207813 0.000227563
0 0.383984 0.542188 0.128906 0.257812 0.000259943
0 0.606641 0.527344 0.116406 0.1625 0.000268451
0 0.298828 0.550781 0.0867188 0.096875 0.000271899
0 0.285156 0.471094 0.132812 0.228125 0.000285195
0 0.735156 0.467578 0.107813 0.233594 0.000289297
0 0.684375 0.404687 0.145313 0.28125 0.000291534
0 0.0429688 0.430859 0.0859375 0.585156 0.000318462
0 0.182031 0.563672 0.139062 0.146094 0.000324078
0 0.183984 0.248437 0.116406 0.1625 0.000325778
0 0.0316406 0.325391 0.0585938 0.378906 0.000352366
0 0.311328 0.458594 0.283594 0.45 0.00036786
0 0.232031 0.565234 0.321875 0.296094 0.000373423
0 0.628125 0.478125 0.173438 0.26875 0.000424563
0 0.253906 0.301172 0.207813 0.175781 0.000425603
0 0.178516 0.471484 0.107031 0.197656 0.000453935
0 0.240234 0.493359 0.141406 0.191406 0.000480182
0 0.291406 0.146094 0.114063 0.126563 0.000504874
0 0.292188 0.317187 0.1875 0.353125 0.000523936
0 0.292578 0.1625 0.174219 0.2 0.000551101
0 0.136328 0.393359 0.177344 0.446094 0.000578151
0 0.345703 0.587109 0.132031 0.188281 0.000667059
0 0.021875 0.432422 0.040625 0.442969 0.000710571
0 0.735937 0.517578 0.15 0.221094 0.000899743
0 0.217969 0.548047 0.13125 0.108594 0.000919509
0 0.677734 0.508984 0.146094 0.161719 0.000934457
0 0.717578 0.369531 0.121094 0.2875 0.000945787
0 0.298438 0.56875 0.170312 0.151562 0.00106209
0 0.735547 0.433594 0.294531 0.46875 0.00109954
0 0.333203 0.525391 0.138281 0.214844 0.00110067
0 0.641016 0.25 0.208594 0.253125 0.00112002
0 0.263672 0.549609 0.139844 0.122656 0.00120484
0 0.300391 0.530859 0.130469 0.141406 0.00121793
0 0.189063 0.403516 0.117188 0.300781 0.00126383
0 0.238672 0.576953 0.233594 0.157031 0.00144911
0 0.19375 0.282813 0.0921875 0.11875 0.00160058
0 0.166016 0.469531 0.144531 0.36875 0.00225282
0 0.322266 0.464844 0.178906 0.325 0.00341774
0 0.254687 0.223828 0.23125 0.307031 0.00465621
0 0.689062 0.496094 0.2125 0.248437 0.00470074
0 0.198437 0.521094 0.159375 0.190625 0.0054425
0 0.728516 0.432422 0.169531 0.403906 0.0083568
0 0.234766 0.475391 0.261719 0.353906 0.00959346
0 0.214453 0.259766 0.160156 0.213281 0.0126681
0 0.266016 0.529297 0.225781 0.196094 0.0183613
0 0.191016 0.3125 0.130469 0.23125 0.0198286
0 0.261719 0.335547 0.264062 0.541406 0.0537404
0 0.210938 0.384375 0.192188 0.420312 0.264735
0 0.671484 0.377344 0.235156 0.4375 0.407993
