0 0.810938 0.619141 0.104687 0.207031 0.000101161
0 0.192578 0.651563 0.152344 0.171875 0.000101299
0 0.741406 0.660156 0.0890625 0.107813 0.000109376
0 0.764453 0.731641 0.142969 0.138281 0.000110031
0 0.021875 0.433984 0.0421875 0.477344 0.000121058
0 0.201172 0.730078 0.349219 0.296094 0.00012447
0 0.0785156 0.720312 0.0882813 0.101562 0.000129419
0 0.696094 0.530859 0.173438 0.188281 0.000130047
0 0.119922 0.674219 0.0867188 0.090625 0.00013063
0 0.255078 0.116797 0.219531 0.175781 0.000133572
0 0.200391 0.34375 0.114844 0.220313 0.000134078
0 0.785547 0.485938 0.203906 0.596875 0.000134588
0 0.160547 0.513281 0.149219 0.189063 0.000137822
0 0.588281 0.457812 0.398438 0.70625 0.000141096
0 0.763281 0.641797 0.0890625 0.110156 0.000146561
0 0.172656 0.691797 0.145313 0.139844 0.00015673
0 0.800391 0.709375 0.0851562 0.10625 0.00015799
0 0.235938 0.537109 0.203125 0.194531 0.000160869
0 0.761719 0.533984 0.121875 0.232031 0.000161133
0 0.779688 0.800781 0.228125 0.265625 0.000161534
0 0.719141 0.3 0.0914062 0.189063 0.000164568
0 0.678516 0.19375 0.107031 0.107813 0.000165029
0 0.0402344 0.392578 0.0804688 0.738281 0.000176463
0 0.335156 0.528125 0.176563 0.35 0.000178249
0 0.239453 0.672656 0.272656 0.196875 0.000182112
0 0.702344 0.692969 0.153125 0.142188 0.000182251
0 0.0894531 0.648047 0.147656 0.221094 0.000190545
0 0.0792969 0.450391 0.147656 0.666406 0.00019481
0 0.683203 0.769531 0.313281 0.370313 0.000201432
0 0.684766 0.225781 0.144531 0.207813 0.000208553
0 0.105469 0.707812 0.1375 0.128125 0.00021974
0 0.241406 0.320312 0.129688 0.167187 0.000220436
0 0.652344 0.511328 0.11875 0.164844 0.000238988
0 0.811328 0.678125 0.0804688 0.109375 0.000246412
0 0.626562 0.480859 0.210938 0.591406 0.000253575
0 0.969141 0.439063 0.0601562 0.665625 0.000255651
0 0.152734 0.65625 0.0882813 0.0921875 0.000265273
0 0.143359 0.319922 0.266406 0.628906 0.000269145
0 0.125 0.577734 0.1375 0.253906 0.000277065
0 0.205469 0.320312 0.176563 0.40625 0.000282775
0 0.797656 0.643359 0.0828125 0.111719 0.00028656
0 0.322266 0.662891 0.183594 0.216406 0.000292339
0 0.212109 0.278125 0.0929687 0.117188 0.000294229
0 0.301172 0.575 0.144531 0.214062 0.000321541
0 0.762109 0.689844 0.0914062 0.10625 0.000339596
0 0.803125 0.757812 0.154687 0.171875 0.000346385
0 0.628516 0.525 0.136719 0.273438 0.000348496
0 0.663281 0.285547 0.195312 0.321094 0.000359513
0 0.655078 0.187109 0.161719 0.144531 0.000386568
0 0.327344 0.133203 0.29375 0.246094 0.000396049
0 0.714844 0.407813 0.184375 0.404687 0.000408004
0 0.279297 0.344531 0.132031 0.15625 0.000411222
0 0.678125 0.595703 0.184375 0.216406 0.000483351
0 0.238672 0.595703 0.150781 0.196094 0.000503759
0 0.339844 0.175391 0.182812 0.235156 0.000564715
0 0.228125 0.270703 0.115625 0.177344 0.000587628
0 0.273438 0.310156 0.16875 0.28125 0.000630374
0 0.264453 0.2125 0.172656 0.298438 0.000807841
0 0.267578 0.149219 0.122656 0.13125 0.000877404
0 0.183203 0.704687 0.261719 0.190625 0.000989431
0 0.627344 0.610156 0.14375 0.25625 0.00102864
0 0.310547 0.442969 0.225781 0.585938 0.00105683
0 0.796875 0.710547 0.134375 0.157031 0.00125024
0 0.777734 0.599219 0.122656 0.251563 0.00145678
0 0.196484 0.449609 0.230469 0.408594 0.00164076
0 0.157422 0.610937 0.147656 0.204688 0.00165321
0 0.742578 0.637109 0.149219 0.185156 0.00179717
0 0.127344 0.676562 0.157813 0.15 0.00209331
0 0.177734 0.557031 0.200781 0.204688 0.00273954
0 0.783594 0.675 0.090625 0.104687 0.00325732
0 0.289453 0.284766 0.233594 0.421094 0.00361817
0 0.662891 0.677734 0.210156 0.185156 0.00372486
0 0.254687 0.535937 0.282813 0.360938 0.00374442
0 0.723828 0.721875 0.280469 0.2125 0.00558073
0 0.757422 0.577734 0.199219 0.319531 0.00652131
0 0.290234 0.608594 0.222656 0.251563 0.00702595
0 0.160156 0.533203 0.225 0.366406 0.00774739
0 0.682031 0.560938 0.24375 0.339063 0.00888523
0 0.308203 0.133984 0.192969 0.167969 0.00962587
0 0.149219 0.651172 0.229687 0.236719 0.0104603
0 0.789453 0.657812 0.130469 0.165625 0.0130276
0 0.702734 0.447266 0.272656 0.621094 0.0604168
0 0.753516 0.683594 0.199219 0.164062 0.0864729
0 0.230859 0.403516 0.339844 0.682031 0.103637
0 0.719922 0.640625 0.257031 0.239063 0.146999
0 0.205859 0.608203 0.302344 0.269531 0.212661
