0 0.813672 0.0351562 0.258594 0.0703125 0.00010037
0 0.281641 0.0699219 0.347656 0.139844 0.000101593
0 0.877344 0.490234 0.109375 0.247656 0.000102437
0 0.846094 0.698828 0.0828125 0.102344 0.00010682
0 0.828125 0.301562 0.173438 0.251563 0.000106914
0 0.0277344 0.232812 0.0523437 0.43125 0.000108339
0 0.317969 0.0410156 0.284375 0.0820312 0.000110815
0 0.895703 0.0980469 0.208594 0.180469 0.000112628
0 0.930078 0.464844 0.121094 0.6125 0.000114905
0 0.0164062 0.424219 0.0328125 0.253125 0.000116954
0 0.308594 0.632422 0.109375 0.138281 0.000121993
0 0.755078 0.459375 0.172656 0.314063 0.000131732
0 0.805469 0.356641 0.1375 0.186719 0.000131776
0 0.930078 0.0589844 0.139844 0.117969 0.000139568
0 0.353125 0.403125 0.15 0.257812 0.000143944
0 0.805469 0.0972656 0.389062 0.192969 0.00014514
0 0.738281 0.0578125 0.448438 0.107813 0.000149715
0 0.0515625 0.266797 0.0953125 0.457031 0.000152035
0 0.825 0.552344 0.117188 0.25625 0.000157895
0 0.294141 0.564844 0.110156 0.19375 0.000164896
0 0.373828 0.553125 0.280469 0.289062 0.000165977
0 0.894531 0.0363281 0.210938 0.0710938 0.000185314
0 0.0257812 0.642578 0.0484375 0.422656 0.000189435
0 0.862109 0.573828 0.124219 0.235156 0.000193416
0 0.813281 0.626953 0.282813 0.355469 0.000206841
0 0.755859 0.629297 0.174219 0.249219 0.000221817
0 0.381641 0.508984 0.0820312 0.0898438 0.000224342
0 0.402734 0.589453 0.160156 0.166406 0.000238906
0 0.898438 0.542969 0.14375 0.517187 0.000239154
0 0.790625 0.679688 0.184375 0.210938 0.000245086
0 0.753516 0.311719 0.153906 0.20625 0.000254676
0 0.792188 0.521484 0.185937 0.410156 0.000274945
0 0.373828 0.132812 0.378906 0.260938 0.000289324
0 0.328125 0.49375 0.139062 0.215625 0.000298035
0 0.971484 0.398047 0.0570313 0.627344 0.000298915
0 0.864844 0.05625 0.270312 0.110937 0.000365622
0 0.425391 0.0371094 0.285156 0.0742188 0.000377595
0 0.0410156 0.394141 0.0820312 0.528906 0.000386786
0 0.795703 0.378906 0.180469 0.30625 0.000405447
0 0.850391 0.45 0.135156 0.260938 0.000463512
0 0.845703 0.696094 0.122656 0.151562 0.00046806
0 0.0269531 0.396484 0.0507812 0.394531 0.000468266
0 0.0324219 0.520312 0.0617188 0.570312 0.000545165
0 0.416016 0.530859 0.146094 0.191406 0.000572904
0 0.382031 0.511719 0.11875 0.140625 0.000614618
0 0.873828 0.647266 0.138281 0.236719 0.000634985
0 0.327734 0.590234 0.155469 0.185156 0.000668016
0 0.384766 0.0660156 0.338281 0.132031 0.000795579
0 0.828906 0.633984 0.167187 0.264844 0.00184809
0 0.375781 0.552734 0.171875 0.200781 0.00269667
0 0.850781 0.542578 0.154687 0.383594 0.0037203
