0 0.205078 0.553516 0.0773437 0.103906 0.000102197
0 0.980859 0.599219 0.0382813 0.35625 0.000102318
0 0.730859 0.639844 0.210156 0.15 0.000110545
0 0.175 0.0507812 0.046875 0.06875 0.000112419
0 0.191406 0.614062 0.285937 0.321875 0.000114505
0 0.606641 0.36875 0.141406 0.226562 0.000119457
0 0.189844 0.0660156 0.0671875 0.0742188 0.000126008
0 0.23125 0.324609 0.053125 0.0835937 0.000126073
0 0.308984 0.276563 0.180469 0.201562 0.000129021
0 0.20625 0.534766 0.0984375 0.180469 0.000132556
0 0.779688 0.405469 0.145313 0.415625 0.000134982
0 0.704297 0.229297 0.0882813 0.113281 0.000135009
0 0.682031 0.365234 0.2 0.200781 0.000145536
0 0.754687 0.368359 0.0703125 0.100781 0.000149281
0 0.344141 0.312109 0.171094 0.207031 0.000149737
0 0.392969 0.608984 0.175 0.244531 0.000160326
0 0.760547 0.510156 0.0820312 0.110937 0.00016232
0 0.173438 0.0671875 0.040625 0.0515625 0.000186028
0 0.341406 0.402734 0.184375 0.352344 0.000194121
0 0.276563 0.314844 0.148438 0.190625 0.000195107
0 0.810938 0.671484 0.0484375 0.0585938 0.00020302
0 0.260547 0.628906 0.150781 0.160938 0.000207672
0 0.241406 0.386328 0.0921875 0.149219 0.000208285
0 0.793359 0.671484 0.0804688 0.0789063 0.000214035
0 0.621094 0.394141 0.209375 0.366406 0.000223371
0 0.617969 0.438672 0.126563 0.191406 0.000225938
0 0.763672 0.628906 0.108594 0.11875 0.000231508
0 0.653906 0.283203 0.229687 0.296094 0.000232255
0 0.247266 0.290625 0.0492188 0.06875 0.000233404
0 0.239844 0.396875 0.170312 0.389062 0.000245305
0 0.654688 0.513672 0.1375 0.216406 0.00027254
0 0.760156 0.470313 0.0828125 0.115625 0.000274166
0 0.703125 0.511719 0.153125 0.260938 0.0002856
0 0.374219 0.594141 0.120312 0.155469 0.000325905
0 0.793359 0.651172 0.102344 0.0976562 0.000326753
0 0.191406 0.05 0.046875 0.065625 0.000354676
0 0.769141 0.487109 0.0960938 0.194531 0.000354885
0 0.215234 0.490625 0.192969 0.396875 0.000403393
0 0.369922 0.486719 0.141406 0.26875 0.000412277
0 0.298828 0.589453 0.153906 0.186719 0.000417617
0 0.773438 0.553125 0.103125 0.217187 0.000435474
0 0.742188 0.367578 0.109375 0.203906 0.000437788
0 0.720312 0.590234 0.145313 0.155469 0.000445136
0 0.185937 0.610547 0.103125 0.217969 0.000480204
0 0.258203 0.314063 0.114844 0.125 0.000525038
0 0.2625 0.518359 0.185937 0.211719 0.000580731
0 0.719141 0.319922 0.164844 0.267969 0.000657395
0 0.703125 0.425 0.198437 0.209375 0.000657485
0 0.660156 0.573438 0.173438 0.190625 0.000684425
0 0.262109 0.296875 0.0757812 0.0921875 0.000699455
0 0.802344 0.654297 0.0578125 0.0695312 0.00076535
0 0.794531 0.611719 0.0859375 0.145313 0.000778717
0 0.248437 0.357812 0.125 0.225 0.000890607
0 0.298828 0.666797 0.289844 0.230469 0.00109395
0 0.358594 0.551953 0.132812 0.183594 0.00115577
0 0.741406 0.533203 0.13125 0.217969 0.00144301
0 0.250391 0.316797 0.0757812 0.0945313 0.00200151
0 0.255469 0.573828 0.151562 0.191406 0.00255029
0 0.761719 0.59375 0.151562 0.19375 0.0025617
0 0.75625 0.430078 0.110937 0.257031 0.00273676
0 0.683984 0.364062 0.244531 0.392188 0.00494586
0 0.332812 0.528906 0.198437 0.248437 0.00564533
0 0.213672 0.572656 0.149219 0.239063 0.00603512
0 0.242578 0.621094 0.216406 0.2375 0.00786758
0 0.285937 0.451172 0.273438 0.461719 0.0127925
0 0.708984 0.564453 0.225781 0.236719 0.015016
0 0.756641 0.505859 0.146094 0.357031 0.0454597
0 0.280859 0.56875 0.261719 0.26875 0.305804
0 0.713672 0.462109 0.207031 0.417969 0.313885
