0 0.816797 0.286328 0.103906 0.199219 0.000101913
0 0.697656 0.297656 0.157813 0.185937 0.000104995
0 0.247266 0.675781 0.0757812 0.117188 0.000105206
0 0.700781 0.635938 0.090625 0.10625 0.000106121
0 0.716406 0.202734 0.1375 0.135156 0.000106424
0 0.759766 0.597656 0.141406 0.196875 0.000106647
0 0.532812 0.5375 0.41875 0.771875 0.000108484
0 0.342969 0.554297 0.146875 0.230469 0.000110166
0 0.284766 0.300781 0.111719 0.190625 0.000112826
0 0.403125 0.651563 0.13125 0.121875 0.000116977
0 0.0421875 0.39375 0.084375 0.595312 0.000117191
0 0.0203125 0.315625 0.040625 0.384375 0.000120197
0 0.342187 0.3625 0.135937 0.189063 0.000123681
0 0.759766 0.424609 0.102344 0.182031 0.000127836
0 0.860156 0.71875 0.228125 0.3375 0.000131192
0 0.842188 0.429297 0.096875 0.202344 0.000131313
0 0.0300781 0.737109 0.0601562 0.483594 0.000131454
0 0.264453 0.6 0.0851562 0.1125 0.000131742
0 0.320312 0.40625 0.11875 0.171875 0.000132547
0 0.400391 0.201562 0.157031 0.120312 0.000132845
0 0.694531 0.925 0.140625 0.15 0.000133292
0 0.970312 0.515625 0.059375 0.585938 0.000135087
0 0.230859 0.674609 0.127344 0.194531 0.000143018
0 0.715234 0.487891 0.136719 0.227344 0.000146514
0 0.717969 0.386328 0.134375 0.239844 0.000149132
0 0.425781 0.357031 0.157813 0.332812 0.000152565
0 0.261328 0.556641 0.289844 0.407031 0.000154751
0 0.913672 0.690234 0.161719 0.439844 0.000171597
0 0.341016 0.617969 0.0898438 0.103125 0.000176264
0 0.785937 0.447656 0.11875 0.260938 0.00017997
0 0.260547 0.688281 0.311719 0.320312 0.000188816
0 0.280078 0.492188 0.114844 0.284375 0.000188936
0 0.248828 0.598047 0.114844 0.194531 0.000192296
0 0.667578 0.355469 0.164844 0.328125 0.00019648
0 0.819531 0.329297 0.0796875 0.105469 0.000211041
0 0.785937 0.382812 0.096875 0.135937 0.000216442
0 0.390625 0.935938 0.175 0.128125 0.000218525
0 0.807813 0.53125 0.134375 0.251563 0.000219308
0 0.863672 0.652734 0.0867188 0.108594 0.000219756
0 0.3625 0.224609 0.142188 0.142969 0.000232333
0 0.270703 0.379687 0.116406 0.292188 0.000233616
0 0.0234375 0.437109 0.0453125 0.464844 0.000247556
0 0.760156 0.234766 0.170312 0.178906 0.000249208
0 0.298438 0.603125 0.0875 0.104687 0.000279175
0 0.411328 0.471484 0.110156 0.171094 0.000281418
0 0.859375 0.556641 0.101562 0.208594 0.000310169
0 0.282422 0.671094 0.0929687 0.109375 0.000312127
0 0.421484 0.261719 0.164844 0.19375 0.000312968
0 0.726562 0.307031 0.285937 0.345313 0.000323807
0 0.254297 0.480078 0.153906 0.452344 0.000330726
0 0.459375 0.441797 0.265625 0.655469 0.000342935
0 0.804297 0.363672 0.0835937 0.0960938 0.000351186
0 0.825781 0.616797 0.0828125 0.103906 0.000352451
0 0.0214844 0.807422 0.0429688 0.292969 0.000415454
0 0.844531 0.635938 0.084375 0.107813 0.000436702
0 0.366406 0.283984 0.2875 0.288281 0.000486859
0 0.8375 0.616797 0.285937 0.344531 0.000496238
0 0.3125 0.396484 0.15625 0.288281 0.000544202
0 0.451953 0.475781 0.194531 0.425 0.000545183
0 0.682422 0.535156 0.133594 0.246875 0.00062665
0 0.262109 0.653125 0.0898438 0.114063 0.000637594
0 0.872266 0.524609 0.135156 0.447656 0.00065686
0 0.805078 0.635156 0.130469 0.159375 0.000669382
0 0.282422 0.689453 0.166406 0.177344 0.000673986
0 0.889063 0.619141 0.135937 0.282031 0.000699211
0 0.318359 0.310937 0.158594 0.234375 0.000861769
0 0.838672 0.449219 0.130469 0.364062 0.000931101
0 0.681641 0.45 0.132031 0.214062 0.00106128
0 0.827734 0.597266 0.121094 0.202344 0.00108612
0 0.358203 0.617188 0.144531 0.15 0.00112953
0 0.316016 0.632422 0.0914062 0.105469 0.0012226
0 0.8125 0.393359 0.134375 0.291406 0.00128488
0 0.701953 0.241406 0.182031 0.189063 0.00138469
0 0.690625 0.620703 0.132812 0.177344 0.00147506
0 0.392578 0.44375 0.185156 0.510938 0.00159711
0 0.812109 0.352344 0.110156 0.15625 0.00166579
0 0.430469 0.484766 0.132812 0.260156 0.00216036
0 0.732422 0.639844 0.180469 0.18125 0.00218011
0 0.790234 0.318359 0.152344 0.222656 0.00226113
0 0.719141 0.378125 0.196094 0.35625 0.0028288
0 0.284766 0.634766 0.0914062 0.110156 0.00294363
0 0.392188 0.620703 0.184375 0.205469 0.00331203
0 0.738281 0.552344 0.21875 0.3125 0.00335313
0 0.854297 0.644141 0.142969 0.177344 0.00342591
0 0.301562 0.603906 0.132812 0.16875 0.00366374
0 0.358984 0.260938 0.189844 0.2 0.00409081
0 0.280078 0.573047 0.149219 0.277344 0.00414358
0 0.404687 0.546094 0.151562 0.279687 0.004393
0 0.341016 0.660156 0.283594 0.24375 0.00462077
0 0.319531 0.475781 0.20625 0.453125 0.00647234
0 0.792969 0.475781 0.20625 0.43125 0.00656728
0 0.261719 0.646094 0.123438 0.182812 0.00706937
0 0.843359 0.558203 0.139844 0.321094 0.00796991
0 0.801562 0.624219 0.228125 0.196875 0.0103217
0 0.35 0.578906 0.240625 0.285937 0.025215
0 0.3125 0.641016 0.2 0.160156 0.1522
