0 0.342578 0.552344 0.0898438 0.110937 0.00010192
0 0.761328 0.675 0.0898438 0.114063 0.000103971
0 0.366797 0.571484 0.0882813 0.100781 0.000106496
0 0.842969 0.482422 0.117188 0.267969 0.000107853
0 0.871484 0.715625 0.0664062 0.103125 0.000108231
0 0.737109 0.0445312 0.267969 0.0859375 0.000109671
0 0.317969 0.833203 0.323438 0.333594 0.000115013
0 0.870703 0.372656 0.0523437 0.065625 0.000116398
0 0.821094 0.434766 0.129688 0.202344 0.00011833
0 0.234375 0.100781 0.221875 0.190625 0.000119389
0 0.782812 0.656641 0.0890625 0.111719 0.000120299
0 0.763281 0.432813 0.084375 0.107813 0.000125354
0 0.453516 0.211328 0.180469 0.203906 0.000126501
0 0.787109 0.205078 0.0757812 0.0835937 0.000128459
0 0.384766 0.0199219 0.205469 0.0382813 0.000129378
0 0.890625 0.722656 0.123438 0.220313 0.000131141
0 0.257031 0.625391 0.053125 0.0757812 0.00013542
0 0.841406 0.660156 0.0828125 0.110937 0.000138462
0 0.151172 0.649609 0.0539063 0.0960938 0.000147257
0 0.421484 0.398828 0.189844 0.394531 0.000154426
0 0.848828 0.417969 0.0820312 0.117188 0.00015494
0 0.332812 0.405078 0.276563 0.553906 0.000160742
0 0.802734 0.676562 0.0882813 0.1125 0.000165738
0 0.752344 0.571094 0.115625 0.204688 0.00016808
0 0.353516 0.138281 0.255469 0.276563 0.00017773
0 0.366797 0.605859 0.142969 0.119531 0.000178399
0 0.803906 0.552734 0.128125 0.219531 0.000180697
0 0.426953 0.398047 0.314844 0.522656 0.000181881
0 0.841016 0.366016 0.0851562 0.125781 0.000192674
0 0.472656 0.0507812 0.303125 0.1 0.000196174
0 0.841406 0.296875 0.0421875 0.0625 0.000199099
0 0.821094 0.03125 0.203125 0.0625 0.000199871
0 0.779297 0.488281 0.133594 0.259375 0.000202763
0 0.348828 0.407813 0.0992187 0.190625 0.000211808
0 0.41875 0.308203 0.109375 0.114844 0.00021459
0 0.842969 0.733984 0.0875 0.114844 0.00023077
0 0.898828 0.811719 0.202344 0.33125 0.000243245
0 0.842969 0.307031 0.0515625 0.117188 0.000243543
0 0.28125 0.479688 0.139062 0.348437 0.000245964
0 0.407422 0.574219 0.0882813 0.0875 0.000248524
0 0.298438 0.589063 0.0875 0.10625 0.000248629
0 0.837109 0.240234 0.0648438 0.0898438 0.000249037
0 0.238672 0.0351562 0.217969 0.065625 0.000253601
0 0.43125 0.0945313 0.29375 0.1875 0.000273693
0 0.371484 0.664844 0.342969 0.367188 0.000280294
0 0.317969 0.532422 0.0890625 0.105469 0.000282429
0 0.485938 0.607031 0.157813 0.14375 0.0003082
0 0.367578 0.363281 0.103906 0.14375 0.00031899
0 0.858203 0.682031 0.0742188 0.110937 0.000343611
0 0.465625 0.491797 0.179688 0.261719 0.000350929
0 0.392578 0.0328125 0.255469 0.0640625 0.00035684
0 0.3125 0.0929687 0.254687 0.182812 0.000387148
0 0.271875 0.0574219 0.271875 0.113281 0.000392986
0 0.375781 0.639063 0.259375 0.184375 0.00046887
0 0.272656 0.618359 0.0859375 0.105469 0.000504028
0 0.302344 0.553516 0.0875 0.114844 0.000552105
0 0.814844 0.644922 0.26875 0.363281 0.000582007
0 0.374219 0.0582031 0.284375 0.114844 0.000632166
0 0.841406 0.260547 0.0484375 0.0867188 0.000637829
0 0.476172 0.554297 0.157031 0.186719 0.000703317
0 0.326953 0.607422 0.211719 0.172656 0.000738642
0 0.385156 0.553125 0.145313 0.140625 0.000822727
0 0.857813 0.659766 0.0984375 0.194531 0.000828004
0 0.809375 0.530859 0.167187 0.388281 0.000875993
0 0.840234 0.697656 0.0851562 0.107813 0.00089652
0 0.428125 0.570703 0.140625 0.122656 0.00144817
0 0.864453 0.727344 0.100781 0.171875 0.00155032
0 0.833984 0.616797 0.147656 0.272656 0.00174633
0 0.355078 0.407422 0.169531 0.385156 0.0017693
0 0.746484 0.675 0.167969 0.185937 0.00185154
0 0.427734 0.535156 0.205469 0.18125 0.00220497
0 0.860547 0.391797 0.0726563 0.0945313 0.00223169
0 0.341797 0.535937 0.146094 0.171875 0.00263295
0 0.379687 0.374219 0.142188 0.221875 0.00401268
0 0.388672 0.481641 0.247656 0.308594 0.00441488
0 0.396094 0.326953 0.104687 0.119531 0.00448618
0 0.783984 0.623828 0.175781 0.239844 0.0050967
0 0.790625 0.739453 0.279687 0.289844 0.00511038
0 0.833203 0.751953 0.174219 0.224219 0.00562353
0 0.837891 0.698828 0.128906 0.177344 0.00761468
0 0.294922 0.564844 0.130469 0.192188 0.00820693
0 0.417578 0.585938 0.227344 0.154687 0.00947369
0 0.326953 0.491797 0.155469 0.297656 0.00986303
0 0.362109 0.562891 0.244531 0.191406 0.0621781
0 0.799219 0.69375 0.196875 0.223438 0.0802909
