0 0.425781 0.24375 0.096875 0.134375 0.000100014
0 0.748438 0.680078 0.053125 0.105469 0.000101987
0 0.882812 0.0582031 0.234375 0.116406 0.000102251
0 0.377734 0.617188 0.121094 0.142188 0.000104743
0 0.674609 0.271875 0.0695312 0.0875 0.000105453
0 0.718359 0.638672 0.0773437 0.114844 0.000105563
0 0.732813 0.591406 0.059375 0.0921875 0.000105776
0 0.669922 0.446484 0.0804688 0.103906 0.00010751
0 0.307031 0.632422 0.0875 0.110156 0.000109555
0 0.749609 0.712109 0.0617188 0.102344 0.0001169
0 0.698828 0.592188 0.0773437 0.090625 0.000118777
0 0.505469 0.040625 0.226562 0.078125 0.000120238
0 0.307422 0.537109 0.163281 0.282031 0.000120941
0 0.59375 0.394141 0.0875 0.108594 0.000125866
0 0.261328 0.379297 0.0914062 0.147656 0.000127349
0 0.607813 0.608594 0.125 0.160938 0.000127559
0 0.465625 0.0195312 0.114063 0.0359375 0.000133134
0 0.676172 0.635938 0.0898438 0.1125 0.000135048
0 0.6625 0.616016 0.273438 0.313281 0.000135213
0 0.697656 0.655469 0.0875 0.110937 0.000137942
0 0.269922 0.488281 0.135156 0.28125 0.000138979
0 0.69375 0.364062 0.0625 0.165625 0.000143118
0 0.314844 0.280469 0.10625 0.121875 0.00015006
0 0.612891 0.261719 0.0945313 0.109375 0.000153558
0 0.355859 0.615234 0.0867188 0.107031 0.000157989
0 0.644531 0.301172 0.078125 0.0960938 0.000159627
0 0.705078 0.710547 0.141406 0.153906 0.000161044
0 0.23125 0.484375 0.0921875 0.196875 0.000163115
0 0.405469 0.01875 0.189063 0.0375 0.000164444
0 0.280078 0.339453 0.0945313 0.111719 0.000171039
0 0.658984 0.315234 0.122656 0.169531 0.000171896
0 0.0980469 0.0269531 0.196094 0.0539063 0.000171897
0 0.976562 0.567578 0.046875 0.435156 0.000184004
0 0.391797 0.24375 0.133594 0.148438 0.000191669
0 0.635938 0.484375 0.08125 0.10625 0.000196183
0 0.970703 0.266797 0.0585938 0.469531 0.000213522
0 0.20625 0.707422 0.053125 0.114844 0.000215848
0 0.258594 0.348828 0.0578125 0.0820312 0.0002292
0 0.749609 0.655859 0.0710938 0.183594 0.000238107
0 0.735547 0.617188 0.0742188 0.179688 0.00024973
0 0.248437 0.559766 0.11875 0.242969 0.000258565
0 0.29375 0.316797 0.078125 0.102344 0.000262158
0 0.393359 0.040625 0.291406 0.0796875 0.000279096
0 0.694531 0.429297 0.078125 0.158594 0.000293609
0 0.719531 0.572266 0.0625 0.0898438 0.000296979
0 0.309766 0.658594 0.147656 0.151562 0.000328282
0 0.432813 0.0308594 0.19375 0.0585938 0.000331204
0 0.976172 0.153125 0.0476562 0.30625 0.000358897
0 0.954297 0.719141 0.0914062 0.561719 0.000366676
0 0.219531 0.684766 0.0796875 0.136719 0.000405244
0 0.244141 0.646875 0.136719 0.195312 0.000423543
0 0.660547 0.596484 0.125781 0.182031 0.000438552
0 0.712891 0.487109 0.0960938 0.264844 0.00045527
0 0.627344 0.515234 0.134375 0.219531 0.000470467
0 0.641016 0.633984 0.119531 0.150781 0.000474977
0 0.975781 0.735547 0.0484375 0.507031 0.000503375
0 0.678906 0.339063 0.0734375 0.140625 0.000579046
0 0.271875 0.331641 0.065625 0.0757812 0.000582325
0 0.689062 0.319141 0.053125 0.0882813 0.000607459
0 0.6625 0.288672 0.06875 0.0882813 0.000613278
0 0.71875 0.572266 0.0765625 0.160156 0.000634715
0 0.726562 0.635156 0.13125 0.225 0.000717255
0 0.326562 0.614844 0.0859375 0.109375 0.000731963
0 0.616797 0.415625 0.110156 0.14375 0.000833336
0 0.635156 0.446094 0.0859375 0.110937 0.000894246
0 0.669531 0.380078 0.1125 0.211719 0.000908844
0 0.732031 0.698828 0.06875 0.0929687 0.00102038
0 0.71875 0.565234 0.1 0.264844 0.00102809
0 0.2875 0.614062 0.1625 0.175 0.00162355
0 0.726562 0.678906 0.090625 0.146875 0.00216146
0 0.676562 0.305859 0.0640625 0.0945313 0.00286608
0 0.677344 0.541406 0.157813 0.292188 0.00361971
0 0.334766 0.621875 0.128906 0.148438 0.00475067
0 0.687109 0.635156 0.153906 0.189063 0.00512002
0 0.645312 0.452344 0.128125 0.164062 0.00589822
