0 0.1625 0.716406 0.146875 0.21875 0.000100396
0 0.626953 0.758594 0.236719 0.295312 0.000100866
0 0.0878906 0.713672 0.158594 0.442969 0.000101106
0 0.964844 0.185547 0.0703125 0.371094 0.000103436
0 0.06875 0.0363281 0.1375 0.0726563 0.000103935
0 0.652344 0.269922 0.167187 0.161719 0.000106536
0 0.719922 0.597656 0.146094 0.248437 0.000114377
0 0.178516 0.447656 0.0898438 0.1125 0.000116644
0 0.703516 0.385156 0.166406 0.20625 0.000124628
0 0.924609 0.0347656 0.150781 0.0695312 0.000131921
0 0.7 0.531641 0.196875 0.208594 0.000133114
0 0.0527344 0.815625 0.105469 0.36875 0.000140845
0 0.605078 0.694531 0.146094 0.175 0.0001466
0 0.132422 0.0398437 0.213281 0.0765625 0.000148334
0 0.799609 0.800391 0.161719 0.211719 0.000156262
0 0.660547 0.489453 0.188281 0.208594 0.000163911
0 0.313281 0.24375 0.167187 0.175 0.000164493
0 0.771484 0.427344 0.124219 0.20625 0.000171379
0 0.7875 0.886328 0.246875 0.227344 0.000177792
0 0.191797 0.494141 0.132031 0.241406 0.000187959
0 0.982031 0.0550781 0.034375 0.110156 0.000216275
0 0.741797 0.782031 0.247656 0.2125 0.000223124
0 0.626562 0.483203 0.185937 0.335156 0.00024144
0 0.764063 0.596094 0.134375 0.26875 0.000248558
0 0.626953 0.644922 0.189844 0.271094 0.00024968
0 0.223047 0.714063 0.147656 0.178125 0.000250961
0 0.78125 0.405078 0.160938 0.330469 0.000251001
0 0.935156 0.101562 0.128125 0.203125 0.000268357
0 0.964844 0.0519531 0.0671875 0.103906 0.000288963
0 0.742578 0.340625 0.152344 0.26875 0.000295657
0 0.291406 0.294141 0.207813 0.249219 0.000306408
0 0.967969 0.0988281 0.0640625 0.197656 0.00030855
0 0.178125 0.637109 0.14375 0.246094 0.00031417
0 0.830469 0.652344 0.192188 0.473437 0.000324956
0 0.166016 0.452344 0.124219 0.203125 0.000332821
0 0.258984 0.749609 0.242969 0.263281 0.000333626
0 0.702734 0.71875 0.266406 0.2125 0.000348267
0 0.162109 0.753516 0.272656 0.294531 0.000352564
0 0.800391 0.721875 0.135156 0.265625 0.000392655
0 0.942187 0.0609375 0.115625 0.117188 0.000414965
0 0.762109 0.658203 0.171094 0.188281 0.000445893
0 0.758203 0.509766 0.135156 0.289844 0.000501296
0 0.700391 0.639063 0.244531 0.204688 0.000534597
0 0.105859 0.0742188 0.208594 0.148438 0.000617592
0 0.29375 0.602344 0.304688 0.515625 0.00070276
0 0.707422 0.469922 0.141406 0.255469 0.000732831
0 0.8125 0.618359 0.2875 0.685156 0.000854486
0 0.289844 0.690234 0.217187 0.249219 0.000987855
0 0.257031 0.419922 0.314063 0.569531 0.00112572
0 0.131641 0.598047 0.217969 0.510156 0.00112649
0 0.191797 0.4125 0.158594 0.24375 0.0013598
0 0.201562 0.68125 0.221875 0.203125 0.00184655
0 0.163281 0.49375 0.159375 0.353125 0.00211742
0 0.667188 0.683203 0.296875 0.353906 0.00243758
0 0.665234 0.562109 0.260156 0.389844 0.00281358
0 0.739062 0.429688 0.132812 0.259375 0.00307963
0 0.812891 0.789453 0.186719 0.372656 0.00337609
0 0.212109 0.415625 0.211719 0.379687 0.00395979
0 0.728125 0.825 0.307813 0.35 0.00632731
0 0.685547 0.392188 0.247656 0.439063 0.00903871
0 0.783984 0.522266 0.191406 0.477344 0.0140813
0 0.757422 0.716406 0.247656 0.414062 0.0258991
0 0.717969 0.597656 0.304688 0.584375 0.0433969
0 0.215234 0.689453 0.288281 0.314844 0.053225
0 0.726953 0.479297 0.208594 0.480469 0.180313
0 0.209375 0.5625 0.260938 0.5 0.271341
