0 0.804297 0.970312 0.183594 0.059375 0.000100626
0 0.0183594 0.611328 0.0320312 0.241406 0.000101046
0 0.179688 0.305469 0.292188 0.332812 0.000102141
0 0.618359 0.305859 0.136719 0.188281 0.000102556
0 0.683594 0.607422 0.192188 0.188281 0.000103548
0 0.412109 0.292188 0.308594 0.45 0.000103794
0 0.782031 0.897266 0.30625 0.185156 0.000104128
0 0.907422 0.966406 0.183594 0.059375 0.000108505
0 0.899219 0.903516 0.201562 0.160156 0.0001089
0 0.385938 0.0554687 0.257812 0.096875 0.000109123
0 0.0285156 0.571484 0.0523437 0.241406 0.00011094
0 0.0929687 0.355859 0.179688 0.317969 0.000111051
0 0.717188 0.819141 0.296875 0.305469 0.000111392
0 0.743359 0.448828 0.194531 0.196094 0.000112389
0 0.801562 0.489844 0.0875 0.1 0.000113288
0 0.0261719 0.849609 0.0523437 0.272656 0.000114941
0 0.308594 0.101172 0.2625 0.182031 0.00011517
0 0.220703 0.969531 0.161719 0.0609375 0.000116174
0 0.483203 0.935156 0.213281 0.129688 0.000116598
0 0.345313 0.630078 0.142188 0.146094 0.000120391
0 0.282031 0.550391 0.142188 0.244531 0.000127095
0 0.399609 0.935938 0.261719 0.128125 0.000129995
0 0.280859 0.931641 0.183594 0.133594 0.000133804
0 0.767187 0.933984 0.234375 0.121094 0.000134015
0 0.965625 0.0585938 0.0640625 0.103125 0.000134721
0 0.240234 0.948047 0.183594 0.103906 0.000138562
0 0.0171875 0.7375 0.03125 0.239063 0.000140867
0 0.964453 0.227734 0.0710938 0.455469 0.000142209
0 0.740234 0.0679687 0.449219 0.13125 0.000144712
0 0.805078 0.408203 0.132031 0.219531 0.000151331
0 0.0917969 0.123047 0.158594 0.189844 0.000152099
0 0.802734 0.783203 0.363281 0.358594 0.000152638
0 0.264062 0.621484 0.310937 0.436719 0.000154894
0 0.801172 0.609375 0.128906 0.10625 0.000155381
0 0.929688 0.61875 0.140625 0.604688 0.000157019
0 0.683594 0.530078 0.3625 0.427344 0.000159143
0 0.345313 0.711328 0.267188 0.196094 0.000165569
0 0.401172 0.550391 0.132031 0.246094 0.000167079
0 0.800781 0.651953 0.234375 0.158594 0.000167987
0 0.727344 0.965625 0.220313 0.06875 0.000168515
0 0.0179687 0.529297 0.03125 0.253906 0.000170891
0 0.721875 0.574219 0.170312 0.170312 0.000171756
0 0.759375 0.340234 0.135937 0.157031 0.000173067
0 0.112891 0.0675781 0.205469 0.125781 0.000174175
0 0.253516 0.641406 0.147656 0.20625 0.000179959
0 0.425781 0.672266 0.145313 0.169531 0.0001806
0 0.680078 0.312891 0.319531 0.474219 0.000184723
0 0.385938 0.4875 0.13125 0.176563 0.000191024
0 0.802344 0.528125 0.084375 0.0984375 0.000191259
0 0.6125 0.896875 0.284375 0.20625 0.000191861
0 0.175391 0.0542969 0.241406 0.102344 0.000193051
0 0.898828 0.04375 0.188281 0.0765625 0.000193712
0 0.340625 0.466797 0.171875 0.169531 0.000197803
0 0.864062 0.678516 0.21875 0.277344 0.000199701
0 0.2375 0.908984 0.217187 0.180469 0.000199984
0 0.691406 0.867969 0.220313 0.192188 0.000206749
0 0.677344 0.927734 0.13125 0.0929687 0.000210103
0 0.523828 0.904688 0.189844 0.167187 0.000211107
0 0.824219 0.0558594 0.251563 0.0960938 0.000211323
0 0.660156 0.394141 0.220313 0.357031 0.000213597
0 0.617969 0.941797 0.2125 0.116406 0.000217985
0 0.823047 0.511328 0.0851562 0.108594 0.000220286
0 0.757422 0.929688 0.161719 0.0796875 0.000233063
0 0.761328 0.488281 0.136719 0.157813 0.000233408
0 0.651172 0.966016 0.183594 0.0679687 0.000238251
0 0.441797 0.905859 0.246094 0.182031 0.000240717
0 0.726953 0.906641 0.200781 0.132031 0.000240737
0 0.882031 0.517578 0.201562 0.427344 0.000243974
0 0.0433594 0.742969 0.0851562 0.514063 0.000247274
0 0.0570313 0.398438 0.114063 0.426562 0.000252804
0 0.0496094 0.600781 0.0992187 0.36875 0.000254686
0 0.423828 0.113672 0.339844 0.208594 0.000257928
0 0.324609 0.595312 0.138281 0.15 0.000265427
0 0.305859 0.825 0.328906 0.332812 0.000275943
0 0.0296875 0.404297 0.0578125 0.413281 0.000282798
0 0.953906 0.519531 0.0921875 0.545313 0.000291465
0 0.408984 0.215234 0.185156 0.232031 0.000306627
0 0.687109 0.528125 0.242969 0.279687 0.000310314
0 0.111328 0.228125 0.203906 0.4125 0.000312445
0 0.0800781 0.46875 0.155469 0.654688 0.000335
0 0.897656 0.265625 0.204688 0.53125 0.000338466
0 0.750391 0.678906 0.299219 0.226562 0.000338968
0 0.358203 0.894141 0.350781 0.211719 0.000372936
0 0.342187 0.533203 0.192188 0.217969 0.000373145
0 0.962109 0.0929687 0.0757812 0.159375 0.000382423
0 0.712109 0.245312 0.203906 0.201562 0.000403446
0 0.0253906 0.730078 0.0492188 0.446094 0.000413222
0 0.657031 0.907812 0.19375 0.145313 0.000416896
0 0.366016 0.594141 0.136719 0.169531 0.000457501
0 0.225391 0.371875 0.339844 0.532812 0.000489122
0 0.354688 0.0664062 0.392188 0.13125 0.00049268
0 0.821484 0.101172 0.357031 0.189844 0.000521795
0 0.975 0.477344 0.05 0.4625 0.000532367
0 0.69375 0.313672 0.239063 0.310156 0.000543427
0 0.940234 0.371875 0.119531 0.690625 0.000543614
0 0.684375 0.939062 0.210938 0.114063 0.000635146
0 0.798828 0.469531 0.152344 0.184375 0.000671213
0 0.798828 0.594141 0.188281 0.160156 0.000703509
0 0.916797 0.114844 0.158594 0.215625 0.000723448
0 0.832031 0.444531 0.178125 0.342187 0.000834448
0 0.819141 0.191016 0.361719 0.374219 0.000855396
0 0.0289063 0.564844 0.05625 0.478125 0.000912066
0 0.308203 0.288672 0.302344 0.413281 0.000994035
0 0.158594 0.128516 0.2625 0.235156 0.00103911
0 0.210938 0.0800781 0.334375 0.152344 0.0011197
0 0.408984 0.389062 0.213281 0.465625 0.00116077
0 0.935547 0.0707031 0.127344 0.122656 0.00116685
0 0.878516 0.0738281 0.242969 0.130469 0.00117411
0 0.221094 0.222656 0.392188 0.440625 0.00120753
0 0.837891 0.592969 0.196094 0.245312 0.00127608
0 0.780078 0.532031 0.194531 0.195312 0.00136675
0 0.374219 0.298047 0.2125 0.308594 0.00140078
0 0.407422 0.619922 0.175781 0.219531 0.00151588
0 0.286719 0.605078 0.1875 0.210156 0.0015193
0 0.314844 0.659375 0.26875 0.21875 0.00167379
0 0.761328 0.329297 0.221094 0.347656 0.00190515
0 0.0527344 0.603125 0.105469 0.759375 0.00221181
0 0.824609 0.400391 0.239844 0.519531 0.00267251
0 0.382031 0.519531 0.2125 0.376563 0.00267829
0 0.834375 0.516797 0.148438 0.216406 0.00274031
0 0.292969 0.519922 0.223438 0.389844 0.00281057
0 0.265234 0.127344 0.408594 0.25 0.00281088
0 0.754297 0.602344 0.286719 0.225 0.00322703
0 0.348828 0.600781 0.252344 0.253125 0.00854099
0 0.798828 0.516016 0.239844 0.321094 0.00988342
0 0.342187 0.444922 0.276563 0.552344 0.0872631
0 0.743359 0.434375 0.317969 0.510938 0.217405
