0 0.718359 0.540625 0.142969 0.220313 0.000100267
0 0.657812 0.534375 0.120312 0.235938 0.000113063
0 0.297656 0.300781 0.0890625 0.103125 0.000114804
0 0.683594 0.195312 0.15625 0.1875 0.000115633
0 0.296875 0.512891 0.0875 0.108594 0.000118457
0 0.746875 0.244922 0.123438 0.191406 0.000118612
0 0.339844 0.469922 0.1 0.139844 0.000125468
0 0.315625 0.448438 0.121875 0.2 0.000132101
0 0.721094 0.344922 0.132812 0.188281 0.000136342
0 0.273047 0.239453 0.280469 0.310156 0.000161241
0 0.63125 0.483203 0.167187 0.430469 0.000177908
0 0.790234 0.522266 0.224219 0.508594 0.000190635
0 0.703125 0.263281 0.128125 0.170312 0.000203357
0 0.7625 0.662109 0.307813 0.327344 0.000208346
0 0.334766 0.592578 0.207031 0.227344 0.000235029
0 0.228516 0.534766 0.102344 0.222656 0.000235052
0 0.35625 0.189453 0.276563 0.289844 0.000245404
0 0.624609 0.607422 0.169531 0.241406 0.000245512
0 0.260938 0.40625 0.1125 0.273438 0.000254426
0 0.345703 0.164844 0.0789063 0.0859375 0.000274778
0 0.705469 0.610937 0.0890625 0.109375 0.000287152
0 0.723437 0.580078 0.090625 0.113281 0.000291056
0 0.373828 0.195703 0.182031 0.197656 0.00031206
0 0.274609 0.628125 0.244531 0.309375 0.000315249
0 0.369531 0.431641 0.242188 0.600781 0.000321507
0 0.216016 0.523828 0.177344 0.397656 0.00033155
0 0.752734 0.353125 0.124219 0.278125 0.000415319
0 0.682813 0.576172 0.135937 0.191406 0.000429834
0 0.362109 0.319531 0.144531 0.129688 0.000438589
0 0.276563 0.531641 0.0890625 0.103906 0.000442289
0 0.383594 0.275 0.175 0.253125 0.000550799
0 0.280469 0.469141 0.1375 0.282031 0.000630081
0 0.260938 0.553125 0.090625 0.1125 0.000718737
0 0.25625 0.312109 0.126563 0.241406 0.000775419
0 0.315625 0.512891 0.1375 0.185156 0.000892552
0 0.747656 0.305859 0.0921875 0.114844 0.000907278
0 0.691797 0.278906 0.196094 0.245312 0.000940091
0 0.277734 0.282031 0.0851562 0.107813 0.000949789
0 0.321875 0.301172 0.195312 0.164844 0.00124657
0 0.676172 0.315625 0.228906 0.475 0.00128323
0 0.714844 0.357812 0.157813 0.3375 0.00131851
0 0.727734 0.284375 0.117969 0.121875 0.00176976
0 0.75 0.578516 0.103125 0.230469 0.0018613
0 0.754687 0.647656 0.15 0.235938 0.00219985
0 0.737891 0.615234 0.0914062 0.114844 0.00230092
0 0.246094 0.58125 0.15625 0.2 0.00282734
0 0.753906 0.408203 0.182812 0.532031 0.00371498
0 0.349219 0.175781 0.125 0.142188 0.00420508
0 0.336328 0.308594 0.225781 0.34375 0.00561401
0 0.694922 0.607813 0.282031 0.284375 0.00739732
0 0.287109 0.270312 0.141406 0.192188 0.00811072
0 0.256641 0.437891 0.158594 0.424219 0.0100241
0 0.291016 0.526563 0.278906 0.34375 0.0101172
0 0.733203 0.540625 0.166406 0.370313 0.023604
0 0.282031 0.536719 0.192188 0.245312 0.060931
0 0.333984 0.228906 0.177344 0.259375 0.0656553
0 0.715625 0.605078 0.164062 0.213281 0.0998042
0 0.698828 0.458594 0.219531 0.49375 0.166839
0 0.300781 0.388281 0.228125 0.545313 0.296258
