0 0.307031 0.679688 0.115625 0.232812 0.000101322
0 0.310156 0.539844 0.3875 0.754687 0.000101957
0 0.333594 0.526172 0.110937 0.160156 0.000107448
0 0.884375 0.546094 0.196875 0.56875 0.000112896
0 0.778125 0.380078 0.326562 0.502344 0.000113637
0 0.569141 0.0335938 0.369531 0.0671875 0.000115404
0 0.904297 0.213281 0.185156 0.421875 0.00011743
0 0.638672 0.645703 0.263281 0.411719 0.00012443
0 0.778125 0.199609 0.3875 0.396094 0.000126978
0 0.290625 0.760547 0.125 0.185156 0.000128577
0 0.400391 0.302344 0.327344 0.439063 0.000129518
0 0.373047 0.0570313 0.433594 0.114063 0.000129592
0 0.317578 0.550781 0.241406 0.557813 0.000135747
0 0.0800781 0.23125 0.157031 0.4625 0.000145278
0 0.291406 0.1 0.45625 0.2 0.00014659
0 0.825391 0.7625 0.0898438 0.1125 0.000150074
0 0.936719 0.119922 0.126563 0.239844 0.000150443
0 0.635547 0.396875 0.307031 0.384375 0.000152178
0 0.0234375 0.604688 0.0453125 0.428125 0.000157046
0 0.0308594 0.604297 0.0601562 0.655469 0.00015971
0 0.426562 0.691406 0.178125 0.179688 0.000165011
0 0.833984 0.782812 0.280469 0.325 0.000167413
0 0.553516 0.118359 0.422656 0.236719 0.000170132
0 0.434766 0.353516 0.239844 0.255469 0.000170861
0 0.289844 0.805469 0.18125 0.254687 0.000178853
0 0.200781 0.0609375 0.379687 0.121875 0.000179905
0 0.198828 0.894141 0.386719 0.210156 0.00018885
0 0.483203 0.231641 0.399219 0.446094 0.000190055
0 0.842188 0.798828 0.084375 0.111719 0.000191118
0 0.687891 0.0328125 0.357031 0.065625 0.000192448
0 0.953125 0.436719 0.09375 0.575 0.000200322
0 0.865234 0.0339844 0.269531 0.0679687 0.00020662
0 0.320703 0.740625 0.0929687 0.107813 0.000211436
0 0.450781 0.773047 0.3875 0.402344 0.000213466
0 0.321875 0.556641 0.117188 0.297656 0.000222688
0 0.922266 0.0578125 0.155469 0.115625 0.000229335
0 0.134375 0.137109 0.260938 0.274219 0.000232668
0 0.972266 0.435937 0.0554687 0.457812 0.000235402
0 0.315625 0.558203 0.0953125 0.136719 0.000245132
0 0.968359 0.235547 0.0632813 0.471094 0.000249402
0 0.775781 0.551172 0.289062 0.546094 0.000251683
0 0.223438 0.798437 0.348437 0.3625 0.000253313
0 0.863672 0.735156 0.105469 0.209375 0.000257106
0 0.807031 0.8125 0.198437 0.223438 0.000262381
0 0.196094 0.950391 0.392188 0.0976562 0.000276283
0 0.295703 0.854688 0.314844 0.26875 0.000282896
0 0.635547 0.0613281 0.438281 0.122656 0.000286079
0 0.621094 0.217578 0.442187 0.425781 0.000286104
0 0.29375 0.696484 0.164062 0.352344 0.000300613
0 0.867578 0.0882813 0.258594 0.176563 0.000358328
0 0.327734 0.725 0.294531 0.370313 0.000362504
0 0.714063 0.103906 0.453125 0.207813 0.000414138
0 0.130078 0.2875 0.252344 0.565625 0.000439871
0 0.839063 0.703125 0.114063 0.228125 0.000443065
0 0.394141 0.644922 0.336719 0.494531 0.000462732
0 0.758594 0.7375 0.164062 0.173438 0.000494768
0 0.373047 0.758203 0.217969 0.202344 0.000505831
0 0.483594 0.397266 0.351562 0.405469 0.000530701
0 0.403516 0.452344 0.291406 0.429688 0.000530741
0 0.792969 0.0566406 0.410937 0.111719 0.000575421
0 0.672266 0.387109 0.352344 0.653906 0.000588945
0 0.565625 0.480078 0.3125 0.405469 0.000677417
0 0.552344 0.685547 0.428125 0.527344 0.000970308
0 0.801172 0.682813 0.175781 0.270312 0.00104631
0 0.710938 0.707031 0.367188 0.39375 0.0010641
0 0.416016 0.702734 0.271094 0.275781 0.00112673
0 0.845312 0.791016 0.125 0.172656 0.00128996
0 0.35625 0.672266 0.1875 0.296094 0.00157925
0 0.741406 0.718359 0.239063 0.242969 0.00224497
0 0.488672 0.536328 0.407031 0.597656 0.00234692
0 0.551953 0.376172 0.403906 0.685156 0.00271863
0 0.614844 0.541797 0.379687 0.622656 0.00500796
0 0.326172 0.733594 0.149219 0.21875 0.00584337
0 0.814844 0.756641 0.159375 0.203906 0.00745896
