0 0.719922 0.487891 0.0757812 0.103906 0.000104219
0 0.435547 0.439453 0.399219 0.680469 0.000106742
0 0.757422 0.600391 0.308594 0.449219 0.000115531
0 0.698828 0.265625 0.0617188 0.0859375 0.000117685
0 0.628516 0.171094 0.0523437 0.05625 0.00011831
0 0.616797 0.314844 0.0976562 0.134375 0.000118452
0 0.701953 0.533984 0.0867188 0.111719 0.000120742
0 0.372656 0.437109 0.171875 0.310156 0.00012558
0 0.627344 0.160156 0.084375 0.0421875 0.000128927
0 0.380859 0.282422 0.0882813 0.114844 0.000130442
0 0.356641 0.474219 0.146094 0.160938 0.000131807
0 0.716797 0.388672 0.0882813 0.113281 0.000133039
0 0.320312 0.45625 0.0875 0.104687 0.000134832
0 0.734375 0.532031 0.084375 0.1125 0.00013754
0 0.342969 0.0710938 0.246875 0.1 0.000144143
0 0.343359 0.546484 0.138281 0.150781 0.000146519
0 0.342969 0.0933594 0.35625 0.161719 0.0001515
0 0.75 0.425391 0.103125 0.163281 0.000151579
0 0.738672 0.365625 0.102344 0.179688 0.000152734
0 0.373047 0.313281 0.124219 0.170312 0.000155606
0 0.322656 0.523438 0.0828125 0.0890625 0.000156261
0 0.621484 0.355469 0.119531 0.179688 0.000164705
0 0.283984 0.365625 0.125781 0.204688 0.000165027
0 0.669922 0.244531 0.0664062 0.0875 0.000169416
0 0.298047 0.573047 0.253906 0.275781 0.000172083
0 0.6625 0.268359 0.084375 0.107031 0.000187764
0 0.228516 0.489844 0.130469 0.179688 0.000200686
0 0.678125 0.399219 0.2625 0.434375 0.000202745
0 0.223438 0.139453 0.384375 0.257031 0.000205334
0 0.689062 0.632031 0.207813 0.220313 0.000210953
0 0.637109 0.683594 0.124219 0.126563 0.000218202
0 0.252344 0.359375 0.170312 0.292188 0.000219569
0 0.341406 0.3625 0.126563 0.207813 0.000239354
0 0.280859 0.455078 0.0914062 0.107031 0.000240099
0 0.300781 0.332422 0.315625 0.500781 0.000252813
0 0.714844 0.334766 0.109375 0.163281 0.000254553
0 0.716797 0.448047 0.0835937 0.0992187 0.000268662
0 0.336328 0.489844 0.0898438 0.110937 0.000279474
0 0.734375 0.407031 0.0875 0.101562 0.000291991
0 0.368359 0.516406 0.122656 0.14375 0.000293868
0 0.355078 0.523047 0.358594 0.488281 0.000297354
0 0.138281 0.0925781 0.240625 0.167969 0.000300775
0 0.749219 0.509766 0.125 0.253906 0.000338985
0 0.631641 0.523438 0.141406 0.204688 0.000342333
0 0.660547 0.471484 0.135156 0.247656 0.000380701
0 0.746484 0.591016 0.136719 0.183594 0.000382049
0 0.682813 0.425781 0.1375 0.195312 0.000415685
0 0.303516 0.3 0.105469 0.123438 0.000441618
0 0.664062 0.333594 0.153125 0.204688 0.000502072
0 0.276563 0.532031 0.176563 0.178125 0.000576883
0 0.265234 0.489062 0.0914062 0.110937 0.000599759
0 0.691016 0.249219 0.0554687 0.065625 0.000628981
0 0.719922 0.566016 0.0804688 0.102344 0.00074921
0 0.232422 0.0652344 0.391406 0.130469 0.000816181
0 0.341016 0.278906 0.139844 0.175 0.00082798
0 0.661328 0.580078 0.157031 0.199219 0.000929988
0 0.439063 0.652344 0.478125 0.685938 0.00111656
0 0.696484 0.517969 0.278906 0.332812 0.00115982
0 0.289453 0.46875 0.280469 0.289062 0.00123207
0 0.717969 0.470313 0.110937 0.19375 0.00149775
0 0.666016 0.399219 0.183594 0.29375 0.00161712
0 0.317969 0.455078 0.13125 0.174219 0.00172687
0 0.316406 0.323828 0.146875 0.207031 0.0017707
0 0.253516 0.451953 0.157031 0.211719 0.00222911
0 0.330469 0.505859 0.142188 0.150781 0.00308578
0 0.3 0.486719 0.090625 0.104687 0.00430976
0 0.719922 0.405078 0.127344 0.207031 0.00625826
0 0.723437 0.555078 0.132812 0.182031 0.00659302
0 0.685938 0.533203 0.178125 0.214844 0.00737749
0 0.294922 0.414844 0.169531 0.284375 0.00978683
0 0.710938 0.472266 0.148438 0.294531 0.0268792
0 0.291016 0.486328 0.158594 0.160156 0.0608808
