0 0.305469 0.139062 0.0734375 0.084375 0.000100046
0 0.861328 0.065625 0.194531 0.13125 0.000101539
0 0.185156 0.55 0.125 0.23125 0.000101802
0 0.701172 0.452344 0.0820312 0.117188 0.000102484
0 0.104297 0.355078 0.203906 0.628906 0.000103213
0 0.0398437 0.396484 0.0796875 0.655469 0.000104318
0 0.35 0.0632813 0.221875 0.11875 0.000104569
0 0.614844 0.471094 0.0890625 0.1125 0.000105556
0 0.711328 0.218359 0.119531 0.167969 0.000108271
0 0.373047 0.513672 0.185156 0.235156 0.000109836
0 0.698438 0.384375 0.0796875 0.110937 0.000112694
0 0.736328 0.401563 0.0820312 0.348437 0.000113026
0 0.239453 0.322266 0.0820312 0.103906 0.000113079
0 0.977344 0.601953 0.0453125 0.444531 0.000114246
0 0.101562 0.598828 0.203125 0.688281 0.000115315
0 0.536719 0.351172 0.326562 0.499219 0.000115366
0 0.216797 0.473437 0.0882813 0.114063 0.000120789
0 0.982031 0.883203 0.0359375 0.233594 0.000120994
0 0.948047 0.616406 0.0945313 0.767187 0.000121243
0 0.320703 0.364844 0.136719 0.23125 0.000121393
0 0.323438 0.154297 0.0828125 0.105469 0.000127949
0 0.257422 0.34375 0.0835937 0.101562 0.000134253
0 0.712891 0.0988281 0.313281 0.197656 0.000138689
0 0.126172 0.0761719 0.252344 0.146094 0.000141259
0 0.953906 0.301953 0.0921875 0.591406 0.000142251
0 0.639844 0.638281 0.189063 0.210938 0.000144342
0 0.985547 0.508984 0.0289063 0.252344 0.000149518
0 0.846484 0.182812 0.242969 0.351562 0.000151071
0 0.633203 0.489453 0.0898438 0.102344 0.000155177
0 0.655469 0.321484 0.0796875 0.0929687 0.000157038
0 0.676953 0.489844 0.0898438 0.1 0.000162525
0 0.676953 0.3625 0.0820312 0.10625 0.000162891
0 0.34375 0.217969 0.14375 0.25 0.000167194
0 0.563281 0.151172 0.3375 0.296094 0.000168551
0 0.973828 0.810156 0.0523437 0.379687 0.000177805
0 0.232031 0.675391 0.340625 0.366406 0.000178391
0 0.300391 0.548437 0.146094 0.19375 0.000178917
0 0.239844 0.362891 0.0890625 0.100781 0.000182125
0 0.742969 0.565234 0.175 0.446094 0.000185303
0 0.740625 0.290234 0.267188 0.457031 0.000188169
0 0.598828 0.342578 0.116406 0.232031 0.000192475
0 0.322656 0.119141 0.159375 0.135156 0.000193998
0 0.375391 0.308984 0.200781 0.450781 0.000194851
0 0.964453 0.435937 0.0664062 0.65625 0.000201196
0 0.300781 0.283203 0.14375 0.246094 0.000202852
0 0.304688 0.196094 0.0734375 0.090625 0.000203505
0 0.377344 0.5125 0.278125 0.334375 0.000211383
0 0.169922 0.521875 0.185156 0.329688 0.000213754
0 0.737891 0.520312 0.0851562 0.254687 0.000216363
0 0.731641 0.466016 0.313281 0.580469 0.000222194
0 0.673828 0.172656 0.138281 0.114063 0.000224989
0 0.269531 0.159766 0.0609375 0.0742188 0.000240898
0 0.719922 0.192188 0.219531 0.2375 0.000247861
0 0.221484 0.594531 0.188281 0.18125 0.000259047
0 0.0582031 0.530859 0.116406 0.725781 0.000264956
0 0.728516 0.512891 0.0539063 0.0976562 0.000265907
0 0.715625 0.573047 0.120312 0.185156 0.000276379
0 0.323438 0.471484 0.139062 0.205469 0.000276417
0 0.717578 0.475781 0.0710938 0.115625 0.000288009
0 0.407422 0.203516 0.225781 0.291406 0.000297957
0 0.783984 0.0800781 0.255469 0.160156 0.000299704
0 0.389844 0.132422 0.146875 0.171094 0.00030511
0 0.582812 0.169531 0.0859375 0.103125 0.000316174
0 0.714063 0.366016 0.0765625 0.169531 0.000324773
0 0.283984 0.0796875 0.352344 0.157813 0.000325001
0 0.152734 0.612109 0.257031 0.464844 0.000326675
0 0.262109 0.240234 0.124219 0.194531 0.0003275
0 0.627344 0.170703 0.0859375 0.102344 0.000335057
0 0.628516 0.1 0.166406 0.159375 0.000343716
0 0.446875 0.529688 0.46875 0.495313 0.000347313
0 0.733594 0.628125 0.301562 0.403125 0.000357403
0 0.978906 0.271875 0.0421875 0.451562 0.000368361
0 0.207813 0.429297 0.096875 0.257031 0.000398016
0 0.242578 0.303906 0.113281 0.20625 0.000401221
0 0.592188 0.132422 0.0671875 0.0617188 0.000413133
0 0.652734 0.197656 0.139844 0.184375 0.000416313
0 0.638281 0.258203 0.148438 0.217969 0.000470889
0 0.163281 0.434375 0.26875 0.68125 0.000499847
0 0.776953 0.144531 0.308594 0.276563 0.000517907
0 0.697266 0.339844 0.0757812 0.0984375 0.000522384
0 0.977344 0.436719 0.0453125 0.479688 0.000529164
0 0.325781 0.155859 0.129688 0.136719 0.000532946
0 0.641406 0.548437 0.159375 0.19375 0.000538034
0 0.278125 0.157031 0.09375 0.103125 0.000584546
0 0.617969 0.428516 0.13125 0.242969 0.000585081
0 0.381641 0.351562 0.321094 0.610937 0.000598189
0 0.598047 0.489844 0.133594 0.223438 0.000608264
0 0.678125 0.572656 0.1375 0.214062 0.000685
0 0.658594 0.303906 0.129688 0.2 0.00072373
0 0.244531 0.530469 0.1875 0.207813 0.000807613
0 0.327734 0.59375 0.364844 0.35625 0.000830777
0 0.278906 0.346484 0.1625 0.188281 0.00083878
0 0.213672 0.319922 0.250781 0.475781 0.000840316
0 0.277734 0.430469 0.188281 0.217187 0.000859685
0 0.288281 0.194922 0.171875 0.238281 0.000873141
0 0.677734 0.238672 0.127344 0.192969 0.000882075
0 0.598828 0.258203 0.125781 0.277344 0.000892189
0 0.303906 0.195312 0.125 0.160938 0.000919054
0 0.292188 0.153125 0.354688 0.2875 0.00097308
0 0.634766 0.365234 0.135156 0.250781 0.000992191
0 0.589063 0.315234 0.18125 0.414844 0.00104079
0 0.665625 0.224219 0.2875 0.3625 0.00104134
0 0.714844 0.510156 0.09375 0.14375 0.00109005
0 0.331641 0.439453 0.205469 0.324219 0.00109902
0 0.696875 0.410547 0.104687 0.217969 0.00111845
0 0.662109 0.141797 0.236719 0.230469 0.0011967
0 0.216016 0.361328 0.155469 0.369531 0.00126326
0 0.636328 0.489453 0.150781 0.175781 0.00136639
0 0.607813 0.609766 0.229687 0.319531 0.00138457
0 0.605078 0.460156 0.303906 0.6125 0.00153852
0 0.239844 0.469922 0.139062 0.219531 0.00155093
0 0.701172 0.319141 0.108594 0.227344 0.00160469
0 0.716406 0.45 0.0859375 0.235938 0.00172768
0 0.261328 0.223047 0.249219 0.364844 0.00185503
0 0.241406 0.366406 0.132812 0.242188 0.00192913
0 0.68125 0.321875 0.103125 0.145313 0.00203857
0 0.646875 0.146484 0.170312 0.158594 0.00219065
0 0.298047 0.509766 0.214844 0.191406 0.00236874
0 0.675391 0.510547 0.167969 0.178906 0.00292926
0 0.35 0.154297 0.184375 0.199219 0.00306203
0 0.705859 0.565234 0.163281 0.307031 0.00307827
0 0.242578 0.591406 0.277344 0.295312 0.00319874
0 0.208984 0.480078 0.141406 0.302344 0.00323806
0 0.68125 0.6375 0.19375 0.303125 0.00489334
0 0.609375 0.457422 0.20625 0.428906 0.00523353
0 0.669141 0.277734 0.169531 0.314844 0.00588716
0 0.331641 0.220703 0.221094 0.327344 0.00605907
0 0.601562 0.178906 0.13125 0.160938 0.00764948
0 0.713672 0.476562 0.124219 0.354688 0.00839291
0 0.619141 0.197266 0.175781 0.246094 0.0121833
0 0.673828 0.401172 0.158594 0.322656 0.0173288
0 0.246094 0.432422 0.18125 0.358594 0.0262258
0 0.602734 0.150391 0.103906 0.100781 0.034404
0 0.278516 0.516797 0.264844 0.332031 0.0464107
0 0.653125 0.537109 0.220313 0.394531 0.050137
0 0.648438 0.355859 0.207813 0.507031 0.0819841
0 0.283984 0.360547 0.246094 0.510156 0.19352
