0 0.616016 0.240234 0.133594 0.244531 0.000102659
0 0.241016 0.279297 0.0757812 0.114844 0.000105152
0 0.169141 0.946875 0.311719 0.10625 0.000112409
0 0.330859 0.541797 0.225781 0.197656 0.00012144
0 0.584766 0.505469 0.163281 0.185937 0.000125182
0 0.674219 0.263672 0.0921875 0.178906 0.000133432
0 0.725781 0.446094 0.0828125 0.215625 0.00013895
0 0.259766 0.450781 0.0867188 0.10625 0.00014094
0 0.675781 0.521875 0.1875 0.182812 0.000141201
0 0.329297 0.147266 0.130469 0.177344 0.000142327
0 0.599219 0.367188 0.140625 0.1875 0.000160088
0 0.699609 0.469141 0.0835937 0.119531 0.000161034
0 0.695703 0.369531 0.0757812 0.1125 0.000189411
0 0.228125 0.361328 0.0734375 0.111719 0.000196697
0 0.244922 0.238672 0.0726563 0.103906 0.000197974
0 0.315625 0.485547 0.0875 0.107031 0.000209327
0 0.129688 0.967969 0.240625 0.0640625 0.000210877
0 0.725391 0.503516 0.167969 0.274219 0.000221059
0 0.252344 0.344531 0.084375 0.104687 0.000223684
0 0.582031 0.3125 0.15 0.314063 0.000233731
0 0.681641 0.444141 0.0851562 0.114844 0.000271995
0 0.661719 0.402734 0.0859375 0.108594 0.000272506
0 0.705078 0.330078 0.155469 0.372656 0.000283388
0 0.230078 0.280859 0.0929687 0.208594 0.000285756
0 0.08125 0.934766 0.1625 0.130469 0.000296921
0 0.69375 0.351172 0.09375 0.241406 0.000299631
0 0.216797 0.512891 0.157031 0.263281 0.000299827
0 0.327344 0.321094 0.171875 0.398438 0.000313056
0 0.655078 0.243359 0.147656 0.289844 0.000336454
0 0.315234 0.214453 0.167969 0.232031 0.00034998
0 0.262891 0.507812 0.0898438 0.117188 0.000354923
0 0.733203 0.445312 0.297656 0.410937 0.000363396
0 0.588281 0.439453 0.160938 0.210156 0.000380953
0 0.588281 0.1375 0.159375 0.15625 0.000388879
0 0.274609 0.344922 0.128906 0.244531 0.000430145
0 0.247656 0.525 0.123438 0.190625 0.000507876
0 0.609375 0.239844 0.204688 0.359375 0.00051651
0 0.333594 0.474609 0.140625 0.180469 0.000539422
0 0.694531 0.40625 0.0828125 0.117188 0.000601286
0 0.2625 0.237109 0.114063 0.164844 0.000823282
0 0.694141 0.484375 0.121094 0.192188 0.000988256
0 0.240234 0.342578 0.0867188 0.169531 0.00104494
0 0.262891 0.339844 0.277344 0.504687 0.00105751
0 0.28125 0.488281 0.090625 0.109375 0.00132532
0 0.323828 0.439844 0.183594 0.284375 0.00145521
0 0.642969 0.388672 0.1625 0.210156 0.00157564
0 0.280859 0.258594 0.164844 0.28125 0.00158047
0 0.294922 0.489453 0.272656 0.286719 0.00391558
0 0.221875 0.394922 0.145313 0.386719 0.00415939
0 0.714453 0.439453 0.122656 0.303906 0.0048713
0 0.249609 0.425 0.119531 0.2875 0.00521543
0 0.646875 0.473047 0.207813 0.253906 0.00940198
0 0.244922 0.326562 0.117969 0.323438 0.0127361
0 0.694141 0.426172 0.0992187 0.213281 0.0135962
0 0.64375 0.344141 0.196875 0.399219 0.0240241
0 0.287109 0.489453 0.174219 0.208594 0.0831064
0 0.675391 0.404687 0.144531 0.3 0.245545
0 0.280078 0.389453 0.175781 0.385156 0.302767
