0 0.116406 0.548047 0.232812 0.357031 0.000103723
0 0.0882813 0.389844 0.16875 0.548437 0.000104923
0 0.808203 0.46875 0.289844 0.471875 0.0001078
0 0.282422 0.594141 0.0898438 0.114844 0.000112325
0 0.0695312 0.675 0.125 0.345313 0.000112672
0 0.388672 0.301562 0.117969 0.148438 0.000112828
0 0.122266 0.409766 0.0945313 0.186719 0.00011291
0 0.110547 0.510938 0.0804688 0.114063 0.000113269
0 0.745703 0.325 0.110156 0.14375 0.000113796
0 0.604688 0.466016 0.290625 0.342969 0.000116903
0 0.195312 0.414453 0.0578125 0.0882813 0.000119385
0 0.314844 0.291797 0.271875 0.305469 0.00012232
0 0.798437 0.387109 0.123438 0.255469 0.000126256
0 0.679297 0.527344 0.150781 0.16875 0.000129257
0 0.210547 0.648438 0.311719 0.3125 0.00012945
0 0.739453 0.430469 0.222656 0.214062 0.000133266
0 0.194141 0.44375 0.0804688 0.159375 0.000134864
0 0.785156 0.632812 0.15 0.20625 0.000138677
0 0.739453 0.474219 0.150781 0.173438 0.000138847
0 0.832422 0.489062 0.139844 0.248437 0.000144024
0 0.177344 0.386719 0.1 0.16875 0.00014676
0 0.65625 0.676562 0.240625 0.335938 0.000148805
0 0.767969 0.283984 0.176563 0.219531 0.00015645
0 0.798047 0.528125 0.0929687 0.10625 0.000166127
0 0.264453 0.407813 0.116406 0.204688 0.000168792
0 0.739844 0.509766 0.09375 0.107031 0.000176759
0 0.222656 0.515234 0.15625 0.210156 0.000178041
0 0.241016 0.573047 0.0882813 0.111719 0.000180181
0 0.307813 0.366797 0.139062 0.227344 0.000180914
0 0.0976562 0.557813 0.0703125 0.11875 0.000184944
0 0.727734 0.283203 0.311719 0.342969 0.000186067
0 0.151953 0.364062 0.0945313 0.167187 0.000192972
0 0.851953 0.778125 0.275781 0.4125 0.000196088
0 0.329297 0.238281 0.192969 0.215625 0.000205475
0 0.787109 0.317969 0.0960938 0.160938 0.000205505
0 0.820703 0.675781 0.180469 0.203125 0.000221357
0 0.180469 0.301172 0.084375 0.135156 0.000228663
0 0.132031 0.484375 0.0765625 0.0984375 0.00023841
0 0.152344 0.430469 0.078125 0.0984375 0.000240648
0 0.199609 0.277344 0.128906 0.16875 0.000243524
0 0.171094 0.466016 0.1 0.172656 0.000250959
0 0.24375 0.210547 0.24375 0.197656 0.000267774
0 0.155469 0.591406 0.140625 0.142188 0.000275767
0 0.79375 0.864062 0.30625 0.271875 0.000279233
0 0.630469 0.597656 0.242188 0.282813 0.000296185
0 0.654297 0.411328 0.180469 0.213281 0.000303823
0 0.300391 0.448438 0.144531 0.279687 0.000312606
0 0.700781 0.493359 0.151562 0.130469 0.000428297
0 0.0792969 0.627734 0.102344 0.169531 0.000430866
0 0.0917969 0.491016 0.121094 0.339844 0.000438442
0 0.15625 0.361719 0.132812 0.259375 0.000458414
0 0.588281 0.482422 0.134375 0.161719 0.000467877
0 0.173828 0.533203 0.174219 0.207031 0.000472957
0 0.138281 0.625 0.190625 0.182812 0.000484883
0 0.178906 0.428125 0.0734375 0.10625 0.000558315
0 0.74375 0.549609 0.154687 0.188281 0.000590053
0 0.246484 0.274219 0.144531 0.178125 0.00062892
0 0.240625 0.617188 0.209375 0.214062 0.000696995
0 0.839063 0.613672 0.135937 0.238281 0.000699194
0 0.150781 0.430469 0.10625 0.164062 0.000717382
0 0.316016 0.555469 0.132031 0.196875 0.000728298
0 0.135156 0.451562 0.0765625 0.09375 0.00074358
0 0.0941406 0.596094 0.0742188 0.11875 0.000875407
0 0.76875 0.351172 0.101562 0.171094 0.00092458
0 0.103125 0.517187 0.0921875 0.2125 0.000934028
0 0.764453 0.354688 0.221094 0.348437 0.000943789
0 0.233984 0.309375 0.325781 0.401563 0.00103873
0 0.327734 0.523047 0.164844 0.335156 0.00114282
0 0.265234 0.243359 0.0804688 0.100781 0.00115267
0 0.794141 0.439063 0.183594 0.340625 0.0012063
0 0.226562 0.573047 0.135937 0.163281 0.00121133
0 0.338672 0.311328 0.160156 0.171094 0.00126745
0 0.645312 0.360547 0.220313 0.385156 0.00128614
0 0.730469 0.755469 0.35 0.429688 0.00130879
0 0.773828 0.345313 0.0726563 0.10625 0.00131249
0 0.236328 0.311719 0.228906 0.270312 0.00139028
0 0.264453 0.491016 0.132031 0.272656 0.0014759
0 0.132812 0.467578 0.1 0.180469 0.00187929
0 0.619922 0.510938 0.194531 0.176563 0.0019148
0 0.761328 0.614844 0.260156 0.210938 0.00214048
0 0.794922 0.531641 0.160156 0.163281 0.00218169
0 0.310937 0.357422 0.19375 0.327344 0.0024818
0 0.189063 0.589453 0.229687 0.189844 0.00259151
0 0.305859 0.605078 0.175781 0.217969 0.00272128
0 0.804688 0.671875 0.25 0.30625 0.00279349
0 0.616406 0.444922 0.175 0.219531 0.0030187
0 0.808594 0.561328 0.20625 0.264844 0.00404116
0 0.144531 0.445312 0.15 0.325 0.00465119
0 0.0996094 0.589453 0.100781 0.174219 0.00537268
0 0.273047 0.241797 0.121094 0.135156 0.00546844
0 0.232031 0.547266 0.303125 0.300781 0.007216
0 0.292188 0.277734 0.173438 0.203906 0.00764426
0 0.19375 0.432813 0.282813 0.464063 0.00929745
0 0.729688 0.631641 0.367188 0.328906 0.022296
0 0.708203 0.415625 0.316406 0.385938 0.0242523
0 0.127344 0.537891 0.151562 0.257031 0.0257675
0 0.676172 0.471094 0.283594 0.21875 0.0270819
0 0.741797 0.515234 0.230469 0.155469 0.0393552
0 0.284375 0.448047 0.20625 0.453906 0.0700351
0 0.270703 0.562891 0.183594 0.238281 0.0765308
0 0.724609 0.546484 0.310156 0.250781 0.165409
