0 0.0171875 0.880859 0.034375 0.166406 0.000102287
0 0.788281 0.404687 0.0953125 0.209375 0.000102979
0 0.941016 0.813281 0.117969 0.309375 0.000103508
0 0.779688 0.728125 0.326562 0.445312 0.000105726
0 0.768359 0.591797 0.222656 0.421094 0.000106483
0 0.975781 0.810547 0.0484375 0.317969 0.000110436
0 0.721094 0.489062 0.0875 0.103125 0.000112748
0 0.347656 0.265625 0.132812 0.170312 0.000115514
0 0.0496094 0.848828 0.0992187 0.292969 0.000115604
0 0.0460938 0.225391 0.0921875 0.450781 0.000115734
0 0.922656 0.296875 0.154687 0.59375 0.000115798
0 0.971484 0.390234 0.0570313 0.347656 0.000116877
0 0.887109 0.811328 0.225781 0.333594 0.000117158
0 0.351953 0.224609 0.178906 0.272656 0.000121678
0 0.723437 0.468359 0.275 0.366406 0.000128694
0 0.316406 0.0648438 0.353125 0.129688 0.000131008
0 0.0144531 0.631641 0.0289063 0.272656 0.000133724
0 0.734766 0.33125 0.175781 0.28125 0.000137481
0 0.986328 0.197266 0.0257812 0.246094 0.000154616
0 0.382812 0.475 0.282813 0.298438 0.000157451
0 0.323828 0.483594 0.0882813 0.110937 0.000160464
0 0.950391 0.229297 0.0992187 0.453906 0.00019175
0 0.755859 0.541406 0.142969 0.1875 0.000199202
0 0.334375 0.449219 0.090625 0.109375 0.000200977
0 0.6625 0.734375 0.253125 0.335938 0.000219561
0 0.0421875 0.480078 0.075 0.528906 0.000233713
0 0.0609375 0.698047 0.121875 0.578906 0.000248359
0 0.0273438 0.856641 0.0546875 0.228906 0.000254495
0 0.371875 0.203516 0.326562 0.383594 0.00025889
0 0.71875 0.579297 0.189063 0.292969 0.000289134
0 0.358594 0.505078 0.154687 0.150781 0.000344318
0 0.708203 0.812109 0.361719 0.322656 0.00036126
0 0.783203 0.476172 0.107031 0.167969 0.000363809
0 0.710156 0.441406 0.153125 0.245312 0.000388641
0 0.373047 0.301172 0.232031 0.457031 0.000408325
0 0.322656 0.412109 0.101562 0.174219 0.000410349
0 0.974609 0.191016 0.0507812 0.382031 0.000418725
0 0.0292969 0.199609 0.0523437 0.399219 0.000420533
0 0.0808594 0.507812 0.161719 0.984375 0.000427586
0 0.708203 0.515625 0.141406 0.18125 0.000531638
0 0.0257812 0.611719 0.0453125 0.490625 0.000551588
0 0.394141 0.464844 0.185156 0.2 0.00061985
0 0.969141 0.355859 0.0617188 0.657031 0.000748693
0 0.0308594 0.358203 0.0585938 0.525781 0.000789639
0 0.754687 0.419141 0.146875 0.250781 0.000891961
0 0.0335938 0.722656 0.0640625 0.50625 0.00118193
0 0.943359 0.511328 0.105469 0.946094 0.00131592
0 0.305859 0.442578 0.0742188 0.132031 0.00154082
0 0.358594 0.426172 0.165625 0.230469 0.00161328
0 0.0433594 0.472266 0.0867188 0.942969 0.00245391
0 0.739453 0.479688 0.152344 0.195312 0.00343741
0 0.334375 0.463672 0.128125 0.163281 0.00733403
