0 0.593359 0.444141 0.0773437 0.105469 0.000102482
0 0.450781 0.862891 0.521875 0.274219 0.000104578
0 0.600781 0.612891 0.29375 0.341406 0.000107719
0 0.577734 0.405859 0.0710938 0.102344 0.000113729
0 0.545703 0.794531 0.510156 0.410937 0.000115844
0 0.240234 0.654688 0.228906 0.2 0.000116154
0 0.297656 0.408203 0.13125 0.255469 0.000116547
0 0.363281 0.564062 0.1125 0.145313 0.000117452
0 0.324609 0.25 0.160156 0.18125 0.000125608
0 0.451172 0.949219 0.461719 0.101562 0.000130064
0 0.241016 0.548047 0.0929687 0.108594 0.000130275
0 0.299609 0.530859 0.0898438 0.105469 0.000130469
0 0.241797 0.867969 0.302344 0.260938 0.000132289
0 0.237109 0.405078 0.0867188 0.114844 0.000137736
0 0.658594 0.364062 0.0578125 0.084375 0.00013944
0 0.700781 0.498828 0.103125 0.172656 0.000148226
0 0.722656 0.485938 0.109375 0.26875 0.000152623
0 0.676172 0.303125 0.0414063 0.078125 0.000153187
0 0.203906 0.511328 0.0859375 0.108594 0.000155659
0 0.986328 0.529688 0.0273438 0.245312 0.000155738
0 0.634375 0.344922 0.0796875 0.0976562 0.000156638
0 0.985937 0.426953 0.028125 0.210156 0.000157163
0 0.593359 0.326953 0.0835937 0.127344 0.000157303
0 0.185937 0.546875 0.117188 0.148438 0.000158945
0 0.6125 0.508984 0.10625 0.167969 0.000165424
0 0.610937 0.610156 0.0890625 0.103125 0.000171843
0 0.676953 0.403906 0.185156 0.451562 0.000172607
0 0.342187 0.906641 0.371875 0.186719 0.000173132
0 0.965234 0.482812 0.0695312 0.670313 0.000184367
0 0.235938 0.445703 0.084375 0.108594 0.000184831
0 0.642187 0.350781 0.107813 0.160938 0.000185809
0 0.300781 0.320703 0.11875 0.186719 0.000190555
0 0.701953 0.607813 0.0851562 0.107813 0.000190855
0 0.257422 0.380078 0.0835937 0.108594 0.000194694
0 0.279297 0.514453 0.0914062 0.110156 0.000198501
0 0.273438 0.364062 0.0640625 0.1 0.00020344
0 0.438281 0.696875 0.557813 0.60625 0.000203452
0 0.339453 0.702734 0.366406 0.417969 0.000211879
0 0.747656 0.601562 0.31875 0.334375 0.000217207
0 0.275391 0.290234 0.133594 0.183594 0.000217296
0 0.719922 0.633594 0.0757812 0.109375 0.000226361
0 0.220313 0.469531 0.0859375 0.114063 0.000230165
0 0.315625 0.944922 0.31875 0.105469 0.00023204
0 0.670703 0.342578 0.0492188 0.108594 0.000255318
0 0.651172 0.666016 0.244531 0.191406 0.000258686
0 0.734375 0.654297 0.065625 0.107031 0.000292573
0 0.659375 0.324609 0.0578125 0.105469 0.000299825
0 0.596094 0.355859 0.10625 0.207031 0.000301426
0 0.335938 0.53125 0.120312 0.165625 0.000347419
0 0.680859 0.591016 0.0882813 0.110156 0.00036673
0 0.594141 0.446094 0.0960938 0.18125 0.000396602
0 0.582812 0.526563 0.11875 0.245312 0.000399532
0 0.274219 0.346875 0.1 0.178125 0.000402518
0 0.189063 0.455469 0.282813 0.414062 0.000409604
0 0.260156 0.771484 0.326562 0.400781 0.000412472
0 0.978906 0.480469 0.040625 0.4 0.000417228
0 0.184766 0.605469 0.213281 0.273438 0.000433163
0 0.240625 0.5125 0.0921875 0.10625 0.00045117
0 0.305859 0.321875 0.172656 0.295312 0.000473387
0 0.582812 0.398047 0.090625 0.161719 0.000478467
0 0.328125 0.487891 0.164062 0.224219 0.000490729
0 0.580078 0.59375 0.132031 0.1625 0.000521169
0 0.295312 0.637109 0.257812 0.266406 0.000592529
0 0.683984 0.553516 0.0867188 0.107031 0.000608323
0 0.660937 0.607813 0.142188 0.1375 0.000688552
0 0.254297 0.344922 0.0742188 0.107031 0.000688869
0 0.297656 0.56875 0.204688 0.182812 0.000906896
0 0.207813 0.507031 0.126563 0.165625 0.00108566
0 0.718359 0.629297 0.0976562 0.182031 0.00109492
0 0.600391 0.439844 0.130469 0.285937 0.0011815
0 0.275 0.466016 0.14375 0.224219 0.00125199
0 0.683594 0.498047 0.146875 0.274219 0.00142619
0 0.194922 0.527344 0.185156 0.248437 0.00147353
0 0.233594 0.672656 0.264062 0.35 0.00158214
0 0.672656 0.578125 0.282813 0.267188 0.00167523
0 0.295703 0.514063 0.141406 0.159375 0.00185585
0 0.610937 0.624219 0.167187 0.160938 0.00186684
0 0.238672 0.355078 0.133594 0.285156 0.00218179
0 0.210938 0.446484 0.109375 0.224219 0.00229544
0 0.241016 0.591016 0.210156 0.188281 0.0025811
0 0.240625 0.348047 0.104687 0.171094 0.00268975
0 0.734375 0.566797 0.0890625 0.174219 0.00387357
0 0.703906 0.570312 0.0859375 0.11875 0.00388226
0 0.684375 0.617188 0.18125 0.207813 0.00406696
0 0.638672 0.4875 0.191406 0.326562 0.00430876
0 0.626172 0.571484 0.189844 0.186719 0.00642362
0 0.716797 0.540625 0.0867188 0.129688 0.0119736
0 0.247266 0.517187 0.282031 0.351562 0.0120868
0 0.286328 0.394141 0.238281 0.413281 0.0163421
0 0.25625 0.526563 0.204688 0.21875 0.0741685
0 0.702344 0.575781 0.126563 0.184375 0.118207
0 0.235938 0.440234 0.154687 0.314844 0.292869
