0 0.821094 0.279687 0.0859375 0.115625 0.00010642
0 0.391797 0.525391 0.163281 0.374219 0.00010821
0 0.280859 0.727734 0.238281 0.235156 0.00010885
0 0.730859 0.180859 0.232031 0.322656 0.00010979
0 0.108984 0.0378906 0.217969 0.0710938 0.000114552
0 0.0699219 0.0535156 0.139844 0.107031 0.000114984
0 0.260547 0.021875 0.236719 0.040625 0.000118553
0 0.839063 0.721875 0.15625 0.207813 0.000121429
0 0.782031 0.640234 0.28125 0.374219 0.00012468
0 0.96875 0.190625 0.0625 0.38125 0.000127751
0 0.444141 0.532031 0.317969 0.589063 0.000128502
0 0.658594 0.0554687 0.29375 0.107813 0.000135636
0 0.841016 0.302344 0.0476562 0.0734375 0.000143327
0 0.822266 0.0230469 0.264844 0.0414063 0.000145846
0 0.696875 0.691406 0.178125 0.19375 0.000149452
0 0.278516 0.689062 0.139844 0.15625 0.000149752
0 0.211719 0.612891 0.151562 0.327344 0.000151303
0 0.232422 0.364844 0.0851562 0.148438 0.000153278
0 0.845703 0.285156 0.0882813 0.198437 0.000160817
0 0.829297 0.317578 0.0710938 0.110156 0.000171761
0 0.689453 0.103516 0.267969 0.203906 0.000175085
0 0.200781 0.714844 0.125 0.192188 0.000175652
0 0.261719 0.618359 0.14375 0.228906 0.000183943
0 0.3 0.430078 0.170312 0.299219 0.000206331
0 0.825781 0.636719 0.154687 0.314063 0.000210586
0 0.362109 0.190234 0.497656 0.380469 0.000213611
0 0.935156 0.185547 0.129688 0.371094 0.00022274
0 0.541406 0.183984 0.523438 0.367969 0.000231805
0 0.736328 0.723437 0.180469 0.16875 0.000237921
0 0.825 0.358594 0.090625 0.167187 0.000245437
0 0.963672 0.103125 0.0726563 0.20625 0.000253883
0 0.287891 0.323438 0.350781 0.446875 0.000271375
0 0.333203 0.312109 0.241406 0.253906 0.000278838
0 0.741406 0.373047 0.253125 0.403906 0.000281405
0 0.733594 0.648047 0.201562 0.266406 0.000319312
0 0.826172 0.436328 0.111719 0.191406 0.000329296
0 0.73125 0.0410156 0.329688 0.0820312 0.000331032
0 0.796875 0.553906 0.179688 0.392188 0.000332658
0 0.26875 0.0355469 0.3 0.0710938 0.000347459
0 0.383594 0.609766 0.15 0.205469 0.000360699
0 0.346484 0.476562 0.214844 0.432813 0.000368934
0 0.155469 0.0574219 0.310937 0.110156 0.000396164
0 0.460156 0.112109 0.510938 0.224219 0.000432313
0 0.295703 0.350391 0.0867188 0.100781 0.000442305
0 0.278125 0.116406 0.453125 0.232812 0.000481835
0 0.299609 0.655078 0.136719 0.147656 0.0004832
0 0.541406 0.0664062 0.482812 0.132812 0.000514896
0 0.249219 0.3375 0.09375 0.139062 0.00053854
0 0.809375 0.370313 0.246875 0.496875 0.000605509
0 0.928125 0.065625 0.142188 0.13125 0.000653054
0 0.275391 0.0605469 0.424219 0.119531 0.000666611
0 0.786719 0.698047 0.20625 0.210156 0.000746153
0 0.905469 0.115234 0.1875 0.230469 0.000766958
0 0.838281 0.243359 0.323438 0.486719 0.000823311
0 0.818359 0.387109 0.164844 0.289844 0.00083945
0 0.636328 0.122266 0.461719 0.241406 0.00105819
0 0.308203 0.36875 0.136719 0.164062 0.00106209
0 0.223828 0.677344 0.144531 0.185937 0.00110305
0 0.854688 0.0386719 0.267188 0.0757812 0.00120375
0 0.25 0.421875 0.126563 0.278125 0.0014032
0 0.734766 0.188281 0.516406 0.373437 0.00145727
0 0.327344 0.638672 0.214062 0.208594 0.00193392
0 0.716797 0.0730469 0.433594 0.146094 0.00237844
0 0.278516 0.534375 0.207031 0.442187 0.00243636
0 0.852344 0.0691406 0.295312 0.135156 0.00298963
0 0.803125 0.112109 0.39375 0.224219 0.00416876
0 0.271875 0.660156 0.210938 0.198437 0.00722673
0 0.270703 0.366406 0.119531 0.135937 0.0290476
