0 0.832812 0.608594 0.15 0.179688 0.00010794
0 0.803906 0.427344 0.15625 0.214062 0.000108015
0 0.859375 0.0261719 0.0859375 0.0523437 0.000108135
0 0.851172 0.593359 0.0914062 0.111719 0.000110821
0 0.473828 0.0792969 0.186719 0.155469 0.000114579
0 0.871094 0.555859 0.084375 0.117969 0.000123099
0 0.894531 0.626172 0.0796875 0.152344 0.000130913
0 0.783984 0.364453 0.149219 0.160156 0.000131233
0 0.879687 0.471484 0.096875 0.266406 0.000137265
0 0.508594 0.115234 0.192188 0.227344 0.000154035
0 0.795703 0.632812 0.233594 0.248437 0.000154981
0 0.539844 0.267188 0.298438 0.520312 0.000175824
0 0.348828 0.890234 0.342969 0.216406 0.000177503
0 0.365625 0.390625 0.203125 0.28125 0.000179752
0 0.844531 0.338281 0.148438 0.5875 0.000186747
0 0.907422 0.521094 0.128906 0.479688 0.000189465
0 0.894141 0.557031 0.0460938 0.115625 0.000229679
0 0.884766 0.539453 0.230469 0.471094 0.000246685
0 0.428516 0.196484 0.169531 0.167969 0.000255419
0 0.362109 0.943359 0.336719 0.110156 0.000285473
0 0.783594 0.530859 0.189063 0.210156 0.000313469
0 0.362109 0.285547 0.228906 0.457031 0.000434156
0 0.843359 0.453906 0.136719 0.28125 0.000449777
0 0.893359 0.530469 0.0710938 0.271875 0.000653939
0 0.863281 0.64375 0.13125 0.240625 0.000694741
0 0.789062 0.410937 0.207813 0.348437 0.000734441
0 0.435547 0.411719 0.267969 0.345313 0.000817542
0 0.873438 0.451562 0.142188 0.475 0.00133808
0 0.889844 0.6 0.121875 0.234375 0.00140608
0 0.461328 0.166016 0.239844 0.300781 0.00195195
0 0.798828 0.416016 0.261719 0.555469 0.0025952
0 0.884766 0.590625 0.0726563 0.148438 0.0186205
0 0.85625 0.554297 0.13125 0.267969 0.0290928
0 0.823047 0.514063 0.194531 0.357812 0.0810622
0 0.440625 0.279687 0.3 0.528125 0.390138
