0 0.427344 0.511719 0.0890625 0.10625 0.000103754
0 0.741016 0.548828 0.142969 0.180469 0.00010792
0 0.901563 0.473437 0.120312 0.203125 0.00011157
0 0.367188 0.409375 0.134375 0.245312 0.000111841
0 0.962891 0.0613281 0.0742188 0.122656 0.000112865
0 0.413672 0.246875 0.192969 0.170312 0.00011748
0 0.841016 0.328125 0.224219 0.240625 0.000121469
0 0.758984 0.303906 0.180469 0.2 0.000123405
0 0.780859 0.53125 0.0898438 0.101562 0.000125364
0 0.382422 0.513281 0.0882813 0.104687 0.000126211
0 0.821875 0.552734 0.0890625 0.0960938 0.000130646
0 0.468359 0.469922 0.0882813 0.113281 0.000133375
0 0.0644531 0.065625 0.128906 0.13125 0.000139798
0 0.449219 0.489062 0.0859375 0.10625 0.000143479
0 0.0261719 0.108984 0.0492188 0.217969 0.000145399
0 0.373828 0.316797 0.242969 0.283594 0.000146828
0 0.955078 0.564844 0.0882813 0.2875 0.000148043
0 0.461328 0.244141 0.149219 0.130469 0.000153063
0 0.311719 0.275 0.40625 0.457812 0.000156533
0 0.10625 0.200391 0.2125 0.396094 0.000162824
0 0.0441406 0.773047 0.0882813 0.403906 0.00016507
0 0.101953 0.882812 0.203906 0.234375 0.000169731
0 0.0660156 0.573047 0.128906 0.400781 0.000176756
0 0.744531 0.676172 0.457812 0.439844 0.000178342
0 0.495313 0.517969 0.332812 0.373437 0.000178357
0 0.803906 0.567969 0.146875 0.140625 0.000192058
0 0.882422 0.367188 0.197656 0.351562 0.000192828
0 0.467578 0.550391 0.0851562 0.0820312 0.000194087
0 0.973437 0.433984 0.053125 0.449219 0.000197857
0 0.944922 0.397656 0.105469 0.49375 0.000207749
0 0.432813 0.262891 0.0765625 0.0851562 0.0002183
0 0.904297 0.592188 0.0867188 0.103125 0.000218506
0 0.496484 0.316797 0.144531 0.205469 0.000218874
0 0.421875 0.028125 0.2125 0.05625 0.000222672
0 0.492969 0.553906 0.117188 0.140625 0.000226083
0 0.776953 0.0589844 0.267969 0.117969 0.000229828
0 0.817578 0.18125 0.364844 0.3625 0.000232808
0 0.745313 0.590234 0.232812 0.266406 0.000233687
0 0.471484 0.367188 0.136719 0.201562 0.000236966
0 0.705469 0.512891 0.365625 0.378906 0.000239077
0 0.782812 0.408594 0.132812 0.20625 0.000242258
0 0.470703 0.579687 0.136719 0.121875 0.000242515
0 0.466016 0.508984 0.0898438 0.105469 0.000244618
0 0.388281 0.096875 0.307813 0.19375 0.000247212
0 0.919531 0.515234 0.1 0.185156 0.000247828
0 0.424219 0.0558594 0.31875 0.107031 0.000249903
0 0.903906 0.532031 0.08125 0.101562 0.000261193
0 0.863672 0.0207031 0.236719 0.0398437 0.000265169
0 0.330469 0.531641 0.078125 0.0992187 0.000271366
0 0.053125 0.685156 0.10625 0.629687 0.000272669
0 0.887891 0.513672 0.0835937 0.0945313 0.000278218
0 0.0679687 0.128125 0.135937 0.25625 0.000284472
0 0.429297 0.546875 0.146094 0.134375 0.000294902
0 0.0371094 0.56875 0.0726563 0.534375 0.000297918
0 0.885156 0.553906 0.0875 0.107813 0.000307775
0 0.483203 0.426172 0.130469 0.191406 0.000310962
0 0.821484 0.384766 0.155469 0.172656 0.000316911
0 0.974609 0.275 0.0507812 0.501562 0.000328552
0 0.358203 0.527344 0.0914062 0.09375 0.00033281
0 0.367188 0.188672 0.3625 0.342969 0.000349168
0 0.881641 0.540625 0.236719 0.335938 0.000358765
0 0.0328125 0.396094 0.0609375 0.592188 0.000361002
0 0.136328 0.0722656 0.271094 0.144531 0.000365249
0 0.897266 0.677344 0.189844 0.235938 0.00037056
0 0.917188 0.217969 0.165625 0.435937 0.000376098
0 0.382812 0.0203125 0.184375 0.0390625 0.000402021
0 0.741797 0.491797 0.163281 0.192969 0.000412943
0 0.817578 0.0351562 0.260156 0.06875 0.000442225
0 0.806641 0.449609 0.191406 0.208594 0.000480016
0 0.365625 0.492188 0.140625 0.179688 0.000529465
0 0.100781 0.654297 0.192188 0.407031 0.000559622
0 0.750391 0.441406 0.211719 0.33125 0.000569171
0 0.427344 0.432031 0.204688 0.21875 0.000581835
0 0.924609 0.634766 0.139844 0.197656 0.000623651
0 0.0449219 0.270312 0.0898438 0.540625 0.000673768
0 0.0265625 0.233203 0.0515625 0.408594 0.000688262
0 0.428906 0.578516 0.232812 0.172656 0.000695253
0 0.441797 0.274609 0.132031 0.132031 0.000739218
0 0.844531 0.551172 0.14375 0.125781 0.000766551
0 0.908203 0.103516 0.183594 0.207031 0.000775111
0 0.864844 0.469141 0.14375 0.271094 0.000825944
0 0.352344 0.0339844 0.2625 0.0679687 0.000839559
0 0.240625 0.107031 0.459375 0.209375 0.000898332
0 0.407813 0.510156 0.148438 0.145313 0.000967088
0 0.780859 0.511719 0.142969 0.185937 0.000995713
0 0.436719 0.321875 0.19375 0.240625 0.00101526
0 0.892578 0.0390625 0.210156 0.075 0.00106953
0 0.0605469 0.483594 0.121094 0.771875 0.00109479
0 0.873438 0.289062 0.253125 0.548437 0.00124359
0 0.782812 0.367578 0.235938 0.321094 0.00129965
0 0.462891 0.527344 0.149219 0.154687 0.00149462
0 0.298438 0.0648438 0.3875 0.128125 0.00162524
0 0.339453 0.524219 0.110156 0.14375 0.00168951
0 0.919531 0.53125 0.14375 0.270312 0.00177543
0 0.49375 0.437891 0.159375 0.330469 0.00197132
0 0.815625 0.0921875 0.35625 0.182812 0.0021569
0 0.0851562 0.794141 0.170312 0.405469 0.00243898
0 0.360938 0.464063 0.2 0.290625 0.00283923
0 0.819531 0.630469 0.328125 0.29375 0.002985
0 0.869531 0.0636719 0.259375 0.125781 0.00312398
0 0.884375 0.534766 0.151562 0.174219 0.00322165
0 0.370313 0.544531 0.189063 0.164062 0.00468211
0 0.890234 0.591406 0.177344 0.192188 0.00543176
0 0.104297 0.620313 0.208594 0.759375 0.00822118
0 0.786719 0.520703 0.248437 0.233594 0.0105406
0 0.458984 0.478906 0.185156 0.23125 0.0134201
0 0.842578 0.558203 0.269531 0.217969 0.0298718
0 0.407422 0.510547 0.253906 0.238281 0.0668388
0 0.823438 0.458203 0.278125 0.375781 0.129372
0 0.421875 0.397266 0.25 0.402344 0.208937
