0 0.649219 0.217187 0.0609375 0.0890625 0.000101666
0 0.239453 0.348047 0.0929687 0.102344 0.000104645
0 0.64375 0.633594 0.120312 0.126563 0.000108204
0 0.65625 0.242188 0.0953125 0.134375 0.000108293
0 0.296875 0.445312 0.0875 0.10625 0.000109636
0 0.246875 0.442578 0.090625 0.103906 0.000115884
0 0.368359 0.865234 0.0601562 0.0679687 0.000120912
0 0.638672 0.528906 0.102344 0.146875 0.000123239
0 0.698047 0.650781 0.139844 0.128125 0.000130441
0 0.0832031 0.885547 0.0851562 0.0492188 0.000133021
0 0.639453 0.363281 0.161719 0.18125 0.000133191
0 0.722266 0.452344 0.0867188 0.103125 0.00014127
0 0.715625 0.322266 0.0859375 0.107031 0.000141592
0 0.075 0.864062 0.1125 0.101562 0.000141849
0 0.339844 0.385938 0.148438 0.246875 0.000147796
0 0.297656 0.403906 0.0875 0.109375 0.000150031
0 0.348437 0.271094 0.110937 0.103125 0.000155097
0 0.0152344 0.887891 0.0226563 0.0554687 0.000161438
0 0.652734 0.489453 0.0867188 0.0835937 0.000172399
0 0.613672 0.405078 0.100781 0.136719 0.000173456
0 0.246094 0.296875 0.253125 0.2875 0.000174597
0 0.196484 0.429688 0.157031 0.198437 0.000200634
0 0.634375 0.473828 0.08125 0.0835937 0.000202074
0 0.821484 0.873438 0.0664062 0.059375 0.000212541
0 0.612109 0.279687 0.166406 0.214062 0.00022685
0 0.260938 0.366406 0.0921875 0.103125 0.000228207
0 0.735937 0.483984 0.120312 0.192969 0.000230522
0 0.344141 0.507031 0.192969 0.220313 0.000237875
0 0.628125 0.226953 0.110937 0.136719 0.00024077
0 0.711328 0.617578 0.291406 0.271094 0.000252517
0 0.71875 0.533203 0.120312 0.152344 0.000256071
0 0.317578 0.441797 0.142969 0.186719 0.000272377
0 0.630078 0.197656 0.0570313 0.071875 0.000280006
0 0.278516 0.386328 0.0867188 0.108594 0.000287963
0 0.0640625 0.897656 0.0671875 0.028125 0.000299136
0 0.661328 0.598828 0.117969 0.153906 0.000380807
0 0.677344 0.402734 0.154687 0.258594 0.00038407
0 0.240625 0.384375 0.0921875 0.109375 0.00039496
0 0.726562 0.670313 0.225 0.182812 0.000456818
0 0.303516 0.288672 0.210156 0.213281 0.000457968
0 0.677344 0.527734 0.1375 0.216406 0.000458129
0 0.734766 0.428516 0.102344 0.182031 0.000509873
0 0.75625 0.609766 0.15625 0.185156 0.000524864
0 0.371484 0.436328 0.155469 0.217969 0.000594383
0 0.278906 0.426562 0.0875 0.114063 0.000603431
0 0.260547 0.40625 0.0898438 0.110937 0.000682738
0 0.275 0.495703 0.170312 0.150781 0.000753459
0 0.277344 0.466797 0.0875 0.0835937 0.00081883
0 0.653516 0.249609 0.161719 0.202344 0.00083247
0 0.628516 0.476953 0.114844 0.186719 0.000869663
0 0.71875 0.566406 0.192188 0.234375 0.00101247
0 0.680859 0.470703 0.177344 0.158594 0.00101682
0 0.717578 0.382031 0.127344 0.271875 0.00111413
0 0.744531 0.437891 0.178125 0.417969 0.00115472
0 0.630078 0.441406 0.163281 0.303125 0.00120857
0 0.708594 0.301172 0.134375 0.177344 0.00181992
0 0.0628906 0.872266 0.0710938 0.0742188 0.00183547
0 0.261328 0.330078 0.150781 0.246094 0.00198157
0 0.264844 0.464063 0.128125 0.125 0.00232197
0 0.25 0.457812 0.175 0.1875 0.00290779
0 0.698828 0.619922 0.191406 0.164844 0.00330201
0 0.231641 0.389453 0.152344 0.174219 0.00376662
0 0.323828 0.360156 0.232031 0.325 0.00392723
0 0.0507812 0.892969 0.05 0.025 0.00473932
0 0.685938 0.510547 0.2125 0.321094 0.00485384
0 0.303516 0.455469 0.228906 0.246875 0.00690163
0 0.279687 0.421094 0.140625 0.184375 0.0144277
0 0.0515625 0.883594 0.05625 0.0484375 0.014653
0 0.678906 0.315625 0.189063 0.251563 0.0313585
0 0.675781 0.394922 0.229687 0.450781 0.264032
0 0.272266 0.390625 0.213281 0.248437 0.400032
