0 0.0230469 0.272266 0.0460938 0.397656 0.000100228
0 0.154297 0.470703 0.0851562 0.108594 0.000101805
0 0.840234 0.63125 0.0695312 0.05 0.000106699
0 0.648828 0.0792969 0.183594 0.139844 0.000109829
0 0.364453 0.267578 0.178906 0.496094 0.000110417
0 0.360938 0.115625 0.0921875 0.110937 0.000110836
0 0.805469 0.427344 0.134375 0.2125 0.000118938
0 0.695703 0.234766 0.177344 0.194531 0.000121653
0 0.824219 0.628125 0.121875 0.11875 0.000122603
0 0.0742188 0.125 0.148438 0.25 0.000126924
0 0.837891 0.945312 0.235156 0.107813 0.000132258
0 0.985156 0.935156 0.0296875 0.129688 0.000133341
0 0.987891 0.960938 0.0226563 0.078125 0.000135976
0 0.655078 0.327734 0.153906 0.191406 0.000137251
0 0.176172 0.226953 0.303906 0.432031 0.00014048
0 0.703906 0.942187 0.284375 0.115625 0.000143554
0 0.201953 0.507031 0.146094 0.129688 0.000145478
0 0.3 0.426953 0.0875 0.102344 0.000147533
0 0.779297 0.622656 0.222656 0.21875 0.000148123
0 0.303125 0.257812 0.1625 0.182812 0.000152864
0 0.288672 0.116797 0.194531 0.161719 0.000159699
0 0.0773437 0.0628906 0.154687 0.124219 0.000160071
0 0.637891 0.565625 0.171094 0.176563 0.000162643
0 0.167187 0.286719 0.08125 0.110937 0.000163833
0 0.767969 0.9625 0.178125 0.075 0.000175956
0 0.328906 0.213672 0.0859375 0.0914062 0.000177864
0 0.737109 0.402734 0.138281 0.203906 0.000180184
0 0.137109 0.545313 0.208594 0.126563 0.000181968
0 0.865625 0.479688 0.146875 0.423438 0.000182214
0 0.233984 0.301953 0.0867188 0.0929687 0.0001987
0 0.837891 0.607813 0.0820312 0.0875 0.000207235
0 0.760156 0.471484 0.14375 0.272656 0.000215841
0 0.779297 0.382031 0.150781 0.184375 0.000221003
0 0.328516 0.154687 0.0882813 0.1125 0.000223616
0 0.298438 0.466406 0.0859375 0.09375 0.000229459
0 0.0960938 0.532422 0.084375 0.0945313 0.000243006
0 0.719141 0.566406 0.141406 0.159375 0.000267335
0 0.821875 0.524609 0.279687 0.344531 0.000270608
0 0.740234 0.305078 0.158594 0.196094 0.000270908
0 0.241016 0.218359 0.174219 0.182031 0.000295901
0 0.6875 0.173047 0.139062 0.163281 0.000299083
0 0.280469 0.445703 0.0875 0.100781 0.000301142
0 0.328516 0.470313 0.130469 0.176563 0.000316901
0 0.116797 0.509375 0.116406 0.128125 0.00033692
0 0.155469 0.4875 0.140625 0.15 0.000338717
0 0.213672 0.319141 0.0867188 0.0914062 0.000340355
0 0.260938 0.426172 0.0859375 0.100781 0.000347412
0 0.761719 0.551953 0.148438 0.177344 0.000347771
0 0.164062 0.321094 0.0859375 0.0953125 0.00034976
0 0.277344 0.369922 0.153125 0.210156 0.000350468
0 0.611719 0.285547 0.1375 0.267969 0.000360116
0 0.221875 0.470703 0.148438 0.152344 0.000393743
0 0.330078 0.117969 0.0882813 0.107813 0.000398586
0 0.756641 0.240234 0.228906 0.353906 0.000400942
0 0.364844 0.176172 0.160938 0.252344 0.000421264
0 0.677734 0.548437 0.141406 0.167187 0.000424227
0 0.288672 0.176563 0.146094 0.189063 0.000448102
0 0.760547 0.359766 0.0804688 0.0898438 0.000463807
0 0.616797 0.134375 0.139844 0.173438 0.000482475
0 0.654297 0.236719 0.135156 0.240625 0.000513155
0 0.821875 0.590625 0.0859375 0.0984375 0.000523507
0 0.173047 0.426172 0.138281 0.216406 0.00053518
0 0.608594 0.527734 0.139062 0.194531 0.000542018
0 0.212109 0.2875 0.0867188 0.1 0.000552571
0 0.657031 0.172266 0.0875 0.0976562 0.000585531
0 0.331641 0.401172 0.150781 0.275781 0.000586612
0 0.238672 0.346484 0.146094 0.241406 0.000597881
0 0.182422 0.241406 0.161719 0.2125 0.000659414
0 0.782422 0.884375 0.110156 0.107813 0.000664362
0 0.699219 0.365234 0.195312 0.163281 0.00067126
0 0.713672 0.451953 0.141406 0.255469 0.000682947
0 0.785937 0.855859 0.139062 0.189844 0.000793416
0 0.621875 0.360938 0.13125 0.204688 0.000844439
0 0.233594 0.280469 0.159375 0.165625 0.000865908
0 0.691406 0.138281 0.195312 0.1875 0.000877213
0 0.612109 0.448047 0.135156 0.235156 0.000928895
0 0.697656 0.578516 0.257812 0.232031 0.00103872
0 0.245703 0.198047 0.233594 0.277344 0.00104284
0 0.217969 0.535937 0.310937 0.189063 0.00112613
0 0.823047 0.511328 0.119531 0.264844 0.00117895
0 0.677734 0.407031 0.175781 0.16875 0.00119716
0 0.758594 0.346094 0.129688 0.134375 0.00124668
0 0.215625 0.320312 0.140625 0.139062 0.00124709
0 0.798828 0.319531 0.161719 0.246875 0.00125537
0 0.157813 0.349219 0.13125 0.240625 0.00126147
0 0.366016 0.109375 0.152344 0.175 0.00137662
0 0.326562 0.195703 0.134375 0.202344 0.00150398
0 0.777344 0.914062 0.142188 0.153125 0.00160341
0 0.837109 0.405078 0.138281 0.380469 0.00161977
0 0.264844 0.425 0.134375 0.132812 0.00174411
0 0.299219 0.15 0.284375 0.267188 0.00178972
0 0.277344 0.485156 0.179688 0.153125 0.00182089
0 0.124609 0.471094 0.149219 0.217187 0.00205249
0 0.716406 0.511719 0.179688 0.204688 0.0020852
0 0.1375 0.405859 0.128125 0.263281 0.00243986
0 0.815234 0.588281 0.127344 0.142188 0.00273335
0 0.297656 0.35 0.182812 0.360938 0.00293488
0 0.239063 0.407422 0.201562 0.188281 0.00293591
0 0.163281 0.507422 0.234375 0.169531 0.00298225
0 0.65625 0.267578 0.196875 0.383594 0.00379913
0 0.292578 0.437891 0.160156 0.188281 0.00489897
0 0.191406 0.303125 0.0828125 0.0828125 0.00506333
0 0.768359 0.352734 0.208594 0.363281 0.00579338
0 0.307031 0.228125 0.19375 0.345313 0.00594994
0 0.655078 0.401563 0.192969 0.329688 0.00686992
0 0.664062 0.508984 0.195312 0.264844 0.00816923
0 0.80625 0.474609 0.173438 0.366406 0.00872872
0 0.764063 0.553125 0.239063 0.221875 0.0110364
0 0.193359 0.290234 0.113281 0.153906 0.0121057
0 0.651563 0.173047 0.160938 0.217969 0.0136142
0 0.196875 0.316797 0.1875 0.325781 0.0198785
0 0.224219 0.475781 0.259375 0.19375 0.0212534
0 0.329688 0.1375 0.160938 0.220313 0.0263901
0 0.175 0.439844 0.234375 0.28125 0.0338397
0 0.709766 0.313672 0.275781 0.508594 0.0368642
0 0.263281 0.281641 0.271875 0.482031 0.0459836
0 0.719141 0.471094 0.278906 0.354688 0.0729679
0 0.219531 0.379297 0.284375 0.363281 0.12102
