0 0.289844 0.0636719 0.232812 0.124219 0.000101974
0 0.516016 0.0414063 0.225781 0.0796875 0.000103138
0 0.215625 0.400781 0.16875 0.179688 0.000104505
0 0.758594 0.450781 0.123438 0.242188 0.000106417
0 0.585156 0.744531 0.125 0.123438 0.000107136
0 0.783984 0.289844 0.322656 0.325 0.000107561
0 0.639453 0.111328 0.214844 0.203906 0.000108046
0 0.891016 0.155469 0.138281 0.1875 0.000109173
0 0.619531 0.39375 0.189063 0.314063 0.000109999
0 0.722266 0.551562 0.167969 0.196875 0.000111498
0 0.653906 0.6375 0.135937 0.20625 0.000112505
0 0.723047 0.410156 0.132031 0.245312 0.000114332
0 0.969531 0.353125 0.059375 0.654688 0.000114694
0 0.272656 0.121875 0.25 0.239063 0.000116098
0 0.380469 0.272266 0.164062 0.217969 0.000116176
0 0.946484 0.196094 0.105469 0.221875 0.000117988
0 0.163672 0.327344 0.0789063 0.1 0.000118662
0 0.698438 0.467187 0.18125 0.171875 0.00011891
0 0.984375 0.239453 0.0296875 0.216406 0.000119241
0 0.232812 0.321484 0.0890625 0.107031 0.000122894
0 0.776953 0.6375 0.117969 0.2 0.000125863
0 0.260938 0.508984 0.164062 0.166406 0.000126373
0 0.0851562 0.607422 0.132812 0.278906 0.000130228
0 0.298438 0.530859 0.13125 0.182031 0.000136728
0 0.689453 0.746875 0.263281 0.171875 0.000143467
0 0.851562 0.040625 0.296875 0.08125 0.000146895
0 0.674609 0.696484 0.128906 0.136719 0.000148441
0 0.735937 0.308203 0.110937 0.149219 0.000152614
0 0.722266 0.610547 0.0804688 0.0867188 0.000158532
0 0.295312 0.664844 0.1375 0.160938 0.000158547
0 0.607422 0.533203 0.177344 0.335156 0.0001587
0 0.0621094 0.0632813 0.124219 0.125 0.000174126
0 0.975781 0.266406 0.0484375 0.345313 0.000175811
0 0.721094 0.694922 0.128125 0.149219 0.000178117
0 0.2625 0.283203 0.151562 0.175781 0.000179643
0 0.418359 0.139844 0.250781 0.26875 0.000182649
0 0.453516 0.0570313 0.183594 0.114063 0.000193954
0 0.327734 0.243359 0.133594 0.136719 0.000195183
0 0.753516 0.366406 0.132031 0.229687 0.000197881
0 0.136719 0.621094 0.0859375 0.107813 0.000199726
0 0.597266 0.696484 0.152344 0.158594 0.000200652
0 0.473047 0.157031 0.121094 0.271875 0.000208407
0 0.654688 0.0347656 0.201562 0.0695312 0.000222317
0 0.339063 0.232812 0.315625 0.33125 0.000223393
0 0.718359 0.0203125 0.246094 0.040625 0.000231225
0 0.700391 0.617188 0.157031 0.179688 0.000232231
0 0.650391 0.314063 0.211719 0.259375 0.000244688
0 0.197656 0.610937 0.145313 0.153125 0.000248699
0 0.591016 0.223047 0.186719 0.203906 0.000253731
0 0.169531 0.282813 0.2125 0.292188 0.000254344
0 0.768359 0.266406 0.208594 0.246875 0.000264491
0 0.199219 0.325 0.090625 0.110937 0.000272345
0 0.723047 0.198047 0.328906 0.302344 0.000275105
0 0.0734375 0.111719 0.145313 0.223438 0.000285251
0 0.801172 0.478125 0.194531 0.585938 0.000307543
0 0.632031 0.675 0.128125 0.14375 0.000313341
0 0.740234 0.596875 0.0835937 0.0859375 0.000314143
0 0.958203 0.107813 0.0835937 0.209375 0.000316168
0 0.159375 0.386719 0.125 0.207813 0.000319986
0 0.484375 0.249609 0.209375 0.272656 0.000327244
0 0.253125 0.341016 0.15 0.221094 0.000328822
0 0.164453 0.326172 0.114844 0.150781 0.000363202
0 0.762109 0.570703 0.125781 0.244531 0.000377928
0 0.242969 0.571094 0.14375 0.229687 0.000388484
0 0.172656 0.574219 0.1375 0.20625 0.000400261
0 0.140625 0.140234 0.271875 0.272656 0.00043951
0 0.55 0.177344 0.1375 0.25625 0.000439557
0 0.967578 0.184375 0.0632813 0.30625 0.000445127
0 0.191797 0.228516 0.335156 0.361719 0.000463051
0 0.13125 0.071875 0.259375 0.140625 0.000464655
0 0.742188 0.655078 0.135937 0.244531 0.000475161
0 0.763281 0.719141 0.160938 0.192969 0.000505826
0 0.602344 0.63125 0.146875 0.207813 0.000528815
0 0.728906 0.0371094 0.28125 0.0742188 0.000544572
0 0.930078 0.0683594 0.139844 0.136719 0.000553245
0 0.903906 0.220313 0.1875 0.3 0.000555982
0 0.277344 0.633984 0.0875 0.0992187 0.000557195
0 0.291016 0.478516 0.227344 0.421094 0.000623321
0 0.334375 0.472266 0.221875 0.605469 0.000624613
0 0.337109 0.302734 0.205469 0.238281 0.000636501
0 0.794141 0.644922 0.147656 0.350781 0.000647227
0 0.509766 0.198047 0.141406 0.230469 0.000648458
0 0.489453 0.114063 0.211719 0.220313 0.000696959
0 0.227344 0.664062 0.246875 0.201562 0.000751059
0 0.530469 0.0753906 0.242188 0.144531 0.000850922
0 0.652734 0.0578125 0.249219 0.115625 0.000852146
0 0.132422 0.648438 0.113281 0.13125 0.000877813
0 0.735547 0.0976562 0.375781 0.195312 0.000901644
0 0.582422 0.133984 0.263281 0.264844 0.00100199
0 0.740234 0.594531 0.124219 0.15 0.00110452
0 0.814453 0.16875 0.366406 0.326562 0.00120494
0 0.125 0.567969 0.157813 0.307813 0.00127275
0 0.159766 0.404687 0.169531 0.321875 0.001308
0 0.721094 0.329297 0.170312 0.202344 0.00131339
0 0.661328 0.604688 0.267969 0.398438 0.00132022
0 0.928125 0.141797 0.142188 0.257031 0.00138066
0 0.804688 0.0652344 0.376563 0.124219 0.00141373
0 0.292188 0.35 0.315625 0.357812 0.00149789
0 0.30625 0.250781 0.210938 0.18125 0.00178807
0 0.648828 0.683984 0.203906 0.182031 0.00184007
0 0.667578 0.388281 0.258594 0.435937 0.00190645
0 0.217187 0.304688 0.139062 0.164062 0.00218664
0 0.296484 0.56875 0.172656 0.295312 0.00263121
0 0.751562 0.452734 0.1625 0.394531 0.00271465
0 0.875 0.118359 0.25 0.232031 0.00367269
0 0.269531 0.633594 0.15 0.164062 0.00457555
0 0.151953 0.632031 0.174219 0.189063 0.00475285
0 0.701953 0.678125 0.263281 0.2375 0.00481081
0 0.523438 0.173047 0.21875 0.327344 0.00577165
0 0.160938 0.509766 0.234375 0.460156 0.00661454
0 0.196094 0.348437 0.176563 0.203125 0.00677589
0 0.761328 0.583984 0.175781 0.474219 0.015108
0 0.247266 0.296875 0.238281 0.232812 0.0320987
0 0.210547 0.600391 0.288281 0.255469 0.0360113
0 0.228906 0.451953 0.335938 0.552344 0.328094
0 0.708594 0.505078 0.2625 0.574219 0.333486
