0 0.6125 0.322656 0.110937 0.154687 0.000100683
0 0.752734 0.40625 0.263281 0.428125 0.000102444
0 0.13125 0.745313 0.245312 0.509375 0.00010455
0 0.369922 0.342187 0.155469 0.232812 0.000108693
0 0.737109 0.649609 0.0882813 0.0960938 0.000109569
0 0.798828 0.634375 0.0867188 0.0890625 0.000116061
0 0.677344 0.548047 0.084375 0.105469 0.000117787
0 0.694922 0.955859 0.447656 0.0867188 0.000120147
0 0.382422 0.594531 0.132031 0.217187 0.000122035
0 0.210156 0.705469 0.2875 0.557813 0.000122478
0 0.096875 0.964453 0.19375 0.0710938 0.000123457
0 0.677734 0.616016 0.0882813 0.105469 0.000124194
0 0.466016 0.518359 0.317969 0.549219 0.000129336
0 0.0621094 0.651953 0.124219 0.639844 0.000130604
0 0.650781 0.660156 0.35 0.370313 0.000133998
0 0.276563 0.727344 0.125 0.14375 0.000137968
0 0.468359 0.976172 0.246094 0.0476562 0.000145697
0 0.567969 0.594922 0.364062 0.502344 0.000146865
0 0.326953 0.375781 0.147656 0.184375 0.000164483
0 0.0972656 0.897266 0.194531 0.200781 0.000183773
0 0.0320312 0.772266 0.0640625 0.455469 0.00018852
0 0.740625 0.616406 0.0890625 0.104687 0.000193611
0 0.795703 0.665625 0.167969 0.146875 0.000205366
0 0.403906 0.393359 0.134375 0.233594 0.000208387
0 0.396484 0.683203 0.147656 0.191406 0.000209583
0 0.608984 0.329297 0.160156 0.227344 0.000213574
0 0.308594 0.433203 0.140625 0.207031 0.000216695
0 0.282813 0.685156 0.160938 0.221875 0.000232733
0 0.321094 0.719531 0.209375 0.192188 0.000243078
0 0.698828 0.635938 0.0914062 0.104687 0.000248165
0 0.377734 0.510547 0.150781 0.194531 0.000256877
0 0.590234 0.470703 0.158594 0.214844 0.000260234
0 0.339844 0.489453 0.09375 0.103906 0.000275331
0 0.428906 0.964063 0.279687 0.0703125 0.000284146
0 0.0765625 0.934766 0.151562 0.130469 0.000295577
0 0.341406 0.573047 0.164062 0.224219 0.000323215
0 0.673437 0.507031 0.090625 0.117188 0.000337026
0 0.760156 0.631641 0.0890625 0.0898438 0.000338492
0 0.289062 0.476562 0.0828125 0.107813 0.000348693
0 0.399219 0.612109 0.289062 0.446094 0.000349463
0 0.531641 0.910156 0.549219 0.178125 0.00035798
0 0.300781 0.522656 0.0921875 0.114063 0.000363749
0 0.361719 0.641797 0.139062 0.188281 0.000392895
0 0.682813 0.350781 0.221875 0.290625 0.00040067
0 0.271875 0.550391 0.3 0.500781 0.000413918
0 0.733203 0.515234 0.185156 0.211719 0.000434121
0 0.324609 0.664453 0.289844 0.383594 0.000437765
0 0.624219 0.505469 0.1375 0.225 0.000479357
0 0.0804688 0.786328 0.159375 0.417969 0.000492486
0 0.719531 0.668359 0.2 0.167969 0.000557638
0 0.617188 0.410156 0.135937 0.239063 0.000576782
0 0.795703 0.613672 0.132031 0.161719 0.000589435
0 0.515625 0.957422 0.2625 0.0851562 0.000786584
0 0.655469 0.486328 0.09375 0.116406 0.000894286
0 0.635156 0.467187 0.090625 0.110937 0.00105998
0 0.657812 0.650391 0.160938 0.186719 0.00110592
0 0.791016 0.565234 0.182031 0.261719 0.0011384
0 0.607031 0.533594 0.225 0.4 0.00114412
0 0.290625 0.548828 0.125 0.249219 0.00116379
0 0.735156 0.571875 0.145313 0.214062 0.00126273
0 0.391797 0.475781 0.167969 0.373437 0.00141813
0 0.698438 0.634375 0.135937 0.145313 0.00145535
0 0.390234 0.610156 0.171094 0.3375 0.00171601
0 0.28125 0.476953 0.146875 0.207031 0.00194211
0 0.353125 0.663672 0.203125 0.258594 0.00204194
0 0.347656 0.41875 0.203125 0.314063 0.00264479
0 0.757422 0.632031 0.178906 0.145313 0.0028164
0 0.678516 0.591016 0.138281 0.247656 0.00352578
0 0.478516 0.944922 0.402344 0.105469 0.00353676
0 0.294922 0.597266 0.174219 0.358594 0.00480934
0 0.668359 0.509375 0.136719 0.201562 0.00640988
0 0.644141 0.414844 0.202344 0.351562 0.0141799
0 0.739844 0.610156 0.226562 0.229687 0.0146724
0 0.307422 0.494141 0.132031 0.138281 0.0242643
0 0.648828 0.456641 0.163281 0.213281 0.0243498
0 0.699609 0.493359 0.299219 0.453906 0.0360009
0 0.326172 0.49375 0.177344 0.228125 0.0707686
0 0.682813 0.540625 0.196875 0.325 0.215505
0 0.340625 0.544141 0.207813 0.394531 0.229967
