0 0.723828 0.407422 0.188281 0.205469 0.000102593
0 0.719922 0.589453 0.0882813 0.110156 0.000106637
0 0.853125 0.651563 0.134375 0.207813 0.000107099
0 0.809375 0.369141 0.075 0.0820312 0.000109003
0 0.967969 0.0753906 0.0640625 0.150781 0.000110405
0 0.273047 0.0660156 0.417969 0.132031 0.000110957
0 0.958594 0.439844 0.0828125 0.385938 0.00011318
0 0.971875 0.680078 0.0546875 0.639844 0.000114518
0 0.105859 0.194531 0.211719 0.389062 0.00011856
0 0.693359 0.277344 0.213281 0.465625 0.00011957
0 0.428125 0.528906 0.354688 0.573438 0.000120187
0 0.416016 0.519531 0.166406 0.228125 0.000123979
0 0.516406 0.118359 0.351562 0.236719 0.000127635
0 0.420312 0.481641 0.2375 0.347656 0.000132855
0 0.932813 0.211719 0.134375 0.423438 0.000132922
0 0.529297 0.433203 0.417969 0.730469 0.000137931
0 0.869922 0.29375 0.253906 0.584375 0.000142801
0 0.90625 0.4375 0.182812 0.73125 0.000143089
0 0.324609 0.510547 0.0898438 0.103906 0.000147347
0 0.101562 0.0363281 0.203125 0.0726563 0.000148367
0 0.170312 0.371875 0.254687 0.598437 0.000150772
0 0.0777344 0.124609 0.155469 0.249219 0.000158976
0 0.277344 0.267188 0.084375 0.110937 0.000161134
0 0.725 0.130859 0.382812 0.261719 0.000167756
0 0.0695312 0.0605469 0.139062 0.119531 0.00016987
0 0.871484 0.0671875 0.255469 0.134375 0.000169989
0 0.282422 0.342578 0.0914062 0.113281 0.000180466
0 0.383203 0.448828 0.124219 0.247656 0.000184017
0 0.782812 0.352344 0.110937 0.173438 0.000184184
0 0.647266 0.860156 0.386719 0.279687 0.000185965
0 0.946484 0.106641 0.107031 0.213281 0.00018964
0 0.276953 0.128516 0.396094 0.257031 0.000193914
0 0.677344 0.54375 0.309375 0.410937 0.000206054
0 0.892187 0.13125 0.2125 0.2625 0.000208565
0 0.979297 0.641797 0.0414063 0.399219 0.000212674
0 0.8125 0.430078 0.129688 0.210156 0.000232788
0 0.801953 0.533594 0.128906 0.215625 0.000242418
0 0.746094 0.470703 0.14375 0.283594 0.000244703
0 0.967969 0.189063 0.0640625 0.378125 0.000256226
0 0.591797 0.203906 0.307031 0.407813 0.000273876
0 0.764844 0.609375 0.132812 0.148438 0.000280736
0 0.760547 0.329297 0.157031 0.303906 0.000287037
0 0.188672 0.096875 0.377344 0.19375 0.000296535
0 0.141016 0.0566406 0.282031 0.113281 0.000315541
0 0.305078 0.525 0.188281 0.1875 0.000326935
0 0.794531 0.205859 0.364062 0.411719 0.000374368
0 0.248437 0.365625 0.140625 0.273438 0.000436175
0 0.976562 0.517969 0.046875 0.445312 0.000457863
0 0.813672 0.475 0.280469 0.515625 0.000459974
0 0.668359 0.364062 0.346094 0.684375 0.000477566
0 0.348437 0.525391 0.1375 0.149219 0.000506713
0 0.946875 0.375 0.10625 0.732813 0.000535715
0 0.71875 0.589063 0.129688 0.16875 0.000699824
0 0.325 0.446094 0.140625 0.25 0.000814521
0 0.279687 0.304297 0.0921875 0.110156 0.000823505
0 0.251953 0.301562 0.121094 0.176563 0.000825245
0 0.256641 0.320703 0.297656 0.486719 0.000902162
0 0.298047 0.249609 0.163281 0.300781 0.000934129
0 0.805078 0.612109 0.0789063 0.103906 0.000936449
0 0.826953 0.445312 0.169531 0.410937 0.00094176
0 0.265625 0.245312 0.125 0.204688 0.00102494
0 0.368359 0.400781 0.216406 0.432813 0.00103722
0 0.441797 0.335938 0.450781 0.671875 0.00105773
0 0.828516 0.560156 0.152344 0.315625 0.00112206
0 0.683203 0.458984 0.196094 0.416406 0.00113571
0 0.462109 0.205859 0.382031 0.411719 0.00129653
0 0.969531 0.436328 0.059375 0.682031 0.00148784
0 0.296875 0.386328 0.140625 0.277344 0.00168808
0 0.687109 0.548047 0.155469 0.232031 0.00172761
0 0.249609 0.467969 0.219531 0.407813 0.00184264
0 0.766797 0.576563 0.280469 0.326562 0.00189403
0 0.796875 0.3875 0.101562 0.128125 0.00214354
0 0.807031 0.6 0.132812 0.198437 0.00360094
0 0.777734 0.409766 0.153906 0.266406 0.00510678
0 0.344141 0.315625 0.311719 0.582812 0.00590714
0 0.354297 0.505859 0.178906 0.230469 0.00594211
0 0.735937 0.5875 0.21875 0.204688 0.00617341
0 0.301953 0.493359 0.250781 0.286719 0.00840652
0 0.739453 0.390625 0.236719 0.542188 0.00935148
0 0.278516 0.318359 0.147656 0.252344 0.0239765
0 0.783984 0.494531 0.183594 0.364062 0.064781
0 0.291797 0.392578 0.202344 0.400781 0.160634
