0 0.723828 0.553906 0.114844 0.192188 0.000102745
0 0.239063 0.224219 0.146875 0.20625 0.000105803
0 0.655078 0.594922 0.138281 0.205469 0.000106045
0 0.814062 0.635156 0.120312 0.190625 0.000108355
0 0.609766 0.217578 0.147656 0.197656 0.000109621
0 0.110937 0.601562 0.217187 0.796875 0.000113405
0 0.782031 0.594922 0.0796875 0.105469 0.000114095
0 0.628906 0.351562 0.1875 0.309375 0.000124092
0 0.701563 0.380859 0.146875 0.182031 0.000129752
0 0.716406 0.925781 0.303125 0.140625 0.000134117
0 0.286719 0.188281 0.201562 0.239063 0.000138695
0 0.659375 0.680859 0.245312 0.328906 0.000139253
0 0.860547 0.862109 0.253906 0.275781 0.000141806
0 0.947266 0.790234 0.105469 0.419531 0.000143354
0 0.200391 0.551172 0.125781 0.141406 0.000143718
0 0.719531 0.467187 0.139062 0.15 0.000145116
0 0.235938 0.405078 0.19375 0.199219 0.000147242
0 0.970312 0.651953 0.059375 0.685156 0.000148323
0 0.222266 0.592578 0.336719 0.496094 0.000155813
0 0.758984 0.654688 0.0820312 0.101562 0.00015702
0 0.610156 0.292188 0.135937 0.175 0.00016187
0 0.826172 0.546484 0.325781 0.786719 0.00017724
0 0.757812 0.714844 0.14375 0.1375 0.000177297
0 0.6375 0.846484 0.421875 0.300781 0.000208555
0 0.744531 0.596094 0.125 0.189063 0.000216326
0 0.978125 0.772266 0.04375 0.455469 0.000224576
0 0.284766 0.571484 0.192969 0.147656 0.000240712
0 0.163281 0.516016 0.178125 0.394531 0.000250197
0 0.780859 0.351562 0.175781 0.31875 0.000276574
0 0.769141 0.853125 0.216406 0.292188 0.000297594
0 0.782031 0.576563 0.103125 0.1875 0.000324785
0 0.844141 0.718359 0.242969 0.500781 0.000325266
0 0.742578 0.345313 0.0914062 0.1125 0.000342301
0 0.206641 0.262891 0.130469 0.182031 0.000354358
0 0.660937 0.282422 0.184375 0.205469 0.000357717
0 0.717969 0.241797 0.157813 0.185156 0.000408294
0 0.298047 0.470313 0.253906 0.378125 0.000414214
0 0.810938 0.539062 0.203125 0.598437 0.000444449
0 0.193359 0.516406 0.171094 0.234375 0.000457985
0 0.659375 0.51875 0.2375 0.542188 0.000468735
0 0.743359 0.421094 0.139844 0.246875 0.000496865
0 0.199609 0.342969 0.142969 0.273438 0.000509113
0 0.742578 0.653125 0.144531 0.15625 0.00052121
0 0.694531 0.568359 0.223438 0.282031 0.000549227
0 0.266797 0.238672 0.289844 0.349219 0.000561157
0 0.660156 0.637109 0.196875 0.203906 0.000562831
0 0.658594 0.200781 0.226562 0.254687 0.000563955
0 0.266406 0.521484 0.215625 0.228906 0.000616672
0 0.808594 0.627344 0.15 0.334375 0.000692431
0 0.757031 0.360156 0.126563 0.214062 0.00143873
0 0.225 0.502344 0.245312 0.332812 0.00146615
0 0.727734 0.783984 0.275781 0.422656 0.00167772
0 0.774609 0.564844 0.138281 0.301562 0.00208053
0 0.175 0.389844 0.184375 0.4125 0.00233973
0 0.767578 0.682422 0.235156 0.471094 0.00259374
0 0.701563 0.340234 0.207813 0.194531 0.00264135
0 0.230078 0.28125 0.189844 0.253125 0.0033353
0 0.716797 0.620703 0.316406 0.657031 0.00339486
0 0.773828 0.640625 0.164844 0.215625 0.00408595
0 0.729688 0.629297 0.245312 0.286719 0.00556443
0 0.735156 0.300781 0.135937 0.235938 0.00824899
0 0.757031 0.465625 0.192188 0.570312 0.00941638
0 0.722266 0.347656 0.192969 0.342187 0.0386172
0 0.698438 0.266016 0.223438 0.291406 0.0439199
0 0.701953 0.394531 0.255469 0.520312 0.229819
0 0.236328 0.371094 0.264844 0.498437 0.435545
