0 0.234375 0.464453 0.235938 0.528906 0.000101012
0 0.341797 0.3875 0.138281 0.19375 0.000105908
0 0.0269531 0.858594 0.0539063 0.282813 0.000112226
0 0.400781 0.228516 0.210938 0.213281 0.0001142
0 0.440625 0.158594 0.153125 0.146875 0.000116633
0 0.937891 0.192188 0.124219 0.34375 0.000118318
0 0.0140625 0.612109 0.028125 0.258594 0.000124475
0 0.328906 0.0609375 0.251563 0.121875 0.000126156
0 0.492188 0.484766 0.121875 0.203906 0.000128144
0 0.0238281 0.725781 0.0445312 0.39375 0.000128319
0 0.964453 0.520312 0.0710938 0.7 0.00012943
0 0.779297 0.701563 0.135156 0.264062 0.000133134
0 0.817969 0.816016 0.3375 0.288281 0.000133984
0 0.889844 0.466797 0.128125 0.246094 0.000135042
0 0.0148437 0.446875 0.0296875 0.2625 0.000136429
0 0.486719 0.344141 0.1125 0.127344 0.00013764
0 0.478125 0.771875 0.1375 0.2125 0.000138352
0 0.4375 0.0675781 0.198437 0.135156 0.000140673
0 0.888281 0.657422 0.154687 0.177344 0.000141352
0 0.75625 0.176172 0.139062 0.207031 0.000151436
0 0.293359 0.769531 0.110156 0.239063 0.000151502
0 0.30625 0.472266 0.0984375 0.207031 0.000156761
0 0.341797 0.470703 0.139844 0.233594 0.000161279
0 0.349219 0.271875 0.134375 0.190625 0.000166663
0 0.701172 0.0433594 0.160156 0.0820312 0.000167552
0 0.880469 0.779297 0.090625 0.111719 0.0001686
0 0.332422 0.319531 0.114844 0.221875 0.000178194
0 0.760156 0.530078 0.14375 0.246094 0.000181675
0 0.230469 0.479688 0.334375 0.784375 0.000187876
0 0.772656 0.361719 0.234375 0.382812 0.000188864
0 0.95 0.729297 0.1 0.374219 0.0001998
0 0.364844 0.576172 0.146875 0.252344 0.000200147
0 0.385156 0.100781 0.267188 0.201562 0.000215625
0 0.450391 0.571875 0.135156 0.209375 0.00021669
0 0.966406 0.311719 0.0671875 0.532812 0.000235866
0 0.277344 0.622266 0.167187 0.458594 0.000239604
0 0.0132813 0.529297 0.025 0.230469 0.000240254
0 0.489062 0.291797 0.126563 0.213281 0.000244428
0 0.764453 0.444922 0.163281 0.203906 0.00028554
0 0.761328 0.628516 0.152344 0.280469 0.000286291
0 0.467969 0.529297 0.129688 0.166406 0.000309268
0 0.896484 0.520703 0.174219 0.385156 0.000333088
0 0.818359 0.478125 0.250781 0.434375 0.000333467
0 0.800391 0.219922 0.211719 0.194531 0.000348713
0 0.423047 0.697656 0.189844 0.196875 0.000352184
0 0.873047 0.363281 0.133594 0.232812 0.00036297
0 0.3 0.482031 0.120312 0.35625 0.000381437
0 0.298047 0.441797 0.202344 0.621094 0.000381928
0 0.923437 0.698047 0.139062 0.269531 0.000390085
0 0.424609 0.616797 0.189844 0.216406 0.000395174
0 0.459375 0.21875 0.167187 0.25 0.000465159
0 0.0242187 0.440234 0.0453125 0.353906 0.00048838
0 0.922266 0.3125 0.146094 0.579687 0.000496973
0 0.328906 0.655859 0.135937 0.239844 0.000509835
0 0.360547 0.312891 0.180469 0.300781 0.000589964
0 0.364062 0.715234 0.198437 0.207031 0.000620016
0 0.325 0.398438 0.142188 0.320312 0.000653263
0 0.0226563 0.564844 0.040625 0.404687 0.000656162
0 0.321484 0.533594 0.119531 0.242188 0.000657011
0 0.849219 0.778125 0.0828125 0.110937 0.000663379
0 0.913672 0.796875 0.172656 0.26875 0.000698388
0 0.0300781 0.565234 0.0570313 0.646094 0.000704877
0 0.473047 0.483984 0.197656 0.566406 0.000822382
0 0.415234 0.530078 0.235156 0.366406 0.000887835
0 0.471484 0.521875 0.149219 0.329688 0.000990662
0 0.415625 0.737891 0.257812 0.300781 0.00113634
0 0.85 0.721875 0.126563 0.220313 0.00120625
0 0.830078 0.650391 0.258594 0.413281 0.00142543
0 0.891406 0.394141 0.159375 0.403906 0.00157205
0 0.384766 0.655859 0.213281 0.214844 0.00157784
0 0.790234 0.765625 0.192969 0.240625 0.00172406
0 0.888281 0.740625 0.145313 0.2125 0.00193315
0 0.732422 0.0632813 0.208594 0.123438 0.00194534
0 0.808984 0.352344 0.311719 0.58125 0.00204298
0 0.453516 0.644531 0.189844 0.373437 0.00212428
0 0.328125 0.717578 0.18125 0.307031 0.00222247
0 0.354688 0.446875 0.19375 0.465625 0.00238029
0 0.910547 0.6375 0.178906 0.454688 0.00344049
0 0.744531 0.129688 0.229687 0.257812 0.00412827
0 0.879687 0.530859 0.235938 0.682031 0.00427908
0 0.861328 0.304688 0.200781 0.421875 0.00563579
0 0.863281 0.786328 0.170312 0.186719 0.00602297
0 0.327734 0.56875 0.169531 0.446875 0.00636171
0 0.792188 0.192188 0.3 0.384375 0.0066795
0 0.392578 0.475391 0.296094 0.691406 0.0227611
0 0.877734 0.734766 0.228906 0.283594 0.0332148
0 0.383203 0.638281 0.263281 0.396875 0.100331
