0 0.367578 0.392188 0.0976562 0.170312 0.000104026
0 0.349609 0.190234 0.189844 0.219531 0.000111872
0 0.546875 0.452734 0.3625 0.599219 0.000114219
0 0.689453 0.255469 0.171094 0.234375 0.000114704
0 0.340234 0.655078 0.125781 0.144531 0.000116213
0 0.271484 0.665234 0.192969 0.174219 0.000120092
0 0.746094 0.427344 0.145313 0.276563 0.00012134
0 0.618359 0.716406 0.208594 0.201562 0.000126094
0 0.021875 0.396094 0.04375 0.3 0.000127252
0 0.0269531 0.651563 0.0523437 0.476562 0.000132825
0 0.369922 0.312891 0.116406 0.208594 0.000133191
0 0.703906 0.636328 0.135937 0.155469 0.00013525
0 0.0226563 0.520312 0.0453125 0.435937 0.000138946
0 0.719141 0.408984 0.0882813 0.116406 0.000141112
0 0.240234 0.626953 0.0867188 0.100781 0.000142259
0 0.0464844 0.647656 0.0914062 0.65 0.00014697
0 0.255859 0.258594 0.0757812 0.104687 0.00014773
0 0.611328 0.635547 0.0882813 0.108594 0.000150849
0 0.177734 0.6 0.275781 0.428125 0.000155205
0 0.624219 0.439453 0.16875 0.311719 0.00015655
0 0.744531 0.635547 0.090625 0.114844 0.000157079
0 0.194922 0.510938 0.0882813 0.107813 0.000160749
0 0.342578 0.477344 0.110156 0.16875 0.000184898
0 0.1625 0.639453 0.15625 0.224219 0.000190167
0 0.2 0.431641 0.0875 0.116406 0.000194322
0 0.650391 0.251953 0.150781 0.180469 0.000209461
0 0.345703 0.439063 0.142969 0.28125 0.000222678
0 0.441797 0.432422 0.411719 0.713281 0.000222739
0 0.746484 0.324219 0.175781 0.323438 0.000238159
0 0.250391 0.343359 0.125781 0.253906 0.00024852
0 0.785156 0.607031 0.165625 0.3125 0.000250862
0 0.700781 0.307813 0.120312 0.239063 0.000253629
0 0.225781 0.304688 0.109375 0.190625 0.000258157
0 0.685156 0.716797 0.146875 0.147656 0.000298042
0 0.330469 0.608594 0.129688 0.176563 0.00030345
0 0.598437 0.672266 0.148438 0.186719 0.00031448
0 0.695703 0.658594 0.303906 0.301562 0.000319127
0 0.194922 0.471094 0.0898438 0.115625 0.000339215
0 0.289844 0.244922 0.18125 0.247656 0.000343343
0 0.222656 0.628516 0.134375 0.150781 0.000370294
0 0.763281 0.604297 0.298438 0.438281 0.000421565
0 0.195703 0.321484 0.150781 0.346094 0.000434557
0 0.708594 0.464453 0.14375 0.266406 0.000442692
0 0.259766 0.610547 0.0867188 0.100781 0.000453604
0 0.232812 0.529297 0.132812 0.239844 0.000466733
0 0.320312 0.447266 0.245312 0.541406 0.000497324
0 0.332812 0.286719 0.215625 0.35 0.000572911
0 0.608203 0.579297 0.149219 0.252344 0.000592945
0 0.785156 0.4375 0.25 0.560938 0.000622123
0 0.68125 0.677734 0.192188 0.177344 0.000675194
0 0.651563 0.563281 0.235938 0.35 0.000691748
0 0.284375 0.320703 0.298438 0.503906 0.000708804
0 0.299609 0.632031 0.144531 0.148438 0.000964158
0 0.298828 0.572266 0.163281 0.227344 0.000989949
0 0.254297 0.265625 0.0992187 0.178125 0.00111071
0 0.196875 0.553125 0.13125 0.203125 0.00123024
0 0.760938 0.647266 0.1375 0.191406 0.00134524
0 0.738281 0.548047 0.126563 0.275781 0.0015689
0 0.671875 0.357812 0.201562 0.376563 0.00205458
0 0.253516 0.520703 0.213281 0.335156 0.00221019
0 0.632812 0.635156 0.190625 0.201562 0.00304696
0 0.754687 0.551172 0.170312 0.464844 0.00506434
0 0.262891 0.608203 0.166406 0.158594 0.00556698
0 0.726562 0.615234 0.178125 0.233594 0.00600021
0 0.220313 0.384766 0.123438 0.269531 0.00603769
0 0.199219 0.447656 0.11875 0.242188 0.00644761
0 0.245312 0.359766 0.173438 0.402344 0.00800118
0 0.687109 0.450391 0.278906 0.561719 0.00899758
0 0.219531 0.592578 0.189063 0.213281 0.00995445
0 0.185937 0.525781 0.154687 0.353125 0.0101504
0 0.230078 0.437109 0.272656 0.560156 0.0101591
0 0.716406 0.388672 0.11875 0.274219 0.0174521
0 0.210156 0.430078 0.15625 0.464844 0.187159
0 0.722266 0.447266 0.160156 0.485156 0.321796
