0 0.194141 0.535547 0.0851562 0.0992187 0.00010064
0 0.282813 0.321094 0.0734375 0.078125 0.000103207
0 0.745703 0.45 0.144531 0.257812 0.000103494
0 0.678906 0.383984 0.126563 0.174219 0.00011229
0 0.193359 0.659375 0.138281 0.2625 0.000117699
0 0.667188 0.523828 0.1875 0.282031 0.00013004
0 0.698047 0.814844 0.166406 0.175 0.00014538
0 0.299219 0.317969 0.11875 0.0984375 0.00015319
0 0.341406 0.649609 0.217187 0.352344 0.000186455
0 0.666016 0.388281 0.169531 0.265625 0.000189446
0 0.221094 0.351172 0.0953125 0.139844 0.000199447
0 0.266797 0.319922 0.124219 0.128906 0.000212833
0 0.231641 0.510547 0.139844 0.267969 0.000226203
0 0.201953 0.451172 0.111719 0.253906 0.000236503
0 0.260938 0.718359 0.0921875 0.105469 0.000257753
0 0.339063 0.355859 0.171875 0.278906 0.000260744
0 0.767187 0.749609 0.296875 0.332031 0.00026457
0 0.673437 0.478516 0.321875 0.647656 0.000274895
0 0.722656 0.364453 0.16875 0.200781 0.000278061
0 0.18125 0.594922 0.114063 0.196094 0.00028823
0 0.301172 0.703125 0.146094 0.157813 0.000290381
0 0.782812 0.547656 0.14375 0.285937 0.000325188
0 0.160547 0.721484 0.132031 0.246094 0.000357611
0 0.138672 0.81875 0.116406 0.234375 0.000367114
0 0.668359 0.302734 0.203906 0.239844 0.000430108
0 0.761719 0.658594 0.167187 0.2125 0.000431901
0 0.212891 0.337891 0.0507812 0.0601562 0.000434203
0 0.337891 0.698438 0.180469 0.209375 0.000516066
0 0.218359 0.344141 0.0710938 0.0867188 0.000561388
0 0.754297 0.366406 0.172656 0.296875 0.000570022
0 0.196875 0.536328 0.117188 0.241406 0.000574323
0 0.226953 0.40625 0.130469 0.240625 0.000632461
0 0.295312 0.295312 0.170312 0.157813 0.00072378
0 0.829297 0.594141 0.227344 0.566406 0.000728556
0 0.173438 0.569531 0.135937 0.353125 0.000771593
0 0.217578 0.740625 0.152344 0.198437 0.000878619
0 0.26875 0.372656 0.196875 0.295312 0.000886428
0 0.709375 0.751172 0.217187 0.253906 0.000896034
0 0.706641 0.647266 0.258594 0.392969 0.00102903
0 0.2625 0.793359 0.279687 0.283594 0.00103104
0 0.791016 0.446484 0.160156 0.369531 0.00141748
0 0.308594 0.532031 0.284375 0.610937 0.0017374
0 0.137109 0.762109 0.0976562 0.144531 0.00177406
0 0.257812 0.723047 0.14375 0.152344 0.00189662
0 0.204297 0.488672 0.150781 0.419531 0.00382487
0 0.727344 0.416797 0.226562 0.455469 0.00447529
0 0.769531 0.678125 0.21875 0.325 0.00489862
0 0.29375 0.730078 0.226562 0.203906 0.00493334
0 0.173047 0.775781 0.196094 0.217187 0.00663935
0 0.192969 0.650391 0.192188 0.391406 0.00694731
0 0.227734 0.552344 0.241406 0.576563 0.0307744
0 0.218359 0.737891 0.239844 0.253906 0.035719
0 0.762109 0.527344 0.228906 0.545313 0.305976
