0 0.824609 0.553516 0.0804688 0.108594 0.000100571
0 0.796875 0.430469 0.126563 0.204688 0.000101144
0 0.977344 0.479688 0.0453125 0.389062 0.000106995
0 0.840625 0.516016 0.10625 0.199219 0.000115778
0 0.36875 0.596875 0.132812 0.175 0.000119757
0 0.489062 0.0777344 0.220313 0.150781 0.0001203
0 0.84375 0.574609 0.0796875 0.117969 0.000124429
0 0.342969 0.533203 0.1375 0.169531 0.000126165
0 0.868359 0.528906 0.161719 0.348437 0.000127803
0 0.384766 0.529688 0.138281 0.25625 0.000130446
0 0.432422 0.257812 0.188281 0.45 0.000131147
0 0.613672 0.964844 0.0992187 0.059375 0.000134597
0 0.661719 0.528906 0.0828125 0.103125 0.000136568
0 0.673437 0.321875 0.15625 0.171875 0.000137142
0 0.702734 0.445703 0.178906 0.189844 0.000140897
0 0.381641 0.31875 0.189844 0.246875 0.00016013
0 0.183203 0.534766 0.194531 0.422656 0.0001612
0 0.282813 0.511719 0.185937 0.190625 0.000165024
0 0.239063 0.467187 0.0921875 0.154687 0.000165132
0 0.697266 0.607422 0.138281 0.157031 0.000173527
0 0.244922 0.403125 0.113281 0.18125 0.000192775
0 0.719922 0.530469 0.135156 0.20625 0.000197534
0 0.472656 0.211719 0.33125 0.423438 0.000216887
0 0.435937 0.0996094 0.232812 0.199219 0.000221466
0 0.667578 0.564062 0.113281 0.18125 0.000229903
0 0.247266 0.604297 0.310156 0.457031 0.000232699
0 0.867969 0.599609 0.128125 0.214844 0.000235587
0 0.323828 0.341016 0.139844 0.177344 0.000248148
0 0.284766 0.448438 0.186719 0.190625 0.000249368
0 0.322266 0.574219 0.169531 0.173438 0.000268507
0 0.353125 0.340234 0.321875 0.414844 0.00028229
0 0.653906 0.275781 0.170312 0.204688 0.000284169
0 0.635547 0.964063 0.119531 0.071875 0.000295351
0 0.666406 0.519922 0.148438 0.310156 0.00029758
0 0.758203 0.428516 0.146094 0.163281 0.000297702
0 0.224219 0.510938 0.0953125 0.220313 0.000371114
0 0.783203 0.573047 0.149219 0.178906 0.0003902
0 0.414062 0.51875 0.203125 0.432813 0.000442738
0 0.377734 0.658203 0.161719 0.160156 0.000446129
0 0.230078 0.653906 0.138281 0.16875 0.00046532
0 0.757422 0.492578 0.194531 0.207031 0.000488736
0 0.806641 0.619922 0.232031 0.214844 0.000490657
0 0.299219 0.667578 0.260938 0.203906 0.000541294
0 0.477734 0.145703 0.241406 0.291406 0.000574452
0 0.408203 0.610937 0.147656 0.214062 0.000590064
0 0.326172 0.405469 0.132031 0.225 0.000614513
0 0.739844 0.575391 0.140625 0.153906 0.000624565
0 0.66875 0.440234 0.232812 0.392969 0.000634019
0 0.254687 0.399219 0.192188 0.279687 0.000694173
0 0.276172 0.597656 0.235156 0.276563 0.000894792
0 0.802344 0.512109 0.142188 0.272656 0.000964157
0 0.703516 0.323438 0.238281 0.295312 0.00143862
0 0.230469 0.559375 0.132812 0.310937 0.00172324
0 0.364453 0.594531 0.205469 0.2625 0.0017599
0 0.373828 0.444531 0.216406 0.392188 0.00219361
0 0.708203 0.568359 0.197656 0.211719 0.00290256
0 0.836328 0.566406 0.144531 0.220313 0.00325074
0 0.809766 0.480078 0.208594 0.388281 0.00331559
0 0.241797 0.515234 0.188281 0.441406 0.00332998
0 0.316406 0.369922 0.214062 0.269531 0.00740372
0 0.761328 0.557031 0.260156 0.271875 0.0266668
0 0.316016 0.473437 0.285156 0.498437 0.350582
0 0.729297 0.437109 0.307031 0.517969 0.367552
