0 0.741406 0.641016 0.240625 0.308594 0.000106013
0 0.264844 0.550391 0.140625 0.280469 0.000107391
0 0.517969 0.532812 0.304688 0.4 0.000110878
0 0.237109 0.657031 0.138281 0.175 0.000131861
0 0.783594 0.36875 0.142188 0.245312 0.000138307
0 0.259766 0.402344 0.160156 0.375 0.00014875
0 0.842188 0.630859 0.204688 0.258594 0.000155598
0 0.333203 0.175781 0.0664062 0.0765625 0.000183522
0 0.303906 0.390234 0.134375 0.267969 0.000208532
0 0.277734 0.304688 0.133594 0.317187 0.000225966
0 0.301562 0.216406 0.0640625 0.1375 0.000232582
0 0.384375 0.653906 0.0859375 0.090625 0.000253256
0 0.76875 0.276172 0.153125 0.310156 0.000297729
0 0.311328 0.182031 0.0492188 0.0734375 0.000306203
0 0.667969 0.455859 0.334375 0.505469 0.000332299
0 0.407813 0.103125 0.059375 0.0796875 0.000348917
0 0.3375 0.217578 0.132812 0.178906 0.000378421
0 0.28125 0.634766 0.214062 0.242969 0.000383708
0 0.318359 0.190234 0.0710938 0.107031 0.000441636
0 0.313281 0.272656 0.121875 0.253125 0.000479455
0 0.41875 0.528125 0.225 0.370313 0.000529467
0 0.338672 0.446094 0.186719 0.201562 0.000538817
0 0.7375 0.327734 0.226562 0.442969 0.000597741
0 0.828516 0.477344 0.213281 0.425 0.000779373
0 0.383594 0.653516 0.129688 0.132031 0.000835799
0 0.409375 0.626172 0.176563 0.217969 0.000914552
0 0.285547 0.469922 0.141406 0.271094 0.000962871
0 0.352734 0.644531 0.228906 0.192188 0.00121541
0 0.796875 0.364062 0.182812 0.382812 0.00183485
0 0.258984 0.518359 0.200781 0.422656 0.00221319
0 0.372656 0.399219 0.2625 0.55625 0.00274661
0 0.789062 0.578125 0.259375 0.346875 0.00323871
0 0.345703 0.587109 0.330469 0.397656 0.00361179
0 0.309375 0.347266 0.16875 0.446094 0.00387873
0 0.317187 0.477734 0.239063 0.483594 0.264697
0 0.778516 0.439453 0.277344 0.577344 0.445967
