0 0.387109 0.232422 0.0820312 0.0929687 0.000106545
0 0.750391 0.178516 0.0429688 0.0789063 0.000108916
0 0.723828 0.196875 0.0429688 0.05625 0.00011102
0 0.738672 0.194922 0.0585938 0.0773437 0.000111136
0 0.680469 0.623438 0.235938 0.370313 0.000114782
0 0.703906 0.483984 0.104687 0.125781 0.000118583
0 0.211719 0.523047 0.146875 0.297656 0.000122489
0 0.400391 0.150781 0.164844 0.2 0.000125696
0 0.685547 0.557031 0.319531 0.55625 0.000127307
0 0.264453 0.399219 0.0882813 0.107813 0.000128843
0 0.319531 0.237891 0.0984375 0.153906 0.000129778
0 0.762109 0.300781 0.0773437 0.13125 0.000134249
0 0.739453 0.210547 0.0367187 0.0585938 0.000138147
0 0.761328 0.282422 0.0492188 0.0617188 0.000141003
0 0.797656 0.332031 0.104687 0.215625 0.000142696
0 0.803125 0.471875 0.0875 0.114063 0.000144018
0 0.305859 0.221875 0.0773437 0.1 0.000144056
0 0.949609 0.225391 0.100781 0.419531 0.000147415
0 0.398828 0.233203 0.117969 0.146094 0.00015
0 0.305469 0.599609 0.235938 0.172656 0.000169576
0 0.765234 0.588672 0.146094 0.197656 0.000189584
0 0.757812 0.169922 0.028125 0.0507812 0.000194331
0 0.330469 0.197266 0.115625 0.142969 0.000197095
0 0.238672 0.513281 0.119531 0.215625 0.000204465
0 0.384375 0.55 0.090625 0.121875 0.000217137
0 0.315625 0.348047 0.0921875 0.108594 0.0002227
0 0.746094 0.448047 0.15 0.247656 0.000230596
0 0.720312 0.380859 0.103125 0.138281 0.000244158
0 0.844531 0.622266 0.157813 0.205469 0.000256094
0 0.286719 0.243359 0.0546875 0.0789063 0.000265776
0 0.352344 0.175781 0.0796875 0.090625 0.000283912
0 0.303125 0.401953 0.0921875 0.114844 0.000296143
0 0.400391 0.530859 0.130469 0.191406 0.000308849
0 0.33125 0.344531 0.142188 0.176563 0.000317892
0 0.283984 0.328906 0.0882813 0.114063 0.000325252
0 0.766406 0.324609 0.11875 0.182031 0.000339354
0 0.234766 0.585938 0.166406 0.189063 0.000353378
0 0.803125 0.512109 0.084375 0.111719 0.000354177
0 0.833203 0.493359 0.114844 0.214844 0.000367355
0 0.283203 0.488672 0.183594 0.208594 0.000378429
0 0.395312 0.454688 0.160938 0.257812 0.000378631
0 0.798047 0.391406 0.0851562 0.1125 0.00039013
0 0.284766 0.257812 0.0820312 0.146875 0.000431498
0 0.253906 0.365625 0.126563 0.178125 0.000497564
0 0.327734 0.425391 0.0914062 0.108594 0.000513207
0 0.386719 0.282031 0.184375 0.326562 0.000525448
0 0.355859 0.547266 0.142969 0.160156 0.000544198
0 0.707031 0.401563 0.178125 0.25625 0.000573113
0 0.698438 0.599609 0.14375 0.177344 0.000598158
0 0.748047 0.508984 0.197656 0.210156 0.000606815
0 0.8 0.408203 0.10625 0.197656 0.000613897
0 0.275391 0.550391 0.230469 0.228906 0.000627306
0 0.262891 0.509766 0.288281 0.369531 0.00062794
0 0.289062 0.249219 0.123438 0.2 0.000650175
0 0.342578 0.465625 0.127344 0.20625 0.000674741
0 0.729297 0.344531 0.133594 0.140625 0.000820418
0 0.764063 0.368359 0.15 0.292969 0.000984488
0 0.267969 0.421484 0.139062 0.239844 0.00126089
0 0.366016 0.394531 0.210156 0.314063 0.00128938
0 0.384375 0.196484 0.126563 0.149219 0.00146419
0 0.724609 0.346875 0.0851562 0.090625 0.00161541
0 0.365234 0.161328 0.114844 0.125781 0.00184502
0 0.346094 0.508984 0.1875 0.244531 0.00206499
0 0.743359 0.585938 0.232031 0.251563 0.00224482
0 0.285547 0.366406 0.0929687 0.1125 0.00240573
0 0.271875 0.305469 0.120312 0.245312 0.00297166
0 0.825391 0.449219 0.147656 0.36875 0.00306526
0 0.255078 0.440234 0.196094 0.349219 0.00377923
0 0.357812 0.214453 0.15625 0.211719 0.00442657
0 0.322656 0.419922 0.148438 0.167969 0.00598876
0 0.320703 0.313672 0.275781 0.422656 0.00609933
0 0.800781 0.470313 0.132812 0.246875 0.0118201
0 0.747266 0.448828 0.227344 0.391406 0.0123621
0 0.830469 0.556641 0.1625 0.274219 0.0146271
0 0.316406 0.440625 0.217187 0.3125 0.0245372
0 0.308984 0.283984 0.167969 0.300781 0.0339893
0 0.7875 0.520703 0.203125 0.321094 0.197386
0 0.294922 0.366406 0.166406 0.23125 0.223348
