0 0.759766 0.534375 0.0835937 0.107813 0.000103165
0 0.8 0.690234 0.0953125 0.142969 0.000103875
0 0.283984 0.169922 0.133594 0.136719 0.000104182
0 0.774609 0.495313 0.110156 0.210938 0.000106984
0 0.107422 0.177344 0.214844 0.353125 0.000109581
0 0.699609 0.259375 0.0617188 0.084375 0.000110167
0 0.634766 0.40625 0.114844 0.20625 0.00011328
0 0.760156 0.572656 0.0875 0.114063 0.000116844
0 0.701563 0.34375 0.121875 0.171875 0.000119632
0 0.0535156 0.439453 0.107031 0.497656 0.000124336
0 0.713281 0.762891 0.323438 0.375781 0.000125649
0 0.319531 0.255859 0.129688 0.202344 0.000127708
0 0.125 0.403906 0.173438 0.423438 0.000128283
0 0.746094 0.270703 0.15 0.264844 0.00013246
0 0.638672 0.0625 0.378906 0.125 0.000132942
0 0.175 0.366797 0.0796875 0.0976562 0.000134207
0 0.212109 0.238672 0.161719 0.199219 0.000137941
0 0.38125 0.480859 0.165625 0.328906 0.000140588
0 0.134766 0.549219 0.0851562 0.104687 0.000142076
0 0.297656 0.238672 0.071875 0.0835937 0.000146263
0 0.810938 0.472656 0.201562 0.559375 0.000146298
0 0.303125 0.196875 0.08125 0.10625 0.0001463
0 0.294531 0.471094 0.090625 0.096875 0.000146929
0 0.06875 0.135156 0.132812 0.267188 0.000148057
0 0.517187 0.246094 0.129688 0.232812 0.000152532
0 0.0238281 0.479688 0.0476562 0.409375 0.000155824
0 0.259766 0.221484 0.0773437 0.108594 0.000157869
0 0.660156 0.610547 0.203125 0.207031 0.000159591
0 0.298828 0.454297 0.147656 0.180469 0.000166578
0 0.185937 0.582422 0.307813 0.219531 0.000168711
0 0.393359 0.230078 0.166406 0.267969 0.000169261
0 0.862109 0.0378906 0.261719 0.0757812 0.000171996
0 0.737891 0.428906 0.102344 0.140625 0.000173167
0 0.19375 0.408594 0.132812 0.19375 0.000181257
0 0.366406 0.220313 0.282813 0.354688 0.000187049
0 0.701563 0.280859 0.103125 0.142969 0.000187091
0 0.328516 0.535156 0.291406 0.360938 0.000187294
0 0.346094 0.551953 0.1875 0.246094 0.000191582
0 0.762891 0.673437 0.182031 0.176563 0.000191811
0 0.736328 0.364062 0.105469 0.204688 0.000195645
0 0.160156 0.430469 0.1125 0.203125 0.000206413
0 0.142188 0.0390625 0.275 0.0765625 0.000218962
0 0.723047 0.336328 0.0710938 0.0960938 0.000220614
0 0.657031 0.449219 0.13125 0.260938 0.000231595
0 0.634375 0.124609 0.384375 0.249219 0.000232312
0 0.776563 0.552734 0.0796875 0.110156 0.000232409
0 0.598437 0.313672 0.16875 0.299219 0.000237435
0 0.237109 0.273828 0.116406 0.152344 0.000238544
0 0.0933594 0.470313 0.147656 0.36875 0.000240141
0 0.592578 0.540625 0.244531 0.410937 0.000243598
0 0.105078 0.58125 0.144531 0.15625 0.000246731
0 0.259766 0.254687 0.0695312 0.0796875 0.000261572
0 0.489453 0.202344 0.288281 0.404687 0.000263139
0 0.694531 0.282031 0.167187 0.207813 0.000271446
0 0.693359 0.283203 0.214844 0.330469 0.000272802
0 0.219531 0.212109 0.33125 0.349219 0.000272803
0 0.241406 0.238281 0.0765625 0.096875 0.000277624
0 0.384766 0.394141 0.216406 0.516406 0.000287265
0 0.93125 0.189063 0.1375 0.378125 0.000301377
0 0.551562 0.283594 0.128125 0.235938 0.000312094
0 0.741016 0.450391 0.128906 0.239844 0.000314622
0 0.798437 0.655469 0.071875 0.1125 0.000339909
0 0.137109 0.495313 0.130469 0.210938 0.000362003
0 0.894141 0.0683594 0.211719 0.136719 0.000365703
0 0.196875 0.322266 0.123438 0.203906 0.000381172
0 0.176563 0.308984 0.226562 0.422656 0.00039191
0 0.0886719 0.0679687 0.177344 0.135937 0.000454762
0 0.174609 0.367578 0.110156 0.191406 0.000462631
0 0.626953 0.561328 0.194531 0.258594 0.000468177
0 0.448828 0.308203 0.302344 0.414844 0.000476727
0 0.24375 0.453906 0.1375 0.221875 0.000477501
0 0.332031 0.193359 0.145313 0.163281 0.000489622
0 0.850781 0.26875 0.289062 0.53125 0.000501701
0 0.619141 0.4 0.166406 0.382812 0.000506236
0 0.278516 0.240234 0.108594 0.114844 0.000506576
0 0.800781 0.075 0.379687 0.15 0.000540869
0 0.542969 0.361719 0.359375 0.49375 0.000568021
0 0.699609 0.473437 0.169531 0.2 0.000612767
0 0.336719 0.269922 0.176563 0.327344 0.000616307
0 0.170312 0.364844 0.142188 0.323438 0.000637171
0 0.6 0.216406 0.265625 0.392188 0.000730127
0 0.284766 0.554688 0.164844 0.214062 0.00086715
0 0.719141 0.363281 0.153906 0.3125 0.000917779
0 0.135156 0.10625 0.26875 0.2125 0.00100441
0 0.725781 0.314063 0.0953125 0.145313 0.0010196
0 0.247656 0.232031 0.117188 0.151562 0.00105437
0 0.859375 0.138281 0.275 0.276563 0.00114642
0 0.226172 0.318359 0.175781 0.282031 0.00115799
0 0.644141 0.307813 0.296094 0.479688 0.00141309
0 0.746094 0.216797 0.460938 0.427344 0.00142672
0 0.736328 0.514844 0.150781 0.221875 0.00175233
0 0.14375 0.547266 0.182812 0.185156 0.00177036
0 0.759766 0.555469 0.124219 0.196875 0.0018237
0 0.795313 0.634375 0.114063 0.21875 0.00206096
0 0.530078 0.283984 0.238281 0.357031 0.00228461
0 0.291797 0.211719 0.166406 0.184375 0.00232264
0 0.719922 0.644141 0.267969 0.283594 0.00233752
0 0.317187 0.46875 0.18125 0.298438 0.00235494
0 0.720703 0.571484 0.150781 0.207031 0.00239834
0 0.262891 0.474609 0.0898438 0.0867188 0.00268745
0 0.787109 0.530859 0.136719 0.342969 0.00276665
0 0.316016 0.367578 0.221094 0.505469 0.00337749
0 0.748828 0.451172 0.157031 0.392969 0.00354037
0 0.680078 0.531641 0.164844 0.211719 0.00403919
0 0.745313 0.380469 0.35625 0.714063 0.00495526
0 0.666797 0.484766 0.199219 0.357031 0.00526829
0 0.2625 0.491797 0.11875 0.133594 0.0064502
0 0.165625 0.469531 0.201562 0.30625 0.0082973
0 0.759766 0.599219 0.172656 0.257812 0.0167017
0 0.220313 0.514453 0.253125 0.208594 0.018143
0 0.274219 0.494141 0.159375 0.205469 0.0233877
0 0.708203 0.416797 0.242969 0.521094 0.0286045
0 0.23125 0.377734 0.278125 0.482031 0.0384714
0 0.716406 0.549219 0.23125 0.321875 0.171454
