0 0.282422 0.950391 0.138281 0.0914062 0.00010733
0 0.656641 0.470703 0.400781 0.566406 0.000110965
0 0.682813 0.0761719 0.148438 0.147656 0.00011202
0 0.740234 0.471484 0.224219 0.424219 0.000113716
0 0.7625 0.383594 0.23125 0.210938 0.000117199
0 0.282031 0.0730469 0.0921875 0.117969 0.000121409
0 0.0316406 0.922266 0.0632813 0.155469 0.000123796
0 0.328125 0.2375 0.139062 0.178125 0.000124299
0 0.811328 0.961328 0.336719 0.0742188 0.000127345
0 0.255078 0.257812 0.136719 0.21875 0.000128978
0 0.311719 0.725781 0.395312 0.515625 0.000130902
0 0.447656 0.966406 0.140625 0.0640625 0.000139258
0 0.952344 0.0910156 0.0953125 0.182031 0.000141049
0 0.897656 0.314063 0.204688 0.546875 0.000141451
0 0.0261719 0.733203 0.0492188 0.461719 0.000146041
0 0.982422 0.237109 0.0351562 0.261719 0.000146203
0 0.738281 0.0386719 0.0890625 0.0773437 0.000159364
0 0.426172 0.980078 0.186719 0.0382813 0.000162476
0 0.233594 0.870313 0.36875 0.259375 0.000164682
0 0.723047 0.0691406 0.0914062 0.117969 0.000167854
0 0.761328 0.0894531 0.0898438 0.117969 0.00016921
0 0.342187 0.0183594 0.2 0.0351562 0.000169908
0 0.199609 0.319922 0.0898438 0.153906 0.000173305
0 0.807031 0.721875 0.339063 0.501562 0.00017389
0 0.897656 0.896094 0.204688 0.207813 0.000176876
0 0.728125 0.626172 0.357812 0.642969 0.000177171
0 0.982031 0.0949219 0.0359375 0.188281 0.000179588
0 0.939844 0.163281 0.120312 0.326562 0.000184574
0 0.683594 0.960938 0.3125 0.0765625 0.000192614
0 0.364453 0.980469 0.175781 0.0375 0.000194764
0 0.0164062 0.886328 0.0328125 0.227344 0.000200492
0 0.682422 0.775391 0.214844 0.325781 0.000201625
0 0.202734 0.244531 0.103906 0.221875 0.000220621
0 0.407422 0.949609 0.141406 0.0945313 0.000222815
0 0.614453 0.948047 0.250781 0.102344 0.000225961
0 0.106641 0.884375 0.208594 0.228125 0.000230915
0 0.239844 0.966406 0.196875 0.065625 0.000236837
0 0.974609 0.526563 0.0507812 0.448438 0.000252386
0 0.944141 0.849609 0.111719 0.299219 0.000257679
0 0.344922 0.949609 0.139844 0.0929687 0.000283423
0 0.360547 0.0527344 0.203906 0.105469 0.000308076
0 0.280078 0.220703 0.221094 0.213281 0.000318423
0 0.741016 0.265625 0.257031 0.19375 0.000319102
0 0.481641 0.737109 0.241406 0.416406 0.000320085
0 0.967188 0.772266 0.065625 0.442969 0.000327079
0 0.0554687 0.897266 0.110937 0.203906 0.000332845
0 0.28125 0.03125 0.0875 0.0625 0.000333526
0 0.14375 0.937891 0.265625 0.119531 0.000336653
0 0.0273438 0.853516 0.0546875 0.291406 0.000362071
0 0.603125 0.735547 0.339063 0.474219 0.00037845
0 0.820703 0.280859 0.121094 0.172656 0.000389839
0 0.263672 0.292188 0.250781 0.270312 0.000396431
0 0.858203 0.933984 0.283594 0.128906 0.000411807
0 0.0546875 0.785156 0.107813 0.429688 0.000416964
0 0.560156 0.961719 0.235938 0.075 0.00048074
0 0.96875 0.566797 0.0625 0.727344 0.000540401
0 0.936719 0.376563 0.126563 0.753125 0.000545183
0 0.446875 0.928516 0.234375 0.142969 0.000549578
0 0.780078 0.323828 0.227344 0.199219 0.000562298
0 0.785156 0.238281 0.160938 0.201562 0.00057416
0 0.694922 0.04375 0.203906 0.084375 0.000581386
0 0.835156 0.355469 0.189063 0.309375 0.000604754
0 0.783594 0.0804688 0.145313 0.159375 0.000648385
0 0.458984 0.732031 0.467969 0.535937 0.000654103
0 0.688281 0.300391 0.214062 0.296094 0.000654778
0 0.191406 0.269141 0.154687 0.316406 0.000689298
0 0.794141 0.902344 0.397656 0.192188 0.000715862
0 0.970312 0.155078 0.059375 0.310156 0.000738206
0 0.283203 0.01875 0.116406 0.0375 0.000741482
0 0.282813 0.0546875 0.146875 0.107813 0.000751021
0 0.908594 0.795313 0.182812 0.409375 0.00077445
0 0.371484 0.226172 0.122656 0.182031 0.000783087
0 0.671875 0.0996094 0.253125 0.196094 0.000813537
0 0.687891 0.815234 0.349219 0.369531 0.000852569
0 0.247266 0.942969 0.263281 0.110937 0.000924935
0 0.699609 0.937109 0.396094 0.124219 0.000933976
0 0.24375 0.153125 0.140625 0.209375 0.000987608
0 0.695703 0.190625 0.258594 0.357812 0.00109277
0 0.941797 0.622656 0.113281 0.751562 0.00111408
0 0.221484 0.29375 0.144531 0.225 0.00111871
0 0.475 0.962109 0.25625 0.0757812 0.00114717
0 0.307813 0.0347656 0.167187 0.0695312 0.00118367
0 0.968359 0.3125 0.0632813 0.617188 0.00130091
0 0.316797 0.962891 0.225781 0.0726563 0.00134535
0 0.75625 0.0570313 0.128125 0.114063 0.0014979
0 0.367578 0.148828 0.172656 0.291406 0.00149986
0 0.886328 0.544141 0.227344 0.794531 0.00177788
0 0.394141 0.9625 0.232031 0.075 0.00198311
0 0.391016 0.816016 0.341406 0.367969 0.00235202
0 0.317969 0.910937 0.304688 0.178125 0.00264475
0 0.342969 0.216016 0.203125 0.280469 0.00269581
0 0.327734 0.08125 0.211719 0.1625 0.00286667
0 0.836719 0.365625 0.246875 0.529688 0.0029421
0 0.799219 0.175391 0.121875 0.277344 0.00294917
0 0.803516 0.523438 0.335156 0.689062 0.0029594
0 0.526953 0.9375 0.336719 0.121875 0.00362664
0 0.535156 0.814062 0.385938 0.36875 0.00365203
0 0.609766 0.879297 0.377344 0.239844 0.00374046
0 0.804297 0.261719 0.164844 0.332812 0.0042084
0 0.255859 0.0914062 0.164844 0.182812 0.00491545
0 0.376172 0.940625 0.294531 0.115625 0.0059038
0 0.749219 0.369531 0.290625 0.385938 0.00637
0 0.455469 0.884375 0.34375 0.229687 0.00777805
0 0.233984 0.214453 0.177344 0.367969 0.0127804
0 0.735156 0.0890625 0.175 0.178125 0.0209926
0 0.775781 0.252734 0.242188 0.472656 0.0239516
0 0.284375 0.135937 0.221875 0.271875 0.0995077
0 0.761719 0.141797 0.189063 0.283594 0.179462
