0 0.6625 0.448438 0.129688 0.203125 0.000101222
0 0.364453 0.3875 0.0789063 0.117188 0.000102185
0 0.252344 0.382812 0.101562 0.192188 0.000104467
0 0.0269531 0.479297 0.0507812 0.483594 0.000111695
0 0.278906 0.240625 0.13125 0.167187 0.000113898
0 0.640625 0.719531 0.19375 0.195312 0.00011516
0 0.979297 0.858203 0.0414063 0.264844 0.000124928
0 0.695312 0.3875 0.08125 0.154687 0.000126323
0 0.183984 0.6875 0.296094 0.451562 0.000131839
0 0.577344 0.160938 0.11875 0.128125 0.000136946
0 0.670313 0.802734 0.115625 0.125781 0.000138863
0 0.187891 0.468359 0.313281 0.650781 0.000157563
0 0.241016 0.511719 0.136719 0.18125 0.000164797
0 0.974609 0.602734 0.0507812 0.439844 0.00016512
0 0.679688 0.677344 0.134375 0.214062 0.000165205
0 0.641016 0.553906 0.171094 0.185937 0.000166167
0 0.694922 0.428906 0.105469 0.245312 0.000169091
0 0.238281 0.451172 0.121875 0.227344 0.000174754
0 0.962109 0.605859 0.0757812 0.664844 0.000175528
0 0.674609 0.264062 0.0851562 0.153125 0.000184877
0 0.345703 0.185156 0.139844 0.15 0.000186457
0 0.598047 0.397656 0.322656 0.651563 0.000196649
0 0.216797 0.614844 0.0914062 0.090625 0.000204427
0 0.571484 0.746094 0.167969 0.207813 0.000205647
0 0.285937 0.739062 0.170312 0.146875 0.000217854
0 0.353906 0.35625 0.10625 0.165625 0.000224887
0 0.0457031 0.476953 0.0882813 0.705469 0.000229625
0 0.664453 0.615234 0.147656 0.264844 0.000241904
0 0.680859 0.354297 0.136719 0.288281 0.00026946
0 0.610547 0.225781 0.186719 0.203125 0.000278637
0 0.719141 0.483984 0.183594 0.566406 0.000281782
0 0.332031 0.605859 0.196875 0.314844 0.00030199
0 0.219922 0.387109 0.105469 0.239844 0.000303372
0 0.670703 0.239063 0.0617188 0.103125 0.000320979
0 0.597266 0.191406 0.132031 0.14375 0.000338428
0 0.650391 0.230078 0.144531 0.161719 0.000401071
0 0.321484 0.681641 0.153906 0.238281 0.000414561
0 0.325781 0.38125 0.16875 0.3875 0.000420027
0 0.680078 0.509375 0.141406 0.195312 0.000426565
0 0.319922 0.222656 0.152344 0.209375 0.000458424
0 0.725 0.607031 0.295312 0.55 0.000511687
0 0.645312 0.4 0.210938 0.379687 0.000522543
0 0.533203 0.521484 0.335156 0.760156 0.000572291
0 0.696875 0.569922 0.1375 0.258594 0.00058896
0 0.271875 0.616406 0.204688 0.214062 0.000625367
0 0.204688 0.653516 0.134375 0.250781 0.00062782
0 0.246094 0.305078 0.128125 0.205469 0.000654289
0 0.583984 0.526172 0.217969 0.517969 0.000729895
0 0.239844 0.45 0.165625 0.340625 0.00073982
0 0.289062 0.291797 0.179688 0.269531 0.000762425
0 0.635547 0.288281 0.197656 0.3125 0.000801799
0 0.228906 0.319141 0.0859375 0.130469 0.000853005
0 0.682031 0.748828 0.160938 0.211719 0.000876446
0 0.259375 0.552734 0.185937 0.217969 0.000976839
0 0.603516 0.690234 0.233594 0.327344 0.0012471
0 0.296094 0.409766 0.257812 0.685156 0.00150196
0 0.197266 0.550781 0.182031 0.425 0.00299445
0 0.678125 0.49375 0.164062 0.34375 0.0033067
0 0.223047 0.594141 0.135156 0.252344 0.00432758
0 0.679297 0.658984 0.194531 0.405469 0.0125451
0 0.233203 0.65 0.222656 0.314063 0.0132921
0 0.263672 0.551953 0.242969 0.457031 0.272281
0 0.653516 0.545313 0.233594 0.58125 0.289538
