0 0.839844 0.159375 0.320312 0.31875 0.000100984
0 0.762109 0.205859 0.0710938 0.0773437 0.000101442
0 0.823438 0.489062 0.104687 0.251563 0.000102617
0 0.369141 0.244141 0.142969 0.164844 0.000104356
0 0.326562 0.323828 0.0859375 0.113281 0.000107129
0 0.264453 0.571875 0.111719 0.254687 0.000107156
0 0.382422 0.363281 0.0882813 0.0984375 0.000109503
0 0.704297 0.675781 0.133594 0.18125 0.00011102
0 0.875391 0.609375 0.160156 0.440625 0.000112801
0 0.343359 0.345703 0.0835937 0.111719 0.000113468
0 0.344531 0.401563 0.0828125 0.110937 0.000115309
0 0.844922 0.74375 0.299219 0.310937 0.000116284
0 0.473047 0.309766 0.303906 0.358594 0.000116841
0 0.823438 0.697266 0.0859375 0.108594 0.00011822
0 0.707031 0.519922 0.153125 0.311719 0.000118318
0 0.84375 0.736328 0.0859375 0.0882813 0.000120727
0 0.266797 0.488281 0.113281 0.270312 0.000123426
0 0.781641 0.301172 0.0773437 0.100781 0.000123455
0 0.842188 0.574219 0.107813 0.225 0.00012555
0 0.817969 0.405469 0.1 0.21875 0.000126024
0 0.894141 0.704687 0.147656 0.267188 0.000134389
0 0.428125 0.403516 0.115625 0.188281 0.000136353
0 0.269141 0.630859 0.272656 0.424219 0.000137634
0 0.412891 0.630469 0.335156 0.435937 0.00013799
0 0.679688 0.239844 0.128125 0.135937 0.0001458
0 0.343359 0.302734 0.0851562 0.111719 0.000147152
0 0.319531 0.730469 0.301562 0.26875 0.000148899
0 0.324609 0.383984 0.0851562 0.103906 0.000149735
0 0.667188 0.308203 0.18125 0.264844 0.000156217
0 0.4375 0.075 0.44375 0.15 0.000156516
0 0.423438 0.483203 0.15625 0.374219 0.000181678
0 0.344141 0.663672 0.141406 0.157031 0.000184197
0 0.879297 0.736719 0.117969 0.153125 0.000187737
0 0.859766 0.660547 0.122656 0.203906 0.000189717
0 0.644922 0.381641 0.336719 0.586719 0.000191531
0 0.251563 0.48125 0.176563 0.448438 0.00019313
0 0.252344 0.644141 0.151562 0.319531 0.000195463
0 0.304297 0.660156 0.147656 0.1875 0.000219254
0 0.276953 0.380859 0.152344 0.322656 0.000225684
0 0.419922 0.608594 0.167969 0.251563 0.000228572
0 0.301562 0.464844 0.125 0.234375 0.00023106
0 0.828125 0.735156 0.132812 0.114063 0.000243678
0 0.885547 0.965625 0.211719 0.06875 0.000245012
0 0.467187 0.231641 0.24375 0.282031 0.000246074
0 0.360547 0.383594 0.0835937 0.1 0.000264277
0 0.761719 0.3625 0.139062 0.182812 0.000266972
0 0.360156 0.423438 0.115625 0.207813 0.000276266
0 0.766016 0.20625 0.224219 0.229687 0.000280772
0 0.707031 0.613672 0.179688 0.267969 0.000286322
0 0.475391 0.147266 0.489844 0.292969 0.000296105
0 0.732031 0.153516 0.378125 0.307031 0.000342883
0 0.396094 0.206641 0.25625 0.269531 0.000347093
0 0.759766 0.216406 0.107031 0.1125 0.000385124
0 0.697656 0.0730469 0.442187 0.146094 0.000404409
0 0.301953 0.321094 0.146094 0.271875 0.000408072
0 0.705078 0.389453 0.167969 0.328906 0.000410487
0 0.646875 0.2 0.370313 0.35 0.000485752
0 0.5625 0.0644531 0.45 0.128906 0.000516053
0 0.805469 0.659375 0.1375 0.2 0.000548148
0 0.719531 0.343359 0.146875 0.167969 0.000582092
0 0.402344 0.3625 0.1375 0.190625 0.000583176
0 0.799219 0.35 0.121875 0.23125 0.00071299
0 0.540234 0.403516 0.416406 0.757031 0.000726862
0 0.422266 0.239453 0.174219 0.183594 0.000735392
0 0.746094 0.295703 0.290625 0.333594 0.000757476
0 0.802734 0.438281 0.163281 0.45625 0.000770369
0 0.762109 0.242578 0.136719 0.180469 0.000788863
0 0.383594 0.43125 0.179688 0.351562 0.000823986
0 0.779297 0.301172 0.116406 0.213281 0.000891462
0 0.7 0.237109 0.18125 0.191406 0.000924874
0 0.612109 0.123047 0.472656 0.246094 0.000935909
0 0.421484 0.457422 0.275781 0.513281 0.000998232
0 0.841016 0.614844 0.150781 0.329688 0.0010226
0 0.275781 0.70625 0.165625 0.228125 0.00111574
0 0.741797 0.711328 0.185156 0.180469 0.00114728
0 0.345703 0.283984 0.152344 0.185156 0.00131425
0 0.281641 0.558984 0.155469 0.389844 0.00134203
0 0.348437 0.560547 0.253125 0.407031 0.00134365
0 0.341797 0.692969 0.205469 0.170312 0.00140454
0 0.382422 0.652734 0.219531 0.217969 0.0015997
0 0.321094 0.404297 0.129688 0.224219 0.00171917
0 0.361719 0.362109 0.13125 0.171094 0.00189566
0 0.36875 0.358984 0.2875 0.386719 0.00300404
0 0.763672 0.369922 0.191406 0.352344 0.00330783
0 0.844531 0.71875 0.157813 0.185937 0.00342217
0 0.755078 0.648438 0.205469 0.246875 0.00351054
0 0.780469 0.5375 0.223438 0.470313 0.00426422
0 0.391797 0.302734 0.180469 0.266406 0.00521961
0 0.727344 0.296094 0.1875 0.257812 0.00576806
0 0.315625 0.645312 0.217187 0.273438 0.00752497
0 0.317578 0.458594 0.180469 0.4875 0.0112657
0 0.798047 0.694922 0.227344 0.208594 0.0114895
0 0.351172 0.347266 0.177344 0.282031 0.0205322
