0 0.767969 0.787891 0.23125 0.219531 0.000101624
0 0.233984 0.574609 0.142969 0.228906 0.000103521
0 0.682422 0.569141 0.191406 0.200781 0.000104468
0 0.722266 0.509766 0.0867188 0.105469 0.000120748
0 0.775391 0.614453 0.0992187 0.191406 0.000122344
0 0.711328 0.413672 0.224219 0.286719 0.000123959
0 0.719531 0.679297 0.195312 0.194531 0.000126169
0 0.720703 0.616406 0.149219 0.259375 0.000135567
0 0.265234 0.720703 0.261719 0.227344 0.000140689
0 0.3375 0.594922 0.190625 0.389844 0.000152651
0 0.716797 0.454297 0.160156 0.199219 0.000153516
0 0.760547 0.571875 0.0757812 0.11875 0.000157247
0 0.761328 0.679688 0.138281 0.253125 0.00016597
0 0.267969 0.397266 0.201562 0.224219 0.000169861
0 0.334766 0.683984 0.136719 0.175781 0.000173233
0 0.631641 0.602344 0.244531 0.484375 0.000204799
0 0.203125 0.688672 0.154687 0.188281 0.000232019
0 0.741016 0.493359 0.0820312 0.105469 0.000236933
0 0.796875 0.548437 0.151562 0.28125 0.000249655
0 0.300391 0.642969 0.224219 0.253125 0.000278694
0 0.622266 0.519141 0.196094 0.252344 0.000283344
0 0.308594 0.366016 0.160938 0.175781 0.000308191
0 0.655078 0.762109 0.200781 0.189844 0.000364394
0 0.196094 0.55 0.210938 0.44375 0.000401723
0 0.767969 0.513672 0.096875 0.188281 0.000583431
0 0.758203 0.530859 0.0757812 0.117969 0.00062428
0 0.791797 0.732813 0.166406 0.239063 0.000671946
0 0.682813 0.492969 0.209375 0.207813 0.000728688
0 0.307031 0.45 0.220313 0.328125 0.000950931
0 0.664062 0.690234 0.229687 0.303906 0.000967338
0 0.739062 0.497656 0.1125 0.175 0.00110506
0 0.240625 0.635547 0.264062 0.342969 0.00135018
0 0.721484 0.729297 0.263281 0.244531 0.00483581
0 0.667969 0.482031 0.260938 0.357812 0.00634155
0 0.757031 0.569531 0.107813 0.25 0.00699
0 0.753516 0.634375 0.205469 0.426562 0.0123008
0 0.723828 0.532812 0.169531 0.251563 0.0849233
0 0.701563 0.576563 0.2375 0.429688 0.255218
0 0.273828 0.531641 0.285156 0.524219 0.545441
