0 0.350781 0.182812 0.182812 0.234375 0.000100193
0 0.740234 0.302734 0.0742188 0.0882813 0.00010418
0 0.789844 0.448047 0.10625 0.222656 0.000104959
0 0.239453 0.310156 0.103906 0.204688 0.000112646
0 0.755469 0.2375 0.05625 0.0765625 0.00011913
0 0.71875 0.254297 0.059375 0.0742188 0.000126355
0 0.705469 0.237109 0.065625 0.0664062 0.000127694
0 0.361719 0.505859 0.148438 0.161719 0.000130017
0 0.302734 0.223438 0.0867188 0.0875 0.000130961
0 0.639844 0.532031 0.139062 0.160938 0.000136094
0 0.649219 0.2875 0.134375 0.185937 0.000138559
0 0.75625 0.564453 0.0890625 0.0992187 0.000138596
0 0.785156 0.354688 0.0640625 0.10625 0.000139263
0 0.720312 0.520312 0.0828125 0.110937 0.000139973
0 0.921094 0.141406 0.15625 0.282813 0.0001415
0 0.7625 0.280078 0.153125 0.272656 0.00014203
0 0.651172 0.190625 0.114844 0.142188 0.000148311
0 0.208984 0.515234 0.100781 0.194531 0.000148515
0 0.791016 0.302734 0.414844 0.571094 0.000149401
0 0.34375 0.153516 0.104687 0.0789063 0.000149597
0 0.866406 0.0769531 0.260938 0.153906 0.000149962
0 0.239063 0.394531 0.15625 0.373437 0.000161162
0 0.752734 0.203125 0.0601562 0.078125 0.000161715
0 0.871875 0.210938 0.234375 0.417188 0.000166767
0 0.334766 0.427344 0.174219 0.226562 0.000171044
0 0.353516 0.0359375 0.280469 0.071875 0.000171275
0 0.383594 0.0625 0.226562 0.120312 0.000177746
0 0.757422 0.264453 0.0679687 0.107031 0.000183528
0 0.7125 0.0792969 0.303125 0.158594 0.000184456
0 0.771094 0.348437 0.096875 0.142188 0.000193916
0 0.278516 0.240234 0.155469 0.219531 0.000195851
0 0.659375 0.137109 0.25625 0.261719 0.000198111
0 0.733203 0.234766 0.161719 0.216406 0.000203907
0 0.735937 0.237109 0.0578125 0.0726563 0.000207929
0 0.3 0.485547 0.292188 0.266406 0.000216811
0 0.661328 0.221094 0.163281 0.209375 0.00021854
0 0.307813 0.228125 0.11875 0.129688 0.000227473
0 0.726172 0.301562 0.142969 0.210938 0.000231298
0 0.802344 0.543359 0.123438 0.211719 0.000247024
0 0.719531 0.225 0.075 0.096875 0.000254483
0 0.717969 0.203516 0.267188 0.335156 0.000259079
0 0.215625 0.128516 0.353125 0.252344 0.000261031
0 0.758203 0.313281 0.0898438 0.142188 0.00026849
0 0.341406 0.466406 0.0859375 0.090625 0.000270551
0 0.269531 0.268359 0.109375 0.146094 0.000271467
0 0.347656 0.891797 0.239063 0.213281 0.000273151
0 0.741797 0.217578 0.0523437 0.0695312 0.000274116
0 0.731641 0.228516 0.0976562 0.149219 0.000286883
0 0.729297 0.542578 0.296094 0.278906 0.000287684
0 0.291016 0.198047 0.267969 0.319531 0.000311006
0 0.7375 0.271875 0.09375 0.139062 0.000314702
0 0.790234 0.139844 0.346094 0.273438 0.000355447
0 0.7375 0.407031 0.178125 0.342187 0.000371202
0 0.354297 0.121875 0.332031 0.240625 0.000483597
0 0.292578 0.0609375 0.328906 0.121875 0.000519141
0 0.698047 0.501953 0.171094 0.202344 0.000742761
0 0.250391 0.480469 0.163281 0.228125 0.000861112
0 0.763672 0.576172 0.158594 0.155469 0.000863997
0 0.683594 0.55 0.13125 0.121875 0.00090996
0 0.341016 0.46875 0.130469 0.140625 0.000985083
0 0.761719 0.511328 0.160938 0.221094 0.00157774
0 0.305078 0.483594 0.202344 0.18125 0.00223381
0 0.727734 0.546875 0.166406 0.165625 0.00634112
0 0.725 0.545703 0.114063 0.105469 0.0171497
