0 0.673828 0.4375 0.194531 0.304688 0.000105884
0 0.411719 0.521484 0.164062 0.246094 0.000106058
0 0.765234 0.552344 0.142969 0.26875 0.000109221
0 0.414844 0.288672 0.129688 0.166406 0.00011352
0 0.265625 0.553125 0.1375 0.240625 0.00011423
0 0.720703 0.489062 0.130469 0.2375 0.000115378
0 0.694141 0.323438 0.153906 0.164062 0.000116275
0 0.0171875 0.446875 0.034375 0.215625 0.000117106
0 0.722656 0.423828 0.0703125 0.100781 0.000118035
0 0.286328 0.492969 0.146094 0.246875 0.000130009
0 0.807422 0.385547 0.166406 0.199219 0.000132351
0 0.391016 0.702734 0.344531 0.592969 0.000136107
0 0.285156 0.407813 0.19375 0.3125 0.000164955
0 0.705859 0.848437 0.302344 0.264062 0.000173538
0 0.254687 0.485156 0.185937 0.373437 0.000180638
0 0.280859 0.742578 0.246094 0.210156 0.000183278
0 0.8 0.491016 0.134375 0.253906 0.000185393
0 0.0566406 0.803125 0.113281 0.389062 0.00018602
0 0.342578 0.471875 0.216406 0.195312 0.000218656
0 0.364844 0.513281 0.14375 0.196875 0.000237137
0 0.210547 0.652734 0.258594 0.557031 0.000238214
0 0.400781 0.379297 0.167187 0.280469 0.000248477
0 0.0652344 0.409766 0.124219 0.480469 0.000261633
0 0.0347656 0.450391 0.0695312 0.232031 0.0002625
0 0.760938 0.470703 0.14375 0.252344 0.000270436
0 0.0195312 0.532422 0.0390625 0.239844 0.000307784
0 0.0453125 0.612109 0.090625 0.202344 0.0003188
0 0.304688 0.572656 0.148438 0.201562 0.000326699
0 0.800781 0.592578 0.128125 0.283594 0.000353071
0 0.714063 0.651953 0.253125 0.408594 0.000356129
0 0.0820312 0.565234 0.164062 0.352344 0.000411817
0 0.286719 0.676562 0.229687 0.20625 0.000451291
0 0.839453 0.843359 0.139844 0.197656 0.000467018
0 0.0195312 0.613281 0.0390625 0.235938 0.000649232
0 0.8375 0.773438 0.167187 0.354688 0.00068029
0 0.721094 0.425391 0.109375 0.217969 0.000688365
0 0.296094 0.842578 0.315625 0.236719 0.000731662
0 0.151562 0.780859 0.251563 0.389844 0.000785239
0 0.826953 0.653516 0.161719 0.403906 0.000786879
0 0.253906 0.610156 0.207813 0.357812 0.000838681
0 0.203906 0.806641 0.19375 0.272656 0.000860943
0 0.373047 0.485156 0.211719 0.340625 0.000861022
0 0.0328125 0.723047 0.0640625 0.419531 0.000890829
0 0.73125 0.368359 0.1625 0.197656 0.00109747
0 0.0882813 0.709766 0.176563 0.471094 0.00126325
0 0.824609 0.528125 0.183594 0.476562 0.00135463
0 0.366797 0.6 0.247656 0.376563 0.0014049
0 0.305078 0.614844 0.238281 0.2125 0.00189514
0 0.7125 0.482031 0.2375 0.467187 0.0019263
0 0.046875 0.521484 0.09375 0.324219 0.00201461
0 0.0503906 0.645312 0.0992187 0.490625 0.00306304
0 0.326172 0.532031 0.246094 0.207813 0.00317956
0 0.765625 0.409375 0.190625 0.267188 0.00387299
0 0.797656 0.840625 0.209375 0.245312 0.00391714
0 0.034375 0.599609 0.06875 0.355469 0.00413054
0 0.744531 0.764844 0.307813 0.440625 0.00427685
0 0.828516 0.683203 0.224219 0.583594 0.00993033
0 0.251563 0.769922 0.279687 0.367969 0.0153364
0 0.317969 0.499609 0.257812 0.438281 0.033114
0 0.769922 0.526953 0.189844 0.421094 0.0369228
0 0.307813 0.646875 0.298438 0.507812 0.265122
0 0.768359 0.610156 0.261719 0.65 0.293335
