0 0.41875 0.555078 0.084375 0.110156 0.000102865
0 0.337109 0.380469 0.113281 0.1875 0.000104812
0 0.9125 0.120312 0.16875 0.240625 0.000109801
0 0.715234 0.244141 0.0664062 0.0960938 0.000111914
0 0.764453 0.495313 0.0867188 0.114063 0.000114736
0 0.724609 0.530078 0.133594 0.161719 0.000115499
0 0.866797 0.607422 0.110156 0.239844 0.000122707
0 0.829687 0.366797 0.0765625 0.172656 0.000123028
0 0.0230469 0.728125 0.0429688 0.385938 0.000123621
0 0.664453 0.66875 0.0992187 0.132812 0.00012363
0 0.317187 0.469922 0.117188 0.152344 0.000124732
0 0.836719 0.5125 0.101562 0.210938 0.000128516
0 0.884766 0.0351562 0.192969 0.0703125 0.000137899
0 0.816797 0.551172 0.0867188 0.100781 0.000141063
0 0.701953 0.242969 0.103906 0.126563 0.000144996
0 0.304688 0.364844 0.0796875 0.090625 0.000146645
0 0.698047 0.353906 0.152344 0.279687 0.000151884
0 0.818359 0.316406 0.150781 0.203125 0.000155305
0 0.779688 0.426953 0.125 0.160156 0.000156667
0 0.660547 0.567187 0.199219 0.373437 0.000157879
0 0.749219 0.0613281 0.378125 0.119531 0.00015837
0 0.385547 0.541406 0.0898438 0.110937 0.000159826
0 0.923437 0.0640625 0.146875 0.128125 0.000167512
0 0.423047 0.436719 0.221094 0.442187 0.000173685
0 0.879687 0.694531 0.06875 0.123438 0.000180707
0 0.436719 0.576172 0.125 0.182031 0.000183355
0 0.782422 0.669531 0.216406 0.157813 0.000187703
0 0.364062 0.494141 0.140625 0.255469 0.000187932
0 0.817969 0.0882813 0.315625 0.176563 0.000190952
0 0.735937 0.649609 0.31875 0.294531 0.000191624
0 0.816797 0.0398437 0.261719 0.0796875 0.000203069
0 0.682031 0.283594 0.15 0.175 0.000204086
0 0.358203 0.338672 0.0945313 0.135156 0.00021213
0 0.323828 0.341797 0.0789063 0.0992187 0.000212855
0 0.428906 0.660156 0.165625 0.228125 0.000216261
0 0.719922 0.452344 0.119531 0.175 0.000240075
0 0.818359 0.364844 0.0742188 0.109375 0.000251076
0 0.417578 0.233594 0.135156 0.159375 0.000264814
0 0.747266 0.528125 0.0882813 0.0953125 0.000269846
0 0.721875 0.267578 0.103125 0.141406 0.00028387
0 0.346875 0.555859 0.0875 0.114844 0.000284737
0 0.361719 0.288281 0.09375 0.11875 0.000290165
0 0.303516 0.383203 0.100781 0.158594 0.000301603
0 0.025 0.564062 0.0453125 0.426562 0.000304771
0 0.797656 0.289062 0.06875 0.08125 0.000317768
0 0.782812 0.565234 0.0828125 0.100781 0.000322263
0 0.0425781 0.558984 0.0851562 0.735156 0.000350888
0 0.813281 0.324219 0.065625 0.101562 0.000352827
0 0.384766 0.258203 0.139844 0.174219 0.000409608
0 0.281641 0.548437 0.128906 0.217187 0.000443224
0 0.858594 0.678516 0.0984375 0.128906 0.000471147
0 0.710938 0.442969 0.160938 0.279687 0.00048663
0 0.679688 0.634766 0.139062 0.178906 0.000497205
0 0.399219 0.589063 0.0921875 0.114063 0.000580234
0 0.292969 0.482031 0.132812 0.239063 0.000624566
0 0.350391 0.301953 0.139844 0.189844 0.00069103
0 0.33125 0.604688 0.242188 0.201562 0.000706016
0 0.734375 0.304688 0.16875 0.217187 0.000716876
0 0.825781 0.439453 0.125 0.330469 0.000732395
0 0.319141 0.346484 0.108594 0.146094 0.000743287
0 0.860937 0.0597656 0.229687 0.119531 0.000747376
0 0.814844 0.552344 0.121875 0.16875 0.000751163
0 0.705469 0.568359 0.184375 0.272656 0.000799055
0 0.798437 0.471484 0.139062 0.214844 0.000814912
0 0.404297 0.597656 0.291406 0.307813 0.000886594
0 0.841797 0.648438 0.136719 0.173438 0.000965146
0 0.804688 0.343359 0.0890625 0.164844 0.00106013
0 0.790625 0.310937 0.0921875 0.129688 0.00120702
0 0.318359 0.395703 0.144531 0.305469 0.00146876
0 0.756641 0.408203 0.275781 0.436719 0.00154856
0 0.410156 0.538281 0.157813 0.217187 0.00157959
0 0.743359 0.4875 0.161719 0.196875 0.00161915
0 0.805859 0.380078 0.117969 0.258594 0.00185637
0 0.34375 0.313281 0.0875 0.1125 0.00206264
0 0.355469 0.407813 0.192188 0.409375 0.0023502
0 0.3625 0.509375 0.276563 0.367188 0.00243304
0 0.774609 0.549609 0.277344 0.380469 0.00264819
0 0.400781 0.605859 0.139062 0.174219 0.00344437
0 0.368359 0.572266 0.0914062 0.111719 0.00361811
0 0.735547 0.636328 0.200781 0.194531 0.00375196
0 0.779297 0.532422 0.114844 0.119531 0.00543711
0 0.812891 0.547266 0.163281 0.272656 0.00605747
0 0.334766 0.536719 0.213281 0.23125 0.0109624
0 0.771875 0.524219 0.15 0.184375 0.0150494
0 0.779297 0.603516 0.199219 0.238281 0.0165462
0 0.775391 0.461719 0.178906 0.3375 0.0273013
0 0.371875 0.571875 0.176563 0.178125 0.224709
