0 0.819531 0.302734 0.125 0.150781 0.000101207
0 0.198828 0.6125 0.152344 0.148438 0.000101418
0 0.9375 0.605078 0.11875 0.630469 0.000102774
0 0.6375 0.980078 0.20625 0.0382813 0.000104513
0 0.654297 0.114063 0.200781 0.178125 0.000104688
0 0.832812 0.298438 0.314063 0.5625 0.000106221
0 0.734375 0.116406 0.0828125 0.0703125 0.000106572
0 0.322656 0.637891 0.121875 0.138281 0.00010954
0 0.83125 0.854297 0.101562 0.146094 0.000116423
0 0.2375 0.338281 0.084375 0.0921875 0.00011728
0 0.830469 0.937109 0.0953125 0.114844 0.00011969
0 0.737891 0.359375 0.0851562 0.104687 0.000126912
0 0.0632813 0.276172 0.126563 0.552344 0.0001297
0 0.803516 0.594922 0.160156 0.208594 0.000136247
0 0.652734 0.951563 0.328906 0.096875 0.000139863
0 0.686328 0.692969 0.311719 0.614062 0.000140105
0 0.778906 0.323047 0.154687 0.155469 0.000143421
0 0.133203 0.0730469 0.266406 0.146094 0.000146423
0 0.761328 0.657031 0.208594 0.2125 0.000154834
0 0.225781 0.834375 0.295312 0.33125 0.000157998
0 0.719531 0.130469 0.121875 0.125 0.000163888
0 0.369922 0.556641 0.197656 0.292969 0.000165362
0 0.753906 0.422266 0.134375 0.228906 0.00016731
0 0.896094 0.185547 0.207813 0.371094 0.000168273
0 0.431641 0.619922 0.380469 0.527344 0.000173712
0 0.898047 0.766797 0.161719 0.307031 0.00018355
0 0.227344 0.710547 0.373437 0.269531 0.000184726
0 0.132422 0.600781 0.139844 0.157813 0.000186095
0 0.203125 0.342578 0.0828125 0.100781 0.000193657
0 0.232812 0.153906 0.465625 0.307813 0.000196114
0 0.237109 0.367188 0.144531 0.195312 0.000207632
0 0.711719 0.139062 0.325 0.229687 0.000210581
0 0.343359 0.68125 0.161719 0.196875 0.000215265
0 0.176953 0.447266 0.122656 0.227344 0.000224094
0 0.380469 0.394531 0.20625 0.3125 0.000229506
0 0.841406 0.594141 0.134375 0.261719 0.000243512
0 0.877734 0.522656 0.188281 0.5 0.000251057
0 0.318359 0.53125 0.144531 0.23125 0.000266449
0 0.200781 0.532812 0.154687 0.195312 0.000266802
0 0.8375 0.397266 0.198437 0.411719 0.000269101
0 0.301562 0.589453 0.142188 0.202344 0.000280693
0 0.238672 0.496484 0.213281 0.208594 0.000280995
0 0.805469 0.827344 0.254687 0.307813 0.000319356
0 0.807031 0.276563 0.234375 0.310937 0.000321546
0 0.160938 0.513672 0.132812 0.188281 0.000331823
0 0.344141 0.219922 0.286719 0.350781 0.000339367
0 0.197266 0.387109 0.125781 0.219531 0.000425518
0 0.148828 0.296484 0.291406 0.586719 0.000461952
0 0.820703 0.532812 0.125781 0.254687 0.000474351
0 0.241016 0.551953 0.152344 0.183594 0.000487541
0 0.162109 0.575 0.139844 0.146875 0.00050004
0 0.728516 0.232422 0.286719 0.367969 0.000528907
0 0.670703 0.39375 0.194531 0.21875 0.000538094
0 0.217187 0.21875 0.328125 0.35625 0.00054614
0 0.280469 0.320703 0.2 0.166406 0.000574742
0 0.160938 0.631641 0.242188 0.178906 0.000584997
0 0.208984 0.322266 0.136719 0.171094 0.000628456
0 0.804688 0.698438 0.184375 0.20625 0.000724004
0 0.678125 0.970312 0.246875 0.059375 0.000744765
0 0.301172 0.6375 0.213281 0.203125 0.000763257
0 0.280859 0.532422 0.147656 0.182031 0.000820129
0 0.700781 0.33125 0.2 0.210938 0.000834624
0 0.875391 0.698438 0.155469 0.253125 0.00102694
0 0.294141 0.317187 0.272656 0.3375 0.0011802
0 0.693359 0.542969 0.247656 0.534375 0.00120649
0 0.735937 0.363672 0.164062 0.169531 0.00178924
0 0.744141 0.603516 0.260156 0.367969 0.00207672
0 0.240234 0.323047 0.199219 0.258594 0.00231275
0 0.799219 0.481641 0.229687 0.389844 0.00248399
0 0.163672 0.567187 0.210156 0.204688 0.00256492
0 0.336719 0.440625 0.24375 0.446875 0.00266073
0 0.758203 0.363672 0.288281 0.441406 0.00377093
0 0.839453 0.60625 0.200781 0.459375 0.00444904
0 0.224219 0.630859 0.3125 0.232031 0.00682364
0 0.842969 0.749219 0.196875 0.25625 0.00692086
0 0.299609 0.524609 0.232031 0.297656 0.00837777
0 0.207031 0.442578 0.245312 0.394531 0.00851801
0 0.726953 0.392969 0.230469 0.2625 0.0219049
0 0.797656 0.703516 0.251563 0.338281 0.0264136
0 0.775 0.535547 0.298438 0.614844 0.0777737
0 0.231641 0.552734 0.274219 0.258594 0.086063
0 0.275 0.369922 0.346875 0.591406 0.125195
