0 0.364844 0.379687 0.0765625 0.1 0.00010092
0 0.785156 0.649219 0.14375 0.179688 0.000107465
0 0.462109 0.221484 0.121094 0.127344 0.00010757
0 0.0261719 0.321484 0.0476562 0.380469 0.000109504
0 0.873047 0.595312 0.111719 0.2 0.000109983
0 0.807422 0.553516 0.0851562 0.110156 0.000113205
0 0.420703 0.65 0.0882813 0.107813 0.000116606
0 0.512891 0.541797 0.311719 0.669531 0.000117498
0 0.779297 0.326172 0.0960938 0.132031 0.000117595
0 0.393359 0.300391 0.283594 0.327344 0.000118419
0 0.758984 0.366406 0.0554687 0.078125 0.000118595
0 0.324609 0.424609 0.0960938 0.189844 0.000120971
0 0.804688 0.34375 0.06875 0.09375 0.000122008
0 0.741797 0.38125 0.0960938 0.167187 0.000122869
0 0.390234 0.575391 0.0835937 0.111719 0.000124021
0 0.805469 0.592578 0.0875 0.110156 0.000125716
0 0.877734 0.444922 0.157031 0.327344 0.000128482
0 0.371875 0.614062 0.0890625 0.1125 0.000130031
0 0.719141 0.278906 0.0742188 0.103125 0.000130492
0 0.452344 0.440625 0.120312 0.409375 0.000134643
0 0.321484 0.489844 0.111719 0.232812 0.000135531
0 0.864844 0.804688 0.145313 0.229687 0.000136236
0 0.832422 0.764453 0.207031 0.321094 0.00014369
0 0.370313 0.267188 0.09375 0.11875 0.00014509
0 0.734375 0.244141 0.1125 0.107031 0.000146436
0 0.425781 0.296094 0.0859375 0.0953125 0.000148198
0 0.442187 0.511719 0.0890625 0.1625 0.000154666
0 0.443359 0.316797 0.116406 0.150781 0.000156519
0 0.0429688 0.599219 0.084375 0.801562 0.000164091
0 0.685156 0.676562 0.115625 0.120312 0.000169225
0 0.804297 0.516016 0.152344 0.205469 0.000171218
0 0.833594 0.400391 0.114063 0.221094 0.00017676
0 0.421875 0.594922 0.0859375 0.116406 0.000178106
0 0.302344 0.632031 0.123438 0.13125 0.000190607
0 0.449219 0.241797 0.0828125 0.0851562 0.000191067
0 0.758203 0.364453 0.0757812 0.121094 0.000204271
0 0.0238281 0.440234 0.0414063 0.422656 0.000215197
0 0.801953 0.355469 0.100781 0.160938 0.000228043
0 0.843359 0.610156 0.0835937 0.114063 0.000228075
0 0.841797 0.471484 0.108594 0.261719 0.000232745
0 0.433984 0.258984 0.0820312 0.0914062 0.000233288
0 0.739453 0.513281 0.122656 0.1625 0.000235231
0 0.393359 0.646094 0.0851562 0.1 0.000244598
0 0.348828 0.383203 0.107031 0.186719 0.000245242
0 0.767969 0.351953 0.142188 0.186719 0.000245487
0 0.855859 0.729688 0.135156 0.209375 0.00025068
0 0.403516 0.282422 0.0851562 0.102344 0.000254169
0 0.735547 0.357031 0.152344 0.257812 0.000268024
0 0.854688 0.575 0.0703125 0.107813 0.000288062
0 0.03125 0.439063 0.0578125 0.707812 0.000296633
0 0.349609 0.627734 0.149219 0.158594 0.000347843
0 0.46875 0.278906 0.114063 0.15 0.000358581
0 0.278516 0.616016 0.121094 0.191406 0.000383277
0 0.344531 0.314063 0.0859375 0.126563 0.000397084
0 0.710547 0.483594 0.144531 0.357812 0.00040914
0 0.291797 0.529688 0.136719 0.292188 0.000417411
0 0.752734 0.292969 0.142969 0.171875 0.000429625
0 0.8375 0.662109 0.292188 0.380469 0.000434632
0 0.7 0.632422 0.146875 0.174219 0.000479726
0 0.399609 0.3375 0.117969 0.167187 0.000489671
0 0.803516 0.404297 0.144531 0.294531 0.00056642
0 0.714844 0.272656 0.125 0.159375 0.000657089
0 0.381641 0.334375 0.0742188 0.101562 0.000686125
0 0.391797 0.5375 0.142969 0.270312 0.000720656
0 0.398438 0.317187 0.0765625 0.0796875 0.00074645
0 0.760156 0.554297 0.1375 0.210156 0.00076075
0 0.826953 0.574219 0.0835937 0.103125 0.000912174
0 0.465625 0.550391 0.132812 0.353906 0.000924421
0 0.437109 0.248437 0.127344 0.128125 0.00095416
0 0.721875 0.573047 0.132812 0.219531 0.00131026
0 0.424219 0.558594 0.121875 0.214062 0.00132837
0 0.360156 0.659375 0.246875 0.221875 0.00134865
0 0.351172 0.382422 0.141406 0.292969 0.00155368
0 0.39375 0.647656 0.134375 0.151562 0.0018624
0 0.403125 0.614062 0.0890625 0.115625 0.00188466
0 0.414062 0.371484 0.165625 0.339844 0.00190959
0 0.772656 0.659766 0.28125 0.277344 0.00219244
0 0.869531 0.563281 0.140625 0.357812 0.002505
0 0.330078 0.594531 0.208594 0.185937 0.00264556
0 0.363281 0.335938 0.0890625 0.142188 0.00265271
0 0.844531 0.651563 0.173438 0.301562 0.00328402
0 0.805078 0.594531 0.147656 0.190625 0.00328779
0 0.742578 0.6125 0.197656 0.198437 0.00333378
0 0.422656 0.647656 0.140625 0.21875 0.00350711
0 0.839844 0.573828 0.104687 0.163281 0.0039622
0 0.414062 0.282813 0.151562 0.146875 0.0049124
0 0.421094 0.528906 0.148438 0.385938 0.00610723
0 0.380078 0.307813 0.0976562 0.121875 0.00651166
0 0.821484 0.485938 0.166406 0.384375 0.00915942
0 0.364844 0.576172 0.271875 0.325781 0.0146387
0 0.764453 0.459375 0.238281 0.501562 0.0148257
0 0.839844 0.567578 0.128125 0.267969 0.0163723
0 0.375 0.468359 0.217187 0.461719 0.0299202
0 0.783594 0.58125 0.221875 0.289062 0.104972
0 0.387891 0.601562 0.182031 0.23125 0.117515
