0 0.242578 0.589453 0.297656 0.455469 0.000115074
0 0.9 0.0371094 0.2 0.0742188 0.000116856
0 0.891406 0.0894531 0.214062 0.178906 0.00011944
0 0.695703 0.13125 0.300781 0.223438 0.000121076
0 0.666016 0.474219 0.266406 0.39375 0.00012123
0 0.302344 0.251563 0.179688 0.214062 0.000139042
0 0.925391 0.0621094 0.147656 0.124219 0.000165144
0 0.721484 0.423047 0.232031 0.188281 0.000187924
0 0.778516 0.646094 0.211719 0.30625 0.000188925
0 0.544922 0.440625 0.460156 0.671875 0.000202998
0 0.717578 0.322656 0.211719 0.190625 0.000214753
0 0.253516 0.321875 0.122656 0.167187 0.000230585
0 0.237109 0.578516 0.194531 0.230469 0.000256126
0 0.683984 0.364844 0.211719 0.217187 0.000311248
0 0.281641 0.344922 0.196094 0.185156 0.000346035
0 0.824609 0.606641 0.221094 0.463281 0.00035776
0 0.611719 0.158984 0.0890625 0.0976562 0.000397254
0 0.217969 0.436719 0.184375 0.39375 0.000417626
0 0.644141 0.201562 0.185156 0.189063 0.000429927
0 0.760547 0.384375 0.144531 0.245312 0.000440429
0 0.321484 0.321484 0.253906 0.446094 0.000462904
0 0.377344 0.394531 0.38125 0.615625 0.000590682
0 0.288281 0.570703 0.260938 0.297656 0.000813188
0 0.774609 0.595703 0.332031 0.621094 0.000832191
0 0.251172 0.367578 0.189844 0.310156 0.0009798
0 0.671094 0.317187 0.2875 0.453125 0.00130401
0 0.80625 0.472656 0.245312 0.504687 0.00246765
0 0.720312 0.397656 0.2625 0.348437 0.0121708
0 0.726172 0.464453 0.303906 0.605469 0.147212
0 0.286328 0.439844 0.269531 0.471875 0.340096
