0 0.80625 0.491016 0.078125 0.0960938 0.000101351
0 0.712891 0.766016 0.139844 0.203906 0.000101352
0 0.968359 0.108594 0.0632813 0.217187 0.000102201
0 0.484766 0.543359 0.272656 0.446094 0.000104533
0 0.799609 0.805859 0.0882813 0.108594 0.000105163
0 0.0265625 0.565234 0.05 0.458594 0.000106322
0 0.859766 0.0355469 0.247656 0.0695312 0.000107163
0 0.816797 0.872266 0.177344 0.172656 0.000108601
0 0.817187 0.405078 0.0546875 0.0804688 0.000112611
0 0.729688 0.638672 0.196875 0.438281 0.000116825
0 0.744531 0.305078 0.0984375 0.0960938 0.000117285
0 0.323047 0.479297 0.0976562 0.119531 0.000120271
0 0.427344 0.633594 0.201562 0.378125 0.000121707
0 0.43125 0.291406 0.06875 0.0796875 0.000122426
0 0.242188 0.800781 0.10625 0.129688 0.000125092
0 0.783984 0.439844 0.124219 0.196875 0.00012573
0 0.392578 0.373437 0.208594 0.329688 0.000131072
0 0.785937 0.510547 0.103125 0.130469 0.000132867
0 0.794922 0.785156 0.283594 0.30625 0.000134437
0 0.789453 0.404297 0.191406 0.325781 0.000136422
0 0.765234 0.804688 0.0789063 0.101562 0.00013883
0 0.281641 0.7 0.124219 0.210938 0.000141569
0 0.719922 0.280469 0.219531 0.196875 0.000147201
0 0.0488281 0.558594 0.0976562 0.775 0.000153543
0 0.569531 0.103125 0.3625 0.20625 0.000153958
0 0.780859 0.821875 0.0820312 0.09375 0.000157961
0 0.059375 0.276172 0.11875 0.552344 0.000157992
0 0.684375 0.303125 0.253125 0.320312 0.000158091
0 0.674219 0.302344 0.10625 0.11875 0.000160965
0 0.810938 0.404687 0.0734375 0.121875 0.000168876
0 0.864062 0.776953 0.10625 0.196094 0.000169187
0 0.682422 0.0414063 0.322656 0.0828125 0.000171354
0 0.319531 0.777734 0.1375 0.150781 0.000172938
0 0.976562 0.351953 0.046875 0.517969 0.00017324
0 0.804297 0.639844 0.163281 0.359375 0.000173627
0 0.320312 0.658984 0.159375 0.207031 0.000179952
0 0.0699219 0.139844 0.139844 0.279687 0.000180312
0 0.779297 0.201953 0.414844 0.403906 0.000181509
0 0.936328 0.0757812 0.127344 0.151562 0.000187153
0 0.90625 0.280859 0.1875 0.561719 0.000193968
0 0.321094 0.526953 0.135937 0.186719 0.000202469
0 0.701563 0.441016 0.348437 0.424219 0.000204815
0 0.826172 0.520703 0.0835937 0.146094 0.000206326
0 0.383594 0.659375 0.107813 0.126563 0.000209354
0 0.034375 0.191016 0.0671875 0.382031 0.000216592
0 0.762109 0.304688 0.0476562 0.05625 0.00023613
0 0.106641 0.191016 0.213281 0.382031 0.000244881
0 0.381641 0.759766 0.199219 0.183594 0.000248335
0 0.895312 0.0992187 0.209375 0.198437 0.000257936
0 0.84375 0.807031 0.0859375 0.103125 0.000267436
0 0.611719 0.188672 0.382812 0.377344 0.00028466
0 0.812891 0.446094 0.0851562 0.167187 0.00028693
0 0.319922 0.734375 0.278906 0.30625 0.000300742
0 0.791406 0.0621094 0.389062 0.119531 0.000322263
0 0.573828 0.476562 0.386719 0.620313 0.000362279
0 0.967969 0.238281 0.0640625 0.476562 0.000362581
0 0.397656 0.706641 0.159375 0.214844 0.000374909
0 0.28125 0.523047 0.090625 0.155469 0.000385522
0 0.296875 0.813281 0.20625 0.171875 0.000412035
0 0.690625 0.279297 0.421875 0.541406 0.000517519
0 0.296875 0.486328 0.11875 0.169531 0.000531963
0 0.426172 0.277734 0.113281 0.0976562 0.000534991
0 0.746875 0.732422 0.148438 0.242969 0.000544977
0 0.643359 0.0675781 0.339844 0.132031 0.000555499
0 0.944141 0.371484 0.107031 0.742969 0.00056054
0 0.782812 0.832031 0.145313 0.1375 0.000561891
0 0.701953 0.111328 0.394531 0.219531 0.000622512
0 0.808984 0.4875 0.113281 0.1875 0.000636646
0 0.940625 0.20625 0.11875 0.4125 0.000646693
0 0.835156 0.750391 0.1375 0.244531 0.000899557
0 0.842578 0.832812 0.114844 0.1375 0.000905772
0 0.348828 0.699609 0.164844 0.192969 0.00110168
0 0.759766 0.788672 0.141406 0.161719 0.0014394
0 0.272266 0.776172 0.139844 0.152344 0.00144557
0 0.289844 0.482031 0.0859375 0.115625 0.00221713
0 0.304688 0.742969 0.192188 0.19375 0.00335936
0 0.810938 0.804688 0.160938 0.160938 0.00380281
