0 0.294922 0.315625 0.0710938 0.115625 0.000100983
0 0.26875 0.839063 0.0640625 0.09375 0.000101624
0 0.30625 0.557813 0.125 0.260938 0.00010202
0 0.263281 0.649219 0.110937 0.192188 0.000104957
0 0.975781 0.306641 0.046875 0.114844 0.000105698
0 0.678516 0.49375 0.152344 0.182812 0.000106909
0 0.875 0.346094 0.0578125 0.121875 0.000113487
0 0.674609 0.26875 0.124219 0.125 0.000114536
0 0.621875 0.526563 0.13125 0.210938 0.000116111
0 0.677734 0.634375 0.0914062 0.1125 0.000117489
0 0.288672 0.621484 0.0695312 0.114844 0.000121615
0 0.308594 0.326562 0.0484375 0.0671875 0.000123387
0 0.977734 0.369141 0.0414063 0.136719 0.000127874
0 0.672656 0.401172 0.189063 0.344531 0.000129087
0 0.642969 0.651172 0.132812 0.142969 0.000135458
0 0.483203 0.839453 0.0539063 0.0992187 0.000140184
0 0.702734 0.0667969 0.0898438 0.103906 0.000142595
0 0.921875 0.392578 0.129688 0.252344 0.000144787
0 0.802344 0.0847656 0.173438 0.107031 0.000147206
0 0.714844 0.289062 0.0703125 0.0984375 0.000147892
0 0.0519531 0.0203125 0.0992187 0.040625 0.000165637
0 0.358594 0.412891 0.179688 0.324219 0.000171818
0 0.333594 0.318359 0.046875 0.0570313 0.000172405
0 0.719531 0.341406 0.096875 0.15 0.000181548
0 0.455859 0.569531 0.160156 0.235938 0.000184345
0 0.299219 0.387109 0.0859375 0.119531 0.000187595
0 0.727344 0.0453125 0.0546875 0.0765625 0.000189917
0 0.783203 0.059375 0.0617188 0.0640625 0.000193279
0 0.94375 0.467969 0.1 0.242188 0.000203727
0 0.771094 0.690234 0.0734375 0.103906 0.000205605
0 0.721094 0.615625 0.0890625 0.110937 0.000225704
0 0.739844 0.597656 0.0828125 0.114063 0.000229953
0 0.555078 0.622656 0.353906 0.235938 0.000232073
0 0.750391 0.671094 0.283594 0.298438 0.000245859
0 0.340625 0.65 0.0921875 0.110937 0.000248879
0 0.287109 0.691016 0.0757812 0.113281 0.000253786
0 0.735937 0.0769531 0.14375 0.122656 0.000257496
0 0.0335938 0.03125 0.0671875 0.0625 0.000282114
0 0.315234 0.350391 0.0679687 0.102344 0.000288514
0 0.984766 0.0363281 0.0273438 0.0726563 0.000303633
0 0.648047 0.200391 0.0757812 0.0710938 0.000316427
0 0.782812 0.0644531 0.107813 0.0773437 0.00033887
0 0.713672 0.376953 0.127344 0.264844 0.000375619
0 0.320312 0.339844 0.046875 0.06875 0.000384531
0 0.724219 0.652344 0.0921875 0.103125 0.000387121
0 0.41875 0.665625 0.228125 0.2 0.000507202
0 0.420703 0.535547 0.133594 0.275781 0.000525461
0 0.757422 0.619531 0.0742188 0.11875 0.000547568
0 0.7 0.539453 0.15 0.203906 0.000567882
0 0.778906 0.675391 0.103125 0.153906 0.000610783
0 0.779688 0.613672 0.10625 0.225781 0.000673574
0 0.707422 0.314453 0.0726563 0.100781 0.000712269
0 0.0667969 0.0347656 0.133594 0.0679687 0.000763811
0 0.334375 0.535156 0.185937 0.36875 0.000839913
0 0.283203 0.685938 0.121094 0.164062 0.00101055
0 0.740625 0.0640625 0.09375 0.0875 0.00123301
0 0.666016 0.662891 0.211719 0.189844 0.00134576
0 0.722656 0.667188 0.148438 0.151562 0.0015148
0 0.291406 0.620313 0.09375 0.215625 0.00164747
0 0.421094 0.615234 0.154687 0.186719 0.00219299
0 0.6625 0.594922 0.170312 0.205469 0.00247809
0 0.758203 0.657812 0.0789063 0.115625 0.00382804
0 0.748047 0.577734 0.124219 0.263281 0.00388079
0 0.304297 0.657812 0.0882813 0.11875 0.00404642
0 0.696875 0.538281 0.203125 0.321875 0.0057167
0 0.380469 0.578516 0.203125 0.260156 0.00733771
0 0.753125 0.640625 0.109375 0.179688 0.0325684
0 0.314844 0.6625 0.1375 0.179688 0.0445168
0 0.709766 0.621875 0.191406 0.21875 0.191861
0 0.354297 0.639844 0.219531 0.20625 0.228365
