0 0.773047 0.684766 0.341406 0.485156 0.000100657
0 0.761328 0.595312 0.0914062 0.109375 0.000103842
0 0.416406 0.359375 0.0984375 0.146875 0.000105332
0 0.940234 0.0601562 0.119531 0.11875 0.000107639
0 0.258203 0.227344 0.0820312 0.107813 0.000109906
0 0.808984 0.553906 0.142969 0.325 0.00011096
0 0.946484 0.708984 0.107031 0.582031 0.000116016
0 0.728516 0.301953 0.150781 0.199219 0.000121428
0 0.676562 0.588281 0.0890625 0.096875 0.00012152
0 0.941406 0.901953 0.117188 0.186719 0.000122671
0 0.257031 0.192188 0.071875 0.121875 0.000125702
0 0.773438 0.155078 0.0546875 0.0648438 0.000135111
0 0.323047 0.532031 0.0867188 0.107813 0.000139295
0 0.353125 0.360547 0.189063 0.528906 0.000142724
0 0.634766 0.591016 0.139844 0.147656 0.000144721
0 0.759375 0.138281 0.0609375 0.053125 0.00014517
0 0.217969 0.527734 0.128125 0.294531 0.000147989
0 0.760547 0.194922 0.0648438 0.0945313 0.000150152
0 0.778906 0.3125 0.11875 0.178125 0.00015307
0 0.721094 0.626953 0.135937 0.102344 0.000153425
0 0.805469 0.350781 0.0875 0.153125 0.000161465
0 0.201953 0.637109 0.0554687 0.0992187 0.000168075
0 0.248437 0.323438 0.101562 0.195312 0.000169664
0 0.738672 0.573828 0.0867188 0.107031 0.000171235
0 0.280078 0.585547 0.146094 0.161719 0.000172053
0 0.75625 0.196875 0.1 0.135937 0.000184749
0 0.391797 0.327344 0.136719 0.245312 0.000199703
0 0.344922 0.551953 0.0898438 0.107031 0.000200042
0 0.243359 0.472656 0.100781 0.201562 0.000200636
0 0.394531 0.392969 0.117188 0.179688 0.000201009
0 0.633203 0.534375 0.114844 0.175 0.000202852
0 0.280859 0.491797 0.141406 0.233594 0.000218359
0 0.278516 0.323828 0.142969 0.319531 0.000231141
0 0.778516 0.64375 0.166406 0.165625 0.000231458
0 0.239453 0.365234 0.0757812 0.119531 0.000232888
0 0.771484 0.406641 0.149219 0.311719 0.000257182
0 0.719141 0.555859 0.0882813 0.108594 0.000261043
0 0.697656 0.571875 0.0890625 0.103125 0.000262658
0 0.385938 0.568359 0.109375 0.121094 0.000286509
0 0.757031 0.157813 0.0703125 0.0859375 0.00030906
0 0.656641 0.570312 0.0898438 0.101562 0.000318007
0 0.273828 0.626953 0.225781 0.180469 0.000326325
0 0.373828 0.532422 0.122656 0.167969 0.000379643
0 0.723437 0.415625 0.189063 0.39375 0.000381589
0 0.241016 0.395703 0.102344 0.247656 0.000403712
0 0.661719 0.496094 0.14375 0.25 0.000413419
0 0.795313 0.576172 0.109375 0.196094 0.000491955
0 0.217187 0.627344 0.0875 0.128125 0.000531422
0 0.303906 0.533203 0.135937 0.158594 0.000738015
0 0.739844 0.534375 0.139062 0.195312 0.000850169
0 0.293359 0.410156 0.185156 0.423438 0.000885233
0 0.700391 0.621875 0.219531 0.1625 0.00108434
0 0.699219 0.589063 0.139062 0.134375 0.00118208
0 0.3375 0.490234 0.185937 0.282031 0.00125981
0 0.75625 0.498047 0.175 0.316406 0.00130363
0 0.698438 0.536328 0.1375 0.169531 0.00139512
0 0.798828 0.633203 0.0851562 0.111719 0.00163535
0 0.716797 0.580469 0.289844 0.260938 0.00169272
0 0.251172 0.484766 0.139844 0.322656 0.00200449
0 0.244922 0.585938 0.142969 0.207813 0.00215677
0 0.341797 0.555469 0.155469 0.15625 0.00316467
0 0.665625 0.564453 0.146875 0.153906 0.00438149
0 0.758984 0.598047 0.171094 0.169531 0.00852183
0 0.290625 0.553906 0.21875 0.215625 0.0123464
0 0.715625 0.572656 0.214062 0.176563 0.0231673
