0 0.367578 0.0234375 0.205469 0.046875 0.000103896
0 0.732031 0.388281 0.13125 0.184375 0.000106284
0 0.597656 0.223047 0.154687 0.163281 0.00010838
0 0.199609 0.365625 0.0820312 0.0921875 0.000121656
0 0.190625 0.548437 0.135937 0.14375 0.000123391
0 0.660547 0.448828 0.155469 0.188281 0.000127476
0 0.371875 0.433203 0.221875 0.507031 0.000135054
0 0.757031 0.472266 0.08125 0.0960938 0.000137191
0 0.410547 0.105078 0.269531 0.210156 0.000139995
0 0.794141 0.604297 0.0898438 0.0882813 0.000153271
0 0.282031 0.341406 0.0828125 0.101562 0.00015718
0 0.619922 0.342187 0.174219 0.189063 0.000173685
0 0.607422 0.440625 0.257031 0.5 0.000192752
0 0.267188 0.9625 0.31875 0.075 0.000196169
0 0.715234 0.327734 0.124219 0.216406 0.000212387
0 0.299219 0.322266 0.084375 0.103906 0.000214406
0 0.31875 0.111719 0.29375 0.223438 0.000236461
0 0.319141 0.0398437 0.236719 0.0796875 0.000238504
0 0.628516 0.519141 0.189844 0.316406 0.000243505
0 0.282031 0.303906 0.0890625 0.1 0.000248147
0 0.261719 0.321484 0.0875 0.103906 0.000249174
0 0.278516 0.489453 0.222656 0.188281 0.000249712
0 0.784375 0.482812 0.1625 0.329688 0.000261211
0 0.339453 0.230469 0.210156 0.2625 0.000280131
0 0.223438 0.326562 0.126563 0.146875 0.000291085
0 0.317578 0.322266 0.135156 0.169531 0.000296445
0 0.255078 0.428906 0.219531 0.21875 0.000302188
0 0.675781 0.266406 0.176563 0.215625 0.000303315
0 0.395312 0.0382813 0.242188 0.0765625 0.000329114
0 0.293359 0.248047 0.335156 0.375781 0.000339871
0 0.190234 0.44375 0.286719 0.434375 0.000341317
0 0.744531 0.369922 0.179688 0.367969 0.000342675
0 0.754687 0.471875 0.104687 0.164062 0.000347287
0 0.700781 0.448828 0.15 0.263281 0.000356278
0 0.332812 0.516797 0.176563 0.277344 0.000365283
0 0.296875 0.364844 0.132812 0.201562 0.000381009
0 0.240625 0.602734 0.264062 0.292969 0.000405463
0 0.603516 0.283203 0.189844 0.236719 0.000436442
0 0.680859 0.509766 0.186719 0.210156 0.000452676
0 0.204688 0.386328 0.11875 0.192969 0.000476912
0 0.363281 0.0609375 0.282813 0.120312 0.000590298
0 0.210156 0.319922 0.284375 0.333594 0.000644291
0 0.201172 0.467187 0.141406 0.203125 0.000667505
0 0.330078 0.354297 0.199219 0.324219 0.000710912
0 0.660547 0.579297 0.205469 0.244531 0.000757827
0 0.675781 0.3625 0.198437 0.184375 0.000917564
0 0.294141 0.267188 0.199219 0.2125 0.000959122
0 0.298828 0.5125 0.299219 0.4 0.000986621
0 0.739062 0.489844 0.139062 0.248437 0.0011394
0 0.777734 0.585156 0.102344 0.1125 0.00116448
0 0.235156 0.503906 0.220313 0.26875 0.00135091
0 0.236719 0.371875 0.153125 0.251563 0.00145651
0 0.280078 0.304688 0.138281 0.1625 0.00251672
0 0.761328 0.551953 0.155469 0.217969 0.00258156
0 0.65 0.317187 0.242188 0.3125 0.00613021
0 0.26875 0.322266 0.195312 0.241406 0.00642797
0 0.717188 0.51875 0.235938 0.303125 0.0142633
0 0.208203 0.431641 0.175781 0.341406 0.014454
0 0.260938 0.39375 0.267188 0.43125 0.327071
0 0.690625 0.419141 0.264062 0.492969 0.348949
