0 0.907422 0.775391 0.141406 0.153906 0.000100942
0 0.410937 0.576563 0.0875 0.107813 0.000107324
0 0.635547 0.378906 0.386719 0.49375 0.00010808
0 0.444141 0.663281 0.344531 0.484375 0.000108463
0 0.717969 0.555859 0.109375 0.172656 0.000112817
0 0.539062 0.100781 0.428125 0.2 0.000115959
0 0.262109 0.554688 0.0851562 0.114063 0.000121953
0 0.388281 0.339063 0.071875 0.0859375 0.000122903
0 0.367188 0.529688 0.140625 0.240625 0.000123808
0 0.518359 0.398047 0.389844 0.544531 0.000123882
0 0.278906 0.527734 0.0875 0.105469 0.000125278
0 0.934766 0.185937 0.128906 0.354688 0.000126323
0 0.322266 0.407031 0.0867188 0.115625 0.000129695
0 0.438281 0.0570313 0.420312 0.114063 0.000130496
0 0.896094 0.85 0.203125 0.290625 0.000132985
0 0.928906 0.0722656 0.142188 0.144531 0.000133718
0 0.758594 0.575781 0.132812 0.153125 0.00013502
0 0.740625 0.761719 0.414062 0.39375 0.000135156
0 0.478516 0.264453 0.207031 0.250781 0.000135564
0 0.865625 0.325391 0.090625 0.146094 0.00013841
0 0.808984 0.426562 0.161719 0.185937 0.000139538
0 0.319531 0.44375 0.0921875 0.1125 0.000142626
0 0.451172 0.765234 0.553906 0.469531 0.000143067
0 0.802734 0.0621094 0.394531 0.117969 0.000143127
0 0.828125 0.6375 0.146875 0.165625 0.00014336
0 0.870313 0.673047 0.142188 0.167969 0.000145532
0 0.891797 0.450391 0.119531 0.246094 0.000147425
0 0.672266 0.606641 0.146094 0.196094 0.000149337
0 0.302344 0.46875 0.0921875 0.110937 0.000153602
0 0.700391 0.528906 0.167969 0.31875 0.000160119
0 0.443359 0.534375 0.111719 0.1875 0.000160729
0 0.757031 0.6375 0.142188 0.167187 0.000161473
0 0.217969 0.603516 0.107813 0.200781 0.000172978
0 0.239453 0.583203 0.314844 0.439844 0.000174501
0 0.284375 0.487891 0.0875 0.108594 0.000184037
0 0.426172 0.646094 0.141406 0.170312 0.000192049
0 0.315234 0.549609 0.139844 0.194531 0.000193278
0 0.426953 0.447266 0.133594 0.261719 0.000203365
0 0.364453 0.344531 0.125781 0.182812 0.000207289
0 0.85 0.447656 0.084375 0.109375 0.000215662
0 0.484375 0.452344 0.239063 0.457812 0.000227261
0 0.55 0.0324219 0.26875 0.0632813 0.0002386
0 0.879687 0.603906 0.240625 0.420312 0.000249926
0 0.215234 0.564844 0.180469 0.364062 0.000252376
0 0.599219 0.05625 0.409375 0.1125 0.000254668
0 0.903516 0.110937 0.192969 0.221875 0.000260933
0 0.384766 0.340234 0.102344 0.121094 0.000266367
0 0.875781 0.370313 0.101562 0.215625 0.000272377
0 0.921875 0.728125 0.114063 0.170312 0.000280691
0 0.719141 0.598047 0.136719 0.161719 0.000316749
0 0.383203 0.402344 0.164844 0.196875 0.000325787
0 0.369922 0.59375 0.183594 0.159375 0.000328257
0 0.397266 0.637891 0.144531 0.117969 0.000329287
0 0.805469 0.596094 0.232812 0.20625 0.00034391
0 0.409766 0.615234 0.0882813 0.100781 0.00034581
0 0.799609 0.735547 0.332031 0.242969 0.000360568
0 0.228516 0.6125 0.0710938 0.096875 0.000377292
0 0.890234 0.758984 0.188281 0.235156 0.000387723
0 0.648047 0.622266 0.430469 0.671094 0.000414156
0 0.895703 0.551172 0.103906 0.211719 0.00047397
0 0.669531 0.623047 0.25625 0.346094 0.000505256
0 0.746094 0.449609 0.321875 0.475781 0.000512914
0 0.360547 0.318359 0.199219 0.269531 0.000515926
0 0.540234 0.59375 0.460156 0.8125 0.00052525
0 0.330859 0.4875 0.133594 0.254687 0.000535873
0 0.405859 0.529688 0.307031 0.396875 0.000538279
0 0.427344 0.303125 0.25 0.315625 0.000680279
0 0.698438 0.670313 0.182812 0.1875 0.000721111
0 0.320703 0.387109 0.124219 0.194531 0.000725425
0 0.903906 0.484375 0.15 0.401563 0.000765332
0 0.835547 0.491406 0.144531 0.260938 0.00078898
0 0.821484 0.361719 0.207031 0.285937 0.000798457
0 0.269922 0.491797 0.116406 0.211719 0.000804958
0 0.739062 0.567187 0.273438 0.357812 0.000932795
0 0.907422 0.680859 0.139844 0.227344 0.00108664
0 0.866406 0.613281 0.140625 0.201562 0.00142556
0 0.320703 0.374609 0.160156 0.317969 0.00146219
0 0.863281 0.426172 0.110937 0.172656 0.00174073
0 0.864453 0.531641 0.128906 0.216406 0.00185006
0 0.733594 0.619141 0.2125 0.224219 0.00199935
0 0.244531 0.596484 0.0953125 0.135156 0.00207438
0 0.417969 0.439063 0.192188 0.3875 0.0021594
0 0.271484 0.469531 0.272656 0.45 0.00236362
0 0.303516 0.449609 0.124219 0.219531 0.00412383
0 0.420312 0.597656 0.120312 0.164062 0.00424568
0 0.346875 0.549219 0.2625 0.28125 0.0045146
0 0.791406 0.667969 0.290625 0.217187 0.00582585
0 0.417969 0.544922 0.148438 0.275781 0.00675312
0 0.891016 0.605078 0.146094 0.321094 0.00752807
0 0.857422 0.420703 0.138281 0.296094 0.00757133
0 0.272656 0.54375 0.154687 0.24375 0.0176258
0 0.358203 0.419922 0.263281 0.464844 0.0366651
0 0.814844 0.519531 0.282813 0.496875 0.0384728
0 0.8625 0.525391 0.167187 0.403906 0.273389
0 0.299609 0.471875 0.169531 0.35625 0.285054
