0 0.231641 0.577734 0.238281 0.258594 0.000100902
0 0.0300781 0.357812 0.0570313 0.41875 0.000101157
0 0.0425781 0.683594 0.0820312 0.5625 0.000102177
0 0.765625 0.49375 0.0828125 0.10625 0.000104105
0 0.390625 0.474609 0.126563 0.225781 0.00010434
0 0.260547 0.322656 0.0695312 0.09375 0.000105634
0 0.0722656 0.0617188 0.144531 0.123438 0.000110882
0 0.480469 0.102734 0.35625 0.203906 0.000113528
0 0.785156 0.568359 0.08125 0.110156 0.000114411
0 0.755469 0.302344 0.0671875 0.090625 0.000115862
0 0.278516 0.289844 0.105469 0.128125 0.000115888
0 0.521094 0.0363281 0.30625 0.0726563 0.000117141
0 0.321484 0.5125 0.0867188 0.08125 0.000117978
0 0.376953 0.123047 0.399219 0.235156 0.00011967
0 0.342578 0.232812 0.119531 0.096875 0.000120539
0 0.310156 0.278125 0.104687 0.129688 0.000121262
0 0.223828 0.40625 0.0742188 0.1 0.000126525
0 0.694922 0.596094 0.0898438 0.107813 0.000128408
0 0.244141 0.325391 0.0867188 0.150781 0.000129776
0 0.857031 0.211719 0.285937 0.423438 0.000130381
0 0.710938 0.400391 0.165625 0.258594 0.000137123
0 0.740234 0.280859 0.0523437 0.0664062 0.000142475
0 0.158203 0.382031 0.216406 0.529688 0.000144253
0 0.941797 0.366797 0.116406 0.733594 0.000144563
0 0.266406 0.203125 0.41875 0.398438 0.000146366
0 0.332031 0.283594 0.167187 0.225 0.000150459
0 0.388281 0.533203 0.1125 0.167969 0.000156196
0 0.294141 0.557813 0.236719 0.165625 0.00016451
0 0.122656 0.205078 0.245312 0.410156 0.000165389
0 0.552734 0.0648438 0.389844 0.129688 0.000165399
0 0.782031 0.403125 0.0828125 0.110937 0.000167537
0 0.0332031 0.523438 0.0632813 0.648438 0.000176857
0 0.294141 0.363281 0.107031 0.140625 0.000184854
0 0.0550781 0.362891 0.110156 0.649219 0.000185212
0 0.276563 0.346094 0.0734375 0.090625 0.000190758
0 0.742188 0.284375 0.0734375 0.103125 0.000193476
0 0.0792969 0.135937 0.158594 0.271875 0.000206202
0 0.225391 0.367578 0.0820312 0.138281 0.000206616
0 0.763672 0.590625 0.138281 0.1875 0.000213859
0 0.337891 0.446875 0.174219 0.251563 0.000225715
0 0.2375 0.382031 0.08125 0.0875 0.000226919
0 0.895312 0.0628906 0.204688 0.124219 0.000233191
0 0.285156 0.0679687 0.38125 0.134375 0.000238588
0 0.375781 0.527344 0.0765625 0.123438 0.000248739
0 0.647656 0.119531 0.459375 0.23125 0.000254235
0 0.295703 0.317969 0.100781 0.145313 0.00026415
0 0.775 0.330078 0.071875 0.105469 0.000266359
0 0.783203 0.515234 0.0867188 0.107031 0.000283924
0 0.034375 0.225781 0.0640625 0.451562 0.000284974
0 0.294922 0.471484 0.139844 0.164844 0.000292433
0 0.865625 0.103516 0.26875 0.207031 0.000300258
0 0.8125 0.49375 0.0921875 0.195312 0.000300649
0 0.750781 0.34375 0.06875 0.075 0.000301436
0 0.832812 0.651172 0.1 0.114844 0.000330943
0 0.254297 0.470703 0.0914062 0.108594 0.000362081
0 0.775781 0.628516 0.198437 0.172656 0.000362932
0 0.205469 0.108984 0.398438 0.216406 0.000369
0 0.205078 0.486719 0.0820312 0.107813 0.000370741
0 0.197266 0.520312 0.103906 0.15 0.000374148
0 0.782422 0.314844 0.399219 0.576563 0.000401015
0 0.261328 0.365234 0.0742188 0.0757812 0.000405049
0 0.747266 0.491016 0.130469 0.225781 0.000419327
0 0.726953 0.0734375 0.458594 0.142188 0.00042862
0 0.285547 0.34375 0.339844 0.525 0.00050347
0 0.789453 0.363672 0.0742188 0.100781 0.000505557
0 0.828516 0.6 0.121094 0.226562 0.000516847
0 0.724219 0.196094 0.532812 0.376563 0.000548538
0 0.822266 0.481641 0.124219 0.369531 0.000588784
0 0.143359 0.0707031 0.277344 0.138281 0.00059498
0 0.222656 0.452734 0.0875 0.111719 0.000616613
0 0.782031 0.450781 0.10625 0.20625 0.000648404
0 0.689453 0.619531 0.141406 0.157813 0.00078666
0 0.7125 0.483984 0.189063 0.313281 0.000875154
0 0.753516 0.321875 0.0914062 0.142188 0.000877104
0 0.260547 0.365625 0.0945313 0.129688 0.000891537
0 0.327344 0.522656 0.18125 0.145313 0.00094881
0 0.751953 0.323047 0.169531 0.257031 0.000993383
0 0.278906 0.351953 0.178125 0.291406 0.00105137
0 0.800781 0.547656 0.084375 0.104687 0.00113703
0 0.8 0.386719 0.11875 0.240625 0.00113747
0 0.740625 0.466016 0.270312 0.460156 0.00146176
0 0.258594 0.503516 0.2125 0.158594 0.00191848
0 0.782422 0.512109 0.116406 0.183594 0.00193245
0 0.283203 0.451953 0.278906 0.308594 0.00193305
0 0.261328 0.363672 0.127344 0.200781 0.00198574
0 0.238672 0.414453 0.114844 0.208594 0.00222298
0 0.695703 0.571484 0.171094 0.216406 0.00229426
0 0.219531 0.485156 0.11875 0.153125 0.00366971
0 0.772656 0.360938 0.0921875 0.140625 0.0049252
0 0.7625 0.394922 0.132812 0.274219 0.00651735
0 0.800781 0.561328 0.123438 0.199219 0.00793672
0 0.750391 0.542969 0.196094 0.25625 0.013694
0 0.779688 0.468359 0.139062 0.336719 0.0318046
0 0.248047 0.458984 0.158594 0.192969 0.0344329
