0 0.853125 0.619922 0.110937 0.167969 0.000103306
0 0.321875 0.576953 0.0796875 0.103906 0.000104536
0 0.367578 0.471875 0.139844 0.267188 0.000104641
0 0.943359 0.0585938 0.107031 0.109375 0.000107752
0 0.823047 0.573438 0.0789063 0.10625 0.000110189
0 0.650391 0.203125 0.108594 0.10625 0.000110762
0 0.201562 0.665234 0.1125 0.0789063 0.000110768
0 0.403516 0.528906 0.0882813 0.101562 0.000112165
0 0.822656 0.954687 0.221875 0.0765625 0.000114763
0 0.260938 0.470313 0.0859375 0.0828125 0.000116542
0 0.522656 0.516797 0.414062 0.630469 0.000116941
0 0.793359 0.349609 0.113281 0.144531 0.000117869
0 0.224609 0.492969 0.107031 0.225 0.000118255
0 0.760547 0.636328 0.0914062 0.110156 0.000121594
0 0.6375 0.208594 0.0765625 0.065625 0.000121931
0 0.667578 0.486719 0.169531 0.3125 0.000124012
0 0.416797 0.404297 0.177344 0.338281 0.000124081
0 0.432813 0.230469 0.059375 0.0875 0.000128117
0 0.281641 0.632812 0.139844 0.104687 0.000129596
0 0.825391 0.685156 0.0914062 0.101562 0.00012963
0 0.965234 0.112109 0.0492188 0.214844 0.000132151
0 0.187891 0.612109 0.149219 0.213281 0.000133084
0 0.263281 0.348437 0.05625 0.0734375 0.00014042
0 0.261719 0.591016 0.090625 0.100781 0.000142465
0 0.780078 0.617578 0.0867188 0.107031 0.000146006
0 0.457422 0.600391 0.224219 0.338281 0.000149058
0 0.777734 0.733594 0.303906 0.298438 0.000152665
0 0.321484 0.535937 0.132031 0.234375 0.00015798
0 0.366406 0.616016 0.0875 0.102344 0.000159152
0 0.242578 0.573047 0.0867188 0.107031 0.000163911
0 0.34375 0.420312 0.0828125 0.103125 0.000166061
0 0.278125 0.489453 0.0828125 0.0695312 0.000167257
0 0.414062 0.229687 0.1 0.1125 0.000167915
0 0.673828 0.205859 0.0820312 0.0742188 0.000172315
0 0.203125 0.619141 0.0765625 0.0898438 0.000173682
0 0.339063 0.442187 0.121875 0.171875 0.000178784
0 0.719531 0.401953 0.0828125 0.100781 0.000188312
0 0.732422 0.950781 0.355469 0.0890625 0.000188691
0 0.676953 0.230469 0.0726563 0.0796875 0.000201799
0 0.327344 0.350391 0.0953125 0.111719 0.000203027
0 0.957812 0.308203 0.053125 0.235156 0.00020597
0 0.327734 0.631641 0.133594 0.127344 0.000216938
0 0.303906 0.595312 0.0828125 0.0890625 0.000225433
0 0.28125 0.574609 0.0875 0.103906 0.000227156
0 0.386328 0.649219 0.0867188 0.0921875 0.000228843
0 0.8 0.467187 0.110937 0.189063 0.000242228
0 0.358594 0.349609 0.0859375 0.0945313 0.000254252
0 0.240625 0.528516 0.08125 0.0914062 0.000254737
0 0.379297 0.276563 0.157031 0.173438 0.000255441
0 0.672656 0.263281 0.140625 0.167187 0.00025615
0 0.276172 0.720312 0.333594 0.264062 0.000258613
0 0.323438 0.612109 0.0796875 0.0867188 0.000265923
0 0.684766 0.375 0.202344 0.290625 0.000273402
0 0.263672 0.448438 0.117969 0.189063 0.000275474
0 0.760156 0.491797 0.14375 0.275781 0.000277023
0 0.263672 0.362891 0.0789063 0.117969 0.000278591
0 0.685156 0.542578 0.307813 0.460156 0.000288254
0 0.184375 0.651172 0.0625 0.0585938 0.000294681
0 0.964844 0.232031 0.0515625 0.371875 0.000299749
0 0.784766 0.656641 0.0914062 0.0898438 0.000324266
0 0.738281 0.384375 0.0921875 0.10625 0.000327468
0 0.237891 0.672266 0.221094 0.139844 0.000336619
0 0.763281 0.36875 0.0953125 0.096875 0.000344687
0 0.420312 0.276953 0.134375 0.222656 0.000348731
0 0.305859 0.383984 0.0945313 0.110156 0.000371595
0 0.65625 0.217187 0.0875 0.065625 0.000395722
0 0.257422 0.508984 0.0867188 0.0726563 0.000396792
0 0.688672 0.679688 0.188281 0.173438 0.000406991
0 0.204297 0.486719 0.213281 0.382812 0.000414715
0 0.444141 0.210938 0.0773437 0.0921875 0.000443461
0 0.295312 0.488672 0.13125 0.221094 0.00044828
0 0.339844 0.664453 0.295312 0.313281 0.000478037
0 0.851562 0.644141 0.0671875 0.0679687 0.000496065
0 0.721875 0.653125 0.14375 0.14375 0.000514774
0 0.744141 0.422656 0.163281 0.184375 0.000538944
0 0.208984 0.607031 0.116406 0.135937 0.000544877
0 0.785156 0.38125 0.0890625 0.101562 0.000546307
0 0.2875 0.346875 0.125 0.145313 0.000553116
0 0.819531 0.557422 0.114063 0.203906 0.000598112
0 0.2 0.641406 0.0890625 0.0609375 0.000617704
0 0.763281 0.672266 0.151562 0.117969 0.000625851
0 0.854297 0.671484 0.0820312 0.0992187 0.000644465
0 0.224609 0.554297 0.122656 0.186719 0.000712036
0 0.811328 0.625391 0.272656 0.288281 0.000754314
0 0.353906 0.669531 0.209375 0.189063 0.000755605
0 0.805859 0.66875 0.0945313 0.0859375 0.000763219
0 0.326562 0.334766 0.276563 0.325781 0.00076655
0 0.386719 0.649609 0.129688 0.133594 0.000833494
0 0.75625 0.576172 0.15 0.230469 0.000872451
0 0.699219 0.533594 0.132812 0.240625 0.000893064
0 0.837891 0.6875 0.142969 0.134375 0.000907082
0 0.413672 0.638281 0.150781 0.192188 0.000941426
0 0.823047 0.624609 0.0835937 0.0882813 0.000944919
0 0.300781 0.59375 0.153125 0.153125 0.00102542
0 0.403906 0.532422 0.125 0.241406 0.00104953
0 0.797266 0.402344 0.117969 0.159375 0.00105145
0 0.391797 0.471875 0.282031 0.542188 0.00108017
0 0.712891 0.391797 0.152344 0.158594 0.00113694
0 0.278906 0.55625 0.139062 0.179688 0.00116877
0 0.732031 0.398828 0.290625 0.433594 0.00128543
0 0.264453 0.602734 0.308594 0.302344 0.00129418
0 0.30625 0.425 0.148438 0.220313 0.0012981
0 0.344531 0.385547 0.090625 0.114844 0.00133217
0 0.367969 0.614453 0.140625 0.160156 0.00137056
0 0.340234 0.328516 0.166406 0.183594 0.0015024
0 0.733594 0.342578 0.189063 0.200781 0.00177016
0 0.799609 0.596875 0.167969 0.190625 0.00182966
0 0.277344 0.377734 0.175 0.194531 0.00184626
0 0.239063 0.642969 0.178125 0.0984375 0.00197014
0 0.827344 0.523828 0.151562 0.367969 0.00207182
0 0.259766 0.510547 0.130469 0.202344 0.00234078
0 0.271484 0.639844 0.255469 0.154687 0.00313893
0 0.713672 0.488281 0.188281 0.392188 0.00324235
0 0.370313 0.395312 0.15625 0.225 0.00346143
0 0.820703 0.622266 0.119531 0.130469 0.00377499
0 0.242578 0.593359 0.169531 0.171094 0.00433887
0 0.799219 0.451562 0.165625 0.328125 0.00446222
0 0.764453 0.687891 0.261719 0.144531 0.00454587
0 0.321875 0.6 0.235938 0.210938 0.00565297
0 0.411328 0.525 0.166406 0.367188 0.00568201
0 0.708594 0.601953 0.179688 0.241406 0.0069139
0 0.760156 0.379687 0.167187 0.139062 0.0120242
0 0.261328 0.539844 0.203906 0.298438 0.0135174
0 0.832031 0.65625 0.104687 0.0859375 0.0254169
0 0.375781 0.583594 0.185937 0.276563 0.0381001
0 0.323828 0.375 0.160156 0.157813 0.0515867
0 0.806641 0.654688 0.164844 0.117188 0.0526472
0 0.766797 0.529688 0.224219 0.373437 0.115567
0 0.3125 0.481641 0.245312 0.421094 0.124013
0 0.773828 0.639453 0.224219 0.183594 0.133981
