0 0.209375 0.305469 0.115625 0.171875 0.000108862
0 0.378516 0.621484 0.132031 0.192969 0.00010951
0 0.327344 0.0847656 0.0671875 0.0585938 0.000112607
0 0.352734 0.250391 0.0492188 0.0476562 0.00011301
0 0.241406 0.402344 0.14375 0.203125 0.000114107
0 0.267969 0.404687 0.065625 0.06875 0.000116177
0 0.671484 0.725 0.105469 0.15 0.000116318
0 0.65625 0.303906 0.1 0.084375 0.000118414
0 0.909375 0.759375 0.0828125 0.10625 0.000120215
0 0.232812 0.552734 0.142188 0.164844 0.000121404
0 0.706641 0.488281 0.203906 0.28125 0.000140994
0 0.424219 0.339844 0.05625 0.06875 0.000143021
0 0.6875 0.296484 0.090625 0.0757812 0.000143207
0 0.242188 0.754297 0.2625 0.188281 0.000145157
0 0.803125 0.0558594 0.109375 0.111719 0.000146154
0 0.282422 0.333203 0.0539063 0.0585938 0.000154632
0 0.980078 0.476953 0.0398437 0.388281 0.00015746
0 0.218359 0.492578 0.116406 0.180469 0.000157776
0 0.843359 0.620703 0.158594 0.221094 0.000162033
0 0.849609 0.785547 0.278906 0.267969 0.000167571
0 0.863281 0.717969 0.0921875 0.109375 0.000168736
0 0.682813 0.676172 0.129688 0.166406 0.000171611
0 0.765234 0.468359 0.189844 0.178906 0.000173374
0 0.728125 0.398438 0.2125 0.253125 0.000176506
0 0.211328 0.0519531 0.117969 0.103906 0.000177154
0 0.360938 0.65625 0.078125 0.1 0.000178518
0 0.279687 0.637891 0.153125 0.203906 0.00018132
0 0.344141 0.274609 0.0523437 0.0617188 0.000192384
0 0.123828 0.0539063 0.127344 0.107813 0.000192922
0 0.762109 0.53125 0.203906 0.2 0.000195903
0 0.289062 0.315625 0.05625 0.071875 0.000197212
0 0.182422 0.714063 0.132031 0.18125 0.000207879
0 0.692578 0.0847656 0.0507812 0.0507812 0.000219598
0 0.702344 0.755859 0.165625 0.182031 0.000224786
0 0.808594 0.55625 0.148438 0.25625 0.000242557
0 0.266406 0.370703 0.0875 0.122656 0.000243151
0 0.344141 0.0796875 0.0679687 0.0421875 0.000251595
0 0.396484 0.263281 0.0601562 0.0515625 0.000262069
0 0.760156 0.695312 0.090625 0.109375 0.000278115
0 0.203906 0.532812 0.104687 0.135937 0.000292047
0 0.882422 0.661328 0.152344 0.217969 0.000295207
0 0.192188 0.699609 0.279687 0.389844 0.000319101
0 0.694141 0.0828125 0.0335938 0.0375 0.000324561
0 0.377734 0.716797 0.202344 0.213281 0.000347058
0 0.392188 0.643359 0.184375 0.288281 0.000359687
0 0.300391 0.692969 0.152344 0.182812 0.000379877
0 0.721875 0.658984 0.140625 0.199219 0.000382428
0 0.676953 0.0792969 0.0507812 0.0382813 0.000410254
0 0.399219 0.327344 0.06875 0.0640625 0.00042182
0 0.241016 0.425391 0.0992187 0.125781 0.000424775
0 0.176953 0.614062 0.142969 0.31875 0.000482308
0 0.238672 0.674609 0.150781 0.189844 0.000486512
0 0.805859 0.452734 0.130469 0.132031 0.000602274
0 0.760547 0.731641 0.144531 0.180469 0.000618002
0 0.785156 0.639063 0.234375 0.221875 0.000620215
0 0.395703 0.302344 0.0710938 0.0984375 0.000653125
0 0.358984 0.263672 0.0617188 0.0414063 0.00087023
0 0.208984 0.533594 0.144531 0.317187 0.0008922
0 0.902734 0.754687 0.155469 0.192188 0.000942576
0 0.710156 0.607422 0.2 0.335156 0.00109405
0 0.347266 0.658203 0.139844 0.174219 0.00114067
0 0.379687 0.276172 0.075 0.0710938 0.00116914
0 0.821875 0.698438 0.15 0.171875 0.00119411
0 0.250391 0.403906 0.0726563 0.0859375 0.00124431
0 0.760156 0.739453 0.314063 0.255469 0.0013191
0 0.811328 0.489062 0.177344 0.239063 0.00154157
0 0.842188 0.540625 0.185937 0.365625 0.00306369
0 0.297656 0.748047 0.348437 0.272656 0.00312025
0 0.747656 0.535547 0.29375 0.458594 0.00346629
0 0.864062 0.717969 0.148438 0.171875 0.00359816
0 0.204297 0.677344 0.186719 0.259375 0.00463606
0 0.296094 0.509375 0.298438 0.529688 0.00569663
0 0.339063 0.653906 0.217187 0.229687 0.00789432
0 0.876172 0.642969 0.191406 0.353125 0.01026
0 0.746484 0.692969 0.210156 0.214062 0.0141323
0 0.235938 0.596875 0.207813 0.340625 0.0195169
0 0.830469 0.710156 0.265625 0.229687 0.100033
0 0.80625 0.622266 0.276563 0.385156 0.190571
0 0.280078 0.662891 0.303906 0.300781 0.259655
