0 0.297656 0.298047 0.120312 0.130469 0.000101627
0 0.735547 0.278516 0.116406 0.125781 0.000111784
0 0.701172 0.102734 0.372656 0.183594 0.000114727
0 0.391406 0.531641 0.215625 0.238281 0.000115729
0 0.785547 0.549609 0.0835937 0.102344 0.000123129
0 0.825781 0.614844 0.295312 0.475 0.000126307
0 0.301562 0.473437 0.090625 0.107813 0.000135325
0 0.735937 0.0324219 0.259375 0.0601562 0.000139982
0 0.770703 0.313281 0.103906 0.139062 0.000140364
0 0.376563 0.313672 0.115625 0.142969 0.000141746
0 0.265234 0.642969 0.316406 0.4125 0.000147797
0 0.373828 0.396875 0.127344 0.24375 0.000166099
0 0.696094 0.592188 0.090625 0.109375 0.000167285
0 0.305469 0.580469 0.228125 0.23125 0.000169214
0 0.663281 0.298047 0.1375 0.225781 0.000177882
0 0.221875 0.541016 0.179688 0.167969 0.00019821
0 0.360156 0.524219 0.084375 0.103125 0.0001995
0 0.310156 0.246484 0.16875 0.178906 0.000230177
0 0.7375 0.628516 0.135937 0.167969 0.000230292
0 0.282422 0.500781 0.0914062 0.1125 0.000235335
0 0.202344 0.510156 0.08125 0.107813 0.000255584
0 0.786719 0.0539063 0.3875 0.107813 0.000258358
0 0.766797 0.360156 0.139844 0.192188 0.000263722
0 0.797656 0.402734 0.09375 0.227344 0.000280415
0 0.207813 0.451953 0.1125 0.205469 0.000280553
0 0.327344 0.540625 0.146875 0.173438 0.000283266
0 0.655078 0.196484 0.122656 0.116406 0.000284512
0 0.730078 0.667578 0.241406 0.238281 0.000288063
0 0.804297 0.534766 0.0804688 0.105469 0.000303374
0 0.249219 0.327734 0.121875 0.192969 0.000316317
0 0.71875 0.512891 0.142188 0.258594 0.000328837
0 0.221875 0.488672 0.0921875 0.113281 0.000329635
0 0.717578 0.425781 0.150781 0.15625 0.00033438
0 0.187891 0.529688 0.0742188 0.0890625 0.000334494
0 0.725 0.335938 0.164062 0.210938 0.000339055
0 0.375 0.544531 0.121875 0.14375 0.00037715
0 0.323438 0.489062 0.090625 0.110937 0.00039623
0 0.272266 0.278906 0.0898438 0.1125 0.000414487
0 0.676953 0.39375 0.155469 0.190625 0.000420508
0 0.342578 0.50625 0.0898438 0.110937 0.000462715
0 0.339844 0.352344 0.196875 0.39375 0.000556431
0 0.196875 0.514453 0.11875 0.150781 0.000646571
0 0.802344 0.630859 0.164062 0.230469 0.000669136
0 0.241406 0.431641 0.140625 0.239844 0.000734966
0 0.260938 0.486719 0.090625 0.104687 0.000849618
0 0.284766 0.455078 0.152344 0.180469 0.000945855
0 0.802344 0.489062 0.10625 0.242188 0.00171246
0 0.728906 0.488281 0.26875 0.428125 0.00181076
0 0.728125 0.423828 0.198437 0.275781 0.00181387
0 0.663672 0.53125 0.167969 0.2625 0.00195632
0 0.335156 0.455469 0.182812 0.223438 0.0020747
0 0.354297 0.508594 0.139844 0.178125 0.00405217
0 0.801172 0.557422 0.130469 0.253906 0.00420591
0 0.685156 0.605078 0.160938 0.199219 0.00500386
0 0.761719 0.596484 0.201562 0.230469 0.00503311
0 0.278516 0.408984 0.219531 0.311719 0.00523526
0 0.228125 0.491016 0.1625 0.166406 0.00719401
0 0.274609 0.521875 0.299219 0.267188 0.0103191
0 0.767969 0.488281 0.170312 0.3125 0.01095
0 0.717188 0.558984 0.2125 0.264844 0.0231305
0 0.292188 0.497656 0.226562 0.167187 0.27909
