0 0.784375 0.467578 0.148438 0.221094 0.000100707
0 0.829297 0.530859 0.0835937 0.102344 0.000102154
0 0.388672 0.178516 0.166406 0.233594 0.000105572
0 0.1875 0.302344 0.110937 0.26875 0.000107082
0 0.851172 0.322656 0.105469 0.201562 0.000109116
0 0.643359 0.545703 0.436719 0.758594 0.000109265
0 0.661328 0.527734 0.135156 0.313281 0.000109572
0 0.226562 0.222656 0.135937 0.242188 0.000117591
0 0.778516 0.155859 0.105469 0.142969 0.000120872
0 0.826953 0.388281 0.0835937 0.1125 0.000122131
0 0.739453 0.366797 0.144531 0.246094 0.00012552
0 0.379687 0.857813 0.334375 0.284375 0.000125976
0 0.248047 0.197656 0.0914062 0.109375 0.000126966
0 0.701172 0.554688 0.108594 0.146875 0.000131996
0 0.395703 0.292969 0.178906 0.35625 0.000133021
0 0.857422 0.634375 0.121094 0.179688 0.00013881
0 0.807422 0.321484 0.0882813 0.111719 0.000139625
0 0.313672 0.195703 0.203906 0.183594 0.000145055
0 0.839453 0.341016 0.0820312 0.110156 0.000145846
0 0.280859 0.426172 0.146094 0.180469 0.000147746
0 0.296875 0.303125 0.146875 0.253125 0.000151102
0 0.361719 0.466016 0.132812 0.133594 0.000163855
0 0.384766 0.111719 0.260156 0.220313 0.000164377
0 0.529688 0.522266 0.476562 0.955469 0.000167147
0 0.846484 0.514063 0.0804688 0.110937 0.000178155
0 0.667188 0.365234 0.192188 0.385156 0.000193012
0 0.825781 0.424609 0.084375 0.0945313 0.000197227
0 0.279687 0.196484 0.09375 0.111719 0.000199361
0 0.806641 0.280859 0.0914062 0.113281 0.000199378
0 0.239453 0.466797 0.178906 0.177344 0.000205841
0 0.828516 0.59375 0.158594 0.21875 0.000213489
0 0.814453 0.223438 0.121094 0.203125 0.000220328
0 0.303516 0.786719 0.360156 0.421875 0.000222629
0 0.215234 0.197266 0.203906 0.374219 0.000227697
0 0.846875 0.586719 0.175 0.376563 0.00023804
0 0.80625 0.529297 0.176563 0.164844 0.000241458
0 0.720312 0.507422 0.120312 0.166406 0.000247227
0 0.745313 0.301953 0.1875 0.192969 0.000256249
0 0.698438 0.389453 0.142188 0.205469 0.000271157
0 0.369922 0.396484 0.138281 0.192969 0.000271386
0 0.767969 0.151953 0.160938 0.203906 0.000272226
0 0.34375 0.425 0.126563 0.146875 0.000290363
0 0.825 0.300781 0.0859375 0.114063 0.00029303
0 0.733594 0.445312 0.132812 0.221875 0.000300799
0 0.685938 0.468359 0.3 0.453906 0.000330147
0 0.277344 0.367969 0.18125 0.185937 0.000330733
0 0.191016 0.363672 0.288281 0.478906 0.000371793
0 0.731641 0.151172 0.249219 0.271094 0.000399007
0 0.204688 0.363281 0.11875 0.254687 0.000408574
0 0.825391 0.445703 0.122656 0.183594 0.000458933
0 0.852734 0.586719 0.100781 0.15 0.000468399
0 0.798828 0.7875 0.299219 0.420312 0.000478696
0 0.785156 0.342187 0.165625 0.20625 0.0005372
0 0.864844 0.353906 0.167187 0.465625 0.000550198
0 0.30625 0.521875 0.214062 0.195312 0.000586644
0 0.859766 0.550781 0.0820312 0.129688 0.000628192
0 0.280078 0.578125 0.241406 0.240625 0.000637183
0 0.222656 0.298047 0.123438 0.214844 0.000706438
0 0.191797 0.437891 0.171094 0.294531 0.000803598
0 0.796094 0.614062 0.285937 0.5875 0.00081118
0 0.237891 0.407031 0.157031 0.204688 0.000959433
0 0.803906 0.401563 0.15 0.178125 0.0010183
0 0.335156 0.355469 0.25 0.301562 0.00104971
0 0.788281 0.261328 0.157813 0.202344 0.00115359
0 0.732813 0.505859 0.19375 0.219531 0.0012275
0 0.246875 0.520703 0.234375 0.264844 0.0015187
0 0.335938 0.435547 0.178125 0.216406 0.00153976
0 0.839063 0.381641 0.1125 0.233594 0.00184653
0 0.325781 0.237109 0.275 0.474219 0.00249194
0 0.253516 0.280859 0.146094 0.278906 0.00256794
0 0.685938 0.452344 0.167187 0.259375 0.00264313
0 0.819922 0.301172 0.116406 0.196094 0.00342251
0 0.842969 0.508203 0.120312 0.233594 0.00375906
0 0.314453 0.130078 0.238281 0.246094 0.00446739
0 0.739453 0.251172 0.292969 0.475781 0.00465391
0 0.786328 0.488672 0.242969 0.286719 0.00745721
0 0.739453 0.433594 0.241406 0.3125 0.0097053
0 0.271875 0.416406 0.248437 0.273438 0.00982548
0 0.212891 0.343359 0.169531 0.392969 0.0101341
0 0.778906 0.242188 0.201562 0.334375 0.0108385
0 0.269922 0.186328 0.177344 0.261719 0.0128454
0 0.835156 0.43125 0.146875 0.376563 0.0157633
0 0.814453 0.305078 0.152344 0.336719 0.0355323
0 0.781641 0.358203 0.235156 0.442969 0.174873
0 0.264453 0.283594 0.219531 0.448438 0.210126
