0 0.647656 0.758984 0.209375 0.317969 0.00010034
0 0.0140625 0.511328 0.028125 0.111719 0.000102505
0 0.553125 0.556641 0.339063 0.486719 0.000107458
0 0.844141 0.102734 0.311719 0.205469 0.00010775
0 0.676562 0.616797 0.132812 0.241406 0.000108021
0 0.109375 0.0558594 0.21875 0.111719 0.000108157
0 0.228125 0.0371094 0.34375 0.0742188 0.000118397
0 0.939062 0.857813 0.121875 0.284375 0.000119784
0 0.760156 0.637891 0.120312 0.208594 0.000120213
0 0.296484 0.426953 0.108594 0.124219 0.000120399
0 0.369531 0.316406 0.16875 0.217187 0.000124975
0 0.717188 0.229297 0.0765625 0.0976562 0.000125024
0 0.0765625 0.716016 0.153125 0.567969 0.000125832
0 0.307031 0.294141 0.351562 0.528906 0.000132783
0 0.369922 0.426562 0.133594 0.24375 0.00013396
0 0.429297 0.277344 0.264844 0.414062 0.000137939
0 0.985937 0.465625 0.028125 0.246875 0.000138573
0 0.446875 0.0890625 0.403125 0.171875 0.00013889
0 0.619141 0.606641 0.200781 0.374219 0.000139281
0 0.533203 0.0648438 0.419531 0.129688 0.000143458
0 0.717188 0.105469 0.39375 0.209375 0.000147483
0 0.341016 0.0351562 0.247656 0.0671875 0.000148057
0 0.622266 0.184766 0.335156 0.338281 0.000154275
0 0.74375 0.545313 0.279687 0.514063 0.000154471
0 0.985547 0.779688 0.0289063 0.270312 0.000155035
0 0.887109 0.0648438 0.225781 0.129688 0.000155266
0 0.279297 0.188281 0.147656 0.178125 0.000155456
0 0.950781 0.929297 0.0984375 0.141406 0.000155586
0 0.342969 0.666797 0.2375 0.288281 0.000159414
0 0.411328 0.450781 0.199219 0.45625 0.000165933
0 0.759766 0.0195312 0.216406 0.0375 0.000170401
0 0.690625 0.0335938 0.289062 0.0671875 0.000171882
0 0.689062 0.0601562 0.334375 0.120312 0.000179375
0 0.372266 0.597656 0.160156 0.207813 0.000182648
0 0.0570313 0.297656 0.114063 0.571875 0.000182823
0 0.758594 0.528906 0.107813 0.204688 0.000183535
0 0.275391 0.192969 0.0726563 0.090625 0.00018494
0 0.0234375 0.445703 0.046875 0.236719 0.000185493
0 0.672266 0.316406 0.157031 0.2125 0.000197163
0 0.251563 0.384766 0.151562 0.396094 0.000206153
0 0.321875 0.401563 0.176563 0.26875 0.00020637
0 0.659375 0.691406 0.303125 0.4 0.000222915
0 0.0453125 0.800781 0.090625 0.398438 0.00022722
0 0.529688 0.132422 0.392188 0.258594 0.000228437
0 0.975391 0.675391 0.0492188 0.232031 0.000235339
0 0.282813 0.614062 0.090625 0.107813 0.000242259
0 0.985156 0.550391 0.0296875 0.241406 0.000254266
0 0.711719 0.730859 0.192188 0.230469 0.000266864
0 0.680859 0.405469 0.121094 0.134375 0.000271844
0 0.243359 0.573828 0.122656 0.194531 0.000271985
0 0.753516 0.303516 0.0726563 0.0960938 0.000294396
0 0.307813 0.301953 0.173438 0.269531 0.000299198
0 0.814062 0.0324219 0.321875 0.0632813 0.000302561
0 0.0183594 0.362109 0.0335938 0.260156 0.000316928
0 0.94375 0.455469 0.1125 0.645312 0.000322417
0 0.283984 0.438281 0.133594 0.2625 0.000329025
0 0.316406 0.479688 0.28125 0.495313 0.000338857
0 0.800391 0.0585938 0.386719 0.1125 0.000343592
0 0.357031 0.0675781 0.384375 0.135156 0.000372313
0 0.242188 0.65 0.135937 0.192188 0.000380652
0 0.984375 0.633984 0.0296875 0.199219 0.000411577
0 0.975781 0.592969 0.046875 0.220313 0.000414484
0 0.369922 0.178516 0.432031 0.357031 0.000415584
0 0.973828 0.884375 0.0523437 0.23125 0.00042591
0 0.336328 0.628125 0.172656 0.189063 0.000446387
0 0.0488281 0.628906 0.0945313 0.703125 0.000449144
0 0.323047 0.574219 0.132031 0.198437 0.000479307
0 0.96875 0.604297 0.0609375 0.374219 0.000558857
0 0.202734 0.06875 0.394531 0.134375 0.000566233
0 0.28125 0.125781 0.421875 0.251563 0.000569733
0 0.398438 0.381641 0.135937 0.264844 0.000588559
0 0.0242187 0.7375 0.046875 0.470313 0.000600285
0 0.692969 0.429688 0.151562 0.217187 0.000604806
0 0.0296875 0.607031 0.059375 0.592188 0.000618273
0 0.298828 0.607813 0.286719 0.290625 0.000624145
0 0.670703 0.680469 0.180469 0.25 0.000786164
0 0.0167969 0.510156 0.0335938 0.25 0.000888204
0 0.674219 0.546875 0.198437 0.375 0.000924968
0 0.964453 0.810938 0.0710938 0.378125 0.00093027
0 0.746484 0.689844 0.161719 0.2375 0.00111127
0 0.0269531 0.281641 0.0523437 0.500781 0.00122527
0 0.742188 0.322266 0.1 0.153906 0.00138449
0 0.74375 0.544531 0.15625 0.371875 0.00139154
0 0.359375 0.454688 0.18125 0.376563 0.00139183
0 0.278125 0.526953 0.18125 0.311719 0.00147518
0 0.955469 0.629687 0.0890625 0.726562 0.00148884
0 0.970703 0.403125 0.0585938 0.55625 0.00151547
0 0.725391 0.370703 0.142969 0.203906 0.00176618
0 0.0371094 0.435547 0.0742188 0.667969 0.00196739
0 0.714063 0.465625 0.184375 0.340625 0.0020903
0 0.977344 0.514063 0.04375 0.429688 0.00243345
0 0.331641 0.548047 0.194531 0.278906 0.00248655
0 0.711328 0.628125 0.211719 0.31875 0.00256362
0 0.0242187 0.440625 0.046875 0.479688 0.00320858
0 0.976172 0.736719 0.0476562 0.4625 0.00321132
0 0.283594 0.610547 0.179688 0.192969 0.0080017
