0 0.978516 0.352344 0.0429688 0.479688 0.000101587
0 0.673437 0.195312 0.0890625 0.125 0.000104789
0 0.425781 0.365625 0.15 0.195312 0.000107114
0 0.935938 0.146875 0.128125 0.29375 0.000107603
0 0.780078 0.326953 0.0710938 0.111719 0.000107851
0 0.386719 0.525781 0.140625 0.185937 0.000108176
0 0.321875 0.265234 0.0859375 0.102344 0.000108344
0 0.2625 0.492969 0.08125 0.0953125 0.000110969
0 0.758594 0.594531 0.184375 0.203125 0.0001127
0 0.440625 0.467578 0.179688 0.167969 0.000114148
0 0.753125 0.204688 0.046875 0.0765625 0.000123731
0 0.382812 0.363281 0.15 0.2375 0.000123952
0 0.266797 0.457812 0.311719 0.428125 0.000125099
0 0.455078 0.356641 0.219531 0.422656 0.00013596
0 0.894922 0.190234 0.210156 0.380469 0.000138594
0 0.956641 0.264453 0.0867188 0.521094 0.00013887
0 0.778125 0.364062 0.0796875 0.117188 0.000168055
0 0.80625 0.524219 0.303125 0.54375 0.000170568
0 0.684766 0.607422 0.324219 0.435156 0.000171573
0 0.325 0.550391 0.265625 0.275781 0.000171812
0 0.330078 0.208203 0.241406 0.271094 0.000176525
0 0.721094 0.367578 0.179688 0.200781 0.000177659
0 0.342578 0.469922 0.0914062 0.105469 0.000212944
0 0.792969 0.446484 0.126563 0.266406 0.000233039
0 0.310937 0.241406 0.126563 0.198437 0.000254296
0 0.761328 0.287891 0.160156 0.327344 0.00026153
0 0.762109 0.508203 0.146094 0.277344 0.000275563
0 0.275781 0.501172 0.126563 0.132031 0.000303685
0 0.308203 0.483594 0.116406 0.120312 0.000326624
0 0.671094 0.487891 0.221875 0.396094 0.000334727
0 0.682422 0.601953 0.238281 0.255469 0.000342991
0 0.725781 0.446875 0.1875 0.209375 0.000406896
0 0.778906 0.328125 0.0921875 0.20625 0.000444419
0 0.378516 0.301562 0.194531 0.18125 0.000455527
0 0.321484 0.301172 0.0914062 0.105469 0.00049203
0 0.401172 0.432422 0.214844 0.189844 0.000509303
0 0.385156 0.468359 0.151562 0.171094 0.000657607
0 0.324609 0.36875 0.157031 0.214062 0.000678269
0 0.276953 0.455859 0.153906 0.222656 0.000859387
0 0.395703 0.227344 0.203906 0.257812 0.0012812
0 0.310156 0.3 0.121875 0.159375 0.00157901
0 0.797656 0.4625 0.171875 0.45625 0.00158805
0 0.775781 0.3875 0.1125 0.232812 0.00199228
0 0.706641 0.33125 0.247656 0.582812 0.00202145
0 0.328906 0.46875 0.170312 0.170312 0.00267717
0 0.756641 0.575781 0.222656 0.35 0.00336722
0 0.297656 0.360156 0.190625 0.385938 0.00366527
0 0.386719 0.499609 0.226562 0.232031 0.00468532
0 0.330859 0.282422 0.177344 0.232031 0.0048835
0 0.75625 0.405859 0.167187 0.328906 0.0125839
0 0.343359 0.445703 0.233594 0.252344 0.0224756
0 0.365625 0.333203 0.264062 0.483594 0.314939
0 0.733984 0.464844 0.232031 0.489062 0.332771
