0 0.803906 0.608984 0.128125 0.213281 0.000104125
0 0.690234 0.250391 0.105469 0.136719 0.000105836
0 0.346875 0.342187 0.11875 0.164062 0.000108769
0 0.2625 0.320703 0.0640625 0.0835937 0.000113021
0 0.307422 0.342187 0.111719 0.15 0.00011353
0 0.237109 0.318359 0.128906 0.236719 0.000114214
0 0.398438 0.191016 0.289062 0.382031 0.00011591
0 0.51875 0.228125 0.340625 0.4375 0.000117318
0 0.234766 0.386328 0.0898438 0.157031 0.000122
0 0.723437 0.393359 0.165625 0.310156 0.000124601
0 0.357422 0.555859 0.113281 0.153906 0.000125043
0 0.680078 0.299219 0.0835937 0.132812 0.000125751
0 0.675 0.592188 0.0890625 0.10625 0.000127209
0 0.263672 0.283594 0.0710938 0.0953125 0.000130552
0 0.759766 0.605859 0.0882813 0.111719 0.000131768
0 0.664453 0.402734 0.308594 0.522656 0.000134091
0 0.208594 0.4 0.1 0.217187 0.000139667
0 0.679297 0.240625 0.0507812 0.075 0.000140198
0 0.579297 0.234375 0.146094 0.248437 0.000140901
0 0.755859 0.539453 0.0882813 0.107031 0.0001431
0 0.695312 0.242188 0.053125 0.06875 0.000146232
0 0.642187 0.237109 0.115625 0.146094 0.00014788
0 0.275391 0.651563 0.299219 0.29375 0.000148431
0 0.280469 0.303516 0.0609375 0.0835937 0.00015459
0 0.635156 0.59375 0.090625 0.101562 0.000155693
0 0.701953 0.322656 0.0601562 0.0953125 0.00016643
0 0.234766 0.321875 0.0570313 0.0796875 0.000170303
0 0.773047 0.537109 0.111719 0.175781 0.000171585
0 0.303125 0.301953 0.0875 0.125781 0.000173064
0 0.722266 0.387109 0.108594 0.188281 0.000174344
0 0.609375 0.192188 0.348437 0.351562 0.000175998
0 0.733984 0.366016 0.0695312 0.0851562 0.000182436
0 0.213672 0.360547 0.0742188 0.130469 0.000196598
0 0.773438 0.571875 0.08125 0.10625 0.000203984
0 0.721484 0.589063 0.0882813 0.107813 0.000205579
0 0.189453 0.659766 0.130469 0.174219 0.000208812
0 0.73125 0.320312 0.05625 0.0859375 0.000220577
0 0.677344 0.2625 0.06875 0.096875 0.000224515
0 0.702344 0.516406 0.196875 0.207813 0.00023723
0 0.594922 0.261719 0.121094 0.151562 0.000245938
0 0.701172 0.347656 0.0742188 0.0796875 0.00024674
0 0.318359 0.555469 0.0867188 0.103125 0.000248511
0 0.221875 0.516016 0.134375 0.208594 0.000251767
0 0.355469 0.280859 0.135937 0.171094 0.000252027
0 0.620703 0.5375 0.138281 0.198437 0.000252177
0 0.339063 0.389844 0.1625 0.359375 0.000255371
0 0.196094 0.598437 0.090625 0.1125 0.00026091
0 0.267969 0.310547 0.0921875 0.117969 0.000261205
0 0.19375 0.471875 0.123438 0.348437 0.000264424
0 0.300391 0.303906 0.146094 0.173438 0.000286288
0 0.2375 0.323438 0.0796875 0.120312 0.000290092
0 0.628906 0.28125 0.165625 0.164062 0.000311379
0 0.294141 0.414062 0.333594 0.560938 0.00033386
0 0.323047 0.516016 0.133594 0.203906 0.000343785
0 0.706641 0.632812 0.246094 0.190625 0.000355015
0 0.227344 0.401953 0.148438 0.358594 0.000357612
0 0.721094 0.603906 0.139062 0.139062 0.000358841
0 0.175391 0.570312 0.102344 0.24375 0.000368075
0 0.702734 0.319922 0.124219 0.167969 0.000372119
0 0.657422 0.558203 0.138281 0.175781 0.000397057
0 0.257812 0.572266 0.151562 0.157031 0.000405829
0 0.716797 0.346875 0.0726563 0.109375 0.000416081
0 0.282813 0.535156 0.146875 0.190625 0.000450065
0 0.239063 0.632422 0.220313 0.189844 0.000515788
0 0.719531 0.303516 0.0640625 0.108594 0.000642911
0 0.608203 0.598828 0.113281 0.152344 0.000675289
0 0.707422 0.278906 0.0710938 0.1 0.000701408
0 0.301562 0.495703 0.20625 0.285156 0.000897293
0 0.720703 0.298438 0.0460938 0.075 0.0011887
0 0.181641 0.630859 0.0835937 0.124219 0.00119175
0 0.739844 0.498437 0.159375 0.298438 0.00126418
0 0.682031 0.472656 0.215625 0.353125 0.0014738
0 0.742969 0.571875 0.0859375 0.107813 0.00160017
0 0.759766 0.605469 0.149219 0.178125 0.00173074
0 0.319922 0.571094 0.157031 0.160938 0.00226775
0 0.238281 0.503516 0.178125 0.317969 0.00263493
0 0.696875 0.570312 0.2875 0.259375 0.00278892
0 0.742578 0.557813 0.128906 0.15625 0.00442171
0 0.653906 0.596484 0.189063 0.169531 0.00469452
0 0.198828 0.606641 0.125781 0.174219 0.00509122
0 0.271094 0.565234 0.234375 0.216406 0.0210088
0 0.710156 0.579687 0.2125 0.173438 0.0272937
