0 0.792188 0.807813 0.128125 0.103125 0.000102465
0 0.970312 0.479297 0.059375 0.628906 0.000106114
0 0.1625 0.635547 0.121875 0.167969 0.000117585
0 0.199609 0.446484 0.111719 0.191406 0.000120999
0 0.728516 0.526172 0.233594 0.439844 0.000125421
0 0.739844 0.283984 0.103125 0.113281 0.000132821
0 0.824609 0.707031 0.261719 0.342187 0.000140987
0 0.758203 0.765234 0.122656 0.135156 0.000147542
0 0.483203 0.59375 0.503906 0.6625 0.000157042
0 0.225391 0.325 0.0539063 0.0703125 0.000157566
0 0.336719 0.64375 0.167187 0.182812 0.000174974
0 0.735547 0.801172 0.132031 0.0882813 0.000175327
0 0.267969 0.344531 0.179688 0.220313 0.000189766
0 0.239453 0.323047 0.0835937 0.107031 0.000205037
0 0.851953 0.739062 0.155469 0.228125 0.000223797
0 0.277344 0.636719 0.121875 0.120312 0.000242759
0 0.277344 0.471094 0.315625 0.539062 0.000243016
0 0.759766 0.325391 0.117969 0.189844 0.000248847
0 0.226562 0.638672 0.271875 0.307031 0.000272817
0 0.746875 0.695312 0.176563 0.176563 0.000296033
0 0.221094 0.387891 0.132812 0.236719 0.000297438
0 0.717969 0.541016 0.184375 0.241406 0.000298236
0 0.169531 0.676172 0.1625 0.208594 0.000298322
0 0.780078 0.375391 0.136719 0.244531 0.000310503
0 0.673828 0.532812 0.105469 0.121875 0.000336645
0 0.752344 0.631641 0.220313 0.283594 0.00037641
0 0.298438 0.298438 0.176563 0.18125 0.000451335
0 0.191406 0.567187 0.16875 0.28125 0.000479733
0 0.278516 0.665234 0.183594 0.178906 0.000482162
0 0.726172 0.744922 0.147656 0.147656 0.000633058
0 0.799219 0.564453 0.192188 0.399219 0.00076768
0 0.217969 0.488281 0.182812 0.43125 0.000853824
0 0.208203 0.637109 0.196094 0.211719 0.0020351
0 0.799609 0.694531 0.197656 0.2125 0.00213584
