0 0.679688 0.677734 0.204688 0.235156 0.000101288
0 0.972656 0.567969 0.0546875 0.642187 0.000107079
0 0.378906 0.475781 0.251563 0.382812 0.000108484
0 0.573828 0.390625 0.186719 0.3625 0.000110477
0 0.755469 0.343359 0.0890625 0.153906 0.000112013
0 0.699219 0.425 0.1875 0.203125 0.000112205
0 0.717578 0.233984 0.133594 0.222656 0.000116038
0 0.278906 0.589844 0.15625 0.196875 0.000118409
0 0.407813 0.278125 0.107813 0.20625 0.000118713
0 0.663672 0.217969 0.203906 0.273438 0.000124637
0 0.977734 0.602734 0.0414063 0.413281 0.000140071
0 0.342578 0.585938 0.197656 0.203125 0.000164581
0 0.738672 0.323047 0.119531 0.250781 0.000165528
0 0.790625 0.475781 0.320312 0.75 0.000209086
0 0.356641 0.16875 0.0960938 0.114063 0.000280713
0 0.741406 0.680469 0.14375 0.232812 0.000299837
0 0.743359 0.393359 0.153906 0.328906 0.000317214
0 0.421094 0.425781 0.321875 0.673437 0.000363263
0 0.583203 0.451953 0.402344 0.700781 0.000453771
0 0.324609 0.235156 0.171094 0.215625 0.000631038
0 0.352734 0.196484 0.125781 0.183594 0.000641008
0 0.620313 0.362109 0.2375 0.549219 0.000674612
0 0.271875 0.430469 0.217187 0.578125 0.000843115
0 0.746484 0.471484 0.205469 0.555469 0.000949237
0 0.709375 0.316797 0.182812 0.369531 0.00104614
0 0.705078 0.605859 0.213281 0.355469 0.00123423
0 0.314453 0.517187 0.221094 0.321875 0.00193196
0 0.346484 0.278125 0.203906 0.353125 0.0033213
0 0.689062 0.411328 0.245312 0.646094 0.444354
0 0.336328 0.384375 0.249219 0.58125 0.561881
