0 0.222656 0.591797 0.0875 0.107031 0.000100522
0 0.5625 0.614062 0.126563 0.175 0.000102037
0 0.185937 0.469141 0.296875 0.502344 0.000108497
0 0.217578 0.529688 0.0820312 0.101562 0.000112203
0 0.337891 0.383203 0.0820312 0.100781 0.000115782
0 0.655469 0.614844 0.090625 0.1125 0.000116064
0 0.192969 0.146094 0.385938 0.292188 0.000117988
0 0.697266 0.596875 0.0804688 0.114063 0.000120132
0 0.261719 0.404297 0.0609375 0.0851562 0.000120287
0 0.672266 0.367969 0.0742188 0.110937 0.000121655
0 0.69375 0.428516 0.0734375 0.113281 0.000122902
0 0.612109 0.555469 0.0820312 0.0890625 0.000124451
0 0.613281 0.342187 0.08125 0.115625 0.000128638
0 0.281641 0.446484 0.124219 0.272656 0.000128892
0 0.598437 0.574219 0.0828125 0.1 0.000132604
0 0.342578 0.323828 0.0757812 0.103906 0.000133376
0 0.234375 0.489844 0.075 0.0953125 0.000134411
0 0.709766 0.471094 0.0617188 0.10625 0.000138382
0 0.283594 0.402734 0.0625 0.0898438 0.000141497
0 0.68125 0.46875 0.0828125 0.103125 0.000142022
0 0.235547 0.382031 0.0726563 0.1 0.000144254
0 0.301172 0.516797 0.121094 0.207031 0.000145242
0 0.365625 0.386719 0.10625 0.192188 0.000146184
0 0.579687 0.489844 0.0921875 0.1625 0.00014708
0 0.167969 0.552734 0.107813 0.260156 0.000148693
0 0.594922 0.270312 0.0835937 0.09375 0.00015051
0 0.782031 0.0316406 0.25 0.0632813 0.000150877
0 0.296484 0.332031 0.311719 0.298438 0.000159297
0 0.256641 0.421875 0.0898438 0.160938 0.000160808
0 0.116797 0.0199219 0.233594 0.0382813 0.000163859
0 0.191406 0.398438 0.153125 0.26875 0.000165917
0 0.285937 0.367188 0.0703125 0.104687 0.000165963
0 0.7375 0.679297 0.0875 0.141406 0.000169144
0 0.596875 0.630469 0.0890625 0.104687 0.000174311
0 0.219531 0.407813 0.0734375 0.104687 0.000174358
0 0.596094 0.696094 0.264062 0.439063 0.00017508
0 0.837891 0.0664062 0.324219 0.132812 0.000175087
0 0.741797 0.565625 0.132031 0.375 0.000179985
0 0.678516 0.635547 0.0898438 0.114844 0.000191727
0 0.624219 0.285937 0.109375 0.129688 0.000195966
0 0.0734375 0.0613281 0.146875 0.122656 0.000204267
0 0.597266 0.533984 0.102344 0.136719 0.000209746
0 0.641406 0.785156 0.2875 0.376563 0.000212929
0 0.615234 0.598437 0.0914062 0.1125 0.000213726
0 0.225 0.0636719 0.45 0.127344 0.00022391
0 0.708594 0.429688 0.0859375 0.192188 0.000231486
0 0.636719 0.367578 0.0765625 0.110156 0.000243518
0 0.29375 0.556641 0.0796875 0.110156 0.000270732
0 0.283203 0.402344 0.0867188 0.142188 0.000274731
0 0.262891 0.537109 0.0820312 0.0992187 0.000277559
0 0.149609 0.0976562 0.299219 0.195312 0.000281762
0 0.580469 0.321484 0.078125 0.103906 0.000286904
0 0.662891 0.39375 0.288281 0.3875 0.000296293
0 0.265234 0.60625 0.0835937 0.101562 0.000298795
0 0.369531 0.315234 0.115625 0.152344 0.000299297
0 0.0628906 0.0191406 0.125781 0.0367187 0.000300979
0 0.672656 0.404687 0.075 0.101562 0.00030493
0 0.636719 0.469141 0.1375 0.247656 0.000308288
0 0.619922 0.661719 0.205469 0.182812 0.000321053
0 0.292969 0.595703 0.084375 0.116406 0.000344172
0 0.585156 0.394922 0.15 0.278906 0.000363649
0 0.325 0.565625 0.13125 0.203125 0.000372387
0 0.154687 0.648438 0.0609375 0.1 0.000400921
0 0.729297 0.616016 0.0867188 0.203906 0.000413914
0 0.701172 0.688281 0.105469 0.1375 0.00043565
0 0.323047 0.294922 0.135156 0.150781 0.000442877
0 0.653906 0.385938 0.075 0.0984375 0.000451185
0 0.619922 0.384766 0.114844 0.191406 0.000486976
0 0.196875 0.508203 0.0765625 0.105469 0.000489427
0 0.242969 0.359766 0.117188 0.171094 0.000490407
0 0.617188 0.533594 0.120312 0.2 0.000526109
0 0.695703 0.467969 0.0851562 0.153125 0.000530356
0 0.213281 0.449219 0.075 0.104687 0.000551564
0 0.0714844 0.0316406 0.142969 0.0632813 0.000597798
0 0.585156 0.523047 0.14375 0.325781 0.000621723
0 0.714063 0.554688 0.090625 0.25625 0.000697477
0 0.648047 0.326172 0.158594 0.200781 0.000781243
0 0.246484 0.575781 0.0882813 0.109375 0.000794919
0 0.308203 0.380859 0.0945313 0.127344 0.000797248
0 0.679297 0.468359 0.117969 0.230469 0.000863173
0 0.596094 0.302734 0.0796875 0.105469 0.000894419
0 0.141406 0.0527344 0.282813 0.102344 0.000915552
0 0.244922 0.607031 0.155469 0.167187 0.000960741
0 0.161719 0.616406 0.08125 0.15625 0.000986869
0 0.323828 0.399609 0.0992187 0.207031 0.000998563
0 0.231641 0.583594 0.277344 0.301562 0.000998748
0 0.202344 0.471484 0.0734375 0.105469 0.00100903
0 0.1875 0.491406 0.0875 0.196875 0.00106443
0 0.600781 0.629297 0.14375 0.152344 0.00129645
0 0.228125 0.407422 0.115625 0.227344 0.00154778
0 0.650781 0.362891 0.1125 0.164844 0.00161122
0 0.285937 0.347656 0.146875 0.196875 0.00161691
0 0.673437 0.401172 0.115625 0.199219 0.00165701
0 0.330078 0.435937 0.158594 0.378125 0.00177266
0 0.694531 0.598828 0.1125 0.200781 0.00182902
0 0.233203 0.492578 0.122656 0.250781 0.0018676
0 0.639063 0.610547 0.270312 0.272656 0.00211551
0 0.714844 0.673047 0.06875 0.103906 0.00228647
0 0.275781 0.575 0.0890625 0.115625 0.00250687
0 0.703125 0.486328 0.134375 0.399219 0.00262334
0 0.202734 0.590234 0.160156 0.196094 0.00337293
0 0.293359 0.591797 0.124219 0.171094 0.00366542
0 0.207422 0.452344 0.100781 0.203125 0.00389013
0 0.3375 0.350781 0.135937 0.203125 0.00412873
0 0.688672 0.646094 0.157031 0.189063 0.00414321
0 0.644531 0.401172 0.167187 0.269531 0.0041815
0 0.603906 0.316406 0.115625 0.1625 0.00493658
0 0.296484 0.517969 0.158594 0.323438 0.00593957
0 0.616016 0.577344 0.167969 0.223438 0.00619678
0 0.710156 0.647656 0.090625 0.159375 0.00677408
0 0.678906 0.564062 0.159375 0.29375 0.0101875
0 0.201953 0.523828 0.128906 0.271094 0.0105359
0 0.648828 0.616016 0.191406 0.182031 0.0394288
0 0.253906 0.466016 0.207813 0.416406 0.0517899
0 0.264453 0.561719 0.152344 0.209375 0.0530918
0 0.644141 0.498047 0.207031 0.438281 0.0679102
