0 0.286719 0.411719 0.120312 0.207813 0.000100807
0 0.680859 0.491797 0.149219 0.191406 0.000103811
0 0.386328 0.364062 0.124219 0.195312 0.000106892
0 0.260938 0.534766 0.0890625 0.113281 0.000107983
0 0.830469 0.640625 0.129688 0.240625 0.000108941
0 0.660547 0.428125 0.105469 0.2125 0.000113207
0 0.260547 0.489062 0.0804688 0.090625 0.000120477
0 0.771484 0.303125 0.0976562 0.2 0.000121371
0 0.342187 0.385156 0.15625 0.146875 0.000121518
0 0.288672 0.339844 0.0804688 0.1125 0.000123438
0 0.708594 0.254687 0.29375 0.298438 0.000131148
0 0.800781 0.678516 0.2 0.266406 0.000136662
0 0.386328 0.579687 0.128906 0.165625 0.000144907
0 0.258203 0.564062 0.117969 0.125 0.00016278
0 0.752344 0.260547 0.0703125 0.105469 0.000164032
0 0.700781 0.68125 0.240625 0.2625 0.000193981
0 0.341406 0.204297 0.14375 0.175781 0.00019401
0 0.280078 0.473437 0.0851562 0.0859375 0.000201877
0 0.789453 0.387109 0.102344 0.274219 0.00020435
0 0.721875 0.429297 0.0875 0.0898438 0.000213765
0 0.7 0.210547 0.157813 0.133594 0.000214688
0 0.386719 0.235547 0.0828125 0.105469 0.000219005
0 0.761328 0.389062 0.0804688 0.114063 0.000230711
0 0.762109 0.573828 0.141406 0.197656 0.00023539
0 0.702734 0.552344 0.194531 0.196875 0.000240436
0 0.799219 0.555859 0.1125 0.213281 0.000251439
0 0.278516 0.575 0.213281 0.189063 0.00029012
0 0.738281 0.491406 0.164062 0.204688 0.000300712
0 0.367969 0.201562 0.08125 0.0875 0.000306649
0 0.277344 0.308984 0.179688 0.272656 0.00030787
0 0.347656 0.576172 0.2125 0.210156 0.000309709
0 0.705859 0.3875 0.175781 0.207813 0.00031293
0 0.363281 0.492188 0.075 0.0828125 0.000320514
0 0.730859 0.239844 0.0867188 0.1125 0.00032608
0 0.670703 0.242969 0.0820312 0.0921875 0.000335136
0 0.320703 0.428125 0.150781 0.28125 0.000338823
0 0.773047 0.672656 0.308594 0.36875 0.000369094
0 0.683594 0.273438 0.075 0.109375 0.0004321
0 0.403906 0.275781 0.132812 0.203125 0.000433761
0 0.346094 0.511328 0.0796875 0.0992187 0.000447291
0 0.774219 0.449219 0.115625 0.195312 0.000448934
0 0.3625 0.319922 0.167187 0.186719 0.000525307
0 0.397656 0.439063 0.170312 0.417188 0.000532148
0 0.759375 0.428516 0.0859375 0.105469 0.000536326
0 0.286719 0.339453 0.104687 0.188281 0.000568019
0 0.263672 0.473828 0.113281 0.197656 0.000630709
0 0.667969 0.435156 0.1875 0.379687 0.000705148
0 0.36875 0.201953 0.117188 0.125781 0.000745448
0 0.672266 0.320312 0.192969 0.31875 0.000880461
0 0.717969 0.302734 0.14375 0.267969 0.000984853
0 0.300391 0.473437 0.153906 0.1625 0.00100293
0 0.704687 0.447266 0.145313 0.224219 0.00101489
0 0.343359 0.494922 0.119531 0.141406 0.00106525
0 0.302734 0.306641 0.0695312 0.0976562 0.00120331
0 0.796484 0.605469 0.153906 0.23125 0.00121888
0 0.372656 0.529297 0.1375 0.196094 0.00191365
0 0.730859 0.255859 0.127344 0.155469 0.00238707
0 0.250781 0.527734 0.15 0.185156 0.00381396
0 0.741797 0.428516 0.128906 0.200781 0.00396957
0 0.737891 0.600391 0.242969 0.269531 0.00427233
0 0.758984 0.365234 0.107031 0.267969 0.0044179
0 0.787109 0.435156 0.157031 0.428125 0.00459799
0 0.313672 0.310547 0.113281 0.147656 0.00489314
0 0.392188 0.224219 0.170312 0.195312 0.00492441
0 0.271094 0.454688 0.1875 0.357812 0.00779213
0 0.692187 0.271875 0.148438 0.170312 0.0090159
0 0.727344 0.498047 0.223438 0.353906 0.0189751
0 0.357422 0.262891 0.199219 0.230469 0.0239121
0 0.307422 0.530078 0.228906 0.202344 0.040099
0 0.698438 0.244141 0.096875 0.100781 0.0554509
0 0.334375 0.387109 0.2625 0.505469 0.244604
0 0.714844 0.384375 0.2 0.420312 0.313308
