0 0.660156 0.254687 0.10625 0.146875 0.00010039
0 0.784375 0.26875 0.425 0.517187 0.000102348
0 0.0875 0.562891 0.145313 0.246094 0.000106699
0 0.194922 0.319922 0.0804688 0.0992187 0.000107786
0 0.568359 0.103125 0.202344 0.192188 0.000116356
0 0.319922 0.321875 0.121094 0.204688 0.000116714
0 0.552734 0.046875 0.203906 0.09375 0.000117949
0 0.316406 0.540625 0.3125 0.446875 0.000119089
0 0.585156 0.723047 0.242188 0.322656 0.000120046
0 0.609375 0.157422 0.10625 0.100781 0.000121504
0 0.587109 0.436328 0.142969 0.303906 0.000122914
0 0.178125 0.607422 0.146875 0.153906 0.000123957
0 0.579687 0.178906 0.121875 0.1375 0.00012851
0 0.732422 0.0425781 0.392969 0.0851562 0.000151688
0 0.0355469 0.107031 0.0710938 0.214062 0.000153552
0 0.301562 0.447266 0.129688 0.225781 0.000154904
0 0.619922 0.552344 0.141406 0.246875 0.000156023
0 0.0539063 0.817187 0.1 0.365625 0.000157815
0 0.190625 0.110937 0.345313 0.217187 0.00015809
0 0.28125 0.508594 0.140625 0.23125 0.000165316
0 0.696875 0.278906 0.084375 0.179688 0.000165331
0 0.691797 0.205859 0.0632813 0.0898438 0.000166816
0 0.892969 0.185547 0.214062 0.371094 0.000167631
0 0.0257812 0.394141 0.046875 0.457031 0.000169878
0 0.0660156 0.0699219 0.132031 0.138281 0.00017396
0 0.706641 0.362109 0.138281 0.378906 0.000174683
0 0.0933594 0.229297 0.186719 0.458594 0.00018182
0 0.616016 0.468359 0.147656 0.191406 0.000183202
0 0.158594 0.473047 0.129688 0.224219 0.000187087
0 0.819922 0.0203125 0.238281 0.040625 0.000188651
0 0.714453 0.514844 0.136719 0.264062 0.000189278
0 0.617188 0.635938 0.146875 0.217187 0.000191069
0 0.928125 0.103906 0.14375 0.207813 0.000192139
0 0.638281 0.144141 0.314063 0.225781 0.000195424
0 0.661328 0.657031 0.152344 0.196875 0.000196
0 0.758203 0.735547 0.144531 0.150781 0.00019777
0 0.259766 0.614062 0.221094 0.178125 0.000204597
0 0.178125 0.344141 0.11875 0.207031 0.000209323
0 0.124219 0.629297 0.189063 0.191406 0.000217399
0 0.761719 0.805469 0.242188 0.326562 0.00022652
0 0.604688 0.148828 0.153125 0.147656 0.00028056
0 0.321094 0.615625 0.176563 0.239063 0.000291339
0 0.125391 0.0761719 0.250781 0.146094 0.000299615
0 0.721875 0.634766 0.0921875 0.110156 0.000301237
0 0.333594 0.315234 0.18125 0.424219 0.000311194
0 0.332422 0.437891 0.155469 0.397656 0.000319418
0 0.238672 0.532812 0.147656 0.209375 0.000324217
0 0.782031 0.687109 0.165625 0.261719 0.000326647
0 0.622266 0.798828 0.357031 0.377344 0.000332376
0 0.663281 0.0703125 0.38125 0.135937 0.000341407
0 0.892969 0.0613281 0.209375 0.121094 0.00035444
0 0.657422 0.494141 0.192969 0.207031 0.000380912
0 0.311719 0.128516 0.160938 0.185156 0.000386418
0 0.851172 0.0367187 0.275781 0.0734375 0.000407002
0 0.860547 0.102344 0.269531 0.204688 0.000431305
0 0.733594 0.576953 0.135937 0.247656 0.000492426
0 0.0308594 0.229297 0.0585938 0.458594 0.000494857
0 0.071875 0.133594 0.14375 0.267188 0.000503875
0 0.138672 0.569922 0.139844 0.158594 0.000563048
0 0.705078 0.2 0.294531 0.26875 0.000567939
0 0.194531 0.286328 0.1375 0.228906 0.000569302
0 0.178125 0.548047 0.148438 0.200781 0.000624076
0 0.0496094 0.282422 0.0976562 0.564844 0.000631544
0 0.655078 0.212109 0.163281 0.167969 0.000660393
0 0.198828 0.495703 0.225781 0.214844 0.000668518
0 0.682422 0.227734 0.0898438 0.130469 0.000771969
0 0.717188 0.710156 0.234375 0.21875 0.000885465
0 0.641016 0.696875 0.266406 0.215625 0.000914036
0 0.290234 0.217187 0.210156 0.33125 0.000929284
0 0.702734 0.676172 0.152344 0.208594 0.000986306
0 0.291016 0.559375 0.207031 0.292188 0.0010278
0 0.679688 0.556641 0.2125 0.219531 0.0010523
0 0.795313 0.06875 0.398438 0.132812 0.00111929
0 0.709375 0.400391 0.198437 0.549219 0.00114256
0 0.732422 0.112109 0.496094 0.217969 0.00123855
0 0.622266 0.488281 0.194531 0.326562 0.0015804
0 0.193359 0.319531 0.183594 0.401563 0.00166494
0 0.641797 0.328125 0.224219 0.454688 0.00185055
0 0.251953 0.400391 0.232031 0.392969 0.00187997
0 0.614062 0.626172 0.242188 0.300781 0.00209371
0 0.296094 0.436719 0.2125 0.571875 0.00218108
0 0.161328 0.588672 0.250781 0.191406 0.00234683
0 0.201953 0.639844 0.349219 0.253125 0.002413
0 0.132422 0.526172 0.200781 0.278906 0.00322159
0 0.727734 0.566406 0.202344 0.353125 0.00523527
0 0.698047 0.619141 0.199219 0.199219 0.00560371
0 0.162891 0.438672 0.233594 0.457031 0.00669624
0 0.743359 0.651172 0.172656 0.258594 0.00784581
0 0.684375 0.731641 0.31875 0.352344 0.0191145
0 0.654688 0.476953 0.246875 0.492969 0.0197073
0 0.224219 0.380078 0.304688 0.597656 0.0907796
0 0.686719 0.638672 0.257812 0.344531 0.197231
0 0.205469 0.549219 0.30625 0.298438 0.219327
