0 0.280078 0.412109 0.0820312 0.111719 0.000103964
0 0.705078 0.345313 0.116406 0.204688 0.000106501
0 0.7 0.276563 0.153125 0.204688 0.000109165
0 0.237109 0.391797 0.322656 0.635156 0.000114427
0 0.983594 0.479688 0.0328125 0.310937 0.000114983
0 0.750391 0.429297 0.105469 0.264844 0.00011577
0 0.314453 0.448438 0.0851562 0.107813 0.00011941
0 0.394141 0.229687 0.142969 0.18125 0.000124977
0 0.186719 0.779688 0.332812 0.409375 0.000127019
0 0.338672 0.490234 0.189844 0.208594 0.000142955
0 0.385156 0.654688 0.0859375 0.0921875 0.000143021
0 0.708203 0.732813 0.296094 0.321875 0.000145005
0 0.724219 0.322656 0.06875 0.096875 0.000149959
0 0.758203 0.720312 0.0851562 0.120312 0.000165074
0 0.255859 0.408594 0.138281 0.321875 0.000170218
0 0.627344 0.522266 0.173438 0.439844 0.000170689
0 0.151562 0.625 0.275 0.6625 0.000176332
0 0.703906 0.452344 0.139062 0.276563 0.000176384
0 0.685156 0.55625 0.139062 0.271875 0.000182203
0 0.764453 0.40625 0.313281 0.6875 0.000183863
0 0.626172 0.60625 0.249219 0.367188 0.000186864
0 0.562891 0.530469 0.385156 0.559375 0.000211841
0 0.342578 0.671484 0.303906 0.335156 0.000230117
0 0.262891 0.671094 0.127344 0.171875 0.000244276
0 0.404297 0.469531 0.100781 0.190625 0.000252364
0 0.407031 0.535156 0.317187 0.515625 0.000269375
0 0.277734 0.487891 0.0867188 0.117969 0.000284442
0 0.317578 0.574219 0.164844 0.2125 0.000290289
0 0.667969 0.299609 0.1875 0.294531 0.000313266
0 0.314844 0.430078 0.1375 0.188281 0.000317627
0 0.386719 0.531641 0.126563 0.266406 0.000363593
0 0.662109 0.636719 0.163281 0.20625 0.000412878
0 0.732031 0.310547 0.0875 0.167969 0.000523714
0 0.778516 0.523047 0.161719 0.560156 0.000577502
0 0.295312 0.465234 0.090625 0.108594 0.000603053
0 0.735547 0.512109 0.110156 0.264844 0.000605341
0 0.730859 0.362891 0.111719 0.283594 0.000633425
0 0.417188 0.442578 0.2 0.514844 0.000681337
0 0.311719 0.344531 0.148438 0.314063 0.000711899
0 0.413672 0.483594 0.128906 0.335938 0.000735758
0 0.355859 0.339063 0.211719 0.407813 0.000748253
0 0.278906 0.595312 0.129688 0.210938 0.000760072
0 0.39375 0.626562 0.128125 0.190625 0.000837453
0 0.357812 0.658203 0.179688 0.172656 0.00122106
0 0.688281 0.4125 0.190625 0.404687 0.00130844
0 0.249609 0.600391 0.305469 0.494531 0.00162714
0 0.267969 0.448438 0.0890625 0.165625 0.00178491
0 0.761328 0.710938 0.121094 0.196875 0.00194794
0 0.720703 0.595312 0.132031 0.295312 0.00206651
0 0.374219 0.524609 0.19375 0.371094 0.00339391
0 0.736719 0.612891 0.275 0.441406 0.00347884
0 0.267188 0.511328 0.107813 0.272656 0.00354317
0 0.746094 0.447656 0.128125 0.498437 0.00385418
0 0.304297 0.635547 0.208594 0.227344 0.00409409
0 0.699609 0.676172 0.210156 0.249219 0.0062435
0 0.255078 0.592578 0.152344 0.369531 0.00664694
0 0.752344 0.6375 0.1375 0.334375 0.0101336
0 0.314844 0.449219 0.170312 0.35625 0.0102158
0 0.283594 0.451953 0.121875 0.242969 0.0107337
0 0.691016 0.486328 0.274219 0.632031 0.0147797
0 0.334375 0.464844 0.23125 0.525 0.057699
0 0.716406 0.541016 0.175 0.488281 0.206206
0 0.295312 0.541797 0.176563 0.380469 0.248646
