0 0.677344 0.530078 0.0921875 0.102344 0.000101139
0 0.810938 0.719922 0.065625 0.107031 0.000101139
0 0.723047 0.657812 0.0851562 0.0953125 0.000101464
0 0.726953 0.465234 0.0882813 0.175781 0.00010168
0 0.661328 0.678516 0.0757812 0.0914062 0.000103546
0 0.661719 0.369922 0.117188 0.103906 0.000103658
0 0.667969 0.403125 0.0609375 0.059375 0.00010428
0 0.256641 0.772656 0.125781 0.104687 0.000104537
0 0.0355469 0.196094 0.0570313 0.040625 0.000104915
0 0.278125 0.611719 0.08125 0.10625 0.0001055
0 0.7875 0.490625 0.071875 0.178125 0.000105938
0 0.643359 0.694922 0.105469 0.133594 0.000106374
0 0.358594 0.533594 0.184375 0.18125 0.000108956
0 0.243359 0.700391 0.0820312 0.107031 0.000109145
0 0.762891 0.636328 0.0835937 0.108594 0.000109216
0 0.215625 0.651563 0.164062 0.3125 0.000111134
0 0.0492188 0.530859 0.0984375 0.233594 0.00011127
0 0.211719 0.744531 0.0546875 0.0921875 0.000112425
0 0.462891 0.523828 0.0976562 0.164844 0.00011243
0 0.271875 0.513281 0.0953125 0.195312 0.000118535
0 0.575781 0.113281 0.06875 0.046875 0.000119777
0 0.746875 0.553516 0.08125 0.0914062 0.000122182
0 0.684375 0.775 0.0703125 0.090625 0.000124023
0 0.0777344 0.623438 0.155469 0.251563 0.000127635
0 0.548828 0.114844 0.0507812 0.0453125 0.000127783
0 0.792969 0.574609 0.084375 0.185156 0.000133886
0 0.816016 0.623828 0.282031 0.405469 0.000134609
0 0.252344 0.575391 0.117188 0.258594 0.000141672
0 0.420312 0.694531 0.084375 0.1 0.000143554
0 0.304688 0.46875 0.065625 0.103125 0.000153475
0 0.68125 0.574609 0.1125 0.155469 0.000158235
0 0.344922 0.715625 0.147656 0.132812 0.000159361
0 0.203125 0.787109 0.0546875 0.0867188 0.000159528
0 0.7375 0.390625 0.0578125 0.078125 0.000162034
0 0.384766 0.438672 0.132031 0.141406 0.0001635
0 0.269531 0.552734 0.0640625 0.108594 0.000165099
0 0.316016 0.488281 0.0710938 0.0875 0.000167797
0 0.336719 0.489844 0.139062 0.198437 0.00016941
0 0.46875 0.132031 0.059375 0.0796875 0.000169994
0 0.397656 0.761328 0.175 0.135156 0.000171536
0 0.0367187 0.595703 0.071875 0.108594 0.000172626
0 0.763281 0.574219 0.0828125 0.10625 0.000174269
0 0.314453 0.549219 0.0804688 0.096875 0.000176291
0 0.277344 0.657422 0.08125 0.103906 0.000177112
0 0.0578125 0.872656 0.115625 0.254687 0.000180172
0 0.683984 0.441797 0.155469 0.186719 0.000182413
0 0.675391 0.759375 0.0960938 0.135937 0.000183126
0 0.678516 0.417188 0.0601562 0.0828125 0.000190375
0 0.226953 0.701563 0.102344 0.184375 0.000191927
0 0.701563 0.530859 0.126563 0.147656 0.000192295
0 0.253906 0.741406 0.090625 0.0859375 0.000200045
0 0.257422 0.686328 0.285156 0.300781 0.000201007
0 0.238672 0.237109 0.0945313 0.0523437 0.000201388
0 0.383594 0.592578 0.140625 0.141406 0.000211074
0 0.251563 0.221875 0.0765625 0.04375 0.000213401
0 0.711719 0.375781 0.096875 0.0921875 0.000215825
0 0.780859 0.660547 0.0726563 0.116406 0.000216245
0 0.308203 0.427344 0.0617188 0.101562 0.000223551
0 0.701953 0.417969 0.0648438 0.08125 0.000228443
0 0.726562 0.489453 0.128125 0.244531 0.000231348
0 0.262109 0.676953 0.0835937 0.107031 0.000235103
0 0.444141 0.129297 0.0429688 0.0789063 0.000236661
0 0.682813 0.695703 0.078125 0.103906 0.000244438
0 0.740234 0.76875 0.0929687 0.0921875 0.000246846
0 0.511719 0.378516 0.090625 0.153906 0.000248138
0 0.775391 0.486719 0.0585938 0.109375 0.000252838
0 0.289844 0.473828 0.101562 0.199219 0.000260482
0 0.452734 0.564453 0.102344 0.135156 0.000262866
0 0.059375 0.726953 0.11875 0.408594 0.00026462
0 0.676172 0.564844 0.147656 0.24375 0.000281242
0 0.701563 0.682031 0.084375 0.0953125 0.00028827
0 0.707812 0.491016 0.190625 0.330469 0.000298052
0 0.301172 0.509375 0.0789063 0.0984375 0.000301567
0 0.764844 0.533984 0.075 0.111719 0.000304904
0 0.614062 0.126563 0.090625 0.06875 0.000333143
0 0.689453 0.385938 0.122656 0.129688 0.000335823
0 0.742188 0.682031 0.0859375 0.109375 0.000339822
0 0.668359 0.659375 0.130469 0.145313 0.00034233
0 0.258984 0.558594 0.292969 0.451562 0.000352338
0 0.283984 0.534375 0.0726563 0.110937 0.000368634
0 0.421484 0.715625 0.136719 0.128125 0.000370228
0 0.429688 0.527344 0.15 0.223438 0.00037433
0 0.751172 0.422266 0.105469 0.138281 0.000389805
0 0.04375 0.160156 0.0875 0.129688 0.000401173
0 0.365234 0.402344 0.113281 0.0921875 0.000402056
0 0.763672 0.464453 0.0664062 0.108594 0.000403559
0 0.0480469 0.598047 0.0945313 0.167969 0.000411185
0 0.741797 0.788281 0.166406 0.11875 0.000412195
0 0.721484 0.421484 0.0539063 0.0835937 0.000432216
0 0.50625 0.360156 0.05625 0.110937 0.000450008
0 0.810938 0.697266 0.09375 0.178906 0.000470741
0 0.425781 0.602734 0.0671875 0.0726563 0.000479842
0 0.326172 0.40625 0.0804688 0.104687 0.000480221
0 0.834766 0.648438 0.183594 0.298438 0.000520338
0 0.761719 0.575 0.1 0.176563 0.000526398
0 0.339063 0.752734 0.273438 0.167969 0.000545618
0 0.71875 0.40625 0.1375 0.139062 0.000546692
0 0.411719 0.392969 0.101562 0.1 0.000548393
0 0.705859 0.757422 0.0867188 0.0898438 0.000560144
0 0.613281 0.111328 0.065625 0.0414063 0.000566946
0 0.316016 0.570703 0.128906 0.160156 0.000567695
0 0.321094 0.680078 0.145313 0.152344 0.000586399
0 0.283203 0.571094 0.0757812 0.096875 0.000628953
0 0.746875 0.444531 0.0734375 0.1125 0.000664429
0 0.614453 0.0957031 0.0648438 0.0367187 0.000676424
0 0.35625 0.441016 0.1875 0.210156 0.000787363
0 0.674219 0.722656 0.11875 0.154687 0.000797707
0 0.723437 0.594141 0.140625 0.232031 0.000832801
0 0.795313 0.771484 0.078125 0.0867188 0.000841009
0 0.313281 0.448047 0.101562 0.175781 0.00087567
0 0.772656 0.444531 0.05 0.0875 0.000885779
0 0.775391 0.534375 0.0820312 0.19375 0.000920473
0 0.722266 0.700391 0.0882813 0.0992187 0.000924872
0 0.795313 0.7 0.0640625 0.114063 0.000948184
0 0.794531 0.661719 0.0796875 0.204688 0.000966069
0 0.419922 0.647656 0.136719 0.190625 0.00100788
0 0.386328 0.692578 0.0804688 0.0960938 0.00101223
0 0.695312 0.395312 0.0828125 0.09375 0.00103841
0 0.761328 0.7 0.0898438 0.110937 0.00104167
0 0.387109 0.398438 0.161719 0.145313 0.00113054
0 0.726562 0.405859 0.0953125 0.0992187 0.0011529
0 0.740625 0.719922 0.090625 0.107031 0.00125999
0 0.265625 0.635938 0.110937 0.210938 0.00126264
0 0.429297 0.596484 0.0992187 0.107031 0.00130795
0 0.758984 0.740625 0.0929687 0.101562 0.00156621
0 0.723437 0.696875 0.257812 0.282813 0.00166422
0 0.3 0.530078 0.107813 0.172656 0.00171523
0 0.219141 0.767187 0.0648438 0.090625 0.00171528
0 0.764063 0.479688 0.0859375 0.178125 0.00171631
0 0.707422 0.736719 0.121094 0.1375 0.00210594
0 0.707031 0.682422 0.14375 0.167969 0.00210622
0 0.761328 0.428125 0.0632813 0.0953125 0.00239051
0 0.0386719 0.172656 0.0710938 0.08125 0.00245407
0 0.79375 0.738672 0.0828125 0.127344 0.00252144
0 0.282031 0.573047 0.104687 0.205469 0.00268336
0 0.377344 0.605859 0.21875 0.266406 0.00309413
0 0.30625 0.498437 0.146875 0.290625 0.00354807
0 0.232031 0.745703 0.0890625 0.110156 0.00372177
0 0.273438 0.741016 0.179688 0.133594 0.00401132
0 0.760547 0.537109 0.114844 0.319531 0.00498221
0 0.3875 0.691016 0.140625 0.130469 0.00507716
0 0.757812 0.657422 0.125 0.239844 0.00704451
0 0.273047 0.683984 0.157031 0.199219 0.00740837
0 0.778516 0.697656 0.0960938 0.173438 0.00841992
0 0.785156 0.607031 0.120312 0.348437 0.00852452
0 0.280078 0.573438 0.142969 0.345313 0.00864333
0 0.342187 0.685156 0.253125 0.1875 0.0158648
0 0.757031 0.755469 0.15625 0.128125 0.0188121
0 0.349219 0.549609 0.265625 0.441406 0.0338295
0 0.307031 0.627734 0.221875 0.303906 0.0411869
0 0.740625 0.714844 0.167187 0.176563 0.0999687
0 0.736719 0.606641 0.173438 0.385156 0.112191
