0 0.622266 0.531641 0.153906 0.199219 0.000101643
0 0.341797 0.649219 0.153906 0.173438 0.000107192
0 0.630469 0.21875 0.134375 0.115625 0.000108244
0 0.581641 0.638281 0.452344 0.559375 0.000112205
0 0.65625 0.813281 0.426562 0.373437 0.000123157
0 0.200781 0.407031 0.090625 0.207813 0.000126838
0 0.795703 0.726172 0.325781 0.447656 0.000130814
0 0.235547 0.3 0.0976562 0.132812 0.000134849
0 0.717188 0.963672 0.253125 0.0710938 0.000137584
0 0.636719 0.976953 0.2375 0.0460938 0.000143246
0 0.233203 0.254297 0.0773437 0.0742188 0.000144043
0 0.531641 0.978906 0.177344 0.0421875 0.000145738
0 0.723047 0.321875 0.0757812 0.114063 0.000147701
0 0.317187 0.539062 0.15 0.20625 0.00015099
0 0.733594 0.515234 0.126563 0.266406 0.00015278
0 0.534766 0.932031 0.133594 0.132812 0.000156218
0 0.698438 0.279297 0.078125 0.114844 0.000157396
0 0.738281 0.613281 0.084375 0.1125 0.000176273
0 0.719531 0.357422 0.1125 0.247656 0.000179327
0 0.698438 0.733984 0.254687 0.213281 0.000180921
0 0.625391 0.448047 0.146094 0.242969 0.000187172
0 0.276953 0.418359 0.294531 0.519531 0.000190293
0 0.197656 0.471875 0.0859375 0.107813 0.000191606
0 0.631641 0.68125 0.242969 0.410937 0.000198083
0 0.265625 0.607031 0.0859375 0.107813 0.000215485
0 0.698047 0.214062 0.0804688 0.104687 0.00021594
0 0.21875 0.344141 0.096875 0.196094 0.000222263
0 0.575 0.892969 0.367188 0.214062 0.000229727
0 0.351172 0.174219 0.116406 0.129688 0.000238904
0 0.217187 0.26875 0.0625 0.101562 0.000238971
0 0.653516 0.196094 0.0820312 0.0921875 0.000241745
0 0.735937 0.869531 0.398438 0.251563 0.000253129
0 0.315234 0.591797 0.0898438 0.114844 0.000255656
0 0.662109 0.596094 0.152344 0.196875 0.000263143
0 0.644141 0.656641 0.217969 0.214844 0.000270992
0 0.257031 0.201172 0.0921875 0.113281 0.000272918
0 0.246094 0.253125 0.125 0.15 0.000283392
0 0.297656 0.561328 0.090625 0.116406 0.000293905
0 0.181641 0.591016 0.107031 0.189844 0.000306117
0 0.712891 0.407422 0.152344 0.378906 0.000307263
0 0.792578 0.609766 0.261719 0.322656 0.000311201
0 0.689844 0.286719 0.1375 0.242188 0.000317669
0 0.316016 0.495313 0.189844 0.332812 0.000361974
0 0.676172 0.94375 0.292969 0.1125 0.00037822
0 0.317969 0.157031 0.165625 0.134375 0.0003957
0 0.199609 0.480469 0.116406 0.240625 0.000427287
0 0.698828 0.673828 0.155469 0.228906 0.000437248
0 0.528125 0.963281 0.203125 0.071875 0.00055133
0 0.657812 0.491797 0.14375 0.253906 0.000565045
0 0.745703 0.491406 0.183594 0.404687 0.000589066
0 0.224219 0.385938 0.13125 0.30625 0.000630303
0 0.333594 0.594922 0.148438 0.189844 0.00066255
0 0.750781 0.577344 0.123438 0.234375 0.000667261
0 0.273047 0.191406 0.152344 0.148438 0.000716972
0 0.751172 0.658203 0.128906 0.225781 0.000824349
0 0.630859 0.564844 0.211719 0.296875 0.000827863
0 0.242969 0.639844 0.264062 0.246875 0.000922323
0 0.663672 0.199609 0.139844 0.128906 0.001042
0 0.303906 0.626172 0.139062 0.183594 0.00107151
0 0.241016 0.230859 0.0867188 0.103906 0.00122024
0 0.672656 0.398828 0.210938 0.497656 0.00214823
0 0.604688 0.960938 0.303125 0.078125 0.00256869
0 0.698047 0.553906 0.146094 0.234375 0.00257323
0 0.2125 0.56875 0.18125 0.204688 0.00336995
0 0.574609 0.933594 0.296094 0.13125 0.00357294
0 0.242578 0.504297 0.199219 0.321094 0.00366067
0 0.283984 0.589453 0.0898438 0.108594 0.00418976
0 0.744531 0.682813 0.201562 0.292188 0.00420441
0 0.695703 0.738281 0.305469 0.379687 0.00590235
0 0.269922 0.571484 0.283594 0.261719 0.00802263
0 0.716406 0.616406 0.18125 0.203125 0.00880339
0 0.645703 0.901172 0.385156 0.189844 0.0137973
0 0.686719 0.532812 0.220313 0.323438 0.0281669
0 0.278125 0.584375 0.184375 0.179688 0.153122
0 0.692187 0.633594 0.239063 0.314063 0.172949
