0 0.391406 0.216797 0.110937 0.147656 0.000102812
0 0.24375 0.492969 0.0890625 0.0890625 0.000103912
0 0.858984 0.506641 0.102344 0.119531 0.000107899
0 0.261328 0.204297 0.0929687 0.105469 0.000110493
0 0.719141 0.202344 0.207031 0.165625 0.000110537
0 0.0863281 0.0746094 0.0523437 0.0445312 0.000112703
0 0.319922 0.178906 0.172656 0.125 0.000114403
0 0.374609 0.388281 0.249219 0.61875 0.000114587
0 0.176172 0.402344 0.0773437 0.103125 0.00011613
0 0.802734 0.358203 0.0757812 0.0882813 0.000123465
0 0.715234 0.259375 0.211719 0.18125 0.000131914
0 0.449219 0.383594 0.490625 0.689062 0.000133454
0 0.835938 0.579297 0.215625 0.199219 0.000142951
0 0.742578 0.923437 0.0804688 0.107813 0.000144992
0 0.627734 0.347656 0.142969 0.204688 0.000161825
0 0.68125 0.525391 0.3375 0.319531 0.000168651
0 0.661328 0.539453 0.147656 0.185156 0.000181332
0 0.620313 0.267578 0.153125 0.199219 0.000185453
0 0.697266 0.388281 0.163281 0.189063 0.000203151
0 0.189453 0.345313 0.0882813 0.110937 0.000213307
0 0.673437 0.282031 0.128125 0.125 0.000220295
0 0.264062 0.255078 0.0875 0.0851562 0.000221697
0 0.825 0.320312 0.0984375 0.1375 0.000231065
0 0.310937 0.292188 0.28125 0.323438 0.0002362
0 0.278516 0.235938 0.0898438 0.0984375 0.000255732
0 0.266016 0.174219 0.238281 0.176563 0.000259514
0 0.209766 0.383984 0.125781 0.228906 0.000261688
0 0.766797 0.323438 0.0835937 0.0859375 0.000263057
0 0.3875 0.278125 0.103125 0.18125 0.000263415
0 0.178906 0.304297 0.08125 0.113281 0.000267114
0 0.801172 0.2875 0.124219 0.159375 0.000276079
0 0.839453 0.429297 0.125781 0.203906 0.000284205
0 0.240625 0.428125 0.142188 0.223438 0.00028583
0 0.8 0.492578 0.0890625 0.0867188 0.00031107
0 0.757422 0.507031 0.152344 0.15 0.00032671
0 0.280078 0.189063 0.336719 0.25625 0.000327977
0 0.759375 0.367969 0.179688 0.18125 0.000371811
0 0.675391 0.487891 0.0914062 0.107031 0.000373827
0 0.137109 0.396875 0.149219 0.420312 0.000378674
0 0.280859 0.487891 0.0914062 0.0914062 0.00038158
0 0.842578 0.471875 0.0835937 0.096875 0.000395736
0 0.268359 0.538672 0.244531 0.178906 0.000409868
0 0.321094 0.451953 0.123438 0.174219 0.000447965
0 0.285156 0.429297 0.1375 0.211719 0.00047218
0 0.235938 0.297656 0.2 0.204688 0.00049476
0 0.35 0.263281 0.1625 0.209375 0.000504774
0 0.803906 0.3625 0.120312 0.2125 0.000555685
0 0.778906 0.473047 0.148438 0.132031 0.000573218
0 0.334375 0.509766 0.171875 0.174219 0.000573647
0 0.278906 0.272266 0.153125 0.163281 0.000625887
0 0.173438 0.364844 0.08125 0.1 0.00063691
0 0.186719 0.237891 0.176563 0.257031 0.000815882
0 0.192578 0.431641 0.111719 0.208594 0.000816689
0 0.65 0.226172 0.173438 0.175781 0.000816761
0 0.264062 0.506641 0.140625 0.128906 0.000864454
0 0.301562 0.473828 0.0890625 0.0960938 0.000892624
0 0.763672 0.319922 0.136719 0.127344 0.000903397
0 0.661719 0.356641 0.201562 0.361719 0.000928026
0 0.265234 0.205078 0.142969 0.141406 0.00100028
0 0.759375 0.411719 0.239063 0.21875 0.00100184
0 0.734375 0.472266 0.148438 0.147656 0.00100592
0 0.194922 0.508594 0.178906 0.1875 0.00101608
0 0.664062 0.473437 0.14375 0.179688 0.00116053
0 0.766406 0.290234 0.179688 0.230469 0.00119245
0 0.803516 0.507031 0.144531 0.115625 0.00126185
0 0.730078 0.286328 0.267969 0.328906 0.00168155
0 0.175781 0.3625 0.0984375 0.182812 0.0021459
0 0.307422 0.393359 0.192969 0.363281 0.00250428
0 0.832422 0.483984 0.138281 0.135156 0.00255274
0 0.309375 0.224219 0.203125 0.190625 0.00268454
0 0.800781 0.325391 0.1 0.107031 0.00273446
0 0.257031 0.45 0.298438 0.317187 0.00382109
0 0.299219 0.488281 0.146875 0.132812 0.00445487
0 0.810938 0.391016 0.173438 0.302344 0.00467895
0 0.813672 0.511719 0.203906 0.167187 0.00499678
0 0.770312 0.538281 0.317187 0.198437 0.00778411
0 0.697656 0.503906 0.185937 0.179688 0.00790701
0 0.700781 0.445703 0.217187 0.241406 0.00967594
0 0.188281 0.314844 0.132812 0.248437 0.00980465
0 0.167969 0.435547 0.13125 0.310156 0.0099671
0 0.273438 0.474609 0.220313 0.199219 0.0162377
0 0.245312 0.235938 0.2 0.195312 0.0244476
0 0.214844 0.367188 0.2 0.4 0.03901
0 0.757812 0.381641 0.276563 0.382031 0.0775983
0 0.761719 0.479688 0.275 0.214062 0.108777
