0 0.366406 0.338672 0.120312 0.150781 0.000103439
0 0.833203 0.900391 0.0460938 0.0320312 0.000107317
0 0.723437 0.594531 0.145313 0.170312 0.000108162
0 0.0492188 0.400391 0.0984375 0.317969 0.000112278
0 0.798828 0.0792969 0.353906 0.152344 0.000114716
0 0.8375 0.910547 0.0796875 0.0460938 0.000114821
0 0.303516 0.539844 0.0835937 0.10625 0.000118945
0 0.75625 0.768359 0.190625 0.164844 0.000122845
0 0.476562 0.369141 0.0921875 0.116406 0.000124964
0 0.783984 0.555469 0.0757812 0.0984375 0.000125052
0 0.250781 0.630469 0.103125 0.160938 0.00012576
0 0.0261719 0.275391 0.0507812 0.372656 0.000131145
0 0.105469 0.705859 0.210938 0.588281 0.000134097
0 0.975 0.475391 0.05 0.382031 0.000135475
0 0.841406 0.666797 0.0859375 0.0882813 0.000140246
0 0.809766 0.464453 0.0710938 0.0898438 0.000140957
0 0.0289063 0.685547 0.053125 0.416406 0.000147917
0 0.434375 0.645312 0.107813 0.121875 0.000148492
0 0.839063 0.721875 0.170312 0.221875 0.000148831
0 0.269141 0.612109 0.0742188 0.110156 0.00014961
0 0.345703 0.363672 0.0992187 0.117969 0.000156616
0 0.384375 0.558594 0.0890625 0.107813 0.000156649
0 0.0554687 0.699219 0.110937 0.590625 0.000163799
0 0.45 0.566406 0.10625 0.1625 0.000165528
0 0.592969 0.0332031 0.260938 0.0664062 0.00016655
0 0.298047 0.623828 0.0867188 0.0976562 0.000167468
0 0.301562 0.402344 0.0765625 0.13125 0.000175452
0 0.857813 0.449609 0.0875 0.203906 0.000181257
0 0.74375 0.675391 0.1875 0.233594 0.000187881
0 0.8125 0.0367187 0.3125 0.0734375 0.00018864
0 0.64375 0.0925781 0.379687 0.182031 0.00019408
0 0.015625 0.484766 0.03125 0.227344 0.00020531
0 0.971484 0.360547 0.0554687 0.416406 0.000214158
0 0.869141 0.565625 0.111719 0.273438 0.000236635
0 0.862109 0.0554687 0.275781 0.10625 0.000244541
0 0.472656 0.361328 0.05625 0.0789063 0.000247322
0 0.822266 0.445703 0.0757812 0.0976562 0.000254745
0 0.0242187 0.443359 0.046875 0.305469 0.000260124
0 0.839453 0.490234 0.107031 0.192969 0.000263175
0 0.360156 0.572266 0.090625 0.110156 0.000270703
0 0.809375 0.778906 0.171875 0.203125 0.00027813
0 0.332812 0.496484 0.275 0.419531 0.00028699
0 0.577734 0.0585938 0.360156 0.1125 0.00029355
0 0.802344 0.576953 0.084375 0.102344 0.000308754
0 0.0421875 0.560547 0.084375 0.491406 0.000324692
0 0.33125 0.394141 0.103125 0.122656 0.00034153
0 0.785547 0.597266 0.0867188 0.110156 0.000365691
0 0.271094 0.575 0.0953125 0.164062 0.000371605
0 0.807031 0.489844 0.11875 0.23125 0.00038143
0 0.0277344 0.558594 0.0539063 0.351562 0.000425965
0 0.426172 0.609766 0.0726563 0.0835937 0.000445632
0 0.785156 0.634766 0.0875 0.0914062 0.000481222
0 0.796484 0.602344 0.274219 0.290625 0.000499453
0 0.786328 0.660547 0.150781 0.144531 0.000521689
0 0.855469 0.635156 0.110937 0.157813 0.000528097
0 0.701172 0.0585938 0.385156 0.110937 0.000540092
0 0.754297 0.632812 0.136719 0.146875 0.00061377
0 0.336328 0.587891 0.0929687 0.113281 0.000630902
0 0.312109 0.437891 0.111719 0.211719 0.000659653
0 0.804297 0.614062 0.0867188 0.107813 0.000716839
0 0.424609 0.609766 0.102344 0.122656 0.00089995
0 0.823828 0.441797 0.108594 0.191406 0.00124008
0 0.319141 0.561328 0.0929687 0.113281 0.00124242
0 0.792188 0.489062 0.1625 0.390625 0.00130915
0 0.283594 0.615625 0.114063 0.160938 0.00208167
0 0.822266 0.651563 0.0867188 0.0796875 0.00216358
0 0.382422 0.558984 0.146094 0.144531 0.00224985
0 0.417969 0.571875 0.107813 0.134375 0.00253035
0 0.784766 0.577734 0.136719 0.183594 0.00259322
0 0.298047 0.534375 0.119531 0.240625 0.00268312
0 0.355469 0.583984 0.276563 0.238281 0.00374515
0 0.355078 0.520703 0.200781 0.239844 0.00605713
0 0.303516 0.590234 0.0929687 0.113281 0.00643702
0 0.821875 0.651172 0.129688 0.110156 0.00688717
0 0.377734 0.5875 0.208594 0.15625 0.0070643
0 0.823828 0.551172 0.141406 0.282031 0.00949185
0 0.809375 0.613281 0.146875 0.173438 0.0234301
0 0.323047 0.577344 0.153906 0.15625 0.123347
