0 0.759766 0.684766 0.338281 0.432031 0.00010017
0 0.750781 0.574219 0.117188 0.264062 0.000101307
0 0.63125 0.694141 0.135937 0.157031 0.000103816
0 0.739062 0.698828 0.08125 0.0992187 0.000104295
0 0.116797 0.639063 0.127344 0.104687 0.000106813
0 0.687891 0.28125 0.0710938 0.103125 0.000114898
0 0.701953 0.361719 0.0726563 0.107813 0.000131351
0 0.119922 0.593359 0.102344 0.128906 0.000133873
0 0.678125 0.657812 0.135937 0.19375 0.000137167
0 0.75625 0.656641 0.115625 0.233594 0.000165164
0 0.701563 0.694531 0.121875 0.115625 0.0001736
0 0.716406 0.49375 0.0859375 0.1125 0.000178904
0 0.613672 0.6375 0.138281 0.245312 0.000183384
0 0.713672 0.408203 0.124219 0.255469 0.000183467
0 0.2125 0.388281 0.173438 0.196875 0.000189907
0 0.659766 0.551953 0.150781 0.247656 0.00020939
0 0.731641 0.478906 0.311719 0.534375 0.000221587
0 0.266016 0.208984 0.174219 0.205469 0.00023125
0 0.121875 0.530469 0.110937 0.240625 0.000243673
0 0.749609 0.725 0.0960938 0.104687 0.000273252
0 0.701563 0.527734 0.0859375 0.108594 0.000276217
0 0.145703 0.469922 0.135156 0.211719 0.00029242
0 0.728125 0.492969 0.115625 0.221875 0.000308257
0 0.276563 0.593359 0.090625 0.113281 0.000318976
0 0.231641 0.468359 0.180469 0.196094 0.000321734
0 0.222656 0.569531 0.153125 0.175 0.00035561
0 0.196094 0.465234 0.0859375 0.107031 0.000362188
0 0.296484 0.632031 0.144531 0.190625 0.000365848
0 0.294922 0.558594 0.128906 0.201562 0.000418
0 0.708203 0.730078 0.177344 0.136719 0.00042742
0 0.698438 0.589844 0.153125 0.223438 0.000429804
0 0.158594 0.596484 0.0875 0.0820312 0.000497836
0 0.679688 0.467578 0.165625 0.211719 0.000550282
0 0.583594 0.605078 0.176563 0.347656 0.00055392
0 0.218359 0.667969 0.282031 0.221875 0.00057082
0 0.197266 0.330469 0.208594 0.395312 0.000577521
0 0.178516 0.427344 0.0898438 0.10625 0.000611068
0 0.177734 0.632031 0.235156 0.134375 0.000944266
0 0.303906 0.173438 0.142188 0.1625 0.00104025
0 0.291016 0.532812 0.180469 0.30625 0.00116239
0 0.6 0.7 0.16875 0.221875 0.00132743
0 0.721875 0.683203 0.159375 0.175781 0.00137908
0 0.646094 0.429688 0.253125 0.5125 0.00153091
0 0.163281 0.408594 0.132812 0.175 0.00252936
0 0.135156 0.484375 0.182812 0.329688 0.00261644
0 0.697656 0.527734 0.142188 0.183594 0.00297203
0 0.162891 0.601562 0.149219 0.139062 0.00310169
0 0.191797 0.448438 0.130469 0.189063 0.00347109
0 0.246484 0.367969 0.272656 0.559375 0.0035387
0 0.196484 0.510156 0.200781 0.21875 0.00419765
0 0.643359 0.666797 0.227344 0.239844 0.00494179
0 0.711719 0.491016 0.167187 0.324219 0.00721796
0 0.165625 0.411328 0.1625 0.286719 0.00846389
0 0.726953 0.604297 0.177344 0.366406 0.00950627
0 0.199219 0.59375 0.270312 0.245312 0.00959674
0 0.264453 0.591797 0.172656 0.211719 0.0196791
0 0.205469 0.476953 0.259375 0.382031 0.225609
0 0.676172 0.55625 0.244531 0.428125 0.276795
