0 0.306641 0.491797 0.111719 0.175781 0.000102879
0 0.397266 0.615625 0.121094 0.167187 0.000103558
0 0.738281 0.693359 0.0859375 0.108594 0.000103787
0 0.0359375 0.440625 0.071875 0.607813 0.000104071
0 0.345703 0.614453 0.0882813 0.107031 0.00010436
0 0.592578 0.10625 0.0695312 0.08125 0.000104585
0 0.275 0.258203 0.06875 0.0976562 0.00010512
0 0.362109 0.430078 0.108594 0.203906 0.000107167
0 0.970312 0.803906 0.059375 0.392188 0.000111035
0 0.637891 0.571094 0.0882813 0.109375 0.000116809
0 0.664453 0.261719 0.0726563 0.14375 0.000122641
0 0.325391 0.406641 0.111719 0.189844 0.000122724
0 0.742188 0.441406 0.125 0.4625 0.000124771
0 0.240625 0.491016 0.10625 0.271094 0.000125303
0 0.237891 0.321875 0.0773437 0.115625 0.000126462
0 0.688281 0.215625 0.0453125 0.065625 0.000126792
0 0.377344 0.175781 0.09375 0.146875 0.000127422
0 0.368359 0.114844 0.0851562 0.110937 0.000129206
0 0.361328 0.514453 0.108594 0.189844 0.000132217
0 0.601953 0.622266 0.327344 0.400781 0.000134392
0 0.7 0.673047 0.090625 0.110156 0.000138225
0 0.274219 0.197266 0.0609375 0.0710938 0.000139164
0 0.309766 0.183984 0.163281 0.203906 0.000144496
0 0.282422 0.490234 0.132031 0.260156 0.000147169
0 0.257422 0.366016 0.0820312 0.111719 0.000151118
0 0.690625 0.264453 0.06875 0.125781 0.000154855
0 0.678516 0.572266 0.0867188 0.107031 0.000156443
0 0.364062 0.635938 0.0859375 0.0953125 0.000156975
0 0.276563 0.217969 0.0796875 0.117188 0.000163102
0 0.662109 0.362891 0.103906 0.166406 0.000165197
0 0.702344 0.512891 0.0796875 0.102344 0.000170294
0 0.326172 0.513281 0.0789063 0.096875 0.000173185
0 0.599219 0.227344 0.0984375 0.13125 0.00018319
0 0.671094 0.185156 0.0578125 0.10625 0.000183282
0 0.677734 0.650781 0.0898438 0.109375 0.000183762
0 0.98125 0.477734 0.0375 0.422656 0.000185485
0 0.712109 0.408203 0.0851562 0.205469 0.0001896
0 0.0214844 0.442187 0.0414063 0.435937 0.000190904
0 0.657031 0.594141 0.0875 0.111719 0.000197156
0 0.68125 0.405078 0.115625 0.224219 0.000209738
0 0.240234 0.616016 0.0851562 0.113281 0.000210682
0 0.673437 0.416797 0.270312 0.566406 0.000216623
0 0.382031 0.667969 0.121875 0.125 0.000226498
0 0.257812 0.402734 0.104687 0.205469 0.000233528
0 0.603516 0.589453 0.144531 0.172656 0.000241346
0 0.650781 0.224609 0.115625 0.147656 0.000241699
0 0.719141 0.49375 0.0648438 0.103125 0.000245724
0 0.589844 0.357422 0.0828125 0.172656 0.000246081
0 0.30625 0.304688 0.273438 0.5 0.000246616
0 0.212891 0.476562 0.167969 0.517187 0.00024754
0 0.743359 0.556641 0.291406 0.425781 0.000248633
0 0.700781 0.552344 0.08125 0.104687 0.00024934
0 0.240234 0.239453 0.0679687 0.107031 0.000253196
0 0.258594 0.18125 0.053125 0.065625 0.000257431
0 0.658594 0.632031 0.0890625 0.110937 0.000269316
0 0.225 0.577344 0.0984375 0.19375 0.000280572
0 0.597656 0.300391 0.0984375 0.171094 0.000286198
0 0.686328 0.19375 0.0414063 0.0578125 0.000287035
0 0.236719 0.283594 0.075 0.107813 0.000287805
0 0.665234 0.160547 0.0523437 0.0695312 0.000296569
0 0.677734 0.612891 0.0882813 0.110156 0.000300208
0 0.673047 0.217969 0.0429688 0.0640625 0.000317156
0 0.323047 0.305078 0.111719 0.185156 0.000334504
0 0.658984 0.449609 0.136719 0.227344 0.000340767
0 0.719141 0.654688 0.0867188 0.1125 0.00034608
0 0.674219 0.227734 0.0546875 0.114844 0.000349189
0 0.665625 0.194141 0.0515625 0.0632813 0.000368642
0 0.305469 0.364453 0.121875 0.186719 0.000376712
0 0.342578 0.471484 0.111719 0.219531 0.000385107
0 0.257031 0.633203 0.0828125 0.0960938 0.000388261
0 0.690234 0.322266 0.0664062 0.103906 0.000388279
0 0.369922 0.355469 0.114844 0.190625 0.000389926
0 0.717188 0.471484 0.0796875 0.185156 0.000392938
0 0.696094 0.385156 0.078125 0.142188 0.000459417
0 0.221875 0.312109 0.08125 0.203906 0.000493414
0 0.249219 0.198047 0.0625 0.0882813 0.000498429
0 0.698438 0.633203 0.0859375 0.108594 0.000519583
0 0.279687 0.632422 0.132812 0.124219 0.000528274
0 0.273828 0.6625 0.203906 0.171875 0.000563698
0 0.678516 0.288672 0.0601562 0.0914062 0.00057277
0 0.280859 0.575391 0.139844 0.192969 0.000596842
0 0.751953 0.673437 0.0960938 0.175 0.000597601
0 0.610547 0.358594 0.117969 0.234375 0.000611376
0 0.374609 0.569141 0.128906 0.219531 0.000732818
0 0.7 0.59375 0.0828125 0.110937 0.000739426
0 0.326562 0.528516 0.114063 0.205469 0.000768352
0 0.720703 0.532812 0.0679687 0.103125 0.000770841
0 0.719141 0.692578 0.149219 0.157031 0.000860298
0 0.609766 0.4625 0.127344 0.20625 0.000928033
0 0.71875 0.612891 0.0796875 0.108594 0.000932517
0 0.373047 0.477344 0.133594 0.35625 0.000970694
0 0.738672 0.634375 0.0773437 0.114063 0.000979553
0 0.658203 0.320312 0.139844 0.2125 0.000995494
0 0.30625 0.277344 0.164062 0.276563 0.000996588
0 0.257422 0.2375 0.0929687 0.171875 0.00104179
0 0.673047 0.178125 0.0429688 0.0578125 0.00109384
0 0.342578 0.340625 0.102344 0.14375 0.00110077
0 0.671094 0.311719 0.08125 0.120312 0.00116996
0 0.7 0.516016 0.117188 0.225781 0.00125135
0 0.735156 0.59375 0.071875 0.115625 0.00130694
0 0.731641 0.535156 0.0789063 0.175 0.00138126
0 0.719531 0.573828 0.075 0.110156 0.00139755
0 0.741406 0.528516 0.0953125 0.297656 0.00139936
0 0.3625 0.123438 0.115625 0.173438 0.00141857
0 0.714063 0.446094 0.104687 0.342187 0.00184804
0 0.64375 0.629687 0.132812 0.176563 0.0018829
0 0.242578 0.394141 0.130469 0.432031 0.00189232
0 0.351562 0.634766 0.153125 0.149219 0.00214782
0 0.239063 0.633594 0.129688 0.18125 0.00219746
0 0.6875 0.346484 0.0890625 0.157031 0.00227227
0 0.652344 0.405469 0.185937 0.382812 0.0025935
0 0.242578 0.346875 0.108594 0.240625 0.0026814
0 0.664453 0.665625 0.203906 0.204688 0.00285091
0 0.239844 0.279687 0.0921875 0.215625 0.00312882
0 0.620703 0.53125 0.157031 0.242188 0.00323048
0 0.340625 0.3875 0.153125 0.301562 0.00376218
0 0.674609 0.578906 0.263281 0.328125 0.00376716
0 0.245703 0.555859 0.139844 0.300781 0.0041297
0 0.267969 0.305859 0.139062 0.244531 0.00522057
0 0.342578 0.542188 0.163281 0.2875 0.00566933
0 0.658984 0.574219 0.171094 0.203125 0.00726487
0 0.292578 0.612109 0.222656 0.194531 0.00924006
0 0.735547 0.633984 0.103906 0.214844 0.00970112
0 0.296094 0.460547 0.204688 0.438281 0.0117529
0 0.682422 0.486328 0.171094 0.399219 0.0172882
0 0.720703 0.575781 0.111719 0.2375 0.0263696
0 0.693359 0.614062 0.175781 0.234375 0.113898
