0 0.661328 0.382422 0.110156 0.160156 0.0001001
0 0.121094 0.109766 0.239063 0.219531 0.000102921
0 0.0359375 0.633594 0.0640625 0.0921875 0.000109131
0 0.678125 0.946094 0.14375 0.059375 0.00011006
0 0.178516 0.356641 0.203906 0.325781 0.00011021
0 0.488672 0.307422 0.175781 0.336719 0.000110278
0 0.569922 0.198047 0.0804688 0.0960938 0.000112171
0 0.542188 0.570312 0.071875 0.096875 0.000116031
0 0.130859 0.786328 0.260156 0.396094 0.000120881
0 0.0726563 0.365625 0.128125 0.246875 0.00012218
0 0.246094 0.234375 0.14375 0.207813 0.000123327
0 0.152734 0.309375 0.283594 0.495313 0.000124427
0 0.184375 0.304297 0.159375 0.174219 0.000124899
0 0.447266 0.923828 0.0742188 0.110156 0.000130447
0 0.240625 0.627734 0.307813 0.330469 0.0001322
0 0.0734375 0.610547 0.09375 0.0945313 0.000132596
0 0.692578 0.298828 0.389844 0.519531 0.000140036
0 0.110937 0.495703 0.140625 0.216406 0.000149154
0 0.787109 0.369922 0.366406 0.624219 0.000150347
0 0.612891 0.933984 0.0976562 0.0929687 0.000150609
0 0.755859 0.379687 0.244531 0.36875 0.000154694
0 0.217187 0.613672 0.0859375 0.108594 0.000164279
0 0.114844 0.595312 0.0921875 0.10625 0.000177346
0 0.715625 0.553125 0.123438 0.270312 0.000188214
0 0.0414063 0.481641 0.0828125 0.457031 0.000204098
0 0.632422 0.644922 0.288281 0.272656 0.000210454
0 0.635547 0.948047 0.103906 0.0617188 0.000212794
0 0.0953125 0.446875 0.107813 0.171875 0.00021372
0 0.689844 0.364453 0.0953125 0.167969 0.000220278
0 0.636328 0.592188 0.147656 0.178125 0.000239236
0 0.443359 0.932813 0.0476562 0.078125 0.000240841
0 0.128516 0.362891 0.102344 0.150781 0.000241313
0 0.545313 0.644141 0.146875 0.141406 0.000246533
0 0.251172 0.637891 0.175781 0.214844 0.000259747
0 0.538672 0.438281 0.166406 0.4375 0.000262615
0 0.0558594 0.632031 0.108594 0.120312 0.000266851
0 0.970312 0.476953 0.059375 0.450781 0.000268865
0 0.109375 0.404297 0.084375 0.102344 0.000273426
0 0.217578 0.532812 0.222656 0.31875 0.0002846
0 0.0445312 0.566406 0.0875 0.234375 0.000294373
0 0.410547 0.933203 0.0429688 0.0726563 0.000299379
0 0.948828 0.517578 0.102344 0.633594 0.000315805
0 0.593359 0.555469 0.139844 0.196875 0.000332779
0 0.428516 0.936719 0.0648438 0.126563 0.00036536
0 0.0988281 0.647266 0.196094 0.153906 0.000422278
0 0.715625 0.630859 0.135937 0.180469 0.000424653
0 0.537891 0.435156 0.257031 0.61875 0.000446987
0 0.215234 0.270703 0.160156 0.188281 0.000489709
0 0.528906 0.194922 0.171875 0.207031 0.000492944
0 0.154687 0.577734 0.146875 0.169531 0.000500057
0 0.596094 0.307031 0.204688 0.307813 0.000513802
0 0.130859 0.323438 0.158594 0.220313 0.000514485
0 0.563281 0.199609 0.135937 0.158594 0.000585276
0 0.551562 0.574219 0.11875 0.18125 0.000595479
0 0.425781 0.933594 0.0453125 0.0765625 0.000613158
0 0.685547 0.39375 0.125781 0.257812 0.000639362
0 0.710156 0.480469 0.160938 0.445312 0.000758406
0 0.589063 0.232031 0.171875 0.239063 0.000764047
0 0.673828 0.321484 0.125781 0.227344 0.000768728
0 0.208594 0.436328 0.3 0.503906 0.000941164
0 0.0835937 0.447266 0.142188 0.327344 0.000953438
0 0.175781 0.665234 0.289062 0.214844 0.00114569
0 0.569922 0.528906 0.192969 0.29375 0.00117253
0 0.117188 0.611328 0.15 0.147656 0.00146309
0 0.110547 0.400391 0.127344 0.207031 0.0015311
0 0.078125 0.594141 0.154687 0.166406 0.00171922
0 0.549609 0.263281 0.205469 0.328125 0.00243923
0 0.582812 0.598828 0.190625 0.199219 0.00262872
0 0.677344 0.401563 0.160938 0.429688 0.00263197
0 0.210938 0.608594 0.182812 0.18125 0.00284819
0 0.680859 0.602734 0.189844 0.211719 0.00344075
0 0.1 0.548437 0.185937 0.270312 0.00952001
0 0.628906 0.438281 0.267188 0.521875 0.0112692
0 0.634766 0.567187 0.247656 0.273438 0.0122426
0 0.128906 0.471484 0.226562 0.422656 0.0218036
0 0.136328 0.612891 0.258594 0.197656 0.0541136
