0 0.783203 0.603516 0.346094 0.467969 0.000100632
0 0.674219 0.633203 0.282813 0.417969 0.000101193
0 0.623047 0.429297 0.0960938 0.107031 0.000101469
0 0.327734 0.19375 0.0898438 0.0875 0.000105654
0 0.359375 0.392969 0.08125 0.096875 0.000108273
0 0.287891 0.4625 0.149219 0.1375 0.00010853
0 0.160938 0.447656 0.101562 0.1375 0.000111815
0 0.784375 0.289062 0.179688 0.320312 0.000115229
0 0.305469 0.442969 0.0890625 0.104687 0.000120206
0 0.367188 0.163281 0.239063 0.217187 0.000123026
0 0.776172 0.330859 0.0898438 0.108594 0.000124126
0 0.699609 0.469141 0.138281 0.138281 0.000126306
0 0.660547 0.505859 0.175781 0.172656 0.00013954
0 0.807422 0.552734 0.163281 0.217969 0.000140819
0 0.162109 0.40625 0.132031 0.221875 0.000148503
0 0.19375 0.310156 0.10625 0.157813 0.000154413
0 0.673047 0.2375 0.189844 0.225 0.000155146
0 0.307031 0.175781 0.117188 0.096875 0.000155434
0 0.659766 0.447266 0.147656 0.155469 0.000164748
0 0.357031 0.443359 0.084375 0.107031 0.000175504
0 0.805078 0.380078 0.286719 0.314844 0.000196496
0 0.726172 0.346094 0.0898438 0.110937 0.000211224
0 0.804297 0.504687 0.0804688 0.0953125 0.000215196
0 0.725391 0.424609 0.146094 0.210156 0.00022765
0 0.363672 0.213672 0.127344 0.125781 0.00023523
0 0.744141 0.46875 0.144531 0.148438 0.000251541
0 0.663672 0.397656 0.197656 0.18125 0.000252203
0 0.826953 0.475781 0.114844 0.215625 0.000255625
0 0.686328 0.344531 0.202344 0.175 0.000260491
0 0.732422 0.55 0.241406 0.217187 0.00026321
0 0.790234 0.330859 0.125781 0.211719 0.000274872
0 0.347656 0.29375 0.171875 0.282813 0.000289968
0 0.316797 0.496875 0.202344 0.16875 0.000327695
0 0.263672 0.409375 0.149219 0.134375 0.000392176
0 0.198437 0.364453 0.167187 0.255469 0.00042005
0 0.385938 0.444141 0.132812 0.188281 0.000421464
0 0.78125 0.382031 0.0890625 0.114063 0.000512641
0 0.323047 0.394531 0.139844 0.167187 0.000564651
0 0.336328 0.190625 0.136719 0.123438 0.000621248
0 0.325391 0.427344 0.0914062 0.109375 0.000661595
0 0.286328 0.349219 0.308594 0.339063 0.000671813
0 0.199219 0.430469 0.178125 0.154687 0.000740193
0 0.803516 0.505078 0.114844 0.144531 0.000780537
0 0.249609 0.460938 0.291406 0.189063 0.00131402
0 0.357031 0.412891 0.114063 0.152344 0.00166903
0 0.702344 0.470703 0.235938 0.210156 0.00182422
0 0.760938 0.3625 0.09375 0.110937 0.00191316
0 0.736719 0.312891 0.178125 0.208594 0.00233802
0 0.777344 0.480469 0.184375 0.225 0.00258243
0 0.793359 0.402734 0.130469 0.225781 0.00296574
0 0.34375 0.454688 0.14375 0.165625 0.00340443
0 0.250391 0.40625 0.247656 0.185937 0.00635137
0 0.725781 0.33125 0.2875 0.348437 0.00831454
0 0.741406 0.419922 0.228125 0.274219 0.0222923
0 0.305859 0.430078 0.200781 0.158594 0.0537113
0 0.757031 0.36875 0.171875 0.192188 0.324882
