0 0.960938 0.4 0.078125 0.757812 0.000100193
0 0.527344 0.228906 0.140625 0.203125 0.000101002
0 0.290234 0.438281 0.128906 0.220313 0.000104904
0 0.5875 0.346094 0.075 0.1 0.000107889
0 0.591797 0.204297 0.158594 0.178906 0.000112117
0 0.615234 0.398828 0.0648438 0.0757812 0.000112691
0 0.212109 0.444141 0.0867188 0.108594 0.000114416
0 0.173828 0.508984 0.0820312 0.110156 0.000116675
0 0.651563 0.453906 0.071875 0.103125 0.000116806
0 0.18125 0.30625 0.0953125 0.235938 0.000127355
0 0.649609 0.384375 0.0664062 0.148438 0.000130249
0 0.254297 0.366016 0.138281 0.130469 0.000138157
0 0.239453 0.532812 0.121094 0.20625 0.000138991
0 0.101172 0.535156 0.178906 0.490625 0.000142471
0 0.988281 0.6125 0.0234375 0.189063 0.00015148
0 0.290625 0.436328 0.171875 0.375781 0.00015384
0 0.13125 0.600391 0.126563 0.344531 0.000154651
0 0.951172 0.615625 0.0960938 0.670313 0.000161999
0 0.0609375 0.292969 0.120312 0.585938 0.000166969
0 0.550781 0.40625 0.129688 0.223438 0.000168413
0 0.577344 0.405859 0.09375 0.147656 0.000171348
0 0.570312 0.324609 0.0859375 0.108594 0.000172207
0 0.621875 0.529297 0.0859375 0.110156 0.000173602
0 0.287109 0.521484 0.122656 0.230469 0.000180925
0 0.576953 0.857031 0.246094 0.285937 0.000184558
0 0.148438 0.469922 0.101562 0.210156 0.000200395
0 0.180859 0.625781 0.172656 0.23125 0.000227169
0 0.598047 0.474219 0.113281 0.190625 0.000229275
0 0.558984 0.2 0.132031 0.135937 0.000235875
0 0.175391 0.467969 0.0882813 0.114063 0.000241044
0 0.630078 0.385547 0.0695312 0.0992187 0.000244187
0 0.652344 0.346875 0.05 0.101562 0.000246049
0 0.573047 0.361719 0.107031 0.1625 0.000251325
0 0.278125 0.171875 0.196875 0.173438 0.000272119
0 0.557031 0.296484 0.270312 0.385156 0.000278196
0 0.6125 0.367188 0.08125 0.10625 0.000288591
0 0.177344 0.367969 0.0828125 0.110937 0.000294791
0 0.511719 0.390234 0.11875 0.239844 0.000304827
0 0.222266 0.175391 0.117969 0.141406 0.000320106
0 0.973828 0.524219 0.0523437 0.673437 0.000320178
0 0.649219 0.572656 0.078125 0.1 0.000331977
0 0.635938 0.35625 0.096875 0.167187 0.000332397
0 0.6 0.5375 0.128125 0.198437 0.000347124
0 0.617578 0.632812 0.0882813 0.1125 0.000352453
0 0.664062 0.551953 0.08125 0.177344 0.000357632
0 0.636719 0.428906 0.0875 0.178125 0.000358204
0 0.619922 0.274609 0.139844 0.236719 0.00036224
0 0.215625 0.348437 0.148438 0.1625 0.000364117
0 0.533594 0.344922 0.142188 0.194531 0.000372429
0 0.54375 0.601562 0.1625 0.225 0.000382845
0 0.594922 0.388281 0.0695312 0.08125 0.000416807
0 0.248828 0.585547 0.164844 0.216406 0.000418006
0 0.656641 0.487891 0.0914062 0.213281 0.000447479
0 0.649219 0.53125 0.08125 0.117188 0.000463571
0 0.983203 0.601172 0.0335938 0.428906 0.000466925
0 0.166797 0.317578 0.182031 0.433594 0.000510592
0 0.192578 0.553125 0.136719 0.235938 0.000530432
0 0.635156 0.405469 0.115625 0.296875 0.000543901
0 0.157422 0.571094 0.0960938 0.19375 0.000563592
0 0.248828 0.308984 0.202344 0.366406 0.000609576
0 0.176953 0.427344 0.0882813 0.1125 0.000656286
0 0.636328 0.596484 0.0867188 0.110156 0.000659089
0 0.642969 0.666797 0.139062 0.213281 0.000663462
0 0.210938 0.488672 0.148438 0.208594 0.000756356
0 0.230469 0.426562 0.178125 0.19375 0.000863913
0 0.530078 0.477344 0.161719 0.354688 0.000871045
0 0.135156 0.482812 0.15 0.342187 0.000975412
0 0.594141 0.349609 0.139844 0.232031 0.000994237
0 0.636719 0.492188 0.0875 0.123438 0.0012126
0 0.18125 0.369922 0.10625 0.182031 0.00127522
0 0.2375 0.207813 0.153125 0.223438 0.00128323
0 0.165625 0.469922 0.29375 0.486719 0.00128361
0 0.570312 0.301562 0.120312 0.19375 0.00130876
0 0.587109 0.660547 0.200781 0.208594 0.0013617
0 0.603125 0.612109 0.273438 0.316406 0.00139851
0 0.530078 0.355078 0.169531 0.367969 0.00152618
0 0.646484 0.596484 0.103906 0.185156 0.00313627
0 0.224219 0.524219 0.214062 0.326562 0.00483194
0 0.158594 0.545703 0.128125 0.294531 0.00556581
0 0.191797 0.375781 0.135156 0.290625 0.00581615
0 0.557031 0.286719 0.16875 0.282813 0.00598839
0 0.572266 0.458594 0.203906 0.454688 0.00643846
0 0.177344 0.447656 0.110937 0.203125 0.00663694
0 0.615625 0.500781 0.146875 0.34375 0.0095482
0 0.6375 0.534766 0.114063 0.225781 0.00979565
0 0.221094 0.402734 0.19375 0.453906 0.0216509
0 0.621875 0.602344 0.154687 0.251563 0.0437191
0 0.184375 0.469141 0.139062 0.325781 0.110835
