0 0.203125 0.528516 0.08125 0.0992187 0.000101844
0 0.298438 0.799219 0.360938 0.3375 0.000103181
0 0.261719 0.594922 0.0890625 0.107031 0.0001074
0 0.139062 0.388672 0.275 0.546094 0.000107896
0 0.323047 0.347656 0.0773437 0.0953125 0.00011117
0 0.261328 0.361719 0.103906 0.153125 0.000113478
0 0.266016 0.710938 0.282031 0.215625 0.000114616
0 0.757031 0.404297 0.0734375 0.0960938 0.000116632
0 0.641797 0.111719 0.463281 0.21875 0.000119548
0 0.805469 0.630078 0.132812 0.127344 0.000119675
0 0.669531 0.299219 0.0828125 0.1 0.000120241
0 0.254687 0.505859 0.0765625 0.0882813 0.000120303
0 0.289062 0.341797 0.33125 0.411719 0.000127466
0 0.807031 0.466016 0.30625 0.525781 0.000135104
0 0.764063 0.594141 0.084375 0.107031 0.000138882
0 0.71875 0.447266 0.0703125 0.0867188 0.000142056
0 0.337109 0.279297 0.110156 0.113281 0.000146923
0 0.842578 0.633203 0.100781 0.138281 0.00014736
0 0.632031 0.56875 0.121875 0.223438 0.000148861
0 0.819922 0.0371094 0.288281 0.0742188 0.000150123
0 0.142969 0.148438 0.285937 0.296875 0.000151728
0 0.218359 0.630859 0.130469 0.142969 0.000155694
0 0.186719 0.555469 0.1125 0.201562 0.000157838
0 0.342969 0.509375 0.114063 0.245312 0.000162019
0 0.693359 0.403516 0.186719 0.197656 0.000163034
0 0.657422 0.510547 0.127344 0.272656 0.000172161
0 0.113281 0.0390625 0.226562 0.0734375 0.000175195
0 0.289062 0.325391 0.184375 0.239844 0.000178391
0 0.625781 0.286328 0.184375 0.221094 0.000178636
0 0.780469 0.571094 0.084375 0.10625 0.000182165
0 0.288281 0.647266 0.140625 0.158594 0.000185119
0 0.686328 0.617188 0.283594 0.3125 0.000186491
0 0.322266 0.579297 0.0882813 0.108594 0.000187477
0 0.212109 0.409766 0.241406 0.400781 0.000187839
0 0.761719 0.300781 0.376563 0.426562 0.000198375
0 0.326172 0.444922 0.127344 0.241406 0.000205567
0 0.719141 0.489453 0.135156 0.241406 0.000205948
0 0.1875 0.546484 0.295312 0.435156 0.000206645
0 0.184375 0.671875 0.107813 0.126563 0.00020914
0 0.2875 0.341016 0.107813 0.147656 0.000214328
0 0.700391 0.554297 0.164844 0.203906 0.000235088
0 0.7 0.255859 0.3 0.247656 0.00023899
0 0.366016 0.522266 0.157031 0.411719 0.000239774
0 0.139062 0.0613281 0.278125 0.122656 0.000240211
0 0.243359 0.405469 0.128906 0.189063 0.000243387
0 0.69375 0.629687 0.134375 0.126563 0.000252529
0 0.651172 0.322656 0.0882813 0.11875 0.000263997
0 0.307813 0.364844 0.06875 0.096875 0.000279278
0 0.390234 0.611328 0.142969 0.216406 0.000284594
0 0.796094 0.493359 0.1125 0.217969 0.000289166
0 0.826953 0.530469 0.163281 0.315625 0.000290024
0 0.7375 0.0671875 0.428125 0.134375 0.000291193
0 0.207422 0.453125 0.105469 0.21875 0.000294494
0 0.738672 0.404687 0.119531 0.148438 0.000310074
0 0.221094 0.471094 0.084375 0.101562 0.000314775
0 0.839063 0.180078 0.321875 0.360156 0.000362463
0 0.783203 0.644531 0.217969 0.15625 0.000369377
0 0.612109 0.445703 0.174219 0.324219 0.000372123
0 0.357031 0.265234 0.0625 0.0820312 0.000381873
0 0.178516 0.641016 0.0820312 0.110156 0.000389831
0 0.257031 0.471875 0.08125 0.078125 0.000389854
0 0.759375 0.472266 0.132812 0.232031 0.000390789
0 0.716406 0.445312 0.115625 0.134375 0.000392676
0 0.671875 0.2875 0.15625 0.153125 0.000398138
0 0.649219 0.427344 0.134375 0.242188 0.000423239
0 0.220313 0.508594 0.084375 0.096875 0.000453467
0 0.853125 0.0695312 0.279687 0.139062 0.000470666
0 0.281641 0.425 0.169531 0.196875 0.000477253
0 0.276563 0.491016 0.1625 0.171094 0.00049546
0 0.755859 0.400781 0.172656 0.278125 0.000549864
0 0.833984 0.601953 0.142969 0.191406 0.000565403
0 0.304688 0.381641 0.1125 0.164844 0.000739819
0 0.334375 0.610937 0.0859375 0.10625 0.000784767
0 0.764453 0.591797 0.132031 0.153906 0.000824276
0 0.333203 0.357422 0.124219 0.182031 0.000911616
0 0.242188 0.591406 0.14375 0.15625 0.000972257
0 0.325391 0.614844 0.291406 0.260938 0.000995766
0 0.338281 0.579297 0.125 0.182031 0.00109787
0 0.236328 0.488672 0.0804688 0.0914062 0.00113599
0 0.705859 0.324609 0.250781 0.253906 0.00115565
0 0.792188 0.108984 0.415625 0.211719 0.001161
0 0.760547 0.532812 0.171094 0.196875 0.00125905
0 0.192188 0.608984 0.14375 0.213281 0.00169471
0 0.2375 0.469531 0.115625 0.15 0.00178024
0 0.658203 0.610547 0.142969 0.169531 0.00184042
0 0.239453 0.648047 0.239844 0.194531 0.00189179
0 0.323438 0.381641 0.176563 0.263281 0.00222849
0 0.657422 0.510547 0.183594 0.403906 0.00306486
0 0.221484 0.512109 0.124219 0.221094 0.00316838
0 0.303906 0.610937 0.0875 0.0984375 0.00342337
0 0.214062 0.486719 0.157813 0.357812 0.00507848
0 0.33125 0.630469 0.139062 0.164062 0.00578518
0 0.650391 0.324609 0.133594 0.164844 0.00608833
0 0.795703 0.566797 0.161719 0.217969 0.00661912
0 0.723828 0.592969 0.249219 0.201562 0.00962123
0 0.324609 0.555469 0.171094 0.28125 0.0143385
0 0.653125 0.364453 0.178125 0.253906 0.0171091
0 0.241406 0.562109 0.20625 0.263281 0.0232585
0 0.760938 0.535547 0.234375 0.313281 0.0309176
0 0.29375 0.605078 0.182812 0.178906 0.0639377
0 0.715625 0.462109 0.290625 0.460156 0.133167
0 0.276563 0.461719 0.257812 0.476562 0.183355
