0 0.0589844 0.635156 0.117969 0.723437 0.000100299
0 0.61875 0.438281 0.190625 0.3 0.000103873
0 0.147656 0.112109 0.2875 0.224219 0.000104065
0 0.280469 0.551953 0.140625 0.196094 0.000106288
0 0.0210938 0.523828 0.040625 0.452344 0.000107106
0 0.172266 0.525 0.196094 0.575 0.000108389
0 0.382812 0.353906 0.195312 0.45 0.000109808
0 0.523438 0.785937 0.451562 0.417188 0.000110159
0 0.239453 0.236719 0.0882813 0.107813 0.000110759
0 0.937891 0.845703 0.124219 0.305469 0.00011143
0 0.651953 0.357422 0.199219 0.417969 0.000111462
0 0.645312 0.20625 0.2875 0.292188 0.000111701
0 0.55625 0.552734 0.398438 0.553906 0.000114109
0 0.720312 0.473047 0.121875 0.180469 0.000114658
0 0.796875 0.513672 0.10625 0.186719 0.000119582
0 0.348047 0.312891 0.180469 0.314844 0.000120425
0 0.964844 0.889063 0.0703125 0.220313 0.000122451
0 0.546875 0.290625 0.3625 0.509375 0.000124107
0 0.444141 0.193359 0.467969 0.386719 0.000126517
0 0.382031 0.528906 0.167187 0.207813 0.000129486
0 0.628906 0.132031 0.446875 0.25 0.00013015
0 0.977344 0.651563 0.0453125 0.545313 0.000133213
0 0.271484 0.199219 0.228906 0.229687 0.000133673
0 0.653906 0.273047 0.117188 0.150781 0.000135456
0 0.239063 0.267969 0.11875 0.190625 0.000141835
0 0.238281 0.629297 0.196875 0.182031 0.000150952
0 0.385938 0.599219 0.267188 0.30625 0.000151633
0 0.176172 0.565625 0.138281 0.367188 0.000155866
0 0.194141 0.594531 0.0820312 0.110937 0.0001577
0 0.3 0.844531 0.2875 0.296875 0.000163216
0 0.452344 0.103125 0.507812 0.204688 0.000171329
0 0.657812 0.215625 0.185937 0.20625 0.000172354
0 0.146094 0.709766 0.254687 0.550781 0.000175698
0 0.283594 0.211328 0.351562 0.344531 0.000177218
0 0.763672 0.390234 0.353906 0.675781 0.000181314
0 0.376953 0.0617188 0.510156 0.121875 0.000184008
0 0.220703 0.490234 0.127344 0.255469 0.000190131
0 0.260156 0.23125 0.114063 0.148438 0.000194153
0 0.278516 0.11875 0.472656 0.2375 0.000195639
0 0.353516 0.298438 0.399219 0.546875 0.000196896
0 0.235156 0.360156 0.145313 0.30625 0.000198267
0 0.690234 0.197656 0.119531 0.126563 0.000200896
0 0.266406 0.273828 0.1875 0.257031 0.000204522
0 0.777734 0.471484 0.119531 0.196094 0.000215871
0 0.23125 0.785547 0.317187 0.411719 0.000243698
0 0.695312 0.292578 0.190625 0.277344 0.000283052
0 0.195312 0.0632813 0.390625 0.126563 0.00031371
0 0.763281 0.406641 0.13125 0.335156 0.00031821
0 0.280078 0.589844 0.219531 0.190625 0.000321515
0 0.482812 0.436328 0.392188 0.632031 0.000323005
0 0.948438 0.727344 0.103125 0.545313 0.000355474
0 0.341797 0.432422 0.189844 0.441406 0.000387215
0 0.371094 0.789453 0.39375 0.403906 0.000389804
0 0.333594 0.446484 0.332812 0.555469 0.000412146
0 0.340625 0.563281 0.1625 0.182812 0.000437465
0 0.969141 0.767969 0.0617188 0.464063 0.000452398
0 0.769922 0.619922 0.192969 0.219531 0.000492466
0 0.360547 0.619531 0.386719 0.540625 0.00053305
0 0.699609 0.513281 0.141406 0.203125 0.000535191
0 0.210938 0.440625 0.173438 0.523438 0.000575017
0 0.454688 0.632422 0.43125 0.700781 0.000594969
0 0.680469 0.542969 0.290625 0.317187 0.000613405
0 0.246484 0.600391 0.294531 0.361719 0.000714537
0 0.242188 0.384375 0.326562 0.623438 0.000753725
0 0.676172 0.587891 0.182031 0.224219 0.000758536
0 0.293359 0.315234 0.250781 0.392969 0.000759258
0 0.285937 0.706641 0.3 0.399219 0.000772641
0 0.71875 0.405469 0.2125 0.429688 0.00113076
0 0.669141 0.484766 0.194531 0.283594 0.00123417
0 0.719922 0.570312 0.141406 0.170312 0.00128252
0 0.328125 0.548828 0.2375 0.255469 0.00134772
0 0.791797 0.565234 0.144531 0.217969 0.00172855
0 0.201562 0.597656 0.128125 0.2 0.00181223
0 0.766797 0.502344 0.166406 0.28125 0.00306387
0 0.268359 0.457812 0.221094 0.4375 0.00516443
0 0.228516 0.555078 0.171094 0.266406 0.00888688
0 0.728906 0.55625 0.214062 0.225 0.0127778
