0 0.700391 0.551953 0.202344 0.178906 0.000100633
0 0.986328 0.858984 0.0257812 0.247656 0.000106626
0 0.964844 0.603516 0.0703125 0.714844 0.000106699
0 0.281641 0.879687 0.141406 0.167187 0.000109013
0 0.780859 0.719141 0.142969 0.236719 0.000112497
0 0.946484 0.726953 0.107031 0.525781 0.000114782
0 0.390625 0.801172 0.25 0.346094 0.000117695
0 0.399609 0.466016 0.117969 0.232031 0.000117789
0 0.976953 0.805469 0.0460938 0.389062 0.000124802
0 0.341016 0.694141 0.133594 0.153906 0.000125897
0 0.809766 0.848437 0.260156 0.259375 0.000128676
0 0.174219 0.813672 0.214062 0.349219 0.000129465
0 0.304297 0.783594 0.142969 0.234375 0.000144907
0 0.148438 0.698828 0.278125 0.602344 0.000151376
0 0.247656 0.410156 0.123438 0.245312 0.000164812
0 0.722266 0.744141 0.247656 0.217969 0.000171593
0 0.372656 0.512109 0.176563 0.222656 0.00017338
0 0.0625 0.555078 0.125 0.889844 0.000178034
0 0.935938 0.523047 0.123438 0.841406 0.00018268
0 0.198047 0.845703 0.117969 0.160156 0.000207425
0 0.664844 0.727734 0.240625 0.310156 0.000234125
0 0.664453 0.597266 0.219531 0.450781 0.000242993
0 0.301562 0.430078 0.148438 0.233594 0.000253555
0 0.238672 0.882812 0.127344 0.159375 0.000272087
0 0.212891 0.517969 0.257031 0.715625 0.000275909
0 0.723828 0.314063 0.175781 0.217187 0.000286658
0 0.788672 0.566406 0.166406 0.4125 0.000293731
0 0.242188 0.470703 0.0875 0.107031 0.000298918
0 0.228516 0.487109 0.103906 0.166406 0.000324964
0 0.261328 0.824219 0.144531 0.2 0.000382138
0 0.621094 0.273438 0.15 0.184375 0.000450387
0 0.371094 0.512109 0.245312 0.582031 0.000460329
0 0.340234 0.884766 0.346094 0.230469 0.000468413
0 0.208594 0.824609 0.164062 0.246094 0.000489451
0 0.372266 0.436719 0.197656 0.276563 0.000667521
0 0.317187 0.843359 0.196875 0.207031 0.000682899
0 0.724609 0.820703 0.278906 0.297656 0.000742902
0 0.750391 0.405469 0.194531 0.4 0.000827735
0 0.241797 0.508594 0.163281 0.2875 0.000831757
0 0.796875 0.735547 0.223438 0.357031 0.00132968
0 0.237891 0.880078 0.213281 0.217969 0.00135526
0 0.256641 0.400391 0.200781 0.336719 0.00136405
0 0.341016 0.357031 0.249219 0.3875 0.00160321
0 0.249609 0.678906 0.249219 0.551562 0.00162682
0 0.661328 0.298438 0.221094 0.254687 0.00259101
0 0.332812 0.682031 0.201562 0.509375 0.00268492
0 0.719922 0.521875 0.247656 0.398438 0.00338227
0 0.796094 0.599219 0.259375 0.779688 0.00442201
0 0.2625 0.467969 0.139062 0.182812 0.00474845
0 0.673828 0.395703 0.261719 0.463281 0.00529953
0 0.728906 0.703125 0.28125 0.420312 0.006409
0 0.309375 0.467969 0.240625 0.21875 0.0171206
0 0.285547 0.821094 0.253906 0.320312 0.0223949
0 0.305859 0.460938 0.258594 0.457812 0.105461
0 0.302734 0.558594 0.302344 0.820312 0.318959
0 0.715234 0.528125 0.313281 0.726562 0.449011
