0 0.304688 0.446094 0.0875 0.10625 0.000101694
0 0.677344 0.465625 0.145313 0.2875 0.000106529
0 0.325 0.619922 0.148438 0.155469 0.000106697
0 0.318359 0.368359 0.0882813 0.114844 0.000119634
0 0.5375 0.535156 0.571875 0.929688 0.000123471
0 0.401563 0.299219 0.140625 0.164062 0.000132649
0 0.173047 0.678516 0.161719 0.247656 0.00013318
0 0.323828 0.319531 0.0851562 0.09375 0.000133698
0 0.24375 0.69375 0.148438 0.165625 0.000134452
0 0.380859 0.595703 0.135156 0.178906 0.000142704
0 0.339844 0.410547 0.09375 0.105469 0.00015301
0 0.322656 0.509766 0.132812 0.263281 0.000156511
0 0.187891 0.574609 0.130469 0.230469 0.000162917
0 0.718359 0.714844 0.0914062 0.10625 0.00016867
0 0.207031 0.402734 0.253125 0.603906 0.000170559
0 0.373437 0.715234 0.242188 0.194531 0.000179481
0 0.184766 0.632812 0.280469 0.329688 0.000179701
0 0.702344 0.526172 0.154687 0.263281 0.000217773
0 0.4 0.454688 0.190625 0.326562 0.0002215
0 0.730859 0.3125 0.171094 0.201562 0.000226914
0 0.761328 0.597266 0.207031 0.213281 0.000228445
0 0.822266 0.632031 0.150781 0.246875 0.000254564
0 0.283984 0.676953 0.150781 0.136719 0.000262698
0 0.307813 0.751562 0.325 0.242188 0.0002661
0 0.783984 0.448438 0.150781 0.173438 0.000276109
0 0.891016 0.69375 0.144531 0.23125 0.000278704
0 0.390234 0.25 0.191406 0.135937 0.000283035
0 0.26875 0.386328 0.132812 0.207031 0.000285768
0 0.310156 0.302734 0.140625 0.161719 0.000295396
0 0.747266 0.482812 0.219531 0.309375 0.00029659
0 0.344922 0.677344 0.146094 0.132812 0.000297287
0 0.861328 0.612891 0.144531 0.189844 0.000299699
0 0.854688 0.512109 0.0875 0.105469 0.000315295
0 0.8 0.749609 0.295312 0.283594 0.000329546
0 0.305469 0.444922 0.125 0.160156 0.000341564
0 0.257031 0.529297 0.145313 0.282031 0.000367107
0 0.738281 0.729688 0.142188 0.159375 0.000369118
0 0.344141 0.3 0.0882813 0.090625 0.000387446
0 0.844922 0.565625 0.0851562 0.110937 0.000392446
0 0.363281 0.636719 0.140625 0.140625 0.000416909
0 0.341406 0.442969 0.0890625 0.0875 0.000427867
0 0.773828 0.676562 0.149219 0.18125 0.000450811
0 0.233594 0.630469 0.0921875 0.107813 0.000518719
0 0.825781 0.475 0.154687 0.198437 0.000527575
0 0.301953 0.401953 0.0867188 0.103906 0.000609858
0 0.876172 0.555469 0.139844 0.198437 0.00062771
0 0.686328 0.637891 0.305469 0.422656 0.000655242
0 0.685938 0.715625 0.145313 0.18125 0.000679475
0 0.810938 0.549609 0.171875 0.175781 0.000698172
0 0.75625 0.386328 0.214062 0.310156 0.000784166
0 0.241406 0.708984 0.264062 0.219531 0.000948225
0 0.830469 0.53125 0.0859375 0.101562 0.00102599
0 0.388281 0.357812 0.19375 0.253125 0.00126806
0 0.339453 0.428906 0.142969 0.126563 0.00139151
0 0.25625 0.632812 0.15 0.170312 0.00143591
0 0.725391 0.640625 0.189844 0.210938 0.00147588
0 0.884766 0.617188 0.172656 0.3125 0.00154207
0 0.808984 0.454297 0.200781 0.308594 0.00161199
0 0.264844 0.397266 0.171875 0.322656 0.00255168
0 0.341406 0.615234 0.229687 0.217969 0.00255787
0 0.342187 0.521875 0.201562 0.385938 0.00263443
0 0.339453 0.434375 0.163281 0.23125 0.00263872
0 0.205859 0.523047 0.161719 0.411719 0.0026507
0 0.8375 0.676562 0.25 0.284375 0.00267826
0 0.352734 0.365625 0.289844 0.340625 0.00278977
0 0.357031 0.284766 0.16875 0.149219 0.00309694
0 0.303125 0.385938 0.121875 0.173438 0.00358252
0 0.692578 0.633594 0.186719 0.3125 0.004479
0 0.792188 0.503125 0.289062 0.496875 0.0068096
0 0.847266 0.530469 0.119531 0.15625 0.00695979
0 0.320703 0.683203 0.260156 0.188281 0.00718087
0 0.207813 0.634766 0.140625 0.191406 0.00812556
0 0.21875 0.599609 0.1 0.125781 0.0181941
0 0.733984 0.70625 0.216406 0.220313 0.0189753
0 0.31875 0.369141 0.164062 0.260156 0.0190118
0 0.285156 0.484375 0.248437 0.471875 0.0269588
0 0.230078 0.5875 0.155469 0.232812 0.0313699
0 0.841797 0.553516 0.166406 0.285156 0.0363794
0 0.276953 0.637109 0.249219 0.222656 0.0474461
0 0.773438 0.639063 0.28125 0.314063 0.116132
