0 0.230078 0.964063 0.314844 0.0703125 0.000104385
0 0.385547 0.276953 0.0789063 0.105469 0.000105777
0 0.485156 0.354297 0.296875 0.457031 0.000110897
0 0.0230469 0.649609 0.0460938 0.466406 0.000114793
0 0.344531 0.466797 0.090625 0.107031 0.000118084
0 0.55 0.231641 0.103125 0.142969 0.000120725
0 0.270312 0.284766 0.0609375 0.0945313 0.000120938
0 0.699609 0.448047 0.0867188 0.108594 0.000122676
0 0.676562 0.486719 0.0921875 0.110937 0.000123334
0 0.276563 0.407422 0.0828125 0.105469 0.000126843
0 0.5375 0.309766 0.18125 0.316406 0.000127693
0 0.714844 0.407422 0.0796875 0.102344 0.000128409
0 0.623438 0.200391 0.132812 0.141406 0.000129002
0 0.597656 0.322266 0.128125 0.233594 0.000134683
0 0.571094 0.169922 0.096875 0.0945313 0.000135083
0 0.679297 0.520703 0.146094 0.152344 0.000143539
0 0.401563 0.448047 0.160938 0.227344 0.000148964
0 0.488281 0.0296875 0.203125 0.059375 0.000149399
0 0.362109 0.385156 0.116406 0.273438 0.000155062
0 0.378906 0.443359 0.06875 0.0898438 0.000170374
0 0.618359 0.688672 0.377344 0.508594 0.000181422
0 0.716016 0.471875 0.0851562 0.114063 0.000188102
0 0.640625 0.325781 0.0859375 0.0859375 0.000192539
0 0.317969 0.336719 0.071875 0.071875 0.00019306
0 0.323828 0.449609 0.0882813 0.0960938 0.000194172
0 0.569141 0.203906 0.0851562 0.096875 0.000210673
0 0.407813 0.308203 0.10625 0.322656 0.000211201
0 0.661719 0.309766 0.0875 0.102344 0.000223141
0 0.693359 0.363672 0.0867188 0.108594 0.000231165
0 0.659766 0.360938 0.0898438 0.104687 0.000231713
0 0.719922 0.511719 0.0867188 0.107813 0.000231918
0 0.338281 0.299219 0.0796875 0.084375 0.000238042
0 0.305469 0.536328 0.228125 0.175781 0.00024064
0 0.271094 0.285937 0.0859375 0.151562 0.000259716
0 0.322266 0.227344 0.0773437 0.104687 0.000269878
0 0.267969 0.311719 0.309375 0.4875 0.000304423
0 0.222266 0.480078 0.0632813 0.108594 0.000322733
0 0.408594 0.199609 0.10625 0.158594 0.000332374
0 0.258984 0.433203 0.0804688 0.114844 0.000335154
0 0.734766 0.542578 0.105469 0.105469 0.000342686
0 0.382812 0.300781 0.104687 0.215625 0.000345234
0 0.23125 0.45 0.08125 0.19375 0.000382245
0 0.327734 0.252734 0.264844 0.338281 0.000395674
0 0.689062 0.590234 0.25 0.361719 0.000408843
0 0.400391 0.253516 0.0773437 0.102344 0.000409909
0 0.252734 0.350781 0.0632813 0.0765625 0.000425001
0 0.571484 0.525391 0.405469 0.696094 0.000439533
0 0.293359 0.243359 0.0851562 0.124219 0.000479787
0 0.298438 0.46875 0.09375 0.1 0.000488586
0 0.361328 0.433594 0.0742188 0.0734375 0.000505415
0 0.571484 0.269141 0.138281 0.224219 0.000507663
0 0.573047 0.389453 0.288281 0.514844 0.000551197
0 0.675391 0.286328 0.124219 0.183594 0.000561218
0 0.339063 0.260547 0.0859375 0.0960938 0.000593051
0 0.639844 0.306641 0.15625 0.161719 0.000595311
0 0.405859 0.260938 0.0914062 0.175 0.000596513
0 0.232422 0.506641 0.0539063 0.0554687 0.000614611
0 0.373047 0.473047 0.114844 0.160156 0.000740526
0 0.3 0.391406 0.146875 0.217187 0.000795952
0 0.339063 0.298828 0.120312 0.149219 0.000818368
0 0.295312 0.339844 0.071875 0.06875 0.000903382
0 0.360547 0.433203 0.0976562 0.121094 0.00091882
0 0.316797 0.297656 0.0695312 0.1 0.00103536
0 0.278125 0.500781 0.1375 0.117188 0.00104434
0 0.682031 0.537109 0.215625 0.205469 0.00104616
0 0.675391 0.339453 0.0851562 0.103906 0.00118415
0 0.644531 0.389062 0.14375 0.264062 0.00122416
0 0.273438 0.481641 0.0890625 0.0851562 0.00131385
0 0.578516 0.212109 0.124219 0.139844 0.00135105
0 0.317969 0.45 0.257812 0.30625 0.00139183
0 0.729297 0.448828 0.117969 0.263281 0.00155844
0 0.296875 0.319531 0.084375 0.132812 0.00183519
0 0.324609 0.224219 0.130469 0.154687 0.0019571
0 0.726562 0.519141 0.1375 0.164844 0.00212881
0 0.242969 0.504297 0.0828125 0.0789063 0.0021289
0 0.327734 0.492578 0.197656 0.153906 0.00224591
0 0.691406 0.366406 0.128125 0.185937 0.00244622
0 0.621094 0.254297 0.182812 0.235156 0.00247489
0 0.371484 0.353906 0.164844 0.417188 0.0029713
0 0.644922 0.487891 0.297656 0.355469 0.00309339
0 0.643359 0.487109 0.175781 0.185156 0.00312008
0 0.291797 0.281641 0.0789063 0.117969 0.00312624
0 0.276563 0.342187 0.0859375 0.0890625 0.00366701
0 0.337109 0.445703 0.164844 0.155469 0.00486795
0 0.260938 0.362891 0.0828125 0.119531 0.00548146
0 0.660156 0.344922 0.1375 0.142969 0.00564336
0 0.694141 0.469141 0.144531 0.197656 0.00633591
0 0.385156 0.232422 0.117188 0.141406 0.00716106
0 0.675 0.332422 0.176563 0.294531 0.00738675
0 0.261719 0.410937 0.107813 0.220313 0.00757704
0 0.307031 0.264453 0.0625 0.0804688 0.00879837
0 0.289844 0.320703 0.115625 0.197656 0.00949774
0 0.313672 0.267578 0.0835937 0.125781 0.0118443
0 0.348437 0.259766 0.159375 0.186719 0.0137267
0 0.252734 0.477734 0.102344 0.119531 0.0145887
0 0.647656 0.35 0.232812 0.445312 0.0305276
0 0.289453 0.455859 0.172656 0.182031 0.0525162
0 0.309766 0.362109 0.199219 0.369531 0.110372
0 0.680469 0.435547 0.192188 0.299219 0.241134
