0 0.698047 0.119922 0.144531 0.150781 0.000100837
0 0.487891 0.358984 0.199219 0.299219 0.000100853
0 0.344531 0.507812 0.078125 0.1 0.000101241
0 0.365625 0.260547 0.0953125 0.167969 0.000101923
0 0.783203 0.571094 0.147656 0.164062 0.000103269
0 0.977344 0.477734 0.04375 0.389844 0.000105208
0 0.425781 0.173828 0.132812 0.144531 0.000110902
0 0.296875 0.425 0.084375 0.0875 0.000111946
0 0.34375 0.279297 0.0703125 0.102344 0.000112767
0 0.15 0.95 0.0734375 0.0984375 0.000113841
0 0.280859 0.272266 0.0632813 0.128906 0.000115152
0 0.6375 0.361719 0.0828125 0.109375 0.00011774
0 0.262109 0.510547 0.0726563 0.111719 0.00012042
0 0.353125 0.138281 0.0703125 0.0703125 0.000121618
0 0.691797 0.301953 0.133594 0.253906 0.000123905
0 0.869531 0.682813 0.248437 0.353125 0.000129561
0 0.699219 0.611719 0.0859375 0.109375 0.000129782
0 0.850391 0.494922 0.158594 0.210156 0.000132356
0 0.866406 0.572656 0.090625 0.109375 0.000141038
0 0.760156 0.514063 0.117188 0.125 0.000143058
0 0.3 0.633594 0.09375 0.0984375 0.000143631
0 0.554297 0.430859 0.332031 0.450781 0.000146291
0 0.446875 0.213281 0.310937 0.371875 0.000147622
0 0.364844 0.212891 0.0640625 0.0742188 0.000152916
0 0.244922 0.673828 0.117969 0.102344 0.000154996
0 0.429297 0.264453 0.172656 0.236719 0.000156272
0 0.862109 0.407422 0.111719 0.267969 0.000160321
0 0.390234 0.470703 0.139844 0.249219 0.000161207
0 0.299219 0.596484 0.0890625 0.105469 0.00016211
0 0.560547 0.155469 0.314844 0.292188 0.000168895
0 0.410937 0.135547 0.1625 0.153906 0.00017042
0 0.232812 0.595312 0.101562 0.192188 0.000170689
0 0.460156 0.433984 0.159375 0.246094 0.000176022
0 0.277734 0.533594 0.0835937 0.109375 0.000176306
0 0.810938 0.653516 0.315625 0.244531 0.00017664
0 0.720703 0.636719 0.136719 0.126563 0.000178944
0 0.447266 0.563672 0.147656 0.217969 0.000180869
0 0.920313 0.448047 0.146875 0.402344 0.000181797
0 0.387109 0.571484 0.0835937 0.103906 0.000189196
0 0.319531 0.232031 0.075 0.1 0.000189663
0 0.732031 0.489844 0.232812 0.346875 0.000190338
0 0.0761719 0.970703 0.0851562 0.0570313 0.00019394
0 0.366406 0.152344 0.0703125 0.084375 0.000197241
0 0.246484 0.634766 0.0835937 0.110156 0.000208712
0 0.216406 0.566016 0.175 0.332031 0.00021562
0 0.360156 0.262109 0.15 0.221094 0.000224295
0 0.8125 0.785547 0.375 0.414844 0.0002303
0 0.917969 0.534375 0.11875 0.20625 0.000238917
0 0.264844 0.326953 0.053125 0.171094 0.00024179
0 0.311328 0.702344 0.303906 0.226562 0.000241892
0 0.830078 0.588281 0.141406 0.120312 0.000252574
0 0.980078 0.308984 0.0398437 0.441406 0.000264476
0 0.767187 0.232812 0.114063 0.164062 0.000268347
0 0.141016 0.967188 0.0601562 0.065625 0.000270414
0 0.299609 0.233203 0.0648438 0.0867188 0.000274593
0 0.684766 0.612891 0.111719 0.166406 0.000283873
0 0.781641 0.216797 0.0726563 0.107031 0.000288695
0 0.839844 0.326562 0.0875 0.179688 0.000293347
0 0.342578 0.492578 0.124219 0.169531 0.00029422
0 0.680859 0.427734 0.161719 0.321094 0.000302637
0 0.263281 0.467187 0.0625 0.104687 0.000310495
0 0.885547 0.554688 0.0898438 0.114063 0.000313811
0 0.667578 0.344922 0.127344 0.217969 0.000319666
0 0.250391 0.489844 0.297656 0.445312 0.000321795
0 0.385547 0.190625 0.110156 0.125 0.000328491
0 0.699609 0.193359 0.175781 0.166406 0.000334959
0 0.574609 0.304297 0.167969 0.214844 0.000342017
0 0.251953 0.49375 0.0820312 0.20625 0.000348254
0 0.342578 0.213672 0.0867188 0.0898438 0.000351338
0 0.653125 0.221484 0.135937 0.253906 0.000360357
0 0.296875 0.427734 0.115625 0.155469 0.000381068
0 0.736719 0.154687 0.140625 0.176563 0.000383346
0 0.276172 0.391797 0.0804688 0.113281 0.000388418
0 0.686719 0.556641 0.1375 0.213281 0.000393383
0 0.262891 0.557422 0.0789063 0.116406 0.000406666
0 0.366016 0.153906 0.113281 0.117188 0.000428667
0 0.280469 0.614453 0.090625 0.102344 0.000543717
0 0.321094 0.203125 0.084375 0.090625 0.000549177
0 0.841797 0.317187 0.114844 0.28125 0.000557902
0 0.916016 0.586328 0.147656 0.191406 0.000559097
0 0.416406 0.633203 0.159375 0.197656 0.000592845
0 0.854688 0.617969 0.204688 0.160938 0.00060243
0 0.540234 0.275391 0.241406 0.364844 0.000633558
0 0.735156 0.539844 0.157813 0.19375 0.000641575
0 0.420312 0.192969 0.196875 0.235938 0.000663089
0 0.666797 0.148438 0.172656 0.173438 0.000668263
0 0.343359 0.2 0.130469 0.146875 0.000678623
0 0.634766 0.324609 0.117969 0.236719 0.000708254
0 0.320703 0.633984 0.150781 0.132031 0.00074952
0 0.276953 0.3625 0.116406 0.33125 0.000768514
0 0.801953 0.258594 0.102344 0.246875 0.000793433
0 0.416797 0.398828 0.211719 0.442969 0.000887695
0 0.273438 0.367188 0.0890625 0.209375 0.000890244
0 0.264844 0.615234 0.2875 0.299219 0.000987553
0 0.258984 0.661719 0.191406 0.18125 0.00100456
0 0.369922 0.297656 0.238281 0.392188 0.00107612
0 0.261328 0.594531 0.0851562 0.107813 0.00109783
0 0.317578 0.491797 0.139844 0.257031 0.00113925
0 0.320703 0.573438 0.146094 0.185937 0.00122618
0 0.574219 0.382422 0.223438 0.239844 0.00126904
0 0.3875 0.573047 0.132812 0.171094 0.00131712
0 0.382031 0.182031 0.170312 0.165625 0.00134189
0 0.720312 0.123828 0.23125 0.199219 0.00146335
0 0.883594 0.585938 0.140625 0.142188 0.00154966
0 0.261719 0.423828 0.0609375 0.103906 0.0016852
0 0.781641 0.194531 0.0960938 0.159375 0.00193291
0 0.721484 0.590625 0.146094 0.165625 0.00199643
0 0.364844 0.534766 0.148438 0.200781 0.00200697
0 0.638281 0.382422 0.154687 0.225781 0.00207569
0 0.646094 0.241406 0.182812 0.38125 0.0021692
0 0.791016 0.280469 0.172656 0.339063 0.00232881
0 0.250391 0.553125 0.100781 0.2375 0.0023729
0 0.253125 0.633594 0.128125 0.153125 0.00253745
0 0.810938 0.460547 0.3 0.433594 0.00295099
0 0.762109 0.203516 0.171094 0.246094 0.00301604
0 0.420703 0.521484 0.182031 0.321094 0.00341933
0 0.787891 0.564844 0.258594 0.185937 0.00387676
0 0.700781 0.360156 0.246875 0.4 0.0038837
0 0.266797 0.442578 0.0835937 0.186719 0.00556438
0 0.315234 0.404297 0.196094 0.497656 0.00601081
0 0.860156 0.405469 0.170312 0.45 0.0060663
0 0.887891 0.492969 0.153906 0.292188 0.00634609
0 0.703906 0.199609 0.229687 0.311719 0.00824675
0 0.379297 0.598437 0.213281 0.232812 0.00849431
0 0.276172 0.5 0.130469 0.29375 0.0177293
0 0.355859 0.502344 0.244531 0.342187 0.0189578
0 0.603906 0.30625 0.201562 0.326562 0.0224866
0 0.280078 0.602734 0.158594 0.194531 0.0240037
0 0.316406 0.635156 0.2375 0.179688 0.0274025
0 0.8625 0.555469 0.201562 0.198437 0.0430419
0 0.308984 0.548828 0.197656 0.282031 0.111296
