0 0.757422 0.258594 0.100781 0.154687 0.000100326
0 0.0363281 0.983594 0.0726563 0.0296875 0.000106676
0 0.840234 0.7375 0.136719 0.2125 0.000110407
0 0.383203 0.298438 0.167969 0.267188 0.000111997
0 0.763281 0.285547 0.071875 0.0882813 0.000115616
0 0.29375 0.511328 0.132812 0.247656 0.000115928
0 0.687109 0.701953 0.261719 0.332031 0.00011828
0 0.257422 0.453516 0.0929687 0.107031 0.000123651
0 0.224609 0.535937 0.128906 0.21875 0.000140904
0 0.742188 0.715625 0.08125 0.0984375 0.000147153
0 0.675781 0.745703 0.145313 0.174219 0.000152456
0 0.246875 0.367188 0.101562 0.204688 0.000165015
0 0.071875 0.735547 0.0375 0.0882813 0.000169404
0 0.176563 0.655469 0.096875 0.145313 0.000171794
0 0.241016 0.635156 0.0929687 0.107813 0.000184988
0 0.741016 0.576953 0.185156 0.219531 0.000192673
0 0.205859 0.597266 0.139844 0.219531 0.000199332
0 0.215234 0.658594 0.0929687 0.0984375 0.000202932
0 0.758984 0.696484 0.0914062 0.0945313 0.00021365
0 0.800391 0.513672 0.132031 0.278906 0.000215706
0 0.267188 0.703906 0.270312 0.178125 0.000225382
0 0.273438 0.4875 0.0859375 0.0953125 0.000248795
0 0.666406 0.684375 0.159375 0.2 0.000251874
0 0.263281 0.321484 0.090625 0.186719 0.000264458
0 0.7625 0.305469 0.0890625 0.14375 0.00028455
0 0.334766 0.610156 0.202344 0.204688 0.000294611
0 0.276953 0.632422 0.141406 0.152344 0.000321381
0 0.342969 0.266406 0.276563 0.367188 0.000325251
0 0.402344 0.238281 0.125 0.15625 0.000344803
0 0.789844 0.407813 0.125 0.345313 0.000352809
0 0.298047 0.242578 0.114844 0.152344 0.000372018
0 0.221875 0.700391 0.160938 0.130469 0.000381496
0 0.656641 0.216406 0.141406 0.196875 0.000385057
0 0.773828 0.729297 0.283594 0.307031 0.000385123
0 0.242969 0.430859 0.1125 0.196094 0.000386815
0 0.749219 0.301172 0.139062 0.194531 0.000387269
0 0.783203 0.597266 0.147656 0.280469 0.000417721
0 0.725 0.674219 0.145313 0.173438 0.000459873
0 0.220703 0.444922 0.147656 0.374219 0.000476603
0 0.798828 0.693359 0.144531 0.186719 0.000490908
0 0.712891 0.439844 0.249219 0.6125 0.000596398
0 0.827734 0.648047 0.166406 0.299219 0.000603929
0 0.276172 0.596484 0.191406 0.200781 0.000668614
0 0.770703 0.356641 0.110156 0.224219 0.000736697
0 0.182812 0.692187 0.0734375 0.078125 0.00101022
0 0.313281 0.261328 0.179688 0.203906 0.00147844
0 0.763281 0.69375 0.1375 0.139062 0.00160531
0 0.326953 0.434375 0.246094 0.5125 0.00165837
0 0.274609 0.271484 0.0914062 0.153906 0.00170607
0 0.255859 0.488672 0.130469 0.227344 0.0017638
0 0.69375 0.635938 0.1875 0.23125 0.00182823
0 0.196484 0.681641 0.107031 0.111719 0.00264636
0 0.758594 0.56875 0.275 0.414062 0.00268043
0 0.274219 0.614453 0.276563 0.288281 0.00276742
0 0.355469 0.227734 0.196875 0.191406 0.0027685
0 0.740234 0.708203 0.224219 0.197656 0.00316912
0 0.260156 0.368359 0.123438 0.366406 0.00537549
0 0.774219 0.488281 0.18125 0.490625 0.00580942
0 0.232031 0.641406 0.179688 0.182812 0.00885007
0 0.235938 0.548437 0.171875 0.340625 0.0255394
0 0.260547 0.448047 0.174219 0.500781 0.0383628
0 0.769531 0.648047 0.21875 0.261719 0.0408971
