0 0.177344 0.490625 0.140625 0.1875 0.000100471
0 0.714063 0.403906 0.084375 0.109375 0.000102254
0 0.746484 0.48125 0.283594 0.434375 0.000105271
0 0.779297 0.595312 0.0726563 0.115625 0.000106725
0 0.609766 0.400781 0.192969 0.279687 0.000108358
0 0.741406 0.745313 0.0859375 0.1125 0.000109301
0 0.653125 0.633594 0.078125 0.0953125 0.000118707
0 0.624219 0.327344 0.239063 0.284375 0.000119436
0 0.814453 0.761719 0.119531 0.2 0.000125108
0 0.745313 0.674609 0.0796875 0.0976562 0.000128542
0 0.720312 0.466797 0.1125 0.227344 0.00014639
0 0.260156 0.742969 0.0921875 0.09375 0.000146944
0 0.317578 0.573828 0.117969 0.203906 0.000147899
0 0.771875 0.825391 0.207813 0.183594 0.000149915
0 0.220313 0.56875 0.071875 0.104687 0.000152892
0 0.219141 0.614844 0.119531 0.201562 0.00015619
0 0.634766 0.578516 0.153906 0.188281 0.000156911
0 0.119141 0.572656 0.110156 0.195312 0.000158859
0 0.697656 0.383984 0.084375 0.107031 0.000160251
0 0.326953 0.635938 0.152344 0.304688 0.000161587
0 0.476953 0.356641 0.386719 0.500781 0.000165498
0 0.173047 0.635938 0.139844 0.275 0.000189333
0 0.760938 0.557031 0.104687 0.2125 0.000190985
0 0.272266 0.0835937 0.421094 0.167187 0.00019285
0 0.196875 0.44375 0.26875 0.3125 0.000193641
0 0.271094 0.401563 0.179688 0.23125 0.000198092
0 0.242578 0.510938 0.157031 0.176563 0.000198868
0 0.360156 0.473828 0.289062 0.477344 0.00020447
0 0.823828 0.729297 0.153906 0.321094 0.000213889
0 0.7 0.757812 0.15 0.171875 0.000219216
0 0.298828 0.65625 0.117969 0.16875 0.000221004
0 0.154687 0.533984 0.129688 0.238281 0.000221321
0 0.551562 0.472266 0.35625 0.585156 0.000223675
0 0.587891 0.761328 0.171094 0.213281 0.000225899
0 0.272266 0.0496094 0.361719 0.0992187 0.000229285
0 0.592578 0.487891 0.0929687 0.116406 0.000240533
0 0.812109 0.709375 0.278906 0.396875 0.000245258
0 0.780469 0.797656 0.0859375 0.09375 0.000252143
0 0.0953125 0.698047 0.0859375 0.114844 0.000252731
0 0.340234 0.0253906 0.222656 0.0507812 0.000256028
0 0.776563 0.635156 0.084375 0.1125 0.000259206
0 0.101172 0.785937 0.147656 0.229687 0.000259903
0 0.680859 0.368359 0.136719 0.139844 0.00027398
0 0.245312 0.658594 0.140625 0.254687 0.00028104
0 0.761719 0.65625 0.0828125 0.103125 0.000312283
0 0.33125 0.622656 0.3375 0.476562 0.000316807
0 0.2 0.551562 0.120312 0.209375 0.000317603
0 0.600781 0.482812 0.14375 0.220313 0.000338545
0 0.795703 0.701953 0.124219 0.222656 0.000348275
0 0.117188 0.707422 0.234375 0.347656 0.000360052
0 0.121094 0.535937 0.146875 0.320312 0.000365923
0 0.583984 0.638672 0.341406 0.532031 0.000366708
0 0.657031 0.677734 0.167187 0.205469 0.000387511
0 0.226562 0.7375 0.140625 0.134375 0.00041896
0 0.571875 0.471875 0.223438 0.357812 0.000421131
0 0.634766 0.739844 0.144531 0.190625 0.000495217
0 0.132031 0.660156 0.135937 0.21875 0.000498026
0 0.225781 0.789062 0.321875 0.217187 0.000505482
0 0.241016 0.570703 0.122656 0.211719 0.000563165
0 0.636328 0.634375 0.135156 0.173438 0.000604901
0 0.304297 0.529688 0.111719 0.13125 0.000639513
0 0.455469 0.547266 0.415625 0.738281 0.000684957
0 0.262891 0.721875 0.138281 0.157813 0.000717493
0 0.246875 0.494922 0.30625 0.488281 0.000742873
0 0.723828 0.700781 0.141406 0.240625 0.000883902
0 0.794531 0.799219 0.132812 0.148438 0.000936556
0 0.276563 0.758984 0.192188 0.163281 0.000953318
0 0.587891 0.55 0.175781 0.296875 0.000965419
0 0.760547 0.778516 0.0867188 0.0976562 0.00102622
0 0.7625 0.679688 0.114063 0.203125 0.00102862
0 0.713281 0.801172 0.275 0.197656 0.00108063
0 0.726562 0.527734 0.173438 0.367969 0.00111119
0 0.0910156 0.607813 0.152344 0.459375 0.00113916
0 0.290625 0.689062 0.16875 0.242188 0.00156433
0 0.644141 0.487109 0.232031 0.382031 0.00162679
0 0.699609 0.405859 0.138281 0.183594 0.00163194
0 0.776172 0.617188 0.103906 0.21875 0.00171445
0 0.300391 0.56875 0.160156 0.309375 0.00175571
0 0.267188 0.495703 0.203125 0.358594 0.00229923
0 0.143359 0.750781 0.221094 0.239063 0.00249961
0 0.602344 0.626172 0.153125 0.241406 0.00325041
0 0.605078 0.702734 0.161719 0.232031 0.00400597
0 0.657812 0.760938 0.24375 0.23125 0.00446354
0 0.760156 0.778906 0.14375 0.148438 0.00462959
0 0.646875 0.652734 0.221875 0.344531 0.00508494
0 0.229297 0.729688 0.238281 0.201562 0.00623648
0 0.182031 0.572656 0.242188 0.453125 0.00748146
0 0.25625 0.631641 0.220313 0.342969 0.0153792
0 0.691406 0.573438 0.26875 0.514063 0.0161581
0 0.766797 0.750391 0.183594 0.246094 0.0235263
0 0.767578 0.665625 0.155469 0.335938 0.0237387
0 0.101172 0.703906 0.132031 0.265625 0.0268074
0 0.190234 0.689844 0.299219 0.314063 0.0363699
0 0.130859 0.647656 0.172656 0.353125 0.0608488
0 0.711328 0.714453 0.269531 0.286719 0.0641003
