0 0.928125 0.782812 0.14375 0.434375 0.000101118
0 0.260156 0.699219 0.148438 0.195312 0.000105141
0 0.323828 0.780859 0.216406 0.191406 0.000106058
0 0.683984 0.35625 0.166406 0.132812 0.000112975
0 0.707812 0.930469 0.198437 0.139062 0.000114194
0 0.888281 0.687109 0.217187 0.577344 0.000115549
0 0.701953 0.658203 0.146094 0.230469 0.000117493
0 0.671875 0.646094 0.198437 0.423438 0.000121616
0 0.281641 0.825391 0.216406 0.188281 0.000125644
0 0.286328 0.399219 0.121094 0.1125 0.000131845
0 0.360938 0.824609 0.185937 0.207031 0.000133762
0 0.830859 0.552344 0.305469 0.540625 0.000135912
0 0.344141 0.392188 0.185156 0.15625 0.000137882
0 0.161328 0.861328 0.197656 0.277344 0.00014837
0 0.777344 0.553125 0.184375 0.192188 0.000149574
0 0.0289063 0.892578 0.0578125 0.214844 0.000155446
0 0.689453 0.873047 0.186719 0.227344 0.000155574
0 0.693359 0.639844 0.291406 0.589063 0.000156378
0 0.740625 0.514063 0.19375 0.1875 0.000165297
0 0.0453125 0.819531 0.090625 0.360938 0.000186445
0 0.689453 0.403516 0.203906 0.227344 0.00020297
0 0.342578 0.472656 0.247656 0.284375 0.000208292
0 0.294531 0.405469 0.173438 0.171875 0.000211187
0 0.250391 0.464063 0.177344 0.240625 0.000214412
0 0.263281 0.758984 0.23125 0.205469 0.00021486
0 0.798047 0.481641 0.185156 0.280469 0.000222713
0 0.373828 0.647266 0.282031 0.642969 0.000281288
0 0.827734 0.692578 0.242969 0.382031 0.000290682
0 0.762109 0.660937 0.146094 0.207813 0.000303876
0 0.163672 0.9375 0.210156 0.125 0.000307068
0 0.219141 0.979297 0.192969 0.0414063 0.00031529
0 0.845703 0.859375 0.228906 0.276563 0.000330082
0 0.776172 0.960156 0.264844 0.0796875 0.000345019
0 0.304688 0.958594 0.2625 0.0828125 0.000361682
0 0.244922 0.655078 0.196094 0.196094 0.000380196
0 0.69375 0.782422 0.232812 0.399219 0.000384969
0 0.758594 0.695312 0.226562 0.203125 0.000394336
0 0.210156 0.651953 0.192188 0.385156 0.000436078
0 0.686719 0.5375 0.185937 0.251563 0.000447227
0 0.760938 0.613672 0.215625 0.189844 0.000459125
0 0.201562 0.907031 0.20625 0.184375 0.000505405
0 0.794922 0.566797 0.224219 0.319531 0.00062481
0 0.379687 0.775 0.217187 0.401563 0.000657527
0 0.305078 0.567969 0.280469 0.3625 0.000793725
0 0.198437 0.964453 0.215625 0.0710938 0.000811438
0 0.842188 0.798047 0.304688 0.403906 0.00103895
0 0.785156 0.919141 0.278125 0.161719 0.0015555
0 0.725 0.471875 0.254687 0.326562 0.00156386
0 0.306641 0.534766 0.327344 0.664844 0.00168477
0 0.241797 0.945312 0.242969 0.109375 0.00186464
0 0.193359 0.788672 0.211719 0.422656 0.00210997
0 0.340234 0.855469 0.285156 0.282813 0.00289136
0 0.746875 0.861328 0.273438 0.275781 0.00314437
0 0.735547 0.614062 0.249219 0.321875 0.00416261
0 0.278516 0.661719 0.253906 0.334375 0.0049099
0 0.284766 0.919141 0.319531 0.161719 0.00848519
0 0.242969 0.860937 0.2875 0.278125 0.0139343
0 0.291797 0.722656 0.335156 0.535937 0.361765
0 0.764063 0.726172 0.304688 0.538281 0.418763
