0 0.782422 0.662891 0.311719 0.352344 0.000100519
0 0.632031 0.603516 0.110937 0.164844 0.000100749
0 0.897266 0.0960938 0.205469 0.192188 0.000100887
0 0.670703 0.652734 0.157031 0.142969 0.000104787
0 0.278125 0.533203 0.139062 0.225781 0.000110117
0 0.342969 0.359766 0.210938 0.330469 0.000116184
0 0.0769531 0.0359375 0.153906 0.071875 0.000119926
0 0.323047 0.605469 0.286719 0.326562 0.000123497
0 0.813672 0.469922 0.130469 0.205469 0.000125101
0 0.803516 0.586719 0.139844 0.190625 0.000128309
0 0.271094 0.667969 0.21875 0.182812 0.000132071
0 0.646875 0.385156 0.0765625 0.090625 0.000133108
0 0.236719 0.552344 0.146875 0.260938 0.000146645
0 0.664844 0.367578 0.173438 0.217969 0.000156944
0 0.266797 0.66875 0.291406 0.284375 0.000163634
0 0.93125 0.06875 0.135937 0.1375 0.000167965
0 0.826172 0.410937 0.196094 0.492188 0.000168441
0 0.722656 0.322656 0.146875 0.167187 0.0001761
0 0.234766 0.393359 0.144531 0.203906 0.00018148
0 0.196875 0.594531 0.165625 0.203125 0.00019383
0 0.0742188 0.102344 0.148438 0.204688 0.000197671
0 0.340625 0.639063 0.179688 0.16875 0.000201701
0 0.660547 0.523438 0.178906 0.292188 0.000204339
0 0.375391 0.482422 0.138281 0.283594 0.000217506
0 0.657812 0.575391 0.129688 0.178906 0.000225999
0 0.146875 0.668359 0.173438 0.246094 0.000240238
0 0.352344 0.267969 0.120312 0.132812 0.000255578
0 0.312891 0.392188 0.299219 0.51875 0.000262703
0 0.185156 0.48125 0.284375 0.3875 0.000271435
0 0.350391 0.251563 0.0820312 0.08125 0.000281705
0 0.675 0.303906 0.228125 0.254687 0.000283988
0 0.280078 0.628906 0.0773437 0.0828125 0.000296197
0 0.763672 0.567578 0.149219 0.203906 0.000296827
0 0.144922 0.0375 0.277344 0.075 0.00030669
0 0.673828 0.384766 0.117969 0.141406 0.000308043
0 0.183984 0.187109 0.367969 0.374219 0.000326386
0 0.701953 0.405469 0.199219 0.207813 0.000333691
0 0.683594 0.535156 0.3 0.440625 0.000345978
0 0.274219 0.410547 0.19375 0.144531 0.000366324
0 0.273828 0.487109 0.196094 0.217969 0.000370042
0 0.6625 0.437891 0.142188 0.222656 0.000384018
0 0.288672 0.321484 0.228906 0.291406 0.000403427
0 0.764453 0.624609 0.244531 0.197656 0.000415094
0 0.766406 0.430469 0.139062 0.257812 0.0004159
0 0.664062 0.435937 0.215625 0.3125 0.000428774
0 0.233203 0.427734 0.0945313 0.107031 0.000436589
0 0.216016 0.462891 0.0914062 0.113281 0.000451458
0 0.385547 0.422656 0.0945313 0.129688 0.000492223
0 0.111719 0.0613281 0.223438 0.122656 0.00054934
0 0.761719 0.334375 0.139062 0.242188 0.000553134
0 0.354688 0.404687 0.160938 0.196875 0.000558725
0 0.193359 0.4 0.158594 0.271875 0.000619431
0 0.342969 0.567187 0.159375 0.209375 0.000646357
0 0.207031 0.650781 0.221875 0.204688 0.000903844
0 0.280469 0.629297 0.13125 0.130469 0.000936649
0 0.143359 0.125781 0.278906 0.25 0.00116602
0 0.829297 0.550781 0.199219 0.314063 0.00159132
0 0.728906 0.367969 0.217187 0.340625 0.00159967
0 0.695312 0.600781 0.189063 0.178125 0.00170132
0 0.175391 0.597266 0.194531 0.363281 0.00196394
0 0.270312 0.607813 0.198437 0.184375 0.00200895
0 0.203906 0.432422 0.090625 0.105469 0.00240136
0 0.317187 0.479297 0.228125 0.330469 0.00257704
0 0.176172 0.525781 0.142969 0.317187 0.0029109
0 0.710156 0.40625 0.296875 0.5 0.0041101
0 0.742188 0.553125 0.25625 0.292188 0.00664034
0 0.786719 0.491016 0.142188 0.289844 0.00857218
0 0.2625 0.423438 0.234375 0.259375 0.00929882
0 0.255078 0.530078 0.289844 0.367969 0.0143565
0 0.215625 0.437891 0.139062 0.146094 0.0271449
0 0.217578 0.482422 0.171094 0.247656 0.0789621
0 0.775 0.469531 0.203125 0.40625 0.372923
