0 0.98125 0.405078 0.034375 0.264844 0.000100715
0 0.195312 0.507812 0.126563 0.240625 0.000101869
0 0.530469 0.905469 0.15 0.1625 0.00010398
0 0.154297 0.938281 0.277344 0.123438 0.000105851
0 0.240234 0.30625 0.172656 0.2375 0.0001062
0 0.0207031 0.885547 0.0414063 0.219531 0.000106728
0 0.492969 0.0757812 0.28125 0.15 0.000111891
0 0.578125 0.576172 0.14375 0.164844 0.000112217
0 0.608594 0.195312 0.43125 0.390625 0.000113865
0 0.0402344 0.480078 0.0804688 0.275781 0.00011828
0 0.754687 0.756641 0.235938 0.486719 0.00011892
0 0.544922 0.300391 0.252344 0.305469 0.000120457
0 0.965234 0.287891 0.0695312 0.575781 0.000120535
0 0.821875 0.0515625 0.140625 0.0984375 0.000122619
0 0.720312 0.0515625 0.275 0.096875 0.000126234
0 0.0402344 0.937891 0.0804688 0.124219 0.000130338
0 0.754687 0.564062 0.303125 0.720312 0.000133555
0 0.966016 0.957031 0.0679687 0.0859375 0.000133995
0 0.905469 0.0652344 0.189063 0.130469 0.000135204
0 0.0417969 0.891797 0.0757812 0.117969 0.000137738
0 0.538281 0.48125 0.217187 0.4375 0.000138065
0 0.688281 0.594141 0.126563 0.210156 0.000139462
0 0.783594 0.0675781 0.142188 0.127344 0.000141358
0 0.510547 0.675 0.405469 0.65 0.000149574
0 0.892969 0.775391 0.214062 0.449219 0.000150262
0 0.148828 0.0609375 0.297656 0.11875 0.000151079
0 0.15 0.328906 0.260938 0.296875 0.000156845
0 0.674609 0.671484 0.135156 0.258594 0.000161579
0 0.905859 0.961719 0.188281 0.0765625 0.000164547
0 0.108594 0.71875 0.090625 0.09375 0.000168294
0 0.485938 0.1875 0.332812 0.373437 0.00017304
0 0.651172 0.803516 0.132031 0.225781 0.000184532
0 0.969141 0.547656 0.0585938 0.235938 0.000185504
0 0.973828 0.803125 0.0523437 0.39375 0.000186598
0 0.606641 0.065625 0.402344 0.13125 0.000196692
0 0.730469 0.930078 0.164062 0.139844 0.000201612
0 0.970703 0.902734 0.0585938 0.194531 0.000212472
0 0.0417969 0.735937 0.0835937 0.1875 0.000215147
0 0.151172 0.449609 0.139844 0.238281 0.000215373
0 0.0867188 0.40625 0.170312 0.304688 0.000219387
0 0.811328 0.937891 0.324219 0.124219 0.000223038
0 0.0949219 0.549609 0.139844 0.241406 0.000232359
0 0.0738281 0.615625 0.128906 0.282813 0.000239085
0 0.609375 0.396094 0.275 0.367188 0.000239123
0 0.148438 0.529297 0.154687 0.178906 0.000239423
0 0.912109 0.901563 0.175781 0.196875 0.000243167
0 0.575 0.763672 0.135937 0.224219 0.000253534
0 0.539062 0.56875 0.167187 0.221875 0.000256902
0 0.153906 0.717578 0.203125 0.163281 0.000261048
0 0.221484 0.930469 0.153906 0.128125 0.000269253
0 0.196094 0.352344 0.198437 0.1875 0.000274374
0 0.981641 0.488281 0.0351562 0.25 0.000278218
0 0.0558594 0.68125 0.0992187 0.182812 0.000278317
0 0.216797 0.882031 0.122656 0.201562 0.000278779
0 0.7625 0.873047 0.279687 0.253906 0.000280934
0 0.617188 0.671875 0.198437 0.20625 0.000283409
0 0.548828 0.36875 0.194531 0.23125 0.000290428
0 0.223828 0.737891 0.130469 0.171094 0.000301141
0 0.227344 0.45625 0.1625 0.290625 0.000316364
0 0.543359 0.121484 0.342969 0.235156 0.000327211
0 0.842188 0.0328125 0.225 0.065625 0.000328295
0 0.255078 0.658203 0.158594 0.386719 0.000332746
0 0.169922 0.564062 0.224219 0.359375 0.000338412
0 0.945703 0.761328 0.107031 0.477344 0.000368615
0 0.801172 0.0203125 0.191406 0.040625 0.00040162
0 0.978906 0.683594 0.0421875 0.460938 0.000410926
0 0.0917969 0.678125 0.138281 0.23125 0.000426597
0 0.85 0.0878906 0.3 0.174219 0.000427865
0 0.180469 0.803516 0.140625 0.230469 0.000443372
0 0.95 0.487891 0.0984375 0.258594 0.000445514
0 0.614453 0.780469 0.141406 0.228125 0.000479483
0 0.944922 0.938281 0.110156 0.123438 0.000560222
0 0.0445312 0.606641 0.0859375 0.400781 0.000573378
0 0.526953 0.782422 0.152344 0.253906 0.000576589
0 0.671094 0.485938 0.310937 0.532812 0.000586795
0 0.684375 0.8875 0.242188 0.221875 0.000588458
0 0.0695312 0.721094 0.0921875 0.104687 0.000591805
0 0.569531 0.882812 0.221875 0.225 0.000603149
0 0.717969 0.0816406 0.43125 0.160156 0.000611688
0 0.253516 0.692578 0.130469 0.210156 0.000658952
0 0.930078 0.314844 0.139844 0.629687 0.000681111
0 0.621484 0.596094 0.147656 0.184375 0.000706019
0 0.596875 0.824609 0.209375 0.213281 0.00070774
0 0.0816406 0.905469 0.0929687 0.109375 0.00073778
0 0.108984 0.736328 0.155469 0.152344 0.00080314
0 0.0421875 0.866016 0.084375 0.242969 0.000809979
0 0.112891 0.824219 0.149219 0.2625 0.000816961
0 0.701172 0.605469 0.167969 0.3375 0.00096508
0 0.776563 0.0394531 0.198437 0.0773437 0.000966197
0 0.933594 0.609375 0.132812 0.734375 0.000976442
0 0.222266 0.73125 0.158594 0.292188 0.00117368
0 0.972266 0.558984 0.0554687 0.457031 0.00123067
0 0.177734 0.409375 0.249219 0.328125 0.00123988
0 0.174609 0.864844 0.194531 0.2125 0.00172204
0 0.580469 0.609766 0.234375 0.252344 0.00182864
0 0.801562 0.0578125 0.279687 0.114063 0.00197213
0 0.550391 0.728125 0.214844 0.465625 0.00217503
0 0.114453 0.491016 0.142969 0.222656 0.00228691
0 0.208594 0.608984 0.254687 0.671094 0.00228884
0 0.071875 0.720703 0.120312 0.161719 0.002299
0 0.0507812 0.726562 0.101562 0.346875 0.00274473
0 0.66875 0.532812 0.148438 0.31875 0.00274818
0 0.16875 0.733594 0.245312 0.395312 0.00281353
0 0.967969 0.434375 0.0640625 0.428125 0.0035967
0 0.211328 0.818359 0.185156 0.324219 0.00426677
0 0.945312 0.435937 0.109375 0.50625 0.0043023
0 0.0835937 0.567578 0.165625 0.449219 0.0049088
0 0.582812 0.565625 0.271875 0.635938 0.00559227
0 0.703125 0.6875 0.217187 0.601562 0.00597168
0 0.621875 0.828906 0.315625 0.339063 0.00639948
0 0.645703 0.605469 0.169531 0.2875 0.0112729
0 0.0738281 0.728516 0.147656 0.505469 0.0129412
0 0.125 0.473437 0.214062 0.320312 0.01506
0 0.118359 0.903906 0.236719 0.18125 0.0157848
0 0.645312 0.569531 0.192188 0.51875 0.0167916
0 0.0613281 0.914453 0.117969 0.150781 0.0197994
0 0.0730469 0.852734 0.141406 0.280469 0.0463198
0 0.130078 0.819141 0.257031 0.341406 0.0932155
0 0.132031 0.645703 0.25625 0.667969 0.106729
0 0.621484 0.709766 0.260156 0.516406 0.241637
