0 0.586328 0.308984 0.135156 0.241406 0.000100536
0 0.875391 0.857422 0.244531 0.285156 0.000102247
0 0.698438 0.655469 0.0859375 0.1125 0.000102911
0 0.277344 0.751172 0.326562 0.283594 0.000104123
0 0.242188 0.280078 0.075 0.103906 0.000104594
0 0.595312 0.221875 0.170312 0.232812 0.000105901
0 0.201562 0.471094 0.107813 0.192188 0.000106068
0 0.175781 0.633594 0.08125 0.107813 0.00010657
0 0.810938 0.60625 0.315625 0.78125 0.000107536
0 0.343359 0.385547 0.105469 0.210156 0.000107813
0 0.638672 0.28125 0.0789063 0.101562 0.000107972
0 0.717188 0.553906 0.0890625 0.2 0.000108952
0 0.261719 0.250781 0.1375 0.217187 0.000111601
0 0.676172 0.409375 0.280469 0.540625 0.000112273
0 0.323047 0.342969 0.113281 0.171875 0.000112397
0 0.165234 0.441016 0.202344 0.567969 0.00011336
0 0.178906 0.549609 0.078125 0.105469 0.000113955
0 0.233594 0.468359 0.110937 0.239844 0.000123268
0 0.323047 0.199219 0.135156 0.13125 0.000123445
0 0.282031 0.343359 0.103125 0.180469 0.000128366
0 0.616016 0.16875 0.0914062 0.110937 0.000132756
0 0.697266 0.469922 0.0898438 0.163281 0.000137428
0 0.282813 0.237891 0.120312 0.144531 0.000144721
0 0.222656 0.725781 0.254687 0.195312 0.000148999
0 0.637891 0.596875 0.117969 0.215625 0.000149044
0 0.320703 0.5125 0.107031 0.157813 0.000151674
0 0.301953 0.309766 0.307031 0.383594 0.000159225
0 0.745313 0.728125 0.16875 0.345313 0.000167909
0 0.235938 0.384766 0.107813 0.205469 0.000168615
0 0.942969 0.623828 0.107813 0.736719 0.000168784
0 0.871094 0.707422 0.25 0.585156 0.000171749
0 0.259766 0.261719 0.0929687 0.125 0.000175412
0 0.639844 0.239063 0.06875 0.0890625 0.000176003
0 0.376563 0.266016 0.129688 0.203906 0.000176397
0 0.658984 0.360938 0.0945313 0.173438 0.000181789
0 0.123047 0.605078 0.197656 0.535156 0.000182949
0 0.235547 0.532812 0.135156 0.245312 0.000191188
0 0.299609 0.716016 0.174219 0.152344 0.000191979
0 0.380469 0.309766 0.189063 0.408594 0.000193787
0 0.302734 0.553516 0.124219 0.216406 0.00020579
0 0.681641 0.46875 0.110156 0.24375 0.000245676
0 0.573828 0.694922 0.177344 0.167969 0.000249499
0 0.692969 0.244922 0.071875 0.127344 0.000253584
0 0.730859 0.676562 0.107031 0.25 0.000254672
0 0.240625 0.654688 0.142188 0.171875 0.000264736
0 0.630859 0.194922 0.0976562 0.124219 0.000276729
0 0.677344 0.319141 0.075 0.108594 0.000282336
0 0.34375 0.239844 0.129688 0.145313 0.0002842
0 0.637891 0.322656 0.110156 0.171875 0.000285538
0 0.392969 0.475 0.31875 0.70625 0.000297722
0 0.208203 0.403125 0.114844 0.279687 0.000298256
0 0.335938 0.519531 0.15 0.345313 0.000317956
0 0.757031 0.709766 0.307813 0.453906 0.000341215
0 0.971875 0.475391 0.0546875 0.663281 0.000343251
0 0.658203 0.263672 0.0773437 0.0992187 0.000359258
0 0.616406 0.752734 0.276563 0.217969 0.000368886
0 0.614844 0.348047 0.1375 0.244531 0.00037523
0 0.698828 0.307031 0.0773437 0.14375 0.000411661
0 0.717969 0.616797 0.096875 0.202344 0.000416818
0 0.278125 0.676953 0.173438 0.161719 0.000432597
0 0.576563 0.614062 0.18125 0.296875 0.000437603
0 0.640234 0.239844 0.103906 0.15625 0.000442346
0 0.68125 0.574609 0.128125 0.258594 0.00044506
0 0.259375 0.596484 0.192188 0.217969 0.000453572
0 0.617969 0.397266 0.173438 0.427344 0.000456795
0 0.638672 0.658203 0.141406 0.224219 0.00047821
0 0.337891 0.629297 0.335156 0.389844 0.000479265
0 0.444922 0.632031 0.344531 0.448438 0.000480593
0 0.742578 0.60625 0.139844 0.517187 0.000481525
0 0.198437 0.673437 0.139062 0.15625 0.000485689
0 0.704687 0.442969 0.10625 0.35 0.000492814
0 0.686719 0.752344 0.3125 0.328125 0.000527496
0 0.620313 0.274609 0.132812 0.192969 0.000535754
0 0.182422 0.532422 0.103906 0.236719 0.00054153
0 0.240625 0.310156 0.104687 0.2 0.000554616
0 0.344141 0.396094 0.161719 0.446875 0.00062127
0 0.657812 0.716406 0.173438 0.182812 0.000699973
0 0.312109 0.246484 0.152344 0.192969 0.000833156
0 0.336328 0.298828 0.149219 0.239844 0.00100033
0 0.623438 0.520312 0.217187 0.515625 0.00109704
0 0.697266 0.657031 0.124219 0.204688 0.00114066
0 0.681641 0.350391 0.114844 0.249219 0.00123761
0 0.284375 0.298438 0.164062 0.226562 0.001311
0 0.663672 0.645703 0.286719 0.374219 0.00133684
0 0.197266 0.598437 0.127344 0.210938 0.00135512
0 0.31875 0.623438 0.1875 0.279687 0.00149745
0 0.228906 0.444922 0.159375 0.446094 0.00171108
0 0.678516 0.282031 0.0867188 0.132812 0.00178391
0 0.174219 0.667969 0.14375 0.242188 0.00190184
0 0.712109 0.572656 0.111719 0.354688 0.00203071
0 0.281641 0.411719 0.214844 0.457812 0.00233902
0 0.664062 0.287891 0.121875 0.191406 0.00288506
0 0.691797 0.735156 0.188281 0.270312 0.00295146
0 0.25625 0.661719 0.24375 0.248437 0.00351147
0 0.616797 0.684375 0.235156 0.2375 0.00414559
0 0.197266 0.530469 0.147656 0.384375 0.00507684
0 0.680469 0.477734 0.151562 0.511719 0.00745603
0 0.255469 0.558594 0.234375 0.36875 0.0108882
0 0.689062 0.642578 0.164062 0.317969 0.0143328
0 0.210938 0.616406 0.192188 0.289062 0.0307817
