0 0.259375 0.677734 0.15 0.163281 0.00010101
0 0.301953 0.760156 0.0820312 0.0984375 0.000101033
0 0.722656 0.304297 0.05625 0.0820312 0.000102073
0 0.745313 0.498828 0.2875 0.480469 0.000102373
0 0.719922 0.342969 0.0976562 0.117188 0.000103688
0 0.174609 0.653125 0.105469 0.164062 0.000104759
0 0.231641 0.369531 0.0976562 0.1125 0.000106375
0 0.740625 0.634375 0.0875 0.10625 0.000108638
0 0.344531 0.403125 0.142188 0.192188 0.000109017
0 0.0152344 0.948047 0.0304688 0.103906 0.000109878
0 0.808203 0.711719 0.288281 0.576563 0.000112834
0 0.797266 0.845312 0.117969 0.232812 0.000112926
0 0.301562 0.632031 0.145313 0.170312 0.000115683
0 0.953516 0.801562 0.0929687 0.35625 0.000123955
0 0.718359 0.473828 0.155469 0.175781 0.000128925
0 0.905859 0.0351562 0.180469 0.0703125 0.000133698
0 0.0257812 0.813672 0.05 0.366406 0.000136136
0 0.0441406 0.733984 0.0882813 0.532031 0.000137436
0 0.238672 0.854688 0.144531 0.157813 0.000137943
0 0.663672 0.90625 0.271094 0.1875 0.000138269
0 0.177734 0.841016 0.0882813 0.110156 0.00014578
0 0.773438 0.676562 0.126563 0.204688 0.000146282
0 0.972656 0.684766 0.0546875 0.249219 0.000146408
0 0.973047 0.896484 0.0539063 0.207031 0.00014841
0 0.803906 0.637891 0.182812 0.396094 0.000155377
0 0.0835937 0.857031 0.146875 0.260938 0.000156625
0 0.809766 0.786719 0.183594 0.389062 0.000157511
0 0.194141 0.548828 0.0867188 0.111719 0.000161996
0 0.796094 0.903125 0.104687 0.146875 0.000162111
0 0.73125 0.927344 0.217187 0.1375 0.0001628
0 0.725 0.0433594 0.335938 0.0835937 0.000164107
0 0.655859 0.741406 0.141406 0.226562 0.000165888
0 0.777734 0.759766 0.125781 0.236719 0.000173797
0 0.241406 0.876562 0.239063 0.190625 0.000182208
0 0.635156 0.591016 0.128125 0.216406 0.000191999
0 0.718359 0.762109 0.158594 0.197656 0.000207806
0 0.621094 0.450781 0.154687 0.259375 0.000215647
0 0.698828 0.674609 0.180469 0.188281 0.000223167
0 0.739844 0.549609 0.084375 0.116406 0.000252485
0 0.310937 0.789062 0.292188 0.31875 0.000265938
0 0.173828 0.560547 0.283594 0.628906 0.000268035
0 0.283984 0.567969 0.219531 0.2 0.000268424
0 0.181641 0.575391 0.0835937 0.121094 0.00027103
0 0.132031 0.848437 0.1625 0.220313 0.000275544
0 0.158984 0.679297 0.127344 0.266406 0.000285489
0 0.929297 0.0597656 0.141406 0.119531 0.000296794
0 0.680078 0.591797 0.147656 0.228906 0.000305065
0 0.737109 0.5125 0.0804688 0.10625 0.000308502
0 0.719531 0.353906 0.0515625 0.0625 0.000308742
0 0.610156 0.705078 0.142188 0.222656 0.000317156
0 0.628906 0.845703 0.207813 0.224219 0.000346098
0 0.270703 0.417969 0.189844 0.214062 0.000355824
0 0.811328 0.0332031 0.249219 0.0664062 0.000356572
0 0.742578 0.715234 0.138281 0.239844 0.000363248
0 0.608203 0.790625 0.149219 0.239063 0.000367727
0 0.334375 0.480078 0.171875 0.247656 0.000371429
0 0.867578 0.0496094 0.264844 0.0992187 0.000380926
0 0.175781 0.614062 0.084375 0.11875 0.000401861
0 0.160547 0.78125 0.136719 0.246875 0.000422222
0 0.758203 0.822656 0.138281 0.246875 0.000426915
0 0.301562 0.699219 0.135937 0.25 0.000426975
0 0.242578 0.740625 0.146094 0.245312 0.000442664
0 0.202344 0.515625 0.114063 0.13125 0.00044798
0 0.128906 0.772656 0.185937 0.396875 0.000503856
0 0.221484 0.43125 0.111719 0.204688 0.000595818
0 0.612109 0.540625 0.122656 0.221875 0.000601454
0 0.627734 0.602344 0.172656 0.348437 0.000640245
0 0.676172 0.802734 0.146094 0.225781 0.000661191
0 0.314453 0.849219 0.192969 0.196875 0.000719787
0 0.337891 0.6 0.157031 0.232812 0.000743145
0 0.216797 0.392188 0.0789063 0.10625 0.000776927
0 0.720312 0.842969 0.140625 0.189063 0.00081791
0 0.2 0.760547 0.14375 0.249219 0.000819833
0 0.688672 0.424609 0.194531 0.336719 0.000822977
0 0.761328 0.888281 0.153906 0.165625 0.000914097
0 0.722656 0.630469 0.1625 0.18125 0.00114895
0 0.205078 0.485156 0.135156 0.24375 0.00118119
0 0.736719 0.516016 0.109375 0.158594 0.00128863
0 0.299609 0.565234 0.230469 0.353906 0.00131871
0 0.722656 0.334375 0.05625 0.0671875 0.00132875
0 0.213672 0.552344 0.155469 0.1875 0.00186558
0 0.755469 0.589063 0.13125 0.2125 0.00226915
0 0.262891 0.489844 0.221094 0.2625 0.00280251
0 0.657812 0.487891 0.185937 0.224219 0.00297385
0 0.659766 0.772656 0.222656 0.323438 0.00377665
0 0.257422 0.821875 0.225781 0.190625 0.00403713
0 0.299609 0.688672 0.214844 0.399219 0.00448473
0 0.296094 0.771094 0.165625 0.257812 0.00491117
0 0.266406 0.529297 0.2625 0.578906 0.00538881
0 0.195312 0.838281 0.204688 0.192188 0.00762583
0 0.704297 0.839844 0.230469 0.24375 0.0094649
0 0.752344 0.755078 0.201562 0.435156 0.0116216
0 0.165625 0.687891 0.171875 0.457031 0.0122476
0 0.728125 0.536328 0.159375 0.230469 0.013028
0 0.184766 0.594531 0.133594 0.221875 0.015491
0 0.684375 0.549219 0.24375 0.307813 0.0263446
0 0.211328 0.571484 0.178906 0.325781 0.0269024
0 0.749609 0.619922 0.161719 0.349219 0.0546314
0 0.221484 0.782031 0.252344 0.289062 0.056041
0 0.23125 0.660937 0.271875 0.496875 0.147109
0 0.708594 0.65625 0.242188 0.48125 0.163934
