0 0.260547 0.551562 0.0882813 0.110937 0.000105875
0 0.975781 0.439453 0.0484375 0.497656 0.000106219
0 0.702344 0.585547 0.142188 0.178906 0.000107382
0 0.33125 0.215234 0.175 0.252344 0.000108627
0 0.733203 0.630078 0.119531 0.160156 0.000114221
0 0.946875 0.685547 0.1 0.628906 0.000115001
0 0.719531 0.550781 0.0828125 0.1125 0.000118794
0 0.594922 0.0320312 0.242969 0.0640625 0.000118896
0 0.720312 0.0308594 0.239063 0.0617188 0.000125006
0 0.646484 0.0472656 0.319531 0.0945313 0.00013586
0 0.282813 0.531641 0.0859375 0.113281 0.000138422
0 0.789453 0.563281 0.182031 0.290625 0.00014367
0 0.617969 0.130469 0.20625 0.210938 0.000146439
0 0.592969 0.596094 0.14375 0.185937 0.000160371
0 0.241016 0.387109 0.132031 0.244531 0.000160534
0 0.973437 0.8 0.053125 0.4 0.000161889
0 0.283594 0.433203 0.145313 0.277344 0.000176411
0 0.194531 0.548828 0.282813 0.363281 0.000192053
0 0.660937 0.322266 0.203125 0.194531 0.000196319
0 0.269531 0.617578 0.229687 0.192969 0.000207319
0 0.176953 0.5125 0.0835937 0.103125 0.000214421
0 0.609766 0.229687 0.202344 0.303125 0.00021455
0 0.212891 0.364062 0.172656 0.41875 0.000253475
0 0.680078 0.45 0.133594 0.282813 0.000282219
0 0.718359 0.364062 0.0867188 0.110937 0.000282675
0 0.284375 0.586719 0.140625 0.142188 0.000286125
0 0.675391 0.251953 0.208594 0.289844 0.000300264
0 0.336719 0.510938 0.128125 0.25 0.000319687
0 0.303516 0.550391 0.0898438 0.110156 0.000326964
0 0.785937 0.477344 0.232812 0.470313 0.000339753
0 0.699219 0.530859 0.0828125 0.103906 0.000341727
0 0.311719 0.315625 0.203125 0.457812 0.000634055
0 0.664453 0.512891 0.136719 0.224219 0.000653892
0 0.629687 0.478125 0.260938 0.425 0.000681633
0 0.717578 0.427344 0.133594 0.2875 0.000792233
0 0.322656 0.588281 0.145313 0.190625 0.000801659
0 0.180859 0.513281 0.105469 0.164062 0.000812891
0 0.622656 0.557031 0.20625 0.2375 0.000871665
0 0.201172 0.548828 0.139844 0.192969 0.00110055
0 0.196094 0.479297 0.153125 0.269531 0.00116717
0 0.328516 0.445703 0.177344 0.400781 0.0016358
0 0.750781 0.562109 0.146875 0.216406 0.00211216
0 0.7 0.530469 0.125 0.179688 0.00235493
0 0.244141 0.530469 0.150781 0.189063 0.00288848
0 0.717188 0.346484 0.123438 0.192969 0.00361309
0 0.656641 0.340625 0.253906 0.515625 0.00635702
0 0.296875 0.530859 0.1625 0.197656 0.00815061
0 0.697656 0.345703 0.176563 0.285156 0.0104061
0 0.692187 0.554297 0.215625 0.225781 0.0105779
0 0.734375 0.515234 0.176563 0.360156 0.0124111
0 0.236719 0.560156 0.24375 0.232812 0.0173392
0 0.262109 0.392578 0.280469 0.555469 0.0227661
0 0.267188 0.488281 0.235938 0.323438 0.234884
0 0.697656 0.445703 0.209375 0.432031 0.345606
