0 0.302344 0.262891 0.170312 0.180469 0.000101948
0 0.758203 0.780859 0.114844 0.0992187 0.000102927
0 0.664844 0.671875 0.185937 0.21875 0.000104151
0 0.717969 0.512109 0.08125 0.0992187 0.000105679
0 0.607813 0.737109 0.0625 0.0992187 0.000106506
0 0.2 0.628125 0.0921875 0.0921875 0.000108937
0 0.597656 0.736328 0.021875 0.0273438 0.000115048
0 0.626172 0.638281 0.103906 0.142188 0.000115541
0 0.277344 0.380469 0.170312 0.1375 0.000115626
0 0.797266 0.493359 0.116406 0.185156 0.000118526
0 0.237109 0.338672 0.0820312 0.0804688 0.000121142
0 0.389844 0.288281 0.125 0.185937 0.000121957
0 0.356641 0.26875 0.116406 0.142188 0.000122809
0 0.616406 0.73125 0.040625 0.0390625 0.000122988
0 0.811328 0.539062 0.286719 0.34375 0.000126175
0 0.64375 0.771875 0.0359375 0.0390625 0.000127324
0 0.719141 0.701563 0.0914062 0.071875 0.000134268
0 0.666797 0.438281 0.207031 0.396875 0.000136607
0 0.638672 0.613672 0.158594 0.172656 0.000138787
0 0.638672 0.76875 0.0335938 0.025 0.000139015
0 0.192578 0.412891 0.0835937 0.110156 0.000140477
0 0.739844 0.629687 0.142188 0.11875 0.000140594
0 0.609375 0.734375 0.015625 0.0453125 0.000151418
0 0.677344 0.633203 0.13125 0.133594 0.000159675
0 0.218359 0.646875 0.178906 0.157813 0.000175454
0 0.613672 0.74375 0.0304688 0.0546875 0.000182257
0 0.165234 0.6375 0.121094 0.192188 0.000182726
0 0.255859 0.596875 0.0914062 0.114063 0.000182816
0 0.180859 0.486719 0.0710938 0.104687 0.000187083
0 0.760938 0.317969 0.084375 0.1 0.000187842
0 0.708984 0.310547 0.291406 0.355469 0.00018874
0 0.333203 0.598437 0.157031 0.139062 0.000197391
0 0.196875 0.53125 0.0859375 0.101562 0.000201995
0 0.337109 0.479297 0.208594 0.405469 0.000205401
0 0.230859 0.645703 0.303906 0.332031 0.000206541
0 0.760938 0.277344 0.0796875 0.0875 0.000207757
0 0.283594 0.324219 0.292188 0.328125 0.000211872
0 0.652344 0.235547 0.154687 0.157031 0.000214397
0 0.697266 0.665625 0.188281 0.145313 0.000230577
0 0.687891 0.607813 0.288281 0.332812 0.000235686
0 0.169141 0.492188 0.0914062 0.207813 0.000254126
0 0.214453 0.553906 0.0882813 0.10625 0.000255494
0 0.780859 0.354297 0.108594 0.150781 0.000299383
0 0.219141 0.367578 0.128906 0.177344 0.000304442
0 0.187891 0.548047 0.275781 0.355469 0.000323118
0 0.236719 0.576953 0.090625 0.113281 0.000351652
0 0.342578 0.298828 0.158594 0.213281 0.000358205
0 0.788672 0.443359 0.146094 0.302344 0.000398979
0 0.632422 0.744531 0.0351562 0.0765625 0.000402359
0 0.642969 0.74375 0.03125 0.071875 0.00042813
0 0.700781 0.270703 0.195312 0.188281 0.000441381
0 0.231641 0.514453 0.139844 0.246094 0.000492331
0 0.234375 0.325391 0.128125 0.135156 0.000496466
0 0.778125 0.588672 0.142188 0.152344 0.000503338
0 0.233203 0.611328 0.0914062 0.0976562 0.000524371
0 0.762109 0.381641 0.0960938 0.110156 0.000673908
0 0.646094 0.759375 0.0609375 0.0671875 0.000691983
0 0.645312 0.760938 0.0265625 0.040625 0.000699231
0 0.759375 0.283594 0.114063 0.148438 0.000705409
0 0.671094 0.528516 0.18125 0.247656 0.000866076
0 0.310156 0.555469 0.1875 0.223438 0.000986967
0 0.701172 0.535156 0.135156 0.179688 0.0010331
0 0.270312 0.318359 0.207813 0.205469 0.0010793
0 0.759766 0.617969 0.211719 0.18125 0.00116225
0 0.739062 0.514063 0.139062 0.190625 0.00120538
0 0.737109 0.396484 0.197656 0.408594 0.00140963
0 0.739062 0.302344 0.15625 0.217187 0.00171874
0 0.764453 0.366016 0.136719 0.264844 0.00203466
0 0.176953 0.558594 0.135156 0.2625 0.0021475
0 0.689453 0.603516 0.189844 0.192969 0.0022549
0 0.181641 0.448047 0.0804688 0.150781 0.0024411
0 0.195703 0.410547 0.107031 0.214844 0.00266455
0 0.254297 0.592188 0.146094 0.153125 0.00269868
0 0.219531 0.405078 0.154687 0.297656 0.00272967
0 0.788281 0.532422 0.179688 0.225781 0.00315968
0 0.219531 0.610156 0.140625 0.126563 0.00410403
0 0.260938 0.617578 0.24375 0.169531 0.00444816
0 0.729688 0.488672 0.276563 0.416406 0.00499579
0 0.19375 0.490234 0.125 0.296094 0.0121054
0 0.259766 0.46875 0.246094 0.404687 0.0213321
0 0.738672 0.559766 0.216406 0.217969 0.0690358
0 0.227734 0.564844 0.196094 0.226562 0.0846308
