0 0.7125 0.540234 0.132812 0.203906 0.000101713
0 0.0710938 0.567187 0.040625 0.1625 0.000102387
0 0.570312 0.105859 0.065625 0.0726563 0.0001026
0 0.084375 0.482031 0.120312 0.409375 0.000104352
0 0.821094 0.0253906 0.0765625 0.0492188 0.000106231
0 0.0503906 0.273047 0.0585938 0.0429688 0.000106452
0 0.803516 0.0152344 0.0976562 0.0289063 0.00010723
0 0.780078 0.0691406 0.0804688 0.100781 0.000108912
0 0.491797 0.935547 0.0242187 0.0367187 0.000112458
0 0.414453 0.430078 0.135156 0.217969 0.000114809
0 0.515234 0.0945313 0.0585938 0.075 0.000118254
0 0.878125 0.220313 0.0296875 0.05625 0.000119042
0 0.407813 0.150781 0.0390625 0.04375 0.000120186
0 0.602344 0.0800781 0.167187 0.135156 0.00012161
0 0.898828 0.300781 0.0304688 0.065625 0.000122986
0 0.799609 0.850391 0.114844 0.114844 0.000123812
0 0.702344 0.880469 0.05 0.0453125 0.000124493
0 0.034375 0.240234 0.046875 0.0304688 0.000126343
0 0.325391 0.428906 0.111719 0.120312 0.000129801
0 0.562891 0.0722656 0.0789063 0.0648438 0.000129991
0 0.355078 0.535937 0.152344 0.2125 0.000132424
0 0.303125 0.484766 0.0828125 0.0820312 0.0001334
0 0.153125 0.249609 0.046875 0.0414063 0.000135474
0 0.555078 0.103125 0.0617188 0.05625 0.00013932
0 0.101172 0.239844 0.0320312 0.034375 0.000139687
0 0.74375 0.532812 0.210938 0.384375 0.000140966
0 0.0191406 0.250391 0.0320312 0.0507812 0.000142971
0 0.248047 0.573828 0.125781 0.219531 0.00014353
0 0.585156 0.391406 0.151562 0.179688 0.000145148
0 0.639844 0.053125 0.090625 0.09375 0.000146312
0 0.816797 0.842578 0.0742188 0.0789063 0.000146576
0 0.903516 0.351953 0.119531 0.211719 0.000147064
0 0.78125 0.0285156 0.115625 0.0507812 0.000153344
0 0.170312 0.232812 0.03125 0.0328125 0.000156211
0 0.820312 0.133984 0.075 0.174219 0.000159537
0 0.533984 0.0890625 0.0460938 0.04375 0.0001648
0 0.0652344 0.489453 0.0507812 0.200781 0.000165605
0 0.678906 0.109375 0.1625 0.145313 0.000170092
0 0.876562 0.184375 0.0640625 0.134375 0.000176544
0 0.641797 0.609766 0.144531 0.202344 0.000177123
0 0.514844 0.0898438 0.0421875 0.0421875 0.000184738
0 0.359766 0.469531 0.135156 0.203125 0.000185623
0 0.596094 0.065625 0.05625 0.0625 0.000186865
0 0.158594 0.965234 0.040625 0.0476562 0.000189873
0 0.907031 0.310156 0.176563 0.303125 0.000193676
0 0.880078 0.100391 0.0742188 0.130469 0.000197117
0 0.601562 0.602734 0.214062 0.261719 0.000199269
0 0.153906 0.237109 0.028125 0.0289063 0.000199965
0 0.362109 0.163672 0.0726563 0.0601562 0.00020942
0 0.677344 0.0871094 0.071875 0.0867188 0.000212594
0 0.889844 0.283594 0.0359375 0.075 0.000213719
0 0.363672 0.60625 0.0742188 0.0921875 0.000218687
0 0.636719 0.0835937 0.065625 0.0546875 0.00022081
0 0.882422 0.230469 0.0414063 0.0859375 0.000221545
0 0.656641 0.471484 0.163281 0.192969 0.000221747
0 0.875 0.862109 0.10625 0.116406 0.000225199
0 0.8875 0.301562 0.053125 0.115625 0.000230042
0 0.287109 0.475 0.124219 0.171875 0.000231843
0 0.424219 0.140625 0.0375 0.0484375 0.000234832
0 0.0964844 0.248828 0.0523437 0.0445312 0.00024107
0 0.842969 0.0941406 0.090625 0.166406 0.000243749
0 0.362891 0.157813 0.0539063 0.0390625 0.000247847
0 0.732031 0.670703 0.134375 0.152344 0.000254944
0 0.857422 0.84375 0.0742188 0.08125 0.000267521
0 0.24375 0.633984 0.178125 0.210156 0.000271587
0 0.613672 0.0828125 0.0632813 0.05 0.00027164
0 0.889063 0.260938 0.025 0.0640625 0.000274708
0 0.0363281 0.239844 0.0601562 0.0515625 0.000277482
0 0.760156 0.109766 0.109375 0.169531 0.00027863
0 0.8875 0.258594 0.0328125 0.096875 0.000285035
0 0.291797 0.173047 0.0492188 0.0460938 0.000289076
0 0.619141 0.511328 0.141406 0.244531 0.000290326
0 0.401563 0.382812 0.114063 0.14375 0.000292549
0 0.266797 0.512891 0.132031 0.186719 0.000293227
0 0.810547 0.034375 0.116406 0.06875 0.000294537
0 0.719531 0.0488281 0.120312 0.0757812 0.000321638
0 0.132422 0.2375 0.0351562 0.03125 0.000322357
0 0.0660156 0.251563 0.0507812 0.0453125 0.000326948
0 0.885547 0.239844 0.0226563 0.0578125 0.000330897
0 0.770312 0.0707031 0.145313 0.125781 0.000353198
0 0.321094 0.469531 0.0671875 0.078125 0.000355707
0 0.916406 0.269141 0.0875 0.150781 0.000355769
0 0.301953 0.655469 0.283594 0.321875 0.000377949
0 0.377344 0.164453 0.0546875 0.0429688 0.000384392
0 0.312109 0.433594 0.180469 0.2125 0.000406592
0 0.544922 0.0480469 0.113281 0.0914062 0.000434462
0 0.637109 0.084375 0.125781 0.0828125 0.000454797
0 0.119531 0.237109 0.0390625 0.0351562 0.000491722
0 0.876953 0.135547 0.0617188 0.130469 0.000515166
0 0.371875 0.410547 0.148438 0.182031 0.000541564
0 0.114844 0.246875 0.0546875 0.04375 0.000547378
0 0.616016 0.0695312 0.0882813 0.0734375 0.00056431
0 0.692969 0.13125 0.2875 0.228125 0.000579326
0 0.591797 0.0832031 0.0851562 0.0570313 0.000652493
0 0.769531 0.130078 0.175 0.216406 0.000653964
0 0.662891 0.536719 0.172656 0.215625 0.000664933
0 0.802344 0.0972656 0.126563 0.174219 0.000681478
0 0.569531 0.0847656 0.05 0.0507812 0.000724703
0 0.340625 0.626172 0.21875 0.194531 0.000774799
0 0.628516 0.430078 0.166406 0.224219 0.000836507
0 0.132422 0.247266 0.0460938 0.0382813 0.000903401
0 0.342187 0.592969 0.135937 0.15 0.000908092
0 0.658203 0.0664062 0.0695312 0.0671875 0.000928135
0 0.682422 0.635938 0.271094 0.289062 0.000963193
0 0.673828 0.0476562 0.0851562 0.084375 0.000974572
0 0.367578 0.487891 0.205469 0.327344 0.00106347
0 0.320703 0.472656 0.121094 0.140625 0.00106647
0 0.678906 0.650781 0.21875 0.178125 0.00142514
0 0.733984 0.612891 0.121094 0.221094 0.0014495
0 0.729297 0.0953125 0.194531 0.16875 0.00145121
0 0.303125 0.166797 0.0453125 0.0414063 0.00157019
0 0.322266 0.164844 0.0585938 0.040625 0.00166116
0 0.0472656 0.25 0.0601562 0.05 0.00192599
0 0.674609 0.0695312 0.121094 0.110937 0.00207932
0 0.628516 0.488672 0.208594 0.363281 0.00289064
0 0.344922 0.162109 0.0648438 0.0414063 0.00359418
0 0.298047 0.592578 0.211719 0.189844 0.00647047
0 0.301562 0.532031 0.154687 0.245312 0.00760691
0 0.690234 0.595312 0.174219 0.220313 0.00966427
0 0.674219 0.547656 0.221875 0.35625 0.361195
0 0.310156 0.524219 0.225 0.34375 0.4118
