0 0.677734 0.383984 0.108594 0.121094 0.000113411
0 0.661328 0.649609 0.213281 0.189844 0.000114359
0 0.648828 0.262891 0.210156 0.302344 0.000115398
0 0.823047 0.648047 0.0835937 0.110156 0.000124669
0 0.274219 0.101172 0.329688 0.199219 0.00014306
0 0.332812 0.560938 0.178125 0.28125 0.000158222
0 0.665625 0.398438 0.160938 0.332812 0.000161761
0 0.832422 0.575391 0.116406 0.269531 0.000163927
0 0.798047 0.515234 0.125781 0.205469 0.000174567
0 0.726172 0.361328 0.186719 0.310156 0.000184933
0 0.630078 0.603125 0.136719 0.196875 0.000189574
0 0.20625 0.442187 0.115625 0.253125 0.00023149
0 0.261719 0.310156 0.129688 0.176563 0.000233112
0 0.237891 0.355469 0.111719 0.13125 0.000258772
0 0.722656 0.470313 0.146875 0.15 0.0002742
0 0.776172 0.406641 0.108594 0.241406 0.000287087
0 0.3375 0.208203 0.1625 0.142969 0.000301362
0 0.259375 0.390234 0.182812 0.380469 0.000302786
0 0.1875 0.552734 0.15 0.385156 0.000303015
0 0.207031 0.0710938 0.323438 0.142188 0.00031399
0 0.774219 0.659766 0.201562 0.171094 0.000341598
0 0.286719 0.469531 0.301562 0.548437 0.00036331
0 0.762109 0.614062 0.144531 0.146875 0.000379491
0 0.226172 0.0339844 0.305469 0.0679687 0.000400284
0 0.804688 0.484375 0.154687 0.36875 0.000467105
0 0.307422 0.609375 0.161719 0.173438 0.000511757
0 0.274609 0.654297 0.210156 0.210156 0.000516684
0 0.836328 0.647266 0.114844 0.177344 0.000539637
0 0.176563 0.682813 0.140625 0.1875 0.00056026
0 0.232031 0.401172 0.129688 0.244531 0.000610268
0 0.657422 0.532422 0.174219 0.269531 0.000612926
0 0.644141 0.192969 0.161719 0.1375 0.000665186
0 0.699609 0.400391 0.261719 0.535156 0.00101445
0 0.760547 0.420312 0.158594 0.342187 0.00130965
0 0.223047 0.489062 0.157031 0.395312 0.00136116
0 0.260938 0.560156 0.220313 0.3375 0.00151062
0 0.751172 0.596484 0.285156 0.283594 0.00198607
0 0.808984 0.615234 0.0851562 0.105469 0.00242859
0 0.764063 0.489062 0.110937 0.1 0.00256311
0 0.21875 0.630859 0.201562 0.246094 0.00260494
0 0.69375 0.598828 0.20625 0.211719 0.00380702
0 0.736719 0.491797 0.21875 0.336719 0.00487079
0 0.768359 0.487891 0.133594 0.172656 0.00577798
0 0.810938 0.614062 0.11875 0.16875 0.0101878
0 0.777734 0.562891 0.174219 0.263281 0.021323
