0 0.301953 0.648828 0.146094 0.141406 0.000101169
0 0.241016 0.442578 0.0835937 0.105469 0.000102927
0 0.562109 0.0367187 0.211719 0.0734375 0.000108326
0 0.358984 0.0515625 0.308594 0.101562 0.00010843
0 0.620313 0.773828 0.476562 0.452344 0.000108532
0 0.339063 0.447656 0.096875 0.185937 0.000109219
0 0.154297 0.398438 0.277344 0.540625 0.00011121
0 0.624219 0.113281 0.3125 0.21875 0.00011203
0 0.266406 0.278906 0.059375 0.084375 0.000112909
0 0.0445312 0.479688 0.0859375 0.520312 0.000114338
0 0.576563 0.236719 0.08125 0.0859375 0.000114894
0 0.304688 0.824609 0.385938 0.350781 0.000118497
0 0.300781 0.0335938 0.229687 0.0671875 0.000120255
0 0.723437 0.0675781 0.359375 0.135156 0.000121902
0 0.597656 0.633984 0.0890625 0.114844 0.000123542
0 0.239063 0.303906 0.315625 0.446875 0.000123756
0 0.36875 0.521484 0.134375 0.316406 0.00012396
0 0.676562 0.0347656 0.246875 0.0664062 0.000124446
0 0.278516 0.409766 0.0789063 0.0992187 0.000129627
0 0.234766 0.609375 0.0898438 0.104687 0.000130754
0 0.582422 0.207422 0.114844 0.133594 0.000130956
0 0.677344 0.515234 0.139062 0.157031 0.00013588
0 0.768359 0.615625 0.107031 0.203125 0.000143163
0 0.283203 0.258203 0.0648438 0.0945313 0.000143204
0 0.669922 0.296875 0.0648438 0.0984375 0.000144241
0 0.254297 0.280078 0.130469 0.208594 0.000147957
0 0.635938 0.512891 0.135937 0.214844 0.000152759
0 0.180469 0.629297 0.289062 0.424219 0.000158114
0 0.579297 0.511719 0.103906 0.190625 0.000159104
0 0.600391 0.622656 0.286719 0.364062 0.000163972
0 0.583984 0.632812 0.119531 0.176563 0.000170726
0 0.65625 0.708594 0.257812 0.210938 0.000172433
0 0.239844 0.369141 0.08125 0.111719 0.000176401
0 0.703906 0.398828 0.09375 0.160156 0.000176727
0 0.325781 0.70625 0.360938 0.420312 0.000179023
0 0.0246094 0.441016 0.0492188 0.411719 0.000184797
0 0.298438 0.410937 0.1 0.146875 0.000187464
0 0.677734 0.630469 0.0898438 0.104687 0.000194062
0 0.326562 0.557422 0.0890625 0.116406 0.00019595
0 0.204297 0.558984 0.0992187 0.205469 0.000199169
0 0.20625 0.0554687 0.371875 0.110937 0.000204783
0 0.28125 0.4625 0.110937 0.179688 0.000206223
0 0.196484 0.634375 0.0882813 0.117188 0.000214873
0 0.353906 0.572656 0.110937 0.159375 0.000225721
0 0.630078 0.0566406 0.322656 0.110156 0.000227041
0 0.71875 0.598047 0.084375 0.110156 0.0002325
0 0.169922 0.521484 0.199219 0.497656 0.000236397
0 0.336719 0.267188 0.15 0.189063 0.000236887
0 0.320703 0.338281 0.128906 0.185937 0.000249146
0 0.678516 0.350391 0.0757812 0.113281 0.000259396
0 0.183203 0.676953 0.0914062 0.152344 0.000275291
0 0.215625 0.400391 0.117188 0.296094 0.000277456
0 0.714453 0.512891 0.105469 0.207031 0.000278139
0 0.658203 0.357031 0.124219 0.189063 0.000281908
0 0.605859 0.203906 0.0835937 0.0796875 0.000297579
0 0.212891 0.403906 0.183594 0.43125 0.000299773
0 0.617188 0.614062 0.0921875 0.1125 0.00030268
0 0.225 0.404687 0.0859375 0.132812 0.000318523
0 0.698828 0.615625 0.0882813 0.109375 0.000351385
0 0.655859 0.614062 0.0914062 0.109375 0.000354592
0 0.331641 0.396875 0.163281 0.407813 0.00036024
0 0.591016 0.276953 0.128906 0.200781 0.00037143
0 0.305469 0.235156 0.096875 0.129688 0.000379955
0 0.198828 0.722656 0.200781 0.265625 0.000381807
0 0.257812 0.405469 0.0984375 0.132812 0.000390842
0 0.598437 0.375 0.134375 0.275 0.000412489
0 0.337109 0.630078 0.133594 0.139844 0.000423004
0 0.258984 0.49375 0.135156 0.270312 0.000423497
0 0.601172 0.472266 0.132031 0.241406 0.000443615
0 0.738281 0.617188 0.0859375 0.114063 0.00046806
0 0.304297 0.491797 0.135156 0.275781 0.000491726
0 0.277734 0.608594 0.149219 0.146875 0.000537242
0 0.661328 0.310547 0.105469 0.157031 0.000544382
0 0.260547 0.343359 0.107031 0.202344 0.000546142
0 0.630859 0.248437 0.0789063 0.101562 0.000559143
0 0.718359 0.667578 0.202344 0.172656 0.000572371
0 0.278516 0.440625 0.0898438 0.109375 0.000593352
0 0.610547 0.396875 0.172656 0.459375 0.000611494
0 0.280469 0.273047 0.1 0.160156 0.000633048
0 0.682813 0.405078 0.135937 0.286719 0.000706263
0 0.290625 0.410937 0.278125 0.5625 0.000767266
0 0.230469 0.777344 0.29375 0.376563 0.000776522
0 0.613281 0.659766 0.15 0.169531 0.000780807
0 0.2125 0.595312 0.084375 0.107813 0.000812991
0 0.190234 0.673437 0.122656 0.234375 0.00082957
0 0.756641 0.666797 0.0945313 0.133594 0.000859069
0 0.7125 0.491406 0.13125 0.360938 0.000860594
0 0.592188 0.567969 0.120312 0.220313 0.000869584
0 0.289453 0.673047 0.235156 0.203906 0.000895793
0 0.687891 0.377344 0.0757812 0.096875 0.000919671
0 0.620313 0.270703 0.13125 0.147656 0.000945902
0 0.599219 0.230469 0.0875 0.114063 0.000997529
0 0.653516 0.275781 0.0664062 0.0796875 0.00144508
0 0.290625 0.305859 0.154687 0.253906 0.00162768
0 0.238672 0.400391 0.116406 0.200781 0.00166312
0 0.239844 0.575 0.145313 0.204688 0.00177647
0 0.658594 0.576953 0.14375 0.194531 0.00180367
0 0.333203 0.527734 0.117969 0.227344 0.00181319
0 0.248828 0.673047 0.303906 0.305469 0.00202931
0 0.323047 0.589844 0.122656 0.13125 0.00207481
0 0.270703 0.4 0.158594 0.348437 0.0026935
0 0.211719 0.523438 0.139062 0.371875 0.00355926
0 0.673828 0.580859 0.267969 0.300781 0.00367489
0 0.716406 0.579297 0.151562 0.230469 0.00489203
0 0.650391 0.491406 0.205469 0.3875 0.00508979
0 0.735547 0.633203 0.132031 0.171094 0.00522039
0 0.299219 0.56875 0.178125 0.189063 0.00755176
0 0.203516 0.615234 0.128906 0.202344 0.00958957
0 0.621484 0.605469 0.158594 0.195312 0.0125849
0 0.270703 0.491797 0.199219 0.372656 0.0173346
0 0.263672 0.616797 0.224219 0.197656 0.0523595
0 0.68125 0.619141 0.2125 0.183594 0.0609556
