0 0.639063 0.691406 0.0875 0.0953125 0.000102182
0 0.903516 0.903125 0.192969 0.19375 0.000104933
0 0.684375 0.392578 0.2875 0.492969 0.000106449
0 0.965234 0.107813 0.0695312 0.215625 0.000106597
0 0.178906 0.489844 0.123438 0.223438 0.00010693
0 0.137891 0.321094 0.0882813 0.110937 0.000108508
0 0.412109 0.982813 0.108594 0.0328125 0.000109504
0 0.933594 0.14375 0.132812 0.2875 0.000110346
0 0.254297 0.536328 0.300781 0.389844 0.000117318
0 0.411328 0.953125 0.158594 0.09375 0.000119169
0 0.852344 0.720312 0.295312 0.559375 0.000121388
0 0.219531 0.467187 0.11875 0.223438 0.000122665
0 0.641016 0.243359 0.0804688 0.103906 0.000126406
0 0.294531 0.0558594 0.454688 0.108594 0.000126432
0 0.293359 0.477734 0.163281 0.308594 0.000127496
0 0.114844 0.547656 0.125 0.14375 0.00012907
0 0.291016 0.559375 0.142969 0.189063 0.000129692
0 0.259375 0.2375 0.140625 0.210938 0.000130839
0 0.200781 0.703516 0.267188 0.367969 0.000132918
0 0.327734 0.2 0.332031 0.345313 0.000134382
0 0.176953 0.284375 0.0898438 0.114063 0.000135949
0 0.613281 0.551562 0.148438 0.1625 0.000145538
0 0.474219 0.0574219 0.467187 0.114844 0.000145574
0 0.865234 0.065625 0.269531 0.128125 0.000145805
0 0.191797 0.631641 0.175781 0.188281 0.000149131
0 0.176953 0.321875 0.0898438 0.107813 0.000151654
0 0.213672 0.363281 0.122656 0.21875 0.000154696
0 0.150391 0.586719 0.288281 0.30625 0.000156136
0 0.769531 0.633984 0.332812 0.661719 0.000159083
0 0.412891 0.973437 0.128906 0.053125 0.000159851
0 0.577734 0.396875 0.167969 0.298438 0.000160557
0 0.271875 0.161719 0.235938 0.19375 0.000163394
0 0.581641 0.220313 0.135156 0.178125 0.000163639
0 0.539453 0.527734 0.155469 0.280469 0.000173459
0 0.692969 0.530469 0.103125 0.264062 0.000180565
0 0.676953 0.407422 0.0789063 0.114844 0.000182275
0 0.936328 0.0683594 0.127344 0.136719 0.000186974
0 0.94375 0.965234 0.1125 0.0679687 0.000193309
0 0.574219 0.532422 0.13125 0.203906 0.000197353
0 0.621484 0.249219 0.152344 0.190625 0.000200361
0 0.134766 0.510938 0.128906 0.175 0.000202252
0 0.2375 0.1625 0.3625 0.270312 0.000202587
0 0.290625 0.265234 0.220313 0.330469 0.000205082
0 0.18125 0.571875 0.13125 0.154687 0.000206148
0 0.0476562 0.524609 0.09375 0.213281 0.000206246
0 0.197266 0.427344 0.110156 0.2125 0.000212045
0 0.371875 0.0933594 0.484375 0.182031 0.000213173
0 0.165625 0.204688 0.235938 0.3 0.000213737
0 0.660156 0.597266 0.142188 0.242969 0.000217722
0 0.712109 0.0542969 0.435156 0.102344 0.000224638
0 0.714844 0.637891 0.104687 0.252344 0.000238564
0 0.155469 0.426172 0.125 0.219531 0.000240347
0 0.158203 0.302344 0.0898438 0.107813 0.000240533
0 0.721875 0.473047 0.159375 0.453906 0.000248115
0 0.655078 0.03125 0.274219 0.0578125 0.000253989
0 0.113281 0.468359 0.128125 0.239844 0.000284014
0 0.65 0.279687 0.096875 0.18125 0.000309671
0 0.119922 0.383203 0.127344 0.247656 0.000319978
0 0.151953 0.594141 0.210156 0.178906 0.000324195
0 0.531641 0.676953 0.191406 0.188281 0.000334816
0 0.593359 0.596875 0.150781 0.192188 0.000344908
0 0.93125 0.938672 0.1375 0.122656 0.000351287
0 0.065625 0.567969 0.123438 0.175 0.000353673
0 0.719531 0.714063 0.114063 0.190625 0.000359449
0 0.611719 0.707812 0.25625 0.2 0.000364677
0 0.672656 0.347656 0.0890625 0.190625 0.000366729
0 0.59375 0.294922 0.165625 0.263281 0.000372885
0 0.090625 0.511719 0.123438 0.171875 0.000374257
0 0.214062 0.239453 0.145313 0.219531 0.000380221
0 0.687891 0.407813 0.0945313 0.215625 0.00048254
0 0.234375 0.300391 0.126563 0.216406 0.000499903
0 0.665625 0.537109 0.282813 0.497656 0.000512454
0 0.225 0.591797 0.164062 0.180469 0.000547244
0 0.723047 0.630469 0.144531 0.370313 0.000549698
0 0.108594 0.306641 0.175 0.339844 0.000659242
0 0.257812 0.525391 0.153125 0.196094 0.000712964
0 0.615625 0.398828 0.2 0.411719 0.000884184
0 0.675391 0.46875 0.105469 0.267188 0.000898606
0 0.636719 0.675781 0.167187 0.170312 0.000914987
0 0.191016 0.319531 0.127344 0.179688 0.000975203
0 0.14375 0.283203 0.125 0.196094 0.000982707
0 0.0714844 0.483984 0.139844 0.288281 0.00106896
0 0.246094 0.441406 0.195312 0.38125 0.00121681
0 0.573047 0.64375 0.207031 0.221875 0.00170861
0 0.188672 0.475 0.199219 0.378125 0.00173279
0 0.586719 0.563672 0.204688 0.330469 0.00183778
0 0.156641 0.341797 0.141406 0.235156 0.00232024
0 0.119141 0.529297 0.217969 0.208594 0.00304125
0 0.205078 0.537891 0.185156 0.197656 0.00317963
0 0.110547 0.427734 0.186719 0.388281 0.00334066
0 0.684766 0.556641 0.138281 0.399219 0.00358703
0 0.682422 0.671484 0.172656 0.216406 0.00394974
0 0.235547 0.225781 0.239844 0.276563 0.00489303
0 0.659766 0.385938 0.124219 0.289062 0.00494845
0 0.187109 0.3625 0.299219 0.49375 0.00657229
0 0.655078 0.470703 0.155469 0.408594 0.00715754
0 0.634766 0.632812 0.224219 0.254687 0.00946849
0 0.149609 0.365234 0.185156 0.392969 0.0249902
0 0.181641 0.279687 0.177344 0.26875 0.0415887
