0 0.34375 0.825 0.225 0.210938 0.000100852
0 0.2625 0.113281 0.253125 0.207813 0.000102521
0 0.885547 0.784766 0.149219 0.257031 0.000104106
0 0.804688 0.341406 0.104687 0.135937 0.000105491
0 0.739453 0.301172 0.127344 0.241406 0.000107661
0 0.842188 0.696094 0.190625 0.204688 0.000108669
0 0.716016 0.725781 0.177344 0.415625 0.000110075
0 0.605859 0.633203 0.392969 0.728906 0.000110371
0 0.294922 0.435937 0.136719 0.323438 0.000112056
0 0.761328 0.697266 0.124219 0.235156 0.000114201
0 0.393359 0.065625 0.263281 0.13125 0.000120451
0 0.917969 0.397656 0.142188 0.382812 0.000121035
0 0.367188 0.363672 0.146875 0.260156 0.000122227
0 0.623047 0.878516 0.442969 0.242969 0.000127121
0 0.825781 0.302344 0.128125 0.18125 0.000130684
0 0.407031 0.469531 0.189063 0.185937 0.000131523
0 0.867578 0.341406 0.0789063 0.0875 0.00013206
0 0.697266 0.188281 0.311719 0.310937 0.000137717
0 0.933594 0.0824219 0.13125 0.164844 0.000140755
0 0.905469 0.488281 0.125 0.25 0.000142467
0 0.786719 0.929688 0.25625 0.140625 0.000148588
0 0.253906 0.544922 0.4 0.910156 0.000153171
0 0.810938 0.0367187 0.357812 0.0734375 0.00016267
0 0.237109 0.232422 0.274219 0.464844 0.000164193
0 0.491406 0.798047 0.342187 0.389844 0.000165007
0 0.430859 0.321484 0.147656 0.252344 0.000169917
0 0.389453 0.199219 0.202344 0.176563 0.000173597
0 0.432031 0.930078 0.245312 0.139844 0.000182076
0 0.151562 0.169531 0.298438 0.339063 0.000203428
0 0.864453 0.425 0.117969 0.201562 0.000205285
0 0.884766 0.278125 0.183594 0.35625 0.00021147
0 0.870313 0.864062 0.154687 0.25625 0.000215271
0 0.883594 0.976953 0.217187 0.0460938 0.000223744
0 0.312109 0.0699219 0.266406 0.139844 0.000243609
0 0.324219 0.323047 0.096875 0.200781 0.000245457
0 0.809375 0.516797 0.25 0.319531 0.000248052
0 0.364062 0.444141 0.153125 0.161719 0.000263896
0 0.253125 0.774609 0.16875 0.425781 0.000265849
0 0.324219 0.425391 0.123438 0.217969 0.000271832
0 0.325 0.519922 0.19375 0.413281 0.000276001
0 0.970312 0.653125 0.05625 0.484375 0.000276862
0 0.264844 0.903906 0.140625 0.184375 0.000281397
0 0.760156 0.477734 0.340625 0.771094 0.000283574
0 0.390234 0.277734 0.180469 0.200781 0.000286329
0 0.849219 0.341406 0.123438 0.132812 0.0002892
0 0.364844 0.678125 0.19375 0.2 0.000289482
0 0.866016 0.102734 0.261719 0.205469 0.00029152
0 0.226562 0.104297 0.401563 0.208594 0.000296588
0 0.967188 0.188672 0.065625 0.377344 0.000299637
0 0.499609 0.873828 0.266406 0.249219 0.000326198
0 0.739062 0.608594 0.178125 0.409375 0.000330894
0 0.744141 0.344531 0.214844 0.373437 0.000344413
0 0.942578 0.960938 0.114844 0.078125 0.000347502
0 0.464453 0.736719 0.205469 0.403125 0.000349681
0 0.923828 0.563281 0.147656 0.420312 0.000350745
0 0.617188 0.205469 0.453125 0.410937 0.000354349
0 0.410547 0.238672 0.132031 0.157031 0.000371746
0 0.407813 0.405078 0.198437 0.188281 0.000383496
0 0.365234 0.229297 0.216406 0.319531 0.00039307
0 0.925391 0.695703 0.139844 0.386719 0.000407416
0 0.287891 0.694922 0.164844 0.400781 0.000450894
0 0.747266 0.202344 0.160156 0.190625 0.000464543
0 0.498828 0.282813 0.353906 0.48125 0.000487324
0 0.541016 0.0714844 0.410156 0.142969 0.000497424
0 0.796094 0.0710938 0.384375 0.142188 0.000513569
0 0.364844 0.760938 0.2 0.203125 0.00052839
0 0.878516 0.354688 0.125781 0.1875 0.000530686
0 0.798047 0.200391 0.239844 0.252344 0.000551268
0 0.276953 0.300781 0.453906 0.601562 0.000598753
0 0.418359 0.559766 0.244531 0.352344 0.000652616
0 0.95625 0.89375 0.084375 0.209375 0.000661085
0 0.71875 0.130859 0.451562 0.261719 0.000666083
0 0.84375 0.60625 0.246875 0.3625 0.000670869
0 0.362891 0.428906 0.199219 0.278125 0.000693926
0 0.889453 0.480859 0.186719 0.449219 0.000727379
0 0.919531 0.158203 0.153125 0.316406 0.000742905
0 0.742188 0.605469 0.2375 0.659375 0.000800988
0 0.841406 0.279297 0.201562 0.241406 0.000816985
0 0.328516 0.355859 0.188281 0.341406 0.000823021
0 0.766016 0.220313 0.0835937 0.103125 0.000837626
0 0.432813 0.134375 0.421875 0.26875 0.000870713
0 0.480469 0.369922 0.223438 0.400781 0.00104501
0 0.369922 0.906641 0.330469 0.186719 0.0010897
0 0.963672 0.775391 0.0710938 0.449219 0.00111224
0 0.789844 0.891016 0.367188 0.217969 0.00114649
0 0.859766 0.958594 0.280469 0.0828125 0.00119592
0 0.490234 0.625391 0.221094 0.710156 0.00132839
0 0.866406 0.201953 0.2625 0.383594 0.00142824
0 0.351953 0.0871094 0.400781 0.174219 0.00145564
0 0.286328 0.850781 0.213281 0.295312 0.00158207
0 0.430859 0.240625 0.194531 0.240625 0.00160906
0 0.427344 0.436328 0.245312 0.425781 0.00163694
0 0.853125 0.378125 0.220313 0.3375 0.0020055
0 0.292188 0.687891 0.257812 0.603906 0.00203235
0 0.802344 0.368359 0.279687 0.475781 0.00222553
0 0.885547 0.654297 0.227344 0.560156 0.00296588
0 0.285937 0.155078 0.43125 0.310156 0.00314415
0 0.332031 0.367188 0.270312 0.496875 0.00317759
0 0.788281 0.287891 0.203125 0.300781 0.00354161
0 0.411328 0.844141 0.321094 0.310156 0.00357662
0 0.425781 0.440234 0.325 0.646094 0.00365714
0 0.776953 0.235938 0.142969 0.173438 0.00372331
0 0.362109 0.653906 0.242969 0.414062 0.00420038
0 0.920703 0.932813 0.158594 0.132812 0.00426827
0 0.783984 0.73125 0.236719 0.49375 0.00582538
0 0.366016 0.216797 0.372656 0.432031 0.00623126
0 0.917188 0.81875 0.165625 0.3625 0.00729687
0 0.397656 0.313672 0.248437 0.377344 0.018949
0 0.870313 0.909375 0.259375 0.18125 0.0202402
0 0.346484 0.782812 0.292969 0.43125 0.0561329
0 0.826953 0.622266 0.328906 0.755469 0.0760316
0 0.854297 0.792188 0.289844 0.415625 0.213582
0 0.377734 0.604297 0.314844 0.791406 0.240323
