0 0.258594 0.31875 0.14375 0.189063 0.000106926
0 0.565234 0.555469 0.664844 0.889063 0.00011145
0 0.823047 0.406641 0.0695312 0.0882813 0.000115088
0 0.779297 0.571094 0.0914062 0.1 0.00011531
0 0.682422 0.277734 0.130469 0.155469 0.00011546
0 0.817187 0.366797 0.0609375 0.0820312 0.000116229
0 0.969922 0.524219 0.0601562 0.398438 0.000124505
0 0.358203 0.303906 0.291406 0.304688 0.000125145
0 0.382422 0.528125 0.0804688 0.09375 0.000128055
0 0.413672 0.522656 0.136719 0.215625 0.00012835
0 0.801562 0.384766 0.071875 0.0851562 0.00012984
0 0.7375 0.276953 0.0859375 0.0960938 0.000130568
0 0.266797 0.307422 0.0554687 0.0648438 0.000135013
0 0.259375 0.389062 0.075 0.104687 0.000138069
0 0.792969 0.285156 0.101562 0.090625 0.000140091
0 0.717188 0.296094 0.0734375 0.084375 0.000144619
0 0.717188 0.258203 0.0890625 0.108594 0.000146001
0 0.258984 0.316016 0.0835937 0.103906 0.000147176
0 0.801172 0.472656 0.0726563 0.0875 0.000153137
0 0.814453 0.344141 0.0929687 0.171094 0.000154299
0 0.405859 0.364062 0.102344 0.129688 0.000154649
0 0.303516 0.299609 0.0679687 0.0851562 0.000156963
0 0.862109 0.444531 0.0695312 0.096875 0.000164966
0 0.821484 0.589453 0.138281 0.117969 0.000174865
0 0.696484 0.241406 0.0898438 0.110937 0.000179696
0 0.736719 0.451953 0.08125 0.0976562 0.000184326
0 0.250781 0.398438 0.334375 0.50625 0.00018747
0 0.28125 0.319531 0.0703125 0.078125 0.000188312
0 0.843359 0.426562 0.0757812 0.0953125 0.00018998
0 0.298047 0.362109 0.108594 0.182031 0.000190891
0 0.737891 0.34375 0.133594 0.209375 0.000193816
0 0.78125 0.617969 0.242188 0.184375 0.000194275
0 0.880859 0.490625 0.0945313 0.232812 0.000197327
0 0.780078 0.428906 0.119531 0.198437 0.000208249
0 0.919531 0.475391 0.159375 0.399219 0.000211539
0 0.84375 0.575 0.084375 0.09375 0.000217398
0 0.219141 0.480469 0.110156 0.228125 0.000219634
0 0.861719 0.592188 0.08125 0.0828125 0.000223572
0 0.821484 0.408594 0.0976562 0.142188 0.000228348
0 0.322266 0.3 0.108594 0.134375 0.000230667
0 0.348828 0.260547 0.152344 0.121094 0.000230735
0 0.305469 0.584375 0.090625 0.0921875 0.000239141
0 0.782031 0.341797 0.110937 0.213281 0.000245336
0 0.75625 0.297266 0.123438 0.141406 0.000250179
0 0.718359 0.520312 0.113281 0.2 0.000255378
0 0.886719 0.442187 0.148438 0.273438 0.000258324
0 0.322266 0.539453 0.0914062 0.108594 0.000260664
0 0.801172 0.386328 0.100781 0.138281 0.00027233
0 0.255469 0.46875 0.110937 0.176563 0.000297154
0 0.824609 0.305078 0.266406 0.299219 0.000299654
0 0.359375 0.588281 0.226562 0.160938 0.000307963
0 0.774609 0.488672 0.0820312 0.0914062 0.000325839
0 0.726172 0.250781 0.278906 0.25 0.000363564
0 0.4125 0.277344 0.129688 0.126563 0.000381925
0 0.921875 0.563672 0.123438 0.235156 0.000386323
0 0.843359 0.514063 0.149219 0.198437 0.000414165
0 0.405469 0.35625 0.132812 0.209375 0.000415073
0 0.715625 0.437891 0.09375 0.191406 0.000453985
0 0.254687 0.425781 0.0765625 0.090625 0.000461878
0 0.8 0.471875 0.123438 0.153125 0.000463319
0 0.84375 0.445703 0.107813 0.177344 0.000469383
0 0.708203 0.341797 0.169531 0.292969 0.000483765
0 0.839063 0.405469 0.165625 0.284375 0.000494992
0 0.783203 0.270703 0.158594 0.142969 0.000505879
0 0.282422 0.319141 0.0976562 0.130469 0.000517142
0 0.214453 0.565234 0.130469 0.217969 0.000526541
0 0.38125 0.483594 0.176563 0.298438 0.000571398
0 0.923047 0.610937 0.0679687 0.110937 0.000580314
0 0.797656 0.553125 0.142188 0.1625 0.000599295
0 0.757812 0.474219 0.0765625 0.090625 0.000599528
0 0.862109 0.572266 0.124219 0.128906 0.00064302
0 0.715625 0.296875 0.145313 0.167187 0.000680937
0 0.692578 0.216406 0.161719 0.145313 0.000801188
0 0.244141 0.427344 0.0929687 0.145313 0.000867207
0 0.324219 0.515234 0.134375 0.178906 0.00109578
0 0.885547 0.529297 0.150781 0.246094 0.00124475
0 0.296875 0.572656 0.307813 0.25 0.00126289
0 0.262109 0.5875 0.207031 0.165625 0.00126766
0 0.373047 0.530859 0.152344 0.163281 0.00127433
0 0.758594 0.473437 0.10625 0.139062 0.00141996
0 0.758984 0.30625 0.207031 0.251563 0.00159317
0 0.319141 0.313281 0.169531 0.192188 0.00161337
0 0.896875 0.594141 0.107813 0.121094 0.00169433
0 0.263281 0.398828 0.115625 0.203906 0.00182345
0 0.749219 0.556641 0.1625 0.177344 0.00214026
0 0.376953 0.287891 0.169531 0.158594 0.00252054
0 0.74375 0.439453 0.15 0.330469 0.00252997
0 0.842969 0.487109 0.207813 0.311719 0.00258244
0 0.246484 0.526172 0.169531 0.244531 0.00278304
0 0.344922 0.4 0.230469 0.384375 0.00328891
0 0.845703 0.585156 0.219531 0.170312 0.00356694
0 0.772656 0.4875 0.16875 0.210938 0.0049449
0 0.305469 0.567969 0.134375 0.109375 0.0051718
0 0.720312 0.252734 0.18125 0.180469 0.0105747
0 0.785547 0.400391 0.246094 0.435156 0.0110168
0 0.3 0.471484 0.23125 0.330469 0.0124978
0 0.799609 0.539844 0.219531 0.217187 0.0183559
0 0.305859 0.554688 0.210156 0.160938 0.0310657
