0 0.781641 0.277734 0.0523437 0.0648438 0.000118331
0 0.317969 0.597266 0.120312 0.138281 0.000120781
0 0.799219 0.641406 0.0890625 0.110937 0.000128021
0 0.307813 0.33125 0.109375 0.179688 0.000137252
0 0.835547 0.675781 0.166406 0.164062 0.000147618
0 0.301562 0.606641 0.167187 0.216406 0.000163731
0 0.748047 0.638281 0.183594 0.179688 0.000207778
0 0.814062 0.673437 0.090625 0.0953125 0.000211832
0 0.278906 0.693359 0.13125 0.125781 0.000281999
0 0.791797 0.651172 0.289844 0.271094 0.000305922
0 0.244531 0.678516 0.15625 0.169531 0.000395239
0 0.765234 0.691406 0.152344 0.139062 0.00042654
0 0.340234 0.642578 0.182031 0.194531 0.000462456
0 0.788281 0.610547 0.167187 0.205469 0.000567474
0 0.784375 0.672656 0.0890625 0.0828125 0.00165433
0 0.292969 0.670313 0.19375 0.203125 0.00324899
0 0.791016 0.6625 0.147656 0.148438 0.0125735
