0 0.685938 0.548047 0.360938 0.533594 0.000100207
0 0.744922 0.574219 0.150781 0.223438 0.000108485
0 0.296875 0.514063 0.0890625 0.09375 0.000110646
0 0.259375 0.402734 0.09375 0.105469 0.000114675
0 0.215234 0.349609 0.0851562 0.113281 0.000115223
0 0.0820312 0.787891 0.164062 0.424219 0.000118656
0 0.237109 0.385547 0.0929687 0.113281 0.000121062
0 0.172656 0.617188 0.0859375 0.110937 0.000130639
0 0.717188 0.318359 0.154687 0.196094 0.000132577
0 0.279297 0.546484 0.0867188 0.0960938 0.000136539
0 0.721484 0.471094 0.213281 0.198437 0.000139745
0 0.186328 0.534375 0.294531 0.532812 0.000141454
0 0.341406 0.552734 0.140625 0.235156 0.000150333
0 0.665234 0.395703 0.210156 0.439844 0.000162854
0 0.0574219 0.705859 0.113281 0.588281 0.000164599
0 0.342187 0.488672 0.175 0.172656 0.000164676
0 0.202734 0.486719 0.135156 0.271875 0.000174011
0 0.355078 0.382422 0.141406 0.199219 0.00017524
0 0.223047 0.554297 0.169531 0.197656 0.000179031
0 0.329297 0.238672 0.157031 0.166406 0.000180977
0 0.198047 0.320312 0.169531 0.2625 0.000183946
0 0.976953 0.480078 0.0460938 0.463281 0.000188926
0 0.178516 0.532422 0.108594 0.271094 0.000200512
0 0.785156 0.607031 0.151562 0.2 0.000224274
0 0.285937 0.648047 0.34375 0.303906 0.000241809
0 0.345703 0.303516 0.146094 0.233594 0.000262402
0 0.8625 0.574609 0.084375 0.113281 0.000274653
0 0.300781 0.402344 0.0921875 0.103125 0.000317591
0 0.175781 0.433203 0.139062 0.292969 0.000332785
0 0.385938 0.370703 0.167187 0.344531 0.000354821
0 0.323828 0.614453 0.167969 0.185156 0.000356858
0 0.812109 0.662891 0.266406 0.302344 0.00037476
0 0.251953 0.275781 0.261719 0.304688 0.000374968
0 0.783203 0.492188 0.217969 0.210938 0.000381933
0 0.382031 0.237891 0.14375 0.152344 0.000389851
0 0.377734 0.603516 0.186719 0.303906 0.000427451
0 0.201953 0.387891 0.0882813 0.117969 0.000491539
0 0.691797 0.612891 0.178906 0.203906 0.000502527
0 0.695312 0.248828 0.189063 0.236719 0.000536586
0 0.301172 0.327734 0.152344 0.228906 0.000546063
0 0.160547 0.635938 0.103906 0.179688 0.000581107
0 0.371094 0.438281 0.248437 0.56875 0.000638353
0 0.261719 0.528906 0.084375 0.090625 0.000726993
0 0.298438 0.550391 0.167187 0.172656 0.000774931
0 0.708984 0.522656 0.235156 0.376563 0.000875868
0 0.244141 0.485547 0.138281 0.246094 0.000878745
0 0.261719 0.449609 0.221875 0.213281 0.000976846
0 0.873047 0.534766 0.166406 0.344531 0.00101202
0 0.876953 0.628516 0.147656 0.227344 0.00101652
0 0.828125 0.453516 0.189063 0.407031 0.00106635
0 0.283203 0.489062 0.135156 0.214062 0.00115575
0 0.186328 0.605859 0.146094 0.219531 0.00194306
0 0.260938 0.529297 0.129688 0.130469 0.00200682
0 0.315625 0.422266 0.201562 0.191406 0.00206706
0 0.715234 0.323047 0.241406 0.386719 0.0021543
0 0.246484 0.328906 0.191406 0.215625 0.0023343
0 0.310937 0.596094 0.234375 0.271875 0.00236299
0 0.859766 0.577344 0.117969 0.189063 0.00250477
0 0.360156 0.249219 0.192188 0.251563 0.00251499
0 0.746094 0.626562 0.257812 0.289062 0.00261727
0 0.801562 0.551562 0.198437 0.223438 0.00267836
0 0.319141 0.386328 0.146094 0.158594 0.0043733
0 0.226172 0.599219 0.244531 0.271875 0.00466703
0 0.33125 0.435156 0.214062 0.360938 0.00509087
0 0.210938 0.479688 0.195312 0.389062 0.00537283
0 0.208984 0.387891 0.135156 0.196094 0.0085819
0 0.333594 0.315625 0.232812 0.323438 0.0100451
0 0.837109 0.596875 0.196094 0.2375 0.0150196
0 0.264062 0.385547 0.221875 0.174219 0.0267921
0 0.278125 0.491406 0.270312 0.4375 0.0426719
0 0.765625 0.423047 0.31875 0.571094 0.0505651
0 0.783203 0.553516 0.278906 0.352344 0.233521
0 0.280078 0.363672 0.250781 0.322656 0.267451
