0 0.726562 0.226953 0.198437 0.285156 0.000103526
0 0.764453 0.569141 0.0914062 0.102344 0.00010813
0 0.982031 0.563672 0.0359375 0.375781 0.000109152
0 0.698828 0.142188 0.375781 0.273438 0.000110528
0 0.488672 0.358203 0.336719 0.661719 0.000119885
0 0.612891 0.204297 0.386719 0.386719 0.000120739
0 0.236719 0.778125 0.140625 0.164062 0.000121176
0 0.788281 0.310156 0.08125 0.15625 0.000122849
0 0.973437 0.475391 0.0515625 0.594531 0.000128562
0 0.985937 0.361719 0.028125 0.242188 0.000129641
0 0.364453 0.154297 0.152344 0.130469 0.000130006
0 0.309766 0.225781 0.125781 0.175 0.000131652
0 0.777734 0.298438 0.0648438 0.0859375 0.000140077
0 0.239063 0.286719 0.0859375 0.120312 0.000145798
0 0.299219 0.196484 0.09375 0.103906 0.000150002
0 0.3 0.727734 0.217187 0.257031 0.000155635
0 0.682031 0.698828 0.154687 0.255469 0.000155939
0 0.735156 0.937109 0.21875 0.125781 0.000156478
0 0.765234 0.300781 0.121094 0.234375 0.00015874
0 0.944922 0.271875 0.0960938 0.540625 0.00016239
0 0.357031 0.1875 0.220313 0.270312 0.000170811
0 0.743359 0.217187 0.0601562 0.0796875 0.000170854
0 0.2375 0.378125 0.114063 0.21875 0.000171039
0 0.737891 0.198828 0.0804688 0.0960938 0.000175391
0 0.743359 0.280859 0.0851562 0.114844 0.000177692
0 0.734766 0.785937 0.192969 0.298438 0.000185353
0 0.226953 0.804688 0.191406 0.292188 0.000186428
0 0.741406 0.235938 0.13125 0.196875 0.000206106
0 0.739844 0.601562 0.165625 0.209375 0.000206768
0 0.363672 0.146094 0.341406 0.285937 0.000208167
0 0.772266 0.373828 0.113281 0.255469 0.000208291
0 0.265625 0.301953 0.126563 0.175781 0.000211037
0 0.487109 0.197656 0.311719 0.395312 0.000217398
0 0.971875 0.274609 0.053125 0.521094 0.000241958
0 0.98125 0.434766 0.0375 0.333594 0.000246023
0 0.770703 0.488672 0.124219 0.258594 0.000246466
0 0.748438 0.232422 0.090625 0.125781 0.00028709
0 0.769531 0.891406 0.198437 0.217187 0.000307766
0 0.7625 0.3 0.0828125 0.123438 0.000309033
0 0.766406 0.710547 0.1875 0.414844 0.000393869
0 0.243359 0.717969 0.188281 0.30625 0.000411877
0 0.772266 0.623047 0.150781 0.307031 0.000463268
0 0.766016 0.237891 0.0664062 0.0804688 0.000470501
0 0.770312 0.561719 0.126563 0.159375 0.000654473
0 0.771094 0.265625 0.0859375 0.132812 0.000701595
