0 0.766016 0.212109 0.0351562 0.0570313 0.000101505
0 0.380469 0.350781 0.1875 0.35 0.000105365
0 0.182031 0.444922 0.0921875 0.192969 0.000105478
0 0.749219 0.195312 0.03125 0.046875 0.000108993
0 0.810547 0.3625 0.141406 0.276563 0.000111457
0 0.798047 0.214062 0.0304688 0.0578125 0.000111557
0 0.797656 0.194922 0.034375 0.0585938 0.000121728
0 0.167578 0.578906 0.107031 0.270312 0.000123824
0 0.771094 0.196484 0.046875 0.0679687 0.000128518
0 0.66875 0.702734 0.203125 0.400781 0.000136967
0 0.778906 0.18125 0.03125 0.05 0.000140948
0 0.389453 0.272656 0.150781 0.165625 0.000143757
0 0.173828 0.640625 0.0882813 0.114063 0.000146202
0 0.182031 0.384766 0.059375 0.107031 0.000146307
0 0.782812 0.330469 0.257812 0.435937 0.00015773
0 0.716797 0.302344 0.249219 0.317187 0.000162197
0 0.761328 0.182422 0.0289063 0.0445312 0.000163679
0 0.14375 0.716406 0.114063 0.209375 0.0001652
0 0.884766 0.737891 0.0976562 0.171094 0.000173725
0 0.2625 0.494141 0.176563 0.174219 0.00018046
0 0.234766 0.332812 0.169531 0.239063 0.000188469
0 0.343359 0.204297 0.217969 0.196094 0.000188726
0 0.210156 0.35625 0.104687 0.167187 0.000188757
0 0.196484 0.533594 0.132031 0.260938 0.000197595
0 0.805469 0.628906 0.153125 0.279687 0.000203501
0 0.155078 0.746094 0.283594 0.426562 0.000227544
0 0.778516 0.212109 0.0289063 0.0523437 0.000235006
0 0.530078 0.560547 0.463281 0.878906 0.00023509
0 0.405469 0.475391 0.20625 0.382031 0.000259465
0 0.872656 0.760547 0.2375 0.405469 0.000271189
0 0.764844 0.197266 0.0296875 0.0492188 0.000279792
0 0.692187 0.677734 0.184375 0.238281 0.000286383
0 0.312891 0.201172 0.171094 0.132031 0.000296231
0 0.240625 0.553125 0.195312 0.209375 0.000297133
0 0.80625 0.738281 0.276563 0.307813 0.000301095
0 0.417188 0.545313 0.342187 0.590625 0.000316633
0 0.669141 0.627734 0.366406 0.633594 0.000320599
0 0.851953 0.511719 0.114844 0.239063 0.000334239
0 0.679297 0.469531 0.225781 0.360938 0.000337353
0 0.774609 0.198047 0.0304688 0.0507812 0.00035302
0 0.856641 0.631641 0.121094 0.289844 0.000367432
0 0.8875 0.721875 0.146875 0.259375 0.000423094
0 0.191797 0.619141 0.124219 0.221094 0.000481568
0 0.214062 0.658594 0.1875 0.217187 0.000586838
0 0.301562 0.399219 0.265625 0.426562 0.000587746
0 0.195312 0.439844 0.13125 0.270312 0.000600333
0 0.284766 0.591797 0.238281 0.221094 0.000612253
0 0.188672 0.390625 0.0882813 0.154687 0.00065373
0 0.317187 0.284375 0.228125 0.290625 0.000683148
0 0.137891 0.686719 0.150781 0.34375 0.000727734
0 0.238281 0.449219 0.215625 0.375 0.000786387
0 0.823438 0.472266 0.132812 0.267969 0.000790299
0 0.705078 0.564453 0.230469 0.374219 0.000814445
0 0.177344 0.553516 0.290625 0.572656 0.000863953
0 0.864062 0.526953 0.1625 0.421094 0.000909306
0 0.388281 0.544922 0.151562 0.271094 0.00126123
0 0.185156 0.719922 0.189063 0.286719 0.00137629
0 0.347266 0.568359 0.150781 0.216406 0.00145272
0 0.163672 0.660156 0.110156 0.215625 0.00192236
0 0.811328 0.45 0.178906 0.45 0.00205766
0 0.338281 0.626562 0.228125 0.3125 0.00247436
0 0.305469 0.528516 0.204688 0.192969 0.00266075
0 0.766016 0.569141 0.217969 0.202344 0.00267409
0 0.756641 0.660547 0.305469 0.339844 0.0030306
0 0.821484 0.552344 0.146094 0.259375 0.00563612
0 0.246094 0.449219 0.3 0.60625 0.00573516
0 0.221484 0.671094 0.305469 0.35625 0.00653712
0 0.198047 0.530859 0.171094 0.471094 0.00761302
0 0.846484 0.648828 0.183594 0.386719 0.00808608
0 0.752734 0.479688 0.314844 0.575 0.0216425
0 0.340234 0.503125 0.210156 0.30625 0.0374381
0 0.171484 0.635938 0.150781 0.334375 0.0379886
0 0.290234 0.563672 0.300781 0.380469 0.12839
0 0.798047 0.576172 0.230469 0.416406 0.327022
