0 0.271484 0.363281 0.0914062 0.139062 0.000101148
0 0.281641 0.425781 0.111719 0.242188 0.000103407
0 0.422266 0.393359 0.124219 0.238281 0.000105547
0 0.301172 0.377344 0.0804688 0.09375 0.000108361
0 0.80625 0.38125 0.0640625 0.08125 0.000111618
0 0.783203 0.0972656 0.305469 0.186719 0.000112034
0 0.409375 0.525391 0.120312 0.157031 0.000117874
0 0.341406 0.279687 0.129688 0.167187 0.000124691
0 0.720703 0.575 0.152344 0.165625 0.000126708
0 0.239844 0.531641 0.078125 0.0976562 0.000127314
0 0.256641 0.552734 0.0882813 0.102344 0.000128289
0 0.783203 0.214844 0.0820312 0.0890625 0.000128684
0 0.319922 0.404687 0.111719 0.214062 0.000130826
0 0.271875 0.544531 0.282813 0.315625 0.000135127
0 0.755859 0.482031 0.146094 0.248437 0.000137539
0 0.344922 0.491797 0.0882813 0.0898438 0.000141263
0 0.812109 0.323047 0.150781 0.247656 0.000141462
0 0.704687 0.122266 0.229687 0.213281 0.000144914
0 0.802344 0.467578 0.0765625 0.0867188 0.000145941
0 0.653516 0.155859 0.147656 0.188281 0.000147339
0 0.683203 0.187109 0.169531 0.132031 0.000150415
0 0.761328 0.377734 0.180469 0.257031 0.000151192
0 0.335938 0.342578 0.115625 0.114844 0.000163448
0 0.316797 0.324609 0.0820312 0.0898438 0.00016382
0 0.381641 0.531641 0.0851562 0.103906 0.000164681
0 0.798828 0.412891 0.292969 0.511719 0.000167522
0 0.842578 0.328125 0.0914062 0.13125 0.000175294
0 0.797656 0.198828 0.0734375 0.0867188 0.000177026
0 0.800391 0.034375 0.207031 0.06875 0.000196445
0 0.864062 0.472266 0.103125 0.194531 0.000199217
0 0.623828 0.2 0.0664062 0.1 0.000200671
0 0.344922 0.40625 0.288281 0.453125 0.000200728
0 0.363672 0.514453 0.0898438 0.107031 0.000216545
0 0.769531 0.0527344 0.245312 0.105469 0.000219251
0 0.803516 0.405469 0.105469 0.198437 0.000225766
0 0.870313 0.403516 0.0859375 0.152344 0.000230795
0 0.853906 0.623438 0.189063 0.159375 0.000241996
0 0.407031 0.475391 0.145313 0.236719 0.000249057
0 0.910937 0.562109 0.110937 0.236719 0.000262049
0 0.811719 0.580859 0.292188 0.266406 0.000332721
0 0.901953 0.610547 0.0757812 0.0945313 0.000334173
0 0.802344 0.467969 0.1 0.140625 0.000371862
0 0.310547 0.580859 0.266406 0.180469 0.000396065
0 0.824219 0.358203 0.103125 0.149219 0.000417478
0 0.824219 0.489062 0.129688 0.221875 0.000440862
0 0.260547 0.56875 0.160156 0.14375 0.000471366
0 0.326172 0.494531 0.139844 0.139062 0.000494505
0 0.380859 0.546484 0.128906 0.139844 0.00049842
0 0.803125 0.572656 0.123438 0.129688 0.000607652
0 0.846875 0.39375 0.117188 0.2 0.000709355
0 0.318359 0.311719 0.132031 0.148438 0.0007609
0 0.247656 0.530469 0.121875 0.170312 0.000878972
0 0.267188 0.4875 0.145313 0.246875 0.000911043
0 0.755078 0.604297 0.172656 0.166406 0.000936384
0 0.819531 0.40625 0.154687 0.279687 0.00103135
0 0.883594 0.487891 0.123438 0.286719 0.00105768
0 0.767187 0.548047 0.165625 0.205469 0.00115798
0 0.298828 0.344922 0.0976562 0.114844 0.00134623
0 0.889453 0.598828 0.111719 0.139844 0.00144205
0 0.315625 0.44375 0.1875 0.304688 0.00162073
0 0.295312 0.365625 0.115625 0.19375 0.0018662
0 0.358984 0.515625 0.150781 0.15 0.00213754
0 0.809766 0.587891 0.214844 0.175781 0.00288228
0 0.81875 0.486719 0.19375 0.310937 0.00407787
0 0.848437 0.544922 0.184375 0.236719 0.00687001
0 0.313281 0.533203 0.221875 0.171094 0.01213
