0 0.0609375 0.046875 0.1125 0.0921875 0.00010125
0 0.339844 0.714453 0.13125 0.139844 0.000101782
0 0.464063 0.513281 0.084375 0.114063 0.000102023
0 0.303906 0.534766 0.10625 0.205469 0.00010371
0 0.671484 0.227734 0.0820312 0.103906 0.000104901
0 0.973828 0.474609 0.0523437 0.341406 0.000106236
0 0.391406 0.316016 0.0828125 0.119531 0.000109968
0 0.427344 0.721484 0.125 0.196094 0.000116582
0 0.791797 0.359375 0.144531 0.3375 0.00011703
0 0.976172 0.0355469 0.0476562 0.0710938 0.000117133
0 0.748438 0.231641 0.11875 0.127344 0.000119872
0 0.737891 0.762109 0.0898438 0.103906 0.000120326
0 0.402734 0.310937 0.166406 0.229687 0.000121505
0 0.758594 0.321875 0.107813 0.198437 0.0001216
0 0.482812 0.386719 0.125 0.364062 0.000122881
0 0.359766 0.401953 0.133594 0.200781 0.000124408
0 0.970703 0.646484 0.0585938 0.574219 0.000135075
0 0.459375 0.181641 0.0453125 0.0523437 0.000136434
0 0.976953 0.646875 0.0460938 0.365625 0.000138742
0 0.71875 0.325 0.104687 0.198437 0.000139589
0 0.682422 0.770312 0.292969 0.282813 0.000144413
0 0.952734 0.0578125 0.0945313 0.115625 0.000146426
0 0.459766 0.196094 0.0585938 0.06875 0.000155216
0 0.108203 0.0285156 0.214844 0.0570313 0.000156612
0 0.974609 0.0667969 0.0507812 0.133594 0.000158246
0 0.936328 0.779297 0.127344 0.441406 0.000169203
0 0.3875 0.319141 0.04375 0.0601562 0.000169593
0 0.345703 0.0289063 0.247656 0.0578125 0.000170086
0 0.797656 0.514844 0.110937 0.246875 0.000180354
0 0.814062 0.698438 0.1 0.220313 0.000182687
0 0.738672 0.429688 0.100781 0.195312 0.000193741
0 0.230859 0.0292969 0.285156 0.0585938 0.000198405
0 0.789453 0.819922 0.296094 0.291406 0.00020296
0 0.887891 0.858203 0.219531 0.283594 0.000206409
0 0.7125 0.485156 0.153125 0.36875 0.000226592
0 0.462891 0.217578 0.0773437 0.0992187 0.000229231
0 0.487891 0.230859 0.0617188 0.0804688 0.00022934
0 0.830859 0.804297 0.119531 0.236719 0.000235536
0 0.485938 0.182422 0.053125 0.0539063 0.000274122
0 0.463672 0.279687 0.138281 0.2375 0.000290317
0 0.693359 0.543359 0.211719 0.589844 0.000290414
0 0.480859 0.219531 0.0945313 0.135937 0.000291754
0 0.700391 0.757422 0.0929687 0.102344 0.000293101
0 0.725391 0.616406 0.138281 0.25625 0.000300943
0 0.802344 0.796875 0.123438 0.16875 0.000319488
0 0.782812 0.617969 0.0875 0.1125 0.000320219
0 0.485938 0.537109 0.282813 0.399219 0.000330849
0 0.7125 0.222266 0.11875 0.119531 0.000348968
0 0.683594 0.701172 0.132812 0.239844 0.000357347
0 0.738672 0.360156 0.160156 0.33125 0.000413915
0 0.728516 0.800391 0.239844 0.189844 0.000439953
0 0.697266 0.199609 0.0898438 0.0835937 0.000448252
0 0.348828 0.707812 0.216406 0.203125 0.000483806
0 0.364453 0.613672 0.152344 0.242969 0.000490394
0 0.726562 0.271094 0.140625 0.204688 0.000496207
0 0.445703 0.535547 0.0882813 0.113281 0.000527036
0 0.766016 0.657422 0.135156 0.213281 0.000549645
0 0.764453 0.537891 0.138281 0.282031 0.000580278
0 0.329688 0.535937 0.196875 0.36875 0.000677594
0 0.321094 0.677734 0.135937 0.186719 0.000693854
0 0.388281 0.551953 0.192188 0.189844 0.00072146
0 0.426953 0.603906 0.0820312 0.0984375 0.000739085
0 0.278125 0.685547 0.14375 0.227344 0.000753879
0 0.798828 0.635547 0.102344 0.200781 0.000834762
0 0.480078 0.200781 0.0664062 0.090625 0.000847685
0 0.467187 0.476953 0.110937 0.207031 0.00088592
0 0.300781 0.598828 0.126563 0.260156 0.000955559
0 0.821094 0.702734 0.278125 0.467969 0.0010252
0 0.466406 0.605859 0.134375 0.288281 0.00115316
0 0.760547 0.758984 0.149219 0.166406 0.00139589
0 0.429297 0.445312 0.180469 0.371875 0.0015002
0 0.822266 0.610547 0.133594 0.433594 0.00179117
0 0.712109 0.654688 0.210156 0.3375 0.00182621
0 0.410937 0.609375 0.13125 0.198437 0.00202543
0 0.78125 0.59375 0.117188 0.196875 0.0024165
0 0.428906 0.658203 0.15625 0.314844 0.00258598
0 0.767969 0.430469 0.176563 0.5125 0.0026109
0 0.793359 0.530859 0.139844 0.405469 0.00424126
0 0.704687 0.757812 0.182812 0.16875 0.00483171
0 0.386328 0.480859 0.286719 0.542969 0.00486637
0 0.799609 0.75625 0.152344 0.276563 0.00490848
0 0.319922 0.643359 0.197656 0.267969 0.00753574
0 0.432422 0.567969 0.111719 0.157813 0.0109713
0 0.398828 0.523438 0.216406 0.353125 0.013627
0 0.739844 0.728516 0.221875 0.257031 0.0207166
0 0.749609 0.562891 0.197656 0.492969 0.0214898
0 0.375781 0.614844 0.239063 0.323438 0.0388454
0 0.448047 0.537109 0.142969 0.263281 0.0861796
0 0.779688 0.650391 0.157813 0.383594 0.151369
