0 0.799219 0.384766 0.0796875 0.133594 0.000100605
0 0.885938 0.0339844 0.228125 0.0664062 0.000101479
0 0.307422 0.360547 0.186719 0.183594 0.000102411
0 0.694922 0.596094 0.0867188 0.1125 0.000103161
0 0.8 0.449219 0.0953125 0.142188 0.00010354
0 0.197656 0.426562 0.0859375 0.107813 0.000104215
0 0.727734 0.321094 0.182031 0.21875 0.000105608
0 0.136328 0.591016 0.119531 0.142969 0.000106008
0 0.979297 0.433984 0.0414063 0.407031 0.000107842
0 0.766406 0.748828 0.342187 0.352344 0.000108922
0 0.819922 0.58125 0.0867188 0.114063 0.000115585
0 0.345313 0.532812 0.090625 0.1 0.000115989
0 0.435547 0.0410156 0.414844 0.0820312 0.000117925
0 0.260156 0.298438 0.096875 0.104687 0.00012554
0 0.278125 0.298828 0.154687 0.139844 0.000126134
0 0.761719 0.3625 0.0734375 0.0875 0.000126942
0 0.709375 0.46875 0.139062 0.232812 0.00012961
0 0.242188 0.489844 0.0859375 0.0984375 0.000129789
0 0.687891 0.270703 0.108594 0.114844 0.000129949
0 0.646094 0.448047 0.125 0.191406 0.00013248
0 0.261719 0.514844 0.0890625 0.110937 0.000133042
0 0.674219 0.948047 0.104687 0.103906 0.000134002
0 0.661328 0.460938 0.0867188 0.107813 0.000136758
0 0.589063 0.467969 0.33125 0.592188 0.000137149
0 0.396875 0.446875 0.198437 0.365625 0.00013721
0 0.7875 0.635938 0.0875 0.109375 0.000138837
0 0.676172 0.391406 0.0710938 0.101562 0.000139893
0 0.355078 0.251172 0.194531 0.185156 0.000139989
0 0.914844 0.0605469 0.170312 0.121094 0.000141431
0 0.767187 0.360938 0.164062 0.248437 0.000142071
0 0.309766 0.100781 0.277344 0.201562 0.000149845
0 0.302734 0.551172 0.0914062 0.110156 0.000153121
0 0.782031 0.488672 0.107813 0.164844 0.00015552
0 0.79375 0.0679687 0.4125 0.135937 0.000157989
0 0.838672 0.711328 0.117969 0.166406 0.000167618
0 0.767969 0.364062 0.1125 0.13125 0.000176039
0 0.797656 0.404297 0.11875 0.221094 0.000194095
0 0.517187 0.0667969 0.46875 0.133594 0.000195636
0 0.689453 0.460547 0.0820312 0.107031 0.00019639
0 0.282031 0.531641 0.090625 0.103906 0.000201221
0 0.698438 0.707812 0.339063 0.2375 0.000212624
0 0.257031 0.430859 0.140625 0.282031 0.000213413
0 0.861719 0.107422 0.275 0.214844 0.000217206
0 0.129688 0.483203 0.182812 0.355469 0.00022602
0 0.739062 0.539062 0.1875 0.207813 0.000227627
0 0.275 0.619141 0.309375 0.250781 0.00023985
0 0.674609 0.370703 0.0992187 0.189844 0.000243518
0 0.301562 0.475 0.204688 0.221875 0.000254521
0 0.218359 0.36875 0.119531 0.214062 0.000268757
0 0.270312 0.0398437 0.39375 0.0796875 0.000280771
0 0.800781 0.285156 0.373437 0.517187 0.000284503
0 0.739844 0.651172 0.15 0.153906 0.000298525
0 0.80625 0.145313 0.3875 0.290625 0.000299173
0 0.670313 0.921094 0.145313 0.15625 0.000317188
0 0.336719 0.317187 0.321875 0.36875 0.000317234
0 0.353906 0.201953 0.420312 0.391406 0.000337111
0 0.278906 0.314844 0.245312 0.226562 0.000337437
0 0.159766 0.145703 0.300781 0.291406 0.000355463
0 0.349609 0.386328 0.135156 0.161719 0.000357444
0 0.815625 0.535937 0.117188 0.270312 0.000359344
0 0.3875 0.370313 0.14375 0.23125 0.000359503
0 0.346875 0.467969 0.146875 0.2875 0.000389643
0 0.817969 0.653125 0.0875 0.115625 0.000391486
0 0.609375 0.542578 0.145313 0.288281 0.000409052
0 0.65625 0.553125 0.142188 0.234375 0.000419261
0 0.197656 0.582422 0.2625 0.225781 0.00044645
0 0.246875 0.545313 0.15 0.182812 0.000452525
0 0.439844 0.105859 0.460938 0.211719 0.000455913
0 0.632812 0.399609 0.167187 0.391406 0.000462999
0 0.18125 0.492969 0.145313 0.214062 0.000477834
0 0.169922 0.404297 0.211719 0.385156 0.000519165
0 0.814844 0.628125 0.279687 0.325 0.000569135
0 0.675391 0.491406 0.121094 0.209375 0.000628245
0 0.757812 0.407422 0.198437 0.436719 0.000699125
0 0.344141 0.535156 0.136719 0.154687 0.000766251
0 0.155859 0.549609 0.163281 0.216406 0.000849951
0 0.68125 0.372266 0.165625 0.316406 0.000962181
0 0.198828 0.428906 0.125781 0.234375 0.000977737
0 0.697656 0.63125 0.14375 0.173438 0.000988351
0 0.213672 0.287891 0.397656 0.558594 0.00100069
0 0.358594 0.0675781 0.448438 0.135156 0.00103019
0 0.215625 0.0738281 0.384375 0.147656 0.00103055
0 0.230078 0.369531 0.239844 0.346875 0.00109446
0 0.758594 0.596094 0.154687 0.214062 0.00109635
0 0.625391 0.607813 0.196094 0.225 0.00123466
0 0.795703 0.489844 0.158594 0.409375 0.001391
0 0.81875 0.672656 0.129688 0.196875 0.00143665
0 0.333203 0.585156 0.185156 0.217187 0.00164544
0 0.353125 0.319922 0.189063 0.225781 0.00189764
0 0.666016 0.650781 0.264844 0.228125 0.00209857
0 0.805469 0.617578 0.084375 0.0992187 0.00223426
0 0.699219 0.581641 0.175 0.200781 0.00275214
0 0.276172 0.121484 0.472656 0.242969 0.00282327
0 0.242578 0.496094 0.183594 0.190625 0.00311748
0 0.303516 0.55 0.150781 0.164062 0.00409698
0 0.341797 0.40625 0.214844 0.41875 0.00463377
0 0.816406 0.616797 0.10625 0.158594 0.00600478
0 0.676953 0.429688 0.0851562 0.109375 0.00629047
0 0.763281 0.66875 0.246875 0.209375 0.0086283
0 0.201953 0.478516 0.210156 0.302344 0.0115754
0 0.662891 0.557031 0.216406 0.317187 0.0119675
0 0.803516 0.615234 0.150781 0.222656 0.0160091
0 0.667969 0.46875 0.15625 0.328125 0.0223348
0 0.678125 0.431641 0.114063 0.169531 0.0241123
0 0.713672 0.490625 0.246094 0.428125 0.0554174
0 0.273047 0.448047 0.310156 0.439844 0.0679885
0 0.728906 0.611328 0.279687 0.260156 0.10632
0 0.282422 0.539453 0.250781 0.227344 0.106936
