0 0.0390625 0.207813 0.078125 0.415625 0.000100015
0 0.963281 0.065625 0.071875 0.13125 0.000103973
0 0.736719 0.741406 0.1625 0.164062 0.00010542
0 0.273438 0.447266 0.135937 0.342969 0.000107749
0 0.0585938 0.792578 0.117188 0.408594 0.00010776
0 0.976953 0.524609 0.0460938 0.505469 0.000108045
0 0.262891 0.551562 0.0851562 0.10625 0.000113451
0 0.235156 0.266406 0.0421875 0.0703125 0.000117434
0 0.746875 0.553125 0.139062 0.198437 0.000118352
0 0.637109 0.0355469 0.253906 0.0679687 0.000119188
0 0.438672 0.434375 0.157031 0.326562 0.000119826
0 0.708203 0.523438 0.192969 0.351562 0.000125062
0 0.314844 0.289453 0.246875 0.358594 0.000128102
0 0.925781 0.0402344 0.148438 0.0804688 0.000128948
0 0.719922 0.3 0.222656 0.332812 0.000131606
0 0.139453 0.608594 0.274219 0.782812 0.000133941
0 0.684766 0.639453 0.144531 0.227344 0.000135638
0 0.927734 0.0984375 0.144531 0.190625 0.000137149
0 0.604688 0.149609 0.364062 0.299219 0.00014512
0 0.424609 0.625781 0.386719 0.584375 0.000162312
0 0.482422 0.268359 0.225781 0.397656 0.000167787
0 0.344141 0.65 0.136719 0.153125 0.000186267
0 0.608203 0.267188 0.299219 0.482812 0.000186809
0 0.414453 0.639844 0.141406 0.170312 0.000189103
0 0.948047 0.707031 0.103906 0.585938 0.000190246
0 0.821875 0.702344 0.290625 0.464063 0.000214488
0 0.0433594 0.318359 0.0851562 0.346094 0.000226773
0 0.737891 0.408203 0.194531 0.308594 0.000242249
0 0.969141 0.649609 0.0617188 0.625781 0.000247413
0 0.300781 0.554297 0.164062 0.199219 0.000269313
0 0.635938 0.0652344 0.404687 0.130469 0.000269917
0 0.432422 0.452344 0.277344 0.546875 0.000280748
0 0.264062 0.532812 0.110937 0.16875 0.000294391
0 0.522266 0.194141 0.322656 0.388281 0.000295519
0 0.398438 0.203906 0.365625 0.384375 0.000300591
0 0.217969 0.46875 0.273438 0.621875 0.000301139
0 0.0925781 0.232812 0.185156 0.465625 0.000319096
0 0.852734 0.0960938 0.294531 0.185937 0.000319799
0 0.06875 0.321484 0.135937 0.241406 0.000330709
0 0.772656 0.56875 0.284375 0.44375 0.000359385
0 0.782422 0.730078 0.124219 0.142969 0.0003598
0 0.811719 0.0367187 0.360938 0.0734375 0.000376686
0 0.0394531 0.48125 0.0773437 0.567187 0.000402101
0 0.889063 0.0640625 0.221875 0.126563 0.000404368
0 0.410547 0.286328 0.227344 0.324219 0.000414154
0 0.366797 0.392578 0.239844 0.514844 0.00043826
0 0.40625 0.55625 0.203125 0.35625 0.00043846
0 0.257422 0.627344 0.292969 0.389062 0.00045697
0 0.483594 0.307813 0.360938 0.559375 0.000501184
0 0.711328 0.688672 0.161719 0.185156 0.00050953
0 0.805469 0.477344 0.11875 0.232812 0.000512955
0 0.0949219 0.473828 0.189844 0.728906 0.00051484
0 0.252734 0.641406 0.172656 0.26875 0.000612001
0 0.798828 0.529688 0.0867188 0.101562 0.000642062
0 0.827344 0.722266 0.154687 0.191406 0.000663257
0 0.303906 0.632031 0.1375 0.195312 0.000672056
0 0.0632813 0.620313 0.123438 0.745313 0.000866606
0 0.732813 0.115625 0.482812 0.223438 0.000977587
0 0.778906 0.689844 0.296875 0.295312 0.00104205
0 0.782812 0.0648438 0.428125 0.126563 0.00107175
0 0.260547 0.564453 0.150781 0.257031 0.0012596
0 0.309375 0.483203 0.2125 0.455469 0.00126934
0 0.763672 0.480078 0.164844 0.258594 0.00135149
0 0.377734 0.608984 0.177344 0.211719 0.00141298
0 0.763281 0.699609 0.123438 0.142969 0.00149999
0 0.809766 0.63125 0.174219 0.3375 0.00168578
0 0.0664062 0.354297 0.132812 0.538281 0.00180447
0 0.75625 0.636719 0.198437 0.2875 0.0038166
0 0.787891 0.535937 0.149219 0.190625 0.00517814
0 0.780469 0.702734 0.189063 0.186719 0.00921088
0 0.312109 0.621094 0.222656 0.242188 0.01013
