0 0.191406 0.527344 0.0890625 0.10625 0.000101339
0 0.78125 0.428906 0.0875 0.117188 0.000103168
0 0.759375 0.549609 0.090625 0.0992187 0.000103773
0 0.982031 0.605078 0.0359375 0.341406 0.000106551
0 0.778125 0.365234 0.0796875 0.111719 0.000109942
0 0.764063 0.486328 0.0859375 0.103906 0.000111342
0 0.601562 0.541016 0.235938 0.450781 0.000111369
0 0.601172 0.513281 0.0804688 0.1125 0.000114841
0 0.801172 0.510547 0.0789063 0.111719 0.000118726
0 0.261719 0.0632813 0.385938 0.126563 0.000118849
0 0.617188 0.494922 0.134375 0.177344 0.000122154
0 0.748828 0.244531 0.0929687 0.0828125 0.000122506
0 0.762891 0.343359 0.0898438 0.111719 0.000123832
0 0.778516 0.590234 0.136719 0.141406 0.000127626
0 0.671484 0.313672 0.196094 0.239844 0.000132558
0 0.123828 0.591406 0.175781 0.259375 0.000166471
0 0.178125 0.433203 0.114063 0.200781 0.000168126
0 0.598828 0.553516 0.0851562 0.141406 0.000174687
0 0.677344 0.567187 0.145313 0.164062 0.00019274
0 0.347266 0.476953 0.128906 0.146094 0.000195724
0 0.783984 0.46875 0.0851562 0.104687 0.000215254
0 0.192188 0.625781 0.251563 0.225 0.000217266
0 0.791016 0.389062 0.105469 0.201562 0.000218024
0 0.329688 0.516016 0.14375 0.169531 0.000240844
0 0.171484 0.496094 0.0898438 0.115625 0.000248141
0 0.725781 0.383594 0.164062 0.179688 0.000273262
0 0.19375 0.569531 0.146875 0.15625 0.000296943
0 0.815234 0.510156 0.0882813 0.19375 0.000301506
0 0.676953 0.494922 0.146094 0.199219 0.000307931
0 0.195703 0.322656 0.105469 0.1625 0.000309607
0 0.214062 0.355469 0.15 0.225 0.000331829
0 0.723047 0.470703 0.144531 0.178906 0.000361069
0 0.684375 0.599219 0.284375 0.334375 0.000374878
0 0.254297 0.414453 0.260156 0.335156 0.000392739
0 0.169141 0.545703 0.0898438 0.103906 0.000441728
0 0.823047 0.560156 0.0617188 0.1125 0.000472482
0 0.719141 0.529297 0.146094 0.155469 0.000475997
0 0.301953 0.483984 0.225781 0.202344 0.00051873
0 0.253125 0.594922 0.282813 0.213281 0.000617213
0 0.774219 0.344531 0.107813 0.215625 0.000720925
0 0.799219 0.549219 0.10625 0.154687 0.000801336
0 0.720312 0.585156 0.24375 0.201562 0.00121334
0 0.169922 0.479297 0.282031 0.353906 0.0012293
0 0.764844 0.425391 0.128125 0.205469 0.0013054
0 0.627344 0.553906 0.146875 0.18125 0.00131938
0 0.713281 0.273828 0.145313 0.164844 0.00140873
0 0.139062 0.487891 0.134375 0.247656 0.00194571
0 0.185937 0.416406 0.153125 0.334375 0.0019608
0 0.710156 0.357812 0.23125 0.378125 0.00219278
0 0.723828 0.259375 0.100781 0.117188 0.00221229
0 0.143359 0.545313 0.108594 0.16875 0.00234023
0 0.761328 0.491016 0.160156 0.194531 0.00276391
0 0.766406 0.548828 0.176563 0.188281 0.00374272
0 0.792969 0.474609 0.132812 0.289844 0.00672309
0 0.153516 0.525391 0.0835937 0.103906 0.00759187
0 0.192188 0.559766 0.210938 0.221094 0.00897903
0 0.740234 0.317969 0.150781 0.234375 0.00905734
0 0.218359 0.487109 0.236719 0.246094 0.0148197
0 0.678516 0.532812 0.210156 0.198437 0.0207638
0 0.760938 0.396094 0.159375 0.351562 0.0282126
0 0.721484 0.478516 0.242969 0.296094 0.0404677
0 0.171094 0.514844 0.146875 0.184375 0.105829
