0 0.98125 0.883594 0.0375 0.232812 0.000101545
0 0.8625 0.73125 0.0828125 0.101562 0.000101937
0 0.789062 0.489062 0.0828125 0.104687 0.000102249
0 0.325 0.754687 0.235938 0.184375 0.000105612
0 0.615234 0.01875 0.205469 0.0375 0.000107513
0 0.568359 0.0316406 0.271094 0.0632813 0.000108729
0 0.718359 0.06875 0.314844 0.135937 0.000109765
0 0.840625 0.0210938 0.148438 0.0390625 0.00011513
0 0.383203 0.613672 0.130469 0.203906 0.000119643
0 0.119531 0.0503906 0.239063 0.100781 0.000124983
0 0.356641 0.592578 0.136719 0.136719 0.000141471
0 0.978906 0.565625 0.0421875 0.496875 0.000143645
0 0.742188 0.730469 0.232812 0.19375 0.000147179
0 0.330078 0.33125 0.288281 0.242188 0.000147218
0 0.762109 0.633594 0.175781 0.207813 0.000147506
0 0.339063 0.421484 0.134375 0.169531 0.000148153
0 0.742188 0.694531 0.142188 0.151562 0.000148628
0 0.301953 0.421094 0.0757812 0.114063 0.000148643
0 0.750391 0.332812 0.188281 0.23125 0.000154944
0 0.394531 0.377344 0.271875 0.354688 0.000158329
0 0.0402344 0.934375 0.0804688 0.13125 0.000158839
0 0.407031 0.426172 0.117188 0.161719 0.000161071
0 0.804688 0.699219 0.0875 0.101562 0.000161615
0 0.639063 0.0433594 0.33125 0.0851562 0.000162783
0 0.671094 0.363281 0.139062 0.259375 0.000164191
0 0.781641 0.794141 0.330469 0.311719 0.000171211
0 0.275391 0.389844 0.150781 0.203125 0.000176573
0 0.245312 0.739453 0.0859375 0.141406 0.000184506
0 0.0257812 0.902734 0.0515625 0.186719 0.000188572
0 0.661328 0.273438 0.130469 0.176563 0.000191779
0 0.875781 0.734766 0.117188 0.167969 0.000196384
0 0.796484 0.590625 0.177344 0.204688 0.000197322
0 0.713672 0.518359 0.210156 0.333594 0.000202826
0 0.910937 0.851562 0.178125 0.289062 0.000208973
0 0.759766 0.448828 0.167969 0.166406 0.000213996
0 0.805859 0.653906 0.141406 0.196875 0.000214928
0 0.319141 0.556641 0.138281 0.232031 0.000217432
0 0.967578 0.924609 0.0648438 0.150781 0.000222325
0 0.658984 0.0277344 0.232031 0.0539063 0.000226633
0 0.285547 0.488672 0.116406 0.272656 0.000237362
0 0.707812 0.648047 0.234375 0.357031 0.000242134
0 0.424219 0.744141 0.151562 0.182031 0.000242883
0 0.417578 0.648438 0.167969 0.30625 0.000276847
0 0.308203 0.366797 0.0664062 0.105469 0.000279174
0 0.869922 0.569531 0.205469 0.539062 0.000286845
0 0.698828 0.0183594 0.175781 0.0367187 0.000289642
0 0.359766 0.655469 0.146094 0.210938 0.000315276
0 0.779297 0.527344 0.178906 0.190625 0.000333517
0 0.704297 0.691797 0.169531 0.207031 0.000333733
0 0.697266 0.303516 0.180469 0.216406 0.00033445
0 0.898438 0.0566406 0.18125 0.113281 0.000343597
0 0.801172 0.427734 0.107031 0.200781 0.000346214
0 0.966406 0.852344 0.0671875 0.295312 0.000350956
0 0.849219 0.0371094 0.190625 0.0742188 0.00036187
0 0.323047 0.713281 0.147656 0.179688 0.000370176
0 0.780469 0.0191406 0.173438 0.0382813 0.000372066
0 0.422266 0.391016 0.166406 0.242969 0.00041097
0 0.4125 0.479688 0.209375 0.459375 0.000441499
0 0.787891 0.696484 0.142969 0.133594 0.000461419
0 0.944922 0.791406 0.110156 0.417188 0.000463964
0 0.394531 0.320703 0.196875 0.202344 0.000500648
0 0.907031 0.720312 0.134375 0.36875 0.00057967
0 0.321875 0.619531 0.160938 0.19375 0.000583645
0 0.972656 0.737891 0.0546875 0.503906 0.000620664
0 0.783203 0.04375 0.283594 0.0875 0.000775348
0 0.806641 0.471094 0.0804688 0.104687 0.000791448
0 0.267578 0.608594 0.296094 0.534375 0.000794258
0 0.734766 0.028125 0.219531 0.05625 0.000797367
0 0.845703 0.701172 0.0914062 0.110156 0.000822572
0 0.825781 0.701953 0.295312 0.372656 0.00109015
0 0.858984 0.658203 0.111719 0.219531 0.00141877
0 0.379687 0.718359 0.220313 0.230469 0.00179504
0 0.311719 0.374219 0.090625 0.15625 0.00180257
0 0.776563 0.421875 0.189063 0.292188 0.00185806
0 0.815625 0.484766 0.182812 0.336719 0.00196149
0 0.736719 0.409766 0.25625 0.452344 0.00198558
0 0.814844 0.74375 0.220313 0.20625 0.00207581
0 0.285547 0.6375 0.132031 0.260938 0.00232465
0 0.355078 0.376172 0.191406 0.221094 0.00233424
0 0.277734 0.7125 0.147656 0.21875 0.00252573
0 0.801562 0.480078 0.1375 0.183594 0.00342608
0 0.309766 0.434375 0.119531 0.242188 0.00346998
0 0.782812 0.6875 0.260938 0.2375 0.00883651
0 0.840234 0.705078 0.155469 0.183594 0.0213662
0 0.317578 0.680078 0.208594 0.269531 0.0261993
0 0.822656 0.616406 0.2 0.3625 0.029424
0 0.290234 0.555078 0.161719 0.486719 0.0371882
0 0.772656 0.539453 0.289062 0.513281 0.365739
0 0.351172 0.529297 0.269531 0.567969 0.380111
