0 0.078125 0.0542969 0.15625 0.108594 0.00010008
0 0.275 0.319922 0.140625 0.210156 0.000101455
0 0.526953 0.298438 0.419531 0.596875 0.000107637
0 0.739062 0.671484 0.142188 0.160156 0.000113911
0 0.0578125 0.93125 0.115625 0.1375 0.000114182
0 0.724219 0.575391 0.14375 0.230469 0.000114655
0 0.279687 0.551562 0.0875 0.109375 0.000114759
0 0.837891 0.550391 0.0882813 0.107031 0.000115779
0 0.353906 0.284766 0.19375 0.247656 0.000118303
0 0.245703 0.510938 0.114844 0.192188 0.000119923
0 0.783594 0.333984 0.071875 0.0945313 0.000126831
0 0.721484 0.525 0.0789063 0.084375 0.000128266
0 0.860547 0.688281 0.147656 0.1375 0.000128375
0 0.738281 0.408984 0.204688 0.446094 0.000129468
0 0.266016 0.448828 0.107031 0.216406 0.000136956
0 0.825 0.6375 0.0921875 0.1125 0.000142819
0 0.300781 0.373437 0.0828125 0.10625 0.000153093
0 0.407031 0.226172 0.159375 0.182031 0.000156224
0 0.298047 0.448828 0.138281 0.278906 0.000161916
0 0.30625 0.320312 0.334375 0.378125 0.000166977
0 0.412891 0.301172 0.163281 0.221094 0.000174705
0 0.446484 0.599219 0.180469 0.285937 0.000177347
0 0.780859 0.264062 0.0929687 0.123438 0.000182322
0 0.448828 0.558594 0.228906 0.529688 0.000190653
0 0.411328 0.3875 0.192969 0.440625 0.00019468
0 0.461328 0.516406 0.346094 0.771875 0.000195954
0 0.808203 0.407422 0.192969 0.411719 0.000199876
0 0.876172 0.533594 0.119531 0.192188 0.000207507
0 0.798437 0.336719 0.0953125 0.145313 0.000208017
0 0.31875 0.307813 0.132812 0.18125 0.000210242
0 0.0296875 0.894141 0.059375 0.210156 0.000216071
0 0.801953 0.593359 0.0851562 0.111719 0.00022044
0 0.801172 0.283594 0.0773437 0.107813 0.000253877
0 0.302344 0.518359 0.175 0.203906 0.000270396
0 0.810938 0.701172 0.267188 0.207031 0.000275649
0 0.0644531 0.738672 0.128906 0.492969 0.000276241
0 0.762109 0.286328 0.0929687 0.102344 0.000288929
0 0.227734 0.570312 0.124219 0.2625 0.000298695
0 0.402734 0.592188 0.0835937 0.107813 0.000302066
0 0.776172 0.311719 0.125781 0.18125 0.000309995
0 0.763672 0.63125 0.149219 0.19375 0.000314235
0 0.317578 0.377734 0.121094 0.147656 0.000334055
0 0.821875 0.571484 0.0875 0.105469 0.000349937
0 0.0625 0.860937 0.125 0.278125 0.000374606
0 0.7625 0.537891 0.165625 0.182031 0.000400961
0 0.7125 0.523438 0.117188 0.154687 0.000400967
0 0.385156 0.540625 0.182812 0.204688 0.000406429
0 0.334766 0.345313 0.122656 0.115625 0.000491623
0 0.842578 0.670703 0.0882813 0.0867188 0.000578801
0 0.0339844 0.772656 0.0679687 0.454688 0.000657629
0 0.246484 0.626562 0.200781 0.260938 0.000678825
0 0.317969 0.665625 0.3125 0.267188 0.000702493
0 0.883984 0.605078 0.169531 0.297656 0.000747352
0 0.385547 0.650391 0.214844 0.183594 0.000749169
0 0.342578 0.4 0.213281 0.409375 0.000786113
0 0.705859 0.644531 0.152344 0.190625 0.000818615
0 0.255859 0.447656 0.141406 0.340625 0.000883629
0 0.780859 0.306641 0.0898438 0.114844 0.00130105
0 0.304297 0.573828 0.142969 0.175781 0.00137596
0 0.862109 0.5 0.0710938 0.101562 0.00138172
0 0.746875 0.531641 0.21875 0.285156 0.00150502
0 0.377734 0.489844 0.227344 0.415625 0.00174889
0 0.851172 0.503125 0.105469 0.190625 0.00178354
0 0.346484 0.590234 0.150781 0.172656 0.00227509
0 0.323438 0.370313 0.1625 0.226562 0.00229177
0 0.282813 0.38125 0.129688 0.189063 0.0025079
0 0.265234 0.554688 0.138281 0.20625 0.00251557
0 0.838281 0.65625 0.146875 0.14375 0.00286467
0 0.750781 0.635938 0.251563 0.239063 0.00441301
0 0.787109 0.503125 0.282031 0.426562 0.00487594
0 0.404297 0.592188 0.138281 0.19375 0.00530881
0 0.805859 0.595312 0.144531 0.185937 0.00618027
0 0.840625 0.646484 0.198437 0.236719 0.00722272
0 0.838281 0.540625 0.173438 0.298438 0.00883041
0 0.299219 0.345313 0.114063 0.129688 0.00964146
0 0.305469 0.485156 0.210938 0.370313 0.0152444
0 0.2875 0.572266 0.232812 0.247656 0.0182051
0 0.353516 0.592578 0.250781 0.232031 0.122585
0 0.804688 0.598437 0.221875 0.25625 0.233673
