0 0.298828 0.212109 0.186719 0.242969 0.000101458
0 0.305859 0.125781 0.405469 0.251563 0.000104325
0 0.7875 0.517187 0.14375 0.21875 0.000104357
0 0.416016 0.55 0.207031 0.307813 0.000105444
0 0.718359 0.652344 0.146094 0.18125 0.000111925
0 0.682031 0.392969 0.129688 0.157813 0.000115822
0 0.245703 0.363672 0.119531 0.233594 0.000135354
0 0.437891 0.111719 0.277344 0.223438 0.000135538
0 0.278906 0.316016 0.146875 0.367969 0.000139851
0 0.947656 0.316406 0.096875 0.632812 0.000146497
0 0.2375 0.449219 0.121875 0.23125 0.000156956
0 0.737109 0.403516 0.272656 0.585156 0.000157599
0 0.511719 0.153125 0.275 0.30625 0.000157993
0 0.361719 0.556641 0.139062 0.222656 0.000167384
0 0.804688 0.410937 0.114063 0.2125 0.000167974
0 0.386719 0.613281 0.078125 0.1 0.000176652
0 0.605469 0.446094 0.41875 0.753125 0.000184812
0 0.387109 0.185937 0.377344 0.371875 0.000188651
0 0.820703 0.612109 0.0867188 0.114844 0.000191086
0 0.969922 0.196094 0.0601562 0.392188 0.000193403
0 0.335156 0.4875 0.223438 0.348437 0.000196451
0 0.320703 0.555078 0.149219 0.189844 0.00022267
0 0.672656 0.667188 0.164062 0.189063 0.000231111
0 0.296875 0.573828 0.0921875 0.111719 0.000241848
0 0.308203 0.400781 0.310156 0.560938 0.000247795
0 0.764063 0.628906 0.153125 0.223438 0.000248836
0 0.484375 0.333203 0.390625 0.666406 0.000254329
0 0.703906 0.529297 0.259375 0.400781 0.000258322
0 0.294922 0.635156 0.252344 0.228125 0.000286785
0 0.830078 0.565625 0.271094 0.389062 0.000392254
0 0.393359 0.613672 0.122656 0.157031 0.000509916
0 0.78125 0.423047 0.159375 0.392969 0.000513337
0 0.217969 0.591406 0.159375 0.182812 0.000911373
0 0.282813 0.536328 0.1375 0.194531 0.000957007
0 0.264844 0.453516 0.18125 0.347656 0.00104703
0 0.700781 0.610937 0.207813 0.25 0.00114446
0 0.803516 0.575391 0.0867188 0.113281 0.00171099
0 0.778125 0.641406 0.28125 0.301562 0.00221321
0 0.837891 0.646484 0.136719 0.280469 0.00242377
0 0.334766 0.594531 0.211719 0.1875 0.0026154
0 0.286328 0.563672 0.289844 0.274219 0.00285859
0 0.807813 0.496484 0.135937 0.360156 0.0030197
0 0.816016 0.55625 0.113281 0.195312 0.00333568
0 0.2375 0.533594 0.170312 0.260938 0.00591078
0 0.262109 0.575391 0.127344 0.135156 0.00858011
0 0.7625 0.568359 0.21875 0.291406 0.010994
0 0.274219 0.578516 0.196875 0.175781 0.0369951
0 0.805859 0.606641 0.152344 0.252344 0.105616
