0 0.725 0.318359 0.125 0.153906 0.000100808
0 0.281641 0.629687 0.0898438 0.103125 0.000103308
0 0.304688 0.555078 0.0859375 0.108594 0.000103985
0 0.967969 0.880469 0.0609375 0.239063 0.000104024
0 0.399609 0.461719 0.316406 0.571875 0.000104348
0 0.925 0.01875 0.15 0.0375 0.000105227
0 0.265234 0.673437 0.121094 0.164062 0.000106671
0 0.928516 0.107031 0.142969 0.2125 0.000109389
0 0.979688 0.655078 0.040625 0.407031 0.000110661
0 0.615625 0.669922 0.129688 0.133594 0.000111632
0 0.321484 0.575 0.0882813 0.109375 0.000112877
0 0.0285156 0.235156 0.0539063 0.382812 0.000112939
0 0.169531 0.528125 0.195312 0.442187 0.000113909
0 0.356641 0.871094 0.242969 0.25625 0.000115455
0 0.0265625 0.654688 0.05 0.492188 0.000116663
0 0.835156 0.691016 0.10625 0.155469 0.000117536
0 0.233594 0.317969 0.304688 0.540625 0.000118913
0 0.776563 0.314063 0.373437 0.546875 0.00012182
0 0.636328 0.319531 0.205469 0.185937 0.000123353
0 0.323828 0.405078 0.147656 0.164844 0.000125764
0 0.0289063 0.808594 0.05625 0.382812 0.000128237
0 0.791406 0.353125 0.096875 0.165625 0.000135165
0 0.285547 0.576563 0.0867188 0.109375 0.000140302
0 0.763281 0.633984 0.090625 0.108594 0.000141417
0 0.673437 0.470703 0.192188 0.194531 0.000141688
0 0.210156 0.448047 0.182812 0.444531 0.000141952
0 0.597656 0.231641 0.123438 0.175781 0.000143564
0 0.639063 0.196094 0.20625 0.220313 0.000146103
0 0.85 0.634766 0.0703125 0.139844 0.000148996
0 0.762109 0.592969 0.0882813 0.10625 0.000149444
0 0.902344 0.0328125 0.195312 0.0640625 0.000150598
0 0.2625 0.612891 0.0890625 0.103906 0.000152391
0 0.325391 0.632812 0.0867188 0.10625 0.000153056
0 0.419922 0.130859 0.0695312 0.0789063 0.000163771
0 0.757812 0.272656 0.0859375 0.084375 0.000174256
0 0.65625 0.649609 0.146875 0.171094 0.000176702
0 0.890234 0.0652344 0.219531 0.125781 0.000179971
0 0.801953 0.492188 0.130469 0.239063 0.000179977
0 0.388672 0.616797 0.153906 0.244531 0.000181998
0 0.294531 0.790625 0.28125 0.417188 0.000183502
0 0.300391 0.447266 0.155469 0.167969 0.000183522
0 0.783594 0.572656 0.0859375 0.10625 0.00018591
0 0.0484375 0.277734 0.096875 0.463281 0.000191087
0 0.805469 0.670313 0.090625 0.10625 0.000192841
0 0.441016 0.88125 0.464844 0.2375 0.000195928
0 0.931641 0.0503906 0.136719 0.100781 0.000197674
0 0.0308594 0.442578 0.0601562 0.500781 0.000203302
0 0.0347656 0.610547 0.0695312 0.708594 0.000205466
0 0.820703 0.578516 0.0820312 0.111719 0.000206185
0 0.633984 0.428906 0.142969 0.234375 0.000206908
0 0.677734 0.245703 0.225781 0.163281 0.000213438
0 0.103516 0.691016 0.180469 0.571094 0.000213916
0 0.605469 0.539062 0.298438 0.459375 0.000218049
0 0.18125 0.621875 0.3 0.525 0.000219357
0 0.591406 0.523438 0.173438 0.365625 0.000225438
0 0.34375 0.491016 0.139062 0.235156 0.000229494
0 0.377344 0.678125 0.115625 0.134375 0.00023124
0 0.38125 0.230859 0.14375 0.169531 0.000243922
0 0.244141 0.495313 0.163281 0.185937 0.000245536
0 0.107422 0.460156 0.197656 0.685938 0.000263975
0 0.783203 0.612891 0.0882813 0.105469 0.000273046
0 0.598437 0.292578 0.15 0.164844 0.000281674
0 0.0582031 0.687891 0.113281 0.624219 0.000291791
0 0.165234 0.636328 0.150781 0.197656 0.00029775
0 0.202344 0.534375 0.123438 0.209375 0.000312083
0 0.805078 0.764063 0.239844 0.3625 0.000347318
0 0.3875 0.467187 0.192188 0.4375 0.000391056
0 0.744531 0.514063 0.178125 0.179688 0.000402455
0 0.0558594 0.458984 0.107031 0.714844 0.000414188
0 0.975781 0.805078 0.0484375 0.389844 0.000438953
0 0.300781 0.611328 0.0875 0.105469 0.000459976
0 0.835938 0.651172 0.06875 0.100781 0.000467157
0 0.780469 0.312109 0.0734375 0.110156 0.000473598
0 0.762891 0.349609 0.139844 0.207031 0.000475646
0 0.8125 0.621094 0.292188 0.4 0.000483929
0 0.803125 0.634766 0.090625 0.107031 0.000492056
0 0.349219 0.363281 0.220313 0.385938 0.000516699
0 0.639063 0.513672 0.142188 0.246094 0.000544378
0 0.802734 0.596484 0.0882813 0.110156 0.000626084
0 0.636719 0.267578 0.175 0.128906 0.00066118
0 0.697266 0.593359 0.146094 0.183594 0.000716302
0 0.279687 0.667969 0.182812 0.234375 0.000763252
0 0.790234 0.444141 0.163281 0.383594 0.000801445
0 0.282813 0.511328 0.14375 0.244531 0.0009335
0 0.680078 0.361719 0.252344 0.335938 0.00111553
0 0.827344 0.574609 0.10625 0.207031 0.00117914
0 0.821094 0.616406 0.08125 0.107813 0.0013047
0 0.661328 0.667578 0.271094 0.247656 0.00135943
0 0.609766 0.617969 0.142969 0.2125 0.00136537
0 0.245312 0.608203 0.142188 0.164844 0.00138052
0 0.283984 0.646875 0.303906 0.3 0.00140687
0 0.74375 0.612891 0.145313 0.167969 0.00151751
0 0.686719 0.294531 0.221875 0.1375 0.0018751
0 0.654297 0.573047 0.147656 0.214844 0.00198294
0 0.803906 0.710156 0.18125 0.229687 0.00208847
0 0.323828 0.553125 0.136719 0.242188 0.00212761
0 0.759375 0.299609 0.071875 0.0976562 0.00229767
0 0.242969 0.55625 0.190625 0.196875 0.00230242
0 0.624219 0.442578 0.203125 0.455469 0.00244488
0 0.78125 0.556641 0.167187 0.189844 0.00265349
0 0.735156 0.7125 0.33125 0.33125 0.00303675
0 0.341797 0.632031 0.169531 0.192188 0.00377959
0 0.302344 0.610547 0.135937 0.164844 0.00411043
0 0.825 0.640625 0.107813 0.1625 0.00439423
0 0.208203 0.602344 0.197656 0.21875 0.00514503
0 0.764844 0.530078 0.220313 0.324219 0.0106338
0 0.248437 0.528125 0.2375 0.325 0.0128077
0 0.655859 0.560156 0.217969 0.310937 0.0173019
0 0.795313 0.609375 0.15625 0.189063 0.0233033
0 0.330078 0.538281 0.200781 0.334375 0.0291184
0 0.773438 0.65625 0.217187 0.203125 0.0324834
0 0.283203 0.594141 0.214844 0.230469 0.0492347
0 0.700391 0.470703 0.297656 0.469531 0.0597985
0 0.721875 0.619531 0.295312 0.24375 0.0961291
0 0.295312 0.446094 0.295312 0.529688 0.10754
