0 0.511719 0.364844 0.10625 0.153125 0.000103259
0 0.604688 0.265234 0.0640625 0.0992187 0.000104505
0 0.175781 0.324609 0.078125 0.108594 0.000107165
0 0.614453 0.360547 0.0773437 0.0992187 0.00010852
0 0.653906 0.424609 0.078125 0.0992187 0.000108566
0 0.184375 0.285547 0.10625 0.158594 0.00011008
0 0.160547 0.403906 0.0851562 0.103125 0.000110467
0 0.219922 0.304688 0.0882813 0.109375 0.000119915
0 0.951953 0.375391 0.0898438 0.267969 0.000120763
0 0.108594 0.459766 0.148438 0.327344 0.000123671
0 0.240234 0.263672 0.132031 0.164844 0.000132423
0 0.498828 0.226562 0.196094 0.192188 0.00013931
0 0.685938 0.489062 0.096875 0.2625 0.000141491
0 0.320312 0.186719 0.06875 0.0578125 0.00014661
0 0.280078 0.202344 0.152344 0.148438 0.000159356
0 0.157422 0.513281 0.0867188 0.1125 0.000184365
0 0.579687 0.301172 0.11875 0.161719 0.000196231
0 0.290625 0.587109 0.235938 0.199219 0.000211433
0 0.334375 0.438672 0.182812 0.308594 0.000219968
0 0.126953 0.362891 0.208594 0.424219 0.000222026
0 0.623438 0.265625 0.0625 0.0875 0.00023753
0 0.514063 0.304688 0.1625 0.221875 0.000259939
0 0.238281 0.548047 0.153125 0.166406 0.00026571
0 0.281641 0.428516 0.147656 0.283594 0.000273749
0 0.241016 0.322266 0.0867188 0.0960938 0.000280524
0 0.801953 0.859375 0.396094 0.28125 0.000286313
0 0.651172 0.410937 0.0960938 0.178125 0.000295467
0 0.524219 0.378516 0.15 0.221094 0.000299684
0 0.315625 0.233594 0.14375 0.176563 0.00030561
0 0.31875 0.194141 0.090625 0.0882813 0.000306964
0 0.226562 0.627734 0.325 0.255469 0.000309424
0 0.613281 0.255859 0.1 0.135156 0.000309898
0 0.296484 0.319922 0.124219 0.142969 0.00032424
0 0.315625 0.510156 0.146875 0.173438 0.000333275
0 0.592969 0.339844 0.059375 0.0953125 0.0003476
0 0.1625 0.365234 0.10625 0.224219 0.00035098
0 0.636328 0.303516 0.114844 0.155469 0.000371988
0 0.623438 0.565234 0.284375 0.302344 0.000430583
0 0.169141 0.576172 0.202344 0.230469 0.000451131
0 0.161719 0.452734 0.115625 0.219531 0.000495967
0 0.307813 0.290625 0.175 0.223438 0.00052152
0 0.952734 0.540234 0.0898438 0.261719 0.00054788
0 0.552734 0.250781 0.172656 0.2125 0.00058283
0 0.660547 0.370313 0.221094 0.415625 0.000636169
0 0.580078 0.510156 0.172656 0.190625 0.000660834
0 0.2 0.345703 0.139062 0.224219 0.000687104
0 0.576953 0.367578 0.127344 0.235156 0.000688128
0 0.592188 0.340625 0.08125 0.142188 0.000749404
0 0.636328 0.589453 0.192969 0.197656 0.000849158
0 0.216797 0.426562 0.150781 0.28125 0.000877719
0 0.257031 0.507812 0.153125 0.164062 0.000896718
0 0.145703 0.510156 0.108594 0.228125 0.000942755
0 0.66875 0.555469 0.129688 0.203125 0.00101329
0 0.26875 0.247266 0.20625 0.239844 0.00103166
0 0.177344 0.527734 0.134375 0.171094 0.00130156
0 0.208594 0.284375 0.170312 0.223438 0.0013084
0 0.629687 0.388672 0.140625 0.271094 0.00132678
0 0.259375 0.321484 0.134375 0.124219 0.00145947
0 0.549609 0.434766 0.186719 0.299219 0.00146694
0 0.614453 0.288281 0.0601562 0.0953125 0.00214894
0 0.651953 0.450781 0.128906 0.276563 0.0022145
0 0.289453 0.357812 0.230469 0.45625 0.00292419
0 0.289844 0.482812 0.21875 0.239063 0.00328636
0 0.598047 0.446875 0.149219 0.2625 0.00369678
0 0.203516 0.494922 0.205469 0.192969 0.00406947
0 0.571094 0.329688 0.21875 0.401563 0.00448737
0 0.608203 0.320703 0.133594 0.232031 0.00489833
0 0.257812 0.317187 0.2 0.204688 0.00549807
0 0.609375 0.3125 0.0828125 0.134375 0.00631041
0 0.232812 0.321094 0.232812 0.3375 0.00783222
0 0.163672 0.435547 0.146094 0.347656 0.0133669
0 0.630469 0.511328 0.19375 0.264844 0.0197246
0 0.233984 0.544141 0.275781 0.214844 0.0277928
0 0.229687 0.439063 0.259375 0.365625 0.228676
0 0.610156 0.425 0.209375 0.385938 0.372983
