0 0.03125 0.811328 0.0546875 0.224219 0.000103542
0 0.303516 0.860156 0.155469 0.18125 0.000104107
0 0.717969 0.720703 0.134375 0.241406 0.000104523
0 0.227344 0.522656 0.165625 0.229687 0.000106812
0 0.163281 0.598047 0.0796875 0.100781 0.000107032
0 0.755078 0.655859 0.244531 0.563281 0.000108374
0 0.962891 0.0960938 0.0742188 0.18125 0.000108802
0 0.659766 0.446094 0.0960938 0.101562 0.000109214
0 0.206641 0.0996094 0.372656 0.194531 0.000110391
0 0.758984 0.942187 0.116406 0.115625 0.000112979
0 0.321484 0.385547 0.0914062 0.103906 0.000115609
0 0.312891 0.0386719 0.316406 0.0726563 0.000115903
0 0.0539063 0.226953 0.107813 0.175781 0.000116425
0 0.861328 0.0648438 0.277344 0.129688 0.000118591
0 0.557031 0.05625 0.353125 0.1125 0.000121307
0 0.0707031 0.0632813 0.141406 0.126563 0.00012697
0 0.197266 0.533594 0.114844 0.142188 0.000127026
0 0.446094 0.0363281 0.226562 0.0648438 0.000131865
0 0.157422 0.657031 0.125781 0.1875 0.000140052
0 0.969141 0.809766 0.0617188 0.380469 0.000140197
0 0.0316406 0.15 0.0632813 0.25625 0.000146916
0 0.941797 0.802734 0.116406 0.391406 0.000147143
0 0.862109 0.862891 0.275781 0.274219 0.000157107
0 0.1125 0.123828 0.223438 0.239844 0.000157863
0 0.595703 0.819922 0.144531 0.205469 0.00017616
0 0.313281 0.794141 0.323438 0.327344 0.00017658
0 0.0726563 0.732031 0.135937 0.379687 0.000199094
0 0.692187 0.566406 0.11875 0.170312 0.00020143
0 0.900391 0.1 0.199219 0.189063 0.000216837
0 0.0234375 0.728516 0.046875 0.421094 0.000235922
0 0.235547 0.469531 0.114844 0.139062 0.000237372
0 0.45625 0.05 0.323438 0.096875 0.00023772
0 0.608203 0.421875 0.122656 0.139062 0.000246787
0 0.684375 0.860156 0.148438 0.196875 0.000259443
0 0.658594 0.717969 0.20625 0.203125 0.000278059
0 0.715234 0.603125 0.127344 0.260938 0.000288006
0 0.175781 0.616016 0.117188 0.142969 0.000288797
0 0.235938 0.434375 0.06875 0.071875 0.000292298
0 0.14375 0.0558594 0.2875 0.108594 0.000293455
0 0.296094 0.644922 0.234375 0.510156 0.000295827
0 0.271094 0.0617188 0.3375 0.115625 0.000296777
0 0.219922 0.575 0.221094 0.3625 0.00030333
0 0.0621094 0.142578 0.124219 0.253906 0.000305014
0 0.711328 0.563281 0.0726563 0.121875 0.000323404
0 0.93125 0.0667969 0.1375 0.127344 0.000327299
0 0.227344 0.874609 0.345313 0.250781 0.000335007
0 0.327344 0.810547 0.153125 0.208594 0.000338383
0 0.787109 0.811328 0.250781 0.375781 0.000348903
0 0.653125 0.891406 0.289062 0.217187 0.000478606
0 0.733984 0.786719 0.138281 0.279687 0.000524177
0 0.673437 0.585156 0.189063 0.345313 0.00052704
0 0.188281 0.575781 0.1375 0.154687 0.000538077
0 0.590234 0.399219 0.0835937 0.103125 0.000622381
0 0.0742188 0.833203 0.0828125 0.103906 0.000646134
0 0.177344 0.777734 0.153125 0.174219 0.000686276
0 0.0957031 0.81875 0.122656 0.139062 0.000972169
0 0.1625 0.616016 0.16875 0.328906 0.000989669
0 0.297266 0.739062 0.197656 0.290625 0.00101542
0 0.239453 0.780078 0.144531 0.157031 0.00108687
0 0.280469 0.782031 0.146875 0.182812 0.00114133
0 0.762109 0.902734 0.147656 0.189844 0.00122073
0 0.713281 0.701172 0.179688 0.392969 0.00124843
0 0.179688 0.723047 0.232812 0.221094 0.00133749
0 0.128906 0.694922 0.189063 0.347656 0.00138971
0 0.157813 0.829687 0.253125 0.215625 0.00144684
0 0.673828 0.785937 0.214844 0.220313 0.00187675
0 0.610547 0.793359 0.208594 0.288281 0.00306531
0 0.120312 0.778516 0.179688 0.208594 0.00408086
0 0.2625 0.814844 0.2375 0.2 0.00696396
0 0.654297 0.669531 0.257031 0.535937 0.010651
0 0.721094 0.848437 0.198437 0.289062 0.0232037
0 0.206641 0.660547 0.305469 0.450781 0.0601218
0 0.200781 0.779688 0.30625 0.24375 0.156707
0 0.675781 0.796094 0.265625 0.3625 0.248591
