0 0.686328 0.521875 0.110156 0.154687 0.000105902
0 0.20625 0.065625 0.4125 0.13125 0.00010871
0 0.157031 0.674609 0.145313 0.183594 0.000110025
0 0.717188 0.977734 0.2625 0.0445312 0.000112534
0 0.568359 0.732422 0.178906 0.236719 0.000116144
0 0.7 0.612891 0.1125 0.233594 0.000116542
0 0.0433594 0.892578 0.0867188 0.214844 0.000120393
0 0.262891 0.557813 0.180469 0.260938 0.000121131
0 0.777734 0.805859 0.132031 0.269531 0.00012865
0 0.260156 0.739453 0.139062 0.246094 0.000131448
0 0.612109 0.560156 0.146094 0.220313 0.000134932
0 0.6875 0.559375 0.35625 0.504687 0.000135743
0 0.197656 0.695703 0.146875 0.183594 0.000136298
0 0.0988281 0.702344 0.113281 0.232812 0.00013725
0 0.942187 0.360547 0.114063 0.713281 0.000138737
0 0.855078 0.927344 0.189844 0.145313 0.000143623
0 0.889453 0.302734 0.221094 0.469531 0.000144169
0 0.467187 0.362109 0.426562 0.552344 0.0001486
0 0.957422 0.524609 0.0804688 0.755469 0.000149997
0 0.157813 0.619531 0.201562 0.3875 0.000155863
0 0.378906 0.0605469 0.451562 0.121094 0.000159497
0 0.375391 0.19375 0.480469 0.384375 0.000161839
0 0.221875 0.761328 0.134375 0.233594 0.000161931
0 0.889063 0.70625 0.221875 0.5875 0.000165728
0 0.733203 0.188672 0.274219 0.377344 0.000174585
0 0.317187 0.863281 0.201562 0.259375 0.000174901
0 0.718359 0.676172 0.121094 0.235156 0.000177346
0 0.434766 0.712891 0.446094 0.574219 0.00020057
0 0.575 0.816797 0.185937 0.246094 0.000201043
0 0.625391 0.474219 0.308594 0.329688 0.000209426
0 0.0640625 0.923047 0.125 0.144531 0.000210308
0 0.7 0.803125 0.201562 0.1875 0.00021271
0 0.740234 0.780469 0.139844 0.25625 0.000212892
0 0.805078 0.112109 0.385156 0.224219 0.000218576
0 0.839453 0.964453 0.127344 0.0710938 0.000221889
0 0.268359 0.122266 0.500781 0.238281 0.00022363
0 0.675781 0.964453 0.267188 0.0710938 0.000230328
0 0.176563 0.738672 0.173438 0.188281 0.000254434
0 0.360938 0.773828 0.371875 0.452344 0.000273332
0 0.259375 0.822656 0.142188 0.2625 0.000280133
0 0.923437 0.123047 0.153125 0.246094 0.000282674
0 0.800781 0.977734 0.16875 0.0445312 0.000288425
0 0.0832031 0.698828 0.166406 0.571094 0.000314227
0 0.686719 0.601953 0.18125 0.292969 0.000322509
0 0.250391 0.906641 0.169531 0.180469 0.000327284
0 0.115234 0.866406 0.144531 0.209375 0.000347491
0 0.131641 0.739844 0.135156 0.228125 0.000357238
0 0.547266 0.0628906 0.441406 0.122656 0.000361388
0 0.465234 0.11875 0.453906 0.235938 0.000399785
0 0.63125 0.351953 0.471875 0.644531 0.000414245
0 0.636719 0.559375 0.253125 0.309375 0.000421376
0 0.890625 0.0722656 0.21875 0.144531 0.000421423
0 0.157031 0.823828 0.142188 0.258594 0.000441639
0 0.969531 0.673437 0.0578125 0.653125 0.000450107
0 0.557422 0.204297 0.461719 0.392969 0.000483489
0 0.113672 0.915625 0.214844 0.165625 0.000510637
0 0.803125 0.303125 0.39375 0.517187 0.000515743
0 0.210938 0.5625 0.2625 0.401563 0.000517221
0 0.65625 0.848437 0.239063 0.201562 0.000521306
0 0.177734 0.889844 0.0882813 0.114063 0.000607651
0 0.829297 0.864453 0.192969 0.271094 0.000637404
0 0.591016 0.716406 0.297656 0.523438 0.000637907
0 0.707812 0.071875 0.49375 0.142188 0.000660648
0 0.741016 0.848437 0.192969 0.209375 0.000667786
0 0.721094 0.698438 0.189063 0.390625 0.000813646
0 0.253516 0.735937 0.186719 0.409375 0.000950981
0 0.85 0.191406 0.3 0.382812 0.00103944
0 0.81875 0.944922 0.132812 0.110156 0.00106724
0 0.217969 0.845312 0.1375 0.246875 0.00107194
0 0.642969 0.135156 0.525 0.264062 0.0013031
0 0.604297 0.880078 0.219531 0.225781 0.00181995
0 0.0929687 0.780859 0.121875 0.271094 0.00223615
0 0.656641 0.925391 0.310156 0.149219 0.00234001
0 0.770312 0.960938 0.240625 0.078125 0.00235731
0 0.657812 0.821484 0.310937 0.325781 0.00246087
0 0.802734 0.905859 0.127344 0.188281 0.00250854
0 0.0773437 0.849609 0.15 0.275781 0.00334661
0 0.730078 0.206641 0.511719 0.403906 0.00611933
0 0.216797 0.816016 0.214844 0.338281 0.0104735
0 0.110937 0.779297 0.189063 0.353906 0.0105416
0 0.766016 0.817187 0.222656 0.365625 0.0140753
0 0.779297 0.921875 0.227344 0.15625 0.0148429
0 0.185156 0.887891 0.173438 0.191406 0.0187778
0 0.695312 0.722266 0.315625 0.553906 0.0208428
0 0.7125 0.883594 0.325 0.232812 0.0350868
0 0.147656 0.853906 0.248437 0.275 0.0474472
0 0.182422 0.707422 0.303906 0.555469 0.081733
