0 0.319141 0.765234 0.0914062 0.114844 0.000102143
0 0.663281 0.562109 0.1125 0.197656 0.000103718
0 0.769141 0.550391 0.128906 0.180469 0.000107267
0 0.382422 0.488281 0.169531 0.346875 0.000115443
0 0.371484 0.390234 0.119531 0.138281 0.000119414
0 0.680859 0.713672 0.303906 0.461719 0.000126632
0 0.788281 0.839453 0.0875 0.102344 0.000140013
0 0.306641 0.661328 0.150781 0.286719 0.000145516
0 0.125 0.0996094 0.24375 0.197656 0.000145792
0 0.290625 0.574219 0.2 0.375 0.000152544
0 0.666797 0.372656 0.136719 0.173438 0.00015301
0 0.782031 0.866016 0.235938 0.191406 0.000171083
0 0.719531 0.699219 0.1375 0.282813 0.000183603
0 0.802344 0.552734 0.0828125 0.119531 0.000185007
0 0.401563 0.802344 0.071875 0.10625 0.000206162
0 0.114453 0.0359375 0.228906 0.071875 0.000218212
0 0.839844 0.861719 0.132812 0.15 0.000255636
0 0.796875 0.501172 0.1 0.207031 0.000284718
0 0.761719 0.741406 0.151562 0.26875 0.000298944
0 0.399219 0.616016 0.11875 0.238281 0.000305265
0 0.392969 0.779297 0.31875 0.405469 0.000315362
0 0.366797 0.615234 0.130469 0.166406 0.000362905
0 0.666797 0.390625 0.0898438 0.120312 0.000438328
0 0.345313 0.795703 0.151562 0.188281 0.000444537
0 0.701563 0.83125 0.160938 0.173438 0.000499136
0 0.250781 0.696094 0.20625 0.398438 0.000507027
0 0.227344 0.841406 0.096875 0.132812 0.000524258
0 0.808984 0.854688 0.0820312 0.0890625 0.000536631
0 0.283984 0.781641 0.147656 0.205469 0.000580685
0 0.399609 0.803125 0.102344 0.153125 0.00058332
0 0.689844 0.630859 0.171875 0.353906 0.000585189
0 0.353516 0.5 0.219531 0.5375 0.000645435
0 0.822266 0.764063 0.138281 0.253125 0.000792023
0 0.245312 0.810547 0.190625 0.213281 0.000798062
0 0.382422 0.679688 0.133594 0.278125 0.000906081
0 0.735937 0.574609 0.242188 0.505469 0.00119186
0 0.782422 0.801953 0.144531 0.207031 0.00141597
0 0.707031 0.775391 0.2 0.250781 0.0015559
0 0.324609 0.744531 0.196094 0.207813 0.001585
0 0.803516 0.841797 0.127344 0.147656 0.00184021
0 0.803906 0.564062 0.11875 0.225 0.00209408
0 0.387891 0.779297 0.157031 0.257031 0.00227222
0 0.806641 0.619141 0.158594 0.407031 0.00414201
0 0.833984 0.726562 0.189844 0.401563 0.00421969
0 0.833594 0.830469 0.178125 0.226562 0.00489844
0 0.389453 0.627344 0.182031 0.476562 0.0057757
0 0.316797 0.796484 0.269531 0.230469 0.0147088
0 0.324219 0.634375 0.285937 0.557813 0.0228799
0 0.768359 0.685547 0.250781 0.435156 0.03186
0 0.782422 0.791406 0.244531 0.265625 0.0539428
0 0.345703 0.712891 0.216406 0.357031 0.0981956
