0 0.0648438 0.922266 0.129688 0.155469 0.000104023
0 0.40625 0.5375 0.164062 0.346875 0.000104751
0 0.692969 0.351953 0.214062 0.422656 0.000105629
0 0.825391 0.407422 0.0789063 0.110156 0.000106798
0 0.7625 0.554297 0.125 0.203906 0.000107787
0 0.275781 0.125391 0.24375 0.242969 0.000108378
0 0.471094 0.451953 0.428125 0.838281 0.000108499
0 0.782031 0.0222656 0.273438 0.0445312 0.000112523
0 0.705469 0.476172 0.15625 0.297656 0.000113237
0 0.696094 0.175781 0.232812 0.309375 0.000113908
0 0.278125 0.472656 0.090625 0.101562 0.0001158
0 0.677734 0.0535156 0.239844 0.107031 0.000123039
0 0.780469 0.596875 0.292188 0.409375 0.00012449
0 0.0304688 0.268359 0.0609375 0.463281 0.000129787
0 0.979688 0.311719 0.040625 0.489062 0.000134431
0 0.766797 0.40625 0.127344 0.240625 0.000138224
0 0.314844 0.383984 0.145313 0.252344 0.000144759
0 0.378125 0.350391 0.1625 0.260156 0.000146192
0 0.878516 0.021875 0.242969 0.04375 0.000148202
0 0.646484 0.389453 0.402344 0.739844 0.000154956
0 0.358594 0.300781 0.151562 0.134375 0.000163363
0 0.0382813 0.688281 0.075 0.43125 0.000166364
0 0.894141 0.0964844 0.211719 0.188281 0.000175987
0 0.782031 0.594922 0.134375 0.174219 0.000188088
0 0.698828 0.564844 0.166406 0.271875 0.000197314
0 0.607031 0.192969 0.442187 0.385938 0.000199452
0 0.053125 0.0324219 0.104687 0.0648438 0.00020179
0 0.385547 0.567187 0.155469 0.20625 0.000204696
0 0.801172 0.303906 0.111719 0.239063 0.000205434
0 0.258594 0.360547 0.0828125 0.110156 0.000210442
0 0.0351562 0.0664062 0.06875 0.132812 0.000215804
0 0.801562 0.227734 0.109375 0.216406 0.000219383
0 0.930859 0.0542969 0.138281 0.108594 0.000230813
0 0.775391 0.181641 0.158594 0.227344 0.000230948
0 0.0335938 0.148828 0.0671875 0.297656 0.000239345
0 0.785937 0.489062 0.123438 0.1875 0.000262596
0 0.801172 0.196484 0.0867188 0.117969 0.000268159
0 0.483203 0.230469 0.407031 0.460938 0.000268389
0 0.439453 0.134766 0.322656 0.269531 0.000278418
0 0.175781 0.711719 0.334375 0.576563 0.000278878
0 0.0617188 0.193359 0.123438 0.386719 0.00028077
0 0.295312 0.580469 0.3 0.378125 0.000280966
0 0.287109 0.195703 0.128906 0.207031 0.000284326
0 0.384375 0.274219 0.159375 0.214062 0.000286871
0 0.628516 0.0675781 0.424219 0.130469 0.000288995
0 0.238672 0.021875 0.274219 0.04375 0.000293753
0 0.154687 0.1375 0.309375 0.275 0.000296748
0 0.380078 0.396094 0.244531 0.571875 0.000296983
0 0.782812 0.649609 0.160938 0.208594 0.000328346
0 0.0972656 0.0199219 0.194531 0.0398437 0.00033868
0 0.0660156 0.686719 0.127344 0.58125 0.000344869
0 0.350781 0.0398437 0.251563 0.078125 0.000359845
0 0.221484 0.432813 0.161719 0.514063 0.000372188
0 0.832812 0.448438 0.096875 0.242188 0.0003776
0 0.139844 0.891797 0.279687 0.216406 0.000388773
0 0.738672 0.0375 0.286719 0.075 0.000406139
0 0.277344 0.551953 0.13125 0.214844 0.000427894
0 0.35 0.193359 0.254687 0.342969 0.000432237
0 0.546875 0.103125 0.446875 0.2 0.00045404
0 0.127344 0.548047 0.254687 0.903906 0.000462469
0 0.0675781 0.059375 0.132031 0.11875 0.000463059
0 0.224609 0.598828 0.225781 0.516406 0.000483612
0 0.292969 0.469922 0.125 0.166406 0.000505926
0 0.08125 0.111328 0.1625 0.222656 0.000511013
0 0.246094 0.455859 0.298438 0.532031 0.000572861
0 0.694141 0.0972656 0.263281 0.194531 0.000582564
0 0.03125 0.808594 0.0625 0.379687 0.00062677
0 0.452734 0.06875 0.366406 0.132812 0.000644891
0 0.302344 0.595312 0.185937 0.2 0.000651135
0 0.787891 0.196875 0.255469 0.370313 0.000659738
0 0.107422 0.0375 0.213281 0.075 0.000668391
0 0.744531 0.436328 0.221875 0.435156 0.00067373
0 0.854688 0.0382813 0.271875 0.0765625 0.000721176
0 0.741406 0.612891 0.170312 0.216406 0.000755934
0 0.317187 0.323047 0.189063 0.175781 0.000772372
0 0.805078 0.448828 0.116406 0.191406 0.000784566
0 0.745313 0.282422 0.235938 0.467969 0.000816826
0 0.0753906 0.846875 0.150781 0.30625 0.000852551
0 0.262109 0.4875 0.116406 0.214062 0.000904436
0 0.819141 0.385547 0.0976562 0.242969 0.00113544
0 0.754687 0.540625 0.178125 0.289062 0.00114667
0 0.808203 0.553516 0.142969 0.297656 0.00126641
0 0.794922 0.125781 0.410156 0.248437 0.00128176
0 0.242969 0.172656 0.359375 0.345313 0.00134145
0 0.228906 0.0417969 0.407813 0.0820312 0.00135721
0 0.358594 0.102734 0.334375 0.200781 0.00185532
0 0.321484 0.310156 0.285156 0.510938 0.00186041
0 0.262109 0.389062 0.105469 0.2125 0.00189633
0 0.260938 0.324219 0.101562 0.15625 0.00219484
0 0.123828 0.794922 0.247656 0.410156 0.00264744
0 0.30625 0.0632813 0.38125 0.126563 0.00278705
0 0.159766 0.0652344 0.313281 0.127344 0.00320812
0 0.798047 0.324219 0.142969 0.378125 0.00329396
0 0.80625 0.0605469 0.3875 0.121094 0.00382026
0 0.316406 0.44375 0.217187 0.398438 0.00518708
0 0.270703 0.304688 0.117969 0.265625 0.00550635
0 0.299609 0.252734 0.169531 0.307031 0.0075608
0 0.230078 0.0898438 0.452344 0.176563 0.00810887
0 0.275 0.513672 0.171875 0.330469 0.00818488
0 0.805469 0.45 0.13125 0.35625 0.00934051
0 0.275781 0.385938 0.148438 0.359375 0.0346824
