0 0.942969 0.397266 0.114063 0.660156 0.00010295
0 0.410156 0.982031 0.0671875 0.0328125 0.000104104
0 0.3 0.530469 0.134375 0.24375 0.000108171
0 0.671484 0.269531 0.199219 0.265625 0.00010828
0 0.242578 0.248828 0.205469 0.253906 0.000112047
0 0.940625 0.640234 0.11875 0.688281 0.000115635
0 0.0308594 0.402344 0.0570313 0.501562 0.000121223
0 0.159375 0.621484 0.179688 0.416406 0.000121904
0 0.801953 0.439844 0.314844 0.690625 0.000129074
0 0.0578125 0.626172 0.115625 0.736719 0.000131611
0 0.409766 0.970703 0.0945313 0.0585938 0.000136273
0 0.0160156 0.489062 0.0273438 0.24375 0.000136994
0 0.405859 0.953906 0.161719 0.0921875 0.000141405
0 0.708203 0.354688 0.197656 0.290625 0.000147927
0 0.714453 0.446094 0.157031 0.176563 0.000150717
0 0.281641 0.661328 0.344531 0.328906 0.000151404
0 0.969141 0.436328 0.0617188 0.650781 0.000152697
0 0.243359 0.385547 0.138281 0.203906 0.000156503
0 0.669922 0.694531 0.249219 0.246875 0.000165003
0 0.864844 0.632031 0.240625 0.604688 0.000175498
0 0.767969 0.692187 0.30625 0.375 0.000180698
0 0.276172 0.467187 0.174219 0.160938 0.000201376
0 0.309375 0.919922 0.134375 0.155469 0.00020879
0 0.239844 0.511328 0.145313 0.247656 0.000221084
0 0.3125 0.241406 0.209375 0.246875 0.00023036
0 0.795313 0.605078 0.209375 0.422656 0.000247195
0 0.629687 0.228516 0.198437 0.232031 0.000290959
0 0.281641 0.341016 0.185156 0.182031 0.000322082
0 0.232812 0.639063 0.196875 0.2 0.000341181
0 0.699219 0.600391 0.26875 0.361719 0.000343162
0 0.338672 0.515234 0.217969 0.453906 0.000343448
0 0.339453 0.308203 0.194531 0.289844 0.000356325
0 0.0214844 0.480469 0.0429688 0.4125 0.000409035
0 0.302344 0.601172 0.178125 0.235156 0.000441667
0 0.200391 0.562891 0.153906 0.282031 0.000493571
0 0.64375 0.325391 0.245312 0.466406 0.0006876
0 0.774609 0.679688 0.186719 0.24375 0.000688134
0 0.24375 0.312891 0.160938 0.257031 0.000870347
0 0.753906 0.519531 0.215625 0.495313 0.00140672
0 0.264453 0.549609 0.246094 0.339844 0.0025164
0 0.212891 0.471875 0.202344 0.503125 0.00253334
0 0.282031 0.326172 0.23125 0.347656 0.00290092
0 0.678125 0.445312 0.259375 0.407813 0.00631602
0 0.686328 0.446094 0.314844 0.676562 0.488126
0 0.278906 0.424609 0.284375 0.571094 0.509739
