0 0.253516 0.426172 0.103906 0.160156 0.000100562
0 0.391797 0.205078 0.122656 0.100781 0.000103226
0 0.317969 0.240234 0.09375 0.132031 0.000106238
0 0.348828 0.159766 0.102344 0.0882813 0.000106762
0 0.214062 0.0632813 0.409375 0.126563 0.000106933
0 0.287109 0.242969 0.0632813 0.0859375 0.000107043
0 0.327344 0.554297 0.110937 0.146094 0.000112308
0 0.297656 0.259766 0.139062 0.189844 0.000116607
0 0.234375 0.40625 0.0796875 0.103125 0.000117578
0 0.316797 0.277734 0.0804688 0.0835937 0.000118354
0 0.332031 0.268359 0.129688 0.147656 0.000120227
0 0.814062 0.389453 0.135937 0.217969 0.000121725
0 0.351172 0.212891 0.107031 0.110156 0.000123386
0 0.760938 0.283594 0.126563 0.175 0.000124033
0 0.298828 0.299219 0.100781 0.139062 0.000125291
0 0.385156 0.200391 0.0828125 0.0679687 0.000128971
0 0.285937 0.348437 0.1125 0.185937 0.00012965
0 0.259375 0.301953 0.0703125 0.100781 0.000146013
0 0.246484 0.304297 0.0789063 0.171094 0.000151537
0 0.305469 0.630078 0.198437 0.182031 0.000151671
0 0.2875 0.553906 0.289062 0.392188 0.000157181
0 0.777734 0.349609 0.141406 0.203906 0.000161338
0 0.720312 0.344922 0.078125 0.0945313 0.000167197
0 0.798437 0.617969 0.126563 0.145313 0.000168341
0 0.03125 0.399219 0.059375 0.610937 0.00017185
0 0.741016 0.326172 0.122656 0.152344 0.0001786
0 0.708594 0.559375 0.179688 0.278125 0.000180038
0 0.0425781 0.591016 0.0851562 0.817969 0.000181473
0 0.237109 0.552344 0.105469 0.151562 0.00018295
0 0.322266 0.592578 0.139844 0.152344 0.000186701
0 0.373437 0.178125 0.132812 0.115625 0.000191693
0 0.779688 0.667969 0.1 0.0984375 0.00020937
0 0.803125 0.663672 0.153125 0.135156 0.000209934
0 0.693359 0.615234 0.121094 0.147656 0.000215701
0 0.365234 0.496875 0.139844 0.242188 0.000232703
0 0.301562 0.261719 0.0640625 0.0734375 0.000246358
0 0.220313 0.395703 0.071875 0.161719 0.000275224
0 0.838672 0.607422 0.163281 0.225781 0.00033576
0 0.737109 0.650781 0.149219 0.157813 0.000343084
0 0.758203 0.651563 0.0851562 0.078125 0.000344966
0 0.235547 0.526563 0.124219 0.2625 0.000375046
0 0.296875 0.266016 0.0828125 0.116406 0.000411896
0 0.789062 0.333594 0.175 0.340625 0.000415336
0 0.763672 0.480469 0.0867188 0.107813 0.000452079
0 0.370313 0.186328 0.084375 0.0757812 0.000453554
0 0.727344 0.483984 0.2 0.182031 0.000454806
0 0.351562 0.559766 0.1375 0.214844 0.000460564
0 0.276172 0.28125 0.0929687 0.134375 0.000568363
0 0.263281 0.457031 0.167187 0.365625 0.000589039
0 0.724219 0.367578 0.120312 0.180469 0.000627993
0 0.812109 0.449609 0.164844 0.199219 0.000881542
0 0.283594 0.567578 0.210938 0.238281 0.000912926
0 0.234375 0.41875 0.103125 0.246875 0.000922121
0 0.231641 0.612109 0.150781 0.213281 0.000935172
0 0.744922 0.333594 0.164844 0.271875 0.00101071
0 0.776563 0.450391 0.090625 0.114844 0.00119649
0 0.779688 0.503516 0.1375 0.228906 0.00142723
0 0.768359 0.646484 0.136719 0.111719 0.00158005
0 0.730078 0.421875 0.146094 0.207813 0.00186314
0 0.248047 0.357812 0.107031 0.214062 0.00189044
0 0.802734 0.544922 0.194531 0.342969 0.00237431
0 0.776953 0.611328 0.183594 0.207031 0.0026808
0 0.755078 0.501562 0.202344 0.340625 0.00918879
0 0.775781 0.427344 0.273438 0.339063 0.0111466
0 0.767187 0.448047 0.132812 0.169531 0.0122633
0 0.769531 0.418359 0.170312 0.264844 0.19979
