0 0.825391 0.787891 0.241406 0.364844 0.000105895
0 0.385938 0.633594 0.135937 0.18125 0.000110384
0 0.658984 0.450391 0.139844 0.177344 0.000116355
0 0.188281 0.619922 0.1 0.217969 0.000117882
0 0.259375 0.598828 0.16875 0.207031 0.000120919
0 0.679688 0.735156 0.148438 0.184375 0.000122064
0 0.444922 0.8 0.494531 0.385938 0.00012396
0 0.65 0.841406 0.326562 0.304688 0.000127743
0 0.758203 0.775391 0.194531 0.199219 0.000131394
0 0.31875 0.695703 0.14375 0.188281 0.000145613
0 0.676562 0.407813 0.134375 0.175 0.000146967
0 0.239063 0.488672 0.0875 0.111719 0.000153757
0 0.241797 0.448828 0.0835937 0.114844 0.000159693
0 0.301562 0.40625 0.157813 0.184375 0.000161173
0 0.258203 0.468359 0.0867188 0.103906 0.000167852
0 0.225 0.509766 0.107813 0.175781 0.000169573
0 0.617578 0.280859 0.0851562 0.0867188 0.000172674
0 0.682031 0.776563 0.239063 0.201562 0.000176905
0 0.198437 0.752734 0.0921875 0.107031 0.000180664
0 0.256641 0.775781 0.241406 0.196875 0.000198502
0 0.601953 0.384375 0.149219 0.2375 0.000199437
0 0.696875 0.577734 0.179688 0.199219 0.000205467
0 0.646094 0.304297 0.08125 0.105469 0.000206757
0 0.614062 0.469141 0.1375 0.199219 0.000212709
0 0.709766 0.440625 0.103906 0.167187 0.000232407
0 0.629687 0.335938 0.157813 0.198437 0.000236779
0 0.357031 0.316406 0.160938 0.209375 0.000238372
0 0.746875 0.532812 0.190625 0.465625 0.000246802
0 0.369531 0.438281 0.170312 0.382812 0.000269163
0 0.344141 0.552734 0.138281 0.252344 0.000270033
0 0.301562 0.511328 0.139062 0.252344 0.000291367
0 0.25625 0.680859 0.0859375 0.103906 0.000300202
0 0.191406 0.880469 0.240625 0.239063 0.000327042
0 0.708594 0.438281 0.0796875 0.104687 0.000334494
0 0.258984 0.533203 0.139844 0.227344 0.000347066
0 0.736719 0.597656 0.1375 0.259375 0.000347558
0 0.301172 0.639453 0.175781 0.205469 0.000353153
0 0.394922 0.632422 0.202344 0.260156 0.000385693
0 0.622266 0.720703 0.292969 0.275781 0.000392406
0 0.656641 0.508594 0.169531 0.2 0.000399505
0 0.221875 0.575391 0.126563 0.266406 0.000407626
0 0.185547 0.716016 0.291406 0.466406 0.000440283
0 0.186328 0.7 0.0789063 0.109375 0.000477401
0 0.711719 0.484766 0.151562 0.310156 0.00048266
0 0.309375 0.339063 0.209375 0.25 0.000501251
0 0.662109 0.676953 0.202344 0.202344 0.000555203
0 0.176953 0.648828 0.138281 0.336719 0.000567047
0 0.238281 0.716016 0.090625 0.110156 0.000569068
0 0.278125 0.446484 0.15 0.183594 0.000661772
0 0.626172 0.643359 0.219531 0.336719 0.000662407
0 0.172266 0.769531 0.186719 0.3 0.000724385
0 0.326172 0.770312 0.364844 0.325 0.000747568
0 0.66875 0.407031 0.184375 0.276563 0.000801695
0 0.783203 0.6875 0.161719 0.289062 0.000823005
0 0.218359 0.7 0.0914062 0.10625 0.00107698
0 0.243359 0.469922 0.122656 0.214844 0.00134784
0 0.620313 0.522656 0.192188 0.310937 0.00139705
0 0.275781 0.679688 0.1375 0.171875 0.00146841
0 0.725391 0.794922 0.310156 0.346094 0.00154467
0 0.339453 0.682422 0.239844 0.244531 0.00204303
0 0.197656 0.558984 0.153125 0.414844 0.00221079
0 0.188281 0.718359 0.110937 0.158594 0.00233161
0 0.247656 0.449609 0.178125 0.346094 0.00237324
0 0.740625 0.715234 0.148438 0.197656 0.00248393
0 0.700391 0.638281 0.203906 0.20625 0.00267975
0 0.225781 0.810156 0.259375 0.320312 0.00302937
0 0.305859 0.411719 0.257031 0.426562 0.00369565
0 0.237891 0.657422 0.144531 0.213281 0.00387524
0 0.204297 0.678906 0.125781 0.184375 0.00448194
0 0.340234 0.558203 0.216406 0.382031 0.00507468
0 0.204297 0.750391 0.167969 0.174219 0.00726313
0 0.655469 0.489453 0.24375 0.492969 0.00993837
0 0.266797 0.699609 0.303906 0.297656 0.0153845
0 0.721875 0.717578 0.235938 0.255469 0.0370477
0 0.237109 0.622656 0.192969 0.345313 0.0711502
0 0.233203 0.7125 0.186719 0.189063 0.111216
0 0.279687 0.530859 0.259375 0.485156 0.182394
0 0.694141 0.613281 0.261719 0.414062 0.224398
