0 0.309766 0.404297 0.282031 0.560156 0.000100357
0 0.318359 0.555859 0.0867188 0.116406 0.000100417
0 0.776563 0.303125 0.164062 0.2 0.000100753
0 0.0703125 0.525 0.120312 0.529688 0.000101998
0 0.821484 0.470703 0.0929687 0.136719 0.000102958
0 0.884375 0.193359 0.229687 0.363281 0.000103018
0 0.0632813 0.860937 0.121875 0.278125 0.000107539
0 0.317969 0.628906 0.173438 0.146875 0.000110763
0 0.206641 0.133203 0.413281 0.263281 0.000114
0 0.780078 0.355078 0.0992187 0.113281 0.000114021
0 0.302344 0.533984 0.0875 0.102344 0.000114358
0 0.0625 0.0621094 0.125 0.121094 0.000115367
0 0.799219 0.125 0.401563 0.246875 0.000116687
0 0.134766 0.594531 0.114844 0.175 0.00011795
0 0.974609 0.4375 0.0507812 0.435937 0.000122028
0 0.884766 0.0183594 0.197656 0.0351562 0.000122175
0 0.173047 0.512109 0.130469 0.242969 0.0001231
0 0.357031 0.199609 0.13125 0.139844 0.000123869
0 0.235938 0.0183594 0.170312 0.0351562 0.000129151
0 0.439453 0.0332031 0.244531 0.0664062 0.000130572
0 0.223828 0.385938 0.144531 0.232812 0.000134121
0 0.822266 0.3875 0.142969 0.215625 0.000135589
0 0.221484 0.383594 0.0679687 0.0671875 0.000136627
0 0.64375 0.354297 0.182812 0.278906 0.000140487
0 0.780078 0.644922 0.333594 0.285156 0.000141481
0 0.254687 0.395703 0.164062 0.338281 0.000141834
0 0.338672 0.375781 0.174219 0.325 0.000143999
0 0.590234 0.225781 0.132031 0.175 0.000144572
0 0.674219 0.236328 0.142188 0.174219 0.000144858
0 0.569531 0.0203125 0.245312 0.040625 0.000147603
0 0.785937 0.647656 0.125 0.0953125 0.000156748
0 0.254297 0.657031 0.332031 0.292188 0.000161763
0 0.489453 0.0203125 0.239844 0.040625 0.000170783
0 0.200781 0.573438 0.148438 0.176563 0.000172234
0 0.805078 0.384766 0.0804688 0.114844 0.000173028
0 0.312891 0.0359375 0.282031 0.071875 0.000175833
0 0.478125 0.0785156 0.39375 0.152344 0.000181909
0 0.698438 0.283984 0.153125 0.200781 0.000187053
0 0.090625 0.282813 0.18125 0.4375 0.00019359
0 0.861719 0.668359 0.1125 0.0945313 0.00019397
0 0.923437 0.0699219 0.153125 0.139844 0.00019557
0 0.699609 0.488281 0.230469 0.307813 0.000203094
0 0.796094 0.614062 0.0890625 0.0875 0.0002034
0 0.316797 0.273438 0.164844 0.179688 0.000205334
0 0.644922 0.0359375 0.314844 0.071875 0.000207598
0 0.334766 0.230469 0.149219 0.15 0.000208855
0 0.719141 0.0199219 0.232031 0.0398437 0.000212953
0 0.1875 0.0359375 0.307813 0.071875 0.00021425
0 0.717578 0.309375 0.0773437 0.0953125 0.00021676
0 0.242969 0.516406 0.207813 0.204688 0.000217124
0 0.315234 0.549219 0.282031 0.279687 0.000217503
0 0.0300781 0.434375 0.0570313 0.4625 0.000221313
0 0.8 0.0203125 0.25625 0.0390625 0.000223223
0 0.1875 0.473437 0.292188 0.54375 0.000223485
0 0.74375 0.518359 0.19375 0.210156 0.000225757
0 0.121094 0.38125 0.204688 0.401563 0.000229935
0 0.296094 0.0871094 0.354688 0.174219 0.000231378
0 0.214453 0.323438 0.127344 0.184375 0.00024001
0 0.0285156 0.151953 0.0570313 0.299219 0.000251445
0 0.883594 0.0898438 0.232812 0.179688 0.000252637
0 0.223828 0.385938 0.105469 0.11875 0.000266933
0 0.266016 0.609375 0.144531 0.128125 0.000270154
0 0.19375 0.391406 0.110937 0.151562 0.000272437
0 0.0644531 0.120312 0.128906 0.240625 0.000279207
0 0.849609 0.0324219 0.252344 0.0632813 0.000282129
0 0.725391 0.386328 0.224219 0.405469 0.000283746
0 0.841797 0.640625 0.0820312 0.0640625 0.000293841
0 0.625781 0.266016 0.148438 0.213281 0.000301818
0 0.61875 0.0824219 0.326562 0.164844 0.00032794
0 0.857422 0.616406 0.114844 0.126563 0.000334793
0 0.198047 0.66875 0.288281 0.176563 0.000334849
0 0.191016 0.442187 0.160156 0.290625 0.000335187
0 0.05 0.230469 0.1 0.401563 0.000338598
0 0.0515625 0.393359 0.1 0.541406 0.000344595
0 0.71875 0.0691406 0.370313 0.138281 0.00035721
0 0.808984 0.439844 0.103906 0.228125 0.000362508
0 0.371484 0.254687 0.135156 0.1625 0.00036287
0 0.158594 0.632422 0.19375 0.172656 0.00038333
0 0.39375 0.0574219 0.373437 0.111719 0.000384171
0 0.521875 0.0347656 0.253125 0.0679687 0.000399253
0 0.788672 0.4125 0.153906 0.323438 0.000438346
0 0.881641 0.654297 0.0742188 0.0726563 0.00049093
0 0.332422 0.571875 0.125781 0.182812 0.000494114
0 0.744141 0.608594 0.138281 0.1375 0.000497839
0 0.144922 0.0632813 0.288281 0.121875 0.000501281
0 0.0304688 0.275781 0.059375 0.364062 0.000578372
0 0.759375 0.03125 0.26875 0.0625 0.000657008
0 0.303125 0.591797 0.090625 0.0960938 0.000712769
0 0.837109 0.573828 0.146094 0.189844 0.000725691
0 0.544531 0.053125 0.334375 0.104687 0.000757395
0 0.778516 0.592578 0.0882813 0.102344 0.000790329
0 0.6875 0.605469 0.170312 0.151562 0.000893602
0 0.797656 0.0496094 0.354688 0.0960938 0.000897526
0 0.808984 0.494141 0.152344 0.280469 0.000966584
0 0.159766 0.565625 0.174219 0.228125 0.00107486
0 0.759766 0.575 0.0835937 0.109375 0.0012488
0 0.287109 0.537109 0.141406 0.182031 0.00135123
0 0.301562 0.496484 0.179688 0.319531 0.00149501
0 0.842578 0.648828 0.130469 0.0882813 0.00175788
0 0.742578 0.622266 0.244531 0.183594 0.00226696
0 0.264844 0.625781 0.235938 0.179688 0.00266372
0 0.710547 0.564844 0.207031 0.195312 0.00305703
0 0.808203 0.632031 0.185156 0.129688 0.003212
0 0.303516 0.588281 0.132031 0.135937 0.00329608
0 0.75 0.558984 0.289062 0.280469 0.00421371
0 0.7625 0.573438 0.125 0.151562 0.00548149
0 0.207813 0.592969 0.2875 0.232812 0.00660139
0 0.234766 0.500781 0.261719 0.34375 0.0100497
0 0.778906 0.573828 0.20625 0.192969 0.0380303
0 0.26875 0.567187 0.214062 0.201562 0.0654338
