0 0.105469 0.787891 0.204688 0.400781 0.000100045
0 0.782422 0.787109 0.321094 0.392969 0.00010005
0 0.0328125 0.440234 0.065625 0.675781 0.000101361
0 0.480078 0.0355469 0.269531 0.0679687 0.000102444
0 0.26875 0.490234 0.0796875 0.0914062 0.000107746
0 0.295703 0.562109 0.169531 0.339844 0.000108445
0 0.925 0.0996094 0.148438 0.199219 0.000108906
0 0.105859 0.108594 0.211719 0.214062 0.000110268
0 0.35 0.689062 0.16875 0.16875 0.000112278
0 0.573047 0.0207031 0.250781 0.0414063 0.000114408
0 0.781641 0.752344 0.111719 0.1375 0.000114642
0 0.0175781 0.878906 0.0320312 0.242188 0.000115551
0 0.878516 0.875781 0.242969 0.248437 0.000116017
0 0.732031 0.104297 0.267188 0.208594 0.000119413
0 0.956641 0.892187 0.0867188 0.215625 0.000120377
0 0.265234 0.457422 0.102344 0.191406 0.00012068
0 0.382031 0.451562 0.390625 0.684375 0.000123906
0 0.983984 0.880078 0.0320312 0.239844 0.000126169
0 0.0316406 0.2375 0.0632813 0.475 0.000131777
0 0.811328 0.714844 0.135156 0.239063 0.00013497
0 0.953906 0.794531 0.0921875 0.410937 0.000146519
0 0.075 0.0179687 0.139062 0.0328125 0.000154056
0 0.305859 0.653125 0.189844 0.240625 0.00015696
0 0.678125 0.677344 0.14375 0.157813 0.000160703
0 0.0234375 0.648438 0.0453125 0.470313 0.000163223
0 0.053125 0.698438 0.101562 0.603125 0.000181571
0 0.799219 0.534375 0.38125 0.854688 0.000184578
0 0.98125 0.689062 0.0375 0.489062 0.000185727
0 0.802734 0.0199219 0.271094 0.0367187 0.000185872
0 0.0664062 0.0476562 0.13125 0.0953125 0.000188109
0 0.735937 0.755078 0.198437 0.230469 0.000188452
0 0.973437 0.923437 0.053125 0.153125 0.000192862
0 0.278516 0.474219 0.221094 0.428125 0.000199269
0 0.0597656 0.144531 0.119531 0.289062 0.000203633
0 0.0652344 0.364844 0.130469 0.729688 0.000205074
0 0.344141 0.0203125 0.244531 0.0375 0.000209355
0 0.184375 0.03125 0.35625 0.0609375 0.000211042
0 0.108984 0.274609 0.217969 0.549219 0.000252395
0 0.0253906 0.809766 0.0507812 0.380469 0.0002542
0 0.269141 0.237891 0.377344 0.464844 0.00026359
0 0.928516 0.025 0.142969 0.0484375 0.000287647
0 0.601562 0.0371094 0.365625 0.0742188 0.000297264
0 0.735937 0.314453 0.43125 0.628906 0.000317895
0 0.239844 0.648047 0.1375 0.336719 0.000326566
0 0.0984375 0.025 0.196875 0.05 0.000345985
0 0.23125 0.723828 0.1 0.158594 0.000361392
0 0.354688 0.0328125 0.326562 0.065625 0.000367957
0 0.773047 0.655859 0.174219 0.361719 0.000377022
0 0.724609 0.675781 0.186719 0.2 0.000385743
0 0.736328 0.0351562 0.392969 0.06875 0.000387408
0 0.268359 0.691016 0.157031 0.199219 0.000415165
0 0.189844 0.60625 0.3125 0.695312 0.000434782
0 0.196094 0.366016 0.392188 0.719531 0.000460448
0 0.884766 0.01875 0.224219 0.0359375 0.000467064
0 0.796484 0.720703 0.0882813 0.136719 0.0004806
0 0.976172 0.807813 0.0476562 0.384375 0.000490276
0 0.791406 0.196484 0.410937 0.388281 0.000529348
0 0.238281 0.603125 0.189063 0.53125 0.000543996
0 0.145313 0.05625 0.290625 0.110937 0.000558849
0 0.258984 0.555078 0.121094 0.244531 0.000603805
0 0.2125 0.114453 0.403125 0.225781 0.00068748
0 0.905078 0.0441406 0.189844 0.0882813 0.000740157
0 0.630469 0.189453 0.484375 0.377344 0.00083869
0 0.392188 0.264844 0.45 0.507812 0.00101804
0 0.847656 0.109375 0.303125 0.21875 0.00105953
0 0.850781 0.0316406 0.298438 0.0632813 0.0011883
0 0.288672 0.0683594 0.408594 0.136719 0.00124572
0 0.76875 0.714453 0.139062 0.166406 0.00134297
0 0.458594 0.0625 0.434375 0.125 0.00151342
0 0.373047 0.114063 0.422656 0.228125 0.00154485
0 0.253125 0.509766 0.084375 0.124219 0.00195686
0 0.621875 0.0667969 0.460938 0.133594 0.00211715
0 0.541406 0.112109 0.49375 0.224219 0.00243909
0 0.721875 0.115625 0.492188 0.228125 0.00260768
0 0.797656 0.0605469 0.398438 0.119531 0.0030062
