0 0.698828 0.494141 0.182031 0.252344 0.000101612
0 0.285547 0.53125 0.188281 0.175 0.000113245
0 0.658203 0.639063 0.150781 0.203125 0.000113719
0 0.818359 0.352734 0.330469 0.575781 0.000115489
0 0.7375 0.957422 0.273438 0.0851562 0.000116837
0 0.471484 0.0914062 0.347656 0.182812 0.000117948
0 0.967969 0.311328 0.0640625 0.472656 0.000121183
0 0.217187 0.105859 0.225 0.211719 0.000127872
0 0.923437 0.35625 0.146875 0.498437 0.000130111
0 0.340625 0.677734 0.190625 0.180469 0.000130452
0 0.255859 0.230469 0.417969 0.45 0.000131842
0 0.633984 0.201562 0.375781 0.396875 0.000133862
0 0.409766 0.704297 0.325781 0.499219 0.00013405
0 0.701172 0.885938 0.149219 0.210938 0.000150643
0 0.628516 0.686328 0.141406 0.224219 0.000153199
0 0.280469 0.594531 0.221875 0.210938 0.000155882
0 0.785547 0.803516 0.146094 0.277344 0.00016627
0 0.473437 0.0339844 0.253125 0.0679687 0.000167978
0 0.0710938 0.359375 0.139062 0.6625 0.000168115
0 0.885547 0.125 0.224219 0.25 0.000180054
0 0.398047 0.767969 0.183594 0.275 0.00018416
0 0.618359 0.0996094 0.341406 0.199219 0.000188497
0 0.86875 0.735547 0.2 0.471094 0.00018999
0 0.720703 0.735937 0.203906 0.204688 0.000192583
0 0.848047 0.957422 0.208594 0.0851562 0.000202479
0 0.220313 0.807031 0.179688 0.15 0.000207693
0 0.816016 0.679688 0.124219 0.217187 0.000208908
0 0.272656 0.8 0.307813 0.254687 0.000211247
0 0.180859 0.704297 0.196094 0.391406 0.000215717
0 0.528516 0.0589844 0.330469 0.117969 0.000233028
0 0.933594 0.223438 0.13125 0.446875 0.000248077
0 0.219531 0.146094 0.328125 0.292188 0.00025971
0 0.371875 0.609375 0.209375 0.35625 0.000275832
0 0.764063 0.866797 0.151562 0.233594 0.000281682
0 0.0742188 0.103125 0.145313 0.20625 0.000284945
0 0.183203 0.801953 0.0976562 0.100781 0.000301134
0 0.139453 0.0410156 0.250781 0.0820312 0.000308276
0 0.214453 0.613281 0.191406 0.334375 0.000313939
0 0.822266 0.848828 0.152344 0.207031 0.000340378
0 0.883203 0.275781 0.230469 0.539062 0.000371323
0 0.802344 0.940234 0.253125 0.119531 0.000388428
0 0.571484 0.0347656 0.267969 0.0695312 0.000407355
0 0.345313 0.528906 0.20625 0.201562 0.000410946
0 0.674219 0.695703 0.145313 0.216406 0.000418231
0 0.703516 0.921094 0.228906 0.153125 0.00042234
0 0.875391 0.896094 0.197656 0.20625 0.000433821
0 0.662109 0.614844 0.189844 0.35 0.000514715
0 0.300781 0.514844 0.232812 0.296875 0.000546331
0 0.172266 0.352344 0.338281 0.704687 0.00056527
0 0.720703 0.661719 0.207031 0.198437 0.000586591
0 0.236719 0.621875 0.14375 0.207813 0.000621767
0 0.344531 0.739062 0.179688 0.195312 0.000650728
0 0.803125 0.902344 0.15 0.190625 0.000695469
0 0.794141 0.659375 0.197656 0.346875 0.000983112
0 0.257422 0.676562 0.182031 0.20625 0.000998503
0 0.130078 0.0796875 0.258594 0.159375 0.00126628
0 0.70625 0.859766 0.251563 0.264844 0.00128966
0 0.81875 0.761328 0.145313 0.292969 0.00145573
0 0.7625 0.695312 0.207813 0.198437 0.00245707
0 0.140234 0.217578 0.275781 0.435156 0.00261567
0 0.683203 0.70625 0.227344 0.301562 0.0029471
0 0.342187 0.723437 0.235938 0.304688 0.00392498
0 0.249219 0.682422 0.234375 0.327344 0.00585087
0 0.839063 0.849609 0.210938 0.299219 0.00661834
0 0.774609 0.894531 0.278906 0.209375 0.0181579
0 0.734766 0.665234 0.305469 0.505469 0.0222153
0 0.777734 0.7875 0.271094 0.414062 0.203541
0 0.301172 0.634375 0.297656 0.465625 0.460765
