0 0.344531 0.618359 0.134375 0.263281 0.00010037
0 0.274609 0.425391 0.0585938 0.0851562 0.000101426
0 0.728906 0.386328 0.101562 0.219531 0.000105757
0 0.964063 0.606641 0.06875 0.558594 0.000116122
0 0.645312 0.676172 0.179688 0.211719 0.000127782
0 0.983203 0.655469 0.0335938 0.25 0.000128421
0 0.655859 0.752344 0.139844 0.167187 0.000132245
0 0.0859375 0.757031 0.171875 0.485938 0.000133773
0 0.968359 0.929688 0.0632813 0.140625 0.000140898
0 0.698438 0.676562 0.0921875 0.11875 0.000145105
0 0.977734 0.766797 0.0445312 0.428906 0.000162121
0 0.255078 0.381641 0.102344 0.214844 0.000166755
0 0.75 0.620703 0.145313 0.192969 0.000170234
0 0.751562 0.734766 0.167187 0.275781 0.000186818
0 0.952344 0.766797 0.0953125 0.460156 0.000189487
0 0.677734 0.713672 0.0851562 0.105469 0.000223265
0 0.380469 0.692969 0.160938 0.210938 0.000224289
0 0.257031 0.638672 0.1375 0.197656 0.000229679
0 0.71875 0.404687 0.090625 0.128125 0.000249005
0 0.683203 0.619141 0.0914062 0.0992187 0.000265479
0 0.260547 0.479297 0.110156 0.260156 0.000266736
0 0.0351562 0.734766 0.0703125 0.525781 0.000321977
0 0.973437 0.648828 0.053125 0.341406 0.000322387
0 0.261328 0.428906 0.0851562 0.140625 0.000335013
0 0.700391 0.497266 0.182031 0.461719 0.00034439
0 0.301172 0.567578 0.280469 0.511719 0.000347238
0 0.276172 0.486719 0.153906 0.48125 0.000378803
0 0.0589844 0.815234 0.117969 0.352344 0.000455611
0 0.360156 0.241797 0.0609375 0.0742188 0.000473495
0 0.219922 0.690234 0.133594 0.267969 0.000482635
0 0.336719 0.722266 0.217187 0.208594 0.000775404
0 0.275781 0.716797 0.139062 0.189844 0.000808105
0 0.718359 0.635938 0.0945313 0.109375 0.000845635
0 0.239063 0.749609 0.164062 0.222656 0.00102624
0 0.672266 0.616016 0.188281 0.267969 0.00103918
0 0.242578 0.615625 0.157031 0.342187 0.00117476
0 0.687109 0.622266 0.133594 0.136719 0.00125997
0 0.680078 0.712109 0.125781 0.191406 0.00126194
0 0.723047 0.584766 0.167969 0.305469 0.00145645
0 0.316797 0.651953 0.222656 0.308594 0.00160867
0 0.712891 0.693359 0.264844 0.274219 0.00336135
0 0.276172 0.704687 0.208594 0.2625 0.0140686
0 0.7125 0.663281 0.165625 0.20625 0.180565
