0 0.617578 0.345703 0.136719 0.199219 0.000100177
0 0.460938 0.258203 0.325 0.460156 0.000100465
0 0.944531 0.193359 0.110937 0.386719 0.000102443
0 0.751172 0.6125 0.111719 0.234375 0.000102557
0 0.686328 0.1625 0.0414063 0.059375 0.000103846
0 0.121484 0.449219 0.113281 0.242188 0.000104811
0 0.744141 0.383984 0.328906 0.624219 0.000110177
0 0.329297 0.4375 0.135156 0.385938 0.000112727
0 0.299609 0.517187 0.0851562 0.110937 0.000112765
0 0.677344 0.508203 0.0875 0.102344 0.000115773
0 0.121484 0.0726563 0.242969 0.145313 0.000115963
0 0.861719 0.109766 0.203125 0.211719 0.000119067
0 0.0296875 0.560938 0.059375 0.564062 0.000119894
0 0.728906 0.387891 0.08125 0.242969 0.00012066
0 0.175 0.557031 0.0921875 0.0921875 0.000123025
0 0.8625 0.0699219 0.153125 0.128906 0.000126654
0 0.282031 0.154297 0.128125 0.128906 0.000126763
0 0.189453 0.319531 0.0789063 0.110937 0.000127217
0 0.659766 0.279297 0.0617188 0.0882813 0.00013389
0 0.585547 0.443359 0.132031 0.247656 0.00013439
0 0.933984 0.867578 0.132031 0.264844 0.000135697
0 0.0339844 0.146484 0.0679687 0.292969 0.000137552
0 0.303125 0.278125 0.132812 0.157813 0.00014634
0 0.717578 0.452344 0.0804688 0.114063 0.000147002
0 0.262891 0.587891 0.149219 0.152344 0.000147151
0 0.619531 0.408594 0.123438 0.189063 0.000154531
0 0.633984 0.258984 0.0851562 0.130469 0.000160016
0 0.683203 0.318359 0.0601562 0.0976562 0.000164046
0 0.744922 0.289844 0.203906 0.378125 0.000165815
0 0.0992187 0.551562 0.126563 0.179688 0.000168842
0 0.614453 0.280859 0.116406 0.189844 0.000170726
0 0.341016 0.319141 0.0851562 0.110156 0.000177242
0 0.298047 0.348828 0.167969 0.289844 0.000177365
0 0.583984 0.357031 0.147656 0.292188 0.000178374
0 0.227344 0.106641 0.0609375 0.0476562 0.000180162
0 0.0640625 0.110937 0.128125 0.221875 0.000180421
0 0.658984 0.367578 0.142969 0.192969 0.000182136
0 0.967578 0.814062 0.0648438 0.359375 0.000183581
0 0.0570313 0.275391 0.114063 0.550781 0.000186651
0 0.201172 0.201172 0.117969 0.208594 0.00018879
0 0.973828 0.477734 0.0507812 0.407031 0.000193415
0 0.258594 0.301953 0.1375 0.169531 0.000202472
0 0.0195312 0.485156 0.0390625 0.420312 0.000203078
0 0.0625 0.558594 0.120312 0.478125 0.000207113
0 0.151172 0.621875 0.197656 0.160938 0.000208775
0 0.212109 0.084375 0.372656 0.16875 0.000210114
0 0.699219 0.552344 0.0875 0.1125 0.000213802
0 0.8875 0.190625 0.225 0.38125 0.00021419
0 0.691016 0.196484 0.0554687 0.0992187 0.000225018
0 0.2375 0.343359 0.129688 0.169531 0.000230258
0 0.342578 0.265625 0.119531 0.182812 0.000231016
0 0.710938 0.319141 0.0609375 0.103906 0.000236311
0 0.657812 0.280859 0.0890625 0.147656 0.000244741
0 0.201172 0.571484 0.149219 0.124219 0.000245437
0 0.279297 0.533984 0.0867188 0.105469 0.000253288
0 0.260156 0.215234 0.157813 0.205469 0.000253951
0 0.716406 0.573438 0.0859375 0.117188 0.000256765
0 0.65625 0.214062 0.0484375 0.096875 0.000268914
0 0.962891 0.438281 0.0742188 0.70625 0.000277697
0 0.682813 0.321094 0.0796875 0.1625 0.00027903
0 0.654297 0.157422 0.0992187 0.138281 0.000289626
0 0.132812 0.279297 0.140625 0.330469 0.000298752
0 0.157422 0.574609 0.0914062 0.0898438 0.000301925
0 0.810156 0.152344 0.315625 0.296875 0.000302446
0 0.323047 0.528516 0.116406 0.189844 0.000316561
0 0.339844 0.183984 0.1625 0.257031 0.00032199
0 0.695703 0.389453 0.110156 0.194531 0.000322057
0 0.158594 0.341406 0.084375 0.114063 0.000322119
0 0.548047 0.198437 0.250781 0.35 0.000322945
0 0.301953 0.606641 0.111719 0.121094 0.000325565
0 0.627344 0.154297 0.207813 0.249219 0.000330027
0 0.746094 0.554297 0.075 0.185156 0.000331117
0 0.0941406 0.536328 0.153906 0.332031 0.000332822
0 0.237891 0.260938 0.144531 0.1625 0.000340112
0 0.173438 0.265625 0.0796875 0.104687 0.000341513
0 0.66875 0.161328 0.05 0.0632813 0.000346906
0 0.168359 0.219141 0.300781 0.391406 0.000350179
0 0.707031 0.2625 0.05625 0.103125 0.000356532
0 0.599609 0.592578 0.117969 0.144531 0.00035671
0 0.735156 0.546094 0.315625 0.367188 0.000370905
0 0.740234 0.4 0.150781 0.546875 0.000390065
0 0.945312 0.698438 0.10625 0.59375 0.000395442
0 0.217969 0.428125 0.126563 0.209375 0.000396697
0 0.60625 0.550781 0.295312 0.378125 0.000410064
0 0.307813 0.0910156 0.215625 0.167969 0.000425358
0 0.264844 0.117969 0.145313 0.123438 0.000426201
0 0.702734 0.635938 0.178906 0.2125 0.000428634
0 0.444922 0.14375 0.294531 0.2875 0.00043062
0 0.616406 0.472266 0.123438 0.207031 0.000434799
0 0.159375 0.448438 0.125 0.201562 0.000452588
0 0.653125 0.227344 0.0875 0.153125 0.000460742
0 0.0953125 0.374609 0.170312 0.628906 0.000461099
0 0.195312 0.383203 0.120312 0.249219 0.000467154
0 0.176953 0.58125 0.305469 0.3 0.000480564
0 0.678516 0.218359 0.0648438 0.122656 0.000480952
0 0.194141 0.449609 0.0820312 0.0835937 0.000483154
0 0.976953 0.353516 0.0445312 0.424219 0.00048419
0 0.300391 0.555078 0.0898438 0.117969 0.000517094
0 0.0996094 0.180469 0.199219 0.360938 0.000517928
0 0.667188 0.196094 0.0484375 0.078125 0.000544448
0 0.308594 0.261328 0.175 0.252344 0.000564929
0 0.732422 0.551953 0.0742188 0.114844 0.000575934
0 0.657422 0.165234 0.0695312 0.0929687 0.000576221
0 0.243359 0.553125 0.146094 0.1375 0.000581212
0 0.684766 0.280859 0.0601562 0.0945313 0.000586921
0 0.739844 0.487109 0.096875 0.305469 0.000590061
0 0.599219 0.295703 0.21875 0.432031 0.000625501
0 0.730078 0.491797 0.0789063 0.171094 0.000627285
0 0.717188 0.491016 0.0765625 0.0992187 0.000671221
0 0.698438 0.299219 0.0609375 0.0953125 0.000679756
0 0.141406 0.510938 0.157813 0.201562 0.000774519
0 0.199219 0.492969 0.13125 0.201562 0.000843223
0 0.222656 0.622266 0.28125 0.185156 0.000847682
0 0.235938 0.141797 0.135937 0.150781 0.000849171
0 0.346094 0.129688 0.248437 0.259375 0.000929064
0 0.660547 0.431641 0.157031 0.196094 0.00102739
0 0.696094 0.241797 0.0609375 0.125781 0.00107498
0 0.273828 0.148828 0.183594 0.194531 0.00107809
0 0.197266 0.448828 0.107031 0.128906 0.00111881
0 0.641406 0.226953 0.171875 0.289844 0.00114115
0 0.290234 0.391406 0.208594 0.567187 0.00116158
0 0.715234 0.45 0.108594 0.215625 0.00117055
0 0.718359 0.530078 0.0804688 0.105469 0.00123963
0 0.232422 0.118359 0.0757812 0.0820312 0.00126678
0 0.706641 0.310547 0.0789063 0.189844 0.00132288
0 0.162891 0.266406 0.107031 0.196875 0.00162103
0 0.128906 0.436328 0.16875 0.377344 0.00165574
0 0.277734 0.517187 0.142969 0.190625 0.00167337
0 0.162109 0.304688 0.0867188 0.11875 0.0017323
0 0.653516 0.182812 0.0492188 0.071875 0.00174473
0 0.639063 0.589844 0.198437 0.176563 0.00174892
0 0.692578 0.272266 0.0820312 0.142969 0.00219908
0 0.676562 0.31875 0.146875 0.332812 0.00222337
0 0.156641 0.361328 0.119531 0.210156 0.00246612
0 0.678516 0.491797 0.144531 0.238281 0.00251339
0 0.158203 0.566797 0.183594 0.158594 0.00340635
0 0.716406 0.587891 0.13125 0.197656 0.00403103
0 0.665234 0.489844 0.271094 0.390625 0.00500436
0 0.260938 0.20625 0.239063 0.3 0.00502887
0 0.7125 0.441406 0.13125 0.364062 0.00607368
0 0.188672 0.489062 0.228906 0.264062 0.00650511
0 0.294922 0.560547 0.133594 0.166406 0.00688327
0 0.204688 0.241406 0.178125 0.276563 0.00741465
0 0.623047 0.529688 0.177344 0.240625 0.00756079
0 0.716016 0.535937 0.107031 0.195312 0.0107379
0 0.265625 0.488672 0.195312 0.285156 0.0121044
0 0.177734 0.316016 0.127344 0.213281 0.0215499
0 0.654297 0.376172 0.211719 0.496094 0.0238062
0 0.228125 0.55 0.24375 0.196875 0.0296092
0 0.161328 0.361719 0.157031 0.342187 0.0425888
0 0.203125 0.362109 0.242188 0.477344 0.0616208
0 0.678906 0.552344 0.196875 0.23125 0.128199
