0 0.229297 0.726562 0.164844 0.257812 0.000101627
0 0.671094 0.220703 0.1875 0.174219 0.000101966
0 0.757422 0.530469 0.0914062 0.110937 0.000103978
0 0.84375 0.737891 0.126563 0.171094 0.000105561
0 0.738672 0.262109 0.0851562 0.116406 0.000106558
0 0.725391 0.471484 0.157031 0.197656 0.000107414
0 0.820312 0.633594 0.134375 0.2625 0.000107859
0 0.375781 0.360156 0.185937 0.315625 0.000112719
0 0.322656 0.657031 0.16875 0.19375 0.000112821
0 0.201953 0.640625 0.183594 0.434375 0.000122914
0 0.736328 0.569922 0.0898438 0.103906 0.000128475
0 0.378516 0.691016 0.172656 0.207031 0.000132141
0 0.703125 0.616016 0.14375 0.260156 0.000144314
0 0.791797 0.386719 0.105469 0.240625 0.000151735
0 0.3875 0.273047 0.15 0.186719 0.000155476
0 0.723047 0.319141 0.0757812 0.0960938 0.000167658
0 0.685938 0.308984 0.215625 0.261719 0.000171819
0 0.280859 0.31875 0.171094 0.207813 0.000173583
0 0.776563 0.73125 0.321875 0.254687 0.000176822
0 0.664453 0.402734 0.246094 0.444531 0.000190459
0 0.38125 0.638672 0.220313 0.328906 0.000198834
0 0.372656 0.479688 0.204688 0.351562 0.000214873
0 0.707812 0.533594 0.164062 0.20625 0.000215957
0 0.822656 0.701172 0.15625 0.155469 0.000219431
0 0.599609 0.244922 0.135156 0.174219 0.000221562
0 0.230078 0.528125 0.125781 0.260938 0.00022922
0 0.534375 0.575 0.553125 0.85 0.000235673
0 0.760547 0.733203 0.238281 0.169531 0.000241145
0 0.71875 0.714844 0.142188 0.164062 0.000247111
0 0.666406 0.521875 0.2 0.39375 0.000269104
0 0.779297 0.611719 0.147656 0.264062 0.000276138
0 0.783594 0.320703 0.084375 0.130469 0.000281085
0 0.246484 0.365625 0.178906 0.3125 0.000294589
0 0.757422 0.490234 0.0898438 0.0960938 0.000306619
0 0.764844 0.428125 0.103125 0.196875 0.000307963
0 0.316406 0.471875 0.201562 0.20625 0.000309343
0 0.436328 0.478906 0.449219 0.785937 0.00031163
0 0.828906 0.600781 0.217187 0.404687 0.000362412
0 0.743359 0.305859 0.0851562 0.114844 0.000409134
0 0.373047 0.4375 0.285156 0.535937 0.000448708
0 0.682813 0.629687 0.30625 0.467187 0.000592477
0 0.316406 0.68125 0.259375 0.28125 0.000647495
0 0.337891 0.307031 0.202344 0.229687 0.000755364
0 0.844531 0.721484 0.0953125 0.110156 0.000818612
0 0.642578 0.2625 0.182031 0.192188 0.000867177
0 0.749219 0.359375 0.125 0.24375 0.00100252
0 0.722656 0.297266 0.178125 0.180469 0.00104303
0 0.216016 0.476953 0.233594 0.464844 0.00106329
0 0.683594 0.691797 0.154687 0.205469 0.00115505
0 0.280859 0.53125 0.169531 0.20625 0.00117083
0 0.7625 0.328125 0.0796875 0.0890625 0.00128656
0 0.307813 0.342578 0.228125 0.358594 0.00132286
0 0.796094 0.686328 0.214062 0.232031 0.00160353
0 0.334375 0.558984 0.25 0.388281 0.00196764
0 0.769141 0.352344 0.100781 0.154687 0.00205031
0 0.743359 0.571094 0.141406 0.24375 0.0028904
0 0.760938 0.510156 0.134375 0.235938 0.00381422
0 0.265625 0.468359 0.148438 0.253906 0.00477589
0 0.257031 0.590625 0.21875 0.470313 0.00607361
0 0.773047 0.428906 0.153906 0.375 0.00616552
0 0.735937 0.664062 0.2375 0.290625 0.00974966
0 0.728516 0.448438 0.232031 0.490625 0.0160431
0 0.764453 0.557422 0.221094 0.436719 0.16335
0 0.291797 0.469531 0.242969 0.4875 0.314874
