0 0.299219 0.590234 0.173438 0.171094 0.000100919
0 0.432813 0.793359 0.460938 0.413281 0.000101638
0 0.739453 0.309766 0.0617188 0.0632813 0.000104181
0 0.321875 0.386328 0.0828125 0.114844 0.000105279
0 0.955469 0.440625 0.0875 0.63125 0.000105679
0 0.719141 0.261328 0.110156 0.227344 0.000108956
0 0.783594 0.373047 0.110937 0.185156 0.000109969
0 0.779688 0.218359 0.0734375 0.121094 0.000110193
0 0.450781 0.517969 0.153125 0.242188 0.000110968
0 0.385156 0.232812 0.109375 0.15 0.000111139
0 0.805469 0.370313 0.071875 0.103125 0.000111796
0 0.321484 0.324219 0.0710938 0.1 0.000112638
0 0.941016 0.278906 0.113281 0.5375 0.000115201
0 0.7375 0.167578 0.06875 0.107031 0.000119451
0 0.833203 0.492578 0.0523437 0.108594 0.000119685
0 0.298438 0.513672 0.0890625 0.116406 0.00011989
0 0.821875 0.589063 0.0875 0.107813 0.00012036
0 0.867969 0.561719 0.157813 0.25625 0.000120415
0 0.424609 0.216406 0.124219 0.18125 0.000121526
0 0.879687 0.440234 0.203125 0.557031 0.000123512
0 0.830469 0.429688 0.0671875 0.176563 0.000124938
0 0.323047 0.427344 0.0851562 0.104687 0.000125421
0 0.380078 0.175781 0.0773437 0.101562 0.000127885
0 0.382422 0.470703 0.0851562 0.108594 0.000128387
0 0.280859 0.49375 0.0789063 0.11875 0.000128774
0 0.753906 0.239453 0.059375 0.0695312 0.000130577
0 0.700391 0.124609 0.0976562 0.0898438 0.000132597
0 0.782812 0.236328 0.0421875 0.0710938 0.000138935
0 0.536719 0.0730469 0.240625 0.144531 0.00013997
0 0.743359 0.589453 0.155469 0.178906 0.00014217
0 0.292188 0.410156 0.101562 0.214062 0.000143693
0 0.799609 0.658594 0.207031 0.204688 0.000144524
0 0.816016 0.371484 0.0695312 0.163281 0.000145726
0 0.322266 0.470703 0.0882813 0.108594 0.000146032
0 0.327344 0.240625 0.0953125 0.221875 0.000147202
0 0.382422 0.510547 0.0851562 0.110156 0.000154178
0 0.672656 0.622266 0.38125 0.550781 0.000155521
0 0.740625 0.369141 0.134375 0.247656 0.000156034
0 0.306641 0.769141 0.389844 0.436719 0.000156318
0 0.783984 0.533594 0.0914062 0.114063 0.000157557
0 0.463281 0.151172 0.0953125 0.182031 0.000160991
0 0.716016 0.125391 0.0710938 0.0601562 0.000164251
0 0.738281 0.320312 0.0765625 0.109375 0.000167325
0 0.378906 0.124219 0.0734375 0.0953125 0.000168131
0 0.877344 0.601953 0.210938 0.442969 0.000177254
0 0.364844 0.491797 0.0875 0.108594 0.000178357
0 0.697656 0.367578 0.121875 0.261719 0.000179295
0 0.804688 0.446875 0.0796875 0.110937 0.000181078
0 0.425781 0.302734 0.1125 0.180469 0.000182031
0 0.531641 0.690625 0.552344 0.61875 0.000182879
0 0.342187 0.368359 0.117188 0.178906 0.0001932
0 0.805469 0.491406 0.0828125 0.110937 0.00019359
0 0.8375 0.610937 0.132812 0.16875 0.000202812
0 0.686719 0.377734 0.303125 0.517969 0.000220657
0 0.827344 0.362109 0.18125 0.513281 0.000223809
0 0.81875 0.469922 0.0703125 0.113281 0.000225719
0 0.450781 0.353125 0.153125 0.3375 0.000227872
0 0.414453 0.214844 0.278906 0.382812 0.00022947
0 0.385156 0.136328 0.1125 0.158594 0.000233603
0 0.803516 0.567969 0.0898438 0.109375 0.000246504
0 0.366406 0.347266 0.140625 0.253906 0.000247842
0 0.739062 0.216406 0.0953125 0.160938 0.000263057
0 0.348047 0.213281 0.0804688 0.160938 0.000272987
0 0.276953 0.549609 0.0789063 0.110156 0.000287629
0 0.739062 0.239844 0.0671875 0.101562 0.000290333
0 0.252344 0.592969 0.115625 0.198437 0.000292355
0 0.322656 0.326172 0.0953125 0.200781 0.00029429
0 0.510938 0.122266 0.2125 0.232031 0.0003004
0 0.421875 0.564844 0.132812 0.164062 0.000313263
0 0.462891 0.18125 0.133594 0.2625 0.000315738
0 0.3625 0.194922 0.0671875 0.0945313 0.000322282
0 0.703516 0.548047 0.139844 0.188281 0.000345836
0 0.848437 0.721484 0.295312 0.386719 0.000358589
0 0.719531 0.431641 0.125 0.257031 0.000380668
0 0.2625 0.472266 0.292188 0.397656 0.000384056
0 0.680078 0.201953 0.169531 0.249219 0.00038993
0 0.805469 0.407813 0.0765625 0.110937 0.00039421
0 0.4375 0.116406 0.132812 0.15 0.000511716
0 0.834375 0.555469 0.0734375 0.117188 0.000521459
0 0.409766 0.367188 0.127344 0.225 0.000525156
0 0.729297 0.140234 0.0664062 0.0835937 0.000550017
0 0.741016 0.771094 0.383594 0.426562 0.000581985
0 0.832031 0.494922 0.06875 0.199219 0.000599436
0 0.712109 0.59375 0.264844 0.279687 0.000602583
0 0.366406 0.524219 0.1375 0.167187 0.0006073
0 0.3625 0.227344 0.129688 0.214062 0.0007181
0 0.691797 0.138281 0.133594 0.153125 0.00073507
0 0.820312 0.515234 0.0765625 0.116406 0.000764537
0 0.746094 0.215625 0.160938 0.239063 0.0007953
0 0.298828 0.364062 0.149219 0.423438 0.000843398
0 0.814844 0.540625 0.303125 0.354688 0.000955253
0 0.382812 0.409766 0.148438 0.200781 0.0010557
0 0.363672 0.180078 0.0976562 0.157031 0.00116186
0 0.692187 0.380469 0.178125 0.417188 0.00129281
0 0.803516 0.409375 0.0960938 0.20625 0.00158993
0 0.3375 0.321484 0.15 0.369531 0.00161432
0 0.836328 0.569922 0.102344 0.169531 0.00187484
0 0.825391 0.448438 0.0945313 0.289062 0.00222461
0 0.762109 0.452344 0.146094 0.259375 0.0022824
0 0.71875 0.147656 0.0984375 0.114063 0.00231169
0 0.417969 0.196094 0.173438 0.285937 0.00233754
0 0.323828 0.507422 0.147656 0.191406 0.00251294
0 0.7125 0.173828 0.13125 0.174219 0.00254225
0 0.730859 0.288672 0.216406 0.410156 0.00280731
0 0.323047 0.410937 0.125781 0.26875 0.00324023
0 0.708594 0.486719 0.176563 0.2625 0.00445256
0 0.777734 0.663672 0.292969 0.346094 0.00449986
0 0.273438 0.545703 0.121875 0.219531 0.00450573
0 0.401172 0.519922 0.166406 0.225781 0.00459549
0 0.346094 0.541406 0.239063 0.2375 0.00489371
0 0.362109 0.470313 0.161719 0.203125 0.00517096
0 0.412891 0.439844 0.169531 0.3125 0.00657812
0 0.796875 0.586719 0.198437 0.226562 0.009232
0 0.816406 0.535156 0.103125 0.175 0.00983737
0 0.287109 0.480469 0.133594 0.270312 0.0125119
0 0.797266 0.484375 0.135156 0.273438 0.0263635
0 0.758203 0.391406 0.211719 0.446875 0.0410075
0 0.375781 0.330078 0.223438 0.507031 0.0465428
0 0.353125 0.455859 0.21875 0.313281 0.134767
0 0.763672 0.534375 0.214844 0.232812 0.175334
