0 0.341797 0.800391 0.144531 0.132031 0.000102259
0 0.679688 0.682422 0.134375 0.164844 0.000105303
0 0.266016 0.221875 0.0367187 0.0484375 0.000105825
0 0.715625 0.249609 0.04375 0.0585938 0.000107471
0 0.292969 0.179297 0.0375 0.0398437 0.000109028
0 0.749219 0.594922 0.132812 0.219531 0.000109136
0 0.869531 0.903906 0.0390625 0.053125 0.000110655
0 0.201172 0.597266 0.111719 0.252344 0.000110779
0 0.596875 0.237891 0.126563 0.114844 0.000115176
0 0.247656 0.304688 0.065625 0.0984375 0.000115399
0 0.674219 0.219531 0.109375 0.148438 0.000116646
0 0.839844 0.897266 0.0953125 0.0773437 0.000120181
0 0.283594 0.216406 0.0453125 0.0640625 0.000120449
0 0.173438 0.550781 0.21875 0.559375 0.000129282
0 0.246875 0.337109 0.0734375 0.0773437 0.000135678
0 0.322656 0.435937 0.159375 0.18125 0.000136049
0 0.345703 0.221094 0.0945313 0.0828125 0.0001367
0 0.874609 0.193359 0.0476562 0.0789063 0.000136803
0 0.299609 0.240625 0.0539063 0.06875 0.000137161
0 0.297656 0.297656 0.0703125 0.0859375 0.000141517
0 0.820703 0.821875 0.117969 0.153125 0.000143394
0 0.257031 0.243359 0.05625 0.0695312 0.000148388
0 0.301172 0.529297 0.219531 0.477344 0.000149084
0 0.737891 0.565234 0.264844 0.502344 0.00015418
0 0.277344 0.344141 0.084375 0.125781 0.000155398
0 0.300391 0.215234 0.0539063 0.0695312 0.000156506
0 0.157813 0.773438 0.242188 0.367188 0.000161464
0 0.781641 0.676953 0.147656 0.186719 0.000165001
0 0.737891 0.451172 0.0867188 0.141406 0.000171964
0 0.851953 0.91875 0.0851562 0.0890625 0.000177176
0 0.847266 0.870313 0.0835937 0.101562 0.000181187
0 0.728906 0.410937 0.120312 0.223438 0.000185948
0 0.250781 0.244531 0.0359375 0.0484375 0.00018939
0 0.7625 0.982813 0.11875 0.03125 0.000189994
0 0.314453 0.380078 0.138281 0.174219 0.000191828
0 0.304688 0.266406 0.101562 0.128125 0.000197669
0 0.306641 0.194141 0.0726563 0.0835937 0.00020371
0 0.687109 0.532812 0.135156 0.16875 0.000203801
0 0.261328 0.442969 0.100781 0.146875 0.00020501
0 0.679297 0.656641 0.182031 0.357031 0.000206399
0 0.296484 0.258984 0.0445312 0.0679687 0.000212247
0 0.296875 0.280078 0.0484375 0.0648438 0.00021301
0 0.235938 0.482031 0.15 0.303125 0.000216497
0 0.769141 0.571484 0.0820312 0.0945313 0.000226007
0 0.336719 0.277734 0.140625 0.186719 0.000232407
0 0.740625 0.702344 0.176563 0.201562 0.000235803
0 0.279297 0.278125 0.0539063 0.0671875 0.000236097
0 0.828906 0.733203 0.170312 0.344531 0.000250778
0 0.796875 0.617578 0.110937 0.211719 0.000264457
0 0.704687 0.230469 0.06875 0.0796875 0.000270075
0 0.259375 0.64375 0.19375 0.207813 0.000276395
0 0.680469 0.530859 0.0734375 0.114844 0.000289947
0 0.301172 0.191406 0.0460938 0.053125 0.000299274
0 0.208203 0.754687 0.207031 0.26875 0.000317387
0 0.7625 0.531641 0.125 0.182031 0.000318745
0 0.859766 0.892187 0.0617188 0.0578125 0.000327597
0 0.671094 0.799219 0.346875 0.401563 0.000356239
0 0.774219 0.970703 0.139062 0.0539063 0.000379954
0 0.322266 0.228516 0.117969 0.119531 0.000387771
0 0.274219 0.426172 0.146875 0.210156 0.00039098
0 0.264453 0.2625 0.0632813 0.090625 0.000402036
0 0.715234 0.233594 0.0398437 0.05 0.000407382
0 0.260547 0.325391 0.0617188 0.0632813 0.000419703
0 0.759766 0.762891 0.136719 0.197656 0.000433254
0 0.299219 0.387891 0.0859375 0.0757812 0.000444316
0 0.287109 0.332422 0.128906 0.197656 0.000461308
0 0.318359 0.680078 0.135156 0.192969 0.000485804
0 0.621484 0.221875 0.164844 0.16875 0.000507567
0 0.262891 0.735547 0.141406 0.196094 0.000554518
0 0.273438 0.259766 0.04375 0.0632813 0.00057296
0 0.244531 0.399609 0.120312 0.167969 0.000618913
0 0.265234 0.317578 0.0773437 0.100781 0.00068579
0 0.742969 0.482031 0.151562 0.25 0.000720678
0 0.78125 0.572266 0.109375 0.177344 0.000778777
0 0.801562 0.801953 0.175 0.208594 0.000827373
0 0.3125 0.657031 0.192188 0.270312 0.000857184
0 0.260156 0.257422 0.0390625 0.0601562 0.00112357
0 0.736719 0.791406 0.232812 0.215625 0.00128342
0 0.203906 0.658594 0.157813 0.267188 0.00134807
0 0.796094 0.648047 0.15 0.324219 0.00158651
0 0.282031 0.392578 0.10625 0.132031 0.00159705
0 0.310547 0.760156 0.186719 0.204688 0.00182767
0 0.242188 0.568359 0.189063 0.432031 0.00219357
0 0.776172 0.573828 0.144531 0.313281 0.00234487
0 0.696484 0.735156 0.188281 0.223438 0.00256627
0 0.768359 0.723828 0.211719 0.313281 0.00830623
0 0.267578 0.708984 0.238281 0.258594 0.0518279
