0 0.323047 0.636328 0.214844 0.244531 0.000101647
0 0.435937 0.467969 0.0796875 0.107813 0.000102435
0 0.551953 0.403516 0.350781 0.807031 0.000102927
0 0.471094 0.342187 0.123438 0.229687 0.000104255
0 0.676953 0.216406 0.102344 0.135937 0.000105021
0 0.439453 0.1125 0.0929687 0.134375 0.000106346
0 0.798828 0.130078 0.0960938 0.124219 0.000110715
0 0.683203 0.613672 0.152344 0.183594 0.000111293
0 0.785937 0.175 0.0625 0.09375 0.000111562
0 0.321875 0.239844 0.084375 0.101562 0.000111782
0 0.246094 0.551172 0.189063 0.407031 0.000113775
0 0.488672 0.308594 0.286719 0.578125 0.000114883
0 0.412109 0.528516 0.189844 0.216406 0.000120247
0 0.866016 0.509375 0.124219 0.184375 0.000125359
0 0.744922 0.0558594 0.0476562 0.0664062 0.000134721
0 0.666016 0.307031 0.102344 0.125 0.000135682
0 0.345703 0.571875 0.158594 0.18125 0.000136075
0 0.836328 0.223438 0.0476562 0.071875 0.000139677
0 0.678125 0.509766 0.115625 0.153906 0.000155753
0 0.492969 0.404687 0.13125 0.353125 0.000160943
0 0.840234 0.301562 0.105469 0.185937 0.000164309
0 0.404297 0.258594 0.141406 0.248437 0.000172665
0 0.339453 0.428125 0.178906 0.189063 0.000173402
0 0.666797 0.403906 0.153906 0.304688 0.000174043
0 0.801953 0.489844 0.183594 0.1875 0.000175379
0 0.701172 0.277344 0.200781 0.301562 0.000180263
0 0.738672 0.407813 0.142969 0.182812 0.000183077
0 0.389062 0.63125 0.270312 0.290625 0.000183988
0 0.873047 0.360547 0.150781 0.397656 0.000184551
0 0.410547 0.448047 0.182031 0.182031 0.000185732
0 0.356641 0.117188 0.147656 0.159375 0.000188167
0 0.421484 0.0800781 0.113281 0.138281 0.000194081
0 0.803125 0.300781 0.10625 0.13125 0.000201737
0 0.20625 0.435156 0.326562 0.740625 0.000202774
0 0.672266 0.213672 0.158594 0.221094 0.000205542
0 0.660156 0.0542969 0.164062 0.108594 0.000214413
0 0.467969 0.450391 0.0890625 0.110156 0.000216828
0 0.740234 0.0714844 0.0789063 0.119531 0.000223989
0 0.798828 0.158594 0.0679687 0.0890625 0.00023115
0 0.848437 0.383594 0.123438 0.217187 0.000258543
0 0.878125 0.482031 0.160938 0.359375 0.00026448
0 0.383984 0.383594 0.192969 0.210938 0.000264937
0 0.833984 0.229687 0.0726563 0.11875 0.00026804
0 0.779688 0.384766 0.182812 0.189844 0.000268121
0 0.738672 0.467578 0.127344 0.213281 0.000293244
0 0.674219 0.114063 0.192188 0.226562 0.000298299
0 0.738281 0.553906 0.153125 0.16875 0.000300192
0 0.71875 0.510938 0.129688 0.18125 0.000311075
0 0.283203 0.444922 0.138281 0.221094 0.000323273
0 0.323438 0.301172 0.164062 0.167969 0.00035033
0 0.470703 0.212109 0.133594 0.310156 0.000356823
0 0.366016 0.219531 0.144531 0.248437 0.000390234
0 0.783594 0.157031 0.0890625 0.135937 0.000404173
0 0.467969 0.508984 0.0890625 0.108594 0.00040655
0 0.730469 0.179297 0.21875 0.325781 0.000432839
0 0.279687 0.228516 0.139062 0.247656 0.000459987
0 0.470313 0.430859 0.134375 0.210156 0.000469772
0 0.317578 0.489453 0.141406 0.238281 0.000511697
0 0.402344 0.117969 0.153125 0.204688 0.000512174
0 0.807031 0.179297 0.103125 0.161719 0.000513112
0 0.809375 0.556641 0.25 0.307031 0.000543448
0 0.699609 0.448828 0.144531 0.249219 0.000548924
0 0.734375 0.114844 0.153125 0.214062 0.000558775
0 0.684766 0.533594 0.146094 0.245312 0.000572689
0 0.815234 0.233203 0.142969 0.249219 0.000575057
0 0.478125 0.300781 0.170312 0.48125 0.00067691
0 0.491797 0.525 0.283594 0.40625 0.000688889
0 0.689062 0.383594 0.215625 0.435937 0.000734513
0 0.451953 0.488281 0.0867188 0.109375 0.000796433
0 0.473047 0.592969 0.130469 0.228125 0.000806293
0 0.301172 0.385156 0.144531 0.253125 0.000870679
0 0.327344 0.167969 0.2 0.282813 0.000936556
0 0.721094 0.597266 0.209375 0.253906 0.00110178
0 0.772656 0.151172 0.159375 0.230469 0.00121087
0 0.481641 0.490234 0.114844 0.203906 0.00121191
0 0.425781 0.398828 0.204688 0.383594 0.00173783
0 0.438281 0.489844 0.128125 0.214062 0.00183164
0 0.801953 0.282031 0.208594 0.442187 0.00184136
0 0.316406 0.546484 0.2125 0.305469 0.00194378
0 0.325391 0.239453 0.139844 0.219531 0.00196736
0 0.421094 0.19375 0.198437 0.342187 0.00227475
0 0.840625 0.432813 0.226562 0.496875 0.00289445
0 0.285156 0.471875 0.185937 0.371875 0.00439923
0 0.726172 0.469141 0.213281 0.353906 0.00474736
0 0.325781 0.353125 0.2125 0.373437 0.00603798
0 0.772656 0.391016 0.251563 0.408594 0.0116115
0 0.446875 0.438281 0.225 0.64375 0.0166784
0 0.289453 0.427734 0.228906 0.603906 0.0194673
0 0.3875 0.517578 0.296875 0.425781 0.0225184
0 0.363672 0.237891 0.246094 0.424219 0.0309666
0 0.464844 0.512891 0.146875 0.317969 0.0714374
0 0.358984 0.360938 0.322656 0.714063 0.373319
0 0.767969 0.346094 0.3125 0.659375 0.378198
