0 0.721875 0.515234 0.0890625 0.103906 0.000100086
0 0.266797 0.224609 0.189844 0.197656 0.000101651
0 0.362109 0.570312 0.105469 0.146875 0.000101713
0 0.692969 0.423438 0.090625 0.107813 0.000103039
0 0.262891 0.266016 0.0851562 0.0960938 0.000107897
0 0.701172 0.533203 0.0851562 0.0929687 0.000109547
0 0.325781 0.510547 0.0828125 0.102344 0.000112708
0 0.260547 0.635938 0.0882813 0.101562 0.0001132
0 0.729688 0.363281 0.11875 0.198437 0.000113676
0 0.700781 0.303906 0.0859375 0.10625 0.000118717
0 0.283203 0.280078 0.0820312 0.0929687 0.000118748
0 0.369141 0.227344 0.113281 0.135937 0.000119815
0 0.793359 0.777344 0.0351562 0.05625 0.000120637
0 0.34375 0.555078 0.084375 0.100781 0.000121286
0 0.774609 0.716016 0.0710938 0.0882813 0.000123734
0 0.679688 0.325391 0.0828125 0.0976562 0.000124339
0 0.3625 0.434766 0.120312 0.307031 0.000125131
0 0.241016 0.552344 0.135156 0.270312 0.000130343
0 0.678906 0.593359 0.129688 0.177344 0.000139273
0 0.596484 0.319922 0.0929687 0.124219 0.000144208
0 0.604688 0.202734 0.117188 0.147656 0.000148964
0 0.316797 0.3375 0.147656 0.190625 0.000150866
0 0.208594 0.607031 0.164062 0.2375 0.000152457
0 0.0984375 0.321875 0.06875 0.0921875 0.000155712
0 0.769141 0.659766 0.0976562 0.147656 0.000159866
0 0.240625 0.325 0.0921875 0.117188 0.000161466
0 0.748438 0.613672 0.296875 0.402344 0.000164708
0 0.6375 0.554297 0.175 0.194531 0.00016741
0 0.326562 0.43125 0.0734375 0.0796875 0.000172054
0 0.275 0.380078 0.2125 0.177344 0.000173372
0 0.325781 0.471484 0.0796875 0.102344 0.000173924
0 0.250391 0.622266 0.294531 0.310156 0.000175261
0 0.713672 0.267578 0.0882813 0.119531 0.000179838
0 0.304297 0.666406 0.166406 0.139062 0.000185641
0 0.64375 0.445703 0.125 0.196094 0.000204802
0 0.308594 0.510547 0.104687 0.163281 0.000204834
0 0.661328 0.672266 0.219531 0.153906 0.000205514
0 0.709375 0.669922 0.078125 0.0882813 0.000208882
0 0.600781 0.610156 0.15 0.170312 0.000210844
0 0.305469 0.572656 0.132812 0.201562 0.000216856
0 0.784766 0.76875 0.0382813 0.0671875 0.000225751
0 0.242578 0.282422 0.0867188 0.0960938 0.00022726
0 0.677344 0.387891 0.090625 0.114844 0.000229326
0 0.302344 0.633203 0.129688 0.125781 0.000248931
0 0.7375 0.395703 0.173438 0.341406 0.000251602
0 0.735156 0.510156 0.11875 0.176563 0.000332355
0 0.340234 0.430469 0.100781 0.128125 0.000347103
0 0.221875 0.348437 0.0921875 0.114063 0.000353229
0 0.691797 0.268359 0.158594 0.200781 0.000361286
0 0.681641 0.529297 0.130469 0.202344 0.000366777
0 0.639844 0.254687 0.189063 0.248437 0.000404847
0 0.201172 0.430078 0.174219 0.539844 0.000420836
0 0.611328 0.392578 0.289844 0.610156 0.000430731
0 0.608984 0.300781 0.133594 0.185937 0.000432557
0 0.244922 0.266016 0.130469 0.144531 0.000446651
0 0.679297 0.636328 0.160156 0.122656 0.000455472
0 0.348047 0.195703 0.144531 0.127344 0.000485478
0 0.730469 0.300391 0.0921875 0.114844 0.000491502
0 0.661719 0.424609 0.090625 0.103906 0.000525314
0 0.679688 0.326172 0.129688 0.161719 0.00060446
0 0.247656 0.638672 0.154687 0.149219 0.000808986
0 0.326953 0.467969 0.105469 0.190625 0.000881954
0 0.336719 0.595703 0.129688 0.161719 0.000947872
0 0.748828 0.608984 0.132031 0.249219 0.000955856
0 0.644141 0.385547 0.153906 0.183594 0.000999675
0 0.630469 0.480859 0.210938 0.385156 0.00100276
0 0.719141 0.552344 0.110156 0.121875 0.00105161
0 0.719141 0.641797 0.103906 0.107031 0.00118552
0 0.326953 0.348437 0.202344 0.314063 0.0012298
0 0.328516 0.234766 0.199219 0.249219 0.00136272
0 0.248047 0.514453 0.221094 0.419531 0.00138634
0 0.200391 0.357031 0.116406 0.225 0.00139081
0 0.699609 0.466406 0.149219 0.2625 0.00140889
0 0.755859 0.691797 0.0789063 0.0960938 0.00198737
0 0.633594 0.358203 0.2 0.367969 0.00202932
0 0.666406 0.610547 0.220313 0.224219 0.00216388
0 0.714453 0.311719 0.125781 0.175 0.00248351
0 0.723437 0.558984 0.151562 0.278906 0.00278432
0 0.294531 0.616016 0.192188 0.171094 0.00303506
0 0.3375 0.524609 0.128125 0.244531 0.0033492
0 0.728125 0.526563 0.204688 0.440625 0.00431362
0 0.278906 0.301172 0.153125 0.203906 0.00446075
0 0.676562 0.420312 0.1375 0.18125 0.00466557
0 0.303516 0.516797 0.196094 0.347656 0.00494799
0 0.722656 0.646094 0.148438 0.15625 0.00561104
0 0.739453 0.673047 0.103906 0.110156 0.00838998
0 0.285937 0.416016 0.254687 0.550781 0.0275714
0 0.237109 0.333984 0.161719 0.244531 0.029613
0 0.683203 0.369141 0.178906 0.241406 0.0358158
0 0.687109 0.438672 0.214844 0.467969 0.234444
0 0.282813 0.290234 0.24375 0.286719 0.261741
