0 0.817969 0.407422 0.125 0.185156 0.000105918
0 0.707031 0.600781 0.173438 0.204688 0.00010613
0 0.735156 0.225781 0.173438 0.19375 0.000110245
0 0.363281 0.362891 0.0875 0.0945313 0.000111552
0 0.78125 0.203516 0.06875 0.0742188 0.000112848
0 0.762109 0.215625 0.0648438 0.0875 0.000114604
0 0.344141 0.620313 0.250781 0.220313 0.000125361
0 0.322656 0.339844 0.0890625 0.10625 0.00012647
0 0.811328 0.573047 0.141406 0.238281 0.000130059
0 0.260156 0.313672 0.135937 0.266406 0.000132078
0 0.854297 0.654297 0.283594 0.352344 0.000142138
0 0.421094 0.3 0.148438 0.2125 0.000145053
0 0.438281 0.217969 0.148438 0.189063 0.000146532
0 0.742969 0.365234 0.14375 0.167969 0.000150192
0 0.800391 0.215625 0.0476562 0.065625 0.000152083
0 0.391406 0.159766 0.103125 0.102344 0.000170422
0 0.255469 0.518359 0.084375 0.111719 0.000171862
0 0.861719 0.66875 0.114063 0.178125 0.000183009
0 0.216016 0.480469 0.178906 0.470313 0.000185033
0 0.344141 0.380469 0.122656 0.18125 0.000185119
0 0.807422 0.468359 0.139844 0.258594 0.000191253
0 0.367578 0.516016 0.141406 0.185156 0.000221782
0 0.342187 0.321875 0.0921875 0.0984375 0.000233805
0 0.380469 0.358594 0.125 0.140625 0.000239649
0 0.780469 0.341797 0.123438 0.132031 0.000246172
0 0.254297 0.592578 0.297656 0.291406 0.00024628
0 0.282031 0.385547 0.11875 0.261719 0.000246371
0 0.796875 0.327734 0.139062 0.253906 0.000246393
0 0.714844 0.388281 0.185937 0.34375 0.00025293
0 0.710156 0.390625 0.123438 0.2 0.000257519
0 0.280859 0.496094 0.144531 0.217187 0.000265394
0 0.847656 0.612109 0.0859375 0.111719 0.000271175
0 0.348828 0.221875 0.144531 0.235938 0.000287321
0 0.274219 0.553125 0.090625 0.110937 0.000292689
0 0.884766 0.619531 0.127344 0.298438 0.000293528
0 0.817969 0.664844 0.198437 0.215625 0.000326746
0 0.369922 0.187109 0.324219 0.302344 0.000344687
0 0.219141 0.527734 0.130469 0.255469 0.000351453
0 0.783594 0.408984 0.148438 0.246094 0.000361064
0 0.303125 0.31875 0.0890625 0.096875 0.000430551
0 0.258984 0.586719 0.0898438 0.1125 0.000451558
0 0.415625 0.519922 0.15625 0.216406 0.000475246
0 0.830469 0.414453 0.167187 0.399219 0.000511685
0 0.265625 0.391016 0.282813 0.580469 0.000514114
0 0.342578 0.552734 0.146094 0.136719 0.000575181
0 0.262109 0.604297 0.160156 0.169531 0.000579189
0 0.308203 0.244922 0.130469 0.221094 0.00059409
0 0.865625 0.478516 0.196875 0.625781 0.000759313
0 0.753516 0.321094 0.205469 0.328125 0.00106129
0 0.404687 0.178906 0.153125 0.157813 0.00110979
0 0.384766 0.478906 0.216406 0.332812 0.00212342
0 0.246094 0.554297 0.0828125 0.116406 0.00215956
0 0.343359 0.340625 0.172656 0.170312 0.00218878
0 0.38125 0.315234 0.084375 0.0914062 0.00253907
0 0.770703 0.618359 0.266406 0.225781 0.00267411
0 0.378516 0.558203 0.197656 0.189844 0.00283457
0 0.286328 0.357422 0.177344 0.421094 0.00340605
0 0.383594 0.348828 0.171875 0.333594 0.0036816
0 0.294531 0.308984 0.134375 0.189844 0.00400745
0 0.320703 0.348828 0.183594 0.289844 0.00537184
0 0.378906 0.311328 0.132812 0.144531 0.00904479
0 0.260156 0.477344 0.14375 0.342187 0.00945746
0 0.402734 0.230469 0.192969 0.257812 0.00994489
0 0.814062 0.553516 0.20625 0.361719 0.0101502
0 0.327344 0.553125 0.3 0.275 0.0107353
0 0.246875 0.553125 0.107813 0.178125 0.0142966
0 0.844141 0.609766 0.146094 0.253906 0.0165241
0 0.351172 0.376172 0.258594 0.496094 0.0459383
0 0.355078 0.272266 0.211719 0.264844 0.0608163
0 0.29375 0.558203 0.20625 0.191406 0.0653666
0 0.784766 0.45 0.253906 0.557813 0.390795
