0 0.284766 0.613281 0.0867188 0.10625 0.000101036
0 0.294531 0.445312 0.0796875 0.08125 0.000102035
0 0.689844 0.451172 0.1 0.199219 0.000104107
0 0.308984 0.300391 0.119531 0.152344 0.000105117
0 0.665234 0.364453 0.107031 0.172656 0.000106745
0 0.549219 0.266016 0.129688 0.132031 0.000115717
0 0.633594 0.322656 0.117188 0.159375 0.000117548
0 0.65625 0.598437 0.0859375 0.109375 0.000120742
0 0.633203 0.653906 0.0914062 0.107813 0.000121239
0 0.403516 0.6125 0.299219 0.34375 0.000122067
0 0.247656 0.409766 0.078125 0.111719 0.000123497
0 0.286328 0.671094 0.144531 0.16875 0.000128594
0 0.385938 0.358984 0.109375 0.194531 0.000132828
0 0.676562 0.655859 0.0890625 0.108594 0.000137221
0 0.319141 0.426562 0.133594 0.217187 0.000138476
0 0.335156 0.248828 0.121875 0.127344 0.000139808
0 0.342187 0.631641 0.0875 0.111719 0.000142627
0 0.584375 0.757031 0.307813 0.34375 0.000144797
0 0.278516 0.491406 0.122656 0.196875 0.000151147
0 0.246875 0.369531 0.096875 0.2 0.000151653
0 0.197656 0.542188 0.11875 0.325 0.000154857
0 0.621094 0.490234 0.129688 0.271094 0.000156139
0 0.263672 0.390234 0.0710938 0.114844 0.000157665
0 0.662109 0.759766 0.152344 0.199219 0.000159702
0 0.223828 0.552344 0.0851562 0.196875 0.000160208
0 0.614453 0.403516 0.110156 0.189844 0.000175619
0 0.307031 0.631641 0.0875 0.105469 0.000181713
0 0.655859 0.636328 0.0898438 0.108594 0.000186336
0 0.226172 0.447266 0.116406 0.183594 0.000190794
0 0.349219 0.302734 0.0875 0.114844 0.000212183
0 0.328125 0.338672 0.11875 0.155469 0.000227888
0 0.717578 0.480859 0.157031 0.403906 0.000233747
0 0.633984 0.616406 0.0914062 0.107813 0.000238308
0 0.592188 0.56875 0.129688 0.278125 0.000257345
0 0.615234 0.635156 0.0898438 0.10625 0.000258047
0 0.578906 0.297656 0.145313 0.1625 0.000265725
0 0.69375 0.635156 0.078125 0.110937 0.00029469
0 0.676172 0.617578 0.0867188 0.108594 0.000304373
0 0.260156 0.673047 0.304688 0.380469 0.000305697
0 0.221484 0.633203 0.0960938 0.163281 0.000307431
0 0.678516 0.513281 0.0945313 0.209375 0.000331663
0 0.29375 0.426953 0.107813 0.128906 0.000369373
0 0.242188 0.509766 0.0953125 0.211719 0.000380819
0 0.360938 0.540625 0.121875 0.196875 0.000384628
0 0.657812 0.429297 0.096875 0.186719 0.000398992
0 0.725781 0.631641 0.276563 0.522656 0.000429459
0 0.605469 0.349219 0.134375 0.185937 0.000459668
0 0.591797 0.645312 0.124219 0.173438 0.000507001
0 0.275391 0.427344 0.0773437 0.0890625 0.000598532
0 0.241797 0.595703 0.114844 0.188281 0.000636674
0 0.345313 0.573047 0.0859375 0.116406 0.000695821
0 0.309766 0.356641 0.160156 0.230469 0.000719292
0 0.710156 0.635938 0.109375 0.223438 0.000733588
0 0.325781 0.610156 0.0859375 0.110937 0.000743578
0 0.621094 0.673828 0.14375 0.172656 0.000803767
0 0.261328 0.44375 0.0914062 0.142188 0.000841501
0 0.288672 0.553906 0.146094 0.254687 0.000902762
0 0.322656 0.648438 0.134375 0.179688 0.000977185
0 0.663281 0.813281 0.276563 0.29375 0.00101609
0 0.364062 0.337891 0.0953125 0.130469 0.00102913
0 0.370703 0.482031 0.153906 0.467187 0.00109183
0 0.64375 0.407813 0.146875 0.265625 0.00112713
0 0.640234 0.553516 0.141406 0.272656 0.00125429
0 0.716016 0.720703 0.136719 0.224219 0.00137305
0 0.678125 0.696484 0.148438 0.214844 0.00141596
0 0.382031 0.607422 0.1375 0.246094 0.00192774
0 0.611719 0.705859 0.204688 0.261719 0.0019864
0 0.279687 0.6625 0.223438 0.25 0.00208591
0 0.344531 0.375391 0.160938 0.319531 0.00212538
0 0.621094 0.615625 0.134375 0.173438 0.00215755
0 0.249609 0.441797 0.114844 0.263281 0.00216838
0 0.691406 0.573828 0.103125 0.261719 0.00221031
0 0.675 0.453125 0.121875 0.354688 0.00263851
0 0.271875 0.403125 0.104687 0.173438 0.0027755
0 0.351562 0.301562 0.126563 0.173438 0.00311768
0 0.253125 0.602344 0.185937 0.239063 0.00396658
0 0.726172 0.778125 0.180469 0.289062 0.00415752
0 0.244922 0.525 0.133594 0.329688 0.00499574
0 0.65625 0.636719 0.146875 0.1875 0.00556254
0 0.629687 0.480859 0.196875 0.460156 0.00675201
0 0.70625 0.651563 0.175 0.342187 0.00683079
0 0.344531 0.538281 0.1625 0.298438 0.0127135
0 0.298438 0.577734 0.270312 0.324219 0.0160592
0 0.677734 0.726953 0.227344 0.297656 0.0263881
0 0.305859 0.478906 0.210156 0.43125 0.0315116
0 0.669922 0.554297 0.158594 0.382031 0.0412911
0 0.652734 0.646094 0.205469 0.289062 0.0798244
0 0.319922 0.601172 0.182031 0.236719 0.140483
