0 0.166016 0.598437 0.0898438 0.195312 0.000101996
0 0.982031 0.605469 0.0359375 0.392188 0.000102511
0 0.782422 0.535937 0.111719 0.2125 0.000108964
0 0.0265625 0.398047 0.053125 0.672656 0.000109077
0 0.697266 0.342187 0.132031 0.170312 0.000110325
0 0.339453 0.298828 0.119531 0.132031 0.000110781
0 0.214453 0.690234 0.144531 0.171094 0.000115132
0 0.721484 0.382031 0.102344 0.175 0.000116805
0 0.734375 0.726172 0.292188 0.261719 0.000117954
0 0.160938 0.714844 0.103125 0.16875 0.000118052
0 0.682422 0.208594 0.0960938 0.0984375 0.000118294
0 0.336328 0.569922 0.133594 0.266406 0.000119431
0 0.761328 0.671875 0.0851562 0.115625 0.000123437
0 0.703906 0.287109 0.285937 0.296094 0.000126836
0 0.353516 0.723047 0.121094 0.138281 0.000128251
0 0.325 0.399219 0.126563 0.125 0.000129703
0 0.0417969 0.557422 0.0835937 0.749219 0.000132946
0 0.795313 0.635547 0.090625 0.113281 0.000133922
0 0.743359 0.466406 0.0898438 0.117188 0.000137431
0 0.177734 0.639844 0.0851562 0.115625 0.000142899
0 0.178906 0.679688 0.0875 0.117188 0.000144994
0 0.737891 0.339063 0.0617188 0.0859375 0.000147433
0 0.762109 0.485547 0.103906 0.197656 0.000148394
0 0.236328 0.598437 0.138281 0.214062 0.000171393
0 0.340234 0.675 0.132031 0.190625 0.000182368
0 0.651953 0.471875 0.114844 0.182812 0.000185163
0 0.817578 0.553516 0.105469 0.263281 0.000188991
0 0.1875 0.385156 0.078125 0.154687 0.000211116
0 0.176563 0.681641 0.285937 0.360156 0.000214035
0 0.765234 0.447266 0.0804688 0.107031 0.000225965
0 0.645312 0.296094 0.114063 0.126563 0.000226118
0 0.794531 0.3875 0.09375 0.185937 0.000240383
0 0.785547 0.71875 0.202344 0.173438 0.000242195
0 0.216406 0.531641 0.121875 0.260156 0.000247521
0 0.837891 0.695703 0.116406 0.167969 0.000248723
0 0.737891 0.322656 0.0867188 0.134375 0.000260732
0 0.796094 0.466016 0.1 0.216406 0.000278959
0 0.265234 0.702344 0.263281 0.226562 0.000324825
0 0.663281 0.716016 0.151562 0.182031 0.000338764
0 0.340234 0.351953 0.149219 0.196094 0.000385635
0 0.779297 0.426953 0.0742188 0.108594 0.000387791
0 0.29375 0.421484 0.198437 0.203906 0.000403815
0 0.204297 0.389062 0.0804688 0.1125 0.000474165
0 0.68125 0.449219 0.182812 0.382812 0.000492754
0 0.279297 0.360156 0.292969 0.314063 0.000542189
0 0.723437 0.309375 0.154687 0.185937 0.000559671
0 0.667578 0.346094 0.152344 0.270312 0.000574639
0 0.765625 0.366797 0.126563 0.235156 0.000589034
0 0.275 0.385156 0.142188 0.123438 0.000591056
0 0.7125 0.615234 0.204688 0.253906 0.000622824
0 0.174219 0.569141 0.126563 0.342969 0.000636682
0 0.740234 0.434766 0.150781 0.261719 0.000639563
0 0.312109 0.281641 0.117969 0.114844 0.00070162
0 0.296875 0.565625 0.201562 0.36875 0.000886532
0 0.234766 0.464844 0.107031 0.21875 0.000960306
0 0.195312 0.457422 0.14375 0.272656 0.00106803
0 0.725 0.476172 0.290625 0.547656 0.00113186
0 0.258984 0.479297 0.208594 0.413281 0.00115968
0 0.796875 0.488281 0.132812 0.367188 0.00118554
0 0.305859 0.316016 0.174219 0.208594 0.00123815
0 0.219531 0.347656 0.115625 0.195312 0.00133907
0 0.748438 0.622266 0.134375 0.141406 0.00134824
0 0.234375 0.418359 0.0859375 0.103906 0.00153156
0 0.825781 0.651953 0.151562 0.230469 0.00158292
0 0.195312 0.620313 0.126563 0.20625 0.0016145
0 0.718359 0.367969 0.194531 0.29375 0.00182767
0 0.772656 0.429688 0.104687 0.16875 0.00186118
0 0.208594 0.421875 0.107813 0.157813 0.00188796
0 0.669141 0.271094 0.155469 0.1875 0.00192595
0 0.702344 0.685938 0.192188 0.196875 0.0021232
0 0.771094 0.657812 0.284375 0.260938 0.00281715
0 0.763281 0.633984 0.0890625 0.103906 0.00294642
0 0.301562 0.65 0.18125 0.190625 0.00397535
0 0.176172 0.674219 0.142969 0.221875 0.00476244
0 0.74375 0.543359 0.2 0.392969 0.00735694
0 0.263672 0.359766 0.186719 0.205469 0.00830731
0 0.782812 0.578906 0.1625 0.295312 0.0144887
0 0.216797 0.548437 0.169531 0.38125 0.0149739
0 0.23125 0.395312 0.125 0.142188 0.0258555
0 0.223438 0.643359 0.2125 0.227344 0.0263719
0 0.774219 0.653516 0.175 0.188281 0.0596972
