0 0.260156 0.303906 0.075 0.1 0.000103918
0 0.843359 0.0167969 0.225781 0.0335938 0.000104438
0 0.924219 0.851953 0.151562 0.296094 0.000105487
0 0.260938 0.0667969 0.1 0.108594 0.000111317
0 0.323438 0.535156 0.146875 0.2625 0.000112772
0 0.365234 0.602734 0.207031 0.250781 0.000113777
0 0.0699219 0.705078 0.136719 0.283594 0.000113937
0 0.888281 0.687109 0.217187 0.610156 0.000115014
0 0.761328 0.341797 0.0867188 0.111719 0.000117278
0 0.975 0.603906 0.05 0.448438 0.000122442
0 0.978906 0.0515625 0.040625 0.103125 0.000123984
0 0.764844 0.325391 0.14375 0.167969 0.000124309
0 0.898828 0.0683594 0.202344 0.136719 0.000129098
0 0.691406 0.892969 0.3875 0.2125 0.000129184
0 0.795703 0.939062 0.382031 0.117188 0.000136962
0 0.153516 0.716797 0.230469 0.297656 0.000149928
0 0.239453 0.715625 0.269531 0.189063 0.000156075
0 0.337891 0.403906 0.211719 0.390625 0.000163739
0 0.722656 0.515234 0.148438 0.247656 0.000165742
0 0.290625 0.238281 0.114063 0.114063 0.000170538
0 0.242969 0.412109 0.201562 0.342969 0.000171526
0 0.661328 0.611719 0.192969 0.204688 0.000171587
0 0.800781 0.739453 0.214062 0.216406 0.000182418
0 0.907812 0.0195312 0.173438 0.0390625 0.00018505
0 0.762891 0.473047 0.161719 0.211719 0.000187392
0 0.166016 0.658984 0.121094 0.183594 0.000200486
0 0.275781 0.273828 0.126563 0.150781 0.000210155
0 0.299609 0.649219 0.152344 0.190625 0.000214642
0 0.317969 0.215234 0.134375 0.0835937 0.000220247
0 0.96875 0.726562 0.0625 0.5125 0.000227728
0 0.710547 0.258594 0.124219 0.15 0.000227898
0 0.699609 0.3 0.102344 0.134375 0.000260588
0 0.721875 0.697656 0.214062 0.209375 0.000261414
0 0.228516 0.808203 0.416406 0.363281 0.00027766
0 0.196484 0.692187 0.138281 0.15 0.000283018
0 0.798437 0.429688 0.125 0.2625 0.000284641
0 0.866797 0.0296875 0.252344 0.059375 0.000305755
0 0.242578 0.558594 0.208594 0.214062 0.000308942
0 0.940234 0.722656 0.114844 0.554688 0.000336569
0 0.339453 0.239453 0.161719 0.121094 0.000433566
0 0.797266 0.514844 0.142969 0.207813 0.000435558
0 0.964063 0.0375 0.071875 0.075 0.00046467
0 0.669141 0.528516 0.264844 0.371094 0.00046885
0 0.832422 0.690234 0.235156 0.360156 0.00051067
0 0.780469 0.677734 0.215625 0.207031 0.000531982
0 0.717578 0.317187 0.175781 0.24375 0.000537109
0 0.330859 0.671875 0.272656 0.276563 0.000572324
0 0.201562 0.614844 0.151562 0.24375 0.00059454
0 0.307813 0.280078 0.185937 0.203906 0.000675516
0 0.721484 0.632422 0.235156 0.211719 0.000784459
0 0.337891 0.530859 0.219531 0.358594 0.00082479
0 0.767578 0.842969 0.335156 0.314063 0.000864447
0 0.925781 0.0453125 0.142188 0.090625 0.000965717
0 0.826172 0.564062 0.177344 0.317187 0.000967003
0 0.704297 0.572656 0.224219 0.204688 0.00127292
0 0.777734 0.612891 0.196094 0.197656 0.00147847
0 0.703516 0.775391 0.319531 0.388281 0.00152632
0 0.238672 0.713281 0.335156 0.328125 0.00173941
0 0.196875 0.673437 0.204688 0.21875 0.00258976
0 0.209766 0.574609 0.217969 0.339844 0.00259495
0 0.8375 0.786719 0.296875 0.421875 0.00310874
0 0.790625 0.45 0.179688 0.390625 0.00348244
0 0.760547 0.553906 0.196094 0.209375 0.00379771
0 0.297266 0.599219 0.213281 0.196875 0.00430497
0 0.693359 0.627344 0.292969 0.34375 0.00537925
0 0.732813 0.4375 0.257812 0.5 0.0299189
0 0.285937 0.465625 0.295312 0.532812 0.0329625
0 0.765625 0.697656 0.3 0.46875 0.0549059
0 0.7625 0.557031 0.240625 0.345313 0.106582
0 0.266797 0.623438 0.300781 0.289062 0.239249
