0 0.777734 0.552734 0.135156 0.277344 0.000101596
0 0.155469 0.757422 0.184375 0.247656 0.0001048
0 0.740625 0.839453 0.239063 0.230469 0.000105348
0 0.623828 0.60625 0.169531 0.339063 0.000110068
0 0.318359 0.719531 0.114844 0.142188 0.000124609
0 0.201953 0.754687 0.117969 0.134375 0.000130341
0 0.202344 0.638672 0.140625 0.282031 0.000147592
0 0.30625 0.360156 0.229687 0.309375 0.000158714
0 0.315234 0.695703 0.305469 0.374219 0.000159508
0 0.234375 0.574219 0.142188 0.275 0.000164148
0 0.653125 0.253125 0.129688 0.15 0.00016752
0 0.387109 0.230859 0.0960938 0.114844 0.000169599
0 0.658984 0.484766 0.196094 0.308594 0.00018402
0 0.259375 0.638281 0.14375 0.221875 0.000197204
0 0.764844 0.636328 0.14375 0.264844 0.000209794
0 0.699219 0.401563 0.228125 0.367188 0.000214461
0 0.714844 0.335156 0.171875 0.232812 0.000228066
0 0.830469 0.803516 0.285937 0.355469 0.000236864
0 0.240625 0.486328 0.14375 0.213281 0.000278333
0 0.315625 0.688281 0.201562 0.270312 0.000394292
0 0.745313 0.364453 0.1 0.139844 0.000397885
0 0.675 0.776953 0.242188 0.246094 0.000441081
0 0.655469 0.221094 0.06875 0.0875 0.000447279
0 0.26875 0.741016 0.242188 0.225781 0.000555862
0 0.245312 0.432422 0.125 0.152344 0.000760734
0 0.829687 0.809375 0.165625 0.235938 0.000842381
0 0.666797 0.60625 0.228906 0.475 0.000869973
0 0.194922 0.719141 0.157031 0.205469 0.000915462
0 0.762891 0.399609 0.114844 0.222656 0.000951959
0 0.822656 0.600781 0.204688 0.620313 0.000999449
0 0.383594 0.224219 0.0546875 0.078125 0.00110785
0 0.727344 0.489062 0.196875 0.379687 0.00127519
0 0.308203 0.469531 0.242969 0.390625 0.00204052
0 0.733594 0.765625 0.3 0.334375 0.00214675
0 0.286719 0.429688 0.195312 0.189063 0.00256287
0 0.194922 0.603906 0.211719 0.50625 0.0029871
0 0.239453 0.495703 0.180469 0.367969 0.00309965
0 0.7875 0.645703 0.170312 0.428906 0.00434741
0 0.233594 0.676562 0.225 0.309375 0.00639489
0 0.770312 0.520312 0.165625 0.534375 0.00811229
0 0.787109 0.778906 0.183594 0.270312 0.00902768
0 0.734766 0.600391 0.260156 0.575781 0.289797
0 0.267578 0.567187 0.261719 0.467187 0.369924
