0 0.445703 0.03125 0.275781 0.0625 0.000100888
0 0.0765625 0.791797 0.13125 0.372656 0.000103623
0 0.677344 0.842969 0.0921875 0.115625 0.000105663
0 0.158203 0.647266 0.136719 0.313281 0.00010628
0 0.0285156 0.676953 0.0554687 0.232031 0.000115302
0 0.639063 0.744141 0.139062 0.178906 0.000117579
0 0.305859 0.603516 0.150781 0.274219 0.000118827
0 0.570312 0.498437 0.0921875 0.129688 0.000119388
0 0.177344 0.605859 0.1125 0.188281 0.000125192
0 0.231641 0.919531 0.296094 0.159375 0.000132345
0 0.626953 0.883594 0.128906 0.164062 0.000137392
0 0.584766 0.342578 0.138281 0.203906 0.00014026
0 0.148828 0.641016 0.182031 0.578906 0.000142018
0 0.634375 0.3375 0.1 0.128125 0.000149729
0 0.253125 0.373437 0.176563 0.25625 0.000150029
0 0.321875 0.707422 0.1625 0.446094 0.000150193
0 0.601172 0.701172 0.136719 0.263281 0.000150401
0 0.951563 0.574219 0.090625 0.796875 0.000158889
0 0.245312 0.459375 0.215625 0.384375 0.000162409
0 0.126172 0.820703 0.142969 0.296094 0.000166436
0 0.98125 0.946484 0.0375 0.103906 0.000167762
0 0.276563 0.612109 0.184375 0.403906 0.000172898
0 0.969141 0.964453 0.0585938 0.0710938 0.000173073
0 0.71875 0.844531 0.0921875 0.114063 0.000177394
0 0.608594 0.489062 0.139062 0.259375 0.000182698
0 0.2875 0.306641 0.159375 0.155469 0.000185506
0 0.925391 0.866406 0.147656 0.267188 0.000186948
0 0.219922 0.864062 0.127344 0.14375 0.000199533
0 0.323828 0.529297 0.110156 0.164844 0.000200096
0 0.741406 0.719531 0.126563 0.2 0.000203527
0 0.7 0.764844 0.189063 0.204688 0.000216409
0 0.216406 0.763281 0.115625 0.114063 0.0002209
0 0.618359 0.549609 0.194531 0.457031 0.000236984
0 0.589453 0.530469 0.0757812 0.0984375 0.00023806
0 0.301172 0.899219 0.125781 0.14375 0.000273364
0 0.198437 0.809375 0.142188 0.221875 0.000280776
0 0.0324219 0.651563 0.0632813 0.51875 0.000285994
0 0.978516 0.607422 0.0429688 0.449219 0.000302365
0 0.726562 0.698438 0.175 0.348437 0.000308243
0 0.981641 0.862109 0.0367187 0.257031 0.000321301
0 0.940234 0.769922 0.116406 0.460156 0.00034494
0 0.329688 0.307422 0.11875 0.197656 0.000349524
0 0.290625 0.819922 0.160938 0.266406 0.000377683
0 0.962109 0.888281 0.0757812 0.223438 0.000393927
0 0.330078 0.535937 0.130469 0.301562 0.00040676
0 0.148828 0.885156 0.164844 0.192188 0.000465918
0 0.971875 0.930078 0.0546875 0.139844 0.000488066
0 0.317578 0.371875 0.147656 0.320312 0.000510062
0 0.243359 0.840234 0.141406 0.227344 0.000513146
0 0.585547 0.530078 0.111719 0.146094 0.000552226
0 0.692578 0.651563 0.227344 0.51875 0.000556043
0 0.313281 0.551562 0.18125 0.60625 0.000606661
0 0.755859 0.871484 0.196094 0.208594 0.000666275
0 0.601562 0.309766 0.114063 0.128906 0.000766856
0 0.632422 0.815625 0.152344 0.217187 0.00078145
0 0.264844 0.885547 0.196875 0.192969 0.000819957
0 0.194531 0.736719 0.217187 0.392188 0.000827605
0 0.239453 0.607813 0.305469 0.717188 0.000935903
0 0.591406 0.286719 0.08125 0.09375 0.00100969
0 0.665234 0.754297 0.216406 0.299219 0.00112424
0 0.660547 0.858594 0.146094 0.19375 0.00122354
0 0.260156 0.732813 0.21875 0.4375 0.00138309
0 0.966797 0.680859 0.0648438 0.638281 0.00140247
0 0.973047 0.808984 0.0539063 0.382031 0.0016023
0 0.75 0.782422 0.164062 0.280469 0.00240964
0 0.716797 0.841797 0.144531 0.164844 0.00262985
0 0.215234 0.830859 0.238281 0.277344 0.0058568
0 0.701953 0.826953 0.214844 0.222656 0.0486828
