0 0.135937 0.819531 0.090625 0.107813 0.000104313
0 0.828516 0.696094 0.182031 0.395312 0.000106078
0 0.0144531 0.040625 0.0195312 0.08125 0.000107341
0 0.123047 0.609766 0.230469 0.599219 0.000108168
0 0.255859 0.655078 0.111719 0.250781 0.000114553
0 0.338281 0.728906 0.165625 0.226562 0.000117515
0 0.241797 0.408594 0.0882813 0.148438 0.000118419
0 0.182812 0.577734 0.121875 0.258594 0.000120308
0 0.763281 0.852344 0.21875 0.1875 0.000124191
0 0.740625 0.575 0.126563 0.248437 0.000125872
0 0.619922 0.832812 0.147656 0.164062 0.000130456
0 0.139453 0.745313 0.125781 0.203125 0.000130669
0 0.325781 0.388281 0.15 0.209375 0.000133237
0 0.340625 0.651563 0.190625 0.326562 0.000140613
0 0.188281 0.486719 0.185937 0.420312 0.00014691
0 0.620703 0.762109 0.160156 0.194531 0.00015124
0 0.194141 0.835547 0.257031 0.188281 0.000172691
0 0.820703 0.785547 0.274219 0.346094 0.000189396
0 0.334375 0.523438 0.304688 0.529688 0.000194729
0 0.667578 0.564453 0.263281 0.625781 0.00019726
0 0.296484 0.523438 0.205469 0.36875 0.000221838
0 0.0117188 0.0253906 0.0171875 0.0507812 0.000223865
0 0.778125 0.702344 0.121875 0.21875 0.000225465
0 0.164453 0.658203 0.125781 0.280469 0.00023217
0 0.765234 0.821484 0.0882813 0.100781 0.000247184
0 0.698047 0.817969 0.144531 0.142188 0.000249674
0 0.214062 0.779297 0.151562 0.185156 0.000252083
0 0.258203 0.741406 0.128906 0.195312 0.000261072
0 0.305469 0.769531 0.1875 0.175 0.000321805
0 0.729688 0.483203 0.145313 0.341406 0.000331193
0 0.722656 0.74375 0.196875 0.220313 0.000335165
0 0.157813 0.803516 0.09375 0.111719 0.000377951
0 0.801562 0.805469 0.0890625 0.117188 0.000386279
0 0.297656 0.696094 0.185937 0.290625 0.000387836
0 0.233203 0.699219 0.133594 0.198437 0.000473915
0 0.254297 0.799609 0.272656 0.199219 0.000477968
0 0.260938 0.437109 0.117188 0.217969 0.00048502
0 0.114453 0.792969 0.128906 0.220313 0.00049111
0 0.823438 0.771875 0.140625 0.290625 0.000550835
0 0.744922 0.660547 0.136719 0.267969 0.000646047
0 0.296094 0.644141 0.278125 0.446094 0.000647176
0 0.657812 0.744531 0.215625 0.265625 0.000692599
0 0.132812 0.732813 0.175 0.3625 0.000723693
0 0.214062 0.617188 0.139062 0.279687 0.00114608
0 0.229297 0.491406 0.142969 0.329688 0.00135724
0 0.766016 0.820312 0.136719 0.140625 0.00141977
0 0.195703 0.698438 0.142969 0.275 0.00160001
0 0.250391 0.730469 0.203906 0.259375 0.00193823
0 0.65625 0.805859 0.185937 0.185156 0.00234255
0 0.730859 0.575781 0.182031 0.553125 0.00290126
0 0.799219 0.803906 0.11875 0.182812 0.00303809
0 0.232031 0.705859 0.285937 0.378906 0.00335582
0 0.252344 0.530469 0.2 0.5 0.0035931
0 0.725781 0.729688 0.28125 0.364062 0.00406993
0 0.155859 0.800781 0.153906 0.173438 0.00517858
0 0.720312 0.817187 0.254687 0.182812 0.00624739
0 0.767187 0.669141 0.159375 0.410156 0.00931505
0 0.776172 0.771875 0.166406 0.265625 0.0285294
0 0.187109 0.765234 0.219531 0.260156 0.0362836
0 0.202344 0.621875 0.192188 0.490625 0.132366
