0 0.285547 0.199609 0.250781 0.210156 0.000100274
0 0.266406 0.286328 0.135937 0.213281 0.000102275
0 0.30625 0.25625 0.103125 0.142188 0.000106036
0 0.244922 0.401172 0.0898438 0.110156 0.000110018
0 0.29375 0.381641 0.0859375 0.0929687 0.000110382
0 0.753516 0.245312 0.0804688 0.11875 0.000110409
0 0.275391 0.35 0.0929687 0.0984375 0.000114806
0 0.227344 0.425 0.114063 0.232812 0.000115445
0 0.784375 0.978906 0.204688 0.0421875 0.000118061
0 0.386328 0.217969 0.0773437 0.084375 0.000120918
0 0.683984 0.530078 0.174219 0.260156 0.00012373
0 0.233984 0.558594 0.152344 0.171875 0.000124371
0 0.739844 0.583984 0.254687 0.253906 0.00012725
0 0.367188 0.486719 0.15 0.175 0.00013091
0 0.66875 0.233984 0.120312 0.155469 0.000132228
0 0.415234 0.266406 0.149219 0.221875 0.000158958
0 0.742969 0.303906 0.129688 0.167187 0.000159011
0 0.802734 0.447266 0.138281 0.225781 0.00016773
0 0.366406 0.280859 0.14375 0.210156 0.000174161
0 0.699219 0.327734 0.142188 0.199219 0.000179049
0 0.673437 0.393359 0.20625 0.377344 0.000197321
0 0.195703 0.06875 0.299219 0.1375 0.000205059
0 0.249219 0.349219 0.109375 0.16875 0.000212581
0 0.259375 0.504297 0.301562 0.403906 0.000221396
0 0.342187 0.235156 0.121875 0.1375 0.000242116
0 0.673437 0.2375 0.08125 0.103125 0.000244077
0 0.274609 0.134375 0.353906 0.254687 0.00024418
0 0.775 0.285156 0.053125 0.0796875 0.000257866
0 0.276563 0.400391 0.090625 0.100781 0.000258039
0 0.217578 0.4375 0.167969 0.33125 0.000259948
0 0.346484 0.196875 0.167969 0.145313 0.000261885
0 0.315234 0.548437 0.299219 0.245312 0.000269796
0 0.821484 0.524609 0.153906 0.247656 0.000309597
0 0.319141 0.48125 0.0835937 0.090625 0.000402807
0 0.761328 0.249219 0.0554687 0.06875 0.000414047
0 0.697266 0.246094 0.191406 0.220313 0.000414678
0 0.841797 0.942969 0.278906 0.114063 0.000445493
0 0.383203 0.430859 0.186719 0.202344 0.000465663
0 0.319531 0.385938 0.20625 0.190625 0.000509304
0 0.321484 0.301953 0.196094 0.208594 0.000563152
0 0.410547 0.501953 0.167969 0.207031 0.000576607
0 0.719922 0.367969 0.219531 0.210938 0.000683126
0 0.692578 0.279297 0.236719 0.360156 0.000759063
0 0.385938 0.227734 0.148438 0.150781 0.000788088
0 0.767578 0.28125 0.0742188 0.126563 0.000805466
0 0.260547 0.38125 0.0929687 0.09375 0.000830352
0 0.766797 0.510938 0.253906 0.304688 0.000904667
0 0.250391 0.496094 0.180469 0.296875 0.00101349
0 0.760547 0.323047 0.144531 0.277344 0.00103602
0 0.811719 0.966797 0.251563 0.0664062 0.0010478
0 0.354688 0.236328 0.214062 0.232031 0.00112199
0 0.285156 0.287109 0.217187 0.313281 0.00192092
0 0.785937 0.402734 0.201562 0.408594 0.00227913
0 0.321094 0.482812 0.171875 0.15 0.00276731
0 0.396094 0.371875 0.195312 0.403125 0.00356175
0 0.276563 0.384375 0.145313 0.146875 0.00467897
0 0.257422 0.362109 0.152344 0.242969 0.00560276
0 0.344922 0.467187 0.277344 0.265625 0.0111027
0 0.279297 0.432813 0.196094 0.2625 0.0229514
0 0.328516 0.355859 0.285156 0.463281 0.264405
0 0.730469 0.386328 0.284375 0.522656 0.467745
