0 0.548047 0.451172 0.361719 0.472656 0.000100005
0 0.286719 0.569922 0.134375 0.210156 0.000101111
0 0.278516 0.655469 0.0695312 0.0953125 0.000104787
0 0.933594 0.155469 0.129688 0.310937 0.000106671
0 0.298047 0.110547 0.472656 0.219531 0.000107224
0 0.282422 0.8 0.0835937 0.096875 0.000111731
0 0.363672 0.823438 0.117969 0.242188 0.000111852
0 0.946094 0.80625 0.107813 0.3875 0.000113976
0 0.285937 0.280469 0.490625 0.551562 0.000114334
0 0.277734 0.594141 0.0867188 0.158594 0.000114361
0 0.694531 0.480859 0.3 0.330469 0.0001193
0 0.625781 0.0691406 0.45 0.132031 0.000120412
0 0.818359 0.869141 0.0789063 0.114844 0.000122639
0 0.307813 0.0335938 0.184375 0.0671875 0.00012307
0 0.615625 0.767969 0.170312 0.276563 0.000123661
0 0.304297 0.966406 0.0929687 0.0671875 0.000127128
0 0.322266 0.526953 0.139844 0.183594 0.000127508
0 0.249219 0.715625 0.09375 0.189063 0.000133683
0 0.85625 0.967188 0.123438 0.065625 0.000134621
0 0.739062 0.654297 0.065625 0.0960938 0.000137447
0 0.775781 0.194141 0.267188 0.388281 0.000137633
0 0.425391 0.639453 0.263281 0.449219 0.000139385
0 0.0527344 0.780859 0.103906 0.433594 0.000144854
0 0.657812 0.467187 0.157813 0.15 0.000157611
0 0.624609 0.855469 0.157031 0.217187 0.00015873
0 0.314453 0.490234 0.260156 0.258594 0.000161767
0 0.246094 0.804688 0.110937 0.251563 0.000169817
0 0.674219 0.694531 0.0921875 0.121875 0.000179248
0 0.535937 0.644922 0.414062 0.614844 0.000193875
0 0.966406 0.688672 0.0671875 0.539844 0.000197319
0 0.758984 0.697266 0.102344 0.214844 0.000199349
0 0.281641 0.950781 0.0929687 0.0984375 0.000205868
0 0.839063 0.980469 0.129688 0.0390625 0.000208845
0 0.398438 0.0367187 0.334375 0.0703125 0.000209497
0 0.570703 0.864453 0.352344 0.269531 0.00020978
0 0.461328 0.276172 0.403906 0.538281 0.000212422
0 0.762109 0.7625 0.125781 0.251563 0.000238696
0 0.25 0.658984 0.354688 0.671094 0.000246046
0 0.739062 0.655078 0.084375 0.152344 0.000253877
0 0.653125 0.526172 0.196875 0.236719 0.000266832
0 0.879297 0.455078 0.241406 0.910156 0.000270051
0 0.743359 0.826563 0.177344 0.196875 0.000282343
0 0.264062 0.632812 0.06875 0.128125 0.000289586
0 0.301562 0.798047 0.096875 0.133594 0.000290236
0 0.171094 0.798047 0.275 0.403906 0.00029804
0 0.703906 0.558984 0.170312 0.257031 0.000299003
0 0.345703 0.8875 0.136719 0.225 0.000307102
0 0.372656 0.615234 0.071875 0.122656 0.000309457
0 0.324219 0.951563 0.0921875 0.096875 0.000311911
0 0.362109 0.605469 0.117969 0.176563 0.00031287
0 0.392188 0.0597656 0.414062 0.114844 0.000320663
0 0.342578 0.716016 0.116406 0.163281 0.000325942
0 0.700391 0.907031 0.147656 0.184375 0.00033586
0 0.200391 0.979297 0.141406 0.0414063 0.000381292
0 0.93125 0.302734 0.135937 0.605469 0.000385959
0 0.278906 0.65 0.0921875 0.198437 0.00038631
0 0.744141 0.926172 0.149219 0.144531 0.000390671
0 0.280469 0.802344 0.114063 0.196875 0.000393185
0 0.728906 0.601562 0.103125 0.217187 0.000396293
0 0.821875 0.964453 0.090625 0.0710938 0.000417278
0 0.322266 0.778516 0.119531 0.185156 0.000423888
0 0.238672 0.95 0.0945313 0.1 0.000434425
0 0.253906 0.698047 0.140625 0.382031 0.000436768
0 0.344141 0.648828 0.152344 0.283594 0.000441309
0 0.638281 0.275 0.409375 0.540625 0.00045143
0 0.45 0.107031 0.432813 0.210938 0.000455874
0 0.782031 0.663672 0.346875 0.664844 0.000461928
0 0.728125 0.651172 0.140625 0.292969 0.000471664
0 0.728516 0.552344 0.0695312 0.126563 0.000478426
0 0.279687 0.717578 0.121875 0.235156 0.000492875
0 0.352344 0.545313 0.171875 0.25625 0.000500912
0 0.657812 0.819922 0.207813 0.305469 0.000514597
0 0.894141 0.192578 0.210156 0.385156 0.000555753
0 0.778516 0.978906 0.207031 0.0421875 0.000569571
0 0.659766 0.6875 0.191406 0.370313 0.000572055
0 0.723437 0.155078 0.482812 0.310156 0.000584084
0 0.396875 0.942187 0.18125 0.107813 0.000631644
0 0.442187 0.725 0.384375 0.540625 0.000636305
0 0.340625 0.978516 0.171875 0.0429688 0.000637521
0 0.187891 0.949219 0.150781 0.1 0.000642258
0 0.940234 0.643359 0.117969 0.685156 0.000665162
0 0.276172 0.866016 0.138281 0.267969 0.000787144
0 0.759766 0.699219 0.183594 0.471875 0.000870448
0 0.821094 0.910937 0.08125 0.120312 0.00089065
0 0.891797 0.70625 0.214844 0.5875 0.000988629
0 0.703906 0.945703 0.24375 0.108594 0.00117472
0 0.398438 0.880078 0.196875 0.239844 0.00119647
0 0.783984 0.945312 0.142969 0.109375 0.00122845
0 0.376172 0.772656 0.200781 0.454688 0.00127837
0 0.333984 0.665234 0.214844 0.489844 0.00159942
0 0.260938 0.978125 0.210938 0.04375 0.0016342
0 0.795703 0.270312 0.408594 0.529688 0.00234162
0 0.837109 0.94375 0.121094 0.1125 0.00259789
0 0.783594 0.849219 0.140625 0.253125 0.00262585
0 0.221484 0.964453 0.164844 0.0710938 0.00336015
0 0.794922 0.782031 0.177344 0.409375 0.00337762
0 0.209375 0.906641 0.159375 0.186719 0.00352919
0 0.336328 0.853125 0.217969 0.290625 0.00447325
0 0.685547 0.714844 0.282031 0.554688 0.004476
0 0.3375 0.939844 0.198437 0.120312 0.00548359
0 0.689844 0.883984 0.239063 0.228906 0.0056424
0 0.830078 0.868359 0.141406 0.263281 0.0067812
0 0.242969 0.818359 0.16875 0.357031 0.00687462
0 0.767578 0.959375 0.235156 0.08125 0.00811172
0 0.3 0.961719 0.23125 0.0765625 0.0103049
0 0.246875 0.940625 0.198437 0.117188 0.0256154
0 0.729688 0.8125 0.260938 0.370313 0.029168
0 0.810938 0.920703 0.140625 0.158594 0.0309617
0 0.280078 0.903125 0.236719 0.19375 0.0399352
0 0.29375 0.782422 0.235938 0.433594 0.0580414
0 0.774609 0.892187 0.222656 0.215625 0.107596
