0 0.746484 0.314063 0.100781 0.2125 0.000110193
0 0.759375 0.512891 0.107813 0.189844 0.000117227
0 0.739844 0.257812 0.0625 0.0796875 0.000120428
0 0.679688 0.179297 0.120312 0.166406 0.000130855
0 0.665625 0.309375 0.178125 0.323438 0.000135899
0 0.732813 0.389453 0.0890625 0.102344 0.000137371
0 0.388672 0.598437 0.113281 0.165625 0.000137484
0 0.569531 0.0691406 0.0921875 0.105469 0.000146081
0 0.657031 0.215625 0.101562 0.165625 0.000148918
0 0.302344 0.40625 0.126563 0.25 0.00014946
0 0.375 0.30625 0.11875 0.121875 0.000151938
0 0.383594 0.426172 0.090625 0.205469 0.000154244
0 0.717578 0.469922 0.124219 0.210156 0.000172256
0 0.245703 0.599609 0.122656 0.211719 0.000173716
0 0.305078 0.516406 0.0851562 0.0953125 0.000181027
0 0.714844 0.456641 0.289062 0.382031 0.000186838
0 0.2625 0.489844 0.109375 0.20625 0.000191016
0 0.374609 0.551953 0.0789063 0.103906 0.000201953
0 0.304688 0.576953 0.2875 0.305469 0.000217651
0 0.791406 0.525781 0.11875 0.25 0.000221455
0 0.657031 0.559766 0.134375 0.202344 0.000223298
0 0.267969 0.300391 0.078125 0.110156 0.000223937
0 0.719141 0.571875 0.144531 0.165625 0.000229322
0 0.306641 0.333594 0.0898438 0.103125 0.000233508
0 0.733594 0.368359 0.125 0.155469 0.000241653
0 0.66875 0.479297 0.145313 0.261719 0.000314188
0 0.306641 0.315625 0.291406 0.339063 0.000316294
0 0.730078 0.258594 0.0882813 0.123438 0.00031767
0 0.420703 0.0925781 0.0664062 0.0789063 0.000324703
0 0.66875 0.371484 0.145313 0.167969 0.000324961
0 0.287109 0.31875 0.0851562 0.1 0.000325936
0 0.344141 0.517187 0.0867188 0.109375 0.000331106
0 0.304688 0.5875 0.1875 0.18125 0.000339434
0 0.672656 0.182812 0.078125 0.1125 0.000351805
0 0.695703 0.234766 0.130469 0.211719 0.00035384
0 0.323438 0.291016 0.0859375 0.0945313 0.000408616
0 0.280469 0.363672 0.1125 0.199219 0.000487875
0 0.375 0.398438 0.134375 0.30625 0.000544571
0 0.684766 0.41875 0.0882813 0.0984375 0.000550818
0 0.342187 0.496094 0.125 0.195312 0.000639283
0 0.755078 0.483984 0.146094 0.282031 0.000656275
0 0.325 0.535156 0.0875 0.104687 0.000691965
0 0.279687 0.461328 0.146875 0.316406 0.000786677
0 0.673828 0.421875 0.132031 0.142188 0.000805646
0 0.763281 0.5625 0.135937 0.190625 0.000831534
0 0.364844 0.345313 0.103125 0.140625 0.000999413
0 0.309766 0.450391 0.275781 0.458594 0.0010514
0 0.292578 0.289453 0.111719 0.114844 0.0011329
0 0.345313 0.552344 0.090625 0.10625 0.00113774
0 0.348437 0.275 0.15 0.176563 0.00128427
0 0.710938 0.328906 0.14375 0.248437 0.00141799
0 0.277344 0.545703 0.139062 0.191406 0.00145314
0 0.35 0.573828 0.13125 0.149219 0.00171157
0 0.367578 0.528125 0.107031 0.170312 0.00237333
0 0.714453 0.516406 0.174219 0.271875 0.00241573
0 0.34375 0.33125 0.0875 0.0953125 0.00271439
0 0.317578 0.341016 0.160156 0.205469 0.0106416
0 0.705859 0.403516 0.135156 0.116406 0.0140719
0 0.335156 0.453516 0.157813 0.341406 0.0149034
0 0.325 0.54375 0.154687 0.171875 0.0158553
0 0.332031 0.312109 0.1375 0.122656 0.0332983
