0 0.853125 0.429688 0.08125 0.117188 0.000102032
0 0.260938 0.653516 0.0984375 0.144531 0.000104819
0 0.502344 0.680078 0.0765625 0.0867188 0.000105029
0 0.821875 0.0179687 0.134375 0.0328125 0.000106976
0 0.757812 0.592578 0.0890625 0.103906 0.000107151
0 0.847656 0.363281 0.078125 0.10625 0.00010795
0 0.351172 0.391406 0.132031 0.265625 0.000109235
0 0.362109 0.321094 0.0929687 0.16875 0.000110118
0 0.313281 0.301953 0.0625 0.0867188 0.000111994
0 0.448047 0.611328 0.0898438 0.102344 0.00011455
0 0.39375 0.525 0.075 0.090625 0.000115405
0 0.308203 0.653906 0.157031 0.153125 0.000115704
0 0.374219 0.489062 0.103125 0.175 0.000115866
0 0.967188 0.100781 0.065625 0.182812 0.0001162
0 0.0398437 0.5625 0.078125 0.729688 0.000119757
0 0.0257812 0.565234 0.0515625 0.464844 0.000121591
0 0.832031 0.467578 0.117188 0.202344 0.00013452
0 0.743359 0.398828 0.135156 0.332031 0.000140044
0 0.496484 0.544531 0.308594 0.44375 0.000142765
0 0.473828 0.403125 0.113281 0.296875 0.000146485
0 0.473437 0.290234 0.11875 0.167969 0.000150137
0 0.433594 0.629297 0.134375 0.127344 0.000162632
0 0.832031 0.383594 0.1125 0.226562 0.000168365
0 0.801172 0.573438 0.133594 0.1625 0.000168737
0 0.744141 0.0488281 0.219531 0.0960938 0.000170354
0 0.864453 0.653516 0.230469 0.135156 0.000173552
0 0.411328 0.222656 0.167969 0.140625 0.000175859
0 0.691016 0.222656 0.0945313 0.110937 0.000188449
0 0.285937 0.486719 0.0984375 0.276563 0.000197483
0 0.844141 0.530078 0.130469 0.244531 0.000207178
0 0.361328 0.634766 0.258594 0.186719 0.000212844
0 0.430859 0.551172 0.0867188 0.103906 0.000224226
0 0.472656 0.496094 0.0859375 0.109375 0.000229496
0 0.803125 0.645312 0.259375 0.192188 0.000234694
0 0.864062 0.467969 0.084375 0.107813 0.000252422
0 0.866406 0.3875 0.08125 0.110937 0.000268341
0 0.75 0.230859 0.145313 0.122656 0.00027238
0 0.325 0.349609 0.107813 0.208594 0.000276222
0 0.882031 0.0324219 0.214062 0.0570313 0.000305089
0 0.812109 0.0769531 0.330469 0.150781 0.000310988
0 0.923047 0.0992187 0.152344 0.192188 0.000324051
0 0.322266 0.473828 0.157031 0.352344 0.000326948
0 0.90625 0.612109 0.154687 0.213281 0.000331479
0 0.496875 0.641406 0.0859375 0.129688 0.000334069
0 0.352344 0.280859 0.09375 0.139844 0.000335244
0 0.467969 0.589453 0.0875 0.107031 0.000365363
0 0.277734 0.604297 0.122656 0.219531 0.000377299
0 0.453516 0.516797 0.0882813 0.111719 0.000378763
0 0.430469 0.555469 0.271875 0.3 0.000391467
0 0.369922 0.483594 0.146094 0.248437 0.000423887
0 0.881641 0.410937 0.0789063 0.117188 0.000428051
0 0.325781 0.310156 0.0828125 0.132812 0.000466903
0 0.722266 0.0273438 0.222656 0.0546875 0.000481404
0 0.816797 0.276953 0.0835937 0.107031 0.000482933
0 0.889063 0.0578125 0.217187 0.110937 0.000491311
0 0.392578 0.384375 0.189844 0.378125 0.000520039
0 0.762891 0.0175781 0.178906 0.0335938 0.000521565
0 0.783203 0.355859 0.175781 0.319531 0.00052776
0 0.741016 0.532031 0.135156 0.270312 0.00060417
0 0.404687 0.272266 0.170312 0.171094 0.000672737
0 0.308594 0.559375 0.159375 0.253125 0.000700437
0 0.367188 0.564844 0.221875 0.23125 0.000741415
0 0.893359 0.427344 0.0992187 0.1875 0.00081477
0 0.775 0.271484 0.13125 0.153906 0.000883656
0 0.803906 0.0265625 0.226562 0.0515625 0.000885091
0 0.725391 0.594922 0.114844 0.155469 0.000909431
0 0.443359 0.453516 0.166406 0.310156 0.000933131
0 0.820312 0.0429688 0.292188 0.0859375 0.000984907
0 0.410547 0.5125 0.105469 0.126563 0.00107307
0 0.865625 0.464844 0.109375 0.167187 0.0011134
0 0.769531 0.46875 0.170312 0.345313 0.00128894
0 0.476953 0.610547 0.125781 0.178906 0.00172452
0 0.839063 0.453516 0.292188 0.514844 0.00173477
0 0.46875 0.551172 0.08125 0.100781 0.00186329
0 0.458203 0.249219 0.136719 0.154687 0.00199389
0 0.803906 0.248047 0.0984375 0.122656 0.0020211
0 0.855469 0.590234 0.223438 0.222656 0.00207787
0 0.468359 0.49375 0.116406 0.207813 0.00243893
0 0.840234 0.31875 0.138281 0.232812 0.00302811
0 0.426562 0.592188 0.178125 0.184375 0.00308787
0 0.419531 0.526563 0.14375 0.1875 0.00357569
0 0.769922 0.603125 0.185156 0.164062 0.00403974
0 0.809375 0.538672 0.2375 0.294531 0.00580527
0 0.884766 0.471094 0.142969 0.310937 0.00620254
0 0.817187 0.282813 0.1125 0.171875 0.00625934
0 0.835547 0.448438 0.192969 0.3875 0.0117586
0 0.869531 0.4 0.123438 0.259375 0.0249019
0 0.458594 0.551172 0.135937 0.196094 0.0310828
