0 0.779688 0.450391 0.05625 0.0898438 0.00010276
0 0.236719 0.0167969 0.160938 0.0335938 0.000103051
0 0.722656 0.536328 0.0734375 0.100781 0.000104676
0 0.724219 0.495703 0.128125 0.213281 0.000109116
0 0.758594 0.614453 0.090625 0.110156 0.000112193
0 0.919531 0.771094 0.15625 0.457812 0.000112628
0 0.323047 0.616406 0.133594 0.207813 0.000114478
0 0.757031 0.535937 0.0828125 0.110937 0.000117173
0 0.323047 0.8125 0.328906 0.2875 0.000122769
0 0.687109 0.630859 0.300781 0.475781 0.000125863
0 0.0210938 0.732031 0.0421875 0.421875 0.000127745
0 0.0316406 0.260547 0.0632813 0.355469 0.000136023
0 0.0914062 0.272266 0.182812 0.414844 0.000136241
0 0.389844 0.423828 0.0828125 0.0914062 0.000136942
0 0.269922 0.701953 0.111719 0.277344 0.000138251
0 0.409375 0.4875 0.139062 0.18125 0.000140197
0 0.815625 0.575391 0.117188 0.207031 0.000143303
0 0.189453 0.196484 0.317969 0.366406 0.000143601
0 0.349219 0.442578 0.123438 0.169531 0.000146635
0 0.601172 0.0277344 0.253906 0.0554687 0.000148209
0 0.741797 0.739453 0.141406 0.214844 0.000156375
0 0.928906 0.933203 0.140625 0.133594 0.000165338
0 0.257812 0.065625 0.14375 0.123438 0.00016612
0 0.147266 0.0273438 0.214844 0.0546875 0.000166655
0 0.366406 0.486328 0.135937 0.160156 0.000168265
0 0.721875 0.798047 0.16875 0.157031 0.000172337
0 0.290625 0.528516 0.379687 0.657031 0.000174313
0 0.670313 0.396484 0.123438 0.122656 0.000183836
0 0.771094 0.453516 0.101562 0.157031 0.000195228
0 0.417969 0.791797 0.178125 0.208594 0.000195387
0 0.197656 0.101562 0.128125 0.164062 0.000200922
0 0.403125 0.390625 0.11875 0.123438 0.000211004
0 0.767969 0.0878906 0.0546875 0.0851562 0.000224064
0 0.513672 0.0273438 0.186719 0.0546875 0.000235108
0 0.136328 0.126953 0.246094 0.250781 0.000255242
0 0.723047 0.633594 0.133594 0.2625 0.000260445
0 0.225391 0.0296875 0.177344 0.059375 0.000263723
0 0.059375 0.208984 0.11875 0.364844 0.000265167
0 0.75625 0.571875 0.0875 0.109375 0.000269527
0 0.264844 0.797266 0.115625 0.171094 0.000294209
0 0.306641 0.682031 0.135156 0.2625 0.000294306
0 0.880469 0.9125 0.229687 0.175 0.000307246
0 0.205078 0.104687 0.233594 0.20625 0.000308927
0 0.799609 0.634766 0.138281 0.175781 0.000315597
0 0.363672 0.637891 0.163281 0.164844 0.000325557
0 0.366797 0.389453 0.144531 0.147656 0.000340633
0 0.680859 0.453125 0.155469 0.209375 0.000346352
0 0.732031 0.498437 0.285937 0.351562 0.000367544
0 0.882422 0.802344 0.116406 0.195312 0.000370969
0 0.205859 0.0519531 0.199219 0.103906 0.000391232
0 0.826563 0.797656 0.14375 0.16875 0.00039727
0 0.758984 0.515625 0.122656 0.21875 0.000431074
0 0.760547 0.65625 0.135156 0.259375 0.000450366
0 0.416016 0.522266 0.199219 0.447656 0.000485366
0 0.785547 0.719531 0.141406 0.217187 0.000504885
0 0.739062 0.553516 0.0796875 0.100781 0.000538287
0 0.784375 0.839844 0.310937 0.246875 0.000571389
0 0.368359 0.480469 0.197656 0.267188 0.000613772
0 0.860937 0.762109 0.13125 0.233594 0.000874375
0 0.889063 0.850391 0.184375 0.264844 0.000901555
0 0.776563 0.593359 0.134375 0.203906 0.000933166
0 0.691797 0.542188 0.164844 0.271875 0.000948204
0 0.870703 0.692578 0.182031 0.449219 0.00101729
0 0.415625 0.689453 0.20625 0.342969 0.00101852
0 0.363281 0.683203 0.20625 0.210156 0.00103433
0 0.791797 0.532812 0.178906 0.323438 0.00110898
0 0.344531 0.735547 0.153125 0.207031 0.00112883
0 0.712109 0.680078 0.196094 0.363281 0.00116023
0 0.395312 0.435937 0.159375 0.176563 0.00153329
0 0.823438 0.698047 0.145313 0.267969 0.00176275
0 0.745703 0.766016 0.235156 0.233594 0.00176999
0 0.400391 0.739453 0.166406 0.189844 0.00179549
0 0.804297 0.763281 0.205469 0.190625 0.0020805
0 0.292578 0.647266 0.227344 0.469531 0.00252638
0 0.742969 0.572656 0.123438 0.198437 0.00302953
0 0.286328 0.758984 0.163281 0.238281 0.00367729
0 0.847656 0.802734 0.20625 0.257031 0.00493879
0 0.741016 0.571875 0.185156 0.367188 0.009106
0 0.801562 0.75 0.254687 0.309375 0.0314654
0 0.354688 0.738672 0.2625 0.269531 0.0729217
0 0.783984 0.640234 0.249219 0.453906 0.12873
0 0.359766 0.607422 0.261719 0.524219 0.315651
