0 0.778906 0.339063 0.1125 0.128125 0.000101253
0 0.323828 0.20625 0.147656 0.135937 0.000101293
0 0.676172 0.716016 0.310156 0.382031 0.000101506
0 0.304688 0.276172 0.059375 0.0789063 0.000102457
0 0.0257812 0.603906 0.0484375 0.439063 0.000104653
0 0.700391 0.176953 0.0554687 0.0726563 0.000104819
0 0.233984 0.447656 0.108594 0.173438 0.000105647
0 0.257031 0.361719 0.0859375 0.145313 0.000109204
0 0.118359 0.519141 0.202344 0.605469 0.000111692
0 0.942187 0.812891 0.1125 0.197656 0.000117174
0 0.81875 0.287109 0.0671875 0.0851562 0.000122332
0 0.163672 0.720312 0.161719 0.189063 0.000123743
0 0.811719 0.310547 0.115625 0.174219 0.00012379
0 0.303516 0.299219 0.107031 0.2 0.000130908
0 0.732813 0.719531 0.090625 0.10625 0.000131578
0 0.887891 0.575391 0.128906 0.266406 0.000132547
0 0.757812 0.657812 0.128125 0.240625 0.00013275
0 0.701172 0.525391 0.177344 0.341406 0.000134871
0 0.282422 0.616406 0.153906 0.18125 0.000140324
0 0.217187 0.637109 0.14375 0.152344 0.000145732
0 0.241797 0.319531 0.0929687 0.15 0.000149098
0 0.2 0.469922 0.115625 0.230469 0.000153105
0 0.2375 0.676562 0.151562 0.148438 0.000153211
0 0.195312 0.760156 0.259375 0.225 0.000155449
0 0.367969 0.304297 0.120312 0.191406 0.000156331
0 0.263281 0.555859 0.245312 0.213281 0.000157633
0 0.799609 0.302734 0.0914062 0.0976562 0.000158061
0 0.215234 0.529688 0.138281 0.25625 0.00016084
0 0.682813 0.699609 0.1625 0.199219 0.000164588
0 0.421484 0.351562 0.183594 0.390625 0.000165013
0 0.823828 0.425391 0.0820312 0.127344 0.000167876
0 0.216406 0.405469 0.103125 0.2 0.000174373
0 0.714844 0.189063 0.090625 0.104687 0.000174445
0 0.802344 0.261328 0.0484375 0.0679687 0.000177721
0 0.270312 0.904297 0.376563 0.175781 0.000178291
0 0.182812 0.576953 0.134375 0.214844 0.00017876
0 0.16875 0.439844 0.209375 0.615625 0.000191777
0 0.303906 0.275391 0.0875 0.117969 0.000198093
0 0.757031 0.735156 0.142188 0.165625 0.000207521
0 0.0289063 0.476562 0.0578125 0.340625 0.000207714
0 0.847266 0.470313 0.125781 0.235938 0.000214908
0 0.238281 0.808594 0.4 0.304688 0.000218709
0 0.827344 0.676172 0.226562 0.208594 0.000220415
0 0.775 0.435156 0.248437 0.314063 0.000221715
0 0.0910156 0.388672 0.175781 0.499219 0.000223062
0 0.350391 0.239844 0.0929687 0.084375 0.000240414
0 0.400391 0.69375 0.169531 0.214062 0.000252103
0 0.0488281 0.315234 0.0976562 0.411719 0.000260083
0 0.0175781 0.386328 0.0351562 0.217969 0.00026154
0 0.760938 0.255078 0.160938 0.196094 0.000262013
0 0.390625 0.554297 0.145313 0.191406 0.000266714
0 0.867578 0.721094 0.196094 0.2125 0.000275513
0 0.321484 0.271094 0.172656 0.204688 0.000278164
0 0.0308594 0.357031 0.0601562 0.328125 0.000300844
0 0.887891 0.655859 0.141406 0.249219 0.000301892
0 0.840625 0.396484 0.0921875 0.160156 0.000308475
0 0.687891 0.203516 0.136719 0.161719 0.000313446
0 0.320703 0.316797 0.308594 0.371094 0.000318858
0 0.246484 0.316406 0.152344 0.239063 0.000331859
0 0.918359 0.766016 0.161719 0.267969 0.000354972
0 0.815234 0.401172 0.157031 0.230469 0.00035555
0 0.777344 0.291406 0.11875 0.145313 0.000384447
0 0.683203 0.633203 0.172656 0.392969 0.000428681
0 0.329688 0.633594 0.148438 0.176563 0.000437372
0 0.357812 0.236328 0.148438 0.139844 0.000448516
0 0.666016 0.437891 0.144531 0.242969 0.000488032
0 0.406641 0.241016 0.136719 0.191406 0.000507016
0 0.228516 0.405859 0.155469 0.371094 0.000509037
0 0.914844 0.647266 0.159375 0.383594 0.000540042
0 0.325781 0.577734 0.203125 0.205469 0.000562726
0 0.621484 0.25625 0.100781 0.160938 0.00058862
0 0.846094 0.445703 0.159375 0.372656 0.000643204
0 0.348828 0.397656 0.208594 0.392188 0.000651811
0 0.184375 0.676953 0.167187 0.166406 0.000670252
0 0.762891 0.310156 0.0945313 0.09375 0.000741362
0 0.705469 0.520312 0.275 0.701563 0.0008531
0 0.0328125 0.4375 0.0640625 0.61875 0.000860643
0 0.186328 0.475781 0.152344 0.414062 0.00094337
0 0.394531 0.459375 0.201562 0.442187 0.000998564
0 0.720703 0.719141 0.132031 0.169531 0.00103236
0 0.775391 0.316406 0.174219 0.232812 0.00113239
0 0.812891 0.755469 0.314844 0.24375 0.00142161
0 0.690625 0.278516 0.204688 0.242969 0.00147339
0 0.724219 0.374609 0.239063 0.332031 0.00150608
0 0.374219 0.294531 0.189063 0.264062 0.00156173
0 0.277734 0.731641 0.342969 0.263281 0.00175427
0 0.80625 0.531641 0.240625 0.400781 0.00223841
0 0.342969 0.672266 0.24375 0.250781 0.00236819
0 0.198047 0.603125 0.205469 0.282813 0.00259769
0 0.651172 0.230078 0.141406 0.208594 0.00271252
0 0.233594 0.530859 0.2375 0.377344 0.00363018
0 0.244922 0.680469 0.261719 0.2 0.00502686
0 0.380078 0.603516 0.189844 0.225781 0.0052922
0 0.880859 0.569531 0.194531 0.540625 0.00609443
0 0.736719 0.711719 0.21875 0.242188 0.00673459
0 0.75625 0.628125 0.271875 0.414062 0.00925511
0 0.344531 0.553516 0.260938 0.372656 0.0168829
0 0.849609 0.680078 0.274219 0.357031 0.0196611
0 0.293359 0.459375 0.335156 0.592188 0.0393433
0 0.287109 0.627344 0.332031 0.273438 0.0793908
0 0.805078 0.544141 0.319531 0.622656 0.101739
