0 0.801562 0.721484 0.08125 0.100781 0.000104912
0 0.0421875 0.930859 0.08125 0.138281 0.000117977
0 0.240625 0.776953 0.1375 0.113281 0.00011941
0 0.239844 0.201953 0.328125 0.289844 0.000120685
0 0.151172 0.8375 0.302344 0.30625 0.000121024
0 0.783594 0.7375 0.125 0.134375 0.000129651
0 0.683594 0.759375 0.182812 0.18125 0.000132437
0 0.180469 0.337109 0.09375 0.135156 0.000134409
0 0.176953 0.758203 0.0898438 0.114844 0.000134963
0 0.945312 0.862109 0.09375 0.150781 0.000140872
0 0.762109 0.660937 0.247656 0.20625 0.000145459
0 0.823828 0.574219 0.142969 0.2625 0.000145895
0 0.226172 0.264844 0.138281 0.15 0.000146501
0 0.219531 0.341016 0.120312 0.122656 0.000147386
0 0.904688 0.776172 0.164062 0.207031 0.000148986
0 0.596094 0.229687 0.157813 0.192188 0.000162543
0 0.621484 0.431641 0.164844 0.360156 0.000163508
0 0.337891 0.513281 0.283594 0.690625 0.00016468
0 0.632422 0.2625 0.130469 0.182812 0.000172209
0 0.390234 0.716406 0.149219 0.234375 0.000173254
0 0.939453 0.828906 0.0664062 0.0625 0.000174805
0 0.336328 0.694141 0.183594 0.280469 0.000175375
0 0.178125 0.365234 0.145313 0.233594 0.000184084
0 0.828125 0.759375 0.128125 0.114063 0.000191039
0 0.921875 0.805078 0.0828125 0.0851562 0.000197611
0 0.659766 0.515234 0.217969 0.449219 0.000211345
0 0.0421875 0.819141 0.084375 0.361719 0.000213682
0 0.880078 0.759375 0.0820312 0.0953125 0.000224516
0 0.860937 0.777734 0.084375 0.0882813 0.000236969
0 0.803906 0.514063 0.0921875 0.109375 0.000244159
0 0.764844 0.548828 0.24375 0.185156 0.000278176
0 0.196484 0.400781 0.255469 0.428125 0.000290084
0 0.897266 0.740625 0.119531 0.15 0.000292742
0 0.283203 0.314063 0.133594 0.15625 0.000294086
0 0.159375 0.772656 0.145313 0.18125 0.000297966
0 0.805469 0.699609 0.121875 0.125781 0.000299848
0 0.800781 0.775 0.235938 0.154687 0.000300186
0 0.232812 0.718359 0.15 0.203906 0.000312012
0 0.180469 0.305859 0.0734375 0.121094 0.00032951
0 0.059375 0.896094 0.11875 0.207813 0.000343224
0 0.160938 0.490234 0.184375 0.422656 0.000374329
0 0.90625 0.792578 0.135937 0.117969 0.000388161
0 0.0800781 0.805469 0.160156 0.370313 0.000426697
0 0.930078 0.841016 0.0914062 0.0929687 0.000429655
0 0.264453 0.228516 0.155469 0.149219 0.000441401
0 0.239453 0.796484 0.252344 0.160156 0.000471732
0 0.822266 0.683594 0.186719 0.178125 0.000513461
0 0.7375 0.753906 0.25 0.225 0.00052199
0 0.775781 0.793359 0.375 0.235156 0.000534037
0 0.295312 0.763281 0.221875 0.185937 0.00057404
0 0.325391 0.301172 0.166406 0.161719 0.000613038
0 0.229297 0.528125 0.261719 0.39375 0.000712803
0 0.723047 0.439844 0.291406 0.370313 0.000801603
0 0.703125 0.688672 0.223438 0.249219 0.000812071
0 0.176563 0.68125 0.139062 0.264062 0.000902857
0 0.639453 0.357812 0.241406 0.39375 0.00106192
0 0.280078 0.248828 0.0898438 0.103906 0.001108
0 0.272266 0.346484 0.324219 0.464844 0.00112115
0 0.861719 0.776953 0.15 0.127344 0.0011976
0 0.693359 0.408594 0.367969 0.645312 0.00128957
0 0.628906 0.28125 0.192188 0.267188 0.00131831
0 0.201953 0.306641 0.124219 0.161719 0.00133312
0 0.803906 0.510547 0.146875 0.161719 0.00162237
0 0.255859 0.791406 0.366406 0.24375 0.00163848
0 0.287109 0.651172 0.338281 0.408594 0.00178757
0 0.273828 0.270312 0.294531 0.24375 0.00190251
0 0.133984 0.727734 0.219531 0.294531 0.00227604
0 0.228125 0.325391 0.209375 0.230469 0.0027479
0 0.809766 0.498828 0.189844 0.299219 0.00276149
0 0.852344 0.729297 0.182812 0.180469 0.00308605
0 0.310547 0.235938 0.167969 0.192188 0.00510815
0 0.807813 0.725 0.296875 0.228125 0.00585912
0 0.298438 0.277734 0.121875 0.114844 0.00635274
0 0.838281 0.603906 0.240625 0.426562 0.0102106
0 0.751562 0.678906 0.340625 0.348437 0.0119307
0 0.180859 0.735547 0.203906 0.205469 0.0193502
0 0.170312 0.635938 0.229687 0.429688 0.0274792
0 0.280078 0.270703 0.172656 0.174219 0.0394268
0 0.237109 0.531641 0.338281 0.663281 0.151609
0 0.766406 0.539844 0.353125 0.55625 0.171907
0 0.219141 0.716016 0.294531 0.288281 0.177433
