0 0.641016 0.29375 0.0492188 0.0703125 0.000100403
0 0.533203 0.7125 0.513281 0.490625 0.000101415
0 0.248437 0.574609 0.103125 0.186719 0.000101423
0 0.517578 0.230469 0.102344 0.125 0.000101491
0 0.261328 0.0328125 0.224219 0.0640625 0.000103469
0 0.397656 0.312109 0.06875 0.0664062 0.000104219
0 0.511328 0.263672 0.0914062 0.0804688 0.000104967
0 0.280469 0.655859 0.0890625 0.108594 0.000105571
0 0.675391 0.322656 0.166406 0.25 0.000107879
0 0.616016 0.312891 0.196094 0.267969 0.000109813
0 0.247656 0.491797 0.101562 0.196094 0.000109956
0 0.896484 0.812891 0.207031 0.374219 0.000111041
0 0.678906 0.344922 0.0796875 0.114844 0.000113979
0 0.753906 0.516406 0.084375 0.115625 0.000114602
0 0.719922 0.586719 0.0914062 0.103125 0.0001159
0 0.380078 0.615625 0.136719 0.240625 0.000117209
0 0.808594 0.721484 0.376563 0.557031 0.000120418
0 0.708203 0.389844 0.0789063 0.109375 0.000128215
0 0.760938 0.627734 0.134375 0.158594 0.000128913
0 0.0300781 0.695312 0.0601562 0.190625 0.000129641
0 0.0179687 0.550781 0.0328125 0.196875 0.000130922
0 0.382031 0.740625 0.214062 0.204688 0.000132737
0 0.715234 0.225781 0.0585938 0.0765625 0.00013399
0 0.5625 0.228125 0.14375 0.121875 0.000134189
0 0.583984 0.275781 0.166406 0.128125 0.000135572
0 0.59375 0.606641 0.26875 0.250781 0.000136214
0 0.0398437 0.146094 0.0796875 0.139062 0.00013752
0 0.768359 0.553906 0.0804688 0.1125 0.000140042
0 0.280859 0.697266 0.0882813 0.110156 0.000140728
0 0.573047 0.0296875 0.194531 0.059375 0.000142031
0 0.678516 0.316797 0.0507812 0.0773437 0.000142323
0 0.323438 0.510938 0.126563 0.209375 0.000143876
0 0.0613281 0.0386719 0.117969 0.0773437 0.000144274
0 0.0945313 0.639453 0.175 0.444531 0.000145411
0 0.65 0.267969 0.071875 0.107813 0.000146625
0 0.304297 0.325 0.0929687 0.084375 0.000147165
0 0.128906 0.0410156 0.257812 0.0820312 0.000157248
0 0.655859 0.305469 0.0929687 0.120312 0.000159877
0 0.623047 0.260156 0.0804688 0.107813 0.000160599
0 0.369531 0.484375 0.182812 0.392188 0.000160989
0 0.4375 0.860156 0.24375 0.279687 0.00016376
0 0.623438 0.248828 0.134375 0.130469 0.000165315
0 0.70625 0.371875 0.10625 0.1875 0.000165676
0 0.603125 0.4625 0.332812 0.442187 0.000173492
0 0.400391 0.342578 0.0679687 0.0992187 0.000174531
0 0.94375 0.730078 0.1125 0.539844 0.000174583
0 0.659375 0.297656 0.0625 0.0796875 0.000181662
0 0.358984 0.554688 0.139844 0.246875 0.000184566
0 0.791797 0.867188 0.367969 0.265625 0.000185583
0 0.902734 0.028125 0.194531 0.0546875 0.000185947
0 0.699609 0.568359 0.0898438 0.108594 0.000188479
0 0.282031 0.490234 0.117188 0.155469 0.000194283
0 0.386719 0.379687 0.1 0.1625 0.000195436
0 0.678125 0.530469 0.090625 0.110937 0.000197211
0 0.731641 0.413281 0.205469 0.382812 0.000200132
0 0.402344 0.543359 0.340625 0.530469 0.000206366
0 0.698828 0.514844 0.0882813 0.107813 0.000211547
0 0.0363281 0.798437 0.0710938 0.403125 0.000213429
0 0.523438 0.876953 0.482812 0.246094 0.000223699
0 0.30625 0.824219 0.19375 0.210938 0.00022986
0 0.285156 0.360156 0.0796875 0.101562 0.000235554
0 0.0269531 0.570312 0.0539063 0.289062 0.000237793
0 0.757812 0.677734 0.290625 0.302344 0.000237831
0 0.700391 0.627734 0.152344 0.164844 0.000240114
0 0.214062 0.648047 0.246875 0.450781 0.000243734
0 0.694531 0.369531 0.0734375 0.096875 0.000244259
0 0.667188 0.276953 0.0546875 0.0742188 0.000246654
0 0.698438 0.432813 0.135937 0.234375 0.000248831
0 0.638281 0.250391 0.0546875 0.0835937 0.000252701
0 0.01875 0.674219 0.034375 0.223438 0.000254185
0 0.937891 0.855859 0.124219 0.288281 0.000254554
0 0.282422 0.429297 0.0664062 0.0804688 0.000256195
0 0.967188 0.811719 0.065625 0.376563 0.000260651
0 0.758984 0.588672 0.0851562 0.103906 0.000278532
0 0.620313 0.567578 0.142188 0.153906 0.000280326
0 0.249609 0.436328 0.0929687 0.152344 0.000289891
0 0.673047 0.296484 0.0460938 0.0601562 0.000307288
0 0.660547 0.470703 0.152344 0.227344 0.000341152
0 0.338281 0.310156 0.146875 0.145313 0.000346825
0 0.28125 0.446484 0.0890625 0.124219 0.000363472
0 0.342578 0.780859 0.230469 0.207031 0.000364592
0 0.648047 0.264062 0.0476562 0.0671875 0.000381112
0 0.0441406 0.608984 0.0882813 0.341406 0.000400838
0 0.279687 0.408203 0.115625 0.157031 0.00044264
0 0.779688 0.564844 0.117188 0.16875 0.000447263
0 0.382031 0.325781 0.0953125 0.107813 0.000448097
0 0.654688 0.278516 0.046875 0.0539063 0.000467846
0 0.607422 0.466797 0.203906 0.257031 0.000481215
0 0.712891 0.780078 0.374219 0.439844 0.000526671
0 0.658984 0.678516 0.313281 0.249219 0.000540784
0 0.284766 0.555469 0.139844 0.232812 0.000565471
0 0.280469 0.446094 0.151562 0.28125 0.000618907
0 0.639453 0.274609 0.0398437 0.0601562 0.000637433
0 0.286328 0.760156 0.167969 0.192188 0.000771324
0 0.0304688 0.690234 0.0609375 0.419531 0.000796682
0 0.254687 0.76875 0.189063 0.304688 0.000819634
0 0.0527344 0.721094 0.103906 0.554688 0.000894144
0 0.359375 0.680078 0.171875 0.205469 0.000924967
0 0.719531 0.534766 0.0890625 0.105469 0.000947741
0 0.411328 0.801172 0.383594 0.378906 0.000991194
0 0.361719 0.35 0.126563 0.15625 0.00104686
0 0.314844 0.402344 0.18125 0.2625 0.00110047
0 0.322656 0.596875 0.140625 0.235938 0.00113964
0 0.644141 0.589453 0.222656 0.183594 0.00113972
0 0.644141 0.351172 0.246094 0.419531 0.00119639
0 0.267188 0.616406 0.125 0.24375 0.00156713
0 0.31875 0.873828 0.270312 0.250781 0.00161452
0 0.369922 0.607422 0.221094 0.361719 0.0017301
0 0.739453 0.551562 0.0898438 0.110937 0.00184253
0 0.25625 0.569531 0.160938 0.414062 0.00214373
0 0.630469 0.525391 0.2125 0.200781 0.00217236
0 0.372656 0.727344 0.270312 0.351562 0.00263162
0 0.257422 0.6875 0.155469 0.279687 0.00308468
0 0.321875 0.717578 0.18125 0.203906 0.00310393
0 0.698828 0.513672 0.146094 0.171094 0.0047755
0 0.73125 0.487891 0.160938 0.267969 0.00482063
0 0.305078 0.660156 0.166406 0.201562 0.00597987
0 0.678906 0.598437 0.307813 0.28125 0.00929146
0 0.7375 0.591016 0.182812 0.174219 0.0107454
0 0.7375 0.552344 0.13125 0.159375 0.015099
0 0.308984 0.511328 0.224219 0.530469 0.0312607
0 0.309375 0.774609 0.232812 0.392969 0.0333681
0 0.664844 0.46875 0.245312 0.310937 0.0345761
0 0.30625 0.638672 0.203125 0.341406 0.122383
0 0.694531 0.548437 0.221875 0.19375 0.166918
