0 0.935156 0.96875 0.129688 0.0625 0.000101134
0 0.981641 0.884375 0.0367187 0.20625 0.000101608
0 0.189063 0.276172 0.173438 0.246094 0.00010247
0 0.257031 0.184375 0.114063 0.13125 0.000105788
0 0.645703 0.748047 0.219531 0.232031 0.000106569
0 0.724609 0.533203 0.152344 0.197656 0.000112122
0 0.515625 0.289844 0.221875 0.34375 0.000116556
0 0.586328 0.148047 0.0929687 0.100781 0.000116852
0 0.594531 0.700391 0.15 0.264844 0.000119093
0 0.767187 0.746875 0.215625 0.30625 0.000121457
0 0.883594 0.624609 0.221875 0.724219 0.00012374
0 0.705469 0.305469 0.071875 0.0984375 0.000124672
0 0.634766 0.226953 0.194531 0.271094 0.000125601
0 0.967188 0.885156 0.065625 0.226562 0.000127499
0 0.653125 0.317187 0.24375 0.4 0.000139761
0 0.260156 0.2375 0.175 0.234375 0.000146118
0 0.730859 0.305078 0.0554687 0.0835937 0.000149226
0 0.939844 0.939453 0.120312 0.121094 0.000156801
0 0.191797 0.757422 0.313281 0.341406 0.000167402
0 0.686719 0.342578 0.109375 0.164844 0.00018171
0 0.59375 0.473828 0.401563 0.725781 0.000197055
0 0.945312 0.809766 0.107813 0.366406 0.000212947
0 0.703516 0.341797 0.0773437 0.103906 0.000214465
0 0.973437 0.811328 0.053125 0.349219 0.000220887
0 0.25625 0.300391 0.228125 0.300781 0.000238499
0 0.717188 0.282031 0.0625 0.0875 0.000243955
0 0.158203 0.550391 0.141406 0.282031 0.00026235
0 0.676562 0.297656 0.16875 0.2875 0.00032545
0 0.0902344 0.557813 0.180469 0.704687 0.000421429
0 0.664453 0.434766 0.258594 0.364844 0.000421646
0 0.70625 0.260938 0.0671875 0.0859375 0.000501691
0 0.782031 0.520312 0.209375 0.829687 0.000502554
0 0.719922 0.325 0.0773437 0.104687 0.000512867
0 0.668359 0.564844 0.272656 0.389062 0.0005413
0 0.707812 0.282422 0.0875 0.163281 0.000648
0 0.212891 0.602734 0.267969 0.419531 0.000698683
0 0.159375 0.332812 0.142188 0.3 0.000716805
0 0.149609 0.670313 0.230469 0.429688 0.000898838
0 0.694531 0.682813 0.264062 0.342187 0.00105748
0 0.74375 0.590625 0.139062 0.253125 0.00112834
0 0.205859 0.494531 0.208594 0.432813 0.00125518
0 0.727344 0.389453 0.140625 0.346094 0.00160154
0 0.248828 0.447656 0.311719 0.703125 0.00163932
0 0.717188 0.332031 0.110937 0.19375 0.00203926
0 0.129297 0.559766 0.182031 0.405469 0.00238281
0 0.151562 0.444531 0.165625 0.396875 0.00440562
0 0.721875 0.4875 0.173438 0.420312 0.00736332
0 0.744531 0.605469 0.179688 0.4875 0.0154574
0 0.696094 0.515234 0.260938 0.688281 0.249656
0 0.170703 0.522656 0.242969 0.651563 0.317725
