0 0.982813 0.592578 0.03125 0.255469 0.000102095
0 0.812891 0.651172 0.230469 0.377344 0.000102312
0 0.626172 0.679297 0.211719 0.297656 0.0001069
0 0.659766 0.466406 0.144531 0.251563 0.000108877
0 0.300391 0.753516 0.149219 0.182031 0.00010952
0 0.694922 0.508984 0.130469 0.236719 0.000109631
0 0.0265625 0.815625 0.053125 0.367188 0.000113552
0 0.4 0.63125 0.323438 0.53125 0.000116939
0 0.957031 0.480469 0.0859375 0.371875 0.000116968
0 0.333203 0.344141 0.133594 0.167969 0.000121771
0 0.0425781 0.384375 0.0851562 0.601562 0.000126526
0 0.35625 0.592188 0.145313 0.19375 0.000126735
0 0.319922 0.558203 0.141406 0.153906 0.000129222
0 0.299219 0.321875 0.0796875 0.0859375 0.000129317
0 0.298438 0.358594 0.11875 0.154687 0.000129744
0 0.972266 0.923437 0.0554687 0.153125 0.000133241
0 0.898438 0.0328125 0.184375 0.0640625 0.000139154
0 0.973437 0.655469 0.046875 0.215625 0.000140235
0 0.235938 0.791797 0.189063 0.292969 0.000145231
0 0.673047 0.284375 0.175781 0.214062 0.000158535
0 0.71875 0.676953 0.175 0.189844 0.000160237
0 0.0140625 0.507422 0.028125 0.271094 0.000163402
0 0.905859 0.882812 0.188281 0.234375 0.000166878
0 0.272266 0.390625 0.111719 0.190625 0.000166983
0 0.264453 0.287109 0.0820312 0.110156 0.000168046
0 0.982031 0.883203 0.0359375 0.233594 0.00017181
0 0.639063 0.408984 0.14375 0.257031 0.000175151
0 0.674609 0.345703 0.142969 0.228906 0.000179615
0 0.0242187 0.645312 0.0421875 0.476562 0.000192104
0 0.814453 0.773438 0.230469 0.3375 0.000198818
0 0.278906 0.442969 0.164062 0.425 0.000218448
0 0.950781 0.605469 0.096875 0.35625 0.000223844
0 0.382031 0.482422 0.228125 0.652344 0.000227421
0 0.899609 0.651172 0.185156 0.394531 0.000229655
0 0.606641 0.614062 0.225781 0.520312 0.00024268
0 0.677344 0.570703 0.145313 0.255469 0.000244134
0 0.590234 0.429688 0.257031 0.409375 0.000244171
0 0.216016 0.6875 0.210156 0.375 0.000248787
0 0.355859 0.674609 0.135156 0.260156 0.000254254
0 0.261328 0.338281 0.0867188 0.1375 0.000259749
0 0.867188 0.562891 0.221875 0.466406 0.000272068
0 0.984375 0.675781 0.0296875 0.1875 0.000275036
0 0.737109 0.399219 0.252344 0.460938 0.000280326
0 0.950391 0.439453 0.0992187 0.741406 0.000290378
0 0.752344 0.567187 0.226562 0.382812 0.00029343
0 0.0148437 0.362891 0.0296875 0.263281 0.00031
0 0.692187 0.423438 0.126563 0.26875 0.000346801
0 0.332812 0.272266 0.142188 0.177344 0.000358211
0 0.259766 0.313672 0.0601562 0.0976562 0.000363412
0 0.253516 0.571094 0.182031 0.465625 0.000369529
0 0.266797 0.619531 0.138281 0.24375 0.000372737
0 0.679688 0.635156 0.201562 0.207813 0.000431018
0 0.247266 0.719141 0.130469 0.233594 0.000454802
0 0.335938 0.718359 0.204688 0.203906 0.000459872
0 0.592969 0.514453 0.335938 0.803906 0.000504506
0 0.339844 0.379687 0.1875 0.365625 0.000523234
0 0.025 0.321094 0.046875 0.398438 0.000531251
0 0.789062 0.851953 0.351562 0.294531 0.000532473
0 0.972266 0.844531 0.0554687 0.310937 0.000571519
0 0.0226563 0.482422 0.0390625 0.446094 0.000620632
0 0.975 0.522656 0.05 0.49375 0.000696699
0 0.714844 0.680859 0.235938 0.322656 0.000754375
0 0.0292969 0.483203 0.0539063 0.696094 0.000758896
0 0.976172 0.685547 0.0476562 0.482031 0.000808318
0 0.280078 0.314063 0.100781 0.126563 0.000894581
0 0.335547 0.575 0.207031 0.357812 0.000930895
0 0.613672 0.322656 0.242969 0.289062 0.000981809
0 0.948438 0.813672 0.103125 0.372656 0.00109929
0 0.367188 0.650391 0.214062 0.338281 0.00124195
0 0.302344 0.300781 0.145313 0.185937 0.00127113
0 0.863672 0.602734 0.269531 0.788281 0.00144384
0 0.890625 0.792969 0.21875 0.404687 0.00164882
0 0.713281 0.789062 0.317187 0.396875 0.00179962
0 0.966797 0.603906 0.0648438 0.771875 0.00203362
0 0.320703 0.621484 0.147656 0.246094 0.00203548
0 0.7875 0.701563 0.334375 0.560938 0.00211865
0 0.701172 0.480469 0.171094 0.414062 0.00229288
0 0.285156 0.696094 0.15 0.240625 0.002326
0 0.932813 0.633203 0.134375 0.725781 0.00317968
0 0.680859 0.597266 0.247656 0.371094 0.00343618
0 0.670313 0.372656 0.192188 0.38125 0.00534067
0 0.280859 0.749609 0.224219 0.252344 0.00546008
0 0.312891 0.523828 0.230469 0.603906 0.00804003
0 0.710938 0.555469 0.298438 0.6125 0.0105797
0 0.65 0.462891 0.264062 0.557031 0.330284
0 0.3 0.667188 0.23125 0.3375 0.381244
