0 0.0160156 0.404297 0.0289063 0.233594 0.000110321
0 0.342578 0.547656 0.242969 0.215625 0.000110888
0 0.880859 0.6125 0.125781 0.271875 0.000114793
0 0.325391 0.348047 0.236719 0.210156 0.000117111
0 0.746094 0.360938 0.2375 0.33125 0.000117609
0 0.712109 0.519922 0.294531 0.666406 0.000119723
0 0.98125 0.438672 0.0375 0.452344 0.000120738
0 0.35625 0.634375 0.215625 0.271875 0.000121193
0 0.819141 0.0359375 0.342969 0.071875 0.000124359
0 0.733594 0.715625 0.2125 0.221875 0.000127471
0 0.801953 0.333594 0.336719 0.48125 0.000127505
0 0.0210938 0.437109 0.040625 0.428906 0.000136559
0 0.925391 0.600781 0.144531 0.542188 0.000138573
0 0.304688 0.688281 0.39375 0.510938 0.000139191
0 0.980469 0.601562 0.0390625 0.478125 0.000144504
0 0.0316406 0.613281 0.0601562 0.703125 0.00014783
0 0.844141 0.485938 0.0929687 0.109375 0.000150631
0 0.0222656 0.608984 0.0445312 0.492969 0.000160072
0 0.785547 0.485547 0.191406 0.172656 0.000162685
0 0.279687 0.406641 0.090625 0.110156 0.00017954
0 0.854688 0.411328 0.128125 0.232031 0.000246239
0 0.863281 0.0574219 0.273438 0.111719 0.000251018
0 0.843359 0.657812 0.130469 0.173438 0.00028695
0 0.823828 0.385938 0.119531 0.159375 0.000345018
0 0.809375 0.369922 0.201562 0.257031 0.000430149
0 0.289062 0.369141 0.273438 0.339844 0.000526968
0 0.399219 0.524219 0.217187 0.33125 0.000551266
0 0.271094 0.467578 0.139062 0.266406 0.000559517
0 0.784375 0.686719 0.190625 0.204688 0.000605067
0 0.284766 0.404687 0.135156 0.15625 0.000733628
0 0.78125 0.636328 0.235938 0.344531 0.000859575
0 0.848047 0.569922 0.144531 0.286719 0.000897156
0 0.84375 0.486328 0.1375 0.178906 0.00141676
0 0.326953 0.4875 0.203906 0.214062 0.00166693
0 0.316797 0.567187 0.296094 0.401563 0.00177427
0 0.780469 0.439453 0.25625 0.303906 0.00229988
0 0.85 0.684375 0.196875 0.25 0.00249708
0 0.292188 0.40625 0.178125 0.239063 0.0027853
0 0.850781 0.626953 0.234375 0.453906 0.0046774
0 0.815234 0.438672 0.172656 0.221094 0.00998596
0 0.291406 0.475391 0.229687 0.350781 0.0103423
0 0.836328 0.488672 0.196094 0.400781 0.051986
0 0.794531 0.519531 0.29375 0.565625 0.342674
0 0.342969 0.440234 0.28125 0.488281 0.347831
