0 0.805078 0.169922 0.0867188 0.113281 0.000100455
0 0.267188 0.466406 0.289062 0.392188 0.000104481
0 0.303125 0.398047 0.0703125 0.0945313 0.000106449
0 0.325391 0.492578 0.0898438 0.102344 0.00010818
0 0.814062 0.180469 0.05625 0.08125 0.000108181
0 0.831641 0.591797 0.136719 0.161719 0.000114778
0 0.401563 0.357031 0.104687 0.13125 0.000115967
0 0.388672 0.155078 0.0882813 0.0757812 0.000116989
0 0.347266 0.625 0.272656 0.195312 0.000122957
0 0.267969 0.491797 0.126563 0.258594 0.000140721
0 0.720703 0.249609 0.105469 0.172656 0.000157371
0 0.910547 0.596094 0.142969 0.226562 0.000158765
0 0.489844 0.192969 0.164062 0.215625 0.000159695
0 0.749609 0.372656 0.166406 0.340625 0.000169121
0 0.335156 0.247656 0.15 0.240625 0.000171899
0 0.364062 0.549609 0.14375 0.135156 0.000173431
0 0.358203 0.307813 0.0882813 0.1125 0.000191322
0 0.713672 0.118359 0.0695312 0.0851562 0.000203409
0 0.345313 0.508594 0.0890625 0.0953125 0.0002175
0 0.846484 0.507812 0.0851562 0.0984375 0.000224572
0 0.784766 0.494141 0.136719 0.242969 0.000228848
0 0.783984 0.213281 0.105469 0.10625 0.00023369
0 0.540625 0.544531 0.471875 0.882812 0.000249424
0 0.380469 0.342578 0.0859375 0.0929687 0.000262684
0 0.360156 0.410547 0.175 0.222656 0.000284323
0 0.880469 0.494141 0.114063 0.197656 0.000295232
0 0.326953 0.528125 0.135156 0.148438 0.00029954
0 0.380859 0.198437 0.160156 0.173438 0.000313176
0 0.452734 0.350781 0.174219 0.425 0.000322261
0 0.703125 0.2125 0.0796875 0.0984375 0.000355202
0 0.287109 0.555469 0.205469 0.221875 0.000371342
0 0.401172 0.163281 0.124219 0.110937 0.000381903
0 0.764844 0.249219 0.160938 0.235938 0.000387615
0 0.303125 0.324219 0.107813 0.195312 0.000402297
0 0.303906 0.405469 0.0953125 0.179688 0.000403317
0 0.778516 0.566406 0.142969 0.18125 0.000409455
0 0.848437 0.622266 0.0546875 0.0757812 0.000419972
0 0.401953 0.321875 0.152344 0.170312 0.000435488
0 0.386328 0.473047 0.146094 0.146094 0.000471484
0 0.435937 0.175781 0.190625 0.175 0.000481194
0 0.306641 0.367188 0.0757812 0.10625 0.000530861
0 0.880078 0.609766 0.124219 0.161719 0.000539334
0 0.775391 0.549219 0.285156 0.340625 0.000583218
0 0.327344 0.325391 0.0875 0.111719 0.000601317
0 0.830078 0.490625 0.135156 0.171875 0.00060917
0 0.802734 0.196094 0.0664062 0.0859375 0.0006593
0 0.322656 0.450391 0.145313 0.208594 0.000731338
0 0.803516 0.404687 0.239844 0.4625 0.000786742
0 0.429297 0.225 0.294531 0.279687 0.000868739
0 0.858203 0.617578 0.0914062 0.0992187 0.000936094
0 0.750781 0.162891 0.1875 0.186719 0.00110404
0 0.343359 0.491016 0.139844 0.138281 0.00115323
0 0.445312 0.490234 0.115625 0.142969 0.00115328
0 0.365625 0.562109 0.25 0.199219 0.00145375
0 0.293359 0.442969 0.144531 0.29375 0.00176158
0 0.358984 0.342187 0.116406 0.13125 0.00208519
0 0.422266 0.451172 0.183594 0.221094 0.00220957
0 0.322266 0.358594 0.114844 0.148438 0.00227032
0 0.467578 0.259766 0.133594 0.178906 0.00304533
0 0.343359 0.305078 0.119531 0.167969 0.00353137
0 0.741797 0.533203 0.161719 0.194531 0.00407158
0 0.851172 0.497266 0.166406 0.269531 0.00408227
0 0.720703 0.1875 0.116406 0.154687 0.00509022
0 0.411719 0.508984 0.171875 0.172656 0.00554235
0 0.324609 0.515234 0.208594 0.199219 0.00578424
0 0.877344 0.560156 0.153125 0.240625 0.00591893
0 0.452344 0.232812 0.090625 0.096875 0.00704535
0 0.378125 0.38125 0.285937 0.473437 0.00877115
0 0.416797 0.229297 0.180469 0.192969 0.0115764
0 0.329297 0.361328 0.141406 0.250781 0.0151714
0 0.369141 0.291016 0.203906 0.252344 0.0197863
0 0.366016 0.474219 0.242969 0.232812 0.0295849
0 0.813281 0.545703 0.234375 0.224219 0.0303235
0 0.449609 0.221484 0.136719 0.144531 0.0528533
