0 0.219141 0.606641 0.102344 0.177344 0.000101146
0 0.786328 0.354688 0.124219 0.296875 0.000102439
0 0.378125 0.185547 0.053125 0.0664062 0.000102522
0 0.461328 0.347656 0.138281 0.289062 0.00010275
0 0.304297 0.261719 0.0664062 0.0921875 0.000104724
0 0.741016 0.550781 0.0882813 0.1 0.000106005
0 0.675781 0.907031 0.270312 0.182812 0.000107464
0 0.798828 0.626172 0.0851562 0.102344 0.000108019
0 0.776172 0.474609 0.0835937 0.0882813 0.000108929
0 0.366016 0.260156 0.0882813 0.114063 0.000110175
0 0.433203 0.344531 0.105469 0.173438 0.000111711
0 0.760547 0.605859 0.0929687 0.103906 0.000112609
0 0.777344 0.315625 0.071875 0.0890625 0.000113183
0 0.656641 0.402344 0.130469 0.275 0.00011374
0 0.471484 0.241406 0.0773437 0.0921875 0.00011448
0 0.284766 0.558984 0.0945313 0.111719 0.000116115
0 0.785156 0.224609 0.376563 0.375781 0.000116603
0 0.378125 0.252344 0.321875 0.3 0.000118264
0 0.744531 0.40625 0.134375 0.221875 0.000119373
0 0.676953 0.213672 0.0851562 0.105469 0.000119833
0 0.713281 0.162891 0.389062 0.285156 0.000126866
0 0.347266 0.239453 0.0789063 0.0914062 0.00012762
0 0.341016 0.604297 0.150781 0.163281 0.000128848
0 0.718359 0.923828 0.160156 0.142969 0.000129424
0 0.226172 0.633203 0.0773437 0.110156 0.00013221
0 0.472266 0.440625 0.369531 0.6625 0.000137428
0 0.2 0.952734 0.203125 0.0914062 0.000141227
0 0.680078 0.482812 0.297656 0.428125 0.000147088
0 0.811719 0.635938 0.298438 0.373437 0.000150425
0 0.277734 0.955078 0.274219 0.0867188 0.000152607
0 0.71875 0.173828 0.185937 0.153906 0.000153097
0 0.720703 0.492188 0.0882813 0.0953125 0.000159993
0 0.28125 0.448438 0.103125 0.203125 0.00016148
0 0.779688 0.537109 0.0859375 0.0898438 0.000164078
0 0.436328 0.208203 0.166406 0.200781 0.000166691
0 0.817969 0.572266 0.075 0.116406 0.000167002
0 0.778516 0.696875 0.138281 0.2 0.000172632
0 0.327344 0.242578 0.107813 0.136719 0.000173459
0 0.383203 0.2375 0.0851562 0.104687 0.000188015
0 0.751172 0.300781 0.0851562 0.128125 0.00019626
0 0.689844 0.261328 0.157813 0.228906 0.000201547
0 0.338281 0.298438 0.084375 0.090625 0.000202831
0 0.483984 0.223047 0.0835937 0.150781 0.000206396
0 0.8125 0.630078 0.110937 0.160156 0.000228995
0 0.826172 0.685156 0.191406 0.276563 0.000229086
0 0.775781 0.743359 0.317187 0.357031 0.00023737
0 0.658594 0.271875 0.207813 0.375 0.000240387
0 0.405859 0.54375 0.332031 0.404687 0.000242659
0 0.785156 0.446094 0.128125 0.246875 0.000245333
0 0.739844 0.510156 0.0875 0.103125 0.000245671
0 0.761719 0.401563 0.104687 0.140625 0.000250434
0 0.719531 0.176172 0.0953125 0.107031 0.000260705
0 0.291016 0.323828 0.0742188 0.103906 0.000264526
0 0.602344 0.179688 0.267188 0.359375 0.000265159
0 0.316406 0.378516 0.096875 0.135156 0.000279692
0 0.778125 0.318359 0.096875 0.175781 0.000310665
0 0.762891 0.389062 0.0867188 0.0796875 0.000315018
0 0.360156 0.567969 0.0890625 0.107813 0.000323056
0 0.260156 0.396094 0.0875 0.204688 0.000349703
0 0.277344 0.314844 0.107813 0.229687 0.000381366
0 0.788281 0.260547 0.06875 0.0835937 0.000394218
0 0.396875 0.514844 0.125 0.16875 0.000399751
0 0.464844 0.258984 0.110937 0.149219 0.000427679
0 0.25 0.554297 0.120312 0.222656 0.000434346
0 0.669922 0.523828 0.142969 0.160156 0.000454686
0 0.761719 0.573438 0.09375 0.09375 0.000484008
0 0.292969 0.632422 0.215625 0.174219 0.000504671
0 0.728516 0.817187 0.214844 0.289062 0.000516287
0 0.407813 0.370313 0.189063 0.353125 0.000527169
0 0.757422 0.490234 0.0882813 0.0882813 0.0005315
0 0.391797 0.301172 0.169531 0.207031 0.000541233
0 0.694531 0.169141 0.0484375 0.0585938 0.000572509
0 0.763281 0.228906 0.0546875 0.0703125 0.000622051
0 0.69375 0.630469 0.290625 0.35 0.000693052
0 0.397266 0.473047 0.172656 0.261719 0.000709882
0 0.671875 0.194531 0.10625 0.171875 0.000725354
0 0.333594 0.346875 0.129688 0.220313 0.000740153
0 0.729688 0.394531 0.273438 0.435937 0.000749223
0 0.384766 0.592969 0.149219 0.178125 0.000755191
0 0.696094 0.178906 0.0640625 0.090625 0.000772561
0 0.358984 0.406641 0.291406 0.469531 0.000779884
0 0.742969 0.876172 0.1625 0.224219 0.000832286
0 0.365625 0.207422 0.0828125 0.0929687 0.000838376
0 0.277344 0.589453 0.09375 0.0992187 0.000898949
0 0.702344 0.652344 0.20625 0.190625 0.000957758
0 0.75 0.240234 0.0734375 0.105469 0.000986972
0 0.731641 0.301562 0.203906 0.348437 0.00102016
0 0.321875 0.285937 0.101562 0.1375 0.00109675
0 0.247266 0.612109 0.111719 0.138281 0.00110401
0 0.683203 0.572266 0.183594 0.160156 0.00111845
0 0.426562 0.268359 0.164062 0.189844 0.0011278
0 0.362109 0.533203 0.0914062 0.0976562 0.00124935
0 0.687891 0.473828 0.172656 0.203906 0.00128485
0 0.282422 0.383594 0.0945313 0.14375 0.00145392
0 0.785156 0.53125 0.129688 0.151562 0.00145455
0 0.321484 0.566016 0.0898438 0.0945313 0.00151366
0 0.392969 0.239453 0.145313 0.155469 0.00161013
0 0.769531 0.284766 0.0734375 0.0960938 0.00170685
0 0.306641 0.307031 0.0664062 0.0921875 0.00198924
0 0.742578 0.270312 0.146094 0.176563 0.00199308
0 0.7375 0.223828 0.123438 0.138281 0.00214059
0 0.695312 0.194141 0.0953125 0.122656 0.00235101
0 0.794531 0.577734 0.0859375 0.0929687 0.00251603
0 0.282031 0.487891 0.148438 0.317969 0.0030756
0 0.346484 0.280859 0.142969 0.188281 0.00318834
0 0.335938 0.396094 0.182812 0.375 0.003411
0 0.757031 0.494531 0.154687 0.146875 0.00363369
0 0.345313 0.502344 0.214062 0.242188 0.00434273
0 0.304688 0.321875 0.0859375 0.16875 0.00442829
0 0.733984 0.453125 0.200781 0.2625 0.00468851
0 0.760938 0.574219 0.145313 0.123438 0.00509813
0 0.296484 0.371484 0.121094 0.269531 0.00541438
0 0.791016 0.598437 0.125781 0.129688 0.00981078
0 0.282813 0.590234 0.165625 0.157031 0.0119797
0 0.764063 0.662891 0.207813 0.261719 0.0122176
0 0.769141 0.255859 0.0601562 0.0773437 0.0124142
0 0.359375 0.537109 0.151562 0.155469 0.013057
0 0.326172 0.564453 0.285156 0.264844 0.0134328
0 0.733984 0.532812 0.211719 0.18125 0.032579
0 0.737891 0.601562 0.219531 0.2 0.0695143
0 0.323047 0.564062 0.214844 0.167187 0.15073
