0 0.773047 0.362109 0.132031 0.157031 0.00010714
0 0.784766 0.592188 0.0835937 0.107813 0.000110551
0 0.660547 0.680078 0.185156 0.200781 0.000113631
0 0.394531 0.294531 0.145313 0.184375 0.000114076
0 0.728906 0.364453 0.190625 0.227344 0.000117005
0 0.804688 0.528516 0.084375 0.110156 0.000128578
0 0.395703 0.549609 0.328906 0.471094 0.000130728
0 0.292188 0.383594 0.176563 0.160938 0.000132119
0 0.8 0.395703 0.110937 0.167969 0.000137216
0 0.902344 0.0382813 0.192188 0.071875 0.000140307
0 0.163672 0.553906 0.175781 0.370313 0.000143615
0 0.972266 0.730859 0.0554687 0.530469 0.000159214
0 0.220703 0.487891 0.166406 0.216406 0.000163964
0 0.313672 0.626953 0.278906 0.274219 0.000172032
0 0.190625 0.591797 0.16875 0.189844 0.00017949
0 0.239844 0.364453 0.0953125 0.116406 0.000188565
0 0.195312 0.330078 0.185937 0.261719 0.000199122
0 0.396875 0.599609 0.215625 0.228906 0.000201588
0 0.841406 0.717188 0.26875 0.46875 0.000209796
0 0.703906 0.712109 0.26875 0.275781 0.000222246
0 0.942187 0.724219 0.115625 0.551562 0.000234548
0 0.725391 0.552734 0.182031 0.207031 0.0002418
0 0.183594 0.393359 0.279687 0.414844 0.000253272
0 0.369922 0.248047 0.158594 0.182031 0.00027436
0 0.932422 0.0597656 0.135156 0.119531 0.000281517
0 0.319531 0.467578 0.15 0.269531 0.000290837
0 0.276953 0.330469 0.236719 0.20625 0.000304602
0 0.811719 0.594531 0.115625 0.215625 0.000338859
0 0.319531 0.533203 0.0890625 0.0992187 0.000351147
0 0.285156 0.703906 0.392188 0.490625 0.000374291
0 0.761719 0.509375 0.1375 0.160938 0.000378364
0 0.78125 0.727734 0.210938 0.297656 0.000465041
0 0.200391 0.385938 0.0851562 0.120312 0.000472983
0 0.382031 0.530859 0.134375 0.211719 0.000508157
0 0.693359 0.466797 0.191406 0.264844 0.000561634
0 0.813672 0.533594 0.0992187 0.210938 0.000621553
0 0.810547 0.557813 0.282031 0.471875 0.000656359
0 0.248828 0.530078 0.139844 0.177344 0.000698743
0 0.378125 0.485156 0.192188 0.33125 0.000717682
0 0.761328 0.424219 0.191406 0.328125 0.000881131
0 0.282422 0.533203 0.0929687 0.105469 0.00101726
0 0.823438 0.565234 0.15 0.344531 0.00118779
0 0.337891 0.532812 0.147656 0.1625 0.00120893
0 0.323438 0.302344 0.25625 0.298438 0.00127721
0 0.745703 0.670313 0.207031 0.198437 0.00131156
0 0.69375 0.623828 0.201562 0.267969 0.00172404
0 0.243359 0.569922 0.241406 0.239844 0.00188426
0 0.246875 0.334375 0.270312 0.34375 0.002419
0 0.783984 0.558594 0.138281 0.260938 0.00330232
0 0.745703 0.610937 0.152344 0.240625 0.00419
0 0.258984 0.447266 0.153906 0.271094 0.00446532
0 0.736328 0.453906 0.252344 0.58125 0.00555055
0 0.202734 0.402344 0.128906 0.21875 0.00636659
0 0.287109 0.532031 0.138281 0.146875 0.00678403
0 0.763281 0.653125 0.284375 0.346875 0.0074161
0 0.346094 0.568359 0.217187 0.207031 0.00809338
0 0.332031 0.430078 0.26875 0.466406 0.0146958
0 0.790234 0.635938 0.167969 0.290625 0.0171661
0 0.204297 0.469141 0.188281 0.371094 0.0189815
0 0.235547 0.366797 0.174219 0.203906 0.0492287
0 0.299609 0.525781 0.221094 0.234375 0.0640615
0 0.266016 0.439063 0.241406 0.375 0.215207
0 0.755078 0.567578 0.205469 0.363281 0.240693
