0 0.828125 0.791797 0.0953125 0.116406 0.000101823
0 0.343359 0.70625 0.299219 0.30625 0.000102616
0 0.801172 0.195703 0.0570313 0.0789063 0.000107409
0 0.671094 0.0910156 0.09375 0.0914062 0.000109457
0 0.274609 0.267578 0.114844 0.203906 0.000109584
0 0.258594 0.367578 0.110937 0.172656 0.000114507
0 0.353906 0.278516 0.170312 0.225781 0.00011498
0 0.389062 0.261328 0.0859375 0.132031 0.000115148
0 0.323438 0.594922 0.08125 0.113281 0.00012514
0 0.760547 0.21875 0.121094 0.189063 0.000127106
0 0.364453 0.302734 0.0945313 0.102344 0.000129589
0 0.741016 0.677344 0.141406 0.176563 0.000134542
0 0.784766 0.176953 0.0695312 0.0960938 0.000134715
0 0.830859 0.680859 0.292969 0.500781 0.000135641
0 0.318359 0.321484 0.0882813 0.114844 0.00014586
0 0.66875 0.232031 0.157813 0.251563 0.000147464
0 0.832422 0.529688 0.122656 0.267188 0.000148508
0 0.966406 0.907812 0.0671875 0.184375 0.000148924
0 0.25625 0.194531 0.059375 0.0890625 0.000152372
0 0.817578 0.594141 0.125781 0.196094 0.000154299
0 0.278516 0.446875 0.135156 0.1875 0.000162235
0 0.238281 0.407031 0.075 0.109375 0.000164884
0 0.262891 0.223047 0.0804688 0.127344 0.00016824
0 0.246484 0.529297 0.113281 0.197656 0.000168962
0 0.319531 0.219141 0.145313 0.197656 0.000188375
0 0.316016 0.320312 0.188281 0.264062 0.00019544
0 0.380469 0.225781 0.0953125 0.121875 0.000195928
0 0.617188 0.118359 0.084375 0.108594 0.000200023
0 0.818359 0.750781 0.122656 0.13125 0.000205572
0 0.0289063 0.439844 0.05625 0.690625 0.000216614
0 0.38125 0.218359 0.126563 0.189844 0.00021846
0 0.01875 0.438281 0.0375 0.4375 0.000229156
0 0.665625 0.435937 0.11875 0.221875 0.00023377
0 0.692578 0.690625 0.135156 0.182812 0.000237513
0 0.691797 0.626172 0.150781 0.258594 0.000237881
0 0.766406 0.408594 0.1375 0.217187 0.000244358
0 0.753125 0.175 0.084375 0.0921875 0.000245037
0 0.364062 0.146094 0.090625 0.107813 0.000255518
0 0.230859 0.467187 0.0992187 0.242188 0.000259416
0 0.726562 0.281641 0.225 0.374219 0.000259608
0 0.380469 0.669531 0.160938 0.203125 0.000272349
0 0.801953 0.447656 0.130469 0.203125 0.000275378
0 0.717969 0.242188 0.160938 0.239063 0.000278308
0 0.6625 0.302734 0.096875 0.116406 0.000317116
0 0.801172 0.367188 0.110156 0.2375 0.000320594
0 0.366797 0.55625 0.121094 0.173438 0.000397625
0 0.276172 0.360938 0.152344 0.265625 0.000398775
0 0.373437 0.523438 0.2375 0.404687 0.000425568
0 0.260938 0.676562 0.33125 0.403125 0.000446263
0 0.242578 0.408594 0.100781 0.170312 0.00044654
0 0.791016 0.723828 0.194531 0.194531 0.000466437
0 0.710547 0.605078 0.239844 0.449219 0.000507833
0 0.835156 0.720312 0.0984375 0.13125 0.000598139
0 0.354688 0.334375 0.21875 0.425 0.000616368
0 0.389062 0.225 0.0796875 0.06875 0.00062475
0 0.221094 0.558594 0.171875 0.429688 0.000668917
0 0.682422 0.314063 0.124219 0.170312 0.000729339
0 0.785547 0.634375 0.144531 0.2625 0.000767182
0 0.787109 0.546875 0.138281 0.2375 0.000899234
0 0.7375 0.1625 0.0578125 0.078125 0.000942144
0 0.688672 0.391406 0.152344 0.225 0.00108753
0 0.321484 0.626562 0.149219 0.198437 0.0011933
0 0.769922 0.334375 0.171094 0.342187 0.00133234
0 0.310937 0.417969 0.229687 0.398438 0.00135954
0 0.828516 0.683203 0.141406 0.224219 0.00155107
0 0.695703 0.391406 0.192969 0.373437 0.00160931
0 0.226953 0.658984 0.0804688 0.110156 0.00199208
0 0.280859 0.53125 0.150781 0.278125 0.00203973
0 0.750781 0.684766 0.228125 0.232031 0.00238331
0 0.253516 0.450781 0.136719 0.335938 0.00264067
0 0.368359 0.608984 0.160156 0.216406 0.00285235
0 0.235938 0.642969 0.110937 0.1625 0.00294214
0 0.320312 0.578125 0.190625 0.204688 0.00465666
0 0.800781 0.411328 0.153125 0.377344 0.00490433
0 0.251172 0.603516 0.169531 0.253906 0.00522869
0 0.253906 0.448828 0.196875 0.494531 0.00556545
0 0.81875 0.604297 0.164062 0.394531 0.00658326
0 0.744531 0.412891 0.267188 0.664844 0.0186884
0 0.304688 0.640234 0.25625 0.253906 0.0312001
0 0.31875 0.414062 0.290625 0.642187 0.0549461
0 0.297656 0.532812 0.234375 0.385938 0.235029
0 0.785937 0.515625 0.2 0.50625 0.282365
