0 0.761719 0.804297 0.0859375 0.119531 0.000100807
0 0.713281 0.480078 0.145313 0.255469 0.000102457
0 0.666016 0.299219 0.0585938 0.0703125 0.000103228
0 0.680078 0.58125 0.0570313 0.0671875 0.000104213
0 0.721484 0.761328 0.0867188 0.114844 0.000106783
0 0.185156 0.844141 0.0828125 0.153906 0.000111887
0 0.400781 0.719531 0.151562 0.309375 0.000112315
0 0.745703 0.532031 0.0695312 0.1375 0.000112578
0 0.611719 0.816797 0.0875 0.105469 0.000113859
0 0.297656 0.547266 0.0828125 0.136719 0.000115564
0 0.662109 0.594141 0.0835937 0.133594 0.000118868
0 0.632422 0.801562 0.0929687 0.110937 0.0001198
0 0.714453 0.595703 0.0679687 0.124219 0.000120714
0 0.639063 0.639063 0.1 0.182812 0.000120716
0 0.665234 0.826563 0.332031 0.346875 0.000124471
0 0.314453 0.486719 0.0914062 0.126563 0.000126336
0 0.424609 0.598437 0.161719 0.307813 0.000126769
0 0.313281 0.446484 0.071875 0.121094 0.000126814
0 0.369531 0.39375 0.084375 0.104687 0.000127413
0 0.390625 0.562891 0.13125 0.178906 0.000130918
0 0.679297 0.608984 0.0632813 0.0945313 0.000133884
0 0.852344 0.787109 0.239063 0.346094 0.000134014
0 0.911328 0.7 0.177344 0.6 0.000136786
0 0.976172 0.482812 0.0460938 0.492188 0.00013804
0 0.24375 0.824219 0.298438 0.270312 0.000140025
0 0.306641 0.413672 0.100781 0.121094 0.000140288
0 0.250391 0.447656 0.0585938 0.120312 0.000144159
0 0.280859 0.415625 0.0585938 0.101562 0.000145332
0 0.733984 0.533594 0.0570313 0.09375 0.000149287
0 0.355469 0.385938 0.053125 0.0609375 0.000150666
0 0.266797 0.613672 0.0601562 0.0960938 0.000156777
0 0.3 0.486719 0.0609375 0.0765625 0.000160504
0 0.948828 0.379687 0.0992187 0.759375 0.000162784
0 0.241797 0.65625 0.111719 0.217187 0.000173334
0 0.697656 0.611328 0.0703125 0.127344 0.000177891
0 0.263672 0.485547 0.0664062 0.105469 0.000180997
0 0.691406 0.825391 0.248437 0.182031 0.000194893
0 0.333984 0.464453 0.152344 0.197656 0.00020629
0 0.342969 0.679297 0.123438 0.183594 0.000208554
0 0.651172 0.564844 0.167969 0.298438 0.000210408
0 0.263281 0.55 0.0859375 0.165625 0.000210902
0 0.689844 0.580859 0.071875 0.114844 0.000213047
0 0.784766 0.736719 0.132031 0.326562 0.000214842
0 0.358203 0.372656 0.0726563 0.0921875 0.000218461
0 0.407031 0.824219 0.084375 0.151562 0.000218839
0 0.380859 0.646484 0.135156 0.261719 0.00025414
0 0.658594 0.677734 0.104687 0.178906 0.000259622
0 0.755469 0.679688 0.103125 0.251563 0.000265585
0 0.721484 0.723047 0.0820312 0.0960938 0.000269261
0 0.621484 0.698047 0.121094 0.258594 0.000277071
0 0.975781 0.646875 0.0484375 0.51875 0.000283669
0 0.190625 0.790234 0.14375 0.246094 0.000292629
0 0.211719 0.833984 0.06875 0.0882813 0.000306889
0 0.694922 0.671484 0.283594 0.427344 0.000308788
0 0.732422 0.557813 0.0773437 0.13125 0.000336119
0 0.303125 0.678125 0.114063 0.1625 0.000347111
0 0.291797 0.433984 0.0585938 0.0867188 0.00039411
0 0.727734 0.616016 0.121094 0.278906 0.000398483
0 0.264844 0.614453 0.0828125 0.178906 0.00041159
0 0.344141 0.569922 0.183594 0.291406 0.00041354
0 0.686719 0.609766 0.1 0.180469 0.000414857
0 0.780078 0.837891 0.0914062 0.141406 0.000435311
0 0.603516 0.783594 0.111719 0.185937 0.00044312
0 0.391797 0.788672 0.114844 0.172656 0.000454653
0 0.225781 0.742578 0.128125 0.246094 0.000463
0 0.958594 0.641797 0.0796875 0.716406 0.000467818
0 0.279687 0.509766 0.084375 0.150781 0.00046987
0 0.296094 0.464453 0.078125 0.117969 0.000474623
0 0.282813 0.704687 0.1375 0.240625 0.000567383
0 0.338672 0.725391 0.166406 0.208594 0.000581074
0 0.65625 0.653906 0.145313 0.26875 0.000631261
0 0.7 0.702734 0.146875 0.196094 0.000635025
0 0.301953 0.759766 0.144531 0.194531 0.000797913
0 0.247266 0.653516 0.152344 0.347656 0.000806922
0 0.340625 0.794141 0.210938 0.211719 0.000967064
0 0.274219 0.464844 0.096875 0.151562 0.00123721
0 0.273047 0.533594 0.124219 0.245312 0.00134948
0 0.205078 0.817187 0.0992187 0.146875 0.00156002
0 0.723047 0.741797 0.128906 0.189844 0.00172402
0 0.645703 0.798047 0.171094 0.171094 0.0025233
0 0.310156 0.654297 0.228125 0.394531 0.00278971
0 0.232812 0.800781 0.164062 0.182812 0.00325812
0 0.7625 0.800391 0.13125 0.196094 0.00331083
0 0.662109 0.738281 0.191406 0.245312 0.00339791
0 0.275781 0.446094 0.0703125 0.1 0.00381923
0 0.723437 0.698438 0.157813 0.314063 0.0039849
0 0.707422 0.771094 0.207031 0.204688 0.0204372
0 0.288672 0.744141 0.228906 0.257031 0.0239819
