0 0.196484 0.0195312 0.236719 0.0375 0.000102036
0 0.294531 0.316406 0.135937 0.182812 0.000104643
0 0.571094 0.299609 0.178125 0.207031 0.000108206
0 0.113672 0.0339844 0.141406 0.0664062 0.000109714
0 0.657422 0.490234 0.0882813 0.103906 0.000111773
0 0.271094 0.200781 0.298438 0.2125 0.000112946
0 0.894531 0.443359 0.210938 0.599219 0.000114345
0 0.88125 0.276953 0.2375 0.552344 0.000118555
0 0.235938 0.425 0.1875 0.19375 0.000123438
0 0.778906 0.453906 0.389062 0.564062 0.000123918
0 0.196484 0.691406 0.374219 0.50625 0.000124671
0 0.923828 0.0566406 0.149219 0.108594 0.000125316
0 0.785156 0.711328 0.385938 0.533594 0.000128108
0 0.594922 0.613672 0.149219 0.224219 0.000130641
0 0.251172 0.588672 0.346094 0.369531 0.000131403
0 0.557422 0.449609 0.180469 0.186719 0.000139359
0 0.154297 0.529688 0.127344 0.14375 0.000140386
0 0.216406 0.174219 0.264062 0.326562 0.000145066
0 0.258984 0.530859 0.0867188 0.0914062 0.000145852
0 0.0296875 0.353125 0.05625 0.4375 0.000152303
0 0.976562 0.358984 0.046875 0.496094 0.000162251
0 0.629687 0.207422 0.364062 0.291406 0.000164574
0 0.939844 0.382031 0.11875 0.651563 0.000172604
0 0.116406 0.114063 0.151562 0.20625 0.000174034
0 0.375 0.0605469 0.473437 0.114844 0.000178533
0 0.267578 0.0390625 0.374219 0.075 0.000179403
0 0.707812 0.564844 0.260938 0.501562 0.000180849
0 0.635547 0.0328125 0.286719 0.065625 0.000187998
0 0.944141 0.619141 0.111719 0.716406 0.000192618
0 0.552344 0.978516 0.28125 0.0429688 0.00020507
0 0.670313 0.614453 0.135937 0.247656 0.000205922
0 0.113672 0.0207031 0.210156 0.0414063 0.00020821
0 0.196484 0.464844 0.147656 0.214062 0.000213116
0 0.059375 0.266016 0.115625 0.457031 0.000225302
0 0.694141 0.305078 0.425781 0.419531 0.000235498
0 0.163281 0.580859 0.232812 0.269531 0.000239918
0 0.261328 0.58125 0.214844 0.164062 0.000240041
0 0.242188 0.465234 0.135937 0.191406 0.000246934
0 0.567578 0.0902344 0.421094 0.180469 0.000254818
0 0.199219 0.341016 0.2 0.183594 0.000255271
0 0.539062 0.637891 0.25625 0.294531 0.000256072
0 0.967188 0.480469 0.0640625 0.6375 0.000265687
0 0.632031 0.367969 0.1375 0.245312 0.000281154
0 0.0808594 0.370703 0.144531 0.441406 0.000284633
0 0.780078 0.021875 0.271094 0.04375 0.000285088
0 0.415234 0.920313 0.491406 0.157813 0.00030322
0 0.889844 0.0941406 0.2125 0.182031 0.000311984
0 0.292188 0.551953 0.145313 0.144531 0.000313651
0 0.577734 0.553906 0.230469 0.203125 0.000330131
0 0.136328 0.447656 0.107031 0.2375 0.000338802
0 0.194922 0.282031 0.332031 0.276563 0.000354914
0 0.667188 0.91875 0.421875 0.151562 0.000369058
0 0.494922 0.691797 0.466406 0.424219 0.00037677
0 0.222656 0.530078 0.139062 0.111719 0.000376864
0 0.888672 0.0371094 0.217969 0.0726563 0.000377679
0 0.631641 0.65625 0.205469 0.203125 0.000388001
0 0.670703 0.470703 0.113281 0.213281 0.000420321
0 0.488281 0.957812 0.270312 0.084375 0.000436517
0 0.0425781 0.0617188 0.0835937 0.120312 0.000447687
0 0.174219 0.406641 0.145313 0.258594 0.000459256
0 0.541016 0.521875 0.221094 0.317187 0.000496585
0 0.555469 0.365625 0.164062 0.201562 0.000562919
0 0.0355469 0.143359 0.0710938 0.282031 0.000572962
0 0.0726563 0.0394531 0.145313 0.0757812 0.000579092
0 0.294531 0.479297 0.164062 0.250781 0.000581525
0 0.536328 0.25625 0.160156 0.179688 0.000587274
0 0.617188 0.492969 0.204688 0.195312 0.000644201
0 0.258203 0.513672 0.153906 0.160156 0.000683903
0 0.626172 0.331641 0.221094 0.342969 0.000691595
0 0.651172 0.0597656 0.399219 0.119531 0.000796936
0 0.654297 0.53125 0.135156 0.228125 0.000870863
0 0.129297 0.437891 0.149219 0.349219 0.000898167
0 0.783594 0.155859 0.415625 0.311719 0.00095591
0 0.595703 0.409766 0.224219 0.210156 0.00101689
0 0.290625 0.427344 0.196875 0.445312 0.00104771
0 0.142188 0.0429688 0.267188 0.0859375 0.00107567
0 0.248047 0.108203 0.438281 0.216406 0.00110904
0 0.608984 0.776953 0.361719 0.424219 0.00112115
0 0.540234 0.562109 0.341406 0.474219 0.00114487
0 0.562109 0.906641 0.278906 0.182031 0.00115086
0 0.635938 0.45 0.142188 0.223438 0.00117655
0 0.635156 0.574219 0.19375 0.204688 0.00118993
0 0.158984 0.513281 0.180469 0.214062 0.00137075
0 0.288672 0.258203 0.175781 0.196094 0.00152195
0 0.0847656 0.185937 0.169531 0.371875 0.00169558
0 0.594531 0.960156 0.38125 0.0796875 0.00182821
0 0.592969 0.878125 0.440625 0.24375 0.00183132
0 0.546094 0.355469 0.20625 0.371875 0.00240503
0 0.655859 0.678906 0.235156 0.348437 0.00245679
0 0.146484 0.295312 0.275781 0.49375 0.00264502
0 0.731641 0.0433594 0.392969 0.0867188 0.00265596
0 0.223047 0.548437 0.232031 0.160938 0.00282287
0 0.664453 0.480859 0.202344 0.410156 0.00288628
0 0.264844 0.316016 0.196875 0.272656 0.00312553
0 0.833594 0.059375 0.321875 0.115625 0.00397567
0 0.0863281 0.0714844 0.169531 0.139844 0.00412979
0 0.176953 0.075 0.341406 0.148438 0.00483762
0 0.742188 0.0878906 0.482812 0.174219 0.0103365
0 0.538672 0.934766 0.432031 0.130469 0.0118148
0 0.209375 0.505078 0.273438 0.280469 0.0142297
0 0.133984 0.123438 0.267969 0.245312 0.0175054
0 0.612109 0.612891 0.244531 0.341406 0.0437546
0 0.595703 0.433594 0.263281 0.523438 0.197612
0 0.219531 0.389453 0.285937 0.442969 0.429874
