0 0.815234 0.455078 0.283594 0.516406 0.000101513
0 0.748828 0.289062 0.197656 0.3375 0.000101763
0 0.576172 0.392188 0.242969 0.49375 0.000102438
0 0.245312 0.03125 0.173438 0.0625 0.000106695
0 0.0875 0.513672 0.142188 0.227344 0.000114863
0 0.746094 0.427344 0.14375 0.264062 0.000114898
0 0.25625 0.438281 0.175 0.365625 0.000117897
0 0.265234 0.563281 0.147656 0.16875 0.000123949
0 0.260547 0.526953 0.217969 0.242969 0.000125101
0 0.200781 0.0703125 0.248437 0.140625 0.000128057
0 0.174609 0.495313 0.224219 0.2125 0.000128721
0 0.177734 0.180859 0.139844 0.167969 0.000129849
0 0.0328125 0.447266 0.065625 0.274219 0.000130581
0 0.244531 0.133984 0.142188 0.225781 0.000130982
0 0.164844 0.119922 0.270312 0.227344 0.000150167
0 0.138281 0.205078 0.15 0.244531 0.000152222
0 0.0933594 0.608203 0.186719 0.174219 0.000161485
0 0.255078 0.434375 0.261719 0.507812 0.000169746
0 0.175781 0.551172 0.140625 0.144531 0.000170228
0 0.309766 0.106641 0.161719 0.213281 0.000170568
0 0.214453 0.53125 0.177344 0.189063 0.000185641
0 0.198047 0.218359 0.144531 0.167969 0.000200756
0 0.112891 0.552734 0.146094 0.150781 0.00020569
0 0.0351562 0.607813 0.0703125 0.160938 0.000213578
0 0.301172 0.0367187 0.192969 0.0734375 0.000229504
0 0.096875 0.223047 0.145313 0.211719 0.000241057
0 0.154687 0.319141 0.259375 0.185156 0.000242334
0 0.0582031 0.280469 0.113281 0.165625 0.000251386
0 0.0183594 0.589063 0.0367187 0.170312 0.000262219
0 0.817578 0.526953 0.155469 0.242969 0.000275157
0 0.0386719 0.357812 0.0757812 0.2625 0.00031509
0 0.630078 0.161719 0.257031 0.26875 0.000318591
0 0.702344 0.473047 0.260938 0.211719 0.000335764
0 0.146875 0.622266 0.29375 0.227344 0.000383059
0 0.192578 0.570312 0.267969 0.179688 0.0005063
0 0.25 0.26875 0.21875 0.420312 0.000519655
0 0.540234 0.141406 0.172656 0.220313 0.000519668
0 0.0945313 0.341797 0.164062 0.199219 0.000566023
0 0.616406 0.480469 0.260938 0.245312 0.000621799
0 0.669922 0.237891 0.296094 0.336719 0.000660919
0 0.046875 0.573047 0.090625 0.110156 0.000831331
0 0.284375 0.0664062 0.192188 0.132812 0.000835093
0 0.767969 0.507812 0.2375 0.296875 0.000907603
0 0.196094 0.197656 0.235938 0.196875 0.000983225
0 0.0375 0.527734 0.0734375 0.253906 0.00144869
0 0.0953125 0.280859 0.09375 0.0867188 0.00150687
0 0.24375 0.140625 0.245312 0.278125 0.00261214
0 0.174219 0.485547 0.31875 0.335156 0.00278805
0 0.0667969 0.432422 0.132031 0.405469 0.00283016
0 0.686719 0.472656 0.3375 0.328125 0.00315391
0 0.156641 0.238672 0.252344 0.192969 0.00367645
0 0.178516 0.320312 0.277344 0.4 0.00378899
0 0.0609375 0.562891 0.121875 0.180469 0.00386308
0 0.580859 0.212109 0.252344 0.386719 0.00637636
0 0.0945313 0.279297 0.132812 0.127344 0.00800837
0 0.115625 0.392578 0.229687 0.516406 0.0116318
0 0.133984 0.546875 0.263281 0.240625 0.0152564
0 0.108203 0.269531 0.196094 0.189063 0.0234085
0 0.736328 0.370313 0.272656 0.515625 0.0560405
0 0.18125 0.201562 0.3125 0.354688 0.0721342
0 0.182422 0.321875 0.353906 0.632812 0.299752
0 0.651172 0.311719 0.371094 0.5625 0.374142
