0 0.709375 0.520312 0.15 0.242188 0.000100831
0 0.983203 0.476562 0.0335938 0.3625 0.000113469
0 0.237109 0.472656 0.108594 0.1875 0.000123195
0 0.267969 0.490625 0.1625 0.239063 0.000123918
0 0.746875 0.6125 0.0890625 0.09375 0.000135578
0 0.376563 0.617969 0.10625 0.090625 0.000169999
0 0.729297 0.640625 0.144531 0.153125 0.000212739
0 0.253906 0.566406 0.148438 0.207813 0.000373758
0 0.347656 0.609766 0.145313 0.128906 0.000620225
0 0.742969 0.555078 0.145313 0.247656 0.000841548
0 0.299219 0.597266 0.19375 0.158594 0.00105889
0 0.754687 0.610547 0.134375 0.157031 0.00123531
