0 0.0335938 0.558594 0.0671875 0.69375 0.00010323
0 0.983203 0.278906 0.0320312 0.210938 0.000105017
0 0.976953 0.713672 0.0460938 0.317969 0.000106213
0 0.227734 0.0640625 0.300781 0.128125 0.000107983
0 0.983594 0.0199219 0.0328125 0.0398437 0.000112051
0 0.838672 0.602734 0.221094 0.353906 0.000113013
0 0.966797 0.300391 0.0632813 0.235156 0.000113084
0 0.211328 0.128516 0.328906 0.253906 0.000113961
0 0.35 0.445703 0.120312 0.233594 0.000114433
0 0.264062 0.537109 0.259375 0.578906 0.000116096
0 0.388281 0.712109 0.295312 0.263281 0.000121164
0 0.982031 0.428516 0.03125 0.103906 0.000126838
0 0.914844 0.24375 0.170312 0.4875 0.000128543
0 0.983594 0.155469 0.0328125 0.159375 0.000132847
0 0.929688 0.671875 0.140625 0.226562 0.000133352
0 0.442969 0.220313 0.2 0.192188 0.000148121
0 0.447656 0.56875 0.220313 0.192188 0.000149202
0 0.313672 0.203906 0.317969 0.40625 0.000156328
0 0.486719 0.491406 0.19375 0.209375 0.000156536
0 0.465234 0.282422 0.189844 0.196094 0.000161725
0 0.95 0.367578 0.1 0.188281 0.000163616
0 0.956641 0.0679687 0.0804688 0.135937 0.0001707
0 0.0652344 0.0769531 0.130469 0.153906 0.000180364
0 0.982031 0.343359 0.034375 0.177344 0.000181039
0 0.125391 0.0667969 0.250781 0.133594 0.000188893
0 0.911719 0.578906 0.167187 0.214062 0.000196075
0 0.487891 0.175391 0.128906 0.236719 0.000211514
0 0.354297 0.635547 0.128906 0.182031 0.000218755
0 0.944141 0.123047 0.105469 0.246094 0.000220711
0 0.423828 0.526953 0.139844 0.138281 0.000229084
0 0.976172 0.186719 0.0476562 0.325 0.000230255
0 0.978125 0.0394531 0.0421875 0.0789063 0.000237073
0 0.385938 0.548828 0.196875 0.197656 0.000240936
0 0.365625 0.491406 0.173438 0.192188 0.000243051
0 0.0988281 0.116016 0.197656 0.232031 0.000246026
0 0.301172 0.683984 0.152344 0.233594 0.00027269
0 0.973047 0.103125 0.0539063 0.20625 0.000277424
0 0.522266 0.0464844 0.189844 0.0929687 0.000279464
0 0.343359 0.709766 0.155469 0.166406 0.000281422
0 0.0265625 0.394141 0.0515625 0.511719 0.000286023
0 0.460938 0.0699219 0.167187 0.139844 0.000308681
0 0.0757812 0.204297 0.151562 0.408594 0.000319807
0 0.469531 0.527734 0.13125 0.142969 0.000339412
0 0.946875 0.529688 0.10625 0.214062 0.00033952
0 0.340234 0.397266 0.160156 0.394531 0.000342169
0 0.507812 0.0894531 0.132812 0.153906 0.000354765
0 0.550391 0.485156 0.185156 0.3 0.000355008
0 0.0289063 0.113672 0.0578125 0.227344 0.000366751
0 0.980469 0.428516 0.0375 0.178906 0.000371963
0 0.560547 0.0667969 0.221094 0.133594 0.000502055
0 0.50625 0.275781 0.239063 0.51875 0.000504632
0 0.428516 0.632812 0.363281 0.335938 0.000508967
0 0.0457031 0.149219 0.0898438 0.298438 0.000519876
0 0.981641 0.612109 0.0351562 0.217969 0.000584059
0 0.98125 0.529297 0.0359375 0.263281 0.00070687
0 0.942969 0.613672 0.114063 0.205469 0.000715371
0 0.948828 0.313281 0.102344 0.379687 0.000740897
0 0.874219 0.488281 0.25 0.598437 0.0007745
0 0.380859 0.64375 0.239844 0.232812 0.000825087
0 0.966016 0.448047 0.0679687 0.155469 0.000895882
0 0.0472656 0.370703 0.0945313 0.741406 0.000907705
0 0.373828 0.276953 0.199219 0.497656 0.000908869
0 0.326953 0.607422 0.299219 0.407031 0.000919915
0 0.425391 0.510938 0.219531 0.192188 0.000961887
0 0.510938 0.551562 0.20625 0.24375 0.000988607
0 0.0265625 0.228906 0.0515625 0.457812 0.0014541
0 0.507031 0.434766 0.310937 0.555469 0.00164281
0 0.967578 0.402344 0.0648438 0.335938 0.00185472
0 0.964453 0.355078 0.0695312 0.628906 0.00222471
0 0.963672 0.632031 0.0726563 0.317187 0.00308908
0 0.510156 0.101953 0.226562 0.203906 0.00313531
0 0.941406 0.448828 0.117188 0.321094 0.0031813
0 0.400781 0.387891 0.215625 0.422656 0.00498195
0 0.467969 0.517969 0.321875 0.335938 0.00617105
0 0.327344 0.620313 0.157813 0.298438 0.00718009
0 0.333203 0.676172 0.0992187 0.125781 0.00747413
0 0.445312 0.213281 0.232812 0.417188 0.00923419
0 0.935156 0.384375 0.129688 0.70625 0.00955663
0 0.897266 0.648828 0.205469 0.313281 0.00992692
0 0.345703 0.446875 0.233594 0.684375 0.0116101
0 0.960547 0.524219 0.0789063 0.36875 0.017487
0 0.3875 0.529297 0.278125 0.435156 0.0284785
0 0.924219 0.55 0.151562 0.415625 0.0892067
0 0.433203 0.351562 0.311719 0.684375 0.143297
