0 0.64375 0.14375 0.126563 0.11875 0.000105879
0 0.680859 0.147656 0.164844 0.148438 0.000106707
0 0.269531 0.166797 0.125 0.121094 0.000107619
0 0.376953 0.485547 0.0851562 0.105469 0.000116926
0 0.207031 0.366016 0.10625 0.213281 0.000120204
0 0.2375 0.488281 0.142188 0.167187 0.000129598
0 0.311328 0.232812 0.294531 0.398438 0.000131506
0 0.797266 0.321875 0.0789063 0.1875 0.000136966
0 0.432813 0.530078 0.329688 0.549219 0.000139726
0 0.241797 0.384766 0.0882813 0.103906 0.000144792
0 0.676172 0.625391 0.353906 0.508594 0.000145347
0 0.325 0.235938 0.135937 0.1625 0.000149624
0 0.241016 0.223828 0.0929687 0.113281 0.000152349
0 0.282422 0.217969 0.0804688 0.0875 0.000152674
0 0.368359 0.168359 0.0835937 0.0867188 0.00015729
0 0.792969 0.446875 0.0875 0.114063 0.00015919
0 0.826563 0.486328 0.15 0.374219 0.000173122
0 0.721484 0.227344 0.125781 0.160938 0.000176792
0 0.308594 0.135937 0.159375 0.117188 0.0001797
0 0.256641 0.162891 0.0632813 0.0554687 0.000202106
0 0.282813 0.464063 0.146875 0.160938 0.000202251
0 0.232812 0.280469 0.128125 0.232812 0.000205598
0 0.278125 0.347656 0.126563 0.25 0.000207638
0 0.280469 0.385156 0.0859375 0.1 0.000216995
0 0.368359 0.305078 0.110156 0.128906 0.000229569
0 0.193359 0.389062 0.155469 0.326562 0.000232293
0 0.534375 0.538672 0.470313 0.922656 0.000239118
0 0.741016 0.242969 0.0695312 0.090625 0.000266607
0 0.250781 0.187109 0.0828125 0.103906 0.000273902
0 0.383984 0.232031 0.128906 0.225 0.000275323
0 0.317969 0.367969 0.1625 0.196875 0.00027575
0 0.269922 0.552734 0.242969 0.178906 0.000284187
0 0.268359 0.158203 0.0867188 0.0851562 0.000286896
0 0.425 0.472656 0.203125 0.309375 0.000298292
0 0.360938 0.108203 0.1875 0.157031 0.000314009
0 0.38125 0.44375 0.08125 0.103125 0.000317085
0 0.683594 0.396875 0.226562 0.367188 0.000337062
0 0.278906 0.217187 0.114063 0.129688 0.00034325
0 0.376563 0.173828 0.114063 0.157031 0.000344636
0 0.383984 0.310937 0.177344 0.36875 0.00034982
0 0.194531 0.509766 0.13125 0.192969 0.000373497
0 0.776563 0.280859 0.065625 0.0945313 0.000412093
0 0.356641 0.270703 0.152344 0.227344 0.000417894
0 0.79375 0.386719 0.104687 0.235938 0.000439724
0 0.379297 0.501172 0.124219 0.147656 0.000452349
0 0.348828 0.482031 0.0882813 0.0984375 0.000456858
0 0.726172 0.426562 0.160156 0.148438 0.000504623
0 0.830469 0.638281 0.0859375 0.120312 0.000544768
0 0.753516 0.267188 0.0742188 0.0890625 0.000565433
0 0.800781 0.528906 0.117188 0.270312 0.000576632
0 0.322266 0.430078 0.147656 0.200781 0.000779355
0 0.4375 0.356641 0.279687 0.563281 0.000858076
0 0.769531 0.307031 0.0921875 0.154687 0.00091369
0 0.8125 0.602344 0.128125 0.189063 0.000942347
0 0.317578 0.1875 0.169531 0.184375 0.00102651
0 0.697266 0.575391 0.185156 0.192969 0.00112268
0 0.379687 0.405859 0.15625 0.283594 0.00114232
0 0.380859 0.448438 0.107031 0.159375 0.00137956
0 0.669922 0.526172 0.171094 0.222656 0.00141452
0 0.239844 0.385938 0.134375 0.18125 0.00148804
0 0.275781 0.320312 0.214062 0.384375 0.00184448
0 0.280469 0.40625 0.164062 0.182812 0.00208808
0 0.234766 0.485156 0.210156 0.246875 0.00233962
0 0.74375 0.363672 0.176563 0.280469 0.00238058
0 0.340234 0.363281 0.200781 0.375 0.00269843
0 0.350781 0.145313 0.134375 0.115625 0.00280357
0 0.773047 0.572266 0.192969 0.239844 0.00318988
0 0.764063 0.434375 0.090625 0.0984375 0.00336505
0 0.724219 0.485156 0.26875 0.407813 0.00340437
0 0.348828 0.470313 0.163281 0.16875 0.00763666
0 0.246094 0.4 0.189063 0.282813 0.0110772
0 0.76875 0.419922 0.128125 0.167969 0.0166412
0 0.730078 0.530469 0.213281 0.253125 0.0250504
0 0.765625 0.478516 0.160938 0.266406 0.0265498
0 0.295312 0.443359 0.25 0.244531 0.0349311
