0 0.697656 0.634375 0.090625 0.109375 0.000101328
0 0.248828 0.422656 0.0742188 0.107813 0.00010186
0 0.290625 0.384766 0.075 0.0929687 0.000103248
0 0.455859 0.387891 0.394531 0.571094 0.000103406
0 0.679688 0.339844 0.071875 0.0953125 0.000103854
0 0.255469 0.654297 0.090625 0.108594 0.000104684
0 0.3875 0.485938 0.198437 0.348437 0.000105399
0 0.728906 0.402344 0.0625 0.101562 0.000107121
0 0.277734 0.712109 0.153906 0.185156 0.000107291
0 0.719531 0.532812 0.08125 0.101562 0.000113062
0 0.593359 0.294531 0.210156 0.3125 0.000113593
0 0.719531 0.594922 0.0890625 0.108594 0.00011363
0 0.242188 0.395312 0.339063 0.673437 0.000124725
0 0.316797 0.471094 0.119531 0.25625 0.000126288
0 0.741406 0.635547 0.090625 0.111719 0.000129108
0 0.657031 0.317578 0.065625 0.0835937 0.000131747
0 0.6375 0.3 0.0890625 0.1375 0.000132271
0 0.660937 0.448828 0.153125 0.185156 0.000133859
0 0.699219 0.320312 0.084375 0.145313 0.000134957
0 0.734766 0.4875 0.267969 0.478125 0.000144062
0 0.312891 0.424609 0.0835937 0.0914062 0.00014727
0 0.308594 0.278906 0.0828125 0.1125 0.000147398
0 0.592969 0.258203 0.075 0.0695312 0.000148648
0 0.208984 0.619141 0.125781 0.253906 0.000149409
0 0.676562 0.615234 0.090625 0.110156 0.000154332
0 0.347266 0.320703 0.110156 0.153906 0.000158631
0 0.1875 0.695312 0.129688 0.182812 0.000162174
0 0.526172 0.6 0.427344 0.5875 0.000162296
0 0.739062 0.574219 0.08125 0.104687 0.000163187
0 0.380078 0.298828 0.0882813 0.160156 0.000164798
0 0.334375 0.754297 0.35625 0.392969 0.000174911
0 0.345313 0.35 0.160938 0.289062 0.000178429
0 0.614844 0.324609 0.0921875 0.139844 0.000180661
0 0.564844 0.384766 0.304688 0.489844 0.000181954
0 0.633594 0.236328 0.123438 0.110156 0.00018554
0 0.378516 0.678906 0.316406 0.254687 0.000193093
0 0.378906 0.2625 0.0734375 0.0921875 0.000194675
0 0.247266 0.471094 0.0945313 0.229687 0.000194715
0 0.657812 0.632812 0.0921875 0.107813 0.000194903
0 0.720312 0.492578 0.08125 0.0976562 0.000202802
0 0.750781 0.660937 0.295312 0.314063 0.000223734
0 0.428906 0.599219 0.367188 0.321875 0.000225876
0 0.617969 0.485938 0.184375 0.323438 0.000226994
0 0.683594 0.385156 0.10625 0.165625 0.000232018
0 0.616016 0.348047 0.139844 0.239844 0.000241677
0 0.658203 0.319531 0.0914062 0.134375 0.000258797
0 0.390625 0.483594 0.335938 0.440625 0.000261329
0 0.296094 0.441797 0.0921875 0.142969 0.000270254
0 0.7625 0.657812 0.0875 0.110937 0.0002772
0 0.295703 0.424219 0.0679687 0.0671875 0.000288326
0 0.663281 0.280469 0.0625 0.084375 0.000291824
0 0.346875 0.256641 0.08125 0.0898438 0.000294597
0 0.328125 0.259766 0.0984375 0.122656 0.000297126
0 0.221875 0.733594 0.179688 0.184375 0.000305187
0 0.576172 0.550781 0.313281 0.3375 0.000309906
0 0.360156 0.5375 0.126563 0.1625 0.000311257
0 0.682422 0.513672 0.166406 0.186719 0.000353089
0 0.610156 0.257422 0.117188 0.108594 0.000354976
0 0.360156 0.567969 0.0796875 0.0921875 0.000363963
0 0.697656 0.369531 0.08125 0.107813 0.000382827
0 0.734375 0.516797 0.101562 0.192969 0.000397108
0 0.283594 0.578125 0.153125 0.242188 0.000405552
0 0.655469 0.274609 0.103125 0.122656 0.00043088
0 0.676172 0.297656 0.0679687 0.103125 0.000436786
0 0.65625 0.652344 0.301562 0.3 0.000469111
0 0.280078 0.490625 0.130469 0.273438 0.000470385
0 0.625 0.529297 0.140625 0.208594 0.000476581
0 0.295703 0.653906 0.155469 0.184375 0.000511392
0 0.278906 0.419531 0.0734375 0.0921875 0.000553778
0 0.271875 0.367969 0.0890625 0.121875 0.000654762
0 0.680078 0.321484 0.107031 0.197656 0.00075309
0 0.637891 0.299219 0.153906 0.19375 0.000761947
0 0.713672 0.387109 0.0757812 0.0960938 0.000810054
0 0.221094 0.660156 0.090625 0.107813 0.00101291
0 0.338281 0.538281 0.192188 0.240625 0.00108352
0 0.315234 0.320703 0.144531 0.202344 0.00114347
0 0.722656 0.650391 0.148438 0.152344 0.00114605
0 0.358203 0.274219 0.114844 0.154687 0.00119896
0 0.717188 0.470703 0.117188 0.250781 0.00129441
0 0.341797 0.573438 0.144531 0.139062 0.00134899
0 0.337891 0.403125 0.210156 0.457812 0.00140569
0 0.291016 0.399219 0.119531 0.226562 0.00140654
0 0.710547 0.399609 0.0945313 0.160156 0.00145081
0 0.691797 0.4 0.144531 0.285937 0.00199266
0 0.660547 0.394922 0.210156 0.413281 0.00220568
0 0.652344 0.641406 0.190625 0.1875 0.00266304
0 0.248437 0.573047 0.175 0.324219 0.00286876
0 0.680078 0.562109 0.274219 0.339844 0.00331262
0 0.267188 0.423828 0.0984375 0.169531 0.00362403
0 0.332812 0.60625 0.225 0.210938 0.00362804
0 0.764063 0.645703 0.13125 0.213281 0.00369605
0 0.280469 0.722266 0.279687 0.242969 0.00371961
0 0.749219 0.573828 0.135937 0.274219 0.0060376
0 0.664062 0.575781 0.198437 0.228125 0.00615307
0 0.258984 0.391406 0.0726563 0.09375 0.00814286
0 0.224219 0.676172 0.145313 0.174219 0.00933764
0 0.290234 0.491406 0.202344 0.4125 0.0105296
0 0.70625 0.499219 0.16875 0.353125 0.0117401
0 0.709375 0.6125 0.203125 0.226562 0.0771367
0 0.280469 0.650391 0.245312 0.235156 0.138189
