0 0.7625 0.978125 0.157813 0.04375 0.000100755
0 0.0265625 0.607422 0.0484375 0.449219 0.000102802
0 0.741016 0.739062 0.155469 0.198437 0.000103582
0 0.182422 0.679688 0.125781 0.185937 0.00010649
0 0.746094 0.925 0.129688 0.146875 0.000107145
0 0.98125 0.55 0.0375 0.239063 0.000109909
0 0.303906 0.483984 0.217187 0.360156 0.000115343
0 0.821875 0.978516 0.171875 0.0429688 0.000116037
0 0.841016 0.885547 0.285156 0.228906 0.000117193
0 0.691406 0.341406 0.178125 0.170312 0.000119413
0 0.821094 0.472656 0.134375 0.190625 0.000119721
0 0.678516 0.740625 0.127344 0.20625 0.000120745
0 0.0449219 0.602734 0.0898438 0.736719 0.000123477
0 0.249609 0.571875 0.105469 0.189063 0.000125794
0 0.282031 0.801953 0.146875 0.227344 0.000127541
0 0.978906 0.683984 0.0421875 0.475781 0.000136633
0 0.873828 0.815234 0.196094 0.369531 0.000141432
0 0.146875 0.74375 0.128125 0.28125 0.000142131
0 0.286328 0.605859 0.222656 0.366406 0.00014746
0 0.861719 0.965625 0.123438 0.0671875 0.000152266
0 0.7625 0.659766 0.0859375 0.107031 0.000167104
0 0.630078 0.4 0.0898438 0.123438 0.000176259
0 0.780469 0.69375 0.128125 0.15625 0.000178089
0 0.700781 0.696094 0.153125 0.167187 0.000192482
0 0.359375 0.332422 0.16875 0.141406 0.000195226
0 0.954297 0.598828 0.0914062 0.358594 0.000197847
0 0.839844 0.542188 0.1625 0.334375 0.000204411
0 0.234766 0.533984 0.0867188 0.116406 0.000206199
0 0.799609 0.739453 0.122656 0.267969 0.000208933
0 0.702344 0.881641 0.145313 0.172656 0.000213898
0 0.763672 0.551562 0.117969 0.2 0.000219984
0 0.608594 0.790625 0.126563 0.203125 0.000223163
0 0.330469 0.805859 0.203125 0.266406 0.00022543
0 0.658594 0.60625 0.182812 0.371875 0.000228174
0 0.175391 0.845703 0.0867188 0.108594 0.00024624
0 0.723437 0.616406 0.125 0.2375 0.000272518
0 0.967578 0.522656 0.0648438 0.346875 0.000280269
0 0.339453 0.378125 0.189844 0.196875 0.000290309
0 0.857813 0.928516 0.1375 0.138281 0.000303713
0 0.608984 0.858594 0.124219 0.185937 0.00031748
0 0.81875 0.803906 0.123438 0.278125 0.000321416
0 0.320312 0.553906 0.304688 0.55 0.000328077
0 0.942578 0.681641 0.114844 0.636719 0.00034805
0 0.214844 0.678906 0.129688 0.246875 0.000365794
0 0.741797 0.675391 0.135156 0.150781 0.000386071
0 0.142188 0.823828 0.125 0.208594 0.000401281
0 0.255859 0.873438 0.350781 0.24375 0.00040426
0 0.233203 0.782031 0.147656 0.257812 0.000431274
0 0.16875 0.6125 0.239063 0.692187 0.000434595
0 0.760938 0.804297 0.142188 0.269531 0.000438575
0 0.378125 0.412891 0.185937 0.232031 0.000444901
0 0.667969 0.387109 0.146875 0.172656 0.000571136
0 0.742188 0.865234 0.140625 0.178906 0.000578762
0 0.219531 0.594922 0.123438 0.253906 0.000579817
0 0.763672 0.945312 0.219531 0.104687 0.000588266
0 0.794531 0.634766 0.107813 0.224219 0.000592595
0 0.654688 0.824219 0.1375 0.23125 0.000601324
0 0.790625 0.501172 0.135937 0.202344 0.000651688
0 0.723437 0.919531 0.265625 0.160938 0.00065713
0 0.838672 0.866797 0.130469 0.266406 0.000718474
0 0.8125 0.635156 0.16875 0.5125 0.000758954
0 0.734375 0.529688 0.190625 0.373437 0.000760032
0 0.130859 0.732422 0.194531 0.461719 0.000767429
0 0.701563 0.458984 0.204688 0.274219 0.00076821
0 0.699219 0.803906 0.16875 0.207813 0.000805963
0 0.294531 0.737891 0.275 0.383594 0.000814527
0 0.964453 0.599609 0.0710938 0.669531 0.000857497
0 0.810156 0.959766 0.1875 0.0773437 0.000920612
0 0.390234 0.361719 0.147656 0.175 0.000945164
0 0.155469 0.873828 0.1625 0.200781 0.000952613
0 0.762891 0.633594 0.124219 0.184375 0.000976734
0 0.258594 0.474219 0.16875 0.264062 0.000990929
0 0.661328 0.882422 0.197656 0.216406 0.000997926
0 0.666797 0.733984 0.185156 0.410156 0.00114664
0 0.732422 0.655859 0.189844 0.347656 0.00180523
0 0.230859 0.532031 0.117969 0.196875 0.00194975
0 0.785937 0.866797 0.146875 0.208594 0.00222583
0 0.194922 0.842578 0.196094 0.188281 0.00289561
0 0.194922 0.744141 0.141406 0.275781 0.00464545
0 0.805859 0.917578 0.188281 0.164844 0.00474062
0 0.76875 0.602734 0.146875 0.325781 0.00554426
0 0.702344 0.65 0.2625 0.645312 0.00605821
0 0.217578 0.595703 0.169531 0.508594 0.00622195
0 0.701953 0.818359 0.253906 0.310156 0.00859961
0 0.248047 0.80625 0.264844 0.29375 0.00903665
0 0.816016 0.800781 0.186719 0.385938 0.0111415
0 0.252344 0.638672 0.30625 0.589844 0.0157352
0 0.167187 0.801172 0.18125 0.310156 0.0202934
0 0.768359 0.719141 0.219531 0.513281 0.0410106
0 0.771875 0.867188 0.246875 0.264062 0.0630209
0 0.207813 0.729297 0.229687 0.402344 0.217052
