0 0.492969 0.223438 0.0921875 0.10625 0.000100213
0 0.0964844 0.136328 0.192969 0.272656 0.000100989
0 0.458984 0.0726563 0.400781 0.145313 0.00010306
0 0.505859 0.491406 0.113281 0.245312 0.000109955
0 0.629687 0.616406 0.0890625 0.115625 0.000111589
0 0.976172 0.644531 0.0476562 0.410937 0.000118691
0 0.05625 0.635547 0.1125 0.172656 0.000123171
0 0.594922 0.473047 0.0929687 0.192969 0.00012676
0 0.173047 0.260156 0.0789063 0.103125 0.000130461
0 0.595312 0.578516 0.0890625 0.108594 0.000134424
0 0.115625 0.279687 0.06875 0.0828125 0.000135537
0 0.463281 0.427734 0.071875 0.105469 0.000139541
0 0.112891 0.319531 0.0679687 0.0875 0.000141856
0 0.215234 0.258594 0.138281 0.170312 0.000142217
0 0.450391 0.387109 0.0976562 0.194531 0.000143064
0 0.0675781 0.0726563 0.132031 0.145313 0.000145105
0 0.0507812 0.485547 0.084375 0.111719 0.000145935
0 0.482812 0.266016 0.179688 0.328906 0.000146664
0 0.295312 0.428125 0.140625 0.203125 0.00014781
0 0.521875 0.399609 0.182812 0.338281 0.000150153
0 0.623047 0.065625 0.471094 0.13125 0.000155438
0 0.969922 0.519141 0.0570313 0.697656 0.000160062
0 0.5 0.630859 0.151562 0.167969 0.00016132
0 0.0347656 0.571875 0.0695312 0.189063 0.000168519
0 0.315625 0.321875 0.264062 0.379687 0.000178236
0 0.388281 0.133594 0.351562 0.267188 0.000181798
0 0.579297 0.351953 0.0695312 0.124219 0.000192308
0 0.629297 0.556641 0.103906 0.211719 0.000209515
0 0.0429688 0.405859 0.078125 0.222656 0.000213644
0 0.539453 0.128125 0.441406 0.25625 0.000215795
0 0.592188 0.408594 0.0890625 0.201562 0.000217764
0 0.0863281 0.444922 0.0867188 0.0992187 0.00023072
0 0.439453 0.476562 0.186719 0.301562 0.000230983
0 0.533984 0.613281 0.0882813 0.110937 0.000234998
0 0.269922 0.216016 0.275781 0.378906 0.000235124
0 0.528516 0.307813 0.374219 0.59375 0.00025642
0 0.276563 0.491797 0.135937 0.214844 0.000261361
0 0.611328 0.514844 0.103906 0.20625 0.000265732
0 0.345703 0.599609 0.282031 0.288281 0.000268283
0 0.486719 0.532031 0.323438 0.4125 0.000273277
0 0.532422 0.239453 0.107031 0.133594 0.00027792
0 0.567578 0.312109 0.0882813 0.158594 0.000281901
0 0.245703 0.215234 0.189844 0.224219 0.000285913
0 0.139062 0.659766 0.2625 0.288281 0.000287813
0 0.513672 0.235156 0.0882813 0.0765625 0.000305901
0 0.494531 0.565625 0.146875 0.232812 0.000310824
0 0.555078 0.647656 0.200781 0.173438 0.00032327
0 0.225 0.626562 0.25 0.25625 0.000324948
0 0.464453 0.428125 0.0898438 0.176563 0.000357022
0 0.225781 0.511719 0.145313 0.239063 0.000366337
0 0.123047 0.270703 0.102344 0.144531 0.000371609
0 0.116016 0.550391 0.0914062 0.0914062 0.000373959
0 0.187109 0.301562 0.128906 0.170312 0.000381264
0 0.111719 0.315234 0.109375 0.158594 0.000409857
0 0.196484 0.533594 0.133594 0.1625 0.000415236
0 0.213672 0.207031 0.117969 0.135937 0.000428901
0 0.137891 0.226562 0.0960938 0.10625 0.000429062
0 0.437109 0.397656 0.146094 0.271875 0.000443072
0 0.557813 0.259375 0.084375 0.121875 0.00045301
0 0.34375 0.475 0.254687 0.339063 0.000457905
0 0.580078 0.408984 0.136719 0.419531 0.000459161
0 0.574219 0.599609 0.090625 0.108594 0.000477547
0 0.154687 0.516797 0.132812 0.167969 0.000489154
0 0.130469 0.473437 0.182812 0.221875 0.000500628
0 0.15625 0.548437 0.090625 0.0984375 0.00050509
0 0.475 0.435156 0.129688 0.289062 0.000550866
0 0.446484 0.224609 0.328906 0.428906 0.00055525
0 0.396094 0.392969 0.21875 0.409375 0.000567761
0 0.0582031 0.529297 0.111719 0.205469 0.000577401
0 0.0871094 0.428516 0.116406 0.160156 0.000633082
0 0.0996094 0.359766 0.141406 0.244531 0.000643943
0 0.15625 0.587109 0.259375 0.196094 0.000719956
0 0.0535156 0.448438 0.0851562 0.109375 0.000760325
0 0.541016 0.239453 0.0804688 0.0882813 0.000762797
0 0.263281 0.410156 0.123438 0.26875 0.000926426
0 0.297266 0.400781 0.178906 0.367188 0.00097371
0 0.596484 0.613281 0.0914062 0.103125 0.00104401
0 0.152344 0.259766 0.104687 0.141406 0.00104787
0 0.136328 0.278125 0.157031 0.190625 0.00108251
0 0.538281 0.399609 0.240625 0.557031 0.00110224
0 0.575391 0.612891 0.269531 0.275781 0.00118244
0 0.184766 0.230859 0.149219 0.155469 0.00118861
0 0.535156 0.523438 0.195312 0.309375 0.00118893
0 0.452344 0.373828 0.25625 0.528906 0.00143658
0 0.192188 0.276953 0.179688 0.263281 0.00143773
0 0.635547 0.622266 0.139844 0.233594 0.0020436
0 0.0847656 0.579297 0.167969 0.197656 0.00218656
0 0.365625 0.366406 0.334375 0.5875 0.00229399
0 0.05625 0.467578 0.10625 0.182031 0.00270652
0 0.255078 0.521484 0.288281 0.413281 0.00281057
0 0.542578 0.609766 0.147656 0.150781 0.0033396
0 0.226953 0.401953 0.247656 0.492969 0.00378768
0 0.2625 0.577344 0.185937 0.253125 0.00384441
0 0.598437 0.530859 0.151562 0.296094 0.00439193
0 0.152734 0.550391 0.186719 0.144531 0.00518103
0 0.140625 0.409375 0.265625 0.457812 0.012075
0 0.0789063 0.477734 0.15 0.257031 0.0151288
0 0.264062 0.476172 0.165625 0.361719 0.0218222
0 0.202344 0.538672 0.260938 0.266406 0.0270684
0 0.595312 0.615625 0.173438 0.179688 0.0358398
0 0.116016 0.535156 0.224219 0.229687 0.0374138
