0 0.853906 0.576172 0.104687 0.199219 0.000101409
0 0.778906 0.473047 0.0765625 0.0898438 0.00010394
0 0.921484 0.100391 0.153906 0.200781 0.000104883
0 0.358594 0.385547 0.15 0.178906 0.000106451
0 0.317578 0.669531 0.210156 0.1875 0.000108837
0 0.723437 0.288281 0.0828125 0.109375 0.000110713
0 0.8625 0.642578 0.0890625 0.125781 0.000111423
0 0.258203 0.607422 0.302344 0.471094 0.000111556
0 0.783984 0.685547 0.210156 0.150781 0.000123156
0 0.280469 0.402344 0.090625 0.114063 0.000125373
0 0.632422 0.559375 0.149219 0.198437 0.00013356
0 0.975781 0.435937 0.0484375 0.459375 0.000135461
0 0.20625 0.440234 0.304688 0.602344 0.000138311
0 0.857813 0.773438 0.26875 0.453125 0.00014272
0 0.624609 0.479297 0.157031 0.300781 0.000145514
0 0.944922 0.4375 0.110156 0.604688 0.0001467
0 0.237109 0.309766 0.294531 0.405469 0.000149054
0 0.2875 0.348047 0.125 0.210156 0.000153112
0 0.74375 0.469141 0.13125 0.194531 0.000153511
0 0.226953 0.151953 0.419531 0.303906 0.00015493
0 0.804297 0.576172 0.0851562 0.113281 0.000155749
0 0.763672 0.648438 0.0867188 0.0921875 0.000158055
0 0.698828 0.577734 0.0820312 0.103906 0.000163728
0 0.230078 0.0667969 0.389844 0.133594 0.000163801
0 0.765625 0.665234 0.135937 0.105469 0.000165034
0 0.3625 0.248828 0.179688 0.207031 0.000168361
0 0.782422 0.599609 0.0867188 0.111719 0.0001838
0 0.287109 0.221484 0.324219 0.342969 0.000186637
0 0.280469 0.592578 0.140625 0.205469 0.000204159
0 0.741016 0.0214844 0.208594 0.0414063 0.000204921
0 0.922266 0.0324219 0.155469 0.0648438 0.000209115
0 0.682813 0.611328 0.0859375 0.108594 0.000210732
0 0.38125 0.639844 0.142188 0.16875 0.000212528
0 0.699609 0.632422 0.0851562 0.110156 0.000216892
0 0.265234 0.530469 0.121094 0.2625 0.000229608
0 0.826563 0.615625 0.298438 0.446875 0.000229812
0 0.0476562 0.360547 0.0953125 0.633594 0.000242488
0 0.340625 0.465625 0.14375 0.228125 0.000253989
0 0.8875 0.135156 0.225 0.270312 0.000262833
0 0.699609 0.421094 0.161719 0.190625 0.0002644
0 0.578516 0.107813 0.332031 0.215625 0.000274375
0 0.663672 0.632031 0.164844 0.176563 0.00028019
0 0.837109 0.596484 0.0773437 0.110156 0.000305715
0 0.717969 0.531641 0.129688 0.230469 0.000306715
0 0.784766 0.401953 0.210156 0.358594 0.000307352
0 0.6375 0.258594 0.129688 0.151562 0.000307981
0 0.0171875 0.594922 0.034375 0.303906 0.000319319
0 0.7375 0.599219 0.0875 0.107813 0.000320487
0 0.0246094 0.366016 0.0476562 0.427344 0.000322525
0 0.70625 0.379687 0.0890625 0.10625 0.000335122
0 0.367188 0.476562 0.217187 0.364062 0.000345467
0 0.807422 0.459766 0.291406 0.539844 0.000349814
0 0.778516 0.492188 0.108594 0.153125 0.000350167
0 0.610937 0.36875 0.1375 0.214062 0.000363072
0 0.682422 0.554688 0.127344 0.229687 0.000367653
0 0.678906 0.0382813 0.248437 0.0765625 0.000370918
0 0.0167969 0.446094 0.0304688 0.248437 0.000373949
0 0.376172 0.562109 0.171094 0.260156 0.000375893
0 0.0160156 0.528516 0.0273438 0.232031 0.000447805
0 0.839453 0.658984 0.147656 0.175781 0.000460099
0 0.0355469 0.517187 0.0695312 0.540625 0.000481145
0 0.339063 0.612109 0.171875 0.182031 0.000490816
0 0.832031 0.528516 0.14375 0.303906 0.000499944
0 0.269531 0.405078 0.117188 0.205469 0.000513718
0 0.716406 0.613281 0.0890625 0.104687 0.000544273
0 0.759766 0.620313 0.0851562 0.0859375 0.000575257
0 0.303906 0.510156 0.14375 0.28125 0.000579752
0 0.887891 0.0648438 0.224219 0.128125 0.000617752
0 0.610547 0.288281 0.186719 0.259375 0.000673335
0 0.838281 0.634375 0.0796875 0.1 0.000692005
0 0.835938 0.664453 0.109375 0.113281 0.000704684
0 0.806641 0.178125 0.375781 0.35625 0.000770278
0 0.629687 0.391797 0.209375 0.392969 0.000770913
0 0.802734 0.647266 0.0882813 0.0867188 0.000789467
0 0.782812 0.510156 0.129688 0.25625 0.000843885
0 0.751953 0.403125 0.144531 0.242188 0.000911246
0 0.770703 0.0390625 0.283594 0.0765625 0.000930425
0 0.0207031 0.478906 0.0398437 0.415625 0.00105558
0 0.321094 0.408594 0.15 0.2 0.00114853
0 0.782812 0.634766 0.0859375 0.0804688 0.00115892
0 0.653516 0.241797 0.203906 0.228906 0.00118149
0 0.748047 0.305859 0.132031 0.214844 0.00129114
0 0.336719 0.325781 0.204688 0.292188 0.00130828
0 0.685547 0.3625 0.144531 0.203125 0.00133042
0 0.745313 0.284375 0.209375 0.284375 0.00158396
0 0.732422 0.328125 0.0851562 0.11875 0.001669
0 0.741406 0.610547 0.3 0.263281 0.00194842
0 0.65 0.0765625 0.360938 0.153125 0.00201252
0 0.677734 0.534766 0.199219 0.317969 0.00219725
0 0.257422 0.480469 0.183594 0.45625 0.00221817
0 0.742188 0.63125 0.13125 0.114063 0.00226843
0 0.645703 0.183984 0.419531 0.364844 0.00273462
0 0.307031 0.579297 0.209375 0.286719 0.00306448
0 0.721484 0.358594 0.0851562 0.1125 0.00375774
0 0.803125 0.618359 0.120312 0.117969 0.004083
0 0.830469 0.607422 0.110937 0.158594 0.00425483
0 0.728125 0.647266 0.220313 0.169531 0.00427243
0 0.785937 0.0746094 0.365625 0.147656 0.00480149
0 0.803516 0.648438 0.155469 0.11875 0.00544013
0 0.292969 0.401953 0.173438 0.291406 0.00555984
0 0.701563 0.609766 0.153125 0.167969 0.00612974
0 0.737891 0.572656 0.191406 0.21875 0.00626161
0 0.805078 0.573828 0.141406 0.203906 0.00811672
0 0.71875 0.123047 0.426562 0.246094 0.00887846
0 0.687109 0.311328 0.310156 0.416406 0.0161338
0 0.721094 0.357812 0.114063 0.173438 0.018508
0 0.776563 0.621484 0.19375 0.155469 0.0262709
0 0.769141 0.525 0.214844 0.340625 0.0262842
0 0.678906 0.306641 0.207813 0.275781 0.0450218
0 0.719922 0.435547 0.258594 0.503906 0.155753
0 0.721484 0.349219 0.147656 0.267188 0.173755
0 0.319531 0.455078 0.229687 0.496094 0.483139
