0 0.706641 0.273438 0.128906 0.15 0.0001025
0 0.970312 0.644531 0.0578125 0.634375 0.000104406
0 0.240234 0.238281 0.117969 0.126563 0.000105947
0 0.354297 0.231641 0.160156 0.199219 0.0001101
0 0.355859 0.469531 0.233594 0.329688 0.000115777
0 0.450781 0.0597656 0.253125 0.117969 0.000116443
0 0.618359 0.358984 0.128906 0.158594 0.000124258
0 0.724219 0.349219 0.160938 0.257812 0.000125917
0 0.682813 0.536328 0.096875 0.149219 0.000131786
0 0.7875 0.603516 0.160938 0.275781 0.000132093
0 0.653906 0.312109 0.151562 0.196094 0.00013689
0 0.382422 0.0921875 0.185156 0.184375 0.000144459
0 0.16875 0.440625 0.101562 0.157813 0.000145444
0 0.646875 0.464063 0.221875 0.375 0.0001536
0 0.758203 0.356641 0.110156 0.186719 0.000155739
0 0.336719 0.578125 0.145313 0.178125 0.000166271
0 0.628125 0.969531 0.107813 0.0453125 0.000170793
0 0.225781 0.444531 0.207813 0.320312 0.000176096
0 0.715625 0.579687 0.270312 0.33125 0.000197011
0 0.340234 0.294922 0.152344 0.177344 0.000199726
0 0.172266 0.597656 0.149219 0.190625 0.000200097
0 0.189844 0.360156 0.109375 0.145313 0.000207299
0 0.277734 0.366797 0.196094 0.299219 0.000208602
0 0.270703 0.210938 0.107031 0.0890625 0.00021339
0 0.202344 0.317578 0.104687 0.125781 0.000222643
0 0.725781 0.246875 0.101562 0.103125 0.000238202
0 0.755859 0.501172 0.150781 0.292969 0.000245984
0 0.714844 0.721484 0.15 0.121094 0.000249137
0 0.189063 0.482031 0.15625 0.20625 0.000292136
0 0.739453 0.298438 0.114844 0.182812 0.000346041
0 0.274609 0.247266 0.135156 0.147656 0.00038562
0 0.198437 0.391406 0.134375 0.239063 0.000422753
0 0.665625 0.682422 0.210938 0.174219 0.000449801
0 0.232812 0.291406 0.140625 0.160938 0.00057052
0 0.750391 0.676172 0.163281 0.224219 0.00064056
0 0.685156 0.563672 0.159375 0.200781 0.000685088
0 0.732031 0.540625 0.154687 0.170312 0.000891608
0 0.221094 0.551172 0.2125 0.222656 0.000954921
0 0.285937 0.551562 0.185937 0.19375 0.00101925
0 0.723437 0.600781 0.167187 0.24375 0.00320338
