0 0.463281 0.770312 0.220313 0.38125 0.000100172
0 0.949609 0.894531 0.100781 0.210938 0.000100195
0 0.660937 0.687109 0.209375 0.336719 0.00010255
0 0.701953 0.739062 0.135156 0.24375 0.000102687
0 0.0574219 0.846875 0.114844 0.30625 0.000103115
0 0.841406 0.700391 0.0859375 0.113281 0.000107108
0 0.707812 0.277734 0.409375 0.502344 0.000109505
0 0.932031 0.0777344 0.135937 0.155469 0.000112458
0 0.046875 0.477734 0.09375 0.817969 0.000112468
0 0.028125 0.567969 0.0546875 0.709375 0.000114925
0 0.570312 0.459375 0.275 0.304688 0.000114929
0 0.702734 0.59375 0.124219 0.223438 0.000115414
0 0.742969 0.696875 0.182812 0.214062 0.000123182
0 0.634766 0.194531 0.375781 0.38125 0.000124161
0 0.374609 0.108594 0.552344 0.217187 0.000124382
0 0.224609 0.780078 0.116406 0.199219 0.000126033
0 0.821875 0.718359 0.0859375 0.110156 0.00012884
0 0.775 0.423828 0.0484375 0.0726563 0.000129524
0 0.348828 0.885547 0.250781 0.224219 0.000129917
0 0.430469 0.591797 0.164062 0.189844 0.000138376
0 0.107422 0.794922 0.214844 0.410156 0.000142327
0 0.730859 0.149609 0.427344 0.299219 0.000155227
0 0.538281 0.552344 0.301562 0.415625 0.000155768
0 0.35625 0.485156 0.245312 0.49375 0.000168761
0 0.539453 0.119141 0.436719 0.238281 0.000174894
0 0.531641 0.0632813 0.430469 0.121875 0.000177192
0 0.843359 0.0410156 0.313281 0.0820312 0.000181315
0 0.876172 0.699219 0.132031 0.235938 0.000195865
0 0.639453 0.399219 0.264844 0.328125 0.000196675
0 0.85625 0.928125 0.20625 0.14375 0.000206081
0 0.0226563 0.728906 0.04375 0.46875 0.000207176
0 0.244141 0.701563 0.136719 0.26875 0.000218828
0 0.731641 0.528906 0.186719 0.401563 0.000225192
0 0.0519531 0.702734 0.100781 0.594531 0.000252999
0 0.739062 0.615234 0.151562 0.202344 0.000271105
0 0.837891 0.114063 0.324219 0.228125 0.000291783
0 0.385156 0.699219 0.139062 0.239063 0.000311449
0 0.458203 0.602734 0.172656 0.321094 0.000311776
0 0.903125 0.854688 0.160938 0.290625 0.000331607
0 0.451172 0.851562 0.332031 0.296875 0.000351375
0 0.783203 0.658984 0.194531 0.217969 0.000358209
0 0.304297 0.682422 0.203906 0.208594 0.000388949
0 0.434766 0.480469 0.189844 0.304688 0.000392748
0 0.800781 0.574609 0.225 0.380469 0.000402277
0 0.870703 0.658594 0.210156 0.514063 0.000461231
0 0.653516 0.555078 0.271094 0.430469 0.000462179
0 0.630469 0.860547 0.373437 0.278906 0.000477635
0 0.254297 0.849609 0.280469 0.285156 0.000594875
0 0.532812 0.722656 0.370313 0.498437 0.000653054
0 0.798828 0.0671875 0.402344 0.132812 0.000657337
0 0.796484 0.903906 0.253906 0.192188 0.00075916
0 0.841797 0.757812 0.142969 0.265625 0.000800652
0 0.300391 0.739453 0.150781 0.197656 0.000862369
0 0.664844 0.715625 0.296875 0.485938 0.000999927
0 0.784375 0.736719 0.19375 0.210938 0.00104271
0 0.41875 0.564844 0.240625 0.485938 0.00139554
0 0.755469 0.569141 0.3375 0.682031 0.00176509
0 0.355859 0.741797 0.219531 0.216406 0.00198216
0 0.266797 0.651953 0.233594 0.417969 0.00233655
0 0.822266 0.698047 0.160156 0.199219 0.00304842
0 0.255078 0.764844 0.207031 0.25 0.00306887
0 0.750781 0.842969 0.270312 0.314063 0.00372317
0 0.345703 0.81875 0.310156 0.325 0.00482843
0 0.744922 0.654688 0.235156 0.389062 0.00604003
0 0.847656 0.832031 0.232812 0.335938 0.00646283
0 0.396875 0.706641 0.254687 0.364844 0.0067351
0 0.837109 0.697266 0.200781 0.339844 0.012196
0 0.344531 0.611328 0.31875 0.524219 0.0144924
0 0.789453 0.739453 0.280469 0.492969 0.1835
0 0.313672 0.727734 0.278906 0.313281 0.239854
