0 0.743359 0.282422 0.103906 0.135156 0.000102221
0 0.336328 0.56875 0.146094 0.29375 0.000103941
0 0.841016 0.473047 0.119531 0.235156 0.000104432
0 0.796094 0.2625 0.0875 0.10625 0.000110116
0 0.803516 0.0542969 0.292969 0.0976562 0.000120996
0 0.737891 0.234766 0.121094 0.152344 0.000121101
0 0.208203 0.479297 0.138281 0.271094 0.000121393
0 0.065625 0.0652344 0.13125 0.130469 0.000123714
0 0.236719 0.746484 0.290625 0.303906 0.000129647
0 0.744531 0.199609 0.389062 0.397656 0.000131098
0 0.317187 0.679688 0.14375 0.178125 0.000133088
0 0.64375 0.108594 0.509375 0.20625 0.000140311
0 0.9625 0.0558594 0.071875 0.108594 0.000141617
0 0.798047 0.569141 0.275781 0.521094 0.000148217
0 0.939062 0.249609 0.121875 0.466406 0.000155802
0 0.844922 0.253906 0.310156 0.507812 0.000160698
0 0.742969 0.349219 0.1375 0.2125 0.000163325
0 0.747266 0.228125 0.214844 0.232812 0.000165284
0 0.979297 0.0988281 0.0414063 0.197656 0.000168065
0 0.204297 0.563672 0.183594 0.428906 0.000173351
0 0.742969 0.75625 0.134375 0.190625 0.000174166
0 0.787891 0.273047 0.247656 0.355469 0.000177264
0 0.802734 0.480859 0.175781 0.360156 0.000182428
0 0.189453 0.709766 0.166406 0.246094 0.000183151
0 0.839453 0.680859 0.180469 0.183594 0.00020234
0 0.785156 0.659375 0.1375 0.223438 0.000207948
0 0.757812 0.562109 0.16875 0.413281 0.000232693
0 0.266016 0.658594 0.139844 0.215625 0.000242651
0 0.771094 0.285937 0.14375 0.182812 0.000269516
0 0.236328 0.417969 0.124219 0.217187 0.00028566
0 0.278125 0.564062 0.282813 0.475 0.000298098
0 0.764063 0.719922 0.084375 0.102344 0.00032816
0 0.729297 0.06875 0.485156 0.13125 0.000375275
0 0.819531 0.712891 0.26875 0.324219 0.000383075
0 0.772656 0.28125 0.1 0.114063 0.000390872
0 0.236719 0.745703 0.164062 0.189844 0.000441767
0 0.258984 0.484375 0.157031 0.309375 0.000583955
0 0.892578 0.179297 0.214844 0.352344 0.000589076
0 0.3125 0.642578 0.182812 0.280469 0.000635119
0 0.854297 0.0375 0.291406 0.075 0.00064292
0 0.744531 0.696484 0.175 0.238281 0.000897126
0 0.961719 0.140625 0.0765625 0.28125 0.00101374
0 0.932813 0.0710938 0.134375 0.142188 0.00107414
0 0.824219 0.642969 0.189063 0.329688 0.00118017
0 0.814453 0.128906 0.371094 0.251563 0.00118133
0 0.764453 0.719141 0.119531 0.144531 0.00126148
0 0.242578 0.642969 0.200781 0.314063 0.00194856
0 0.921484 0.124609 0.153906 0.249219 0.0021883
0 0.866797 0.0714844 0.266406 0.138281 0.00258573
0 0.79375 0.716406 0.185937 0.210938 0.00492884
0 0.279297 0.706641 0.194531 0.211719 0.00554788
