0 0.912891 0.138672 0.174219 0.277344 0.000100278
0 0.729688 0.203906 0.45 0.39375 0.00010096
0 0.0269531 0.480859 0.0492188 0.430469 0.000101341
0 0.549609 0.395312 0.260156 0.540625 0.000102023
0 0.0476562 0.895312 0.0953125 0.209375 0.000103175
0 0.784766 0.485547 0.105469 0.185156 0.000107919
0 0.0464844 0.715234 0.0929687 0.569531 0.000112916
0 0.299609 0.301562 0.377344 0.54375 0.000115003
0 0.242188 0.728125 0.0984375 0.185937 0.000115945
0 0.457031 0.139062 0.490625 0.271875 0.000115988
0 0.741016 0.614453 0.128906 0.199219 0.000119857
0 0.385156 0.226172 0.148438 0.183594 0.00012194
0 0.757812 0.63125 0.276563 0.43125 0.000129105
0 0.704297 0.469141 0.333594 0.649219 0.000129253
0 0.270312 0.377734 0.128125 0.269531 0.000130825
0 0.967188 0.436328 0.065625 0.725781 0.000130866
0 0.926172 0.0820312 0.147656 0.164062 0.000131152
0 0.148047 0.0648438 0.291406 0.128125 0.000132494
0 0.360938 0.191797 0.134375 0.155469 0.000139119
0 0.766797 0.738281 0.0867188 0.101562 0.000140387
0 0.275391 0.615234 0.0898438 0.102344 0.000142392
0 0.240234 0.105078 0.403906 0.207031 0.000148893
0 0.678125 0.0398437 0.282813 0.0796875 0.00015093
0 0.776953 0.615234 0.110156 0.224219 0.000154749
0 0.625391 0.612109 0.399219 0.561719 0.000169881
0 0.269141 0.469531 0.138281 0.329688 0.000174946
0 0.339453 0.658203 0.139844 0.164844 0.000175716
0 0.627734 0.104297 0.453906 0.200781 0.000178893
0 0.408984 0.727344 0.121094 0.11875 0.000178992
0 0.0472656 0.436328 0.0914062 0.758594 0.00018798
0 0.861328 0.188281 0.277344 0.376563 0.000194807
0 0.38125 0.616406 0.217187 0.260938 0.000205412
0 0.280859 0.0378906 0.261719 0.0757812 0.000209099
0 0.761719 0.393359 0.160938 0.411719 0.000213287
0 0.936328 0.368359 0.127344 0.736719 0.000224366
0 0.370313 0.0972656 0.426562 0.192969 0.000228387
0 0.762109 0.450391 0.132031 0.235156 0.000232407
0 0.491016 0.473437 0.255469 0.509375 0.000233626
0 0.661719 0.621875 0.228125 0.365625 0.000243753
0 0.722656 0.719922 0.115625 0.160156 0.000244003
0 0.413281 0.692187 0.196875 0.190625 0.000251233
0 0.711328 0.561328 0.155469 0.246094 0.000253497
0 0.392188 0.301172 0.271875 0.430469 0.000258251
0 0.552344 0.0644531 0.45625 0.124219 0.000271167
0 0.798437 0.100781 0.3875 0.195312 0.000272698
0 0.863672 0.0675781 0.272656 0.132031 0.000277001
0 0.792578 0.764453 0.111719 0.161719 0.000289371
0 0.526172 0.296484 0.439844 0.550781 0.000292603
0 0.701172 0.645312 0.163281 0.271875 0.000302071
0 0.028125 0.812891 0.05625 0.374219 0.000304541
0 0.249219 0.613281 0.09375 0.148438 0.000387574
0 0.30625 0.0636719 0.364062 0.124219 0.000407474
0 0.723437 0.0605469 0.401563 0.119531 0.000493842
0 0.44375 0.619141 0.31875 0.419531 0.000531736
0 0.792578 0.693359 0.125781 0.263281 0.000541808
0 0.733984 0.482031 0.167969 0.345313 0.000578465
0 0.301953 0.465234 0.211719 0.466406 0.000616536
0 0.261328 0.673047 0.127344 0.211719 0.00068909
0 0.441016 0.397266 0.408594 0.636719 0.000947487
0 0.761719 0.527734 0.139062 0.228906 0.000974064
0 0.271094 0.578516 0.132812 0.205469 0.0011569
0 0.767187 0.730078 0.139062 0.177344 0.00125084
0 0.364062 0.555859 0.2875 0.436719 0.0014557
0 0.343359 0.670703 0.224219 0.211719 0.00165102
0 0.762891 0.626953 0.153906 0.341406 0.00236534
0 0.527344 0.505859 0.401563 0.763281 0.00272754
0 0.294141 0.636328 0.180469 0.213281 0.00480431
