0 0.325781 0.469922 0.1125 0.166406 0.000102006
0 0.771875 0.0527344 0.3125 0.105469 0.000103343
0 0.170703 0.755469 0.294531 0.435937 0.000103975
0 0.759766 0.311328 0.317969 0.374219 0.000104096
0 0.364844 0.482031 0.11875 0.242188 0.000106776
0 0.265234 0.689844 0.150781 0.135937 0.000107681
0 0.761719 0.634766 0.0859375 0.108594 0.000108166
0 0.335938 0.635938 0.0890625 0.104687 0.000109424
0 0.760938 0.673437 0.0875 0.107813 0.000111717
0 0.194141 0.514453 0.0851562 0.0929687 0.000113932
0 0.361328 0.598437 0.135156 0.24375 0.000115223
0 0.722266 0.535547 0.0898438 0.0976562 0.000116302
0 0.210547 0.401563 0.0882813 0.109375 0.00011669
0 0.698047 0.751562 0.302344 0.264062 0.000123027
0 0.803906 0.395703 0.184375 0.332031 0.000124915
0 0.729688 0.342187 0.08125 0.117188 0.000134944
0 0.649219 0.257031 0.289062 0.275 0.000137479
0 0.767187 0.325391 0.0734375 0.108594 0.000141251
0 0.653906 0.339844 0.135937 0.192188 0.000144992
0 0.234766 0.526563 0.136719 0.225 0.000148209
0 0.779297 0.553906 0.0882813 0.114063 0.000148271
0 0.717969 0.0347656 0.220313 0.0648438 0.000150392
0 0.605469 0.246875 0.146875 0.151562 0.000155378
0 0.0976562 0.710547 0.157813 0.491406 0.000158368
0 0.174609 0.321094 0.153906 0.2625 0.000171053
0 0.338672 0.405859 0.150781 0.291406 0.000177964
0 0.271875 0.0359375 0.303125 0.071875 0.000182973
0 0.678516 0.514453 0.158594 0.182031 0.000183533
0 0.696484 0.658984 0.0882813 0.113281 0.000183542
0 0.769531 0.752344 0.220313 0.2125 0.000184806
0 0.307813 0.618359 0.0875 0.113281 0.000187036
0 0.279687 0.828125 0.339063 0.34375 0.000187605
0 0.131641 0.441406 0.213281 0.65 0.000192271
0 0.303906 0.7625 0.248437 0.304688 0.000195323
0 0.234766 0.252344 0.0898438 0.117188 0.000196778
0 0.212109 0.5125 0.102344 0.140625 0.000197288
0 0.613281 0.453906 0.14375 0.245312 0.000206057
0 0.183984 0.447656 0.110156 0.209375 0.000207749
0 0.933594 0.0570313 0.132812 0.114063 0.000209647
0 0.866797 0.0609375 0.266406 0.115625 0.000211803
0 0.128125 0.715234 0.134375 0.282031 0.000212939
0 0.729688 0.384766 0.114063 0.185156 0.000213452
0 0.612109 0.319922 0.0835937 0.0929687 0.00021414
0 0.761719 0.590234 0.0890625 0.102344 0.00022179
0 0.229687 0.05625 0.36875 0.1125 0.000222714
0 0.324609 0.683984 0.321094 0.378906 0.000227962
0 0.142969 0.618359 0.109375 0.213281 0.000240714
0 0.232031 0.383984 0.129688 0.152344 0.000241429
0 0.263672 0.59375 0.146094 0.189063 0.00024489
0 0.322266 0.301562 0.169531 0.192188 0.000246482
0 0.828906 0.726953 0.101562 0.147656 0.000263482
0 0.238281 0.278125 0.120312 0.176563 0.000263581
0 0.325781 0.570312 0.0828125 0.104687 0.000266528
0 0.628125 0.482812 0.192188 0.45625 0.000274423
0 0.716406 0.674609 0.0859375 0.108594 0.000296368
0 0.288281 0.264453 0.176563 0.207031 0.000311656
0 0.639453 0.575391 0.135156 0.216406 0.000321441
0 0.780469 0.353125 0.115625 0.201562 0.000327712
0 0.333984 0.708984 0.158594 0.174219 0.000381993
0 0.741406 0.56875 0.090625 0.103125 0.000502122
0 0.240234 0.632422 0.147656 0.152344 0.000519267
0 0.609375 0.348828 0.115625 0.144531 0.000555997
0 0.340234 0.549609 0.0835937 0.107031 0.000558088
0 0.705469 0.553125 0.134375 0.145313 0.000565509
0 0.194531 0.528516 0.11875 0.241406 0.000606151
0 0.725781 0.512891 0.140625 0.224219 0.000723938
0 0.6875 0.264453 0.182812 0.205469 0.000764768
0 0.616797 0.303906 0.122656 0.134375 0.000773527
0 0.811328 0.536719 0.283594 0.545313 0.000783568
0 0.739062 0.691016 0.204688 0.180469 0.000795545
0 0.138672 0.693359 0.0992187 0.172656 0.000865787
0 0.288281 0.636719 0.1375 0.148438 0.00090998
0 0.135937 0.607422 0.15 0.433594 0.00094028
0 0.687109 0.348047 0.222656 0.307031 0.000971605
0 0.794531 0.617578 0.132812 0.216406 0.000974674
0 0.200391 0.366406 0.0804688 0.115625 0.00101545
0 0.65625 0.702734 0.196875 0.208594 0.00112411
0 0.306641 0.657031 0.0882813 0.09375 0.00117165
0 0.758203 0.40625 0.107031 0.242188 0.00117848
0 0.741016 0.654297 0.138281 0.174219 0.00120964
0 0.776953 0.530078 0.117969 0.246094 0.00136368
0 0.260156 0.353906 0.214062 0.328125 0.00163146
0 0.630078 0.645312 0.180469 0.229687 0.00187443
0 0.226562 0.733203 0.295312 0.297656 0.0018761
0 0.194531 0.651953 0.15 0.194531 0.00196483
0 0.742969 0.310156 0.0859375 0.134375 0.00226885
0 0.178125 0.594141 0.13125 0.258594 0.00231698
0 0.660156 0.572656 0.196875 0.301562 0.00273851
0 0.695312 0.65625 0.135937 0.179688 0.00311298
0 0.795703 0.676562 0.164844 0.229687 0.0032539
0 0.644141 0.287891 0.174219 0.186719 0.00402004
0 0.199609 0.383984 0.103906 0.196094 0.0041874
0 0.719922 0.311719 0.152344 0.171875 0.00428043
0 0.750391 0.660156 0.302344 0.321875 0.00475059
0 0.302344 0.477344 0.2125 0.4875 0.00542694
0 0.744141 0.570703 0.142969 0.177344 0.0060401
0 0.339063 0.528906 0.125 0.21875 0.00621273
0 0.753906 0.349219 0.0859375 0.1625 0.00665642
0 0.685547 0.412891 0.261719 0.557031 0.00742426
0 0.309375 0.673047 0.15 0.141406 0.00783163
0 0.264844 0.567969 0.248437 0.325 0.00927898
0 0.791797 0.559375 0.155469 0.428125 0.00988889
0 0.761328 0.449609 0.141406 0.383594 0.0105569
0 0.157031 0.667578 0.146875 0.252344 0.0112447
0 0.216016 0.326953 0.121094 0.241406 0.0112869
0 0.261328 0.676953 0.246094 0.196094 0.0114579
0 0.197656 0.398828 0.121875 0.358594 0.0125641
0 0.314844 0.601953 0.15625 0.225781 0.0175634
0 0.691406 0.638281 0.214062 0.24375 0.0280411
0 0.172266 0.527734 0.158594 0.475781 0.0367721
0 0.216797 0.630859 0.253906 0.278906 0.0571538
0 0.757031 0.619141 0.192188 0.283594 0.0625542
0 0.728906 0.528906 0.2125 0.442187 0.0772682
0 0.233984 0.462109 0.246094 0.541406 0.149904
