0 0.676953 0.244531 0.328906 0.28125 0.000103715
0 0.947266 0.197266 0.105469 0.225781 0.000104343
0 0.198047 0.249609 0.242969 0.238281 0.000105955
0 0.302734 0.583594 0.186719 0.167187 0.000106391
0 0.241016 0.302344 0.0867188 0.1125 0.000108342
0 0.617969 0.298047 0.173438 0.207031 0.000110752
0 0.0652344 0.628516 0.130469 0.742969 0.000110988
0 0.284766 0.471094 0.0882813 0.107813 0.000117754
0 0.816016 0.548047 0.247656 0.477344 0.000120784
0 0.178906 0.510938 0.29375 0.440625 0.000120952
0 0.13125 0.362109 0.210938 0.389844 0.000125034
0 0.701563 0.590625 0.209375 0.190625 0.000128847
0 0.144141 0.428125 0.117969 0.264062 0.000131098
0 0.24375 0.508594 0.146875 0.153125 0.000139015
0 0.660156 0.530859 0.209375 0.202344 0.000143121
0 0.716016 0.368359 0.135156 0.228906 0.000175972
0 0.962109 0.0695312 0.0757812 0.139062 0.000178081
0 0.198828 0.0605469 0.391406 0.121094 0.000183804
0 0.280078 0.341016 0.0867188 0.103906 0.000184745
0 0.932813 0.221094 0.134375 0.364062 0.000186276
0 0.200781 0.545703 0.21875 0.182031 0.000189103
0 0.933594 0.0410156 0.132812 0.0820312 0.000198087
0 0.532031 0.0316406 0.225 0.0617188 0.000211031
0 0.259766 0.323438 0.0851562 0.107813 0.000223449
0 0.275391 0.202344 0.349219 0.292188 0.000234629
0 0.332422 0.438672 0.166406 0.288281 0.000236112
0 0.607031 0.238672 0.195312 0.177344 0.000240326
0 0.765625 0.66875 0.270312 0.453125 0.000267464
0 0.229687 0.570312 0.309375 0.275 0.000307506
0 0.180469 0.384766 0.129688 0.221094 0.000378096
0 0.814062 0.084375 0.3625 0.16875 0.000398866
0 0.303125 0.491406 0.084375 0.0984375 0.000401407
0 0.155078 0.504687 0.138281 0.178125 0.000402715
0 0.294922 0.340625 0.138281 0.146875 0.000436254
0 0.327344 0.516797 0.123438 0.139844 0.000450132
0 0.964844 0.144922 0.0703125 0.289844 0.000485542
0 0.675 0.342969 0.1625 0.189063 0.000486468
0 0.757422 0.470313 0.139844 0.253125 0.00050822
0 0.678125 0.40625 0.196875 0.2 0.000524237
0 0.239453 0.446484 0.144531 0.169531 0.000525979
0 0.613672 0.439453 0.203906 0.308594 0.000565234
0 0.304297 0.294922 0.275781 0.347656 0.00056606
0 0.222656 0.284375 0.139062 0.160938 0.000578067
0 0.326172 0.238672 0.194531 0.205469 0.000616366
0 0.899609 0.06875 0.197656 0.1375 0.000638815
0 0.744922 0.40625 0.211719 0.328125 0.000659549
0 0.739062 0.551953 0.18125 0.191406 0.000832871
0 0.273828 0.541797 0.200781 0.158594 0.000948348
0 0.930469 0.112109 0.1375 0.224219 0.00100332
0 0.718359 0.447266 0.146094 0.217969 0.00111685
0 0.804688 0.191016 0.390625 0.367969 0.00112826
0 0.281641 0.383203 0.142969 0.274219 0.00114186
0 0.218359 0.383984 0.152344 0.277344 0.00153061
0 0.700391 0.489844 0.210156 0.2125 0.00153115
0 0.198437 0.469141 0.1875 0.191406 0.00154951
0 0.189063 0.3125 0.196875 0.232812 0.00159354
0 0.876172 0.139453 0.247656 0.274219 0.00220103
0 0.258984 0.316406 0.167969 0.167187 0.00278499
0 0.300781 0.483203 0.14375 0.161719 0.00295622
0 0.707812 0.572266 0.33125 0.424219 0.00483193
0 0.648828 0.326562 0.261719 0.3125 0.00539361
0 0.178125 0.429297 0.182812 0.335156 0.00682703
0 0.261719 0.478516 0.228125 0.219531 0.00768339
0 0.738672 0.524219 0.219531 0.315625 0.014998
0 0.268359 0.276563 0.228906 0.223438 0.0159364
0 0.685938 0.428125 0.292188 0.484375 0.230285
0 0.2375 0.371875 0.260938 0.409375 0.355681
