0 0.419531 0.515234 0.248437 0.413281 0.000100325
0 0.744531 0.308984 0.309375 0.452344 0.000100594
0 0.583203 0.3875 0.182031 0.30625 0.000100667
0 0.720703 0.823047 0.235156 0.200781 0.00010131
0 0.0214844 0.572266 0.0429688 0.244531 0.000102441
0 0.078125 0.565234 0.146875 0.385156 0.000108184
0 0.968359 0.601953 0.0632813 0.574219 0.000109697
0 0.228516 0.303125 0.121094 0.18125 0.000113236
0 0.20625 0.557031 0.065625 0.10625 0.000114404
0 0.194922 0.0664062 0.380469 0.132812 0.00011583
0 0.677344 0.471094 0.13125 0.19375 0.00011586
0 0.228125 0.364062 0.0765625 0.115625 0.00011701
0 0.986719 0.468359 0.0265625 0.202344 0.000122099
0 0.320703 0.475391 0.0820312 0.108594 0.000123568
0 0.455078 0.0707031 0.405469 0.141406 0.000124733
0 0.784375 0.577344 0.0765625 0.117188 0.000126912
0 0.245312 0.596484 0.326562 0.402344 0.00013342
0 0.716797 0.386719 0.114844 0.196875 0.00013411
0 0.760156 0.324219 0.078125 0.1875 0.00013432
0 0.576563 0.463281 0.260938 0.539062 0.000136287
0 0.8125 0.616016 0.078125 0.150781 0.000139452
0 0.695703 0.200781 0.175781 0.176563 0.000141851
0 0.223047 0.534375 0.0851562 0.114063 0.000145753
0 0.620703 0.363672 0.132031 0.192969 0.000148327
0 0.199609 0.133594 0.383594 0.267188 0.000149397
0 0.344531 0.300781 0.084375 0.1 0.00015177
0 0.695312 0.553516 0.0875 0.108594 0.000153189
0 0.424609 0.473437 0.342969 0.709375 0.000153368
0 0.344531 0.2625 0.0859375 0.107813 0.000157735
0 0.433984 0.197656 0.377344 0.357812 0.000159548
0 0.776563 0.511328 0.071875 0.0976562 0.00016361
0 0.658984 0.812109 0.383594 0.357031 0.000163702
0 0.676562 0.529688 0.0859375 0.0921875 0.000172386
0 0.695312 0.428125 0.11875 0.15625 0.000173967
0 0.971094 0.891797 0.0546875 0.216406 0.000175235
0 0.71875 0.25625 0.0734375 0.09375 0.000176155
0 0.0179687 0.488281 0.0328125 0.245312 0.000181338
0 0.692578 0.342578 0.122656 0.242969 0.0001819
0 0.885938 0.883984 0.132812 0.178906 0.000181967
0 0.140234 0.615234 0.275781 0.769531 0.000182163
0 0.657422 0.592188 0.0898438 0.1125 0.000185663
0 0.239063 0.403516 0.084375 0.108594 0.000192177
0 0.274609 0.339844 0.0773437 0.1 0.000205309
0 0.982031 0.480078 0.0359375 0.311719 0.000209508
0 0.538281 0.128516 0.429688 0.252344 0.000209998
0 0.7375 0.279297 0.0953125 0.152344 0.00021258
0 0.0351562 0.726953 0.0703125 0.472656 0.000217955
0 0.757422 0.407031 0.0929687 0.203125 0.000224533
0 0.801172 0.630859 0.0664062 0.0960938 0.000241049
0 0.928516 0.633984 0.141406 0.650781 0.000244082
0 0.676172 0.572656 0.0898438 0.114063 0.000244669
0 0.917188 0.779297 0.159375 0.327344 0.00024906
0 0.285937 0.530859 0.0921875 0.103906 0.000257521
0 0.680469 0.237109 0.29375 0.321094 0.000259627
0 0.261719 0.2875 0.0765625 0.103125 0.000263367
0 0.219922 0.569141 0.102344 0.136719 0.000274914
0 0.803516 0.906641 0.271094 0.186719 0.000277687
0 0.584766 0.213281 0.252344 0.31875 0.000294598
0 0.178125 0.385547 0.192188 0.596094 0.000299436
0 0.251172 0.324609 0.305469 0.483594 0.000303327
0 0.263672 0.263672 0.119531 0.166406 0.000303643
0 0.717188 0.448047 0.129688 0.228906 0.000313163
0 0.30625 0.496875 0.0875 0.110937 0.000323381
0 0.275781 0.382031 0.1125 0.179688 0.0003249
0 0.360938 0.154687 0.28125 0.284375 0.000326671
0 0.3 0.341016 0.126563 0.178906 0.00033058
0 0.696875 0.608594 0.139062 0.151562 0.000349529
0 0.0511719 0.592188 0.0992187 0.267188 0.000351928
0 0.0335938 0.532422 0.0640625 0.255469 0.000359192
0 0.740625 0.514844 0.142188 0.19375 0.00036383
0 0.899609 0.926953 0.186719 0.146094 0.000368085
0 0.753516 0.361719 0.122656 0.31875 0.000372544
0 0.675 0.281641 0.120312 0.191406 0.000384748
0 0.390625 0.527734 0.154687 0.202344 0.000388292
0 0.028125 0.446875 0.0546875 0.478125 0.00039267
0 0.255859 0.362109 0.0820312 0.110156 0.000403005
0 0.370313 0.263672 0.125 0.213281 0.00041735
0 0.836719 0.626172 0.18125 0.460156 0.000437187
0 0.642969 0.171484 0.167187 0.192969 0.000448459
0 0.716016 0.238672 0.122656 0.152344 0.000461419
0 0.731641 0.877344 0.316406 0.245312 0.000513117
0 0.0660156 0.749219 0.132031 0.501562 0.000519767
0 0.309375 0.240625 0.304688 0.321875 0.00055098
0 0.696484 0.515234 0.133594 0.203906 0.000553095
0 0.65625 0.425781 0.128125 0.2375 0.000558747
0 0.599609 0.299609 0.172656 0.313281 0.000592915
0 0.730859 0.305078 0.139844 0.238281 0.00062561
0 0.880469 0.733984 0.217187 0.469531 0.000633731
0 0.321875 0.406641 0.123438 0.258594 0.000643353
0 0.642969 0.164453 0.103125 0.0992187 0.00065003
0 0.377734 0.435937 0.186719 0.435937 0.000672152
0 0.257422 0.321094 0.0757812 0.10625 0.000736153
0 0.776953 0.513672 0.0976562 0.232031 0.000817733
0 0.783203 0.613281 0.0976562 0.123438 0.000846008
0 0.255859 0.427734 0.110156 0.216406 0.000860427
0 0.351953 0.208594 0.158594 0.229687 0.00101298
0 0.279297 0.584766 0.224219 0.197656 0.00108609
0 0.652344 0.34375 0.129688 0.25625 0.00114657
0 0.213281 0.517187 0.104687 0.226562 0.0012553
0 0.660547 0.588672 0.130469 0.180469 0.00143719
0 0.725781 0.682031 0.2875 0.448438 0.00150782
0 0.342578 0.305078 0.153906 0.232031 0.00155524
0 0.345703 0.560547 0.177344 0.174219 0.00158413
0 0.626172 0.392969 0.183594 0.451562 0.00172952
0 0.242188 0.490625 0.13125 0.207813 0.00178364
0 0.778516 0.808984 0.291406 0.364844 0.00180159
0 0.792578 0.567578 0.100781 0.224219 0.00193927
0 0.242578 0.361719 0.103906 0.182812 0.00210155
0 0.244531 0.549609 0.1625 0.178906 0.0021128
0 0.649219 0.238672 0.1625 0.242969 0.0021456
0 0.886328 0.8625 0.211719 0.275 0.00236927
0 0.0378906 0.562109 0.0742188 0.482031 0.00237602
0 0.758203 0.488672 0.138281 0.341406 0.00270191
0 0.319141 0.531641 0.0867188 0.102344 0.00294267
0 0.301172 0.5125 0.297656 0.309375 0.00387218
0 0.219531 0.436328 0.121875 0.342969 0.00420372
0 0.315234 0.252344 0.169531 0.217187 0.0042683
0 0.660547 0.525781 0.163281 0.270312 0.00429497
0 0.266016 0.319531 0.132031 0.203125 0.00484608
0 0.757422 0.592969 0.167969 0.196875 0.00528012
0 0.711328 0.548437 0.285156 0.321875 0.00562367
0 0.340234 0.484375 0.158594 0.246875 0.00600356
0 0.679688 0.313672 0.192188 0.358594 0.00664291
0 0.242578 0.362109 0.124219 0.308594 0.00948052
0 0.319922 0.530859 0.124219 0.144531 0.00957571
0 0.0554687 0.561328 0.110937 0.807031 0.0105478
0 0.316406 0.383203 0.210938 0.432031 0.0136296
0 0.702344 0.441406 0.21875 0.457812 0.0292332
0 0.292578 0.523438 0.196094 0.189063 0.0349339
0 0.709766 0.5625 0.207031 0.220313 0.0392167
0 0.277734 0.447266 0.188281 0.327344 0.0608871
