0 0.180469 0.553125 0.126563 0.225 0.000102391
0 0.723437 0.293359 0.207813 0.175781 0.000124592
0 0.171094 0.392188 0.151562 0.189063 0.000126644
0 0.679297 0.63125 0.158594 0.18125 0.000132042
0 0.196094 0.484766 0.132812 0.208594 0.000138374
0 0.780078 0.674609 0.0898438 0.0679687 0.000138609
0 0.283984 0.432422 0.232031 0.233594 0.000139926
0 0.199219 0.375391 0.0828125 0.105469 0.000147002
0 0.184766 0.445312 0.0898438 0.117188 0.000159598
0 0.796875 0.655859 0.189063 0.161719 0.00016871
0 0.834766 0.489844 0.146094 0.276563 0.000169422
0 0.689062 0.541016 0.184375 0.286719 0.000177332
0 0.213281 0.671875 0.209375 0.184375 0.000178489
0 0.791797 0.341406 0.149219 0.228125 0.000196846
0 0.271094 0.328516 0.185937 0.225781 0.00022456
0 0.182812 0.603125 0.267188 0.429688 0.000256328
0 0.305859 0.634766 0.0835937 0.107031 0.000272194
0 0.216797 0.441016 0.0898438 0.113281 0.000353268
0 0.246094 0.412109 0.145313 0.163281 0.000390065
0 0.2875 0.519922 0.265625 0.396094 0.000420565
0 0.767578 0.567969 0.150781 0.215625 0.000426431
0 0.776563 0.673437 0.146875 0.101562 0.000434276
0 0.665625 0.674219 0.132812 0.13125 0.000449238
0 0.176563 0.634375 0.13125 0.195312 0.000457763
0 0.767187 0.490234 0.184375 0.224219 0.000610167
0 0.23125 0.40625 0.0921875 0.110937 0.00068065
0 0.218359 0.364062 0.144531 0.229687 0.000899551
0 0.733594 0.671484 0.207813 0.139844 0.000908069
0 0.251172 0.612891 0.283594 0.321094 0.00129984
0 0.783594 0.43125 0.164062 0.196875 0.00152058
0 0.8 0.532031 0.153125 0.242188 0.00154545
0 0.83125 0.594141 0.198437 0.280469 0.00172255
0 0.312109 0.641016 0.141406 0.163281 0.00205833
0 0.178906 0.615234 0.170312 0.305469 0.00240971
0 0.202344 0.410156 0.0921875 0.117188 0.00275
0 0.803516 0.419531 0.186719 0.320312 0.00278782
0 0.749609 0.448047 0.246094 0.396094 0.00283725
0 0.761328 0.600391 0.238281 0.267969 0.00331705
0 0.261328 0.634375 0.228906 0.196875 0.00572678
0 0.21875 0.466406 0.289062 0.373437 0.00738948
0 0.204688 0.515234 0.173438 0.391406 0.0612769
0 0.793359 0.526953 0.208594 0.361719 0.0801621
0 0.206641 0.425781 0.153906 0.201562 0.273351
