0 0.791406 0.321094 0.0703125 0.110937 0.000104547
0 0.794141 0.282813 0.102344 0.16875 0.000105499
0 0.359766 0.366016 0.0851562 0.0914062 0.000109754
0 0.759766 0.446875 0.128906 0.259375 0.000117398
0 0.943359 0.385156 0.113281 0.378125 0.000120516
0 0.389453 0.563281 0.214844 0.170312 0.000124943
0 0.764063 0.321484 0.0859375 0.110156 0.000128223
0 0.964844 0.146484 0.0703125 0.291406 0.000128571
0 0.666016 0.312891 0.149219 0.294531 0.000134444
0 0.467969 0.299219 0.128125 0.1875 0.00013473
0 0.489453 0.230469 0.152344 0.204688 0.000136043
0 0.932031 0.223438 0.135937 0.325 0.000143632
0 0.367188 0.362109 0.104687 0.149219 0.000147679
0 0.79375 0.470313 0.154687 0.404687 0.000155911
0 0.776563 0.579687 0.184375 0.259375 0.000166578
0 0.345313 0.521484 0.179688 0.232031 0.000184495
0 0.378516 0.280469 0.182031 0.275 0.000190443
0 0.3875 0.428125 0.170312 0.19375 0.000197305
0 0.559766 0.357812 0.296094 0.579687 0.000199159
0 0.942578 0.774219 0.114844 0.423438 0.000205182
0 0.793359 0.38125 0.105469 0.260938 0.000210431
0 0.800781 0.230469 0.325 0.396875 0.00021985
0 0.900781 0.620703 0.19375 0.758594 0.000224425
0 0.89375 0.148828 0.2125 0.294531 0.00028793
0 0.384766 0.367578 0.139844 0.235156 0.000343447
0 0.40625 0.3 0.151562 0.173438 0.000343815
0 0.726953 0.515234 0.200781 0.317969 0.000354461
0 0.971094 0.390625 0.0578125 0.470313 0.000356549
0 0.898828 0.348047 0.197656 0.530469 0.000373577
0 0.787109 0.276953 0.152344 0.227344 0.00037956
0 0.493359 0.320312 0.250781 0.4375 0.000390233
0 0.763281 0.503516 0.323438 0.619531 0.000445833
0 0.819922 0.376563 0.232031 0.489062 0.000464855
0 0.967969 0.644531 0.0625 0.710938 0.000502989
0 0.729297 0.2625 0.171094 0.242188 0.000614988
0 0.445703 0.254687 0.200781 0.275 0.000641066
0 0.665234 0.426953 0.247656 0.533594 0.000658584
0 0.419922 0.466797 0.219531 0.303906 0.000684067
0 0.944141 0.547656 0.111719 0.803125 0.00125819
0 0.776172 0.320703 0.0992187 0.177344 0.00126141
0 0.357031 0.43125 0.210938 0.39375 0.00141643
0 0.758594 0.346484 0.145313 0.272656 0.00865406
0 0.732422 0.387891 0.216406 0.500781 0.455289
0 0.409375 0.360547 0.270312 0.500781 0.510328
