0 0.857813 0.966016 0.284375 0.0679687 0.000102844
0 0.167969 0.602734 0.257812 0.541406 0.000103318
0 0.746094 0.469922 0.226562 0.205469 0.000106258
0 0.747266 0.241797 0.0460938 0.0789063 0.000107043
0 0.246484 0.359766 0.167969 0.216406 0.000107485
0 0.660156 0.202344 0.0890625 0.0953125 0.000108058
0 0.808594 0.895312 0.382812 0.179688 0.000117687
0 0.765234 0.575 0.213281 0.198437 0.000120745
0 0.280078 0.494141 0.149219 0.222656 0.000123867
0 0.346875 0.551953 0.145313 0.267969 0.000126234
0 0.392188 0.366016 0.1375 0.205469 0.000133503
0 0.278516 0.327344 0.132031 0.159375 0.000136013
0 0.760938 0.259375 0.046875 0.0921875 0.000142795
0 0.785547 0.323047 0.100781 0.178906 0.000144273
0 0.353125 0.870703 0.435937 0.200781 0.000158429
0 0.745703 0.258594 0.0867188 0.129688 0.000160948
0 0.802734 0.534766 0.199219 0.207031 0.000166645
0 0.719531 0.367969 0.140625 0.157813 0.000170479
0 0.804297 0.634766 0.267969 0.210156 0.000181129
0 0.709375 0.594531 0.228125 0.30625 0.000185338
0 0.367969 0.279297 0.121875 0.111719 0.00019337
0 0.670313 0.221484 0.135937 0.127344 0.000202114
0 0.885547 0.6375 0.210156 0.346875 0.000214801
0 0.867188 0.444141 0.195312 0.491406 0.000216926
0 0.243359 0.471094 0.125781 0.217187 0.000237249
0 0.743359 0.276172 0.146094 0.194531 0.000241019
0 0.804297 0.410156 0.128906 0.240625 0.000246695
0 0.303516 0.364062 0.0710938 0.0859375 0.000264482
0 0.234375 0.675 0.170312 0.246875 0.0002773
0 0.376172 0.524219 0.186719 0.39375 0.000280952
0 0.683984 0.375781 0.214844 0.25 0.000283044
0 0.675 0.289453 0.176563 0.233594 0.000293277
0 0.844531 0.936719 0.310937 0.126563 0.000327186
0 0.769141 0.28125 0.0820312 0.14375 0.000344062
0 0.759766 0.407031 0.185156 0.196875 0.000345612
0 0.838672 0.469531 0.130469 0.240625 0.000352353
0 0.285547 0.551562 0.197656 0.210938 0.000371195
0 0.360156 0.616797 0.15 0.183594 0.000400697
0 0.302344 0.616406 0.246875 0.210938 0.000437171
0 0.357031 0.307813 0.164062 0.167187 0.000474845
0 0.706641 0.473828 0.241406 0.422656 0.000481394
0 0.301172 0.362109 0.105469 0.121094 0.000675859
0 0.243359 0.552344 0.139844 0.285937 0.000677708
0 0.319531 0.335547 0.171875 0.197656 0.000706209
0 0.214453 0.484766 0.257031 0.497656 0.000712653
0 0.769922 0.324609 0.174219 0.277344 0.000824132
0 0.248047 0.446484 0.188281 0.332031 0.00111085
0 0.802734 0.46875 0.157031 0.185937 0.00111951
0 0.334375 0.409766 0.24375 0.397656 0.00162587
0 0.785156 0.635156 0.34375 0.359375 0.00217125
0 0.335938 0.598828 0.248437 0.338281 0.00232693
0 0.738672 0.362109 0.266406 0.377344 0.00453082
0 0.796484 0.409766 0.203906 0.385156 0.00741783
0 0.247266 0.592578 0.207031 0.394531 0.00766201
0 0.834375 0.552734 0.26875 0.413281 0.00832371
0 0.779688 0.470313 0.307813 0.545313 0.36058
0 0.294922 0.519141 0.269531 0.516406 0.476972
