0 0.775 0.533984 0.160938 0.213281 0.000106628
0 0.341016 0.339844 0.188281 0.323438 0.000112247
0 0.775 0.40625 0.13125 0.201562 0.000115478
0 0.368359 0.203516 0.0898438 0.0882813 0.000116392
0 0.164844 0.777734 0.0828125 0.139844 0.000134417
0 0.590234 0.226562 0.142969 0.157813 0.000144078
0 0.247266 0.283203 0.0773437 0.107031 0.000162475
0 0.236328 0.360547 0.116406 0.139844 0.000165382
0 0.292188 0.576563 0.220313 0.323438 0.000168264
0 0.208984 0.357812 0.0742188 0.123438 0.000178188
0 0.197656 0.0851562 0.0609375 0.0625 0.000188328
0 0.704297 0.491406 0.191406 0.210938 0.00018939
0 0.257422 0.618359 0.142969 0.232031 0.0001956
0 0.173047 0.694141 0.149219 0.271094 0.000196831
0 0.215234 0.0867188 0.0960938 0.08125 0.000205116
0 0.242969 0.0691406 0.0796875 0.0773437 0.000227636
0 0.200781 0.592969 0.123438 0.232812 0.000230085
0 0.718359 0.722266 0.194531 0.161719 0.000230542
0 0.282422 0.619531 0.130469 0.15 0.000230797
0 0.345703 0.253516 0.152344 0.174219 0.000283432
0 0.801562 0.548047 0.165625 0.347656 0.000294035
0 0.404687 0.197266 0.084375 0.0992187 0.000315365
0 0.198047 0.461719 0.122656 0.3625 0.000325757
0 0.271875 0.279297 0.126563 0.153906 0.000329005
0 0.685547 0.551172 0.280469 0.417969 0.000346938
0 0.258984 0.05 0.0585938 0.0796875 0.000395536
0 0.674219 0.690234 0.148438 0.167969 0.000429958
0 0.236328 0.695312 0.0882813 0.103125 0.00044069
0 0.741797 0.611719 0.147656 0.226562 0.000450705
0 0.791016 0.639063 0.205469 0.346875 0.000460618
0 0.322656 0.207813 0.135937 0.096875 0.000471432
0 0.763672 0.454297 0.172656 0.322656 0.000485786
0 0.217187 0.5125 0.126563 0.232812 0.000588952
0 0.246094 0.316406 0.096875 0.160938 0.000621704
0 0.6875 0.616406 0.16875 0.26875 0.000681145
0 0.229687 0.378516 0.126563 0.286719 0.000699776
0 0.242969 0.648828 0.265625 0.332031 0.00112487
0 0.725391 0.555859 0.149219 0.202344 0.00116008
0 0.301562 0.270312 0.204688 0.214062 0.00116644
0 0.262891 0.466797 0.224219 0.538281 0.00152005
0 0.731641 0.657422 0.216406 0.275781 0.00159094
0 0.291406 0.657031 0.196875 0.20625 0.00173114
0 0.184375 0.756641 0.078125 0.100781 0.00189899
0 0.194141 0.739062 0.111719 0.14375 0.00273998
0 0.374219 0.223438 0.142188 0.1375 0.00312855
0 0.221875 0.579687 0.167187 0.3625 0.00518175
0 0.231641 0.691016 0.188281 0.233594 0.0150238
0 0.741406 0.55625 0.204688 0.303125 0.0251273
