0 0.656641 0.383594 0.232031 0.33125 0.000104421
0 0.385156 0.680469 0.145313 0.232812 0.000104549
0 0.447656 0.596875 0.110937 0.2375 0.00010789
0 0.276953 0.280469 0.375781 0.426562 0.000109598
0 0.129297 0.36875 0.191406 0.323438 0.00010979
0 0.0988281 0.786719 0.197656 0.365625 0.000110071
0 0.651563 0.698047 0.332812 0.410156 0.000112975
0 0.801953 0.334375 0.132031 0.175 0.000113678
0 0.262109 0.794922 0.0742188 0.102344 0.000113714
0 0.535547 0.268359 0.244531 0.383594 0.000118767
0 0.760547 0.689453 0.136719 0.155469 0.000124599
0 0.843359 0.569531 0.0898438 0.1125 0.000126875
0 0.302734 0.617969 0.117969 0.229687 0.000133617
0 0.640625 0.483203 0.126563 0.203906 0.000136498
0 0.318359 0.835156 0.289844 0.220313 0.000137655
0 0.250391 0.799609 0.111719 0.166406 0.000138599
0 0.467578 0.203516 0.278906 0.347656 0.000140303
0 0.321484 0.528906 0.186719 0.485938 0.000142198
0 0.0527344 0.558984 0.103906 0.717969 0.000143055
0 0.644922 0.483984 0.182031 0.310156 0.000147833
0 0.251172 0.717578 0.319531 0.439844 0.000151839
0 0.48125 0.395312 0.340625 0.692187 0.00015448
0 0.975781 0.603125 0.0484375 0.432813 0.000155983
0 0.183984 0.289844 0.235156 0.284375 0.000172587
0 0.783594 0.323828 0.339063 0.416406 0.000172905
0 0.789453 0.509766 0.189844 0.207031 0.000178344
0 0.787109 0.401172 0.0835937 0.105469 0.00018272
0 0.256641 0.698047 0.124219 0.299219 0.000197873
0 0.242188 0.546875 0.276563 0.596875 0.000205623
0 0.0882813 0.639063 0.176563 0.717188 0.000236254
0 0.923828 0.560938 0.142969 0.498437 0.000239452
0 0.739062 0.617578 0.126563 0.189844 0.000264597
0 0.253906 0.761719 0.084375 0.16875 0.000271715
0 0.702344 0.611328 0.221875 0.314844 0.000276994
0 0.667578 0.534375 0.374219 0.603125 0.000299289
0 0.310156 0.809375 0.1875 0.15625 0.000299812
0 0.842188 0.65625 0.203125 0.198437 0.000305751
0 0.789062 0.729688 0.328125 0.242188 0.000308395
0 0.867578 0.447266 0.172656 0.422656 0.000323002
0 0.780078 0.638281 0.144531 0.189063 0.000352662
0 0.746094 0.399609 0.220313 0.308594 0.000403179
0 0.407422 0.758594 0.141406 0.135937 0.000411413
0 0.460156 0.691016 0.153125 0.305469 0.000423444
0 0.266406 0.639453 0.178125 0.449219 0.000425189
0 0.326953 0.471875 0.311719 0.745313 0.000429425
0 0.839453 0.45625 0.136719 0.292188 0.000501475
0 0.70625 0.683984 0.185937 0.232031 0.000504155
0 0.460547 0.766797 0.133594 0.153906 0.000506457
0 0.431641 0.615234 0.174219 0.366406 0.000682471
0 0.3625 0.737891 0.146875 0.166406 0.00074456
0 0.770703 0.364453 0.152344 0.171094 0.000756345
0 0.318359 0.682031 0.149219 0.265625 0.00076572
0 0.8875 0.610547 0.164062 0.333594 0.000892618
0 0.322266 0.755078 0.152344 0.160156 0.00095058
0 0.403516 0.540625 0.280469 0.639063 0.00123851
0 0.844531 0.529688 0.090625 0.115625 0.00125087
0 0.279297 0.758984 0.100781 0.138281 0.00156759
0 0.807422 0.570312 0.180469 0.210938 0.00196025
0 0.383594 0.789062 0.275 0.176563 0.00222118
0 0.748047 0.605078 0.332031 0.432031 0.00223247
0 0.421094 0.734766 0.195312 0.203906 0.002242
0 0.772656 0.673828 0.215625 0.197656 0.00259719
0 0.748438 0.449609 0.298438 0.480469 0.00311937
0 0.287891 0.732813 0.136719 0.2125 0.0041332
0 0.362109 0.619141 0.253906 0.407031 0.0050141
0 0.805859 0.380469 0.105469 0.157813 0.00676395
0 0.811719 0.631641 0.2625 0.308594 0.00921195
0 0.804688 0.41875 0.148438 0.26875 0.0115164
0 0.842188 0.530078 0.121875 0.192969 0.0157185
0 0.363281 0.726172 0.265625 0.250781 0.0553077
0 0.842969 0.559375 0.165625 0.309375 0.0553902
0 0.811719 0.521484 0.20625 0.450781 0.20631
