0 0.138281 0.95 0.248437 0.0953125 0.000100439
0 0.329297 0.690234 0.227344 0.313281 0.000101985
0 0.787109 0.486328 0.142969 0.407031 0.000102659
0 0.600781 0.631641 0.275 0.352344 0.000104054
0 0.469141 0.968359 0.152344 0.0585938 0.000105627
0 0.579297 0.426172 0.119531 0.202344 0.000108357
0 0.657031 0.490625 0.182812 0.204688 0.000112678
0 0.683594 0.244922 0.0796875 0.0976562 0.000115468
0 0.769922 0.753906 0.153906 0.11875 0.000118653
0 0.0324219 0.717969 0.0632813 0.248437 0.000122179
0 0.741016 0.469531 0.127344 0.24375 0.000123945
0 0.567969 0.1 0.05625 0.04375 0.000123993
0 0.64375 0.299219 0.298438 0.423438 0.000125778
0 0.578516 0.176563 0.0789063 0.121875 0.000128559
0 0.730078 0.759375 0.244531 0.198437 0.000129234
0 0.324219 0.473828 0.282813 0.378906 0.00013018
0 0.658594 0.555859 0.15 0.239844 0.000130444
0 0.427734 0.978125 0.239844 0.04375 0.00013105
0 0.233594 0.195703 0.1125 0.110156 0.00013257
0 0.6 0.631641 0.125 0.178906 0.000133154
0 0.460938 0.307031 0.21875 0.267188 0.000134055
0 0.362109 0.962109 0.332031 0.0710938 0.000136001
0 0.805078 0.75625 0.0757812 0.06875 0.000138432
0 0.560156 0.164453 0.121875 0.166406 0.00014905
0 0.719922 0.571094 0.0851562 0.104687 0.000155534
0 0.296875 0.552734 0.165625 0.203906 0.000161707
0 0.190625 0.215625 0.084375 0.101562 0.000165144
0 0.374219 0.304688 0.145313 0.257812 0.000165619
0 0.6125 0.264453 0.15 0.205469 0.000177389
0 0.715234 0.212109 0.110156 0.175781 0.0001824
0 0.255078 0.222656 0.167969 0.157813 0.000189586
0 0.248047 0.330469 0.275781 0.401563 0.000191838
0 0.801953 0.726172 0.0945313 0.132031 0.000200981
0 0.612891 0.426953 0.119531 0.167969 0.000201457
0 0.716797 0.655078 0.144531 0.200781 0.000202439
0 0.0292969 0.60625 0.0585938 0.404687 0.000203976
0 0.175391 0.473828 0.0882813 0.0945313 0.000204375
0 0.239453 0.696484 0.219531 0.214844 0.000209666
0 0.208594 0.276953 0.123438 0.116406 0.000211867
0 0.0902344 0.566016 0.164844 0.414844 0.000213872
0 0.594531 0.157031 0.08125 0.096875 0.000218875
0 0.194922 0.489844 0.0898438 0.104687 0.000231429
0 0.568359 0.117578 0.0664062 0.0804688 0.000243157
0 0.575391 0.377344 0.188281 0.289062 0.000255523
0 0.645312 0.188672 0.126563 0.147656 0.00026634
0 0.508203 0.233594 0.0664062 0.0625 0.000270678
0 0.577734 0.139453 0.0695312 0.105469 0.000274083
0 0.353906 0.3875 0.179688 0.310937 0.000275115
0 0.308984 0.622656 0.316406 0.46875 0.000276444
0 0.521484 0.2375 0.0929687 0.090625 0.000305858
0 0.601562 0.191016 0.1125 0.153906 0.000307917
0 0.653906 0.151562 0.09375 0.0828125 0.000309394
0 0.280078 0.470313 0.142969 0.19375 0.000319734
0 0.796484 0.683594 0.133594 0.220313 0.000320048
0 0.55 0.269141 0.1375 0.175781 0.000331922
0 0.612891 0.440625 0.157031 0.25625 0.000352406
0 0.260938 0.858203 0.351562 0.275781 0.000357853
0 0.738281 0.405859 0.1625 0.453906 0.000361358
0 0.163281 0.612109 0.221875 0.208594 0.000370425
0 0.605078 0.687109 0.161719 0.225781 0.000371629
0 0.619141 0.576172 0.136719 0.221094 0.000377654
0 0.461719 0.914844 0.515625 0.16875 0.00040381
0 0.557031 0.218359 0.135937 0.153906 0.000404343
0 0.0613281 0.648047 0.121094 0.488281 0.000453489
0 0.205859 0.240234 0.0960938 0.125781 0.000469313
0 0.167187 0.453125 0.167187 0.179688 0.000508161
0 0.175781 0.29375 0.075 0.08125 0.000508298
0 0.666406 0.299219 0.110937 0.15 0.000512353
0 0.719531 0.535156 0.160938 0.2 0.000520341
0 0.0363281 0.729688 0.0726563 0.528125 0.000534915
0 0.728516 0.260938 0.0929687 0.139062 0.000558578
0 0.7125 0.248437 0.0828125 0.096875 0.000559025
0 0.219141 0.453906 0.147656 0.176563 0.000594209
0 0.653906 0.405469 0.223438 0.44375 0.000598315
0 0.688281 0.712891 0.275 0.267969 0.000610322
0 0.220703 0.633984 0.210156 0.207031 0.000714087
0 0.182422 0.296094 0.119531 0.160938 0.000747437
0 0.319141 0.472266 0.192969 0.274219 0.000782146
0 0.190234 0.239453 0.0648438 0.0835937 0.000837814
0 0.655469 0.651953 0.142188 0.178906 0.000857177
0 0.620313 0.523438 0.189063 0.357812 0.000863435
0 0.256641 0.532422 0.138281 0.207031 0.000929626
0 0.258203 0.758594 0.255469 0.378125 0.000934097
0 0.664062 0.228516 0.15 0.189844 0.000961479
0 0.162891 0.492188 0.132031 0.123438 0.00105107
0 0.200781 0.405469 0.215625 0.30625 0.0011102
0 0.511719 0.978516 0.225 0.0414063 0.00112729
0 0.121484 0.649219 0.238281 0.434375 0.00119305
0 0.0800781 0.782422 0.160156 0.425781 0.0013235
0 0.207031 0.323828 0.18125 0.297656 0.00162508
0 0.546875 0.966797 0.282813 0.0664062 0.00172074
0 0.290234 0.602734 0.219531 0.314844 0.0017283
0 0.151172 0.761719 0.274219 0.448438 0.00192077
0 0.165625 0.531641 0.1875 0.197656 0.00252914
0 0.719531 0.595703 0.184375 0.199219 0.00265143
0 0.180078 0.263672 0.0882813 0.122656 0.00272448
0 0.754297 0.665234 0.200781 0.286719 0.00309957
0 0.657031 0.613281 0.195312 0.207813 0.00370034
0 0.216797 0.572656 0.188281 0.195312 0.00380308
0 0.475781 0.95625 0.34375 0.078125 0.00480569
0 0.752734 0.569141 0.186719 0.310156 0.00587653
0 0.699219 0.274219 0.104687 0.139062 0.00648326
0 0.2 0.494141 0.19375 0.166406 0.0100236
0 0.697656 0.490625 0.253125 0.442187 0.0110633
0 0.237891 0.486719 0.249219 0.24375 0.0242123
0 0.703516 0.619141 0.267969 0.289844 0.0512423
0 0.20625 0.678125 0.323438 0.460938 0.0691339
0 0.214062 0.557422 0.254687 0.289844 0.175014
