0 0.976953 0.730859 0.0460938 0.447656 0.000105324
0 0.723437 0.555859 0.0921875 0.141406 0.000111058
0 0.657422 0.614844 0.139844 0.21875 0.000112336
0 0.720703 0.778906 0.0820312 0.10625 0.000113479
0 0.696484 0.567187 0.278906 0.482812 0.000114307
0 0.751172 0.657812 0.277344 0.435937 0.000115898
0 0.399219 0.275391 0.1125 0.103906 0.000118672
0 0.625 0.644531 0.114063 0.189063 0.000121427
0 0.302344 0.362891 0.0828125 0.103906 0.00012359
0 0.722656 0.404687 0.0765625 0.121875 0.000124735
0 0.220703 0.447266 0.0820312 0.192969 0.000130312
0 0.364453 0.553906 0.133594 0.148438 0.000142005
0 0.331641 0.276953 0.121094 0.128906 0.000150139
0 0.783594 0.606641 0.104687 0.353906 0.000154991
0 0.678516 0.342578 0.141406 0.147656 0.000158
0 0.742188 0.763281 0.078125 0.107813 0.000164902
0 0.276563 0.743359 0.309375 0.275781 0.000166992
0 0.313281 0.4875 0.234375 0.415625 0.000167303
0 0.380078 0.25 0.130469 0.11875 0.000176558
0 0.264844 0.431641 0.132812 0.211719 0.000180495
0 0.742578 0.385547 0.0757812 0.113281 0.000196106
0 0.760156 0.654688 0.0984375 0.204688 0.000207806
0 0.700781 0.594141 0.1375 0.186719 0.000235892
0 0.760156 0.782812 0.084375 0.115625 0.000259407
0 0.282422 0.677344 0.136719 0.128125 0.000260518
0 0.258594 0.596875 0.160938 0.209375 0.000261611
0 0.630469 0.730078 0.140625 0.211719 0.000265196
0 0.341016 0.695312 0.191406 0.179688 0.000276918
0 0.348828 0.570312 0.189844 0.251563 0.000282338
0 0.748438 0.403125 0.104687 0.165625 0.000292118
0 0.671875 0.560938 0.185937 0.273438 0.00037241
0 0.219141 0.727734 0.199219 0.192969 0.000418906
0 0.723437 0.677734 0.114063 0.263281 0.000437845
0 0.285547 0.374609 0.125781 0.185156 0.000444618
0 0.709375 0.368359 0.157813 0.174219 0.000451524
0 0.317578 0.327734 0.139844 0.196094 0.000482927
0 0.201172 0.594531 0.113281 0.253125 0.000502108
0 0.638672 0.319531 0.0898438 0.0859375 0.000504135
0 0.761719 0.388672 0.0625 0.0960938 0.000517492
0 0.238281 0.657422 0.140625 0.157031 0.000532146
0 0.366797 0.286719 0.152344 0.170312 0.000567684
0 0.721484 0.797266 0.136719 0.161719 0.000587662
0 0.754297 0.478906 0.111719 0.310937 0.000589898
0 0.741406 0.594141 0.110937 0.211719 0.000626226
0 0.762109 0.816016 0.108594 0.160156 0.000636405
0 0.781641 0.730469 0.0976562 0.307813 0.000686926
0 0.707422 0.762109 0.280469 0.280469 0.00083616
0 0.229297 0.533203 0.136719 0.353906 0.000907134
0 0.191016 0.689453 0.128906 0.219531 0.000967605
0 0.655078 0.305859 0.122656 0.135156 0.00102392
0 0.725 0.573828 0.159375 0.305469 0.00124344
0 0.662109 0.694922 0.188281 0.297656 0.00124986
0 0.322266 0.638672 0.221094 0.247656 0.0018249
0 0.269531 0.579687 0.221875 0.332812 0.00200282
0 0.26875 0.683203 0.248437 0.197656 0.00224002
0 0.681641 0.773828 0.178906 0.186719 0.00383269
0 0.755469 0.659766 0.120312 0.361719 0.00458854
0 0.751172 0.772266 0.139844 0.224219 0.00681122
0 0.225 0.638672 0.175 0.263281 0.00753809
0 0.723047 0.719141 0.174219 0.302344 0.0140816
