0 0.239453 0.448828 0.127344 0.216406 0.000101475
0 0.713281 0.0515625 0.370313 0.103125 0.000101533
0 0.803516 0.0300781 0.269531 0.0585938 0.000102406
0 0.966797 0.096875 0.0664062 0.185937 0.000103637
0 0.2875 0.731641 0.373437 0.458594 0.000105131
0 0.893359 0.235547 0.213281 0.471094 0.000108017
0 0.780859 0.535156 0.0867188 0.104687 0.000111997
0 0.624219 0.530469 0.203125 0.195312 0.000112231
0 0.178125 0.0304688 0.251563 0.0609375 0.000115614
0 0.968359 0.04375 0.0632813 0.0875 0.000116951
0 0.53125 0.0480469 0.398438 0.0945313 0.000119211
0 0.536328 0.373437 0.316406 0.309375 0.000125226
0 0.941406 0.105469 0.117188 0.210938 0.000125613
0 0.105859 0.0617188 0.211719 0.11875 0.000127992
0 0.223438 0.511328 0.121875 0.189844 0.000131418
0 0.405469 0.323828 0.11875 0.202344 0.000133476
0 0.650781 0.380859 0.184375 0.228906 0.000134422
0 0.440234 0.227734 0.236719 0.288281 0.000135876
0 0.641406 0.308984 0.164062 0.224219 0.000138318
0 0.322266 0.547656 0.0914062 0.096875 0.000138935
0 0.867188 0.0542969 0.265625 0.0992187 0.000144436
0 0.633594 0.365625 0.11875 0.128125 0.000148175
0 0.34375 0.534375 0.090625 0.101562 0.000148304
0 0.440625 0.109766 0.351562 0.208594 0.000150441
0 0.801953 0.552734 0.0929687 0.110156 0.000153902
0 0.726562 0.4875 0.284375 0.332812 0.000158342
0 0.759766 0.583984 0.121094 0.139844 0.00017083
0 0.433594 0.448828 0.267188 0.352344 0.000172072
0 0.770703 0.409375 0.157031 0.24375 0.000183276
0 0.785156 0.575391 0.3 0.286719 0.000185966
0 0.71875 0.553516 0.0875 0.102344 0.000195333
0 0.698047 0.315234 0.169531 0.208594 0.00020438
0 0.740625 0.565625 0.0875 0.101562 0.000213051
0 0.297266 0.524609 0.294531 0.275781 0.000215537
0 0.275781 0.0925781 0.3875 0.185156 0.000228249
0 0.3125 0.574219 0.170312 0.142188 0.000231279
0 0.258984 0.0339844 0.247656 0.0632813 0.000232076
0 0.948828 0.0570313 0.102344 0.114063 0.000243264
0 0.362109 0.0546875 0.377344 0.109375 0.000247571
0 0.485938 0.391406 0.379687 0.528125 0.000256736
0 0.432422 0.353125 0.210156 0.28125 0.000273073
0 0.333203 0.309766 0.149219 0.189844 0.000280141
0 0.209766 0.562109 0.122656 0.183594 0.000312674
0 0.695312 0.3875 0.176563 0.170312 0.00031912
0 0.377344 0.484375 0.142188 0.220313 0.000325521
0 0.284766 0.549219 0.136719 0.121875 0.000326448
0 0.323438 0.392578 0.178125 0.274219 0.00032658
0 0.664844 0.567969 0.15625 0.1375 0.000349501
0 0.20625 0.0605469 0.35 0.121094 0.000369679
0 0.387109 0.239453 0.158594 0.216406 0.000372683
0 0.391016 0.545313 0.133594 0.15 0.000380334
0 0.765625 0.514063 0.132812 0.176563 0.000384923
0 0.665625 0.485156 0.176563 0.246875 0.000412599
0 0.761719 0.550781 0.084375 0.0953125 0.000590283
0 0.375781 0.374219 0.16875 0.225 0.000621089
0 0.733984 0.494531 0.202344 0.232812 0.000768405
0 0.828906 0.577734 0.134375 0.161719 0.000846906
0 0.803906 0.5 0.1375 0.217187 0.00100474
0 0.297656 0.510156 0.198437 0.2 0.0014831
0 0.696484 0.533203 0.177344 0.177344 0.00163771
0 0.255078 0.54375 0.175781 0.184375 0.00206703
0 0.339844 0.543359 0.164062 0.142969 0.00370583
0 0.730859 0.560156 0.163281 0.135937 0.00419013
0 0.786328 0.552344 0.177344 0.160938 0.00771272
