0 0.752734 0.712891 0.0773437 0.103906 0.000100355
0 0.0945313 0.688281 0.140625 0.260938 0.000106632
0 0.154297 0.633984 0.0914062 0.102344 0.00010761
0 0.589844 0.28125 0.132812 0.142188 0.000114312
0 0.332812 0.259766 0.167187 0.222656 0.000114332
0 0.699219 0.730859 0.248437 0.174219 0.00011447
0 0.217969 0.427344 0.0875 0.104687 0.000118702
0 0.636719 0.693359 0.145313 0.169531 0.000123482
0 0.148438 0.748828 0.264062 0.369531 0.000129966
0 0.131641 0.399609 0.194531 0.464844 0.00013331
0 0.262109 0.328125 0.0851562 0.10625 0.000133357
0 0.217187 0.364453 0.0890625 0.110156 0.000136337
0 0.581641 0.717188 0.200781 0.221875 0.000138814
0 0.198437 0.405859 0.0921875 0.116406 0.000141527
0 0.181641 0.325391 0.305469 0.464844 0.000149679
0 0.0957031 0.611719 0.0867188 0.142188 0.000152429
0 0.237891 0.632812 0.0882813 0.109375 0.000153267
0 0.197656 0.616016 0.0890625 0.100781 0.000154744
0 0.651563 0.427344 0.134375 0.19375 0.000157649
0 0.889844 0.0585938 0.220313 0.117188 0.000158538
0 0.707812 0.444531 0.179688 0.334375 0.000168058
0 0.238672 0.344141 0.0851562 0.102344 0.000172508
0 0.620703 0.634766 0.144531 0.230469 0.000191929
0 0.755078 0.732813 0.180469 0.223438 0.000196912
0 0.859375 0.0367187 0.265625 0.071875 0.000197405
0 0.195312 0.347656 0.090625 0.114063 0.000210174
0 0.130078 0.0789063 0.260156 0.157813 0.000221321
0 0.172266 0.330469 0.141406 0.209375 0.000225353
0 0.719141 0.659375 0.0929687 0.115625 0.000233168
0 0.159375 0.511719 0.132812 0.28125 0.000238885
0 0.658594 0.594922 0.145313 0.266406 0.000239715
0 0.304688 0.621094 0.170312 0.270312 0.000240358
0 0.180078 0.576172 0.147656 0.175781 0.000246255
0 0.2375 0.675 0.314063 0.317187 0.000253726
0 0.364844 0.389062 0.159375 0.264062 0.000255553
0 0.667188 0.366016 0.21875 0.286719 0.000293486
0 0.237891 0.529688 0.135156 0.251563 0.000297879
0 0.751953 0.7125 0.105469 0.15625 0.000304207
0 0.614062 0.530078 0.132812 0.250781 0.000333297
0 0.326172 0.34375 0.0914062 0.101562 0.000334738
0 0.21875 0.649609 0.146875 0.141406 0.000343975
0 0.317578 0.304297 0.296094 0.325781 0.000365778
0 0.175781 0.365234 0.084375 0.111719 0.00037186
0 0.114063 0.616797 0.084375 0.103906 0.000445362
0 0.242578 0.307422 0.191406 0.200781 0.000474919
0 0.306641 0.520312 0.228906 0.476562 0.000507885
0 0.738672 0.677734 0.0867188 0.116406 0.000532421
0 0.198828 0.488672 0.144531 0.292969 0.000536496
0 0.602344 0.326172 0.16875 0.210156 0.000558852
0 0.255469 0.632422 0.13125 0.167969 0.000559897
0 0.159375 0.65 0.15 0.134375 0.000577868
0 0.281641 0.343359 0.138281 0.144531 0.000617349
0 0.688281 0.723437 0.317187 0.285937 0.000652722
0 0.235156 0.597656 0.090625 0.103125 0.000652968
0 0.609375 0.428125 0.135937 0.20625 0.000663926
0 0.096875 0.053125 0.192188 0.10625 0.000684222
0 0.589844 0.558594 0.195312 0.448438 0.000723635
0 0.125 0.569531 0.135937 0.257812 0.000760703
0 0.1375 0.599219 0.13125 0.148438 0.000818548
0 0.161328 0.669141 0.232031 0.177344 0.000848858
0 0.165625 0.385547 0.120312 0.186719 0.000911341
0 0.237109 0.346094 0.139844 0.15 0.00103222
0 0.248828 0.665234 0.214844 0.227344 0.0012693
0 0.216406 0.418359 0.176563 0.183594 0.00134331
0 0.2 0.616016 0.146875 0.132031 0.00153541
0 0.732031 0.640625 0.117188 0.217187 0.00173171
0 0.121094 0.635938 0.123438 0.154687 0.00203201
0 0.681641 0.655469 0.147656 0.16875 0.00206807
0 0.626172 0.677734 0.239844 0.238281 0.00227485
0 0.201562 0.369141 0.142188 0.182031 0.00289076
0 0.608594 0.398828 0.19375 0.316406 0.00343529
0 0.234766 0.597266 0.144531 0.155469 0.00364263
0 0.721484 0.551172 0.182031 0.413281 0.00366174
0 0.334375 0.362109 0.153125 0.178906 0.00465051
0 0.172656 0.398047 0.16875 0.271094 0.00469902
0 0.305078 0.322656 0.196094 0.226562 0.00612636
0 0.222266 0.572656 0.207031 0.251563 0.00658019
0 0.165625 0.508203 0.215625 0.400781 0.00761645
0 0.295703 0.392188 0.225781 0.245312 0.0113957
0 0.726172 0.683594 0.166406 0.203125 0.0117786
0 0.233594 0.369922 0.226562 0.239844 0.0307109
0 0.189844 0.623828 0.234375 0.186719 0.0532708
0 0.684766 0.648047 0.219531 0.253906 0.112476
0 0.653906 0.522266 0.2625 0.489844 0.153824
0 0.227734 0.460938 0.288281 0.45 0.266883
