0 0.370313 0.148047 0.339063 0.288281 0.00010388
0 0.676953 0.258203 0.0757812 0.0882813 0.000104353
0 0.614453 0.25625 0.130469 0.170312 0.000104553
0 0.180859 0.298047 0.194531 0.374219 0.000110558
0 0.744922 0.596875 0.303906 0.34375 0.000113642
0 0.769531 0.512109 0.101562 0.260156 0.000116083
0 0.590625 0.548437 0.321875 0.484375 0.000118099
0 0.719922 0.594531 0.0914062 0.0953125 0.000120346
0 0.240234 0.341797 0.0914062 0.111719 0.000125815
0 0.971875 0.528125 0.05625 0.3375 0.00012662
0 0.183203 0.691406 0.0632813 0.13125 0.000128829
0 0.776563 0.602344 0.071875 0.123438 0.000129792
0 0.616797 0.230469 0.289844 0.309375 0.000138106
0 0.233984 0.652344 0.299219 0.310937 0.000143203
0 0.599219 0.376172 0.296875 0.516406 0.000144037
0 0.437109 0.230078 0.389844 0.460156 0.0001458
0 0.714844 0.347266 0.115625 0.200781 0.000147587
0 0.759766 0.642578 0.127344 0.138281 0.000151513
0 0.196094 0.574609 0.0703125 0.113281 0.000154003
0 0.302344 0.422266 0.19375 0.186719 0.000155359
0 0.369141 0.392188 0.189844 0.298438 0.000159627
0 0.770312 0.630859 0.0703125 0.0742188 0.000161644
0 0.235547 0.513281 0.132031 0.284375 0.000165503
0 0.260156 0.284766 0.0859375 0.100781 0.000182709
0 0.614453 0.621484 0.141406 0.153906 0.000188171
0 0.657422 0.258594 0.105469 0.120312 0.000197734
0 0.171875 0.475781 0.192188 0.545313 0.00020067
0 0.259375 0.323047 0.0921875 0.110156 0.000205294
0 0.697656 0.420312 0.0796875 0.101562 0.000207394
0 0.196875 0.616797 0.0734375 0.116406 0.000280909
0 0.538672 0.311719 0.121094 0.257812 0.000295681
0 0.318359 0.60625 0.185156 0.223438 0.000299835
0 0.701953 0.555859 0.144531 0.174219 0.000308331
0 0.610156 0.176953 0.121875 0.138281 0.000316625
0 0.240234 0.302734 0.0835937 0.105469 0.000323158
0 0.678125 0.271484 0.126563 0.189844 0.000323929
0 0.657812 0.536719 0.1875 0.20625 0.000355087
0 0.571484 0.176953 0.153906 0.177344 0.000372721
0 0.758203 0.577734 0.0804688 0.114844 0.00037613
0 0.235938 0.653516 0.164062 0.186719 0.000391173
0 0.196875 0.655859 0.075 0.111719 0.000417291
0 0.660937 0.367969 0.109375 0.173438 0.00043101
0 0.702734 0.636328 0.224219 0.164844 0.000441132
0 0.198047 0.558594 0.0867188 0.196875 0.000492975
0 0.324609 0.246094 0.297656 0.384375 0.000515936
0 0.341797 0.240625 0.147656 0.151562 0.000567741
0 0.653125 0.222656 0.139062 0.173438 0.00058302
0 0.636719 0.573828 0.134375 0.174219 0.000590743
0 0.365625 0.310156 0.15625 0.290625 0.000600601
0 0.657812 0.446484 0.135937 0.247656 0.000626585
0 0.247656 0.250391 0.196875 0.266406 0.000671788
0 0.568359 0.267969 0.158594 0.29375 0.00067781
0 0.716016 0.426562 0.114844 0.209375 0.000762885
0 0.282813 0.242969 0.175 0.170312 0.000791655
0 0.603125 0.459375 0.159375 0.270312 0.000819009
0 0.588281 0.357812 0.16875 0.260938 0.000886909
0 0.176172 0.569141 0.103906 0.302344 0.00111689
0 0.217187 0.346484 0.157813 0.253906 0.00126807
0 0.205469 0.483594 0.13125 0.40625 0.00129766
0 0.256641 0.572266 0.197656 0.285156 0.00139284
0 0.692969 0.386328 0.096875 0.149219 0.00139773
0 0.316016 0.364062 0.180469 0.198437 0.00149173
0 0.194531 0.663281 0.0984375 0.171875 0.00153322
0 0.603125 0.539844 0.14375 0.234375 0.0015453
0 0.322266 0.245703 0.200781 0.250781 0.00161094
0 0.264844 0.379297 0.1875 0.194531 0.00163893
0 0.678906 0.327734 0.167187 0.313281 0.00170942
0 0.312109 0.428125 0.244531 0.460938 0.001756
0 0.596094 0.214844 0.157813 0.18125 0.00201051
0 0.755078 0.6125 0.0882813 0.090625 0.00207323
0 0.621094 0.298438 0.204688 0.30625 0.00261499
0 0.677734 0.399219 0.0789063 0.103125 0.00268443
0 0.712109 0.404687 0.144531 0.3625 0.00306562
0 0.737891 0.491016 0.114844 0.272656 0.00310941
0 0.753906 0.563672 0.109375 0.186719 0.0033291
0 0.671875 0.591406 0.229687 0.1875 0.00470467
0 0.722266 0.601562 0.169531 0.145313 0.00614038
0 0.682813 0.398828 0.132812 0.266406 0.00624479
0 0.250391 0.303125 0.136719 0.232812 0.0101521
0 0.666016 0.463672 0.213281 0.374219 0.0111976
0 0.245703 0.451562 0.203906 0.521875 0.0134515
0 0.207813 0.609766 0.126563 0.244531 0.013731
0 0.704297 0.527734 0.192969 0.285156 0.0239437
0 0.2875 0.312891 0.21875 0.292969 0.328116
