0 0.672266 0.720312 0.288281 0.33125 0.00010287
0 0.233203 0.0664062 0.400781 0.132812 0.000103468
0 0.722656 0.0609375 0.403125 0.11875 0.000107198
0 0.474609 0.115625 0.328906 0.23125 0.000111667
0 0.801562 0.567578 0.145313 0.399219 0.000112318
0 0.754687 0.304688 0.103125 0.135937 0.000114888
0 0.733594 0.789453 0.234375 0.232031 0.000121698
0 0.829297 0.689453 0.142969 0.267969 0.00012571
0 0.342187 0.653125 0.117188 0.139062 0.000133382
0 0.675781 0.749609 0.16875 0.167969 0.000139552
0 0.779297 0.463281 0.130469 0.345313 0.0001401
0 0.923828 0.105469 0.142969 0.210938 0.000156389
0 0.819922 0.7625 0.149219 0.215625 0.000156819
0 0.358984 0.685547 0.105469 0.119531 0.000157195
0 0.765234 0.283594 0.0726563 0.101562 0.00015783
0 0.969531 0.0460938 0.059375 0.0921875 0.000160424
0 0.775391 0.369141 0.110156 0.205469 0.00016245
0 0.817187 0.0359375 0.3125 0.071875 0.000163484
0 0.372656 0.0746094 0.320312 0.149219 0.000173606
0 0.232422 0.677344 0.147656 0.178125 0.000176177
0 0.0320312 0.5625 0.0609375 0.651563 0.000180985
0 0.0652344 0.0703125 0.130469 0.140625 0.000189976
0 0.160156 0.746094 0.165625 0.260938 0.000190356
0 0.259375 0.731641 0.242188 0.211719 0.000193827
0 0.296484 0.125391 0.463281 0.250781 0.000194963
0 0.741797 0.569531 0.194531 0.4 0.000209504
0 0.307422 0.651953 0.180469 0.188281 0.000211935
0 0.226172 0.583984 0.274219 0.453906 0.000212691
0 0.401563 0.160938 0.376563 0.321875 0.000221297
0 0.179688 0.7 0.09375 0.114063 0.000223838
0 0.966016 0.0898438 0.0679687 0.173438 0.000269293
0 0.69375 0.6625 0.1875 0.265625 0.000339981
0 0.164844 0.635938 0.123438 0.254687 0.000365334
0 0.860937 0.0613281 0.278125 0.116406 0.000396159
0 0.943359 0.0667969 0.113281 0.133594 0.000501469
0 0.179297 0.700391 0.264844 0.330469 0.00066483
0 0.190234 0.572656 0.149219 0.3875 0.00102059
0 0.776563 0.6625 0.19375 0.296875 0.00106056
0 0.773438 0.745313 0.178125 0.2 0.0014863
0 0.231641 0.648438 0.214844 0.264062 0.00286195
0 0.723047 0.717969 0.203906 0.223438 0.00350612
0 0.192969 0.691016 0.178125 0.227344 0.0318496
