0 0.317187 0.319922 0.114063 0.128906 0.000101632
0 0.271094 0.283594 0.0484375 0.0796875 0.000103964
0 0.833594 0.645312 0.189063 0.334375 0.000104775
0 0.376172 0.403125 0.167969 0.359375 0.00010736
0 0.408984 0.546875 0.305469 0.423438 0.000110954
0 0.294531 0.363281 0.1 0.132812 0.000111153
0 0.346875 0.630469 0.0921875 0.09375 0.0001185
0 0.683203 0.364844 0.135156 0.171875 0.000118693
0 0.761719 0.392969 0.084375 0.117188 0.000123022
0 0.395312 0.552344 0.120312 0.204688 0.000123926
0 0.825 0.527344 0.176563 0.396875 0.000123956
0 0.807813 0.721094 0.203125 0.309375 0.000124806
0 0.761328 0.552344 0.0914062 0.107813 0.000125281
0 0.377734 0.2625 0.121094 0.15 0.000127187
0 0.697266 0.338672 0.0726563 0.0757812 0.000127191
0 0.375781 0.674609 0.189063 0.191406 0.000127761
0 0.360547 0.240234 0.0539063 0.0664062 0.000128264
0 0.266016 0.348437 0.0804688 0.157813 0.000131362
0 0.170703 0.569141 0.171094 0.311719 0.000134243
0 0.280859 0.343359 0.0695312 0.0929687 0.000137729
0 0.720703 0.448047 0.0914062 0.0945313 0.000141639
0 0.217969 0.578125 0.0859375 0.109375 0.000143031
0 0.717578 0.630469 0.153906 0.16875 0.000144872
0 0.792969 0.463672 0.0703125 0.102344 0.000149547
0 0.396094 0.196875 0.05625 0.078125 0.000151507
0 0.236328 0.701953 0.311719 0.239844 0.000153684
0 0.281641 0.647656 0.152344 0.13125 0.000155661
0 0.329297 0.571484 0.0914062 0.107031 0.000158061
0 0.695703 0.286719 0.147656 0.173438 0.000160722
0 0.360547 0.241016 0.0882813 0.0835937 0.000163172
0 0.249609 0.40625 0.0648438 0.1 0.000167774
0 0.759766 0.489453 0.0882813 0.102344 0.000181183
0 0.819922 0.623047 0.285156 0.478906 0.000183053
0 0.174609 0.671875 0.167969 0.189063 0.000183289
0 0.741797 0.463672 0.0882813 0.0945313 0.000189525
0 0.283984 0.298047 0.0679687 0.0914062 0.000196054
0 0.378906 0.570703 0.0921875 0.108594 0.000197527
0 0.798047 0.653516 0.141406 0.169531 0.0002058
0 0.274609 0.366797 0.0695312 0.0773437 0.000215544
0 0.625 0.572266 0.16875 0.292969 0.000228734
0 0.221484 0.538281 0.111719 0.209375 0.000229838
0 0.3375 0.221875 0.090625 0.103125 0.000241051
0 0.414453 0.562109 0.228906 0.272656 0.000252115
0 0.702344 0.714063 0.323438 0.325 0.000254462
0 0.248047 0.427344 0.0835937 0.165625 0.00027641
0 0.187891 0.596875 0.119531 0.221875 0.00027758
0 0.401563 0.21875 0.0921875 0.110937 0.000280314
0 0.696875 0.325391 0.1125 0.132031 0.000289736
0 0.746094 0.413672 0.0890625 0.102344 0.000326246
0 0.339063 0.239844 0.0578125 0.0640625 0.000326722
0 0.347266 0.592188 0.0867188 0.107813 0.000331637
0 0.680469 0.448438 0.173438 0.154687 0.000332903
0 0.79375 0.535156 0.123438 0.209375 0.00033932
0 0.719141 0.342969 0.124219 0.203125 0.000368085
0 0.677344 0.613281 0.151562 0.196875 0.000375189
0 0.308203 0.354688 0.171094 0.246875 0.000381808
0 0.277344 0.492188 0.139062 0.267188 0.000393252
0 0.340234 0.258203 0.121094 0.111719 0.000398092
0 0.344531 0.516797 0.15625 0.205469 0.000449959
0 0.217578 0.613672 0.0914062 0.105469 0.00049151
0 0.260547 0.385938 0.0695312 0.0859375 0.000517105
0 0.791016 0.466797 0.105469 0.177344 0.000556475
0 0.287891 0.305078 0.0914062 0.155469 0.000585807
0 0.182812 0.654297 0.109375 0.136719 0.000588673
0 0.296875 0.66875 0.273438 0.173438 0.000602268
0 0.704297 0.407031 0.202344 0.179688 0.000632501
0 0.701953 0.324219 0.197656 0.2625 0.000652217
0 0.31875 0.239844 0.078125 0.08125 0.000657278
0 0.380469 0.494141 0.14375 0.286719 0.000667324
0 0.638672 0.635938 0.152344 0.185937 0.000675546
0 0.300391 0.610156 0.153906 0.145313 0.000759511
0 0.333594 0.277344 0.170312 0.1875 0.000807518
0 0.299219 0.24375 0.0609375 0.0703125 0.000885519
0 0.273047 0.402734 0.136719 0.258594 0.0010704
0 0.385547 0.608203 0.139844 0.188281 0.00108048
0 0.668359 0.530469 0.219531 0.320312 0.00111077
0 0.779688 0.405078 0.09375 0.167969 0.00111742
0 0.267969 0.399609 0.0984375 0.146094 0.00122804
0 0.745313 0.573828 0.151562 0.217969 0.00132168
0 0.260156 0.560156 0.198437 0.2125 0.00135895
0 0.246875 0.447266 0.121875 0.261719 0.00137489
0 0.301562 0.264062 0.084375 0.1125 0.00162263
0 0.723047 0.491016 0.188281 0.183594 0.00179074
0 0.349609 0.555078 0.0898438 0.105469 0.00187659
0 0.213672 0.528906 0.141406 0.329688 0.00188763
0 0.334766 0.404297 0.241406 0.514844 0.0025156
0 0.703125 0.401563 0.275 0.514063 0.00252783
0 0.754687 0.366406 0.13125 0.242188 0.00254037
0 0.755859 0.658203 0.239844 0.285156 0.00293085
0 0.341797 0.630859 0.194531 0.174219 0.00395801
0 0.220313 0.614453 0.134375 0.158594 0.00396768
0 0.789062 0.595703 0.167187 0.266406 0.00545626
0 0.3625 0.569922 0.129688 0.163281 0.00806578
0 0.225391 0.645703 0.194531 0.174219 0.00811487
0 0.723828 0.399219 0.200781 0.328125 0.00891762
0 0.689062 0.613672 0.264062 0.258594 0.00993213
0 0.742188 0.438672 0.15625 0.174219 0.0136247
0 0.764063 0.439844 0.109375 0.114063 0.0177542
0 0.764063 0.495313 0.164062 0.289062 0.0207036
0 0.295312 0.496484 0.246875 0.361719 0.0249916
0 0.332422 0.566406 0.207031 0.2125 0.0349874
0 0.282813 0.607813 0.275 0.215625 0.13295
0 0.734766 0.555078 0.228906 0.322656 0.142133
