0 0.208594 0.562109 0.253125 0.630469 0.000101072
0 0.423438 0.616406 0.0828125 0.1125 0.000114351
0 0.0210938 0.5625 0.0421875 0.36875 0.000117356
0 0.710938 0.214844 0.29375 0.271875 0.000125985
0 0.753906 0.170312 0.2375 0.176563 0.000127001
0 0.346484 0.198828 0.124219 0.102344 0.000131206
0 0.630859 0.0410156 0.197656 0.0820312 0.000131472
0 0.910547 0.680469 0.0804688 0.128125 0.000136712
0 0.764063 0.3 0.125 0.214062 0.000144838
0 0.805469 0.576172 0.0796875 0.110156 0.000145008
0 0.721484 0.5125 0.114844 0.153125 0.000152906
0 0.268359 0.317187 0.155469 0.2625 0.00015597
0 0.248828 0.400781 0.200781 0.4875 0.000159383
0 0.785156 0.363672 0.10625 0.161719 0.000160672
0 0.872656 0.443359 0.164062 0.575781 0.00016131
0 0.288281 0.277344 0.0578125 0.0828125 0.000168286
0 0.760547 0.490234 0.133594 0.232031 0.000170081
0 0.3 0.365234 0.123438 0.230469 0.000172697
0 0.786328 0.634375 0.0882813 0.104687 0.000172868
0 0.36875 0.312891 0.303125 0.441406 0.000175184
0 0.842188 0.573047 0.0859375 0.110156 0.000181043
0 0.823438 0.384766 0.104687 0.171094 0.00018502
0 0.7875 0.598437 0.0859375 0.1125 0.000185129
0 0.277344 0.634766 0.090625 0.111719 0.000189898
0 0.430469 0.407813 0.15625 0.304688 0.000197427
0 0.364062 0.237891 0.126563 0.146094 0.000198535
0 0.425781 0.651953 0.13125 0.166406 0.000201135
0 0.300391 0.492188 0.139844 0.260938 0.000206583
0 0.456641 0.440625 0.185156 0.48125 0.000209812
0 0.319531 0.668359 0.15 0.191406 0.000210057
0 0.264844 0.448047 0.104687 0.242969 0.000215927
0 0.896875 0.678125 0.11875 0.18125 0.000224677
0 0.268359 0.578906 0.119531 0.209375 0.000229947
0 0.0234375 0.439063 0.046875 0.460938 0.000236703
0 0.742578 0.552734 0.132031 0.221094 0.000243256
0 0.687109 0.282031 0.163281 0.259375 0.000246192
0 0.764063 0.228125 0.16875 0.1875 0.000248123
0 0.6875 0.373047 0.139062 0.230469 0.000253083
0 0.804297 0.321484 0.130469 0.224219 0.000263487
0 0.410156 0.276953 0.145313 0.219531 0.000266905
0 0.468359 0.538281 0.125781 0.248437 0.000272697
0 0.339844 0.300781 0.101562 0.11875 0.000279309
0 0.807813 0.512109 0.1375 0.257031 0.000289016
0 0.705469 0.482422 0.146875 0.252344 0.00033365
0 0.273828 0.705469 0.161719 0.228125 0.000347321
0 0.450391 0.597656 0.155469 0.254687 0.000347642
0 0.706641 0.598828 0.149219 0.210156 0.000373508
0 0.707812 0.435547 0.201562 0.463281 0.000385248
0 0.422266 0.669922 0.225781 0.210156 0.000395462
0 0.352734 0.70625 0.292969 0.25625 0.000468729
0 0.251563 0.656641 0.11875 0.199219 0.000479854
0 0.836328 0.612891 0.0820312 0.0976562 0.000497072
0 0.842188 0.449219 0.109375 0.248437 0.000515916
0 0.6875 0.541797 0.132812 0.196094 0.000517405
0 0.303125 0.278906 0.0921875 0.128125 0.000537441
0 0.809375 0.648438 0.298438 0.26875 0.000541453
0 0.664453 0.154297 0.180469 0.138281 0.000558071
0 0.740234 0.65625 0.139844 0.16875 0.000563959
0 0.811719 0.405859 0.145313 0.325781 0.000588557
0 0.338672 0.266406 0.124219 0.154687 0.000613037
0 0.269531 0.630078 0.285937 0.342969 0.000651766
0 0.311328 0.358594 0.172656 0.364062 0.000705446
0 0.853906 0.663672 0.192188 0.183594 0.000797628
0 0.364844 0.575781 0.15 0.2375 0.000802238
0 0.320312 0.597266 0.146875 0.211719 0.000973173
0 0.4125 0.161719 0.123438 0.128125 0.00100718
0 0.273828 0.476953 0.139844 0.386719 0.00131565
0 0.314844 0.301562 0.13125 0.223438 0.00131871
0 0.391016 0.203125 0.163281 0.178125 0.00132393
0 0.845703 0.555078 0.124219 0.205469 0.00136037
0 0.807031 0.614453 0.078125 0.0992187 0.00136664
0 0.692187 0.188281 0.173438 0.176563 0.0013926
0 0.730859 0.295703 0.208594 0.336719 0.00140277
0 0.255078 0.566406 0.147656 0.375 0.00146368
0 0.74375 0.522656 0.2125 0.321875 0.00162401
0 0.428516 0.487109 0.103906 0.132031 0.00207562
0 0.389453 0.444922 0.233594 0.503906 0.00210632
0 0.871484 0.605469 0.152344 0.259375 0.00220397
0 0.426953 0.485938 0.132031 0.2125 0.00292168
0 0.382422 0.632422 0.203906 0.189844 0.00309347
0 0.823438 0.596484 0.109375 0.161719 0.00536045
0 0.770703 0.409375 0.244531 0.539062 0.00554034
0 0.765625 0.614062 0.195312 0.196875 0.00584185
0 0.835938 0.492578 0.146875 0.374219 0.00623
0 0.814453 0.629297 0.163281 0.177344 0.0080754
0 0.324219 0.478516 0.21875 0.466406 0.0100911
0 0.284766 0.636328 0.160156 0.252344 0.0145232
0 0.405078 0.557422 0.182031 0.305469 0.0148291
0 0.805469 0.566406 0.201562 0.278125 0.028466
0 0.350391 0.605078 0.266406 0.291406 0.106874
