0 0.223828 0.383984 0.197656 0.289844 0.00010046
0 0.195703 0.444141 0.130469 0.249219 0.000105432
0 0.678906 0.616406 0.275 0.339063 0.000109242
0 0.3 0.651953 0.128125 0.167969 0.000110279
0 0.283984 0.263672 0.233594 0.166406 0.000121016
0 0.725391 0.833594 0.135156 0.228125 0.000124533
0 0.703906 0.670313 0.1125 0.134375 0.000169492
0 0.637891 0.632812 0.158594 0.167187 0.000178842
0 0.229297 0.696094 0.263281 0.232812 0.000187671
0 0.792188 0.608984 0.15625 0.252344 0.000192189
0 0.790234 0.652734 0.121094 0.152344 0.000205164
0 0.216406 0.39375 0.126563 0.142188 0.000206919
0 0.235547 0.580469 0.157031 0.23125 0.00021401
0 0.751953 0.508984 0.149219 0.161719 0.000220484
0 0.199609 0.636719 0.0898438 0.114063 0.000220865
0 0.762891 0.656641 0.122656 0.113281 0.00024356
0 0.685156 0.548437 0.125 0.190625 0.000251628
0 0.344531 0.277344 0.0828125 0.0953125 0.00027138
0 0.742578 0.540625 0.274219 0.326562 0.000400725
0 0.218359 0.400391 0.0757812 0.0835937 0.000419974
0 0.711719 0.888281 0.134375 0.189063 0.000450797
0 0.306641 0.315234 0.214844 0.222656 0.000661181
0 0.178516 0.558203 0.142969 0.183594 0.000720861
0 0.684375 0.872266 0.207813 0.249219 0.000777789
0 0.729297 0.648047 0.175781 0.158594 0.00103532
0 0.211328 0.505859 0.210156 0.382031 0.001264
0 0.678125 0.617578 0.176563 0.225781 0.00145641
0 0.273438 0.619141 0.184375 0.186719 0.00148431
0 0.164844 0.662891 0.23125 0.241406 0.00160196
0 0.701953 0.508984 0.0929687 0.111719 0.00277858
0 0.342187 0.280078 0.148438 0.161719 0.00360675
0 0.218359 0.646875 0.146094 0.18125 0.00370878
0 0.726172 0.560156 0.177344 0.25 0.00554704
0 0.174219 0.580078 0.2 0.269531 0.00704215
0 0.707422 0.495313 0.132031 0.164062 0.0318463
0 0.217969 0.623828 0.232812 0.227344 0.195528
