0 0.261719 0.263281 0.065625 0.08125 0.00010055
0 0.638281 0.571484 0.140625 0.177344 0.00010076
0 0.297656 0.46875 0.110937 0.185937 0.000101318
0 0.0328125 0.478906 0.065625 0.628125 0.00010709
0 0.297656 0.382812 0.0859375 0.135937 0.000107242
0 0.376172 0.437109 0.171094 0.489844 0.000112147
0 0.391016 0.607813 0.166406 0.271875 0.000118868
0 0.216406 0.48125 0.1 0.276563 0.000120227
0 0.303906 0.196484 0.078125 0.0679687 0.000124476
0 0.761719 0.576953 0.0828125 0.111719 0.00012518
0 0.235547 0.633203 0.0882813 0.100781 0.000127031
0 0.968359 0.478516 0.0632813 0.650781 0.00013222
0 0.298438 0.344141 0.0953125 0.110156 0.000133485
0 0.0515625 0.360156 0.101562 0.403125 0.000137002
0 0.7875 0.401953 0.096875 0.217969 0.000141635
0 0.716016 0.410937 0.292969 0.5375 0.000143019
0 0.372266 0.115234 0.252344 0.216406 0.000147865
0 0.225391 0.366016 0.0867188 0.163281 0.000150146
0 0.326562 0.161328 0.190625 0.171094 0.000151649
0 0.699219 0.491016 0.120312 0.247656 0.000158149
0 0.727734 0.297656 0.130469 0.225 0.000160843
0 0.698438 0.398828 0.170312 0.342969 0.000169081
0 0.0289063 0.358203 0.05625 0.361719 0.000178343
0 0.764844 0.355469 0.107813 0.2 0.00018746
0 0.276953 0.405078 0.116406 0.221094 0.000187815
0 0.340625 0.607813 0.175 0.164062 0.000188204
0 0.798437 0.489844 0.0890625 0.223438 0.000188365
0 0.779688 0.537109 0.120312 0.199219 0.000196741
0 0.258984 0.470313 0.117969 0.204688 0.000198836
0 0.346094 0.551562 0.084375 0.114063 0.000211448
0 0.276172 0.342969 0.0992187 0.151562 0.000224057
0 0.336719 0.221875 0.120312 0.13125 0.000239499
0 0.385547 0.608594 0.111719 0.18125 0.000240986
0 0.666406 0.528516 0.159375 0.257031 0.000243676
0 0.259375 0.28125 0.0953125 0.170312 0.000261027
0 0.280859 0.512891 0.152344 0.188281 0.000290115
0 0.740625 0.512891 0.129688 0.252344 0.000303326
0 0.337109 0.273438 0.152344 0.2125 0.000309021
0 0.314844 0.199609 0.1125 0.105469 0.000320519
0 0.285156 0.637891 0.214062 0.169531 0.000323976
0 0.349219 0.515625 0.078125 0.103125 0.000351641
0 0.759375 0.6125 0.0859375 0.101562 0.000356773
0 0.719531 0.609766 0.132812 0.142969 0.000376204
0 0.383984 0.541406 0.125781 0.264062 0.000384092
0 0.239063 0.53125 0.115625 0.220313 0.000386797
0 0.244531 0.31875 0.0953125 0.179688 0.000464724
0 0.280859 0.594141 0.136719 0.160156 0.000483127
0 0.797266 0.489062 0.127344 0.321875 0.000489058
0 0.301953 0.239063 0.133594 0.170312 0.000535564
0 0.225781 0.64375 0.120312 0.154687 0.0005495
0 0.270703 0.553516 0.277344 0.357031 0.000576703
0 0.760547 0.406641 0.142969 0.346094 0.000656263
0 0.321875 0.391016 0.207813 0.461719 0.000797855
0 0.807031 0.610547 0.142188 0.194531 0.000804918
0 0.732813 0.557422 0.271875 0.311719 0.000926211
0 0.248437 0.378516 0.129688 0.300781 0.000962633
0 0.347656 0.516797 0.104687 0.158594 0.00100683
0 0.271094 0.298047 0.140625 0.233594 0.00103052
0 0.333203 0.494141 0.166406 0.278906 0.00149243
0 0.767578 0.620703 0.149219 0.152344 0.00205154
0 0.275781 0.481641 0.1875 0.360156 0.00222241
0 0.701172 0.570312 0.182031 0.207813 0.00253915
0 0.246484 0.599609 0.150781 0.216406 0.00278146
0 0.730469 0.486719 0.192188 0.342187 0.00318899
0 0.342578 0.557813 0.136719 0.182812 0.00575906
0 0.766016 0.571484 0.180469 0.228906 0.00894355
0 0.299609 0.557422 0.207031 0.228906 0.0129414
