0 0.551953 0.591797 0.0773437 0.0992187 0.000102118
0 0.648828 0.491016 0.130469 0.364844 0.000102647
0 0.397656 0.0699219 0.389062 0.139844 0.000103106
0 0.134375 0.575391 0.084375 0.111719 0.000107647
0 0.171094 0.596484 0.132812 0.191406 0.000108529
0 0.699219 0.570312 0.182812 0.546875 0.000115485
0 0.661328 0.617578 0.0851562 0.111719 0.000131475
0 0.220703 0.346484 0.166406 0.157031 0.000134643
0 0.472266 0.465234 0.255469 0.302344 0.000144182
0 0.263281 0.6375 0.135937 0.26875 0.00014954
0 0.342578 0.457812 0.278906 0.317187 0.000149775
0 0.101562 0.553906 0.114063 0.246875 0.000150693
0 0.543359 0.0652344 0.489844 0.121094 0.000153912
0 0.282813 0.355859 0.120312 0.155469 0.000154145
0 0.871484 0.697656 0.241406 0.407813 0.000154812
0 0.572266 0.731641 0.130469 0.127344 0.000156878
0 0.663672 0.732813 0.0867188 0.107813 0.000164074
0 0.133594 0.633984 0.0859375 0.105469 0.000166116
0 0.491016 0.645703 0.271094 0.338281 0.000166347
0 0.217969 0.638281 0.117188 0.240625 0.00017808
0 0.362109 0.780078 0.555469 0.439844 0.000183169
0 0.783984 0.623438 0.366406 0.559375 0.000184383
0 0.742969 0.701563 0.270312 0.364062 0.000187008
0 0.216406 0.755859 0.1375 0.146094 0.000197755
0 0.604688 0.1 0.428125 0.2 0.000197947
0 0.115234 0.775391 0.160156 0.180469 0.000212415
0 0.279297 0.719141 0.139844 0.207031 0.000217855
0 0.239453 0.424219 0.113281 0.175 0.000227572
0 0.119141 0.446094 0.102344 0.182812 0.000230616
0 0.6125 0.496875 0.351562 0.596875 0.000256813
0 0.525 0.528125 0.160938 0.315625 0.00025848
0 0.533984 0.574219 0.113281 0.214062 0.000288901
0 0.298438 0.522266 0.160938 0.360156 0.000293158
0 0.560938 0.487109 0.251563 0.413281 0.000330288
0 0.675391 0.659766 0.0820312 0.116406 0.000358028
0 0.846094 0.478125 0.307813 0.746875 0.000359495
0 0.120312 0.636328 0.240625 0.471094 0.000420541
0 0.0914062 0.566797 0.153125 0.457031 0.000424935
0 0.192969 0.392188 0.215625 0.234375 0.000444359
0 0.192578 0.682031 0.138281 0.228125 0.000444955
0 0.358984 0.553516 0.367969 0.507031 0.000452331
0 0.577344 0.745313 0.35 0.379687 0.000470144
0 0.139844 0.405078 0.129688 0.171094 0.000537475
0 0.691016 0.752734 0.0898438 0.136719 0.000549018
0 0.835938 0.322266 0.328125 0.644531 0.000569928
0 0.240625 0.699609 0.14375 0.217969 0.000589264
0 0.174609 0.736328 0.146094 0.172656 0.000611601
0 0.569922 0.617188 0.124219 0.2375 0.000665303
0 0.297266 0.759375 0.236719 0.257812 0.000668181
0 0.619922 0.599219 0.144531 0.264062 0.00069445
0 0.298828 0.648828 0.233594 0.357031 0.000702346
0 0.595703 0.657812 0.144531 0.221875 0.000704829
0 0.132422 0.576172 0.117969 0.216406 0.0007622
0 0.259375 0.441016 0.176563 0.277344 0.000763565
0 0.683203 0.619531 0.107031 0.270312 0.000938676
0 0.677344 0.7 0.0859375 0.11875 0.00101523
0 0.149219 0.636719 0.132812 0.204688 0.00104936
0 0.251953 0.377734 0.147656 0.186719 0.00106521
0 0.448438 0.627734 0.390625 0.588281 0.00112465
0 0.65 0.741797 0.184375 0.182031 0.00113488
0 0.537891 0.649609 0.150781 0.263281 0.00120863
0 0.563672 0.725 0.183594 0.182812 0.00131899
0 0.256641 0.565234 0.216406 0.480469 0.00138998
0 0.09375 0.722656 0.160938 0.307813 0.00148849
0 0.265234 0.750781 0.383594 0.357812 0.00149576
0 0.126172 0.4 0.0804688 0.117188 0.001615
0 0.658984 0.578125 0.119531 0.254687 0.00174093
0 0.665234 0.686328 0.291406 0.305469 0.00219247
0 0.128906 0.487109 0.128125 0.321094 0.00227254
0 0.133594 0.715234 0.1375 0.224219 0.00229723
0 0.355859 0.704297 0.413281 0.517969 0.00253014
0 0.196875 0.507812 0.257812 0.467187 0.00259131
0 0.610547 0.578906 0.222656 0.390625 0.00343663
0 0.116797 0.638281 0.130469 0.26875 0.00507878
0 0.182031 0.749609 0.270312 0.238281 0.00699539
0 0.146875 0.570703 0.176563 0.396094 0.00871067
0 0.235547 0.706641 0.247656 0.258594 0.0120652
0 0.604297 0.687891 0.232031 0.222656 0.0175325
0 0.676953 0.707031 0.121094 0.2 0.0265261
0 0.191406 0.635156 0.296875 0.420312 0.0353866
0 0.14375 0.686719 0.204688 0.303125 0.112153
0 0.650391 0.65 0.152344 0.28125 0.15939
