0 0.349609 0.173828 0.0882813 0.139844 0.000101268
0 0.125391 0.276172 0.0570313 0.0867188 0.000103834
0 0.0386719 0.799609 0.0726563 0.110156 0.000105713
0 0.348828 0.154297 0.0617188 0.0804688 0.000108292
0 0.115234 0.317969 0.0382813 0.0640625 0.000108605
0 0.352734 0.117188 0.0492188 0.0484375 0.000111553
0 0.133594 0.342187 0.0625 0.1125 0.000112762
0 0.651172 0.670703 0.142969 0.200781 0.000113563
0 0.153125 0.248437 0.0390625 0.0453125 0.000115444
0 0.859766 0.639453 0.155469 0.189844 0.000116181
0 0.15625 0.363281 0.0515625 0.0671875 0.000121049
0 0.116406 0.437891 0.120312 0.166406 0.00012237
0 0.781641 0.553516 0.152344 0.149219 0.00012334
0 0.921484 0.09375 0.107031 0.142188 0.000126563
0 0.232031 0.3875 0.245312 0.396875 0.000130116
0 0.191016 0.321094 0.0726563 0.1125 0.000130777
0 0.114844 0.30625 0.0265625 0.05 0.000132167
0 0.199219 0.930078 0.398438 0.130469 0.000132433
0 0.307813 0.351562 0.254687 0.292188 0.000139241
0 0.844922 0.0351562 0.196094 0.0703125 0.000139591
0 0.330859 0.654297 0.161719 0.158594 0.000143908
0 0.805078 0.510547 0.149219 0.166406 0.000148902
0 0.06875 0.476953 0.1375 0.664844 0.000151618
0 0.820703 0.414844 0.130469 0.128125 0.00016106
0 0.221875 0.322656 0.126563 0.148438 0.000162102
0 0.141797 0.430469 0.163281 0.28125 0.000168972
0 0.137109 0.679688 0.188281 0.203125 0.000169534
0 0.871875 0.564844 0.121875 0.2125 0.000170413
0 0.892578 0.0699219 0.127344 0.135156 0.000170698
0 0.108984 0.471484 0.178906 0.513281 0.000171375
0 0.798437 0.846875 0.35 0.245312 0.00017906
0 0.860937 0.0921875 0.215625 0.173438 0.000179073
0 0.324219 0.233203 0.196875 0.255469 0.000179441
0 0.280469 0.576953 0.254687 0.199219 0.000183412
0 0.780078 0.0386719 0.194531 0.0710938 0.000183523
0 0.412109 0.35625 0.127344 0.18125 0.000183949
0 0.135547 0.302344 0.0460938 0.059375 0.000186349
0 0.677344 0.477344 0.170312 0.225 0.000196184
0 0.223047 0.723437 0.274219 0.232812 0.000198701
0 0.979688 0.422656 0.0359375 0.0796875 0.00020392
0 0.398828 0.616406 0.163281 0.345313 0.000221709
0 0.0597656 0.775 0.119531 0.165625 0.000227579
0 0.364844 0.148047 0.084375 0.113281 0.000230671
0 0.735937 0.0628906 0.0703125 0.105469 0.000235186
0 0.374609 0.205469 0.144531 0.217187 0.000235631
0 0.158203 0.339453 0.0476562 0.0742188 0.000242091
0 0.346484 0.966406 0.192969 0.0671875 0.000244148
0 0.137891 0.277344 0.0398437 0.05625 0.000253477
0 0.835938 0.430859 0.0875 0.0851562 0.000256061
0 0.142969 0.397266 0.1125 0.130469 0.000256994
0 0.393359 0.614844 0.117969 0.196875 0.000265177
0 0.347266 0.516406 0.117969 0.229687 0.000293457
0 0.398438 0.298047 0.145313 0.244531 0.00029758
0 0.217578 0.617188 0.244531 0.192188 0.00030503
0 0.154297 0.349609 0.0835937 0.136719 0.000305992
0 0.173047 0.335156 0.0570313 0.117188 0.000308663
0 0.223438 0.355859 0.179688 0.199219 0.000312919
0 0.723437 0.294922 0.254687 0.200781 0.000317307
0 0.435156 0.615625 0.435937 0.76875 0.000335133
0 0.151562 0.262891 0.046875 0.0507812 0.000336064
0 0.378516 0.485547 0.172656 0.377344 0.000340337
0 0.362891 0.132812 0.0523437 0.065625 0.000345902
0 0.658594 0.609766 0.1375 0.200781 0.000359625
0 0.166406 0.286719 0.0375 0.053125 0.000365579
0 0.0855469 0.710156 0.164844 0.257812 0.000382972
0 0.688281 0.638281 0.340625 0.421875 0.000410607
0 0.177344 0.8625 0.354688 0.26875 0.000426494
0 0.812891 0.0597656 0.214844 0.117969 0.000445739
0 0.271484 0.308984 0.202344 0.188281 0.000498808
0 0.872266 0.69375 0.200781 0.301562 0.000507188
0 0.853906 0.794922 0.19375 0.197656 0.000567786
0 0.388672 0.625781 0.0929687 0.065625 0.00062534
0 0.144141 0.558203 0.269531 0.446094 0.000643079
0 0.165625 0.309375 0.053125 0.0890625 0.000645424
0 0.306641 0.632812 0.250781 0.207813 0.000692255
0 0.146094 0.788672 0.276563 0.282031 0.000716822
0 0.376172 0.379297 0.161719 0.263281 0.000747945
0 0.744531 0.373047 0.254687 0.330469 0.000766886
0 0.375391 0.607422 0.113281 0.111719 0.000772514
0 0.835938 0.446875 0.11875 0.132812 0.000823642
0 0.699219 0.528125 0.185937 0.165625 0.000836595
0 0.225391 0.475391 0.342969 0.539844 0.000861931
0 0.158203 0.288672 0.0492188 0.0804688 0.000896794
0 0.682031 0.629687 0.209375 0.279687 0.00105189
0 0.283984 0.566406 0.325781 0.329688 0.00121832
0 0.839063 0.518359 0.164062 0.235156 0.00123121
0 0.813672 0.448438 0.171094 0.185937 0.00127294
0 0.314844 0.469531 0.235938 0.442187 0.00136542
0 0.780469 0.576172 0.234375 0.177344 0.00141914
0 0.149609 0.688281 0.269531 0.284375 0.00148418
0 0.800391 0.639844 0.219531 0.20625 0.00153291
0 0.16875 0.30625 0.0359375 0.0640625 0.00161695
0 0.217578 0.641016 0.336719 0.283594 0.00412881
0 0.783984 0.494922 0.250781 0.238281 0.00569668
0 0.353516 0.567578 0.164844 0.227344 0.00622047
0 0.802344 0.730469 0.276563 0.298438 0.00646229
0 0.744141 0.571484 0.275781 0.272656 0.00929471
0 0.775781 0.647266 0.304688 0.316406 0.0436929
