0 0.682031 0.199609 0.078125 0.113281 0.000101997
0 0.607813 0.472266 0.285937 0.339844 0.000106027
0 0.406641 0.948438 0.133594 0.103125 0.000106288
0 0.750391 0.515234 0.0820312 0.119531 0.000106381
0 0.177734 0.403516 0.0851562 0.110156 0.000108714
0 0.971094 0.357812 0.0578125 0.245312 0.000110127
0 0.622266 0.193359 0.160156 0.180469 0.00011124
0 0.203516 0.219141 0.0976562 0.185156 0.000115418
0 0.592969 0.312109 0.246875 0.563281 0.000118569
0 0.942969 0.807422 0.114063 0.382031 0.00014316
0 0.287891 0.155469 0.288281 0.259375 0.000151309
0 0.211328 0.361328 0.0898438 0.0945313 0.000153987
0 0.680859 0.508984 0.0898438 0.111719 0.000157612
0 0.614453 0.0925781 0.149219 0.139844 0.00016033
0 0.687109 0.260938 0.0820312 0.109375 0.000160451
0 0.179688 0.486719 0.123438 0.151562 0.000167167
0 0.674609 0.136328 0.136719 0.174219 0.00016832
0 0.319531 0.175391 0.0796875 0.0898438 0.000169595
0 0.825781 0.717969 0.346875 0.528125 0.000170299
0 0.0617188 0.880469 0.123438 0.234375 0.000172733
0 0.686328 0.303125 0.127344 0.214062 0.000172853
0 0.241016 0.194531 0.124219 0.179688 0.000179491
0 0.717969 0.476562 0.0859375 0.115625 0.000200903
0 0.192188 0.378906 0.0859375 0.096875 0.000221793
0 0.707422 0.300781 0.0820312 0.109375 0.000230082
0 0.617188 0.393359 0.0953125 0.153906 0.000231629
0 0.295312 0.453516 0.084375 0.113281 0.000238382
0 0.725391 0.579297 0.188281 0.208594 0.000242378
0 0.697656 0.219922 0.078125 0.113281 0.000243587
0 0.0265625 0.483594 0.053125 0.776563 0.00025931
0 0.253125 0.148828 0.132812 0.155469 0.000262723
0 0.170312 0.363281 0.0765625 0.10625 0.000285493
0 0.715234 0.432422 0.119531 0.214844 0.000293405
0 0.296094 0.503516 0.0828125 0.110156 0.000304599
0 0.304688 0.226953 0.203125 0.335156 0.00034418
0 0.330469 0.348828 0.184375 0.494531 0.000356695
0 0.740234 0.317969 0.149219 0.446875 0.000380523
0 0.0382813 0.813672 0.0765625 0.355469 0.000386208
0 0.621875 0.142969 0.195312 0.207813 0.000387154
0 0.034375 0.673437 0.06875 0.653125 0.000453691
0 0.233984 0.366797 0.152344 0.180469 0.000454438
0 0.660156 0.214844 0.129688 0.167187 0.000468355
0 0.196875 0.308203 0.0875 0.117969 0.000472622
0 0.895312 0.777734 0.209375 0.444531 0.000486321
0 0.246875 0.521484 0.217187 0.180469 0.00049737
0 0.139844 0.500391 0.19375 0.380469 0.000499144
0 0.621484 0.407422 0.0679687 0.0882813 0.00049992
0 0.248047 0.472656 0.0898438 0.1125 0.000555605
0 0.230078 0.301562 0.149219 0.178125 0.000574531
0 0.0828125 0.799609 0.165625 0.397656 0.000658557
0 0.203906 0.485156 0.217187 0.176563 0.000670548
0 0.321094 0.174219 0.120312 0.1375 0.000670834
0 0.733203 0.458984 0.299219 0.355469 0.000733783
0 0.607813 0.508984 0.151562 0.164844 0.000738064
0 0.612891 0.374219 0.183594 0.375 0.000760636
0 0.0640625 0.619531 0.128125 0.760938 0.000788111
0 0.71875 0.342969 0.10625 0.257812 0.000805294
0 0.281641 0.175781 0.150781 0.179688 0.000832056
0 0.75 0.49375 0.110937 0.190625 0.000904742
0 0.181641 0.378906 0.289844 0.454688 0.000960237
0 0.7125 0.266016 0.078125 0.116406 0.00105311
0 0.636328 0.427344 0.105469 0.154687 0.00108878
0 0.679688 0.407031 0.15 0.259375 0.00118617
0 0.295703 0.432813 0.119531 0.240625 0.00134472
0 0.742969 0.547656 0.1125 0.157813 0.0013599
0 0.185937 0.283594 0.1125 0.240625 0.0016344
0 0.295312 0.408203 0.1875 0.308594 0.00191959
0 0.310937 0.142578 0.165625 0.180469 0.00278341
0 0.191016 0.34375 0.0882813 0.0984375 0.00296825
0 0.660156 0.5375 0.240625 0.198437 0.00297789
0 0.221484 0.430859 0.186719 0.211719 0.00316718
0 0.690625 0.196875 0.128125 0.23125 0.00327574
0 0.719922 0.514453 0.0898438 0.114844 0.00361061
0 0.277734 0.485156 0.0898438 0.109375 0.00371437
0 0.626172 0.449609 0.155469 0.219531 0.00375394
0 0.296484 0.504687 0.142969 0.178125 0.00390061
0 0.660156 0.222656 0.190625 0.317187 0.00482722
0 0.169922 0.430078 0.133594 0.269531 0.00496501
0 0.711328 0.262891 0.0960938 0.189844 0.00607866
0 0.215625 0.257422 0.148438 0.310156 0.0070872
0 0.192969 0.34375 0.1125 0.160938 0.00941698
0 0.230859 0.451172 0.283594 0.305469 0.00986189
0 0.711719 0.394922 0.154687 0.386719 0.0232904
0 0.194922 0.354688 0.142969 0.334375 0.0352327
0 0.716797 0.5125 0.142969 0.178125 0.0425027
0 0.264844 0.474219 0.1625 0.185937 0.101146
0 0.661719 0.339844 0.229687 0.495313 0.113897
0 0.248437 0.311719 0.2375 0.498437 0.13581
0 0.682813 0.476562 0.210938 0.235938 0.168473
