0 0.637891 0.219531 0.107031 0.176563 0.000101101
0 0.691016 0.0710938 0.157031 0.1125 0.000103081
0 0.413281 0.364062 0.1 0.120312 0.000104392
0 0.755859 0.265625 0.0820312 0.109375 0.000105569
0 0.737891 0.226172 0.113281 0.177344 0.00010688
0 0.792578 0.427344 0.0945313 0.201562 0.000107173
0 0.666406 0.350781 0.1625 0.339063 0.000109949
0 0.398438 0.034375 0.15625 0.065625 0.000112951
0 0.760156 0.633594 0.0890625 0.107813 0.000114108
0 0.608984 0.540234 0.130469 0.185156 0.000117046
0 0.399609 0.270703 0.125781 0.207031 0.00011799
0 0.236719 0.509766 0.0921875 0.100781 0.000119775
0 0.785937 0.673828 0.315625 0.452344 0.000122369
0 0.289844 0.575391 0.359375 0.416406 0.000127404
0 0.0621094 0.528125 0.124219 0.760938 0.000134462
0 0.761328 0.320703 0.0835937 0.107031 0.000138075
0 0.341797 0.505469 0.144531 0.145313 0.000142904
0 0.231641 0.261328 0.0757812 0.102344 0.0001445
0 0.370313 0.365625 0.10625 0.110937 0.000147194
0 0.814453 0.458984 0.271094 0.560156 0.00015151
0 0.878516 0.705859 0.242969 0.588281 0.000153048
0 0.719531 0.198437 0.167187 0.25 0.000157728
0 0.216797 0.492578 0.0898438 0.113281 0.000162125
0 0.658594 0.513672 0.139062 0.219531 0.000166098
0 0.771875 0.266797 0.0984375 0.161719 0.000166577
0 0.714844 0.651563 0.310937 0.329688 0.000170097
0 0.627344 0.0566406 0.167187 0.111719 0.00017592
0 0.197266 0.528125 0.0789063 0.10625 0.000186138
0 0.655078 0.264453 0.132031 0.210156 0.00018909
0 0.258984 0.544531 0.241406 0.15625 0.000191597
0 0.677344 0.113672 0.0984375 0.100781 0.000199667
0 0.630859 0.0261719 0.133594 0.0523437 0.000200287
0 0.291797 0.259766 0.117969 0.158594 0.000201763
0 0.414062 0.144531 0.128125 0.142188 0.000202947
0 0.275 0.386719 0.128125 0.265625 0.000205551
0 0.723437 0.491797 0.140625 0.246094 0.000210564
0 0.680078 0.570703 0.146094 0.166406 0.000223506
0 0.348828 0.114453 0.110156 0.122656 0.000223879
0 0.219141 0.276172 0.111719 0.192969 0.000231599
0 0.107813 0.625 0.215625 0.75 0.000233331
0 0.269141 0.278906 0.0835937 0.104687 0.00024134
0 0.664453 0.443359 0.200781 0.377344 0.000249358
0 0.743359 0.299609 0.0882813 0.108594 0.000250565
0 0.384766 0.155469 0.113281 0.103125 0.000250595
0 0.421094 0.0601562 0.192188 0.120312 0.000256597
0 0.223047 0.411719 0.103906 0.207813 0.000278441
0 0.295703 0.196875 0.107031 0.145313 0.00028575
0 0.391797 0.526172 0.114844 0.133594 0.00029182
0 0.657422 0.132422 0.144531 0.177344 0.000310309
0 0.325391 0.428516 0.141406 0.211719 0.00031697
0 0.741406 0.663281 0.175 0.170312 0.00031991
0 0.778516 0.553516 0.121094 0.210156 0.000320207
0 0.396875 0.328516 0.11875 0.157031 0.000335213
0 0.349609 0.0734375 0.122656 0.115625 0.000344094
0 0.726562 0.386328 0.135937 0.272656 0.000358445
0 0.237891 0.366016 0.100781 0.197656 0.000373802
0 0.667188 0.204297 0.14375 0.236719 0.000419962
0 0.809375 0.605469 0.15625 0.325 0.000432089
0 0.184766 0.509766 0.0835937 0.166406 0.00046895
0 0.282422 0.487109 0.147656 0.142969 0.000477764
0 0.78125 0.315234 0.090625 0.205469 0.000487422
0 0.320703 0.523047 0.278906 0.175781 0.000527825
0 0.216406 0.527344 0.126563 0.140625 0.000566549
0 0.392578 0.365625 0.0820312 0.078125 0.000617014
0 0.799219 0.389453 0.1375 0.372656 0.000705353
0 0.382812 0.166406 0.142188 0.173438 0.000721163
0 0.703516 0.271094 0.166406 0.217187 0.00073162
0 0.255469 0.448438 0.14375 0.209375 0.000763137
0 0.7625 0.470703 0.11875 0.247656 0.00077357
0 0.334766 0.141016 0.144531 0.189844 0.000774469
0 0.722656 0.591797 0.145313 0.164844 0.000808008
0 0.703906 0.626562 0.24375 0.201562 0.000854017
0 0.786328 0.6375 0.121094 0.1875 0.00086856
0 0.371875 0.108203 0.15625 0.185156 0.00133814
0 0.773828 0.386328 0.0992187 0.264844 0.00170398
0 0.197656 0.458594 0.120312 0.25 0.0018326
0 0.668359 0.558984 0.232031 0.227344 0.00183644
0 0.300391 0.321875 0.217969 0.492188 0.00193594
0 0.736719 0.277734 0.126563 0.166406 0.00202878
0 0.392969 0.389062 0.096875 0.14375 0.00203106
0 0.379297 0.433203 0.139844 0.232031 0.00207654
0 0.244922 0.279297 0.0898438 0.153906 0.00288799
0 0.790234 0.523047 0.136719 0.360156 0.00333595
0 0.715234 0.398438 0.199219 0.454688 0.00365178
0 0.335938 0.476562 0.204688 0.176563 0.00389197
0 0.333203 0.401953 0.222656 0.296094 0.00537753
0 0.760156 0.601562 0.164062 0.21875 0.00618624
0 0.755859 0.328125 0.128906 0.278125 0.00661887
0 0.260938 0.246094 0.10625 0.153125 0.00820432
0 0.236328 0.501172 0.178906 0.199219 0.00864521
0 0.258594 0.303125 0.121875 0.275 0.0115481
0 0.235156 0.383203 0.139062 0.360156 0.0255801
0 0.725391 0.548047 0.213281 0.282031 0.0320455
0 0.285547 0.463672 0.252344 0.233594 0.0324338
0 0.760156 0.450781 0.151562 0.432813 0.0504062
