0 0.401953 0.505078 0.0882813 0.110156 0.000102104
0 0.660547 0.531641 0.127344 0.238281 0.000106805
0 0.406641 0.159375 0.194531 0.173438 0.000107327
0 0.853125 0.408203 0.05625 0.0882813 0.000107868
0 0.494531 0.861719 0.50625 0.276563 0.000108752
0 0.385547 0.365234 0.144531 0.257031 0.000112993
0 0.321094 0.321094 0.084375 0.0875 0.000124408
0 0.451562 0.512891 0.171875 0.300781 0.000126664
0 0.249609 0.305859 0.0976562 0.161719 0.000127142
0 0.421875 0.525391 0.159375 0.175781 0.000129982
0 0.768359 0.326172 0.313281 0.455469 0.00013544
0 0.656641 0.291797 0.246094 0.453906 0.000146591
0 0.824219 0.45 0.103125 0.16875 0.000156546
0 0.814844 0.262109 0.0546875 0.0835937 0.000156878
0 0.780078 0.452344 0.125781 0.175 0.000157796
0 0.7 0.429297 0.120312 0.242969 0.000163859
0 0.842578 0.389062 0.0679687 0.0953125 0.000179644
0 0.869141 0.606641 0.138281 0.249219 0.000192156
0 0.80625 0.658984 0.090625 0.0835937 0.00019492
0 0.788281 0.321484 0.090625 0.136719 0.000195569
0 0.873047 0.525 0.164844 0.446875 0.000197238
0 0.236719 0.387109 0.0859375 0.100781 0.000198622
0 0.841406 0.535937 0.101562 0.207813 0.000202967
0 0.4125 0.186328 0.120312 0.139844 0.000205177
0 0.698047 0.360547 0.171094 0.389844 0.000206427
0 0.825 0.641016 0.0890625 0.100781 0.000217425
0 0.451172 0.436328 0.242969 0.563281 0.000219828
0 0.784766 0.767578 0.353906 0.357031 0.000220082
0 0.805859 0.321875 0.0679687 0.0921875 0.000227004
0 0.741797 0.612891 0.149219 0.172656 0.000227497
0 0.703906 0.671094 0.323438 0.226562 0.000229837
0 0.801562 0.259375 0.0828125 0.114063 0.000232925
0 0.699219 0.513281 0.132812 0.246875 0.000233274
0 0.306641 0.445312 0.150781 0.164062 0.0002421
0 0.332812 0.485547 0.146875 0.152344 0.000249282
0 0.491797 0.934375 0.397656 0.13125 0.000252587
0 0.818359 0.301172 0.0601562 0.102344 0.000278089
0 0.838672 0.366406 0.0898438 0.173438 0.000300982
0 0.266016 0.284375 0.0882813 0.104687 0.000302095
0 0.43125 0.211328 0.171875 0.199219 0.000308109
0 0.544141 0.533203 0.455469 0.933594 0.000311115
0 0.851562 0.658203 0.0890625 0.0960938 0.000340784
0 0.672266 0.465234 0.325781 0.577344 0.000396144
0 0.781641 0.595312 0.146094 0.189063 0.000407129
0 0.778906 0.264453 0.1375 0.149219 0.00041651
0 0.359375 0.5375 0.2 0.201562 0.000419496
0 0.801953 0.491406 0.138281 0.264062 0.000426637
0 0.844531 0.424609 0.0796875 0.152344 0.000449887
0 0.386719 0.473047 0.0921875 0.110156 0.000471628
0 0.600391 0.930469 0.274219 0.139062 0.000472532
0 0.281641 0.405078 0.150781 0.188281 0.000478268
0 0.675391 0.864062 0.464844 0.2625 0.000505785
0 0.737109 0.450391 0.128906 0.249219 0.00055614
0 0.8125 0.354297 0.123438 0.236719 0.000599016
0 0.283594 0.511719 0.253125 0.190625 0.000615579
0 0.558203 0.958594 0.347656 0.0828125 0.000622952
0 0.733203 0.240234 0.100781 0.105469 0.000627924
0 0.670703 0.624219 0.372656 0.50625 0.000644262
0 0.737891 0.283984 0.138281 0.221094 0.000671894
0 0.778125 0.703906 0.260938 0.179688 0.000692028
0 0.813672 0.307813 0.0898438 0.148438 0.000741286
0 0.263672 0.346484 0.141406 0.203906 0.000762115
0 0.30625 0.266016 0.203125 0.214844 0.00076865
0 0.241406 0.386719 0.117188 0.175 0.000915614
0 0.835547 0.440625 0.114844 0.325 0.000930269
0 0.758984 0.513281 0.132031 0.254687 0.000956242
0 0.821875 0.613672 0.132812 0.171094 0.00100863
0 0.28125 0.288281 0.134375 0.154687 0.00103928
0 0.780469 0.317969 0.1625 0.240625 0.00106298
0 0.677344 0.462109 0.207813 0.397656 0.0011137
0 0.397656 0.455078 0.30625 0.336719 0.00119547
0 0.839063 0.690625 0.139062 0.146875 0.00122001
0 0.399609 0.31875 0.233594 0.425 0.00133313
0 0.317969 0.323047 0.178125 0.163281 0.00149815
0 0.276953 0.438672 0.291406 0.319531 0.00155134
0 0.242578 0.425781 0.157031 0.189063 0.00170176
0 0.566016 0.896875 0.436719 0.19375 0.00214916
0 0.797656 0.407422 0.173438 0.392969 0.00230548
0 0.322266 0.287891 0.277344 0.374219 0.00240517
0 0.34375 0.409375 0.209375 0.21875 0.00246721
0 0.702344 0.567187 0.204688 0.239063 0.00288851
0 0.837891 0.563281 0.147656 0.2875 0.00321302
0 0.412891 0.442578 0.166406 0.252344 0.00347018
0 0.386719 0.486328 0.1375 0.163281 0.00443311
0 0.830859 0.678516 0.107031 0.0929687 0.00573392
0 0.774219 0.641406 0.242188 0.196875 0.00971606
0 0.808594 0.657031 0.16875 0.139062 0.0109158
0 0.283984 0.363281 0.214844 0.273438 0.0143274
0 0.751172 0.461328 0.227344 0.430469 0.0174436
0 0.357422 0.471875 0.214844 0.209375 0.0311936
0 0.776953 0.557031 0.235156 0.301562 0.0364397
0 0.343359 0.389062 0.269531 0.348437 0.0867366
