0 0.229297 0.471484 0.107031 0.239844 0.000100103
0 0.759375 0.618359 0.090625 0.111719 0.000105559
0 0.340234 0.320703 0.0929687 0.102344 0.000112659
0 0.614453 0.457422 0.0554687 0.0726563 0.00012491
0 0.281641 0.6125 0.136719 0.16875 0.000127876
0 0.346484 0.296094 0.124219 0.178125 0.000133112
0 0.749609 0.398828 0.122656 0.182031 0.000136246
0 0.700391 0.367969 0.0867188 0.090625 0.000140646
0 0.305469 0.319922 0.0640625 0.0757812 0.000147653
0 0.638281 0.228516 0.104687 0.0992187 0.00015191
0 0.780859 0.577734 0.110156 0.180469 0.000160985
0 0.220703 0.646094 0.171094 0.215625 0.000163747
0 0.757422 0.654297 0.0914062 0.105469 0.000170026
0 0.320703 0.307422 0.0789063 0.0867188 0.000194189
0 0.719531 0.686328 0.160938 0.142969 0.000194296
0 0.376172 0.519922 0.110156 0.135156 0.000206604
0 0.648828 0.280078 0.128906 0.189844 0.000212844
0 0.717578 0.351562 0.0898438 0.090625 0.000217265
0 0.692969 0.351562 0.157813 0.220313 0.000234054
0 0.623047 0.442969 0.0867188 0.104687 0.000237231
0 0.663281 0.616406 0.184375 0.192188 0.000237649
0 0.689453 0.467578 0.155469 0.208594 0.000244306
0 0.723828 0.598828 0.127344 0.163281 0.000329625
0 0.729688 0.626953 0.284375 0.275781 0.000348155
0 0.232812 0.573828 0.1625 0.258594 0.00035625
0 0.744141 0.476172 0.142969 0.283594 0.000398548
0 0.675781 0.407422 0.090625 0.0835937 0.000436719
0 0.333594 0.567187 0.165625 0.220313 0.000438792
0 0.700391 0.571094 0.188281 0.28125 0.000458017
0 0.717188 0.425781 0.146875 0.18125 0.000602503
0 0.674609 0.662891 0.142969 0.136719 0.000672266
0 0.715625 0.36875 0.125 0.139062 0.000794626
0 0.657422 0.422266 0.141406 0.130469 0.000841793
0 0.274609 0.610937 0.211719 0.220313 0.00088148
0 0.787891 0.646484 0.138281 0.191406 0.000883693
0 0.720312 0.657422 0.121875 0.114844 0.00144121
0 0.760938 0.587891 0.159375 0.267969 0.00152381
0 0.684375 0.4 0.135937 0.125 0.00282494
0 0.735937 0.638672 0.176563 0.172656 0.00719822
