0 0.577344 0.495703 0.139062 0.199219 0.000100493
0 0.721094 0.532031 0.090625 0.101562 0.000101878
0 0.326953 0.369922 0.119531 0.189844 0.000104692
0 0.738672 0.483594 0.282031 0.357812 0.000110154
0 0.726562 0.0640625 0.3625 0.126563 0.000110817
0 0.651172 0.361328 0.227344 0.392969 0.000115217
0 0.15 0.607422 0.090625 0.100781 0.000117357
0 0.740234 0.580859 0.132031 0.0945313 0.000122492
0 0.7625 0.635156 0.215625 0.279687 0.000125593
0 0.248047 0.311328 0.133594 0.150781 0.000126721
0 0.692578 0.255859 0.0898438 0.0945313 0.000136268
0 0.0617188 0.697266 0.123438 0.605469 0.00014038
0 0.741016 0.55 0.0882813 0.09375 0.000152043
0 0.241406 0.41875 0.279687 0.48125 0.000152647
0 0.583984 0.378906 0.111719 0.160938 0.000159451
0 0.705078 0.308203 0.138281 0.196094 0.000160331
0 0.592578 0.551562 0.294531 0.353125 0.000160885
0 0.786328 0.493359 0.108594 0.211719 0.00016509
0 0.2625 0.629687 0.203125 0.178125 0.000170385
0 0.174219 0.396875 0.096875 0.195312 0.000175411
0 0.108203 0.621875 0.142969 0.335938 0.000177793
0 0.590234 0.319141 0.111719 0.149219 0.000178912
0 0.130469 0.625 0.084375 0.0921875 0.000181589
0 0.316016 0.481641 0.174219 0.267969 0.00018686
0 0.689062 0.630859 0.235938 0.222656 0.000192678
0 0.636328 0.564453 0.147656 0.153906 0.000194497
0 0.807813 0.105469 0.384375 0.210938 0.000209268
0 0.682813 0.279687 0.078125 0.0921875 0.00021284
0 0.141406 0.555078 0.125 0.205469 0.000222608
0 0.6125 0.449219 0.189063 0.28125 0.000226012
0 0.323438 0.552344 0.114063 0.121875 0.000233651
0 0.161328 0.403906 0.0710938 0.117188 0.000243302
0 0.666406 0.283594 0.146875 0.128125 0.000246126
0 0.313672 0.305859 0.136719 0.161719 0.000250112
0 0.578125 0.566797 0.18125 0.188281 0.000253065
0 0.402344 0.553906 0.503125 0.771875 0.000255756
0 0.264062 0.534375 0.090625 0.101562 0.000272843
0 0.730469 0.340625 0.0859375 0.1375 0.000318357
0 0.659766 0.583203 0.239844 0.158594 0.000331167
0 0.760938 0.53125 0.090625 0.109375 0.000335112
0 0.296484 0.585547 0.139844 0.147656 0.000369263
0 0.182031 0.601953 0.2875 0.325781 0.000370671
0 0.326172 0.483984 0.0945313 0.142969 0.000372291
0 0.705859 0.674219 0.330469 0.390625 0.000396953
0 0.679688 0.562109 0.145313 0.117969 0.000411832
0 0.755469 0.446875 0.132812 0.301562 0.000483506
0 0.21875 0.568359 0.15 0.141406 0.000544557
0 0.282813 0.417578 0.167187 0.321094 0.000577479
0 0.721875 0.30625 0.0765625 0.128125 0.000583627
0 0.314453 0.528125 0.0851562 0.0953125 0.000583794
0 0.658984 0.530078 0.147656 0.133594 0.000629833
0 0.165234 0.498047 0.153906 0.296094 0.000706174
0 0.708984 0.279687 0.0695312 0.0984375 0.000713661
0 0.120312 0.611328 0.101562 0.150781 0.000865505
0 0.786328 0.552344 0.111719 0.15 0.00089139
0 0.719141 0.496875 0.205469 0.173438 0.00091068
0 0.719922 0.549219 0.147656 0.114063 0.000917512
0 0.233984 0.496094 0.217969 0.257812 0.00110839
0 0.703125 0.410156 0.195312 0.373437 0.0012029
0 0.275781 0.498828 0.15625 0.189844 0.00170088
0 0.724609 0.575781 0.205469 0.132812 0.00257885
0 0.691406 0.571094 0.315625 0.270312 0.00262934
0 0.658594 0.496875 0.24375 0.2125 0.00272863
0 0.613281 0.530859 0.20625 0.183594 0.00513806
0 0.755859 0.526563 0.147656 0.159375 0.00547451
0 0.299219 0.528906 0.123438 0.132812 0.00611317
0 0.163281 0.596484 0.179688 0.178906 0.00622179
0 0.267969 0.553125 0.167187 0.148438 0.00871955
0 0.213672 0.569531 0.250781 0.179688 0.0179603
0 0.691406 0.541797 0.254687 0.164844 0.0350255
