0 0.741016 0.528516 0.0835937 0.105469 0.000100828
0 0.480078 0.114063 0.216406 0.204688 0.000101214
0 0.694141 0.342187 0.117969 0.196875 0.000103372
0 0.176953 0.630859 0.0914062 0.107031 0.000109666
0 0.766406 0.741797 0.31875 0.366406 0.000114583
0 0.164844 0.321094 0.157813 0.342187 0.000117411
0 0.0640625 0.102344 0.128125 0.203125 0.000118877
0 0.7375 0.324609 0.103125 0.157031 0.000120827
0 0.607031 0.458594 0.142188 0.298438 0.000121968
0 0.392969 0.463281 0.171875 0.395312 0.000124921
0 0.142578 0.517187 0.122656 0.21875 0.000125383
0 0.722656 0.407422 0.134375 0.264844 0.000128996
0 0.967578 0.226562 0.0648438 0.385938 0.000131276
0 0.102344 0.0621094 0.204688 0.124219 0.000131495
0 0.723047 0.509766 0.0835937 0.100781 0.000133039
0 0.237109 0.275391 0.125781 0.169531 0.000140714
0 0.713672 0.219922 0.0679687 0.0851562 0.000142295
0 0.654688 0.323047 0.10625 0.211719 0.000144112
0 0.807813 0.469922 0.179688 0.519531 0.000148981
0 0.941406 0.265625 0.117188 0.44375 0.000160981
0 0.236328 0.614453 0.0882813 0.103906 0.000163945
0 0.616406 0.182422 0.09375 0.105469 0.000168679
0 0.121484 0.630469 0.124219 0.125 0.000169108
0 0.314844 0.687109 0.126563 0.175781 0.000178989
0 0.677734 0.256641 0.146094 0.189844 0.000183993
0 0.724609 0.690625 0.142969 0.173438 0.000184882
0 0.348437 0.258203 0.148438 0.239844 0.000187471
0 0.694531 0.203125 0.153125 0.145313 0.000190808
0 0.759766 0.452344 0.0835937 0.117188 0.000192399
0 0.196484 0.344141 0.103906 0.180469 0.000201164
0 0.219531 0.645312 0.146875 0.142188 0.0002142
0 0.208203 0.428125 0.0976562 0.145313 0.000214271
0 0.671484 0.364062 0.0992187 0.135937 0.000216866
0 0.742969 0.491797 0.0859375 0.105469 0.000231223
0 0.242969 0.65625 0.301562 0.276563 0.000240698
0 0.385938 0.363672 0.120312 0.300781 0.000241846
0 0.299219 0.650781 0.107813 0.146875 0.000242246
0 0.782812 0.402734 0.10625 0.269531 0.000249015
0 0.325 0.198047 0.0859375 0.0976562 0.000249881
0 0.176953 0.463281 0.0757812 0.084375 0.000250997
0 0.342969 0.383203 0.109375 0.128906 0.00026143
0 0.380078 0.159766 0.167969 0.157031 0.000263621
0 0.702344 0.472656 0.167187 0.2 0.000275863
0 0.192578 0.391797 0.0757812 0.107031 0.000290008
0 0.189453 0.465625 0.0929687 0.173438 0.000291799
0 0.758203 0.366797 0.103906 0.211719 0.000309354
0 0.476953 0.179297 0.266406 0.336719 0.000324092
0 0.773828 0.534375 0.110156 0.201562 0.000327095
0 0.638281 0.634375 0.14375 0.209375 0.000329867
0 0.613672 0.163281 0.149219 0.13125 0.000332512
0 0.274219 0.223828 0.189063 0.200781 0.000333168
0 0.298828 0.553906 0.116406 0.192188 0.000338777
0 0.220703 0.316016 0.110156 0.167969 0.000352964
0 0.195703 0.614062 0.0898438 0.1 0.000360364
0 0.603516 0.680078 0.189844 0.202344 0.00038724
0 0.713281 0.234766 0.107813 0.138281 0.000390508
0 0.114453 0.551172 0.130469 0.252344 0.000402714
0 0.664453 0.705859 0.332031 0.294531 0.000419041
0 0.584766 0.184766 0.222656 0.246094 0.000422544
0 0.791797 0.715234 0.149219 0.241406 0.000423822
0 0.196484 0.5375 0.216406 0.220313 0.000450732
0 0.775781 0.620313 0.114063 0.20625 0.000475821
0 0.341406 0.389453 0.139062 0.263281 0.000493355
0 0.655859 0.530859 0.135156 0.210156 0.000531067
0 0.721484 0.555078 0.175781 0.205469 0.000543769
0 0.739844 0.312109 0.1375 0.252344 0.000556826
0 0.605859 0.548828 0.157031 0.257031 0.000585775
0 0.388672 0.267578 0.161719 0.339844 0.000595729
0 0.138672 0.597656 0.0898438 0.115625 0.000608045
0 0.676562 0.598828 0.148438 0.228906 0.000690989
0 0.311328 0.6125 0.160156 0.220313 0.000818198
0 0.161719 0.447266 0.103125 0.164844 0.000821645
0 0.721484 0.617969 0.149219 0.223438 0.000920664
0 0.650391 0.262891 0.175781 0.282031 0.000947542
0 0.178516 0.430469 0.0757812 0.10625 0.000971356
0 0.302344 0.523828 0.16875 0.338281 0.00113396
0 0.210938 0.326953 0.151562 0.252344 0.0012151
0 0.311328 0.194922 0.175781 0.150781 0.00125156
0 0.741406 0.510938 0.126563 0.217187 0.00158146
0 0.258984 0.648438 0.202344 0.196875 0.00160056
0 0.330469 0.440234 0.16875 0.475781 0.00179961
0 0.396484 0.195703 0.219531 0.278906 0.00186914
0 0.758984 0.449609 0.105469 0.216406 0.00203585
0 0.626172 0.607813 0.217969 0.292188 0.00217774
0 0.785937 0.610156 0.142188 0.3375 0.00229835
0 0.694922 0.311328 0.221094 0.369531 0.00271943
0 0.257422 0.577344 0.185156 0.2 0.00276113
0 0.199219 0.611328 0.145313 0.124219 0.00296778
0 0.170312 0.406641 0.134375 0.266406 0.00309052
0 0.163281 0.643359 0.229687 0.171094 0.00310134
0 0.664453 0.531641 0.225781 0.375781 0.00334364
0 0.183984 0.408203 0.100781 0.167969 0.0041254
0 0.633203 0.199219 0.157031 0.175 0.00412614
0 0.298047 0.400781 0.286719 0.5875 0.00540925
0 0.141797 0.595312 0.152344 0.15625 0.00604203
0 0.757812 0.444922 0.126563 0.375781 0.00759236
0 0.317578 0.267969 0.238281 0.335938 0.00787615
0 0.164453 0.482422 0.180469 0.360156 0.0106898
0 0.348437 0.198828 0.1875 0.208594 0.0140786
0 0.749219 0.673437 0.19375 0.264062 0.01486
0 0.747266 0.552734 0.171094 0.394531 0.029129
0 0.221875 0.460156 0.289062 0.451562 0.0301642
0 0.707422 0.463672 0.227344 0.553906 0.0493328
0 0.701953 0.628906 0.253906 0.301562 0.126553
0 0.204688 0.605859 0.260938 0.185156 0.135946
