0 0.183203 0.404687 0.278906 0.564062 0.000105941
0 0.794922 0.300781 0.130469 0.228125 0.000112204
0 0.374219 0.392578 0.164062 0.335156 0.000112719
0 0.754297 0.244531 0.0648438 0.0875 0.000113421
0 0.366797 0.633594 0.186719 0.214062 0.000115254
0 0.805469 0.489062 0.140625 0.267188 0.00011671
0 0.322266 0.610547 0.0898438 0.107031 0.000124186
0 0.190234 0.571875 0.0867188 0.107813 0.000134476
0 0.524219 0.5 0.575 1 0.000134756
0 0.663672 0.393359 0.161719 0.321094 0.000142744
0 0.416797 0.378906 0.302344 0.6125 0.000149331
0 0.216016 0.263281 0.111719 0.210938 0.000151108
0 0.723047 0.668359 0.241406 0.242969 0.000153403
0 0.277734 0.361719 0.199219 0.175 0.000172757
0 0.762891 0.469922 0.200781 0.203906 0.000176441
0 0.801172 0.383984 0.138281 0.280469 0.000180412
0 0.324609 0.241406 0.0867188 0.1 0.000189053
0 0.344531 0.341406 0.179688 0.19375 0.000195402
0 0.286719 0.197656 0.201562 0.235938 0.000203797
0 0.183594 0.299219 0.0875 0.13125 0.000229118
0 0.286719 0.610547 0.145313 0.177344 0.000230212
0 0.174219 0.355078 0.1375 0.332031 0.000245515
0 0.668359 0.473828 0.283594 0.663281 0.0002497
0 0.235547 0.593359 0.152344 0.222656 0.000260602
0 0.808984 0.633594 0.189844 0.259375 0.000287527
0 0.135547 0.560547 0.183594 0.485156 0.000293361
0 0.237109 0.249609 0.213281 0.278906 0.000310553
0 0.162891 0.667578 0.157031 0.291406 0.000310812
0 0.167187 0.532422 0.114063 0.282031 0.000324223
0 0.198437 0.427734 0.125 0.233594 0.00033157
0 0.389453 0.165234 0.178906 0.244531 0.000336738
0 0.287109 0.303125 0.161719 0.201562 0.000339337
0 0.682813 0.219141 0.185937 0.196094 0.000371712
0 0.706641 0.515625 0.264844 0.389062 0.000384154
0 0.303125 0.157031 0.314063 0.304688 0.000405977
0 0.235547 0.386328 0.149219 0.166406 0.000413924
0 0.345703 0.5375 0.139844 0.175 0.000434926
0 0.7625 0.339453 0.139062 0.255469 0.000450257
0 0.757031 0.264062 0.126563 0.16875 0.000546155
0 0.326562 0.278906 0.1375 0.207813 0.000568727
0 0.190234 0.30625 0.117969 0.196875 0.000579725
0 0.394141 0.282422 0.178906 0.236719 0.000698862
0 0.355078 0.228906 0.288281 0.339063 0.000730049
0 0.327734 0.206641 0.147656 0.182031 0.000937471
0 0.831641 0.5125 0.233594 0.615625 0.000961899
0 0.343359 0.400391 0.216406 0.496094 0.00106118
0 0.707812 0.314844 0.254687 0.359375 0.00111655
0 0.679297 0.619922 0.164844 0.210156 0.00127389
0 0.195703 0.576172 0.122656 0.202344 0.00136939
0 0.2375 0.641797 0.301562 0.310156 0.00177762
0 0.299609 0.308984 0.319531 0.447656 0.0020493
0 0.738281 0.278906 0.185937 0.240625 0.00219941
0 0.344141 0.536719 0.182031 0.285937 0.00226719
0 0.795703 0.476172 0.182031 0.419531 0.00244651
0 0.232422 0.327734 0.177344 0.242969 0.00296196
0 0.329297 0.593359 0.142969 0.203906 0.00335725
0 0.765234 0.591406 0.282031 0.360938 0.00357036
0 0.299609 0.296875 0.235156 0.295312 0.00510646
0 0.196875 0.451953 0.160938 0.414844 0.00528822
0 0.359766 0.230859 0.185156 0.253906 0.00537048
0 0.192969 0.599609 0.165625 0.302344 0.0148287
0 0.76875 0.367188 0.20625 0.389062 0.0153927
0 0.301953 0.601172 0.247656 0.249219 0.0199422
0 0.275 0.465234 0.307813 0.558594 0.0285102
0 0.227734 0.540234 0.219531 0.396094 0.0939499
0 0.753906 0.444531 0.28125 0.575 0.284276
