0 0.511719 0.173047 0.084375 0.0898438 0.000101378
0 0.573438 0.446875 0.0796875 0.104687 0.000103055
0 0.173438 0.342578 0.0875 0.100781 0.000103569
0 0.654297 0.323438 0.297656 0.479688 0.000106273
0 0.522656 0.537109 0.304688 0.375781 0.000107571
0 0.545703 0.162109 0.302344 0.275781 0.000111347
0 0.447656 0.784766 0.26875 0.285156 0.000112313
0 0.0183594 0.882812 0.0351562 0.234375 0.000113157
0 0.694922 0.650391 0.246094 0.182031 0.000114766
0 0.786719 0.948438 0.390625 0.101562 0.000116247
0 0.657031 0.409766 0.078125 0.0914062 0.000117204
0 0.141016 0.723437 0.249219 0.30625 0.000117358
0 0.273438 0.178125 0.13125 0.203125 0.000117723
0 0.213672 0.448828 0.127344 0.247656 0.000119417
0 0.0644531 0.391797 0.122656 0.344531 0.000122755
0 0.530859 0.259375 0.141406 0.1625 0.000123547
0 0.576563 0.255469 0.115625 0.132812 0.000126419
0 0.0589844 0.034375 0.117969 0.06875 0.000127013
0 0.525 0.823828 0.332812 0.316406 0.000129821
0 0.593359 0.510938 0.0835937 0.114063 0.000131482
0 0.969141 0.51875 0.0585938 0.69375 0.000133887
0 0.744922 0.602734 0.194531 0.211719 0.000134002
0 0.0367187 0.132422 0.0734375 0.216406 0.000142219
0 0.0542969 0.219531 0.105469 0.203125 0.000142355
0 0.388672 0.965234 0.352344 0.0695312 0.000142618
0 0.0203125 0.135937 0.040625 0.26875 0.000147839
0 0.280078 0.348828 0.171094 0.539844 0.000148904
0 0.553125 0.390234 0.159375 0.185156 0.000149178
0 0.488281 0.890625 0.239063 0.209375 0.000149179
0 0.0980469 0.156641 0.188281 0.211719 0.000149398
0 0.618359 0.198828 0.0929687 0.136719 0.00015542
0 0.218359 0.194141 0.0804688 0.0992187 0.00016022
0 0.0835937 0.713281 0.167187 0.573438 0.000166799
0 0.141797 0.305078 0.0882813 0.191406 0.000169254
0 0.945703 0.614844 0.103906 0.695312 0.000171009
0 0.172656 0.528516 0.146875 0.263281 0.000175577
0 0.179297 0.0382813 0.224219 0.0765625 0.000180092
0 0.348828 0.111328 0.380469 0.221094 0.000183111
0 0.235938 0.344531 0.132812 0.242188 0.000189617
0 0.712891 0.533984 0.130469 0.189844 0.000191137
0 0.592969 0.409375 0.123438 0.154687 0.000193012
0 0.157031 0.324219 0.08125 0.103125 0.000199416
0 0.973437 0.732813 0.053125 0.426562 0.000205889
0 0.125781 0.408203 0.109375 0.266406 0.000213904
0 0.611719 0.530469 0.0859375 0.10625 0.000216037
0 0.646094 0.941016 0.370313 0.117969 0.000220805
0 0.588281 0.178516 0.139062 0.144531 0.000224009
0 0.244141 0.438281 0.157031 0.401563 0.000224622
0 0.500781 0.186719 0.146875 0.198437 0.000224689
0 0.399219 0.896484 0.257812 0.202344 0.000233272
0 0.090625 0.517969 0.167187 0.615625 0.000234129
0 0.73125 0.546484 0.30625 0.400781 0.000260077
0 0.611328 0.254687 0.0804688 0.121875 0.000260563
0 0.672266 0.408203 0.100781 0.171094 0.000265464
0 0.760938 0.708594 0.382812 0.473437 0.00026621
0 0.107031 0.0371094 0.201562 0.0742188 0.000271471
0 0.0386719 0.0714844 0.0757812 0.142969 0.000287858
0 0.266016 0.0800781 0.114844 0.124219 0.000312139
0 0.504297 0.127734 0.188281 0.224219 0.000313294
0 0.197266 0.303125 0.160156 0.1875 0.000345433
0 0.619922 0.886328 0.408594 0.227344 0.000347604
0 0.248047 0.472656 0.239844 0.617188 0.000349513
0 0.636328 0.409766 0.136719 0.142969 0.000350173
0 0.219922 0.238672 0.138281 0.224219 0.000360499
0 0.359375 0.05625 0.4 0.1125 0.000369958
0 0.119922 0.6375 0.185156 0.26875 0.000396355
0 0.357812 0.826172 0.41875 0.342969 0.000403768
0 0.636719 0.780469 0.415625 0.417188 0.000425715
0 0.0390625 0.896094 0.078125 0.20625 0.000427624
0 0.0699219 0.960938 0.139844 0.075 0.000436343
0 0.541797 0.930078 0.438281 0.139844 0.000453298
0 0.646094 0.317969 0.165625 0.365625 0.000465169
0 0.178906 0.0691406 0.25625 0.138281 0.000494466
0 0.158594 0.596094 0.179688 0.198437 0.000500381
0 0.189453 0.826172 0.378906 0.335156 0.000509272
0 0.530859 0.157031 0.158594 0.139062 0.000542025
0 0.596875 0.567969 0.146875 0.176563 0.00056639
0 0.205469 0.599609 0.232812 0.291406 0.000578956
0 0.692578 0.474219 0.127344 0.215625 0.000584332
0 0.514844 0.293359 0.173438 0.267969 0.000611966
0 0.525391 0.530078 0.185156 0.255469 0.000632879
0 0.712109 0.576953 0.167969 0.149219 0.000688812
0 0.593359 0.273828 0.185156 0.341406 0.000726203
0 0.596484 0.236328 0.0617188 0.0851562 0.000732934
0 0.198437 0.36875 0.140625 0.220313 0.000774569
0 0.0632813 0.860547 0.126563 0.272656 0.000814269
0 0.26875 0.966406 0.320312 0.0671875 0.000818984
0 0.0429688 0.346094 0.0859375 0.601562 0.000820528
0 0.521484 0.384766 0.182031 0.277344 0.000877673
0 0.162109 0.347266 0.121094 0.205469 0.000920201
0 0.141016 0.965625 0.272656 0.06875 0.000922902
0 0.158984 0.451562 0.138281 0.240625 0.000934599
0 0.186328 0.678516 0.333594 0.510156 0.000940034
0 0.601172 0.223828 0.0976562 0.121094 0.000990501
0 0.45 0.882422 0.435937 0.235156 0.00101905
0 0.656641 0.590625 0.152344 0.154687 0.00108196
0 0.634375 0.457422 0.1875 0.216406 0.00116762
0 0.0808594 0.933594 0.161719 0.132812 0.00131394
0 0.220313 0.175 0.151562 0.184375 0.00138345
0 0.574609 0.451953 0.132031 0.232031 0.00144856
0 0.274609 0.892187 0.416406 0.215625 0.00156199
0 0.583203 0.588672 0.233594 0.232031 0.00173664
0 0.117969 0.355078 0.201562 0.575781 0.00187222
0 0.0671875 0.116016 0.134375 0.232031 0.00187892
0 0.359766 0.938281 0.410156 0.123438 0.00188453
0 0.652344 0.532422 0.15 0.182031 0.00188565
0 0.112891 0.901953 0.225781 0.196094 0.00192942
0 0.683984 0.670703 0.336719 0.338281 0.00193102
0 0.705078 0.522266 0.189844 0.271094 0.00198526
0 0.262891 0.115234 0.144531 0.208594 0.00227709
0 0.555078 0.209766 0.180469 0.192969 0.00238917
0 0.0445312 0.185937 0.0890625 0.36875 0.00268179
0 0.186719 0.942578 0.365625 0.114844 0.00287938
0 0.121094 0.0988281 0.239063 0.197656 0.00319681
0 0.132031 0.483984 0.159375 0.394531 0.00407859
0 0.614453 0.512109 0.142969 0.200781 0.00439309
0 0.250391 0.189844 0.166406 0.310937 0.00508545
0 0.671484 0.454688 0.183594 0.314063 0.00564231
0 0.164453 0.364844 0.171094 0.353125 0.00619956
0 0.0722656 0.26875 0.144531 0.501562 0.00913949
0 0.173047 0.139453 0.302344 0.269531 0.00921029
0 0.217187 0.319531 0.23125 0.517187 0.00953452
0 0.153906 0.583203 0.21875 0.408594 0.0107638
0 0.575781 0.384375 0.260938 0.434375 0.0110032
0 0.580469 0.484766 0.215625 0.285156 0.0250597
0 0.115625 0.193359 0.229687 0.380469 0.0275736
0 0.663672 0.598437 0.272656 0.225 0.0357675
0 0.633203 0.526172 0.261719 0.288281 0.219233
0 0.182422 0.457812 0.222656 0.515625 0.289273
