0 0.2625 0.263281 0.117188 0.15625 0.000100378
0 0.791797 0.450781 0.125781 0.276563 0.000100465
0 0.789844 0.362891 0.148438 0.325781 0.000101841
0 0.333594 0.575781 0.296875 0.364062 0.000103552
0 0.226953 0.508984 0.103906 0.250781 0.000111317
0 0.342187 0.513281 0.0859375 0.109375 0.000121735
0 0.666797 0.467578 0.205469 0.217969 0.000122153
0 0.392578 0.609375 0.117969 0.165625 0.000122485
0 0.772266 0.505859 0.122656 0.250781 0.000123743
0 0.342578 0.43125 0.147656 0.278125 0.000127168
0 0.741797 0.444531 0.0867188 0.109375 0.00014827
0 0.637109 0.552734 0.133594 0.178906 0.000152433
0 0.226953 0.386328 0.108594 0.280469 0.0001599
0 0.277734 0.388672 0.142969 0.283594 0.00019982
0 0.244531 0.327344 0.123438 0.251563 0.000202547
0 0.304297 0.544922 0.144531 0.142969 0.000205766
0 0.725781 0.581641 0.225 0.292969 0.000217227
0 0.705469 0.432813 0.148438 0.171875 0.000219739
0 0.313281 0.579687 0.235938 0.210938 0.000240459
0 0.758594 0.411328 0.132812 0.216406 0.000321248
0 0.720703 0.524609 0.150781 0.221094 0.000432049
0 0.270703 0.280469 0.158594 0.23125 0.000444299
0 0.305078 0.285547 0.257031 0.488281 0.000474183
0 0.260156 0.528125 0.126563 0.2 0.000505044
0 0.385938 0.53125 0.129688 0.214062 0.000571315
0 0.665234 0.546875 0.214844 0.245312 0.000601009
0 0.782031 0.507812 0.184375 0.335938 0.000702227
0 0.374609 0.444141 0.213281 0.402344 0.00071489
0 0.218359 0.471484 0.164844 0.421094 0.000775151
0 0.344141 0.510547 0.138281 0.160156 0.000810332
0 0.302344 0.469922 0.15 0.250781 0.000982451
0 0.244531 0.446875 0.117188 0.285937 0.00113126
0 0.701953 0.366797 0.252344 0.513281 0.00169227
0 0.753516 0.412109 0.177344 0.394531 0.00578671
0 0.2625 0.511328 0.192188 0.288281 0.00616814
0 0.248828 0.373828 0.161719 0.405469 0.00700945
0 0.330078 0.515625 0.217969 0.217187 0.00741692
0 0.740625 0.470313 0.139062 0.234375 0.025777
0 0.296094 0.428125 0.248437 0.421875 0.344207
0 0.715625 0.482812 0.225 0.3 0.412351
