0 0.426172 0.900391 0.375781 0.199219 0.00010284
0 0.363281 0.215234 0.0421875 0.0476562 0.000106806
0 0.642578 0.594922 0.108594 0.163281 0.000109094
0 0.267578 0.5125 0.111719 0.207813 0.000109648
0 0.367969 0.200781 0.0421875 0.0421875 0.000109833
0 0.676953 0.533594 0.0976562 0.184375 0.000114445
0 0.66875 0.327734 0.104687 0.144531 0.000121076
0 0.420703 0.594531 0.146094 0.15625 0.000123781
0 0.747656 0.199219 0.0359375 0.04375 0.00012441
0 0.803125 0.580078 0.0828125 0.107031 0.000124555
0 0.763281 0.557813 0.129688 0.23125 0.000124952
0 0.425 0.949219 0.257812 0.0953125 0.00012678
0 0.419922 0.400781 0.147656 0.24375 0.000128895
0 0.382812 0.547266 0.0890625 0.113281 0.000131773
0 0.754297 0.490625 0.280469 0.435937 0.000134733
0 0.805859 0.671484 0.0835937 0.105469 0.000136782
0 0.346875 0.491797 0.0890625 0.105469 0.00013844
0 0.754297 0.227734 0.0601562 0.0867188 0.000145612
0 0.655078 0.480859 0.102344 0.207031 0.000149675
0 0.800391 0.446875 0.0710938 0.129688 0.000156327
0 0.383203 0.201562 0.0492188 0.0421875 0.000162095
0 0.745313 0.216797 0.040625 0.0632813 0.000165391
0 0.364844 0.473437 0.0859375 0.103125 0.000172034
0 0.800781 0.490234 0.0796875 0.172656 0.000175839
0 0.760547 0.618359 0.0914062 0.110156 0.00017707
0 0.370703 0.364062 0.178906 0.314063 0.000193283
0 0.823828 0.571094 0.0945313 0.257812 0.000197037
0 0.79375 0.344531 0.0765625 0.115625 0.000200782
0 0.822266 0.692578 0.0679687 0.0867188 0.000202884
0 0.641406 0.531641 0.0921875 0.219531 0.000202967
0 0.273047 0.467578 0.275781 0.416406 0.000204251
0 0.317578 0.401953 0.0898438 0.110156 0.0002075
0 0.275 0.365625 0.104687 0.167187 0.000214512
0 0.762109 0.255859 0.0351562 0.0664062 0.000214894
0 0.774219 0.236719 0.0390625 0.05625 0.000216964
0 0.720703 0.615234 0.0914062 0.108594 0.000225409
0 0.746875 0.285937 0.09375 0.160938 0.000229639
0 0.725781 0.645703 0.1375 0.132031 0.000230459
0 0.320312 0.303516 0.0671875 0.0820312 0.000239689
0 0.782812 0.446094 0.0984375 0.189063 0.000250749
0 0.75625 0.423828 0.110937 0.216406 0.000255801
0 0.785937 0.666406 0.126563 0.139062 0.000256213
0 0.275 0.404297 0.065625 0.0976562 0.000257634
0 0.324609 0.549609 0.0882813 0.108594 0.000277179
0 0.767187 0.196094 0.0359375 0.04375 0.000280275
0 0.722656 0.394141 0.06875 0.0992187 0.000300737
0 0.834375 0.672656 0.0609375 0.1375 0.000310567
0 0.671094 0.392188 0.104687 0.142188 0.000319979
0 0.791797 0.394922 0.0929687 0.171094 0.000330992
0 0.34375 0.531641 0.090625 0.113281 0.000338032
0 0.679688 0.441406 0.129688 0.210938 0.000355737
0 0.775781 0.3625 0.0796875 0.117188 0.000374614
0 0.764063 0.213281 0.0390625 0.0640625 0.000378563
0 0.775 0.2125 0.034375 0.05625 0.000391154
0 0.681641 0.628125 0.167969 0.14375 0.000406744
0 0.783594 0.317187 0.0734375 0.114063 0.000413672
0 0.317187 0.330469 0.0828125 0.110937 0.000432063
0 0.771875 0.290625 0.0671875 0.117188 0.000484802
0 0.337109 0.407031 0.142969 0.201562 0.000526814
0 0.71875 0.423438 0.103125 0.19375 0.000527378
0 0.335156 0.363672 0.0875 0.103906 0.00054705
0 0.365234 0.512891 0.0898438 0.114844 0.000597553
0 0.288672 0.446484 0.119531 0.261719 0.00060249
0 0.416406 0.532031 0.170312 0.204688 0.000662611
0 0.761719 0.325781 0.059375 0.0875 0.000700743
0 0.238672 0.597656 0.0679687 0.120312 0.000742741
0 0.332812 0.328516 0.11875 0.185156 0.000836895
0 0.696094 0.340625 0.103125 0.109375 0.000928434
0 0.737891 0.622266 0.271094 0.266406 0.000937894
0 0.678516 0.562109 0.152344 0.222656 0.000958586
0 0.802344 0.616016 0.0828125 0.107031 0.000973689
0 0.266406 0.586719 0.128125 0.153125 0.00102344
0 0.800391 0.526953 0.114844 0.336719 0.00103143
0 0.676953 0.358203 0.0835937 0.0835937 0.00105321
0 0.310156 0.549609 0.140625 0.164844 0.00132846
0 0.720703 0.434766 0.157031 0.261719 0.001342
0 0.38125 0.574219 0.207813 0.221875 0.00143957
0 0.762109 0.326953 0.0804688 0.128906 0.00151731
0 0.750391 0.364453 0.0898438 0.102344 0.00210438
0 0.289062 0.401953 0.0953125 0.142969 0.00214806
0 0.302734 0.36875 0.0882813 0.117188 0.00215333
0 0.737109 0.338281 0.100781 0.129688 0.00220035
0 0.800781 0.6 0.104687 0.175 0.00234747
0 0.763281 0.485156 0.159375 0.360938 0.00235225
0 0.706641 0.380859 0.108594 0.111719 0.00274261
0 0.818359 0.651172 0.0851562 0.166406 0.00343049
0 0.364453 0.421875 0.271094 0.45 0.00410011
0 0.296484 0.521875 0.191406 0.253125 0.00680245
0 0.387109 0.471094 0.191406 0.301562 0.0080114
0 0.728125 0.601172 0.196875 0.174219 0.00819667
0 0.728906 0.36875 0.08125 0.0828125 0.0237927
0 0.766406 0.630469 0.184375 0.160938 0.0296771
0 0.327344 0.448438 0.18125 0.320312 0.0430101
0 0.310937 0.368359 0.121875 0.175781 0.052833
0 0.352344 0.525 0.2 0.2125 0.17781
