0 0.636328 0.368359 0.125781 0.175781 0.000107061
0 0.230469 0.148047 0.240625 0.246094 0.00010969
0 0.621484 0.492188 0.221094 0.207813 0.000113705
0 0.617188 0.680078 0.253125 0.235156 0.000116261
0 0.273828 0.15625 0.122656 0.121875 0.00013211
0 0.259375 0.408594 0.135937 0.198437 0.000136197
0 0.582031 0.149219 0.129688 0.148438 0.000141228
0 0.583984 0.147656 0.0773437 0.104687 0.000146562
0 0.140234 0.530859 0.132031 0.200781 0.000151402
0 0.260156 0.191406 0.0921875 0.125 0.000152694
0 0.280859 0.55 0.144531 0.19375 0.000167594
0 0.174219 0.225391 0.234375 0.325781 0.000168622
0 0.139844 0.427734 0.10625 0.194531 0.000172216
0 0.616406 0.425391 0.182812 0.186719 0.000185517
0 0.596484 0.173828 0.0882813 0.138281 0.000188716
0 0.681641 0.470703 0.142969 0.255469 0.000197326
0 0.176953 0.282031 0.110156 0.1875 0.000199518
0 0.550391 0.395312 0.171094 0.30625 0.000209207
0 0.303516 0.382422 0.164844 0.322656 0.000217012
0 0.279297 0.167578 0.150781 0.199219 0.000260215
0 0.592969 0.363281 0.165625 0.19375 0.000282643
0 0.197266 0.346875 0.169531 0.19375 0.000284134
0 0.677734 0.533984 0.205469 0.210156 0.000284287
0 0.161719 0.470313 0.146875 0.245312 0.00029879
0 0.632031 0.325391 0.204688 0.328906 0.000300143
0 0.601953 0.610156 0.191406 0.195312 0.000317659
0 0.286719 0.355469 0.2125 0.5625 0.000333488
0 0.128516 0.401172 0.155469 0.360156 0.000362617
0 0.160156 0.386719 0.132812 0.245312 0.00036273
0 0.584766 0.512109 0.258594 0.328906 0.00037498
0 0.240234 0.526563 0.146094 0.185937 0.000377314
0 0.602734 0.233984 0.175781 0.280469 0.000403378
0 0.591406 0.148828 0.05 0.0742188 0.000423784
0 0.716406 0.6 0.179688 0.214062 0.000432807
0 0.677344 0.6375 0.270312 0.239063 0.000562091
0 0.255859 0.228516 0.194531 0.294531 0.000866979
0 0.166797 0.321484 0.178906 0.346094 0.000938517
0 0.202734 0.432422 0.203906 0.214844 0.00100915
0 0.222656 0.587891 0.290625 0.249219 0.00105917
0 0.285547 0.476953 0.182031 0.267969 0.00123197
0 0.707422 0.480078 0.203906 0.382031 0.00140748
0 0.592188 0.326953 0.24375 0.472656 0.00184174
0 0.172266 0.5125 0.224219 0.246875 0.00262283
0 0.650391 0.553516 0.294531 0.296094 0.00473233
0 0.237109 0.492188 0.211719 0.20625 0.00494036
0 0.207813 0.327734 0.24375 0.494531 0.0150596
0 0.217969 0.458203 0.273438 0.353906 0.259124
0 0.630469 0.433984 0.289062 0.491406 0.427204
