0 0.301562 0.495313 0.303125 0.282813 0.000101493
0 0.774609 0.298438 0.0523437 0.065625 0.000101516
0 0.759766 0.484766 0.207031 0.147656 0.000105179
0 0.260156 0.452344 0.0859375 0.107813 0.000110739
0 0.399609 0.36875 0.157031 0.251563 0.000118455
0 0.861328 0.761328 0.127344 0.152344 0.000119889
0 0.930078 0.141797 0.139844 0.283594 0.000124976
0 0.787109 0.323828 0.0898438 0.128906 0.000127738
0 0.278516 0.471484 0.0867188 0.0976562 0.000131293
0 0.342578 0.524219 0.224219 0.115625 0.000132585
0 0.681641 0.428906 0.121094 0.198437 0.000145642
0 0.860547 0.646875 0.0945313 0.129688 0.00014615
0 0.397266 0.465625 0.150781 0.185937 0.000153148
0 0.880078 0.505469 0.0554687 0.0609375 0.000156787
0 0.361328 0.492188 0.117969 0.090625 0.000162572
0 0.857422 0.666406 0.158594 0.207813 0.000170596
0 0.764063 0.299609 0.103125 0.111719 0.000178959
0 0.818359 0.812891 0.261719 0.367969 0.000186303
0 0.860937 0.862109 0.184375 0.255469 0.000214621
0 0.870313 0.472656 0.0390625 0.0609375 0.000215822
0 0.387891 0.239844 0.150781 0.1125 0.000222196
0 0.845312 0.492578 0.114063 0.105469 0.000243175
0 0.786328 0.383984 0.110156 0.211719 0.000249629
0 0.819531 0.372266 0.05625 0.0726563 0.000253654
0 0.7125 0.470313 0.084375 0.1 0.000254268
0 0.240234 0.487109 0.0835937 0.0835937 0.000262295
0 0.316797 0.430078 0.164844 0.178906 0.000266487
0 0.679297 0.273828 0.130469 0.158594 0.000273318
0 0.685547 0.50625 0.110156 0.110937 0.000294669
0 0.275 0.384766 0.0796875 0.0726563 0.00032036
0 0.7625 0.317187 0.151562 0.178125 0.000320866
0 0.805078 0.467187 0.110156 0.09375 0.000334565
0 0.858203 0.725391 0.210156 0.321094 0.000354639
0 0.819141 0.384375 0.0695312 0.114063 0.000477799
0 0.721484 0.298438 0.164844 0.185937 0.000493975
0 0.862891 0.482812 0.0710938 0.075 0.000606226
0 0.277344 0.385156 0.101562 0.115625 0.000606846
0 0.341016 0.485547 0.188281 0.122656 0.000609928
0 0.358594 0.271094 0.1875 0.165625 0.000777852
0 0.775781 0.391797 0.189063 0.269531 0.000784308
0 0.832031 0.454297 0.115625 0.116406 0.000808543
0 0.329297 0.378125 0.222656 0.30625 0.000871594
0 0.814453 0.4 0.107031 0.170312 0.00101171
0 0.274219 0.505078 0.185937 0.124219 0.00104725
0 0.249219 0.481641 0.117188 0.133594 0.00113173
0 0.844922 0.469141 0.0867188 0.0757812 0.00130633
0 0.714844 0.399219 0.157813 0.251563 0.00139871
0 0.301562 0.328125 0.159375 0.228125 0.00145876
0 0.792578 0.451953 0.185156 0.139844 0.00155695
0 0.273438 0.404687 0.126563 0.189063 0.00192124
0 0.705859 0.462891 0.138281 0.155469 0.00238565
0 0.278125 0.458594 0.167187 0.170312 0.00401582
