0 0.573047 0.313281 0.125781 0.189063 0.000100426
0 0.6 0.273047 0.134375 0.149219 0.00010588
0 0.327344 0.211328 0.248437 0.224219 0.000107345
0 0.323047 0.302734 0.0898438 0.108594 0.00010785
0 0.214844 0.358594 0.25 0.503125 0.000108079
0 0.698828 0.361328 0.139844 0.180469 0.000109241
0 0.348047 0.228125 0.133594 0.132812 0.000112112
0 0.323047 0.585156 0.258594 0.210938 0.000112251
0 0.280859 0.339453 0.0914062 0.113281 0.000112266
0 0.765625 0.715234 0.148438 0.183594 0.000112269
0 0.764844 0.470703 0.159375 0.180469 0.000128581
0 0.805078 0.451953 0.0773437 0.111719 0.000133342
0 0.419141 0.496875 0.141406 0.20625 0.000137243
0 0.805469 0.571094 0.084375 0.110937 0.000137945
0 0.580469 0.275391 0.090625 0.108594 0.000137968
0 0.740625 0.283203 0.175 0.171094 0.000139817
0 0.820703 0.657812 0.0882813 0.110937 0.00014441
0 0.383203 0.257812 0.0867188 0.0984375 0.000144575
0 0.368359 0.498828 0.0914062 0.114844 0.000154263
0 0.584375 0.366406 0.16875 0.251563 0.000158129
0 0.301953 0.283594 0.0851562 0.101562 0.000165685
0 0.302734 0.423828 0.147656 0.263281 0.000169914
0 0.698438 0.532422 0.182812 0.191406 0.000171641
0 0.803516 0.532812 0.0835937 0.1125 0.000181584
0 0.301953 0.320312 0.0898438 0.107813 0.000182817
0 0.351172 0.528516 0.0898438 0.103906 0.000184896
0 0.660547 0.436719 0.258594 0.445312 0.000186268
0 0.813672 0.373437 0.138281 0.175 0.000187154
0 0.655078 0.715625 0.291406 0.264062 0.000189364
0 0.375781 0.149609 0.348437 0.280469 0.000190922
0 0.650781 0.278906 0.2125 0.198437 0.000195465
0 0.284766 0.26875 0.0617188 0.071875 0.000203866
0 0.389062 0.226562 0.140625 0.153125 0.000205247
0 0.819922 0.617578 0.0867188 0.114844 0.000208418
0 0.257422 0.444922 0.130469 0.238281 0.000222386
0 0.35 0.445312 0.146875 0.254687 0.000232649
0 0.676953 0.592188 0.136719 0.225 0.000239758
0 0.4125 0.305078 0.204688 0.247656 0.000260774
0 0.310156 0.246484 0.190625 0.144531 0.000272919
0 0.236719 0.507812 0.176563 0.204688 0.000277565
0 0.866016 0.604297 0.167969 0.586719 0.000281238
0 0.817187 0.487891 0.084375 0.108594 0.000288319
0 0.338672 0.358594 0.183594 0.190625 0.000307152
0 0.833984 0.616016 0.0960938 0.200781 0.000328078
0 0.767578 0.553125 0.141406 0.259375 0.000343979
0 0.826953 0.395312 0.0773437 0.0984375 0.000357387
0 0.282422 0.266797 0.0945313 0.102344 0.000386584
0 0.659766 0.527734 0.169531 0.263281 0.000401788
0 0.398047 0.448047 0.285156 0.427344 0.000432186
0 0.7625 0.364062 0.21875 0.315625 0.000506674
0 0.648828 0.358594 0.217969 0.240625 0.000555313
0 0.806641 0.455078 0.110156 0.217969 0.000587997
0 0.826172 0.6875 0.283594 0.451562 0.000747382
0 0.361719 0.315625 0.148438 0.165625 0.000768072
0 0.763672 0.615234 0.191406 0.203906 0.000801078
0 0.264844 0.361328 0.129688 0.225781 0.000821484
0 0.399219 0.566016 0.15 0.175781 0.000828386
0 0.720312 0.658203 0.207813 0.205469 0.000892174
0 0.257812 0.31875 0.1875 0.298438 0.000934874
0 0.805859 0.657031 0.133594 0.190625 0.000940077
0 0.664062 0.641016 0.201562 0.294531 0.000964955
0 0.822266 0.718359 0.127344 0.225781 0.000972522
0 0.309375 0.2875 0.1375 0.153125 0.00102616
0 0.329297 0.494531 0.224219 0.189063 0.00118753
0 0.695703 0.315625 0.199219 0.225 0.00134375
0 0.367188 0.262891 0.14375 0.146094 0.00157327
0 0.701172 0.565625 0.238281 0.378125 0.00178608
0 0.817578 0.512109 0.103906 0.207031 0.00200262
0 0.396875 0.235547 0.214062 0.225781 0.00210302
0 0.383594 0.528125 0.090625 0.107813 0.00250497
0 0.258203 0.432422 0.196094 0.330469 0.00279847
0 0.324609 0.505859 0.300781 0.300781 0.00296743
0 0.80625 0.593359 0.120312 0.214844 0.00299891
0 0.789062 0.728906 0.217187 0.26875 0.00399286
0 0.396875 0.463281 0.16875 0.321875 0.00439326
0 0.8 0.459766 0.142188 0.341406 0.00450919
0 0.308203 0.31875 0.196094 0.184375 0.0130564
0 0.823828 0.526953 0.124219 0.357031 0.0156729
0 0.739453 0.672656 0.278906 0.310937 0.016703
0 0.745313 0.450391 0.260938 0.535156 0.0251024
0 0.808203 0.636328 0.150781 0.355469 0.0255215
0 0.376953 0.525 0.167969 0.182812 0.0398254
0 0.351953 0.283984 0.233594 0.199219 0.0676339
0 0.783984 0.546094 0.196094 0.451562 0.21156
0 0.329688 0.377734 0.276563 0.450781 0.297445
