0 0.975781 0.770312 0.0484375 0.434375 0.00010051
0 0.633203 0.0167969 0.205469 0.0335938 0.00010101
0 0.855859 0.655469 0.122656 0.259375 0.000101944
0 0.619531 0.438281 0.153125 0.20625 0.000103183
0 0.287109 0.552734 0.124219 0.247656 0.00010422
0 0.322266 0.507031 0.0851562 0.1125 0.000104878
0 0.900781 0.907812 0.178125 0.184375 0.000108285
0 0.761328 0.447656 0.105469 0.129688 0.000113585
0 0.342578 0.4875 0.0820312 0.1 0.000115502
0 0.917969 0.773828 0.15625 0.452344 0.00011681
0 0.34375 0.570312 0.167187 0.18125 0.000117398
0 0.65625 0.677344 0.145313 0.264062 0.000126732
0 0.307813 0.471875 0.13125 0.179688 0.000129171
0 0.511719 0.395703 0.21875 0.242969 0.000135763
0 0.407031 0.342969 0.107813 0.123438 0.0001369
0 0.442969 0.330469 0.157813 0.19375 0.00014793
0 0.61875 0.046875 0.307813 0.09375 0.000153485
0 0.783594 0.696094 0.184375 0.19375 0.000154798
0 0.221484 0.797656 0.0914062 0.115625 0.000156553
0 0.830078 0.528125 0.0851562 0.123438 0.000166377
0 0.421484 0.720312 0.130469 0.229687 0.000167737
0 0.364453 0.633594 0.164844 0.176563 0.000171876
0 0.472266 0.512891 0.130469 0.180469 0.000176188
0 0.217578 0.690625 0.167969 0.376563 0.000181228
0 0.468359 0.444922 0.224219 0.417969 0.000182177
0 0.404297 0.656641 0.124219 0.239844 0.00019037
0 0.341016 0.741016 0.152344 0.171094 0.000193706
0 0.614844 0.0296875 0.234375 0.0578125 0.000195249
0 0.389844 0.723437 0.084375 0.0921875 0.000213808
0 0.343359 0.473828 0.122656 0.150781 0.000218772
0 0.472656 0.633594 0.14375 0.265625 0.000221194
0 0.462891 0.760156 0.228906 0.35625 0.000231692
0 0.225 0.202344 0.45 0.404687 0.000232935
0 0.657031 0.804297 0.201562 0.286719 0.000235486
0 0.826172 0.694531 0.139844 0.242188 0.000240671
0 0.7625 0.613672 0.135937 0.174219 0.000245074
0 0.799609 0.488672 0.164844 0.288281 0.000254353
0 0.277734 0.635938 0.127344 0.259375 0.000268897
0 0.858203 0.863672 0.224219 0.249219 0.00029054
0 0.625391 0.730859 0.192969 0.382031 0.000292125
0 0.3625 0.813281 0.2875 0.242188 0.000294762
0 0.28125 0.389062 0.432813 0.66875 0.000354949
0 0.767578 0.440234 0.147656 0.211719 0.00036328
0 0.322266 0.678906 0.205469 0.214062 0.000364915
0 0.275781 0.739453 0.0921875 0.103906 0.000377068
0 0.384375 0.591406 0.145313 0.170312 0.00038273
0 0.699609 0.406641 0.214844 0.221094 0.000399407
0 0.324219 0.526953 0.148438 0.174219 0.00048756
0 0.830078 0.578125 0.169531 0.375 0.000536715
0 0.802734 0.6375 0.150781 0.246875 0.000562194
0 0.257031 0.75625 0.0890625 0.104687 0.00056241
0 0.871484 0.647266 0.197656 0.558594 0.000589785
0 0.390234 0.415234 0.250781 0.364844 0.000615487
0 0.661328 0.608203 0.203906 0.411719 0.000682465
0 0.390234 0.721484 0.117969 0.161719 0.000711706
0 0.767969 0.805469 0.346875 0.304688 0.000810014
0 0.651563 0.477734 0.204688 0.305469 0.000813637
0 0.268359 0.551172 0.330469 0.692969 0.000919833
0 0.295703 0.737891 0.138281 0.147656 0.000957574
0 0.844531 0.761328 0.20625 0.392969 0.00121803
0 0.355469 0.491406 0.171875 0.21875 0.00160855
0 0.387891 0.763281 0.182031 0.217187 0.00182102
0 0.262109 0.699609 0.127344 0.252344 0.00193063
0 0.714844 0.496094 0.2875 0.425 0.00197205
0 0.515625 0.626562 0.3375 0.592188 0.00212652
0 0.498047 0.601953 0.186719 0.530469 0.00229505
0 0.388281 0.526563 0.2625 0.320312 0.00274001
0 0.763281 0.580469 0.240625 0.417188 0.00328322
0 0.390234 0.727344 0.244531 0.335938 0.0034843
0 0.246094 0.757031 0.126563 0.176563 0.00407042
0 0.31875 0.512891 0.217187 0.386719 0.00414604
0 0.662891 0.571094 0.311719 0.665625 0.00440274
0 0.486328 0.555078 0.147656 0.308594 0.00454012
0 0.425391 0.527734 0.313281 0.699219 0.00574061
0 0.696094 0.719531 0.26875 0.428125 0.00712402
0 0.283984 0.639453 0.196094 0.424219 0.0135592
0 0.292578 0.746875 0.217969 0.2125 0.0164942
0 0.435547 0.644141 0.221094 0.521094 0.019695
0 0.804688 0.682813 0.226562 0.396875 0.0231019
0 0.753906 0.620703 0.325 0.619531 0.29961
0 0.351562 0.610937 0.317187 0.55 0.302014
