0 0.0898438 0.642187 0.151562 0.576563 0.000100278
0 0.176563 0.510938 0.0890625 0.11875 0.000104106
0 0.239844 0.681641 0.23125 0.217969 0.000108448
0 0.624609 0.64375 0.161719 0.21875 0.000110648
0 0.166406 0.408203 0.1625 0.316406 0.000111577
0 0.741016 0.737891 0.150781 0.164844 0.000119264
0 0.240625 0.759375 0.146875 0.157813 0.000119695
0 0.392188 0.304688 0.134375 0.179688 0.000124201
0 0.210156 0.509766 0.1375 0.188281 0.000124483
0 0.372656 0.386328 0.171875 0.297656 0.000125228
0 0.283984 0.319531 0.157031 0.1875 0.000129331
0 0.822656 0.573828 0.109375 0.216406 0.000135861
0 0.593359 0.222266 0.142969 0.185156 0.000135922
0 0.194531 0.740625 0.15 0.195312 0.000148091
0 0.651563 0.407031 0.120312 0.24375 0.000163076
0 0.132812 0.782422 0.0921875 0.107031 0.0001783
0 0.133594 0.482422 0.182812 0.507031 0.000178664
0 0.757031 0.640625 0.192188 0.198437 0.000189693
0 0.714844 0.611328 0.084375 0.0882813 0.000192528
0 0.115625 0.802344 0.0890625 0.114063 0.000200762
0 0.090625 0.733203 0.121875 0.341406 0.000209102
0 0.306641 0.598828 0.121094 0.147656 0.000215296
0 0.861328 0.78125 0.130469 0.146875 0.000222993
0 0.238281 0.426172 0.204688 0.197656 0.000225546
0 0.316797 0.464063 0.299219 0.457812 0.000227677
0 0.798437 0.412109 0.0703125 0.105469 0.000229296
0 0.841797 0.637891 0.121094 0.264844 0.000254224
0 0.175 0.614453 0.135937 0.288281 0.000263685
0 0.634375 0.468359 0.154687 0.392969 0.000278972
0 0.598047 0.365625 0.147656 0.246875 0.000289241
0 0.674219 0.278125 0.078125 0.1 0.000299174
0 0.78125 0.700781 0.145313 0.209375 0.000300265
0 0.871484 0.694531 0.153906 0.320312 0.000317312
0 0.577344 0.270703 0.154687 0.175781 0.000350772
0 0.728906 0.360938 0.157813 0.175 0.000376204
0 0.677344 0.313281 0.121875 0.192188 0.000384338
0 0.823438 0.721484 0.142188 0.202344 0.000402572
0 0.1375 0.678906 0.11875 0.273438 0.000425534
0 0.314844 0.70625 0.195312 0.26875 0.000454866
0 0.153906 0.798437 0.142188 0.154687 0.000474271
0 0.191797 0.453125 0.122656 0.220313 0.000493187
0 0.651953 0.276953 0.124219 0.136719 0.000544241
0 0.801172 0.434766 0.0914062 0.172656 0.000576477
0 0.304688 0.426562 0.148438 0.159375 0.000655285
0 0.805859 0.484766 0.132031 0.330469 0.000703036
0 0.716797 0.676562 0.147656 0.223438 0.00071372
0 0.764063 0.405859 0.145313 0.199219 0.000762662
0 0.302734 0.599219 0.199219 0.460938 0.00101314
0 0.699219 0.6125 0.129688 0.189063 0.00109987
0 0.343359 0.329688 0.172656 0.23125 0.00116991
0 0.648047 0.36875 0.183594 0.298438 0.00118627
0 0.623047 0.297656 0.174219 0.2 0.00121557
0 0.773438 0.794141 0.3375 0.207031 0.00142549
0 0.326172 0.451172 0.185156 0.325781 0.00153449
0 0.661328 0.717969 0.194531 0.229687 0.0016812
0 0.112109 0.779297 0.110156 0.202344 0.00177843
0 0.703125 0.395312 0.207813 0.303125 0.00181518
0 0.801953 0.527734 0.192969 0.491406 0.00183939
0 0.255859 0.764063 0.291406 0.235938 0.00184466
0 0.841797 0.770703 0.202344 0.194531 0.00200902
0 0.176172 0.508594 0.122656 0.234375 0.00215857
0 0.185937 0.79375 0.246875 0.203125 0.00241809
0 0.658984 0.483984 0.224219 0.547656 0.00252142
0 0.833203 0.638281 0.172656 0.376563 0.00398975
0 0.294922 0.385156 0.210156 0.285937 0.00516426
0 0.801953 0.730469 0.242969 0.246875 0.00710406
0 0.191016 0.491797 0.182031 0.369531 0.00757788
0 0.682813 0.637109 0.190625 0.278906 0.0093629
0 0.152734 0.735156 0.177344 0.273438 0.0127809
0 0.202734 0.698828 0.272656 0.352344 0.0293014
0 0.726172 0.534375 0.269531 0.55625 0.0395088
0 0.737891 0.696484 0.277344 0.285156 0.0413487
0 0.160547 0.607813 0.177344 0.4875 0.0740013
0 0.229297 0.547656 0.310156 0.610937 0.26388
