0 0.231641 0.547266 0.138281 0.149219 0.000100043
0 0.187109 0.0367187 0.249219 0.0734375 0.000102354
0 0.210547 0.549609 0.0804688 0.0976562 0.000104756
0 0.803125 0.720312 0.0859375 0.1125 0.000105136
0 0.610156 0.697266 0.0890625 0.102344 0.000108927
0 0.176172 0.793359 0.139844 0.153906 0.00010928
0 0.0210938 0.881641 0.0421875 0.236719 0.00011206
0 0.04375 0.521484 0.0859375 0.602344 0.000123083
0 0.196094 0.720703 0.0859375 0.113281 0.000123443
0 0.592578 0.678125 0.0898438 0.09375 0.000126532
0 0.31875 0.462109 0.16875 0.230469 0.000130385
0 0.740234 0.754297 0.138281 0.144531 0.000136295
0 0.0378906 0.0917969 0.0757812 0.180469 0.000136648
0 0.275391 0.344141 0.164844 0.152344 0.000137429
0 0.654688 0.467578 0.157813 0.150781 0.000139106
0 0.613281 0.592578 0.128125 0.207031 0.000139736
0 0.0726563 0.688672 0.139062 0.486719 0.000143904
0 0.284375 0.776563 0.129688 0.140625 0.000147265
0 0.0277344 0.564844 0.0539063 0.448438 0.000152526
0 0.676562 0.427734 0.13125 0.117969 0.000161042
0 0.325391 0.0203125 0.216406 0.040625 0.000162661
0 0.295703 0.523828 0.186719 0.367969 0.000167292
0 0.748438 0.528125 0.1 0.178125 0.000171135
0 0.0488281 0.937109 0.0929687 0.125781 0.000177763
0 0.75625 0.717969 0.0875 0.1 0.000189639
0 0.214844 0.697266 0.084375 0.0929687 0.000192351
0 0.158203 0.112891 0.242969 0.200781 0.000192598
0 0.0851562 0.0746094 0.1625 0.149219 0.00019944
0 0.719141 0.4375 0.111719 0.145313 0.000202438
0 0.386328 0.034375 0.247656 0.06875 0.000207559
0 0.796875 0.638281 0.1 0.214062 0.000216945
0 0.195703 0.414844 0.199219 0.270312 0.000217072
0 0.717188 0.717578 0.090625 0.107031 0.000219275
0 0.173047 0.482422 0.272656 0.414844 0.000230205
0 0.192188 0.53125 0.0875 0.114063 0.000233683
0 0.657422 0.659375 0.139844 0.210938 0.00024153
0 0.575 0.756641 0.151562 0.194531 0.000243991
0 0.6125 0.53125 0.139062 0.170312 0.000244081
0 0.0875 0.546875 0.134375 0.5125 0.000246867
0 0.464844 0.0730469 0.378125 0.146094 0.000246956
0 0.0574219 0.860937 0.114844 0.278125 0.000248923
0 0.625781 0.0753906 0.390625 0.149219 0.000256348
0 0.135547 0.523047 0.136719 0.292969 0.000257331
0 0.595703 0.662109 0.124219 0.177344 0.000260689
0 0.305078 0.805859 0.117969 0.121094 0.000274485
0 0.235547 0.510547 0.182031 0.183594 0.00027986
0 0.104687 0.273047 0.209375 0.546094 0.000285778
0 0.585156 0.321484 0.15 0.166406 0.000292535
0 0.653906 0.021875 0.265625 0.0421875 0.000294447
0 0.0339844 0.819141 0.0679687 0.361719 0.000295053
0 0.185547 0.160938 0.371094 0.317187 0.000307437
0 0.485547 0.0351562 0.291406 0.06875 0.000308723
0 0.680859 0.0457031 0.353906 0.0914062 0.000313031
0 0.0367187 0.155078 0.0734375 0.205469 0.000325129
0 0.757031 0.515625 0.075 0.101562 0.000347641
0 0.0339844 0.360156 0.0648438 0.529688 0.000354245
0 0.697266 0.698438 0.0867188 0.103125 0.00037504
0 0.597266 0.710938 0.319531 0.39375 0.000379795
0 0.738281 0.483594 0.139062 0.228125 0.000385882
0 0.681641 0.409375 0.200781 0.23125 0.000386893
0 0.253125 0.441016 0.235938 0.325781 0.000412382
0 0.139453 0.678516 0.121094 0.274219 0.000416407
0 0.217969 0.754687 0.146875 0.164062 0.000437381
0 0.573828 0.0207031 0.238281 0.0414063 0.00049019
0 0.215625 0.635938 0.125 0.2875 0.000500816
0 0.163281 0.511328 0.0890625 0.114844 0.000501532
0 0.614062 0.483984 0.18125 0.264844 0.000508117
0 0.265625 0.796484 0.2125 0.172656 0.000520168
0 0.805078 0.753516 0.113281 0.117969 0.000531403
0 0.273047 0.0402344 0.319531 0.0804688 0.000537744
0 0.319922 0.779688 0.138281 0.19375 0.0005555
0 0.0964844 0.791016 0.149219 0.288281 0.000594903
0 0.678516 0.718359 0.144531 0.158594 0.000636625
0 0.631641 0.391797 0.232031 0.299219 0.000642518
0 0.689453 0.789453 0.394531 0.291406 0.000664362
0 0.732422 0.526953 0.166406 0.389844 0.000665466
0 0.0636719 0.182422 0.127344 0.322656 0.000687575
0 0.203516 0.802734 0.311719 0.216406 0.000689419
0 0.190625 0.550781 0.115625 0.182812 0.000751021
0 0.294922 0.646484 0.239844 0.449219 0.000771772
0 0.282422 0.09375 0.380469 0.184375 0.000825577
0 0.763672 0.596484 0.114844 0.283594 0.00100049
0 0.294922 0.733203 0.175781 0.203906 0.0010574
0 0.364062 0.0570313 0.346875 0.110937 0.00109026
0 0.71875 0.661719 0.19375 0.203125 0.00110081
0 0.570312 0.0484375 0.334375 0.0953125 0.00112505
0 0.139062 0.758203 0.139062 0.197656 0.00123655
0 0.757422 0.715234 0.138281 0.146094 0.00132689
0 0.107422 0.134766 0.214844 0.258594 0.00133032
0 0.61875 0.603906 0.173438 0.378125 0.00133154
0 0.234766 0.701563 0.182031 0.190625 0.00151714
0 0.614844 0.0320312 0.276563 0.0640625 0.00151775
0 0.173047 0.616406 0.135156 0.292188 0.00159749
0 0.208203 0.0632813 0.375781 0.123438 0.00188898
0 0.717969 0.699219 0.140625 0.14375 0.00270723
0 0.794141 0.689844 0.141406 0.21875 0.00291554
0 0.177734 0.724609 0.147656 0.192969 0.00415982
0 0.161719 0.514063 0.120312 0.179688 0.00425557
0 0.756641 0.739062 0.225781 0.192188 0.00434918
0 0.132422 0.682813 0.172656 0.415625 0.00441096
0 0.250781 0.692578 0.24375 0.299219 0.00524181
0 0.601953 0.710938 0.160156 0.204688 0.00533988
0 0.188672 0.489453 0.169531 0.260156 0.0105874
0 0.644922 0.744141 0.266406 0.230469 0.0131124
0 0.759375 0.64375 0.182812 0.3 0.0152609
0 0.687109 0.563281 0.285156 0.482812 0.015983
0 0.233594 0.557422 0.284375 0.575781 0.0173887
0 0.197656 0.747656 0.251563 0.217187 0.0493487
0 0.703125 0.708594 0.276563 0.215625 0.0592053
0 0.181641 0.625 0.207031 0.420312 0.187136
