0 0.0453125 0.737891 0.090625 0.310156 0.000100595
0 0.83125 0.470313 0.295312 0.609375 0.000101232
0 0.0707031 0.80625 0.141406 0.307813 0.000104261
0 0.282422 0.798437 0.150781 0.176563 0.000104447
0 0.71875 0.0277344 0.25 0.0554687 0.000105214
0 0.741406 0.383594 0.121875 0.207813 0.00010607
0 0.783984 0.530469 0.0835937 0.1 0.000106358
0 0.419531 0.437109 0.1875 0.386719 0.000107451
0 0.880078 0.689844 0.214844 0.55625 0.000109514
0 0.801953 0.449219 0.0804688 0.117188 0.000114569
0 0.721094 0.530859 0.115625 0.205469 0.000114942
0 0.246875 0.832031 0.196875 0.245312 0.000117415
0 0.401172 0.777734 0.122656 0.160156 0.00012282
0 0.265625 0.466797 0.0953125 0.192969 0.000127779
0 0.832812 0.594141 0.103125 0.272656 0.000128155
0 0.694141 0.360547 0.161719 0.261719 0.000132809
0 0.758594 0.342969 0.1 0.179688 0.000134956
0 0.839063 0.801562 0.096875 0.179688 0.000138814
0 0.290625 0.344531 0.0828125 0.10625 0.000144752
0 0.735937 0.808984 0.24375 0.235156 0.000157281
0 0.316797 0.880078 0.319531 0.232031 0.000157746
0 0.0175781 0.797656 0.0335938 0.1125 0.000159845
0 0.691016 0.243359 0.163281 0.161719 0.000164109
0 0.4125 0.389453 0.135937 0.205469 0.000172522
0 0.835938 0.721094 0.109375 0.257812 0.000180301
0 0.262891 0.656641 0.116406 0.255469 0.000187755
0 0.680859 0.7 0.116406 0.204688 0.000192669
0 0.329297 0.264453 0.124219 0.171094 0.000196842
0 0.346875 0.447266 0.114063 0.174219 0.000204013
0 0.737109 0.300391 0.130469 0.163281 0.000225429
0 0.395312 0.767969 0.314063 0.323438 0.000233526
0 0.397266 0.680078 0.124219 0.232031 0.000237325
0 0.786719 0.489453 0.084375 0.110156 0.000238948
0 0.257812 0.523828 0.175 0.625781 0.000256913
0 0.411328 0.315625 0.149219 0.189063 0.000262206
0 0.779297 0.385938 0.117969 0.2375 0.000264883
0 0.339844 0.305469 0.084375 0.107813 0.000281447
0 0.0433594 0.851953 0.0851562 0.286719 0.000290632
0 0.711328 0.479297 0.180469 0.430469 0.000301899
0 0.321484 0.358594 0.0835937 0.103125 0.000309214
0 0.0269531 0.880078 0.0523437 0.239844 0.000345862
0 0.0308594 0.741797 0.0585938 0.239844 0.000357541
0 0.807031 0.395312 0.151562 0.326562 0.000362408
0 0.764844 0.593359 0.132812 0.255469 0.000395888
0 0.760156 0.681641 0.145313 0.232031 0.000405098
0 0.682422 0.764453 0.152344 0.178906 0.000409194
0 0.015625 0.759375 0.03125 0.217187 0.000467845
0 0.328906 0.756641 0.15 0.177344 0.000475433
0 0.287109 0.717969 0.146094 0.209375 0.00049959
0 0.766016 0.510156 0.124219 0.204688 0.000505971
0 0.362891 0.402734 0.122656 0.213281 0.000534459
0 0.286719 0.428516 0.132812 0.253906 0.000552942
0 0.823047 0.710156 0.278906 0.401563 0.000578367
0 0.800781 0.680859 0.128125 0.257031 0.000628019
0 0.325781 0.681641 0.146875 0.200781 0.000641737
0 0.2375 0.803906 0.103125 0.192188 0.000651787
0 0.290234 0.342187 0.119531 0.164062 0.000656794
0 0.721094 0.301562 0.178125 0.240625 0.000738696
0 0.352344 0.346875 0.278125 0.335938 0.000758239
0 0.287109 0.566016 0.158594 0.416406 0.00082418
0 0.373828 0.283203 0.172656 0.208594 0.000861954
0 0.322266 0.325 0.0898438 0.114063 0.00090072
0 0.779688 0.736719 0.145313 0.2 0.000961984
0 0.348047 0.430078 0.202344 0.371094 0.000972071
0 0.389844 0.542969 0.190625 0.495313 0.000978639
0 0.709375 0.654297 0.171875 0.308594 0.00124812
0 0.8 0.572266 0.109375 0.266406 0.00125561
0 0.252734 0.729297 0.167969 0.285156 0.00128629
0 0.0269531 0.802344 0.0507812 0.189063 0.00154866
0 0.375391 0.351562 0.166406 0.2125 0.00170689
0 0.784375 0.469141 0.1125 0.191406 0.00181439
0 0.392578 0.765625 0.185156 0.225 0.00190649
0 0.815625 0.766016 0.171875 0.269531 0.002329
0 0.741797 0.3875 0.200781 0.3625 0.0024232
0 0.825391 0.564453 0.128906 0.444531 0.00282475
0 0.377344 0.662109 0.196875 0.317969 0.00286076
0 0.749219 0.539062 0.26875 0.592188 0.00308141
0 0.290234 0.654297 0.222656 0.391406 0.00308946
0 0.726172 0.721484 0.178906 0.192969 0.00331309
0 0.805469 0.467969 0.117188 0.3 0.00332274
0 0.311719 0.809766 0.271875 0.260156 0.00359782
0 0.314063 0.382422 0.15 0.238281 0.00368705
0 0.364453 0.717188 0.146094 0.195312 0.00473466
0 0.334375 0.312109 0.153125 0.197656 0.014369
0 0.779688 0.493359 0.15625 0.467969 0.0185664
0 0.322266 0.540625 0.235156 0.578125 0.021548
0 0.779688 0.623828 0.182812 0.414844 0.0396158
0 0.765234 0.719922 0.219531 0.266406 0.0468628
0 0.337109 0.723437 0.244531 0.260938 0.138415
