0 0.699609 0.277344 0.0710938 0.0984375 0.000101669
0 0.756641 0.470313 0.0929687 0.232812 0.000103783
0 0.282031 0.240625 0.115625 0.129688 0.000103787
0 0.662891 0.752344 0.211719 0.204688 0.000104372
0 0.955078 0.475 0.0867188 0.36875 0.000107081
0 0.599609 0.3 0.0960938 0.154687 0.000107433
0 0.967188 0.717578 0.065625 0.242969 0.000112604
0 0.366797 0.598828 0.153906 0.366406 0.000114304
0 0.971875 0.399609 0.05625 0.353906 0.000116632
0 0.281641 0.597656 0.138281 0.240625 0.00011696
0 0.699609 0.242969 0.0820312 0.0984375 0.000120014
0 0.679297 0.277734 0.102344 0.142969 0.000120786
0 0.702344 0.404687 0.1 0.217187 0.000122727
0 0.626953 0.716406 0.133594 0.173438 0.000124898
0 0.194531 0.383594 0.140625 0.335938 0.000125484
0 0.280078 0.321484 0.0742188 0.0976562 0.00013268
0 0.721484 0.383594 0.0945313 0.148438 0.000138758
0 0.298828 0.360938 0.113281 0.165625 0.000150304
0 0.254687 0.509766 0.123438 0.274219 0.00015085
0 0.260547 0.677344 0.0867188 0.10625 0.00015157
0 0.677734 0.447266 0.116406 0.225781 0.000157343
0 0.277734 0.402734 0.117969 0.238281 0.000164594
0 0.715234 0.259766 0.0648438 0.0882813 0.000167634
0 0.34375 0.694922 0.132812 0.136719 0.000170105
0 0.94375 0.727344 0.109375 0.326562 0.000171739
0 0.653125 0.532422 0.123438 0.214844 0.000171875
0 0.344531 0.512891 0.104687 0.188281 0.000174555
0 0.621094 0.350781 0.139062 0.278125 0.000175727
0 0.173828 0.683203 0.125781 0.286719 0.000179005
0 0.740234 0.530859 0.117969 0.224219 0.000182419
0 0.779688 0.659375 0.109375 0.209375 0.000189512
0 0.744141 0.397656 0.100781 0.21875 0.000190873
0 0.697266 0.571484 0.114844 0.146094 0.000192874
0 0.855078 0.703516 0.224219 0.342969 0.000199269
0 0.370313 0.553906 0.220313 0.578125 0.00020403
0 0.627734 0.475781 0.158594 0.371875 0.000218093
0 0.2375 0.596094 0.135937 0.210938 0.00022006
0 0.341406 0.233984 0.135937 0.127344 0.000228417
0 0.738672 0.735547 0.141406 0.150781 0.00023291
0 0.635156 0.299609 0.1125 0.152344 0.00023556
0 0.890234 0.625 0.205469 0.5375 0.000241884
0 0.239063 0.404687 0.109375 0.19375 0.0002427
0 0.715625 0.275 0.0875 0.139062 0.000243961
0 0.296875 0.313281 0.290625 0.345313 0.000245227
0 0.337109 0.309375 0.153906 0.225 0.000247088
0 0.2625 0.282813 0.1125 0.165625 0.000263108
0 0.682031 0.237891 0.13125 0.149219 0.000271249
0 0.626172 0.568359 0.119531 0.242969 0.00028171
0 0.24375 0.323047 0.117188 0.225781 0.00029484
0 0.719922 0.730859 0.292969 0.263281 0.000306515
0 0.967969 0.482422 0.0625 0.625781 0.000313123
0 0.789062 0.726562 0.129688 0.209375 0.00033782
0 0.175781 0.560547 0.153125 0.477344 0.000340444
0 0.720703 0.59375 0.132031 0.223438 0.000352908
0 0.723047 0.318359 0.107031 0.205469 0.000364576
0 0.383594 0.476562 0.36875 0.746875 0.000368346
0 0.641406 0.637891 0.126563 0.216406 0.000390872
0 0.964063 0.686719 0.071875 0.485938 0.000396386
0 0.342187 0.572656 0.117188 0.223438 0.00041229
0 0.338281 0.436719 0.192188 0.514063 0.000447629
0 0.759766 0.592969 0.119531 0.251563 0.000511122
0 0.946875 0.605078 0.104687 0.672656 0.00053989
0 0.201953 0.570703 0.111719 0.271094 0.000555224
0 0.279297 0.323438 0.110156 0.178125 0.000561771
0 0.607422 0.206641 0.136719 0.160156 0.000660157
0 0.654297 0.568359 0.160156 0.341406 0.000706359
0 0.724219 0.400781 0.1375 0.321875 0.000714272
0 0.311328 0.258203 0.161719 0.197656 0.000764213
0 0.221094 0.489062 0.115625 0.270312 0.000812627
0 0.303906 0.708984 0.225 0.197656 0.000862379
0 0.6875 0.313672 0.165625 0.264844 0.000977838
0 0.696875 0.716797 0.178125 0.167969 0.00102074
0 0.319141 0.376563 0.171094 0.303125 0.00102226
0 0.636719 0.275391 0.1625 0.252344 0.00106959
0 0.335547 0.649219 0.164844 0.226562 0.00112896
0 0.658594 0.375391 0.1875 0.403906 0.00142976
0 0.321094 0.54375 0.165625 0.329688 0.00146822
0 0.234766 0.707812 0.194531 0.204688 0.00155189
0 0.238672 0.399609 0.139844 0.314844 0.00164271
0 0.280078 0.659375 0.171094 0.182812 0.00207297
0 0.285547 0.316797 0.160156 0.250781 0.00216254
0 0.748047 0.558203 0.150781 0.400781 0.00225053
0 0.75625 0.686328 0.178125 0.261719 0.00234073
0 0.660156 0.682422 0.175 0.227344 0.00252667
0 0.205078 0.640625 0.149219 0.309375 0.00255356
0 0.697656 0.474219 0.201562 0.498437 0.00362745
0 0.265625 0.444531 0.185937 0.475 0.0037681
0 0.275391 0.529688 0.283594 0.534375 0.00451846
0 0.707812 0.652344 0.2125 0.289062 0.0110971
0 0.266797 0.636719 0.230469 0.2875 0.0164146
0 0.227734 0.542578 0.161719 0.441406 0.018928
