0 0.225391 0.338672 0.132031 0.160156 0.000106076
0 0.722656 0.467578 0.1375 0.164844 0.000107983
0 0.644531 0.173047 0.096875 0.113281 0.000108896
0 0.238672 0.282031 0.0851562 0.0953125 0.00010916
0 0.74375 0.586719 0.14375 0.129688 0.000112342
0 0.762891 0.514453 0.138281 0.192969 0.000118146
0 0.344922 0.278516 0.0945313 0.125781 0.00011905
0 0.841797 0.9625 0.230469 0.075 0.000122595
0 0.327734 0.199219 0.108594 0.09375 0.000127605
0 0.369922 0.235547 0.125781 0.163281 0.000127773
0 0.804688 0.300391 0.096875 0.0945313 0.000128142
0 0.313281 0.353516 0.171875 0.282031 0.000131022
0 0.669922 0.148438 0.0679687 0.0828125 0.00013145
0 0.303516 0.586719 0.139844 0.1375 0.000137545
0 0.933984 0.0585938 0.132031 0.117188 0.00013817
0 0.755859 0.177734 0.0648438 0.0882813 0.000139141
0 0.741797 0.163281 0.0960938 0.120312 0.000142381
0 0.779688 0.902734 0.154687 0.192969 0.000146392
0 0.720312 0.977734 0.234375 0.0445312 0.000155011
0 0.669141 0.198828 0.149219 0.153906 0.000180253
0 0.199219 0.590625 0.134375 0.13125 0.000180956
0 0.634766 0.0789063 0.232031 0.15625 0.000183947
0 0.655859 0.134766 0.0804688 0.0648438 0.00018639
0 0.674609 0.46875 0.197656 0.304688 0.000190067
0 0.269141 0.245312 0.125781 0.123438 0.000194891
0 0.239453 0.253906 0.0960938 0.0953125 0.000198665
0 0.401953 0.590234 0.133594 0.139844 0.000201997
0 0.778906 0.575781 0.2875 0.271875 0.000207888
0 0.428125 0.479297 0.203125 0.385156 0.000209389
0 0.860937 0.05 0.278125 0.0984375 0.000218977
0 0.699609 0.271094 0.119531 0.140625 0.000219898
0 0.267188 0.61875 0.271875 0.184375 0.000222198
0 0.194141 0.488672 0.180469 0.278906 0.00025855
0 0.781641 0.034375 0.274219 0.06875 0.000263042
0 0.780469 0.0867188 0.375 0.171875 0.000272446
0 0.765625 0.277344 0.14375 0.142188 0.000289798
0 0.262109 0.570703 0.149219 0.152344 0.000294935
0 0.325 0.235547 0.151562 0.139844 0.000298907
0 0.75 0.195703 0.09375 0.119531 0.000304549
0 0.648438 0.0359375 0.264062 0.071875 0.000317227
0 0.387891 0.976172 0.266406 0.0476562 0.000339659
0 0.278516 0.284766 0.185156 0.180469 0.000348193
0 0.801953 0.495313 0.197656 0.246875 0.000384365
0 0.766797 0.408203 0.214844 0.402344 0.000385598
0 0.660156 0.883203 0.4625 0.233594 0.000405414
0 0.323438 0.533203 0.134375 0.183594 0.000406682
0 0.401953 0.544141 0.163281 0.228906 0.000462425
0 0.723828 0.0523437 0.378906 0.104687 0.00050419
0 0.305469 0.403516 0.2375 0.455469 0.000528023
0 0.367188 0.216797 0.0984375 0.102344 0.000528789
0 0.233594 0.288672 0.13125 0.141406 0.000558467
0 0.825781 0.586719 0.164062 0.160938 0.000612547
0 0.203516 0.564844 0.205469 0.196875 0.000717988
0 0.73125 0.233203 0.123438 0.152344 0.000719555
0 0.702734 0.559375 0.194531 0.1625 0.00075861
0 0.734375 0.498437 0.214062 0.251563 0.000805652
0 0.501562 0.920703 0.46875 0.152344 0.000814848
0 0.816016 0.9375 0.264844 0.125 0.000821385
0 0.349609 0.573828 0.205469 0.199219 0.00121311
0 0.782031 0.567969 0.126563 0.109375 0.00132282
0 0.35625 0.479297 0.204688 0.328906 0.00138503
0 0.698438 0.931641 0.354688 0.132031 0.00144921
0 0.730859 0.959375 0.314844 0.0796875 0.00153692
0 0.244922 0.477734 0.253906 0.352344 0.00165742
0 0.469922 0.957031 0.361719 0.0859375 0.00224473
0 0.323828 0.956641 0.310156 0.0867188 0.00254832
0 0.774609 0.559766 0.197656 0.155469 0.00530646
0 0.281641 0.559375 0.244531 0.207813 0.00684286
0 0.389062 0.880859 0.4875 0.236719 0.00737043
0 0.763281 0.904688 0.339063 0.190625 0.00929185
0 0.391406 0.936719 0.423438 0.126563 0.0264806
