0 0.699219 0.590625 0.08125 0.1 0.000101174
0 0.571484 0.0179687 0.0867188 0.0359375 0.000102989
0 0.346094 0.680078 0.0875 0.114844 0.000103622
0 0.500391 0.0519531 0.199219 0.103906 0.000104282
0 0.322266 0.510547 0.114844 0.177344 0.000106966
0 0.753516 0.362891 0.0398437 0.0507812 0.000108366
0 0.735156 0.802344 0.0765625 0.114063 0.000109966
0 0.301953 0.699219 0.0867188 0.110937 0.000110605
0 0.598047 0.793359 0.325781 0.336719 0.000113129
0 0.270312 0.780078 0.189063 0.157031 0.000114625
0 0.733594 0.344922 0.0484375 0.0585938 0.00011739
0 0.251953 0.75625 0.316406 0.353125 0.000117731
0 0.315234 0.594922 0.0835937 0.0882813 0.00012022
0 0.282031 0.679297 0.0859375 0.111719 0.000120438
0 0.720703 0.530859 0.0867188 0.114844 0.000121441
0 0.153125 0.0488281 0.30625 0.0976562 0.00012425
0 0.753125 0.839063 0.314063 0.314063 0.000125202
0 0.260938 0.656641 0.08125 0.110156 0.000125617
0 0.389062 0.342969 0.142188 0.164062 0.000127601
0 0.717188 0.485938 0.08125 0.090625 0.000130018
0 0.242578 0.680469 0.0773437 0.1125 0.000134017
0 0.737891 0.360938 0.0507812 0.05625 0.000135427
0 0.698438 0.782031 0.084375 0.114063 0.000135929
0 0.71875 0.571484 0.0828125 0.100781 0.000136499
0 0.266406 0.535937 0.1 0.235938 0.000138724
0 0.664844 0.489062 0.096875 0.170312 0.000143116
0 0.450391 0.431641 0.128906 0.196094 0.000144545
0 0.711719 0.326562 0.059375 0.0703125 0.000148171
0 0.63125 0.0167969 0.0875 0.0335938 0.000150814
0 0.733984 0.407813 0.0867188 0.135937 0.000151939
0 0.412891 0.599609 0.144531 0.392969 0.000159005
0 0.699609 0.354688 0.0539063 0.071875 0.000159582
0 0.769531 0.510547 0.0640625 0.111719 0.000160946
0 0.383203 0.732031 0.0882813 0.104687 0.000166278
0 0.287891 0.490234 0.125781 0.280469 0.000171585
0 0.719141 0.359766 0.0507812 0.0679687 0.000172709
0 0.403125 0.626172 0.314063 0.482031 0.000177745
0 0.402344 0.426562 0.0828125 0.107813 0.00017799
0 0.740234 0.55 0.0804688 0.1125 0.000181627
0 0.295703 0.578516 0.0867188 0.0976562 0.000183989
0 0.282031 0.748047 0.0875 0.0835937 0.000188735
0 0.388281 0.464063 0.0828125 0.104687 0.000197753
0 0.207031 0.757031 0.0640625 0.0875 0.000199225
0 0.667578 0.467969 0.0710938 0.0890625 0.000199249
0 0.671094 0.325781 0.0796875 0.0828125 0.000202357
0 0.366016 0.698047 0.0867188 0.111719 0.000203554
0 0.218359 0.653125 0.139844 0.339063 0.000207646
0 0.301953 0.655078 0.0820312 0.103906 0.000211163
0 0.533203 0.0199219 0.146094 0.0398437 0.000215634
0 0.751953 0.840234 0.158594 0.239844 0.000222945
0 0.366406 0.486328 0.107813 0.138281 0.000235839
0 0.670703 0.0277344 0.171094 0.0554687 0.000250214
0 0.318359 0.633203 0.0757812 0.0851562 0.000256005
0 0.260938 0.700781 0.0875 0.110937 0.000257125
0 0.346094 0.718359 0.0890625 0.108594 0.000266111
0 0.714063 0.353906 0.0734375 0.0953125 0.000267075
0 0.632031 0.613672 0.123438 0.294531 0.00027762
0 0.298828 0.554688 0.121094 0.196875 0.000294123
0 0.749219 0.45 0.0859375 0.128125 0.00029847
0 0.324609 0.751562 0.130469 0.11875 0.000298928
0 0.382422 0.392969 0.285156 0.326562 0.00030418
0 0.755859 0.529688 0.0695312 0.109375 0.000322549
0 0.694531 0.660156 0.145313 0.203125 0.00033223
0 0.733594 0.617188 0.115625 0.242188 0.000348392
0 0.732422 0.817969 0.110156 0.165625 0.000372234
0 0.649609 0.0457031 0.189844 0.0914062 0.000392099
0 0.43125 0.355469 0.132812 0.176563 0.000392597
0 0.251563 0.615625 0.075 0.15 0.000399763
0 0.626953 0.800391 0.222656 0.238281 0.000443572
0 0.340625 0.738672 0.317187 0.280469 0.000486663
0 0.535547 0.0328125 0.182031 0.065625 0.00049268
0 0.715625 0.451172 0.109375 0.111719 0.000504485
0 0.687109 0.345703 0.0695312 0.0992187 0.000537229
0 0.671484 0.442969 0.0929687 0.153125 0.000561289
0 0.318359 0.596875 0.130469 0.1875 0.0005771
0 0.219922 0.693359 0.110156 0.213281 0.000582715
0 0.371094 0.444141 0.1 0.122656 0.000633963
0 0.220703 0.737891 0.0773437 0.0992187 0.000644207
0 0.296875 0.614844 0.08125 0.075 0.000682186
0 0.267969 0.639453 0.273438 0.389844 0.000688016
0 0.613672 0.01875 0.157031 0.0375 0.000746586
0 0.734766 0.722656 0.113281 0.251563 0.000791231
0 0.353516 0.391406 0.186719 0.235938 0.000797336
0 0.239844 0.719922 0.0890625 0.108594 0.000813648
0 0.699609 0.595312 0.136719 0.185937 0.00081581
0 0.570703 0.0566406 0.232031 0.113281 0.00082217
0 0.751562 0.489844 0.0828125 0.121875 0.000848513
0 0.409375 0.466797 0.129688 0.216406 0.000875873
0 0.657812 0.660547 0.134375 0.253906 0.000961818
0 0.383984 0.732422 0.130469 0.142969 0.000989524
0 0.266406 0.579687 0.0796875 0.146875 0.00106488
0 0.669531 0.530078 0.132812 0.258594 0.00116162
0 0.700781 0.416016 0.13125 0.203906 0.00128526
0 0.733984 0.484375 0.125781 0.16875 0.00128986
0 0.694141 0.467187 0.0992187 0.0953125 0.00153948
0 0.689453 0.832422 0.191406 0.250781 0.0015776
0 0.677344 0.759766 0.132812 0.210156 0.00159459
0 0.373437 0.434766 0.1375 0.183594 0.00171981
0 0.6 0.0335938 0.190625 0.065625 0.0019726
0 0.719141 0.533594 0.128906 0.192188 0.00197498
0 0.747656 0.648438 0.145313 0.404687 0.00202601
0 0.751562 0.555469 0.09375 0.18125 0.00206418
0 0.269922 0.570703 0.149219 0.364844 0.00215076
0 0.375781 0.656641 0.15625 0.241406 0.00228992
0 0.700781 0.648047 0.264062 0.463281 0.00257581
0 0.265625 0.609766 0.0625 0.0804688 0.00259545
0 0.631641 0.729688 0.167969 0.25625 0.00260096
0 0.695312 0.479688 0.132812 0.201562 0.00265839
0 0.4 0.474609 0.16875 0.347656 0.00285756
0 0.321875 0.660547 0.1375 0.196094 0.00340278
0 0.280469 0.732813 0.135937 0.10625 0.00449234
0 0.683203 0.769922 0.282031 0.314844 0.00470864
0 0.276953 0.611719 0.0929687 0.117188 0.00476005
0 0.405469 0.392578 0.142188 0.221094 0.00560689
0 0.251953 0.657422 0.133594 0.246094 0.0056656
0 0.726172 0.782812 0.152344 0.246875 0.00699759
0 0.248047 0.725 0.141406 0.145313 0.00855794
0 0.345703 0.714844 0.183594 0.178125 0.0104904
0 0.275391 0.607031 0.116406 0.228125 0.0127677
0 0.704297 0.56875 0.169531 0.304688 0.0186208
0 0.330469 0.552344 0.2375 0.4625 0.0312839
0 0.690234 0.712891 0.188281 0.314844 0.057329
0 0.296094 0.694141 0.20625 0.208594 0.0685416
