0 0.210938 0.334375 0.0765625 0.1 0.000101499
0 0.0207031 0.729297 0.0414063 0.427344 0.000107582
0 0.179688 0.284375 0.065625 0.103125 0.000109396
0 0.744141 0.653125 0.0929687 0.114063 0.000110181
0 0.917969 0.0332031 0.164062 0.0632813 0.000111736
0 0.764063 0.621875 0.0953125 0.109375 0.000112396
0 0.273047 0.0570313 0.457031 0.114063 0.000124482
0 0.828516 0.569141 0.174219 0.472656 0.000128443
0 0.196875 0.642578 0.0828125 0.117969 0.000129151
0 0.234375 0.71875 0.0875 0.1125 0.000132027
0 0.0230469 0.521484 0.0460938 0.457031 0.000132917
0 0.0417969 0.520312 0.0835937 0.734375 0.000141773
0 0.769141 0.490625 0.166406 0.567187 0.000142764
0 0.763281 0.246875 0.0734375 0.0984375 0.000142882
0 0.176953 0.6375 0.271094 0.478125 0.000150508
0 0.762891 0.672656 0.0929687 0.114063 0.000154435
0 0.666016 0.752734 0.132031 0.172656 0.000163198
0 0.172266 0.30625 0.0429688 0.0671875 0.000166404
0 0.335547 0.697656 0.152344 0.242188 0.000173318
0 0.230469 0.377344 0.132812 0.334375 0.000182271
0 0.189063 0.363281 0.121875 0.271875 0.000222122
0 0.773438 0.269922 0.06875 0.0960938 0.000238708
0 0.217578 0.699219 0.0914062 0.1125 0.000243892
0 0.728125 0.196094 0.0703125 0.0828125 0.00024415
0 0.234766 0.475 0.283594 0.634375 0.000256443
0 0.169531 0.676953 0.114063 0.210156 0.000263576
0 0.821484 0.809375 0.0664062 0.0796875 0.000270205
0 0.808203 0.757812 0.167969 0.24375 0.00030846
0 0.253125 0.571875 0.198437 0.385938 0.000323471
0 0.729297 0.617578 0.141406 0.158594 0.000330751
0 0.366016 0.772656 0.103906 0.11875 0.000358688
0 0.294531 0.65625 0.1875 0.257812 0.000378918
0 0.184766 0.745703 0.146094 0.261719 0.000379797
0 0.195312 0.679297 0.0875 0.110156 0.000460622
0 0.648438 0.0996094 0.0828125 0.0773437 0.000469287
0 0.706641 0.721875 0.183594 0.234375 0.000489271
0 0.764063 0.712891 0.145313 0.257031 0.000503182
0 0.233203 0.6375 0.141406 0.228125 0.000632516
0 0.318359 0.7625 0.166406 0.15 0.000666935
0 0.220313 0.303125 0.1 0.129688 0.000815084
0 0.194922 0.346094 0.0867188 0.153125 0.000916763
0 0.233984 0.731641 0.135156 0.166406 0.000988769
0 0.78125 0.650391 0.090625 0.110156 0.00114136
0 0.234375 0.659375 0.270312 0.3375 0.00115483
0 0.716797 0.649609 0.197656 0.238281 0.00122194
0 0.797656 0.595703 0.139062 0.257031 0.0012336
0 0.211328 0.492578 0.155469 0.547656 0.00207848
0 0.255469 0.722656 0.215625 0.207813 0.00444617
0 0.748828 0.585547 0.188281 0.291406 0.00520294
0 0.771094 0.683594 0.278125 0.296875 0.00610037
0 0.195703 0.614844 0.128906 0.296875 0.00640955
0 0.196875 0.307813 0.08125 0.0984375 0.00859079
0 0.210938 0.690625 0.160938 0.245312 0.0358632
0 0.773438 0.651172 0.178125 0.194531 0.139531
