0 0.328125 0.344141 0.0828125 0.0820312 0.000102574
0 0.723047 0.591797 0.172656 0.221094 0.000103249
0 0.382812 0.276563 0.25625 0.36875 0.000104104
0 0.654297 0.716406 0.160156 0.207813 0.000104543
0 0.214844 0.515625 0.0921875 0.109375 0.000108284
0 0.196875 0.721484 0.1875 0.285156 0.000109614
0 0.272656 0.235938 0.173438 0.253125 0.000110146
0 0.8 0.471875 0.15 0.423438 0.000112377
0 0.973047 0.269141 0.0539063 0.469531 0.000116418
0 0.258984 0.614062 0.144531 0.240625 0.000116649
0 0.273828 0.229297 0.0882813 0.127344 0.000120493
0 0.773047 0.450781 0.0898438 0.1875 0.000120844
0 0.326562 0.324609 0.132812 0.161719 0.000124411
0 0.345313 0.358984 0.084375 0.0960938 0.000125318
0 0.798828 0.676172 0.138281 0.285156 0.000131785
0 0.0316406 0.111328 0.0617188 0.222656 0.00013404
0 0.341016 0.613672 0.127344 0.196094 0.000135971
0 0.787109 0.203516 0.386719 0.405469 0.000142829
0 0.754687 0.385938 0.109375 0.209375 0.000147603
0 0.942187 0.223047 0.115625 0.442969 0.000150503
0 0.255469 0.49375 0.153125 0.215625 0.000152271
0 0.887891 0.131641 0.216406 0.263281 0.000152631
0 0.300391 0.557031 0.189844 0.201562 0.00015415
0 0.314063 0.275781 0.182812 0.257812 0.000159899
0 0.868359 0.0664062 0.258594 0.132812 0.000165994
0 0.451562 0.352734 0.246875 0.447656 0.000167499
0 0.260156 0.300391 0.0765625 0.107031 0.000170453
0 0.517578 0.434375 0.255469 0.496875 0.000174832
0 0.176563 0.526172 0.129688 0.310156 0.000175816
0 0.217578 0.552734 0.0929687 0.113281 0.000176613
0 0.731641 0.321094 0.0835937 0.0953125 0.000181674
0 0.665234 0.321875 0.116406 0.135937 0.00018218
0 0.375781 0.685938 0.21875 0.270312 0.000182456
0 0.680859 0.308594 0.0835937 0.0828125 0.000184158
0 0.323047 0.448438 0.0960938 0.1625 0.000193797
0 0.940234 0.108203 0.119531 0.216406 0.000196053
0 0.255859 0.142969 0.419531 0.285937 0.000201119
0 0.242578 0.314453 0.0976562 0.149219 0.000203566
0 0.657422 0.65625 0.132031 0.223438 0.000252654
0 0.348047 0.702344 0.319531 0.373437 0.000256019
0 0.344922 0.425391 0.132031 0.255469 0.000256749
0 0.183984 0.08125 0.360156 0.1625 0.000257425
0 0.218359 0.451953 0.102344 0.203906 0.000260213
0 0.271094 0.219531 0.284375 0.321875 0.000272576
0 0.271875 0.314844 0.125 0.182812 0.000286867
0 0.2375 0.360156 0.120312 0.229687 0.00028933
0 0.721484 0.676953 0.217969 0.253906 0.000294113
0 0.0792969 0.084375 0.157031 0.16875 0.000298669
0 0.371875 0.355078 0.128125 0.211719 0.0003064
0 0.661719 0.351172 0.176563 0.267969 0.000307371
0 0.726172 0.532812 0.132031 0.2625 0.000316977
0 0.448047 0.240625 0.339844 0.48125 0.000321023
0 0.376172 0.39375 0.171094 0.371875 0.000323559
0 0.75625 0.401563 0.303125 0.625 0.000343877
0 0.0644531 0.146484 0.125781 0.292969 0.00034755
0 0.344922 0.359766 0.121094 0.135156 0.000389868
0 0.0339844 0.229687 0.0679687 0.459375 0.000407761
0 0.248828 0.767578 0.236719 0.272656 0.000496017
0 0.773828 0.572266 0.111719 0.214844 0.000522483
0 0.204297 0.515234 0.105469 0.188281 0.00057562
0 0.692187 0.287891 0.154687 0.172656 0.000594737
0 0.309375 0.725 0.214062 0.234375 0.000678878
0 0.698828 0.396094 0.178906 0.285937 0.000693734
0 0.638281 0.610937 0.357812 0.546875 0.000728713
0 0.470703 0.609375 0.467969 0.751562 0.000746126
0 0.322266 0.357422 0.180469 0.278906 0.000832394
0 0.0683594 0.266406 0.136719 0.51875 0.000908967
0 0.133203 0.148047 0.255469 0.296094 0.00106461
0 0.539844 0.280859 0.339063 0.503906 0.00111562
0 0.721094 0.602734 0.278125 0.403906 0.00130197
0 0.326562 0.625781 0.19375 0.282813 0.00143454
0 0.635938 0.295312 0.29375 0.414062 0.00148206
0 0.194922 0.617969 0.146094 0.314063 0.00161713
0 0.357031 0.523047 0.360938 0.608594 0.0016636
0 0.698828 0.318359 0.108594 0.116406 0.00166848
0 0.244141 0.375391 0.375781 0.696094 0.00169733
0 0.660547 0.622656 0.188281 0.325 0.00175383
0 0.339844 0.475781 0.176563 0.3875 0.00178573
0 0.234766 0.553906 0.144531 0.167187 0.00184189
0 0.539844 0.448047 0.420312 0.760156 0.00208935
0 0.234375 0.451953 0.148438 0.353906 0.00227525
0 0.760547 0.511719 0.113281 0.28125 0.00241123
0 0.716797 0.329297 0.133594 0.183594 0.00248216
0 0.149609 0.266797 0.299219 0.511719 0.00265771
0 0.344141 0.3875 0.275781 0.5375 0.0032282
0 0.749219 0.409766 0.134375 0.358594 0.00416597
0 0.675 0.453125 0.26875 0.546875 0.00451587
0 0.259766 0.617188 0.230469 0.309375 0.00905624
0 0.769141 0.593359 0.141406 0.352344 0.011004
0 0.282813 0.464063 0.248437 0.457812 0.0115903
0 0.220313 0.553906 0.159375 0.284375 0.0155508
0 0.738281 0.516797 0.175 0.433594 0.0265396
