0 0.0796875 0.0195312 0.159375 0.0390625 0.000100623
0 0.301172 0.508203 0.205469 0.189844 0.000102417
0 0.675391 0.20625 0.217969 0.257812 0.000103856
0 0.0195312 0.134375 0.0390625 0.264062 0.000104738
0 0.607031 0.034375 0.2625 0.06875 0.000106001
0 0.644531 0.119531 0.389062 0.239063 0.000106504
0 0.763672 0.202344 0.135156 0.132812 0.000110445
0 0.325781 0.263672 0.142188 0.178906 0.00011115
0 0.825391 0.325391 0.0898438 0.0960938 0.000118222
0 0.302344 0.468359 0.145313 0.202344 0.000121594
0 0.940625 0.034375 0.11875 0.06875 0.000121788
0 0.741406 0.425 0.135937 0.221875 0.000121799
0 0.0339844 0.0726563 0.0679687 0.145313 0.000127315
0 0.232031 0.546094 0.29375 0.23125 0.000127416
0 0.966797 0.103906 0.0648438 0.207813 0.000132262
0 0.89375 0.141016 0.2125 0.271094 0.000132272
0 0.174609 0.511719 0.197656 0.225 0.000134041
0 0.0585938 0.0355469 0.117188 0.0695312 0.000134516
0 0.821875 0.264453 0.146875 0.178906 0.000134681
0 0.355859 0.161328 0.216406 0.153906 0.000137459
0 0.955859 0.479297 0.0867188 0.407031 0.000146941
0 0.879297 0.289062 0.138281 0.184375 0.00014722
0 0.288281 0.198047 0.239063 0.221094 0.000149985
0 0.03125 0.351562 0.0625 0.3375 0.000153313
0 0.361328 0.301953 0.182031 0.188281 0.000154252
0 0.742578 0.198047 0.222656 0.227344 0.00016039
0 0.90625 0.320312 0.110937 0.203125 0.000160916
0 0.929297 0.204297 0.141406 0.408594 0.000164655
0 0.262891 0.262109 0.149219 0.167969 0.000176589
0 0.804297 0.510938 0.149219 0.223438 0.000182211
0 0.975781 0.223438 0.0484375 0.440625 0.000182638
0 0.776953 0.241797 0.0835937 0.0960938 0.000187753
0 0.897656 0.0210938 0.204688 0.0421875 0.000211884
0 0.710938 0.434766 0.195312 0.317969 0.000224906
0 0.299219 0.367578 0.220313 0.202344 0.000241159
0 0.479297 0.0917969 0.392969 0.183594 0.000242393
0 0.783594 0.447656 0.184375 0.20625 0.000250117
0 0.701563 0.563672 0.203125 0.216406 0.000253495
0 0.8875 0.385156 0.0875 0.107813 0.000262874
0 0.919922 0.447266 0.124219 0.238281 0.000271001
0 0.705078 0.313281 0.180469 0.226562 0.00028347
0 0.935156 0.0972656 0.129688 0.189844 0.000284771
0 0.239063 0.327734 0.1375 0.217969 0.000293441
0 0.658203 0.0527344 0.263281 0.103906 0.000303216
0 0.0332031 0.389844 0.0648438 0.645312 0.00034303
0 0.325391 0.201562 0.189844 0.13125 0.000348753
0 0.240625 0.239063 0.39375 0.478125 0.000359871
0 0.845703 0.342187 0.0914062 0.103125 0.000361782
0 0.482031 0.0351562 0.339063 0.0703125 0.00036344
0 0.539844 0.0566406 0.3875 0.113281 0.00036637
0 0.155469 0.0222656 0.28125 0.0445312 0.000386133
0 0.0316406 0.190625 0.0632813 0.38125 0.000392976
0 0.762891 0.281641 0.135156 0.205469 0.000400064
0 0.757812 0.0195312 0.259375 0.0390625 0.000432171
0 0.241406 0.486719 0.209375 0.192188 0.000432535
0 0.282031 0.301953 0.2 0.191406 0.000434156
0 0.409766 0.227734 0.180469 0.225781 0.000442306
0 0.398828 0.05625 0.417969 0.1125 0.000455546
0 0.0738281 0.05625 0.144531 0.110937 0.000458435
0 0.783203 0.127734 0.399219 0.252344 0.000469872
0 0.892187 0.585938 0.198437 0.232812 0.000527618
0 0.249609 0.286719 0.207031 0.375 0.000539851
0 0.740234 0.363281 0.158594 0.189063 0.000541392
0 0.0492188 0.271875 0.0984375 0.54375 0.000549653
0 0.884375 0.343359 0.090625 0.110156 0.000550196
0 0.779688 0.241406 0.125 0.129688 0.000552042
0 0.0800781 0.124219 0.158594 0.248437 0.000586002
0 0.221094 0.0355469 0.392188 0.0710938 0.000637066
0 0.370703 0.119141 0.350781 0.208594 0.000700251
0 0.80625 0.323047 0.148438 0.189844 0.000733967
0 0.907422 0.05 0.183594 0.1 0.000776339
0 0.845312 0.448047 0.182812 0.200781 0.000783211
0 0.396484 0.301172 0.227344 0.346094 0.000811651
0 0.872266 0.0816406 0.250781 0.163281 0.000815795
0 0.340234 0.498828 0.261719 0.288281 0.000898758
0 0.280859 0.428125 0.203906 0.209375 0.000905483
0 0.186328 0.380078 0.202344 0.408594 0.000919763
0 0.141797 0.185937 0.280469 0.367188 0.000996921
0 0.803125 0.385547 0.204688 0.189844 0.00105793
0 0.375391 0.397656 0.263281 0.364062 0.0011661
0 0.267188 0.0644531 0.476562 0.125781 0.00125041
0 0.194922 0.451562 0.152344 0.245312 0.00133083
0 0.239063 0.387891 0.165625 0.210156 0.00133198
0 0.778906 0.239453 0.185937 0.177344 0.00138627
0 0.116016 0.0355469 0.232031 0.0710938 0.00152038
0 0.865234 0.511328 0.189844 0.208594 0.00155098
0 0.719141 0.0734375 0.330469 0.146875 0.00165464
0 0.866797 0.0324219 0.261719 0.0632813 0.00171489
0 0.917969 0.517969 0.151562 0.273438 0.00176996
0 0.898828 0.386719 0.113281 0.203125 0.00182452
0 0.746484 0.355859 0.233594 0.330469 0.00183236
0 0.149219 0.05625 0.295312 0.1125 0.00258282
0 0.191406 0.100391 0.371875 0.194531 0.00269994
0 0.726172 0.0328125 0.324219 0.065625 0.00277934
0 0.80625 0.574219 0.334375 0.26875 0.00289084
0 0.349609 0.246484 0.236719 0.252344 0.00309289
0 0.780859 0.0492188 0.386719 0.096875 0.00327648
0 0.787109 0.278906 0.247656 0.267188 0.00522765
0 0.783984 0.478906 0.266406 0.334375 0.00584174
0 0.269531 0.464844 0.303125 0.276563 0.0061852
0 0.8625 0.347266 0.15625 0.169531 0.0106251
0 0.241406 0.396094 0.214062 0.326562 0.0198944
0 0.841406 0.319531 0.210938 0.267188 0.0223705
0 0.882812 0.398047 0.170312 0.280469 0.0226717
0 0.864453 0.502344 0.238281 0.34375 0.0284632
0 0.821484 0.387891 0.266406 0.436719 0.140844
0 0.301172 0.352734 0.314844 0.442969 0.290235
