0 0.0105469 0.0855469 0.0195312 0.171094 0.00010084
0 0.395312 0.391406 0.15625 0.175 0.000101495
0 0.181641 0.215234 0.0367187 0.0445312 0.000103919
0 0.780469 0.576953 0.0765625 0.107031 0.000107346
0 0.424219 0.619922 0.13125 0.242969 0.000107803
0 0.466016 0.567578 0.227344 0.424219 0.000112014
0 0.581641 0.0558594 0.152344 0.111719 0.00011352
0 0.0195312 0.570312 0.0390625 0.234375 0.000116342
0 0.817969 0.644531 0.279687 0.45625 0.000122715
0 0.19375 0.212891 0.0484375 0.0523437 0.000123025
0 0.763672 0.596875 0.0851562 0.109375 0.000129498
0 0.357422 0.372266 0.116406 0.130469 0.000129825
0 0.380078 0.380078 0.0773437 0.0632813 0.000131988
0 0.782812 0.694141 0.0890625 0.108594 0.000137704
0 0.658984 0.495313 0.158594 0.2 0.000138172
0 0.717969 0.0191406 0.090625 0.0335938 0.000144031
0 0.242578 0.739453 0.0882813 0.111719 0.000149934
0 0.701172 0.757031 0.147656 0.2125 0.000150473
0 0.426953 0.374609 0.0929687 0.102344 0.000164493
0 0.703516 0.0335938 0.0867188 0.059375 0.000174125
0 0.599219 0.034375 0.139062 0.06875 0.000176982
0 0.814453 0.717969 0.130469 0.2 0.000190429
0 0.705859 0.0484375 0.117969 0.0953125 0.000192378
0 0.782422 0.61875 0.0835937 0.115625 0.000213145
0 0.796484 0.536328 0.0992187 0.252344 0.000224223
0 0.812891 0.640234 0.0570313 0.111719 0.00028881
0 0.363281 0.378125 0.0578125 0.084375 0.000291013
0 0.740234 0.0335938 0.0945313 0.0625 0.00029106
0 0.812109 0.676172 0.0679687 0.108594 0.0002937
0 0.817578 0.0351562 0.221094 0.0671875 0.000296548
0 0.362109 0.641016 0.211719 0.213281 0.0003005
0 0.719531 0.5375 0.145313 0.217187 0.000339648
0 0.656641 0.0195312 0.200781 0.0390625 0.000348294
0 0.764844 0.655078 0.0890625 0.0992187 0.000356542
0 0.414062 0.489453 0.2125 0.371094 0.000362436
0 0.394141 0.363672 0.107031 0.0976562 0.000375632
0 0.454297 0.685938 0.182031 0.292188 0.000438695
0 0.406641 0.759766 0.350781 0.378906 0.000455936
0 0.672266 0.644922 0.183594 0.278906 0.000477306
0 0.419531 0.752344 0.195312 0.253125 0.000477413
0 0.757031 0.497266 0.173438 0.327344 0.000551282
0 0.775 0.810938 0.3125 0.34375 0.000559151
0 0.695312 0.497266 0.220313 0.286719 0.000591122
0 0.725391 0.0746094 0.247656 0.147656 0.000599782
0 0.691797 0.766406 0.241406 0.271875 0.000692786
0 0.667969 0.561719 0.167187 0.25625 0.000727319
0 0.321094 0.679688 0.151562 0.210938 0.000770854
0 0.404297 0.680469 0.144531 0.234375 0.000784252
0 0.820312 0.648438 0.084375 0.214062 0.00100301
0 0.2625 0.735547 0.132812 0.150781 0.00105738
0 0.720703 0.695703 0.147656 0.210156 0.00112085
0 0.651953 0.046875 0.225781 0.09375 0.00117693
0 0.739844 0.0214844 0.1625 0.0398437 0.00122426
0 0.279297 0.650391 0.191406 0.282031 0.00123743
0 0.361719 0.697656 0.15 0.207813 0.00132346
0 0.797266 0.658594 0.0757812 0.103125 0.00147056
0 0.313281 0.785937 0.335938 0.271875 0.00147636
0 0.698828 0.0316406 0.217969 0.0617188 0.00181163
0 0.761328 0.576563 0.139844 0.240625 0.0018285
0 0.760156 0.716797 0.153125 0.211719 0.00211277
0 0.705469 0.614453 0.171875 0.192969 0.0022206
0 0.797266 0.676172 0.107031 0.172656 0.00342606
0 0.286719 0.735547 0.210938 0.192969 0.00382593
0 0.790625 0.761328 0.19375 0.305469 0.00406047
0 0.758594 0.0445312 0.201562 0.0890625 0.00455013
0 0.402344 0.653516 0.214062 0.324219 0.00712066
0 0.793359 0.610156 0.113281 0.234375 0.00814008
0 0.758594 0.656641 0.175 0.192969 0.0141085
0 0.360156 0.568359 0.26875 0.491406 0.0219647
0 0.726562 0.589844 0.226562 0.3 0.0318366
0 0.741406 0.696484 0.228125 0.307031 0.140961
0 0.338281 0.705469 0.289062 0.273438 0.258539
