0 0.542188 0.573828 0.107813 0.221094 0.00010003
0 0.338281 0.491406 0.115625 0.189063 0.000101578
0 0.741016 0.609375 0.149219 0.270312 0.000102652
0 0.619141 0.651563 0.150781 0.139062 0.000104879
0 0.191406 0.548047 0.285937 0.341406 0.000110162
0 0.571484 0.45 0.122656 0.215625 0.000112154
0 0.299219 0.669531 0.23125 0.215625 0.000112168
0 0.646094 0.367969 0.103125 0.14375 0.000112639
0 0.8375 0.448438 0.321875 0.776563 0.000113293
0 0.212891 0.408594 0.0804688 0.0703125 0.000114598
0 0.660937 0.614062 0.0859375 0.104687 0.000115014
0 0.239453 0.333984 0.177344 0.236719 0.000115593
0 0.182031 0.630078 0.157813 0.155469 0.000125658
0 0.166016 0.554688 0.0945313 0.1375 0.000128341
0 0.333203 0.655078 0.132031 0.172656 0.000128656
0 0.622266 0.309375 0.160156 0.19375 0.000129996
0 0.684375 0.952344 0.270312 0.084375 0.000152366
0 0.677734 0.450391 0.111719 0.230469 0.000155212
0 0.198047 0.372266 0.100781 0.146094 0.00015697
0 0.576953 0.260547 0.110156 0.116406 0.000157244
0 0.20625 0.668359 0.259375 0.208594 0.000176262
0 0.547266 0.638672 0.121094 0.196094 0.000181217
0 0.579297 0.66875 0.189844 0.18125 0.000190382
0 0.735937 0.553125 0.198437 0.43125 0.000197853
0 0.176172 0.401172 0.0695312 0.110156 0.000200386
0 0.696484 0.576563 0.0835937 0.117188 0.000216815
0 0.300391 0.553906 0.0882813 0.101562 0.000232594
0 0.616016 0.494531 0.188281 0.204688 0.00028111
0 0.339063 0.553125 0.13125 0.1875 0.000282902
0 0.680078 0.597656 0.0851562 0.110937 0.00032852
0 0.237109 0.425781 0.160156 0.15 0.000335447
0 0.681641 0.710938 0.199219 0.182812 0.000342607
0 0.183203 0.590625 0.127344 0.120312 0.000345885
0 0.258984 0.570312 0.0929687 0.0953125 0.000366528
0 0.174219 0.485938 0.11875 0.251563 0.000378956
0 0.266797 0.375391 0.238281 0.394531 0.000410927
0 0.726953 0.657031 0.0882813 0.1375 0.000440305
0 0.330078 0.485156 0.150781 0.303125 0.000513045
0 0.571875 0.532031 0.128125 0.240625 0.000519835
0 0.195703 0.423828 0.0945313 0.111719 0.00054648
0 0.201172 0.569922 0.0929687 0.0835937 0.000551625
0 0.692969 0.536328 0.101562 0.200781 0.000554891
0 0.201562 0.537891 0.135937 0.158594 0.000589282
0 0.712109 0.617578 0.0773437 0.105469 0.000696665
0 0.683203 0.635156 0.0851562 0.10625 0.000728599
0 0.582812 0.486719 0.18125 0.340625 0.00084992
0 0.717969 0.701563 0.1 0.1375 0.000939631
0 0.6375 0.612109 0.151562 0.158594 0.000971663
0 0.197656 0.439063 0.123438 0.19375 0.00128479
0 0.314453 0.598828 0.163281 0.183594 0.00150292
0 0.255859 0.588672 0.153906 0.127344 0.00177911
0 0.298047 0.5125 0.166406 0.207813 0.00187265
0 0.710938 0.616797 0.1 0.166406 0.00274199
0 0.701563 0.654297 0.0828125 0.105469 0.00297704
0 0.276953 0.554297 0.146094 0.136719 0.00304561
0 0.655078 0.558203 0.164844 0.203906 0.00322595
0 0.577734 0.603516 0.160156 0.203906 0.0032967
0 0.241406 0.475781 0.217187 0.217187 0.00353986
0 0.674609 0.488281 0.150781 0.3625 0.0045057
0 0.215625 0.570312 0.185937 0.11875 0.0123029
0 0.698828 0.660937 0.128906 0.167187 0.0147371
0 0.638672 0.648438 0.247656 0.201562 0.0162142
0 0.238672 0.619531 0.258594 0.184375 0.0169048
0 0.619922 0.444531 0.252344 0.4875 0.021762
0 0.678516 0.605859 0.155469 0.202344 0.0245333
0 0.260547 0.4875 0.271094 0.357812 0.0299691
0 0.632422 0.564062 0.235156 0.2875 0.0932303
0 0.254687 0.562891 0.226562 0.180469 0.198768
