0 0.823828 0.469141 0.0914062 0.107031 0.000108247
0 0.759766 0.402344 0.0820312 0.0890625 0.000109646
0 0.321484 0.323828 0.144531 0.221094 0.000110345
0 0.279687 0.2375 0.05 0.06875 0.000111286
0 0.799609 0.344922 0.0898438 0.0992187 0.00011409
0 0.667578 0.35625 0.199219 0.420312 0.000121818
0 0.668359 0.487109 0.144531 0.211719 0.000130454
0 0.296875 0.237109 0.125 0.133594 0.000134436
0 0.721875 0.280469 0.167187 0.164062 0.000137038
0 0.669531 0.55 0.128125 0.1625 0.000138682
0 0.216797 0.323828 0.141406 0.249219 0.000142184
0 0.346875 0.280469 0.140625 0.15 0.000142993
0 0.698438 0.526953 0.090625 0.105469 0.000143199
0 0.192188 0.457812 0.265625 0.428125 0.00016133
0 0.762109 0.260156 0.163281 0.215625 0.000166423
0 0.762109 0.528125 0.150781 0.171875 0.000168383
0 0.285156 0.239844 0.0765625 0.09375 0.000173881
0 0.295312 0.3625 0.15 0.142188 0.000176557
0 0.207031 0.549609 0.090625 0.108594 0.000181971
0 0.842578 0.490234 0.0914062 0.111719 0.000196329
0 0.669531 0.221484 0.178125 0.155469 0.00020421
0 0.867578 0.404297 0.189844 0.453906 0.000205931
0 0.405078 0.261328 0.113281 0.150781 0.00020937
0 0.338281 0.207031 0.182812 0.153125 0.000221192
0 0.819531 0.388672 0.134375 0.221094 0.000232906
0 0.227344 0.575 0.182812 0.171875 0.000257236
0 0.277344 0.514063 0.139062 0.153125 0.000261128
0 0.821484 0.332812 0.186719 0.367188 0.000263016
0 0.20625 0.471484 0.10625 0.196094 0.000276945
0 0.387109 0.252734 0.0835937 0.0976562 0.000278959
0 0.275 0.450781 0.196875 0.225 0.000290518
0 0.765625 0.427344 0.182812 0.20625 0.000313767
0 0.382422 0.298047 0.141406 0.208594 0.000328712
0 0.839063 0.573047 0.28125 0.360156 0.000341789
0 0.701563 0.280078 0.228125 0.261719 0.000400455
0 0.347656 0.550391 0.223438 0.177344 0.000412333
0 0.2875 0.563281 0.304688 0.2625 0.000420643
0 0.349219 0.469922 0.08125 0.0710938 0.000445549
0 0.844531 0.569141 0.1375 0.177344 0.000469666
0 0.379687 0.514453 0.146875 0.186719 0.000479334
0 0.779297 0.382031 0.0882813 0.0953125 0.000484878
0 0.855469 0.473437 0.117188 0.203125 0.000485376
0 0.744531 0.364844 0.175 0.159375 0.00054335
0 0.779688 0.324609 0.160938 0.191406 0.000574749
0 0.236719 0.411719 0.125 0.20625 0.000576711
0 0.254297 0.367578 0.0835937 0.0914062 0.000613379
0 0.807422 0.546484 0.149219 0.178906 0.00063048
0 0.373047 0.358203 0.247656 0.436719 0.000686336
0 0.882812 0.534766 0.140625 0.264844 0.000737822
0 0.238672 0.346484 0.0789063 0.105469 0.000774074
0 0.234375 0.532422 0.090625 0.0976562 0.000986671
0 0.809375 0.580078 0.235938 0.219531 0.00102165
0 0.359766 0.468359 0.116406 0.110156 0.00112901
0 0.702734 0.487109 0.249219 0.267969 0.00116121
0 0.699219 0.522266 0.167187 0.174219 0.00145484
0 0.199609 0.526172 0.144531 0.213281 0.00161454
0 0.807031 0.467969 0.165625 0.21875 0.00167855
0 0.346875 0.477344 0.240625 0.289062 0.00179281
0 0.351562 0.476172 0.151562 0.171094 0.00195533
0 0.323828 0.276953 0.227344 0.242969 0.00197593
0 0.782031 0.382031 0.135937 0.1375 0.00233411
0 0.254297 0.347266 0.121094 0.185156 0.00247757
0 0.764063 0.326562 0.217187 0.296875 0.00261853
0 0.273047 0.323047 0.175781 0.257031 0.00295851
0 0.386328 0.217969 0.111719 0.115625 0.00436765
0 0.367188 0.241797 0.157813 0.166406 0.00686188
0 0.227734 0.537109 0.141406 0.149219 0.00796545
0 0.261719 0.51875 0.217187 0.209375 0.00846647
0 0.763281 0.528906 0.295312 0.24375 0.0145629
0 0.748047 0.390625 0.310156 0.48125 0.0318601
0 0.839844 0.514063 0.167187 0.267188 0.0409961
0 0.234766 0.446094 0.160156 0.340625 0.103731
0 0.292188 0.391406 0.264062 0.451562 0.177764
0 0.802344 0.453516 0.215625 0.358594 0.181431
