0 0.0128906 0.740234 0.0242187 0.230469 0.000100005
0 0.842969 0.696484 0.129688 0.153906 0.000101921
0 0.266797 0.386328 0.132031 0.219531 0.000105733
0 0.826172 0.496484 0.0867188 0.100781 0.000108693
0 0.343359 0.575781 0.0867188 0.0984375 0.00011111
0 0.40625 0.386719 0.164062 0.309375 0.000111834
0 0.517578 0.0960938 0.350781 0.192188 0.000112023
0 0.776953 0.40625 0.0882813 0.096875 0.000119258
0 0.469141 0.0546875 0.346094 0.10625 0.000121152
0 0.564062 0.0328125 0.29375 0.065625 0.000122699
0 0.264062 0.555078 0.1125 0.189844 0.000122953
0 0.741016 0.672266 0.247656 0.199219 0.000126032
0 0.739453 0.492578 0.132031 0.242969 0.000127442
0 0.326562 0.321875 0.0734375 0.0859375 0.000128717
0 0.028125 0.757031 0.05625 0.485938 0.000129605
0 0.374219 0.348828 0.14375 0.207031 0.000131332
0 0.253516 0.682813 0.300781 0.4 0.00013802
0 0.307422 0.297656 0.0882813 0.123438 0.000141874
0 0.253906 0.48125 0.08125 0.146875 0.000152023
0 0.321484 0.488281 0.125781 0.220313 0.000153547
0 0.469922 0.0324219 0.247656 0.0632813 0.000157994
0 0.816406 0.380469 0.107813 0.173438 0.000173024
0 0.865234 0.526953 0.102344 0.216406 0.000173166
0 0.399219 0.623828 0.298438 0.339844 0.000181616
0 0.706641 0.404297 0.199219 0.300781 0.000186193
0 0.3 0.635938 0.0921875 0.109375 0.000187476
0 0.261328 0.689844 0.110156 0.121875 0.000188003
0 0.383203 0.629687 0.128906 0.160938 0.000194512
0 0.302344 0.469141 0.103125 0.136719 0.000199165
0 0.419141 0.569141 0.186719 0.249219 0.00021277
0 0.826172 0.662891 0.275781 0.357031 0.000244911
0 0.783203 0.468359 0.169531 0.211719 0.000260796
0 0.274219 0.555859 0.278125 0.455469 0.000274072
0 0.782031 0.648828 0.146875 0.211719 0.000308734
0 0.788672 0.307422 0.114844 0.152344 0.0003177
0 0.374609 0.671484 0.225781 0.199219 0.000343264
0 0.0203125 0.811328 0.0390625 0.374219 0.00034465
0 0.314844 0.701172 0.2375 0.197656 0.000350749
0 0.362891 0.556641 0.133594 0.217969 0.000395151
0 0.326172 0.35625 0.182031 0.242188 0.000444792
0 0.329688 0.283203 0.0984375 0.110156 0.00044969
0 0.291406 0.447266 0.175 0.327344 0.000492439
0 0.263672 0.658984 0.0914062 0.110156 0.000493602
0 0.249609 0.617578 0.116406 0.235156 0.000559908
0 0.379297 0.479688 0.192969 0.395312 0.000592067
0 0.761328 0.323047 0.186719 0.200781 0.000611742
0 0.805078 0.513281 0.146094 0.170312 0.00068233
0 0.336328 0.301953 0.136719 0.166406 0.000753394
0 0.747266 0.402344 0.274219 0.465625 0.000795398
0 0.744141 0.405469 0.102344 0.128125 0.000816493
0 0.709766 0.521484 0.214844 0.338281 0.000956395
0 0.841797 0.514063 0.0648438 0.0890625 0.0012522
0 0.749609 0.401953 0.157031 0.185156 0.00125659
0 0.837891 0.657812 0.164844 0.28125 0.00151821
0 0.727344 0.612891 0.198437 0.200781 0.00157709
0 0.787891 0.360156 0.127344 0.139062 0.0015808
0 0.321875 0.577734 0.146875 0.217969 0.00179057
0 0.828516 0.4875 0.124219 0.317187 0.00263389
0 0.842188 0.528906 0.0859375 0.148438 0.002638
0 0.374219 0.604688 0.198437 0.209375 0.00280276
0 0.275391 0.560156 0.160156 0.317187 0.0028662
0 0.74375 0.558203 0.176563 0.200781 0.00292039
0 0.278125 0.664062 0.154687 0.171875 0.00516264
0 0.833203 0.572266 0.150781 0.247656 0.00573662
0 0.797266 0.398438 0.149219 0.275 0.00973962
0 0.809375 0.333984 0.0953125 0.108594 0.0105902
0 0.326953 0.474219 0.233594 0.507812 0.018992
0 0.790234 0.489844 0.189844 0.401563 0.0314335
0 0.310547 0.624609 0.211719 0.233594 0.0792228
0 0.784766 0.607422 0.214844 0.258594 0.0859102
