0 0.432031 0.267969 0.13125 0.171875 0.0001021
0 0.880078 0.713281 0.239844 0.179688 0.000103447
0 0.887891 0.342969 0.0882813 0.117188 0.000106709
0 0.886719 0.612891 0.0875 0.103906 0.000112365
0 0.5 0.246484 0.1625 0.158594 0.000114613
0 0.982813 0.717188 0.034375 0.173438 0.000115283
0 0.377734 0.35 0.166406 0.3 0.000118173
0 0.414062 0.266797 0.232812 0.241406 0.000118361
0 0.344141 0.763281 0.0695312 0.0953125 0.000120881
0 0.473828 0.691797 0.124219 0.172656 0.000124646
0 0.8625 0.466016 0.16875 0.163281 0.000124939
0 0.403906 0.454297 0.120312 0.274219 0.000128397
0 0.44375 0.513672 0.140625 0.257031 0.000130346
0 0.507031 0.341406 0.145313 0.245312 0.000146371
0 0.512891 0.709766 0.158594 0.180469 0.000154565
0 0.425781 0.571875 0.0890625 0.0921875 0.000157141
0 0.963672 0.674219 0.0726563 0.192188 0.000164838
0 0.983594 0.842188 0.0328125 0.245312 0.000171063
0 0.447266 0.35625 0.172656 0.173438 0.000173089
0 0.983203 0.978516 0.0335938 0.0429688 0.000178689
0 0.95 0.9 0.1 0.2 0.000199399
0 0.367578 0.693359 0.113281 0.199219 0.000204271
0 0.949609 0.71875 0.100781 0.171875 0.000205129
0 0.357812 0.732031 0.084375 0.128125 0.000210145
0 0.864453 0.554297 0.214844 0.213281 0.000226607
0 0.929297 0.510156 0.127344 0.2625 0.0002406
0 0.776953 0.466797 0.177344 0.371094 0.000243811
0 0.785156 0.599609 0.135937 0.232031 0.000245368
0 0.811719 0.231641 0.1375 0.149219 0.000258609
0 0.882812 0.249219 0.103125 0.145313 0.000277651
0 0.494141 0.395312 0.227344 0.375 0.000307707
0 0.498437 0.566016 0.201562 0.400781 0.00034331
0 0.394922 0.510547 0.0710938 0.108594 0.00037799
0 0.907812 0.886328 0.184375 0.227344 0.000385724
0 0.44375 0.708594 0.251563 0.254687 0.000386825
0 0.981641 0.957422 0.0367187 0.0851562 0.00039802
0 0.872266 0.357812 0.132031 0.18125 0.000404773
0 0.381641 0.607031 0.161719 0.345313 0.000437232
0 0.866406 0.308594 0.267188 0.354688 0.000443081
0 0.820703 0.707031 0.260156 0.28125 0.000487558
0 0.749219 0.675391 0.14375 0.200781 0.000503854
0 0.952344 0.479688 0.0953125 0.529688 0.000514226
0 0.984375 0.920703 0.03125 0.158594 0.00065271
0 0.846094 0.617578 0.148438 0.174219 0.000723696
0 0.906641 0.402344 0.130469 0.239063 0.000750876
0 0.407422 0.527734 0.107031 0.180469 0.000806206
0 0.966406 0.819141 0.0671875 0.335156 0.000936379
0 0.450391 0.634766 0.144531 0.208594 0.00112015
0 0.957031 0.604688 0.0859375 0.326562 0.00114508
0 0.885156 0.648828 0.148438 0.186719 0.00115857
0 0.789844 0.570312 0.217187 0.36875 0.00116396
0 0.880859 0.766016 0.238281 0.396094 0.00139764
0 0.976172 0.882422 0.0476562 0.235156 0.00164586
0 0.905859 0.598437 0.163281 0.184375 0.0017041
0 0.427344 0.572266 0.135937 0.208594 0.00178188
0 0.939453 0.807031 0.121094 0.379687 0.00186803
0 0.496484 0.647266 0.152344 0.210156 0.00223079
0 0.854688 0.296875 0.184375 0.260938 0.00252117
0 0.4125 0.319922 0.13125 0.225781 0.00307778
0 0.417188 0.480469 0.16875 0.417188 0.00516086
0 0.383984 0.508594 0.189844 0.596875 0.00568283
0 0.922266 0.6625 0.155469 0.240625 0.00659304
0 0.787891 0.648047 0.192969 0.200781 0.00683825
0 0.890234 0.393359 0.177344 0.385156 0.00765241
0 0.450391 0.625781 0.222656 0.273438 0.0114321
0 0.897266 0.320703 0.128906 0.235156 0.0172699
0 0.9125 0.522656 0.175 0.504687 0.0181014
0 0.463672 0.3 0.202344 0.228125 0.031117
0 0.864453 0.633594 0.264844 0.24375 0.0602147
0 0.857422 0.464453 0.278906 0.586719 0.340384
0 0.454688 0.471094 0.24375 0.58125 0.469359
