0 0.282813 0.570703 0.146875 0.191406 0.000101103
0 0.354688 0.247266 0.145313 0.210156 0.000109264
0 0.957031 0.0558594 0.0859375 0.111719 0.000110326
0 0.270312 0.0335938 0.279687 0.0671875 0.000114456
0 0.967578 0.191016 0.0648438 0.382031 0.000114709
0 0.309375 0.260547 0.146875 0.203906 0.000115899
0 0.218359 0.648438 0.150781 0.254687 0.000118287
0 0.818359 0.478516 0.135156 0.253906 0.000119141
0 0.860156 0.109375 0.279687 0.21875 0.000120128
0 0.943359 0.3 0.111719 0.6 0.000121597
0 0.717578 0.0339844 0.189844 0.0679687 0.00012236
0 0.308984 0.621094 0.278906 0.301562 0.000126638
0 0.345703 0.471484 0.141406 0.211719 0.000127563
0 0.297656 0.328906 0.06875 0.0671875 0.000127847
0 0.707422 0.527344 0.142969 0.24375 0.000129784
0 0.790234 0.641016 0.191406 0.205469 0.000135181
0 0.722266 0.389062 0.157031 0.267188 0.000135888
0 0.777734 0.596875 0.291406 0.296875 0.000136157
0 0.322266 0.383594 0.153906 0.15625 0.000143414
0 0.362891 0.510938 0.0820312 0.10625 0.000155457
0 0.965625 0.0371094 0.06875 0.0679687 0.000157883
0 0.692969 0.604688 0.110937 0.157813 0.000164516
0 0.219141 0.551953 0.117969 0.233594 0.000164518
0 0.784766 0.4 0.139844 0.326562 0.00016707
0 0.3875 0.983984 0.135937 0.0320312 0.000169499
0 0.800781 0.347656 0.071875 0.090625 0.000184795
0 0.819531 0.532422 0.078125 0.0929687 0.000192784
0 0.259766 0.515625 0.149219 0.2 0.000197105
0 0.312891 0.317969 0.174219 0.196875 0.000197553
0 0.822266 0.0335938 0.289844 0.065625 0.000198673
0 0.31875 0.348047 0.078125 0.0445312 0.000216759
0 0.785156 0.551172 0.1125 0.161719 0.000216798
0 0.342969 0.347656 0.126563 0.0671875 0.000224528
0 0.384766 0.6 0.119531 0.19375 0.000235211
0 0.364844 0.980469 0.196875 0.0359375 0.000235409
0 0.817969 0.0566406 0.346875 0.113281 0.000250453
0 0.278516 0.328906 0.0929687 0.107813 0.000298402
0 0.388281 0.377344 0.117188 0.173438 0.000344819
0 0.276172 0.396094 0.139844 0.207813 0.000359494
0 0.825781 0.593359 0.145313 0.219531 0.00042353
0 0.3 0.346875 0.0875 0.0609375 0.000447621
0 0.739062 0.477734 0.18125 0.283594 0.000459019
0 0.364453 0.334375 0.155469 0.135937 0.00047976
0 0.312891 0.351172 0.125781 0.0867188 0.000623347
0 0.328906 0.532031 0.14375 0.189063 0.000871074
0 0.734375 0.598828 0.170312 0.210156 0.000983314
0 0.813281 0.534766 0.107813 0.142969 0.00105185
0 0.244531 0.591016 0.1875 0.263281 0.0014069
0 0.790625 0.560938 0.170312 0.221875 0.00155838
0 0.26875 0.48125 0.198437 0.323438 0.00157227
0 0.372266 0.524609 0.135156 0.205469 0.00205912
0 0.338672 0.472656 0.192969 0.320312 0.00966935
0 0.312109 0.542578 0.225781 0.255469 0.0188726
