0 0.385156 0.232031 0.0828125 0.075 0.000101713
0 0.725781 0.30625 0.140625 0.220313 0.000102925
0 0.965234 0.0617188 0.0695312 0.123438 0.000103266
0 0.334375 0.670703 0.28125 0.297656 0.000103973
0 0.721094 0.263281 0.0828125 0.117188 0.000106352
0 0.288281 0.288672 0.065625 0.0992187 0.000108797
0 0.753125 0.303125 0.065625 0.1 0.000113996
0 0.323438 0.260938 0.0578125 0.0828125 0.000114284
0 0.771094 0.359375 0.189063 0.3375 0.000115992
0 0.933594 0.101953 0.13125 0.203906 0.000127744
0 0.698438 0.6125 0.173438 0.31875 0.000127914
0 0.823438 0.650781 0.096875 0.25625 0.000132767
0 0.735156 0.281641 0.059375 0.0914062 0.000138667
0 0.784375 0.599609 0.103125 0.171094 0.000148808
0 0.259375 0.514844 0.103125 0.234375 0.000156343
0 0.391016 0.627734 0.152344 0.166406 0.000159291
0 0.342969 0.619141 0.090625 0.0992187 0.000163609
0 0.755078 0.338672 0.0898438 0.139844 0.000174696
0 0.336719 0.267969 0.0890625 0.128125 0.000179651
0 0.723437 0.473047 0.2125 0.549219 0.000183029
0 0.315625 0.318359 0.0671875 0.0867188 0.000198774
0 0.761328 0.344141 0.127344 0.203906 0.000199775
0 0.340234 0.460156 0.289844 0.539062 0.000200908
0 0.898828 0.034375 0.202344 0.06875 0.000212599
0 0.313281 0.321094 0.123438 0.204688 0.000214984
0 0.287891 0.342969 0.0867188 0.129688 0.000219103
0 0.361328 0.235156 0.100781 0.0984375 0.000223297
0 0.344922 0.663281 0.207031 0.192188 0.000227291
0 0.317187 0.283984 0.0765625 0.116406 0.00025841
0 0.930859 0.053125 0.138281 0.10625 0.000259456
0 0.734766 0.320703 0.0585938 0.0945313 0.000260864
0 0.332422 0.374609 0.174219 0.333594 0.000268588
0 0.801172 0.619531 0.0742188 0.109375 0.000328552
0 0.305859 0.573438 0.278906 0.359375 0.000406805
0 0.733594 0.311328 0.0796875 0.141406 0.000457718
0 0.677734 0.707031 0.164844 0.217187 0.000470756
0 0.812891 0.764453 0.133594 0.283594 0.000487946
0 0.243359 0.651953 0.153906 0.224219 0.000509705
0 0.779688 0.593359 0.126563 0.324219 0.000597699
0 0.290625 0.359766 0.10625 0.221094 0.000745215
0 0.300391 0.310547 0.0851562 0.121094 0.000893508
0 0.7375 0.730859 0.226562 0.216406 0.000910877
0 0.261719 0.571484 0.1375 0.272656 0.00105033
0 0.800391 0.636719 0.0867188 0.192188 0.00110886
0 0.749219 0.650391 0.198437 0.292969 0.00115755
0 0.328906 0.578906 0.190625 0.245312 0.0012728
0 0.29375 0.486328 0.164062 0.414844 0.00139307
0 0.344141 0.619531 0.157031 0.14375 0.00158732
0 0.791016 0.698438 0.142969 0.285937 0.00492816
0 0.289844 0.623438 0.19375 0.201562 0.00781728
