0 0.135937 0.425391 0.090625 0.102344 0.000106328
0 0.627734 0.275781 0.139844 0.140625 0.000108722
0 0.862891 0.595703 0.157031 0.221094 0.000108978
0 0.705469 0.397266 0.148438 0.178906 0.000114334
0 0.755469 0.301953 0.101562 0.0929687 0.000119939
0 0.833594 0.419531 0.284375 0.385938 0.000120806
0 0.891406 0.678906 0.135937 0.198437 0.000129625
0 0.219141 0.668359 0.347656 0.241406 0.00013576
0 0.239063 0.594531 0.146875 0.154687 0.000141409
0 0.112891 0.569922 0.0914062 0.108594 0.000142427
0 0.264453 0.242578 0.121094 0.116406 0.00014511
0 0.744141 0.430469 0.194531 0.19375 0.000147585
0 0.808594 0.5 0.0828125 0.110937 0.00015229
0 0.714844 0.391797 0.121875 0.0914062 0.000153786
0 0.0421875 0.573047 0.084375 0.174219 0.00015504
0 0.7375 0.634766 0.19375 0.182031 0.000162569
0 0.676953 0.356641 0.171094 0.233594 0.000167357
0 0.178906 0.358594 0.159375 0.21875 0.000178308
0 0.759766 0.385156 0.130469 0.135937 0.000182953
0 0.682031 0.555078 0.20625 0.300781 0.000184356
0 0.271094 0.386328 0.239063 0.353906 0.000200858
0 0.278516 0.613281 0.164844 0.1625 0.000207878
0 0.855859 0.510938 0.157031 0.204688 0.000213093
0 0.725 0.310547 0.18125 0.171094 0.000217548
0 0.227734 0.300781 0.167969 0.164062 0.000219672
0 0.0894531 0.592188 0.0929687 0.103125 0.000223943
0 0.789453 0.505078 0.163281 0.191406 0.000237928
0 0.194922 0.574219 0.149219 0.139062 0.000242796
0 0.117969 0.534766 0.0921875 0.105469 0.000258158
0 0.326953 0.284766 0.172656 0.175781 0.000259485
0 0.053125 0.523828 0.10625 0.294531 0.000269535
0 0.0945313 0.65 0.189063 0.16875 0.000296876
0 0.735937 0.360156 0.2375 0.270312 0.000334542
0 0.25625 0.532422 0.260938 0.321094 0.000336418
0 0.869141 0.485547 0.191406 0.350781 0.000457508
0 0.193359 0.540234 0.253906 0.197656 0.000474515
0 0.265234 0.274609 0.167969 0.161719 0.000502266
0 0.674609 0.632422 0.194531 0.191406 0.000715963
0 0.144141 0.4125 0.158594 0.209375 0.000716717
0 0.864453 0.670703 0.111719 0.100781 0.000971058
0 0.152344 0.571875 0.148438 0.1625 0.00100373
0 0.135156 0.4375 0.201562 0.334375 0.00118788
0 0.669141 0.291016 0.160156 0.147656 0.00125712
0 0.738672 0.605469 0.327344 0.279687 0.00143374
0 0.0589844 0.609375 0.114844 0.13125 0.00156646
0 0.874609 0.599609 0.196094 0.360156 0.0016691
0 0.133203 0.637109 0.266406 0.244531 0.00173654
0 0.807813 0.418359 0.176563 0.242969 0.00254526
0 0.820312 0.636719 0.239063 0.239063 0.00273358
0 0.132812 0.492188 0.142188 0.246875 0.00299251
0 0.853906 0.654297 0.148438 0.152344 0.00325628
0 0.090625 0.491406 0.18125 0.3375 0.00426922
0 0.765625 0.459766 0.25625 0.357031 0.00503371
0 0.820703 0.471094 0.0898438 0.107813 0.00506366
0 0.113672 0.555078 0.141406 0.175781 0.00643976
0 0.208203 0.6 0.302344 0.214062 0.00861444
0 0.08125 0.59375 0.157813 0.192188 0.00950204
0 0.803125 0.555078 0.303125 0.392969 0.0104276
0 0.176172 0.501562 0.311719 0.346875 0.0130739
0 0.822266 0.536328 0.183594 0.319531 0.0403051
0 0.823438 0.467578 0.1375 0.175781 0.0448571
0 0.126563 0.558984 0.24375 0.241406 0.12378
