0 0.962109 0.188281 0.0757812 0.376563 0.000101663
0 0.758203 0.605078 0.171094 0.171094 0.000101806
0 0.264844 0.348828 0.0765625 0.105469 0.000105427
0 0.283203 0.496094 0.0882813 0.107813 0.000105885
0 0.323828 0.446875 0.0773437 0.103125 0.000107396
0 0.312109 0.236719 0.111719 0.10625 0.000107441
0 0.398438 0.309766 0.129688 0.150781 0.000109832
0 0.303125 0.470313 0.084375 0.104687 0.000110276
0 0.741797 0.472656 0.0835937 0.109375 0.000112161
0 0.639453 0.466406 0.0851562 0.1 0.000115304
0 0.676562 0.493359 0.0890625 0.105469 0.000116451
0 0.133594 0.253125 0.267188 0.454688 0.000118335
0 0.261719 0.236328 0.0390625 0.0679687 0.000119091
0 0.650391 0.123438 0.516406 0.232812 0.000123903
0 0.251563 0.787891 0.296875 0.413281 0.000124531
0 0.7875 0.589453 0.0953125 0.119531 0.000130507
0 0.405859 0.610156 0.174219 0.175 0.000132803
0 0.628906 0.585156 0.109375 0.15625 0.000132941
0 0.262109 0.469922 0.0851562 0.100781 0.000134193
0 0.231641 0.389062 0.0695312 0.145313 0.000137374
0 0.61875 0.705078 0.43125 0.542969 0.000139049
0 0.282813 0.444922 0.08125 0.0945313 0.000145637
0 0.941016 0.264844 0.117969 0.49375 0.00014569
0 0.789844 0.532031 0.0703125 0.129688 0.000147304
0 0.401172 0.679688 0.242969 0.285937 0.000156199
0 0.328125 0.54375 0.09375 0.101562 0.000161746
0 0.739844 0.598047 0.335938 0.355469 0.000164339
0 0.471484 0.633984 0.185156 0.188281 0.000170372
0 0.342187 0.474609 0.0828125 0.110156 0.000172909
0 0.284375 0.528906 0.0921875 0.084375 0.000173589
0 0.276172 0.271484 0.100781 0.163281 0.000174786
0 0.319141 0.351172 0.0773437 0.108594 0.000177347
0 0.852344 0.040625 0.295312 0.08125 0.000178154
0 0.38125 0.516016 0.090625 0.113281 0.000179078
0 0.23125 0.426172 0.053125 0.102344 0.000186385
0 0.675391 0.410937 0.136719 0.234375 0.000204929
0 0.758594 0.49375 0.0828125 0.115625 0.000209763
0 0.739062 0.36875 0.075 0.15 0.000232598
0 0.789844 0.569922 0.0640625 0.0882813 0.000237912
0 0.380469 0.946094 0.325 0.10625 0.000245597
0 0.466016 0.484375 0.289844 0.532812 0.000272032
0 0.245312 0.302344 0.189063 0.25625 0.000282584
0 0.328516 0.386328 0.0789063 0.0851562 0.00028999
0 0.620313 0.404297 0.13125 0.186719 0.000296346
0 0.417188 0.400781 0.115625 0.228125 0.000299486
0 0.522266 0.792578 0.416406 0.414844 0.000329068
0 0.326562 0.275 0.115625 0.121875 0.000330321
0 0.896875 0.227734 0.20625 0.455469 0.000335202
0 0.680078 0.267188 0.0492188 0.0546875 0.000346402
0 0.780469 0.486328 0.103125 0.213281 0.000357024
0 0.381641 0.8875 0.358594 0.225 0.000359408
0 0.653516 0.332812 0.186719 0.289062 0.000360611
0 0.657031 0.514063 0.090625 0.110937 0.000381608
0 0.93125 0.145703 0.135937 0.291406 0.00038309
0 0.698438 0.53125 0.0921875 0.0984375 0.000393071
0 0.401172 0.491797 0.130469 0.213281 0.000396483
0 0.305859 0.325 0.361719 0.48125 0.000396962
0 0.194531 0.0699219 0.389062 0.138281 0.000402627
0 0.71875 0.516016 0.0921875 0.107031 0.000424602
0 0.5125 0.618359 0.3 0.349219 0.000437076
0 0.227734 0.469141 0.0898438 0.214844 0.000438473
0 0.558984 0.544531 0.297656 0.320312 0.000439393
0 0.892187 0.0753906 0.215625 0.150781 0.000469856
0 0.30625 0.514844 0.09375 0.096875 0.000473105
0 0.234766 0.190234 0.469531 0.380469 0.000475012
0 0.143359 0.119922 0.286719 0.239844 0.000484339
0 0.266797 0.54375 0.174219 0.110937 0.000487945
0 0.219922 0.544922 0.0523437 0.0742188 0.000497227
0 0.247266 0.390234 0.0710938 0.103906 0.000506227
0 0.353906 0.282422 0.0875 0.0898438 0.000514052
0 0.625 0.513672 0.140625 0.164844 0.000518268
0 0.388672 0.551562 0.0882813 0.104687 0.000535861
0 0.722656 0.410547 0.132812 0.250781 0.000596045
0 0.344141 0.310156 0.119531 0.151562 0.000603581
0 0.794922 0.189063 0.410156 0.371875 0.00064546
0 0.682422 0.397656 0.269531 0.425 0.000650768
0 0.640625 0.548437 0.0875 0.109375 0.000698126
0 0.316016 0.578516 0.303906 0.328906 0.000713377
0 0.774609 0.552344 0.0726563 0.0875 0.000767154
0 0.371484 0.784766 0.403906 0.410156 0.000780186
0 0.229687 0.538672 0.0796875 0.0976562 0.000837364
0 0.448047 0.707812 0.366406 0.454688 0.000856281
0 0.639844 0.449219 0.125 0.195312 0.000858292
0 0.422266 0.483203 0.188281 0.333594 0.000860014
0 0.789844 0.0726563 0.420312 0.14375 0.000880415
0 0.305078 0.416016 0.0757812 0.105469 0.000978695
0 0.361719 0.58125 0.2 0.185937 0.00100006
0 0.757812 0.532812 0.0859375 0.1 0.00100066
0 0.33125 0.387109 0.0984375 0.147656 0.00103165
0 0.256641 0.369531 0.107031 0.154687 0.00123085
0 0.871875 0.126953 0.25625 0.253906 0.00131027
0 0.756641 0.566406 0.127344 0.110937 0.00135045
0 0.3625 0.469531 0.13125 0.215625 0.00146063
0 0.284375 0.492578 0.140625 0.158594 0.00156172
0 0.430469 0.60625 0.260938 0.285937 0.00157895
0 0.415234 0.559766 0.136719 0.183594 0.0016205
0 0.247266 0.424609 0.0898438 0.157031 0.00162111
0 0.340625 0.336719 0.18125 0.229687 0.00169446
0 0.660156 0.492969 0.139062 0.179688 0.00216679
0 0.24375 0.517187 0.114063 0.129688 0.00250976
0 0.373437 0.402734 0.182812 0.372656 0.00254008
0 0.310156 0.557422 0.232812 0.169531 0.00263826
0 0.751562 0.449609 0.123438 0.260156 0.00335558
0 0.656641 0.547656 0.138281 0.139062 0.00432101
0 0.716797 0.491797 0.146094 0.178906 0.00500405
0 0.314844 0.451953 0.279687 0.346094 0.00600717
0 0.294531 0.359766 0.1125 0.142969 0.00612992
0 0.255469 0.441406 0.126563 0.225 0.0069354
0 0.715625 0.575781 0.228125 0.146875 0.00718086
0 0.748047 0.521875 0.138281 0.154687 0.00744307
0 0.701172 0.521875 0.271094 0.264062 0.00838136
0 0.341406 0.513281 0.0890625 0.0953125 0.00843082
0 0.375391 0.530078 0.147656 0.160156 0.0103542
0 0.282813 0.401563 0.096875 0.123438 0.0119399
0 0.691797 0.454688 0.210156 0.259375 0.0189263
0 0.320312 0.397656 0.135937 0.221875 0.0247867
0 0.319141 0.519922 0.169531 0.141406 0.0591544
0 0.30625 0.459375 0.16875 0.24375 0.0784902
0 0.301172 0.385938 0.0820312 0.0859375 0.0845422
0 0.697656 0.530859 0.207813 0.160156 0.167752
