0 0.259766 0.442969 0.147656 0.240625 0.000102163
0 0.848047 0.449609 0.0820312 0.110156 0.000104478
0 0.826953 0.526172 0.0804688 0.0898438 0.000105805
0 0.926172 0.435156 0.147656 0.59375 0.000107016
0 0.444531 0.364062 0.135937 0.265625 0.00011432
0 0.875 0.367969 0.25 0.496875 0.000115663
0 0.805078 0.297266 0.0882813 0.108594 0.000117136
0 0.89375 0.526563 0.0515625 0.084375 0.000119702
0 0.892187 0.488281 0.0765625 0.175 0.000133007
0 0.244531 0.364844 0.134375 0.265625 0.000142174
0 0.428125 0.473437 0.153125 0.235938 0.000145074
0 0.822656 0.223047 0.0828125 0.117969 0.000145373
0 0.832812 0.604297 0.30625 0.475781 0.000163413
0 0.303906 0.483594 0.08125 0.0875 0.000163445
0 0.337891 0.341406 0.147656 0.273438 0.000197828
0 0.207422 0.276172 0.328906 0.550781 0.000211002
0 0.785156 0.28125 0.090625 0.110937 0.000212144
0 0.859766 0.410156 0.103906 0.195312 0.000216348
0 0.203516 0.474609 0.0726563 0.105469 0.000218737
0 0.780078 0.548047 0.142969 0.171094 0.000225246
0 0.297656 0.501172 0.348437 0.414844 0.000233907
0 0.761719 0.489453 0.140625 0.189844 0.000236047
0 0.864453 0.474219 0.0804688 0.11875 0.000238567
0 0.216797 0.453125 0.0992187 0.178125 0.00024455
0 0.451953 0.307813 0.185156 0.415625 0.000246757
0 0.303906 0.389453 0.075 0.0867188 0.000252286
0 0.357422 0.162891 0.400781 0.314844 0.000329593
0 0.197266 0.460547 0.111719 0.257031 0.000404438
0 0.369141 0.503906 0.232031 0.189063 0.000420217
0 0.805859 0.590625 0.224219 0.260938 0.000432626
0 0.847266 0.511328 0.0804688 0.0960938 0.000448708
0 0.769922 0.167187 0.202344 0.207813 0.0004502
0 0.301562 0.259766 0.0875 0.114844 0.00045231
0 0.828125 0.382812 0.129688 0.203125 0.000515629
0 0.358594 0.274609 0.192188 0.182031 0.0005321
0 0.260156 0.233203 0.314063 0.360156 0.000532311
0 0.302734 0.471875 0.130469 0.146875 0.000610497
0 0.198047 0.513672 0.0804688 0.107031 0.000621161
0 0.805469 0.452344 0.171875 0.196875 0.000647068
0 0.825 0.509375 0.13125 0.128125 0.000653587
0 0.883984 0.457422 0.111719 0.291406 0.000665103
0 0.302344 0.385156 0.101562 0.160938 0.000832524
0 0.766016 0.276563 0.142969 0.153125 0.000891602
0 0.851953 0.5375 0.132031 0.1375 0.000902786
0 0.821484 0.262891 0.0882813 0.117969 0.00103086
0 0.808203 0.321875 0.144531 0.2625 0.00103883
0 0.185547 0.534766 0.0679687 0.0898438 0.0010409
0 0.423828 0.411719 0.205469 0.346875 0.00115115
0 0.423047 0.227734 0.199219 0.302344 0.00117499
0 0.861719 0.319531 0.15625 0.390625 0.00117613
0 0.755078 0.261328 0.189844 0.260156 0.00154012
0 0.270703 0.496484 0.199219 0.139844 0.00157009
0 0.764844 0.538281 0.215625 0.25 0.00181253
0 0.315234 0.428516 0.149219 0.252344 0.00181679
0 0.771094 0.444141 0.242188 0.399219 0.00248138
0 0.21875 0.499609 0.11875 0.153906 0.00264258
0 0.873438 0.514063 0.0859375 0.109375 0.00265363
0 0.783984 0.237891 0.275781 0.375781 0.00309065
0 0.237891 0.419141 0.188281 0.396094 0.00419238
0 0.283594 0.322266 0.140625 0.272656 0.0043239
0 0.354688 0.208594 0.265625 0.265625 0.00636734
0 0.810938 0.505859 0.209375 0.188281 0.00660836
0 0.854688 0.477734 0.123438 0.183594 0.00764706
0 0.849219 0.423047 0.142188 0.325781 0.0103118
0 0.835547 0.278125 0.132031 0.240625 0.0103871
0 0.800781 0.242188 0.165625 0.214062 0.0293053
0 0.375781 0.3125 0.296875 0.4875 0.0295791
0 0.306641 0.253906 0.172656 0.246875 0.0482319
0 0.298828 0.341797 0.239844 0.442969 0.286917
0 0.809375 0.349219 0.207813 0.4625 0.337858
