0 0.471484 0.755859 0.177344 0.182031 0.00010128
0 0.455859 0.14375 0.302344 0.264062 0.000101679
0 0.29375 0.0984375 0.39375 0.195312 0.000102155
0 0.530078 0.883594 0.419531 0.210938 0.000105535
0 0.209766 0.0519531 0.400781 0.103906 0.000109997
0 0.422266 0.615625 0.0867188 0.1 0.00011088
0 0.0304688 0.983203 0.0609375 0.0304688 0.000111983
0 0.540625 0.788281 0.428125 0.423438 0.000114554
0 0.696484 0.653125 0.139844 0.154687 0.000115027
0 0.619141 0.632422 0.171094 0.182031 0.000115117
0 0.0328125 0.310547 0.0640625 0.447656 0.000117616
0 0.30625 0.294141 0.364062 0.508594 0.000126356
0 0.453516 0.914844 0.317969 0.170312 0.000126652
0 0.834375 0.594141 0.1 0.119531 0.00013464
0 0.110156 0.21875 0.214062 0.4375 0.00013556
0 0.0414063 0.949609 0.08125 0.100781 0.000142419
0 0.345313 0.46875 0.14375 0.210938 0.000142569
0 0.0167969 0.948438 0.0304688 0.103125 0.000145433
0 0.640234 0.275781 0.0554687 0.0640625 0.000146132
0 0.303125 0.636719 0.140625 0.178125 0.00014937
0 0.7625 0.44375 0.109375 0.18125 0.00015817
0 0.3875 0.652344 0.0828125 0.109375 0.000171723
0 0.796875 0.632031 0.171875 0.139062 0.000173094
0 0.744922 0.394922 0.0757812 0.0929687 0.000184031
0 0.0296875 0.96875 0.05625 0.0625 0.000189062
0 0.298828 0.722656 0.0789063 0.0890625 0.000196132
0 0.430469 0.711328 0.142188 0.171094 0.000203881
0 0.74375 0.503906 0.2875 0.359375 0.00021384
0 0.757422 0.677344 0.321094 0.329688 0.000217291
0 0.717188 0.610547 0.142188 0.171094 0.000217612
0 0.246875 0.783594 0.0734375 0.120312 0.000227852
0 0.757422 0.571094 0.147656 0.157813 0.000231835
0 0.791406 0.491016 0.115625 0.183594 0.000237368
0 0.677734 0.533203 0.138281 0.139844 0.000240965
0 0.482422 0.695703 0.146094 0.189844 0.000242411
0 0.0625 0.271484 0.125 0.511719 0.000244177
0 0.654688 0.689453 0.392188 0.430469 0.000250745
0 0.383203 0.557422 0.138281 0.196094 0.000251132
0 0.530469 0.366797 0.142188 0.161719 0.00025392
0 0.304688 0.554688 0.195312 0.165625 0.000256006
0 0.249609 0.644531 0.108594 0.182812 0.000263372
0 0.553906 0.464063 0.185937 0.195312 0.000271766
0 0.475781 0.364453 0.209375 0.188281 0.000323098
0 0.545703 0.321484 0.210156 0.296094 0.00033383
0 0.56875 0.408203 0.184375 0.192969 0.000350683
0 0.257031 0.733203 0.10625 0.207031 0.000357679
0 0.347266 0.674219 0.146094 0.217187 0.000360504
0 0.691016 0.423828 0.214844 0.307031 0.000369554
0 0.658594 0.572266 0.14375 0.178906 0.000373677
0 0.279687 0.761328 0.0859375 0.0992187 0.000389352
0 0.283203 0.701563 0.122656 0.214062 0.00039765
0 0.343359 0.53125 0.150781 0.160938 0.00043071
0 0.687109 0.669922 0.217969 0.214844 0.000435584
0 0.508203 0.25 0.207031 0.3 0.000447333
0 0.719141 0.553125 0.147656 0.15625 0.000462369
0 0.407422 0.309766 0.328906 0.447656 0.000482341
0 0.299219 0.722656 0.1125 0.135937 0.000513056
0 0.290625 0.527344 0.251563 0.410937 0.000531608
0 0.387109 0.754297 0.300781 0.235156 0.000626558
0 0.264453 0.596875 0.102344 0.103125 0.000671079
0 0.808984 0.555469 0.132031 0.184375 0.000679971
0 0.485547 0.622266 0.255469 0.327344 0.000742165
0 0.271094 0.791406 0.120312 0.146875 0.000747399
0 0.346875 0.596094 0.190625 0.195312 0.000769758
0 0.421094 0.598437 0.128125 0.196875 0.000907055
0 0.443359 0.654688 0.142969 0.2 0.000926975
0 0.653906 0.530859 0.207813 0.221094 0.00093944
0 0.755469 0.635547 0.253125 0.207031 0.00101313
0 0.386719 0.617578 0.084375 0.103906 0.00102258
0 0.280078 0.601953 0.138281 0.153906 0.00111829
0 0.65 0.545313 0.345313 0.329688 0.00135379
0 0.354688 0.438281 0.220313 0.3375 0.00147937
0 0.477734 0.325391 0.260156 0.335156 0.0016988
0 0.286328 0.656641 0.186719 0.274219 0.0018234
0 0.528906 0.51875 0.328125 0.384375 0.00183951
0 0.764063 0.534375 0.204688 0.21875 0.0020118
0 0.292578 0.755469 0.153906 0.167187 0.00240513
0 0.377344 0.474609 0.317187 0.486719 0.00274884
0 0.318359 0.722656 0.219531 0.240625 0.00282212
0 0.430859 0.705469 0.219531 0.225 0.00288434
0 0.461719 0.448438 0.351562 0.36875 0.00310176
0 0.596875 0.462109 0.251563 0.288281 0.00312242
0 0.669141 0.610156 0.207031 0.220313 0.00347074
0 0.420312 0.580078 0.185937 0.319531 0.00558939
0 0.389062 0.635156 0.125 0.164062 0.00575315
0 0.359375 0.570312 0.21875 0.348437 0.00608685
0 0.522656 0.400391 0.23125 0.255469 0.00800596
0 0.71875 0.573828 0.235938 0.199219 0.0106148
0 0.377734 0.655859 0.300781 0.322656 0.0141614
0 0.392969 0.649219 0.192188 0.246875 0.0549684
