0 0.261719 0.508203 0.13125 0.247656 0.00010331
0 0.634375 0.303125 0.06875 0.090625 0.000106052
0 0.545313 0.307422 0.164062 0.211719 0.000109714
0 0.660937 0.328906 0.109375 0.15625 0.000110242
0 0.376563 0.3 0.090625 0.154687 0.000111124
0 0.0160156 0.424609 0.0320312 0.196094 0.000111692
0 0.548828 0.397266 0.196094 0.358594 0.000120658
0 0.25625 0.609766 0.123438 0.160156 0.000129894
0 0.323047 0.242578 0.208594 0.230469 0.000131189
0 0.659375 0.448047 0.078125 0.108594 0.000132989
0 0.26875 0.321484 0.0953125 0.172656 0.000133702
0 0.58125 0.408594 0.128125 0.257812 0.000139541
0 0.652734 0.363672 0.0773437 0.117969 0.000159969
0 0.614453 0.529297 0.0820312 0.0882813 0.000167262
0 0.655078 0.405859 0.0742188 0.102344 0.000169419
0 0.169531 0.114063 0.059375 0.075 0.000173339
0 0.369922 0.395312 0.278906 0.4625 0.000177596
0 0.301562 0.591797 0.320312 0.497656 0.000182227
0 0.658594 0.492188 0.0796875 0.115625 0.000200154
0 0.684766 0.486719 0.0992187 0.240625 0.000205658
0 0.637109 0.384375 0.0789063 0.107813 0.000205856
0 0.672656 0.530078 0.071875 0.102344 0.000231918
0 0.679688 0.588672 0.210938 0.391406 0.000266511
0 0.599219 0.544531 0.139062 0.1125 0.000278172
0 0.216016 0.400781 0.253906 0.5 0.000290539
0 0.335938 0.507812 0.223438 0.379687 0.000308452
0 0.224609 0.595312 0.0679687 0.0765625 0.000315028
0 0.592188 0.276953 0.0765625 0.0976562 0.000325056
0 0.63125 0.305859 0.10625 0.133594 0.000330445
0 0.372656 0.2375 0.0921875 0.129688 0.000338904
0 0.66875 0.3875 0.103125 0.225 0.00034232
0 0.234766 0.601562 0.0945313 0.115625 0.000375627
0 0.278516 0.589453 0.197656 0.221094 0.000425479
0 0.568359 0.247656 0.113281 0.101562 0.000460199
0 0.301172 0.302344 0.122656 0.157813 0.00046487
0 0.696094 0.434766 0.160938 0.385156 0.000475807
0 0.671094 0.503516 0.301562 0.452344 0.000481684
0 0.248047 0.425 0.105469 0.253125 0.000604218
0 0.353516 0.273047 0.127344 0.177344 0.000615939
0 0.639063 0.564453 0.204688 0.214844 0.000621384
0 0.246484 0.50625 0.167969 0.423438 0.000631781
0 0.65625 0.525781 0.1125 0.142188 0.000665687
0 0.255859 0.369141 0.146094 0.277344 0.00090174
0 0.592188 0.277734 0.120312 0.125781 0.000996687
0 0.617578 0.510156 0.135156 0.145313 0.00113299
0 0.601562 0.463281 0.135937 0.242188 0.00119389
0 0.637891 0.366797 0.119531 0.227344 0.00129877
0 0.602344 0.319922 0.176563 0.202344 0.00160732
0 0.311719 0.327344 0.175 0.229687 0.00162804
0 0.286719 0.424609 0.15 0.282031 0.00570639
0 0.640625 0.503906 0.153125 0.215625 0.00665845
0 0.653125 0.444531 0.1125 0.275 0.0174138
0 0.621875 0.416016 0.184375 0.366406 0.364341
0 0.3 0.426172 0.217187 0.414844 0.505456
