0 0.192188 0.63125 0.189063 0.376563 0.000100239
0 0.34375 0.537109 0.164062 0.197656 0.00010128
0 0.322266 0.384766 0.124219 0.161719 0.000102049
0 0.682422 0.446094 0.192969 0.346875 0.000108104
0 0.689062 0.697656 0.165625 0.232812 0.000109538
0 0.03125 0.891797 0.0625 0.214844 0.000110409
0 0.762109 0.655859 0.142969 0.188281 0.000115812
0 0.204297 0.683984 0.0726563 0.107031 0.00011836
0 0.882812 0.616016 0.090625 0.103906 0.000127446
0 0.376172 0.720312 0.230469 0.290625 0.000139577
0 0.845312 0.619531 0.0921875 0.101562 0.000160486
0 0.757812 0.404297 0.125 0.124219 0.00016161
0 0.735156 0.204297 0.148438 0.166406 0.000163996
0 0.375781 0.316797 0.142188 0.186719 0.000164984
0 0.195703 0.701563 0.152344 0.228125 0.000172169
0 0.393359 0.388281 0.158594 0.351562 0.000179726
0 0.78125 0.751562 0.254687 0.245312 0.000179838
0 0.339844 0.273828 0.101562 0.124219 0.000182138
0 0.678125 0.201172 0.184375 0.182031 0.000188613
0 0.741406 0.239063 0.1125 0.139062 0.000192595
0 0.689062 0.542969 0.171875 0.271875 0.000192923
0 0.80625 0.692187 0.153125 0.185937 0.000204708
0 0.74375 0.596094 0.148438 0.217187 0.000208182
0 0.342969 0.673828 0.153125 0.222656 0.000219887
0 0.244922 0.534375 0.133594 0.276563 0.000235335
0 0.253906 0.442969 0.128125 0.253125 0.000243994
0 0.764453 0.5375 0.197656 0.207813 0.000245972
0 0.359766 0.360547 0.124219 0.152344 0.000249553
0 0.842578 0.535547 0.169531 0.216406 0.000317421
0 0.383203 0.555469 0.138281 0.248437 0.000320703
0 0.252344 0.444141 0.0953125 0.132031 0.000335399
0 0.712109 0.393359 0.292969 0.566406 0.00038571
0 0.24375 0.637891 0.145313 0.238281 0.000432452
0 0.239063 0.71875 0.145313 0.175 0.000438312
0 0.785156 0.613672 0.154687 0.191406 0.000439575
0 0.389844 0.627344 0.30625 0.415625 0.00044674
0 0.914453 0.683594 0.158594 0.2125 0.000455249
0 0.332422 0.265234 0.0679687 0.0867188 0.000482053
0 0.286328 0.404687 0.172656 0.242188 0.000591582
0 0.886719 0.560156 0.153125 0.310937 0.000620112
0 0.769141 0.236719 0.163281 0.195312 0.000741242
0 0.319922 0.354297 0.185156 0.230469 0.000790382
0 0.813281 0.281641 0.0734375 0.103906 0.000809869
0 0.300781 0.652734 0.154687 0.211719 0.000838995
0 0.207813 0.698047 0.103125 0.158594 0.000886651
0 0.835547 0.405469 0.158594 0.379687 0.000936625
0 0.374609 0.486328 0.186719 0.413281 0.00113362
0 0.741797 0.299609 0.242969 0.342969 0.00114049
0 0.823828 0.636719 0.149219 0.170312 0.00114655
0 0.276953 0.753125 0.271094 0.254687 0.00130787
0 0.753125 0.680469 0.279687 0.254687 0.0015377
0 0.8125 0.295312 0.101562 0.1625 0.0021265
0 0.251172 0.571875 0.208594 0.373437 0.00219134
0 0.796484 0.296484 0.152344 0.239844 0.0024958
0 0.8625 0.598047 0.159375 0.175781 0.00284791
0 0.750781 0.571484 0.265625 0.316406 0.00311967
0 0.321875 0.600781 0.196875 0.20625 0.00405886
0 0.803516 0.578516 0.238281 0.213281 0.00444739
0 0.250391 0.685547 0.208594 0.246094 0.00495676
0 0.373828 0.608203 0.197656 0.286719 0.00572785
0 0.835547 0.528125 0.227344 0.351562 0.00693919
0 0.872266 0.65 0.202344 0.217187 0.00728342
0 0.844141 0.711719 0.296094 0.25 0.0120199
0 0.79375 0.455469 0.271875 0.53125 0.0546771
0 0.314844 0.489062 0.254687 0.523438 0.0715432
0 0.814062 0.639063 0.296875 0.28125 0.172241
0 0.307031 0.644141 0.271875 0.308594 0.214383
