0 0.194531 0.498828 0.0875 0.114844 0.000100286
0 0.239063 0.897656 0.314063 0.203125 0.000105807
0 0.700781 0.492578 0.15 0.197656 0.00010683
0 0.716406 0.617578 0.0859375 0.105469 0.00011431
0 0.353516 0.612109 0.378906 0.533594 0.000114505
0 0.301562 0.554297 0.142188 0.224219 0.000118316
0 0.380078 0.557031 0.194531 0.420312 0.000119784
0 0.283984 0.966406 0.236719 0.0671875 0.000126374
0 0.121484 0.695312 0.213281 0.534375 0.000135314
0 0.700391 0.24375 0.0632813 0.0796875 0.000137709
0 0.809375 0.0671875 0.367188 0.134375 0.00014244
0 0.335938 0.0597656 0.2625 0.117969 0.000156536
0 0.735937 0.671875 0.0875 0.109375 0.000161203
0 0.15625 0.635156 0.115625 0.1625 0.000162552
0 0.664844 0.388672 0.135937 0.155469 0.000172892
0 0.271484 0.106641 0.339844 0.213281 0.00017434
0 0.701563 0.259375 0.0453125 0.065625 0.000176764
0 0.761328 0.35625 0.0710938 0.101562 0.000177775
0 0.275 0.94375 0.30625 0.109375 0.000186285
0 0.2875 0.401953 0.16875 0.189844 0.000190463
0 0.778516 0.473047 0.0929687 0.185156 0.000202526
0 0.180078 0.554688 0.266406 0.340625 0.000207864
0 0.220703 0.790625 0.349219 0.404687 0.000210211
0 0.763281 0.414844 0.114063 0.228125 0.000222778
0 0.376563 0.255859 0.146875 0.174219 0.000242052
0 0.212891 0.533203 0.0914062 0.108594 0.000248449
0 0.197656 0.56875 0.090625 0.1125 0.000275898
0 0.203516 0.0714844 0.350781 0.142969 0.000282615
0 0.742969 0.5125 0.134375 0.173438 0.000292292
0 0.307422 0.394922 0.297656 0.533594 0.000294957
0 0.325391 0.426562 0.152344 0.135937 0.00030074
0 0.221484 0.658594 0.269531 0.292188 0.000312854
0 0.716406 0.653906 0.0890625 0.109375 0.000317061
0 0.708203 0.722656 0.227344 0.2375 0.000351989
0 0.721094 0.554297 0.142188 0.191406 0.000368724
0 0.786719 0.522266 0.11875 0.225781 0.000399916
0 0.661719 0.673437 0.182812 0.198437 0.000431797
0 0.788281 0.603516 0.165625 0.294531 0.000464956
0 0.254687 0.55625 0.148438 0.192188 0.000478018
0 0.283594 0.638281 0.182812 0.1375 0.000494318
0 0.167187 0.550391 0.1125 0.172656 0.000554147
0 0.344141 0.552344 0.160156 0.26875 0.000569577
0 0.196484 0.620313 0.175781 0.2 0.000603442
0 0.380078 0.408203 0.122656 0.211719 0.000604866
0 0.3625 0.323438 0.160938 0.276563 0.000690413
0 0.241406 0.608984 0.132812 0.125781 0.000737759
0 0.218359 0.458203 0.147656 0.305469 0.000794665
0 0.702734 0.4875 0.199219 0.35625 0.00089667
0 0.317187 0.6125 0.160938 0.148438 0.000905813
0 0.18125 0.532422 0.0890625 0.108594 0.00113376
0 0.332422 0.394531 0.172656 0.28125 0.00118386
0 0.666797 0.577734 0.180469 0.271094 0.00133094
0 0.459766 0.653906 0.558594 0.692187 0.00138051
0 0.756641 0.498047 0.152344 0.292969 0.00153911
0 0.354688 0.4625 0.1625 0.226562 0.00306476
0 0.704297 0.632031 0.282031 0.2875 0.00328869
0 0.287891 0.496484 0.239844 0.294531 0.0041045
0 0.742578 0.674219 0.185156 0.18125 0.00448572
0 0.729297 0.572656 0.189844 0.296875 0.00608104
0 0.192969 0.501953 0.121875 0.219531 0.00686409
0 0.258594 0.593359 0.21875 0.185156 0.00994404
0 0.203906 0.558984 0.157813 0.213281 0.0444809
0 0.700391 0.640234 0.183594 0.214844 0.0503967
