0 0.901172 0.0308594 0.188281 0.0617188 0.00010918
0 0.345703 0.510938 0.119531 0.173438 0.000109262
0 0.877734 0.436719 0.236719 0.570312 0.000111623
0 0.722266 0.0644531 0.399219 0.128906 0.000120735
0 0.927734 0.0542969 0.142969 0.108594 0.000121642
0 0.349609 0.640625 0.186719 0.203125 0.000121652
0 0.665234 0.355469 0.169531 0.1875 0.000123854
0 0.269141 0.110547 0.421094 0.221094 0.000130274
0 0.382031 0.563281 0.179688 0.251563 0.000132353
0 0.278516 0.212109 0.233594 0.264844 0.00014174
0 0.271875 0.283203 0.121875 0.239844 0.000159559
0 0.799609 0.564062 0.144531 0.1875 0.000166705
0 0.24375 0.599609 0.317187 0.496094 0.000175501
0 0.269531 0.0617188 0.379687 0.123438 0.000179038
0 0.757812 0.291406 0.203125 0.264062 0.000186158
0 0.824609 0.365625 0.155469 0.298438 0.000193722
0 0.723047 0.347266 0.144531 0.163281 0.000194376
0 0.335156 0.326953 0.253125 0.461719 0.000196057
0 0.278125 0.552344 0.134375 0.176563 0.000200641
0 0.300781 0.666406 0.273438 0.273438 0.000212836
0 0.227344 0.189453 0.448438 0.378906 0.000231402
0 0.7625 0.332422 0.146875 0.172656 0.00025071
0 0.744922 0.549219 0.147656 0.173438 0.000262676
0 0.279687 0.369922 0.128125 0.255469 0.000273018
0 0.244141 0.555469 0.152344 0.25 0.000370322
0 0.690234 0.311328 0.238281 0.258594 0.000410765
0 0.780469 0.5125 0.0875 0.104687 0.000415185
0 0.212891 0.400391 0.274219 0.530469 0.000450829
0 0.688281 0.539844 0.171875 0.220313 0.000467232
0 0.748047 0.401172 0.155469 0.197656 0.000494319
0 0.278125 0.446094 0.15 0.285937 0.000535341
0 0.836328 0.551562 0.208594 0.260938 0.000791221
0 0.336328 0.511328 0.267969 0.435156 0.000967041
0 0.298438 0.588281 0.234375 0.25625 0.000990809
0 0.696875 0.452344 0.228125 0.323438 0.000993574
0 0.253125 0.365234 0.165625 0.364844 0.00110541
0 0.736328 0.573438 0.232031 0.228125 0.00145728
0 0.817969 0.516797 0.303125 0.403906 0.00165348
0 0.242578 0.508203 0.182031 0.439844 0.00214011
0 0.815234 0.464453 0.144531 0.264844 0.00268294
0 0.798828 0.385156 0.158594 0.195312 0.00345178
0 0.732813 0.344531 0.30625 0.45625 0.00359071
0 0.777734 0.515234 0.189844 0.217969 0.012209
0 0.74375 0.362109 0.23125 0.203906 0.0195192
0 0.771875 0.440234 0.221875 0.339844 0.309621
0 0.289844 0.423047 0.23125 0.505469 0.430638
