0 0.616016 0.317969 0.127344 0.159375 0.000103803
0 0.840234 0.657812 0.121094 0.18125 0.000104501
0 0.127344 0.278125 0.229687 0.465625 0.000105572
0 0.679688 0.635547 0.24375 0.207031 0.000105667
0 0.5875 0.132031 0.0796875 0.075 0.000108589
0 0.890234 0.647656 0.207031 0.370313 0.000110159
0 0.678125 0.429297 0.215625 0.192969 0.000110828
0 0.328906 0.301953 0.260938 0.396094 0.00011184
0 0.347656 0.374219 0.390625 0.5625 0.000120689
0 0.280859 0.323047 0.139844 0.172656 0.000121351
0 0.78125 0.489062 0.0875 0.107813 0.000127517
0 0.183203 0.243359 0.133594 0.142969 0.000128546
0 0.445703 0.379687 0.457031 0.759375 0.000129109
0 0.135937 0.467578 0.129688 0.257031 0.000134113
0 0.221484 0.469531 0.207031 0.207813 0.000137115
0 0.717578 0.391016 0.191406 0.174219 0.000140472
0 0.732813 0.2 0.0640625 0.0796875 0.000142868
0 0.752734 0.278125 0.155469 0.25 0.000144387
0 0.226172 0.108984 0.432031 0.217969 0.000147502
0 0.839844 0.695312 0.190625 0.160938 0.000148622
0 0.762891 0.612109 0.150781 0.216406 0.000149302
0 0.592969 0.372266 0.189063 0.266406 0.000149726
0 0.803125 0.751953 0.354688 0.288281 0.000159099
0 0.268359 0.200391 0.182031 0.196094 0.000182728
0 0.577734 0.222656 0.0992187 0.109375 0.000185836
0 0.803516 0.530078 0.0882813 0.103906 0.000197445
0 0.805078 0.634766 0.150781 0.214844 0.000199928
0 0.0816406 0.558594 0.163281 0.6 0.00020773
0 0.282031 0.448828 0.129688 0.197656 0.000216168
0 0.782031 0.675781 0.253125 0.189063 0.000219977
0 0.715625 0.240625 0.125 0.1125 0.000223356
0 0.624609 0.601172 0.192969 0.236719 0.000226612
0 0.199219 0.536328 0.232812 0.191406 0.000238482
0 0.658984 0.511719 0.200781 0.2 0.00025162
0 0.684375 0.196094 0.15 0.129688 0.000252654
0 0.650391 0.195312 0.225781 0.24375 0.000261152
0 0.760547 0.431641 0.166406 0.178906 0.00026682
0 0.236328 0.323828 0.150781 0.205469 0.000278868
0 0.264062 0.512109 0.139062 0.228906 0.00028322
0 0.177344 0.300391 0.0859375 0.110156 0.000295243
0 0.594141 0.225781 0.142969 0.209375 0.000299483
0 0.803906 0.403906 0.090625 0.121875 0.000304392
0 0.260547 0.405078 0.166406 0.175781 0.000310092
0 0.139453 0.670313 0.235156 0.339063 0.000338231
0 0.263672 0.637109 0.294531 0.242969 0.000379625
0 0.140625 0.38125 0.129688 0.2625 0.000386969
0 0.813672 0.48125 0.286719 0.448438 0.00041574
0 0.296094 0.597266 0.201562 0.199219 0.000417622
0 0.158203 0.574609 0.174219 0.185156 0.000443725
0 0.722266 0.469922 0.258594 0.200781 0.000448872
0 0.615234 0.308984 0.172656 0.235156 0.000452401
0 0.191797 0.185937 0.383594 0.357812 0.000475467
0 0.194531 0.288672 0.132812 0.158594 0.000478276
0 0.180859 0.380469 0.178906 0.196875 0.000530268
0 0.198828 0.247656 0.200781 0.234375 0.000565049
0 0.840234 0.683203 0.238281 0.271094 0.000597832
0 0.800781 0.470703 0.129688 0.197656 0.000628859
0 0.817969 0.532422 0.125 0.194531 0.000658851
0 0.701953 0.550781 0.238281 0.207813 0.000692214
0 0.711719 0.201953 0.0984375 0.0976562 0.000693359
0 0.119922 0.562109 0.169531 0.330469 0.000729618
0 0.260938 0.555469 0.20625 0.192188 0.000780563
0 0.289844 0.433594 0.209375 0.446875 0.000910769
0 0.6625 0.438672 0.2875 0.363281 0.00097392
0 0.692578 0.238672 0.207031 0.233594 0.00141186
0 0.237109 0.362109 0.217969 0.189844 0.00153376
0 0.129688 0.396484 0.185937 0.405469 0.00153901
0 0.763281 0.573438 0.225 0.209375 0.00178277
0 0.7625 0.509766 0.182812 0.196094 0.00212777
0 0.75 0.403516 0.2125 0.388281 0.00221795
0 0.196875 0.598047 0.275 0.258594 0.00247254
0 0.662891 0.560547 0.294531 0.328906 0.00270853
0 0.669922 0.304297 0.271094 0.375781 0.00273093
0 0.815625 0.60625 0.201562 0.321875 0.00386415
0 0.247266 0.278906 0.249219 0.332812 0.00491413
0 0.727734 0.648047 0.339844 0.302344 0.00536501
0 0.163672 0.517969 0.225781 0.44375 0.00634947
0 0.245703 0.524609 0.272656 0.339844 0.00676897
0 0.168359 0.318359 0.167969 0.232031 0.00861691
0 0.799609 0.492188 0.171094 0.33125 0.00885389
0 0.201172 0.353516 0.239844 0.332031 0.0276086
0 0.755469 0.549219 0.279687 0.370313 0.0909377
0 0.714844 0.447656 0.33125 0.589063 0.140521
0 0.218359 0.395312 0.292969 0.546875 0.253762
