0 0.300391 0.264062 0.0757812 0.120312 0.000100848
0 0.71875 0.264062 0.0765625 0.114063 0.000103082
0 0.0402344 0.446484 0.0804688 0.141406 0.000106162
0 0.301953 0.303906 0.0820312 0.11875 0.000112098
0 0.625781 0.220703 0.134375 0.227344 0.000113199
0 0.396094 0.113672 0.117188 0.119531 0.000118057
0 0.652344 0.152734 0.0859375 0.105469 0.000119129
0 0.369141 0.170312 0.0773437 0.107813 0.00012055
0 0.256641 0.317187 0.286719 0.521875 0.000122307
0 0.0246094 0.491797 0.0492188 0.157031 0.00013243
0 0.755078 0.409375 0.128906 0.29375 0.000140566
0 0.389844 0.286719 0.153125 0.33125 0.000140984
0 0.883203 0.727734 0.0492188 0.139844 0.000156123
0 0.946094 0.707422 0.0859375 0.232031 0.000156974
0 0.696875 0.215234 0.071875 0.0960938 0.000159779
0 0.331641 0.235938 0.255469 0.35625 0.000162516
0 0.342969 0.652734 0.146875 0.150781 0.00016478
0 0.289844 0.339844 0.09375 0.2 0.000170443
0 0.777734 0.594922 0.0804688 0.119531 0.000173729
0 0.802734 0.473047 0.160156 0.500781 0.000173935
0 0.0152344 0.464844 0.0289063 0.0734375 0.00018585
0 0.886719 0.655859 0.0265625 0.158594 0.000187558
0 0.758594 0.303516 0.270312 0.482031 0.000189725
0 0.871094 0.624219 0.190625 0.4125 0.000215024
0 0.384375 0.575 0.110937 0.167187 0.000215841
0 0.36875 0.123828 0.0859375 0.0882813 0.000216981
0 0.284375 0.555469 0.134375 0.209375 0.000228533
0 0.720312 0.305469 0.084375 0.117188 0.000229559
0 0.882812 0.6875 0.040625 0.146875 0.000244143
0 0.688281 0.300391 0.134375 0.208594 0.000246253
0 0.376563 0.527734 0.239063 0.333594 0.000255293
0 0.674219 0.482422 0.185937 0.386719 0.000283719
0 0.7625 0.572266 0.0796875 0.114844 0.000285542
0 0.342187 0.199219 0.114063 0.179688 0.000294711
0 0.317187 0.49375 0.139062 0.276563 0.0003008
0 0.761719 0.649609 0.14375 0.188281 0.000320725
0 0.0277344 0.446875 0.0507812 0.10625 0.000336341
0 0.702734 0.648438 0.188281 0.179688 0.000362744
0 0.696875 0.217969 0.0890625 0.164062 0.000370723
0 0.726562 0.533984 0.14375 0.282031 0.000406857
0 0.891797 0.617578 0.114844 0.305469 0.000413193
0 0.731641 0.362891 0.111719 0.253906 0.000426745
0 0.285937 0.651172 0.142188 0.164844 0.000458524
0 0.298828 0.405078 0.121094 0.296094 0.000465337
0 0.291406 0.262109 0.0953125 0.202344 0.000501794
0 0.255859 0.60625 0.132031 0.253125 0.000576216
0 0.321484 0.575 0.142969 0.204688 0.0005785
0 0.374219 0.607031 0.1875 0.203125 0.000617446
0 0.683203 0.187109 0.128906 0.167969 0.000834597
0 0.279687 0.30625 0.145313 0.348437 0.000879448
0 0.794141 0.628906 0.117969 0.25 0.00105898
0 0.407422 0.16875 0.119531 0.15625 0.00109599
0 0.614844 0.133594 0.129688 0.126563 0.00109672
0 0.70625 0.339844 0.115625 0.157813 0.00122719
0 0.683984 0.594922 0.147656 0.194531 0.00126624
0 0.667969 0.265234 0.192188 0.347656 0.00132597
0 0.346875 0.673437 0.239063 0.1875 0.00186496
0 0.365234 0.358203 0.228906 0.564844 0.00238774
0 0.672656 0.396094 0.2375 0.634375 0.00278403
0 0.380469 0.149219 0.1125 0.129688 0.00313287
0 0.641797 0.164062 0.158594 0.179688 0.0035237
0 0.313672 0.500391 0.269531 0.521094 0.00412781
0 0.283594 0.524219 0.1625 0.373437 0.00416461
0 0.360156 0.206641 0.173438 0.242969 0.00512866
0 0.314453 0.273438 0.125781 0.2875 0.00696763
0 0.720703 0.551562 0.264844 0.379687 0.0075663
0 0.774219 0.575781 0.1125 0.25 0.0126586
0 0.309766 0.619922 0.208594 0.242969 0.0169999
0 0.761719 0.517578 0.1375 0.417969 0.0213812
0 0.716406 0.2875 0.115625 0.3 0.026434
0 0.7375 0.605469 0.198437 0.242188 0.098754
0 0.730078 0.435937 0.172656 0.55 0.164687
0 0.303516 0.405859 0.164844 0.550781 0.251569
