0 0.701563 0.259375 0.0625 0.090625 0.000100555
0 0.381641 0.638281 0.113281 0.18125 0.000100799
0 0.75625 0.341797 0.04375 0.0648438 0.000105474
0 0.635938 0.191406 0.05625 0.0765625 0.000106985
0 0.296094 0.4875 0.090625 0.145313 0.000107025
0 0.303125 0.453125 0.071875 0.0578125 0.000108075
0 0.742969 0.738281 0.0890625 0.114063 0.00011053
0 0.0828125 0.860937 0.165625 0.278125 0.000116679
0 0.689844 0.213672 0.0375 0.0554687 0.000118539
0 0.629687 0.7 0.103125 0.165625 0.000119059
0 0.760938 0.490234 0.0796875 0.192969 0.000120171
0 0.322266 0.246094 0.0492188 0.04375 0.000122803
0 0.343359 0.254687 0.0523437 0.053125 0.000123515
0 0.634375 0.173828 0.04375 0.0554687 0.000123602
0 0.735156 0.805859 0.225 0.271094 0.000124904
0 0.697266 0.238672 0.0429688 0.0695312 0.000124993
0 0.265234 0.510547 0.0867188 0.183594 0.000125159
0 0.278906 0.467187 0.078125 0.0953125 0.000129294
0 0.764063 0.699609 0.084375 0.113281 0.000134936
0 0.301172 0.617188 0.153906 0.19375 0.000138786
0 0.763281 0.536328 0.071875 0.105469 0.000138934
0 0.39375 0.689453 0.134375 0.207031 0.000143767
0 0.755469 0.496484 0.1125 0.419531 0.000144659
0 0.364062 0.250391 0.0515625 0.0601562 0.00014797
0 0.352734 0.249609 0.0820312 0.0851562 0.000148197
0 0.316016 0.462109 0.0789063 0.0882813 0.000152979
0 0.658984 0.183203 0.0726563 0.0695312 0.000156004
0 0.760938 0.576172 0.0734375 0.103906 0.000157643
0 0.315625 0.273047 0.0484375 0.0601562 0.000162397
0 0.716406 0.242969 0.0484375 0.06875 0.000162755
0 0.729688 0.322656 0.0515625 0.090625 0.000163089
0 0.263672 0.660937 0.124219 0.2125 0.00016393
0 0.950391 0.2375 0.0992187 0.475 0.000165926
0 0.347266 0.240234 0.0554687 0.0414063 0.000169927
0 0.382422 0.203516 0.0507812 0.0585938 0.000172557
0 0.676953 0.209766 0.0585938 0.0726563 0.000172904
0 0.776953 0.758984 0.0851562 0.119531 0.000173254
0 0.689062 0.219141 0.065625 0.103906 0.000174003
0 0.318359 0.253906 0.0664062 0.06875 0.000175096
0 0.782812 0.571484 0.128125 0.497656 0.000175542
0 0.701563 0.572656 0.2875 0.545313 0.000177314
0 0.803516 0.76875 0.155469 0.260938 0.000194049
0 0.722266 0.275391 0.0632813 0.0992187 0.000205599
0 0.376172 0.417578 0.121094 0.119531 0.00023336
0 0.386719 0.416016 0.0828125 0.0851562 0.000240777
0 0.778906 0.723047 0.0765625 0.121094 0.000261727
0 0.376563 0.610156 0.15 0.292188 0.000286059
0 0.676172 0.193359 0.0445312 0.0601562 0.000295545
0 0.296875 0.445312 0.1 0.117188 0.000304353
0 0.275391 0.417969 0.0789063 0.120312 0.00030848
0 0.278125 0.573828 0.123438 0.221094 0.000310607
0 0.0578125 0.786719 0.115625 0.426562 0.000319076
0 0.260938 0.439844 0.05625 0.109375 0.000339235
0 0.240625 0.756641 0.117188 0.214844 0.000350759
0 0.378906 0.225 0.08125 0.10625 0.000350869
0 0.343359 0.618359 0.130469 0.227344 0.000350903
0 0.344141 0.467578 0.161719 0.238281 0.000395163
0 0.73125 0.263672 0.0421875 0.0601562 0.00039679
0 0.775781 0.660547 0.090625 0.210156 0.000415621
0 0.722266 0.275391 0.0429688 0.0695312 0.000424568
0 0.761719 0.575781 0.0921875 0.2 0.000442808
0 0.659375 0.718359 0.128125 0.150781 0.000444645
0 0.254297 0.610937 0.138281 0.375 0.000503209
0 0.367969 0.233984 0.05625 0.0507812 0.000513726
0 0.717969 0.305469 0.0421875 0.078125 0.000515668
0 0.305469 0.262109 0.0421875 0.0539063 0.000573091
0 0.275 0.458594 0.096875 0.179688 0.000590552
0 0.341797 0.678125 0.164844 0.18125 0.000741959
0 0.760547 0.773438 0.119531 0.178125 0.000908353
0 0.695312 0.652734 0.207813 0.299219 0.00106915
0 0.285156 0.494922 0.13125 0.269531 0.00114649
0 0.683203 0.744141 0.196094 0.175781 0.00115881
0 0.38125 0.226562 0.059375 0.06875 0.00154248
0 0.325391 0.563281 0.196094 0.365625 0.00159951
0 0.729297 0.583984 0.164844 0.388281 0.00163117
0 0.739062 0.713672 0.284375 0.294531 0.00166554
0 0.276172 0.714844 0.185156 0.251563 0.00249043
0 0.782812 0.732031 0.103125 0.215625 0.00619583
0 0.761328 0.655859 0.124219 0.322656 0.0102928
0 0.302344 0.649609 0.204688 0.321094 0.0109953
0 0.737109 0.720703 0.174219 0.227344 0.056908
