0 0.1875 0.479688 0.229687 0.435937 0.000100542
0 0.330859 0.0386719 0.0710938 0.0648438 0.000104762
0 0.344922 0.676953 0.0804688 0.103906 0.000107455
0 0.286328 0.469141 0.0867188 0.113281 0.000111931
0 0.25625 0.395703 0.320312 0.403906 0.00011251
0 0.326562 0.3875 0.0828125 0.107813 0.000112773
0 0.976953 0.519141 0.0445312 0.413281 0.000113491
0 0.385938 0.508984 0.135937 0.252344 0.000115699
0 0.801953 0.369531 0.0773437 0.109375 0.000116175
0 0.209766 0.607031 0.172656 0.351562 0.000117555
0 0.722266 0.383203 0.172656 0.189844 0.000118923
0 0.383594 0.322656 0.115625 0.139062 0.000120862
0 0.305469 0.448047 0.0890625 0.116406 0.000126129
0 0.858984 0.629687 0.0757812 0.096875 0.00012764
0 0.342187 0.408594 0.0859375 0.110937 0.00012841
0 0.714844 0.0539063 0.0671875 0.078125 0.000146916
0 0.347656 0.596484 0.0765625 0.0976562 0.000147398
0 0.244141 0.685938 0.0789063 0.117188 0.000151698
0 0.825391 0.576953 0.0882813 0.116406 0.000152182
0 0.864062 0.482812 0.175 0.44375 0.000153245
0 0.225391 0.752344 0.0960938 0.142188 0.00015593
0 0.358984 0.0621094 0.0273438 0.0382813 0.000163052
0 0.333594 0.0652344 0.0265625 0.0476562 0.000165321
0 0.803125 0.596484 0.090625 0.110156 0.000167033
0 0.264062 0.596875 0.0921875 0.204688 0.000184366
0 0.326953 0.675 0.133594 0.140625 0.000201572
0 0.804297 0.449609 0.0851562 0.116406 0.00020538
0 0.323828 0.427344 0.0867188 0.115625 0.000212706
0 0.26875 0.470703 0.109375 0.224219 0.000230321
0 0.326953 0.0285156 0.0414063 0.0539063 0.00024293
0 0.272266 0.697656 0.0851562 0.09375 0.000257677
0 0.804688 0.404687 0.0765625 0.1125 0.000261906
0 0.356641 0.0457031 0.0351562 0.0382813 0.000267049
0 0.765625 0.469531 0.160938 0.185937 0.000299648
0 0.355469 0.717188 0.128125 0.120312 0.000301678
0 0.215625 0.694922 0.110937 0.211719 0.000309646
0 0.825391 0.403516 0.114844 0.210156 0.000318108
0 0.723437 0.557422 0.157813 0.191406 0.00033639
0 0.7625 0.360938 0.129688 0.175 0.000344465
0 0.379297 0.685938 0.132031 0.15625 0.000345054
0 0.25625 0.615234 0.282813 0.452344 0.00035138
0 0.682422 0.383984 0.230469 0.313281 0.00036141
0 0.347266 0.638281 0.0789063 0.107813 0.00036614
0 0.836719 0.515234 0.103125 0.217969 0.000370993
0 0.841016 0.6125 0.0867188 0.107813 0.00037835
0 0.800781 0.366016 0.109375 0.155469 0.000386782
0 0.407813 0.477344 0.171875 0.389062 0.000403302
0 0.803125 0.629297 0.15 0.147656 0.000472073
0 0.341406 0.0285156 0.0453125 0.0539063 0.00048359
0 0.360938 0.571484 0.109375 0.222656 0.000494469
0 0.863672 0.561719 0.136719 0.276563 0.000494742
0 0.363281 0.446875 0.1375 0.223438 0.000521465
0 0.722266 0.333203 0.221094 0.202344 0.000546196
0 0.764063 0.59375 0.15 0.1625 0.000711061
0 0.783594 0.405859 0.128125 0.196094 0.000725852
0 0.844141 0.643359 0.117969 0.142969 0.000819603
0 0.323438 0.570312 0.140625 0.242188 0.000819945
0 0.282031 0.532422 0.120312 0.253906 0.000907829
0 0.76875 0.366406 0.198437 0.240625 0.000981881
0 0.690625 0.542578 0.176563 0.303906 0.0010644
0 0.781641 0.648438 0.266406 0.184375 0.00107135
0 0.344141 0.04375 0.0445312 0.0484375 0.00161878
0 0.375391 0.3625 0.172656 0.240625 0.00164129
0 0.788281 0.531641 0.15 0.261719 0.00186428
0 0.344922 0.639063 0.119531 0.176563 0.00190168
0 0.707422 0.607813 0.157031 0.1875 0.00224199
0 0.375781 0.552344 0.190625 0.373437 0.00241306
0 0.280078 0.470703 0.163281 0.311719 0.00248137
0 0.242578 0.652734 0.114844 0.258594 0.00259907
0 0.319922 0.465625 0.149219 0.234375 0.0028071
0 0.803906 0.453516 0.121875 0.250781 0.00292309
0 0.346875 0.407422 0.28125 0.369531 0.00354313
0 0.241406 0.719141 0.0984375 0.135156 0.00461233
0 0.310547 0.642578 0.196094 0.235156 0.00554963
0 0.712109 0.475 0.271094 0.459375 0.00555039
0 0.265234 0.694531 0.146094 0.159375 0.00714989
0 0.833984 0.596484 0.141406 0.185156 0.0072731
0 0.277344 0.595312 0.164062 0.354688 0.00935266
0 0.329297 0.405078 0.192969 0.264844 0.0178728
0 0.827734 0.515625 0.144531 0.325 0.0236728
0 0.779688 0.589063 0.228125 0.229687 0.0675738
0 0.777344 0.486719 0.2125 0.392188 0.231863
0 0.324609 0.519922 0.227344 0.469531 0.264717
