0 0.139453 0.0386719 0.272656 0.0773437 0.000104192
0 0.81875 0.394922 0.198437 0.519531 0.000115115
0 0.833984 0.575781 0.121094 0.275 0.000116881
0 0.784375 0.204297 0.396875 0.400781 0.00011908
0 0.184375 0.614844 0.220313 0.553125 0.000124637
0 0.921484 0.119141 0.150781 0.238281 0.000128045
0 0.965234 0.105078 0.0695312 0.210156 0.000129224
0 0.7625 0.676172 0.148438 0.221094 0.000134448
0 0.0613281 0.142969 0.117969 0.282813 0.000136409
0 0.173047 0.0660156 0.344531 0.132031 0.000153847
0 0.360938 0.385938 0.15 0.214062 0.000165548
0 0.418359 0.441016 0.224219 0.327344 0.00017259
0 0.8375 0.675781 0.14375 0.253125 0.000181222
0 0.728125 0.034375 0.364062 0.06875 0.000187795
0 0.549609 0.398047 0.272656 0.475781 0.000194633
0 0.2625 0.469922 0.13125 0.255469 0.000195439
0 0.803125 0.513281 0.135937 0.289062 0.000208643
0 0.759766 0.316016 0.158594 0.235156 0.000211873
0 0.679297 0.689844 0.213281 0.257812 0.000229251
0 0.762891 0.427734 0.121094 0.246094 0.00023514
0 0.721484 0.0589844 0.441406 0.116406 0.000242675
0 0.889844 0.0347656 0.220313 0.0695312 0.00024297
0 0.348437 0.718359 0.248437 0.246094 0.000247527
0 0.128125 0.201953 0.246875 0.403906 0.000250432
0 0.242578 0.616016 0.139844 0.286719 0.000257341
0 0.932813 0.0609375 0.134375 0.121875 0.000273682
0 0.674609 0.273047 0.150781 0.150781 0.00028174
0 0.0808594 0.0738281 0.160156 0.147656 0.000282091
0 0.801172 0.736719 0.208594 0.175 0.000288704
0 0.786328 0.0976562 0.410156 0.195312 0.000305506
0 0.212891 0.486328 0.296094 0.616406 0.000326938
0 0.424609 0.598828 0.230469 0.480469 0.00035648
0 0.662109 0.519141 0.197656 0.461719 0.000365764
0 0.304688 0.4 0.176563 0.204688 0.000379352
0 0.408594 0.690625 0.209375 0.271875 0.000419593
0 0.869141 0.0574219 0.261719 0.113281 0.000474077
0 0.114844 0.110547 0.228125 0.221094 0.000509161
0 0.236719 0.708203 0.160938 0.202344 0.000523831
0 0.695312 0.316797 0.203125 0.232031 0.00069483
0 0.667578 0.381641 0.236719 0.375781 0.000718851
0 0.70625 0.601953 0.24375 0.435156 0.000757748
0 0.352734 0.33125 0.189844 0.185937 0.00078863
0 0.344922 0.650781 0.321094 0.364062 0.000813614
0 0.740625 0.71875 0.278125 0.229687 0.000830159
0 0.531641 0.53125 0.360156 0.610937 0.0008519
0 0.766797 0.414062 0.172656 0.4 0.00111046
0 0.802344 0.615625 0.145313 0.271875 0.00190628
0 0.283984 0.453125 0.191406 0.36875 0.00294507
0 0.410937 0.533984 0.365625 0.578906 0.00335474
0 0.278516 0.674219 0.216406 0.282813 0.00412799
0 0.351172 0.400391 0.232031 0.305469 0.00485569
0 0.827344 0.558594 0.179688 0.501562 0.00607398
0 0.694141 0.470703 0.310156 0.619531 0.00909132
0 0.251953 0.589453 0.200781 0.480469 0.009335
0 0.784375 0.663281 0.228125 0.29375 0.0144243
0 0.771094 0.518359 0.229687 0.550781 0.206004
0 0.310937 0.521875 0.28125 0.5375 0.426688
