0 0.20625 0.655078 0.084375 0.105469 0.000100493
0 0.615234 0.511328 0.114844 0.207031 0.000101259
0 0.348437 0.798437 0.240625 0.26875 0.000101321
0 0.190234 0.636328 0.108594 0.213281 0.000101398
0 0.399609 0.2375 0.0460938 0.0671875 0.000101656
0 0.718359 0.655078 0.0804688 0.108594 0.00010298
0 0.657812 0.473828 0.139062 0.252344 0.00010319
0 0.718359 0.559375 0.107031 0.179688 0.000105201
0 0.477344 0.272266 0.046875 0.0851562 0.000108215
0 0.971484 0.482031 0.0554687 0.492188 0.000109972
0 0.328516 0.219141 0.0445312 0.0476562 0.000112357
0 0.248047 0.449609 0.0992187 0.158594 0.00011553
0 0.370703 0.525781 0.188281 0.392188 0.000116196
0 0.254687 0.613672 0.0890625 0.107031 0.000117327
0 0.666797 0.314063 0.0726563 0.107813 0.000118428
0 0.300391 0.757812 0.208594 0.195312 0.000119494
0 0.617969 0.575 0.13125 0.235938 0.000119782
0 0.395703 0.217969 0.0523437 0.0609375 0.000120222
0 0.359766 0.593359 0.117969 0.214844 0.000123449
0 0.699219 0.755469 0.182812 0.209375 0.000127363
0 0.578125 0.382031 0.182812 0.253125 0.00013112
0 0.285156 0.297266 0.0953125 0.102344 0.000132823
0 0.371875 0.354297 0.146875 0.210156 0.000135382
0 0.396094 0.264453 0.0671875 0.103906 0.000135888
0 0.372266 0.203125 0.0507812 0.04375 0.000136722
0 0.954687 0.564453 0.0875 0.510156 0.000138939
0 0.630469 0.301172 0.123438 0.169531 0.00014152
0 0.336328 0.235547 0.0585938 0.0882813 0.000144181
0 0.238281 0.634766 0.09375 0.113281 0.00014445
0 0.300391 0.446875 0.0804688 0.0875 0.000149888
0 0.424609 0.286719 0.0414063 0.0578125 0.000151091
0 0.260156 0.445703 0.0796875 0.0914062 0.000160751
0 0.403906 0.0269531 0.209375 0.0539063 0.000169326
0 0.65625 0.272266 0.0546875 0.110156 0.000174255
0 0.984766 0.655078 0.0304688 0.252344 0.000175032
0 0.619141 0.24375 0.0710938 0.078125 0.000184075
0 0.710938 0.388672 0.059375 0.0914062 0.000184451
0 0.355859 0.254687 0.0710938 0.120312 0.00018482
0 0.666797 0.301172 0.0492188 0.0617188 0.000185863
0 0.659375 0.553906 0.164062 0.184375 0.000191658
0 0.626953 0.266797 0.0679687 0.0960938 0.000198494
0 0.851953 0.71875 0.250781 0.509375 0.000209525
0 0.226562 0.582422 0.126563 0.211719 0.00021006
0 0.243359 0.737891 0.213281 0.203906 0.000210433
0 0.346875 0.219922 0.05 0.0507812 0.000218566
0 0.654688 0.229297 0.0375 0.0507812 0.000219398
0 0.616406 0.239453 0.0515625 0.0507812 0.000221964
0 0.382031 0.209375 0.0546875 0.065625 0.000225785
0 0.621875 0.715234 0.159375 0.202344 0.000229966
0 0.298438 0.407031 0.0875 0.107813 0.000244729
0 0.552344 0.0269531 0.21875 0.0539063 0.000251246
0 0.425781 0.0152344 0.20625 0.0304688 0.000254874
0 0.577734 0.473437 0.266406 0.451562 0.000256106
0 0.376172 0.761719 0.147656 0.215625 0.00025727
0 0.641797 0.297656 0.0445312 0.065625 0.000260859
0 0.216016 0.489844 0.246094 0.467187 0.000265245
0 0.75625 0.761719 0.104687 0.276563 0.000288969
0 0.376563 0.565625 0.282813 0.525 0.0003008
0 0.486328 0.251953 0.0570313 0.0976562 0.000304904
0 0.661328 0.241797 0.0398437 0.0523437 0.00030953
0 0.766797 0.850391 0.185156 0.272656 0.000332707
0 0.694922 0.409375 0.121094 0.192188 0.000358912
0 0.486328 0.0238281 0.214844 0.0476562 0.000379787
0 0.697266 0.390234 0.0929687 0.119531 0.000382159
0 0.616016 0.762109 0.350781 0.367969 0.000384462
0 0.280078 0.669922 0.157031 0.214844 0.000397599
0 0.966016 0.722266 0.0679687 0.485156 0.000405678
0 0.370703 0.229297 0.0554687 0.0804688 0.000409844
0 0.257812 0.555469 0.148438 0.2875 0.000419739
0 0.722656 0.615625 0.0828125 0.11875 0.000427992
0 0.645312 0.242188 0.0453125 0.0546875 0.000446677
0 0.709375 0.490625 0.15 0.35 0.000456588
0 0.734375 0.699609 0.107813 0.219531 0.00046337
0 0.462109 0.707031 0.436719 0.423438 0.000509942
0 0.511719 0.0160156 0.154687 0.0320312 0.000518592
0 0.646484 0.405469 0.185156 0.25 0.00052236
0 0.299609 0.364844 0.0898438 0.115625 0.000531253
0 0.279687 0.426172 0.084375 0.0960938 0.000536367
0 0.979297 0.767578 0.0414063 0.419531 0.000546511
0 0.6375 0.636328 0.140625 0.264844 0.000564879
0 0.212109 0.677344 0.172656 0.232812 0.000644815
0 0.260156 0.392188 0.117188 0.195312 0.00065883
0 0.652344 0.452734 0.225 0.417969 0.000664428
0 0.330859 0.328125 0.158594 0.234375 0.000670086
0 0.283984 0.330078 0.108594 0.127344 0.000702834
0 0.318359 0.425 0.135156 0.220313 0.000728336
0 0.708984 0.830859 0.221094 0.296094 0.00073975
0 0.373437 0.652344 0.198437 0.31875 0.000760066
0 0.653125 0.279687 0.0390625 0.0765625 0.000797924
0 0.976562 0.604688 0.046875 0.401563 0.000805622
0 0.624219 0.570703 0.2 0.380469 0.000852631
0 0.316406 0.621484 0.182812 0.197656 0.00086334
0 0.213672 0.570312 0.169531 0.360938 0.000890516
0 0.33125 0.441016 0.215625 0.378906 0.00122156
0 0.653516 0.254687 0.0351562 0.0734375 0.00129181
0 0.683203 0.619531 0.150781 0.267188 0.00134464
0 0.679688 0.697266 0.19375 0.214844 0.00180731
0 0.570703 0.633984 0.377344 0.503906 0.00188205
0 0.282031 0.425 0.117188 0.171875 0.00202339
0 0.340234 0.717578 0.203906 0.278906 0.00214394
0 0.624219 0.685938 0.223438 0.296875 0.00221394
0 0.273828 0.755469 0.277344 0.325 0.00222936
0 0.735937 0.646875 0.2875 0.545313 0.00230141
0 0.282031 0.446094 0.167187 0.295312 0.00303159
0 0.73125 0.616797 0.0953125 0.235156 0.00399272
0 0.244922 0.636719 0.175781 0.19375 0.00866201
0 0.747656 0.722266 0.14375 0.421094 0.0130297
0 0.297266 0.36875 0.142969 0.196875 0.0178281
0 0.719141 0.619141 0.139844 0.342969 0.0204936
0 0.677734 0.567187 0.214844 0.496875 0.0389785
0 0.289453 0.522266 0.242969 0.492969 0.197236
0 0.282813 0.653516 0.253125 0.285156 0.206103
0 0.695312 0.689453 0.204688 0.383594 0.239115
