0 0.371875 0.642969 0.18125 0.142188 0.000101399
0 0.535156 0.0835937 0.264062 0.164062 0.000107867
0 0.812109 0.620313 0.302344 0.41875 0.000110031
0 0.802344 0.616016 0.0828125 0.111719 0.000111427
0 0.832812 0.657031 0.090625 0.178125 0.000114211
0 0.547656 0.0171875 0.15625 0.0328125 0.000115997
0 0.744531 0.744922 0.276563 0.224219 0.000122185
0 0.703516 0.510938 0.147656 0.196875 0.000123097
0 0.445703 0.517578 0.166406 0.466406 0.000129076
0 0.446875 0.338672 0.0984375 0.0835937 0.000132922
0 0.337891 0.5125 0.186719 0.215625 0.00013716
0 0.319531 0.460938 0.09375 0.0953125 0.000145695
0 0.770312 0.411328 0.115625 0.164844 0.000149616
0 0.741406 0.694531 0.234375 0.1625 0.000157552
0 0.674219 0.670703 0.176563 0.177344 0.000159145
0 0.742969 0.65 0.146875 0.160938 0.000164345
0 0.802734 0.698438 0.0804688 0.08125 0.000177054
0 0.371094 0.361719 0.320312 0.310937 0.000178155
0 0.760156 0.492188 0.1375 0.190625 0.000181771
0 0.294922 0.427344 0.0851562 0.115625 0.000186549
0 0.809766 0.754687 0.127344 0.170312 0.000188033
0 0.803516 0.657031 0.0835937 0.1125 0.000190365
0 0.548437 0.0332031 0.164062 0.0632813 0.000191112
0 0.384375 0.536719 0.135937 0.19375 0.000202135
0 0.796875 0.511328 0.10625 0.250781 0.00021237
0 0.321484 0.39375 0.0898438 0.109375 0.000217572
0 0.817578 0.715234 0.0820312 0.0976562 0.000218054
0 0.279297 0.399219 0.185156 0.259375 0.000219493
0 0.367969 0.595312 0.0765625 0.0890625 0.000223307
0 0.448047 0.430859 0.117969 0.189844 0.000235088
0 0.537891 0.0472656 0.222656 0.0945313 0.000241004
0 0.292188 0.491016 0.107813 0.219531 0.000270892
0 0.698047 0.414062 0.260156 0.515625 0.000294667
0 0.702344 0.632031 0.140625 0.170312 0.000337714
0 0.273828 0.476953 0.294531 0.425781 0.000350305
0 0.782422 0.71875 0.161719 0.140625 0.000379496
0 0.8125 0.595703 0.096875 0.221094 0.000393985
0 0.304688 0.572656 0.154687 0.164062 0.00052358
0 0.777734 0.447266 0.0867188 0.114844 0.000608765
0 0.671875 0.562891 0.1875 0.311719 0.000620618
0 0.809375 0.685547 0.1125 0.150781 0.000647953
0 0.370313 0.362109 0.209375 0.207031 0.000680832
0 0.416406 0.552734 0.170312 0.305469 0.000776961
0 0.335547 0.425 0.0929687 0.101562 0.000834982
0 0.4375 0.371875 0.121875 0.142188 0.000850427
0 0.376953 0.592188 0.117969 0.132812 0.0010192
0 0.719141 0.571484 0.147656 0.252344 0.00104045
0 0.755469 0.457422 0.167187 0.314844 0.00121178
0 0.761328 0.594531 0.149219 0.20625 0.00211997
0 0.415625 0.439844 0.189063 0.28125 0.00263255
0 0.796484 0.640234 0.139844 0.199219 0.0031526
0 0.355469 0.572656 0.203125 0.190625 0.00319544
0 0.789062 0.5625 0.164062 0.325 0.00509835
0 0.362109 0.425781 0.225781 0.185937 0.00601782
0 0.294531 0.507422 0.170312 0.322656 0.00955943
0 0.736328 0.628516 0.230469 0.222656 0.016199
0 0.318359 0.427344 0.130469 0.153125 0.0392715
0 0.323047 0.443359 0.167969 0.278906 0.0769257
0 0.730469 0.521875 0.240625 0.415625 0.316962
0 0.361328 0.472266 0.257031 0.397656 0.409651
