0 0.259766 0.428516 0.0773437 0.103906 0.000102174
0 0.603125 0.657422 0.090625 0.119531 0.000108557
0 0.344141 0.551953 0.119531 0.233594 0.000112985
0 0.662891 0.392969 0.0726563 0.0984375 0.000115517
0 0.733594 0.446484 0.0953125 0.174219 0.000119091
0 0.683984 0.326562 0.0929687 0.1625 0.000120151
0 0.277344 0.50625 0.11875 0.215625 0.000125167
0 0.372656 0.600781 0.146875 0.289062 0.000128486
0 0.786328 0.613672 0.108594 0.217969 0.000131474
0 0.239453 0.388672 0.0914062 0.152344 0.000145955
0 0.778125 0.672266 0.103125 0.132031 0.000145989
0 0.747656 0.484375 0.121875 0.290625 0.000154374
0 0.683984 0.463281 0.0851562 0.175 0.000158105
0 0.300781 0.332031 0.145313 0.209375 0.000158396
0 0.240625 0.452734 0.0859375 0.117969 0.000159919
0 0.169922 0.567187 0.141406 0.39375 0.000161857
0 0.220703 0.593359 0.132031 0.216406 0.00017392
0 0.212891 0.407422 0.110156 0.219531 0.000181224
0 0.165625 0.682813 0.134375 0.225 0.000183714
0 0.710938 0.372656 0.0859375 0.135937 0.000191286
0 0.609375 0.547266 0.140625 0.269531 0.000192537
0 0.713281 0.6375 0.0921875 0.103125 0.000211577
0 0.628516 0.31875 0.147656 0.207813 0.000234212
0 0.197266 0.466016 0.113281 0.244531 0.00025155
0 0.283594 0.490234 0.303125 0.471094 0.000256472
0 0.244922 0.675 0.141406 0.165625 0.000262282
0 0.640234 0.653125 0.0898438 0.1 0.000282111
0 0.703125 0.488281 0.0984375 0.240625 0.000288637
0 0.675 0.667578 0.0859375 0.100781 0.000290284
0 0.675391 0.551172 0.275781 0.369531 0.000315222
0 0.303125 0.711328 0.203125 0.174219 0.000321725
0 0.306641 0.444141 0.169531 0.321094 0.000341437
0 0.236328 0.528125 0.110156 0.2 0.000348101
0 0.257812 0.429688 0.0984375 0.170312 0.000354321
0 0.235156 0.708594 0.23125 0.196875 0.000366725
0 0.347266 0.523047 0.160156 0.386719 0.00036712
0 0.2375 0.505469 0.08125 0.0859375 0.000387364
0 0.303516 0.596484 0.136719 0.242969 0.000393567
0 0.6625 0.375 0.115625 0.16875 0.000467427
0 0.695312 0.440625 0.071875 0.1125 0.000471626
0 0.640234 0.617578 0.0851562 0.0976562 0.000526475
0 0.755469 0.571875 0.1375 0.279687 0.00054236
0 0.3 0.658203 0.0859375 0.0929687 0.000666131
0 0.754687 0.652344 0.1625 0.170312 0.000754421
0 0.260938 0.421484 0.145313 0.239844 0.000854173
0 0.253516 0.486719 0.0992187 0.135937 0.000887418
0 0.667578 0.420703 0.0882813 0.122656 0.00108339
0 0.641797 0.670313 0.158594 0.15625 0.00115163
0 0.198047 0.647266 0.171094 0.253906 0.0012053
0 0.703516 0.641797 0.294531 0.258594 0.00127355
0 0.633203 0.611328 0.128906 0.174219 0.00132428
0 0.695703 0.667969 0.152344 0.15625 0.00141075
0 0.333594 0.649609 0.15625 0.183594 0.00148761
0 0.714063 0.525 0.15625 0.340625 0.00197986
0 0.300391 0.56875 0.196094 0.342187 0.00209653
0 0.708984 0.424609 0.0992187 0.166406 0.00236786
0 0.697266 0.442578 0.141406 0.250781 0.00241122
0 0.301172 0.674219 0.139844 0.1375 0.00336479
0 0.676172 0.634375 0.0898438 0.096875 0.00339986
0 0.233594 0.463672 0.120312 0.207031 0.00367538
0 0.6625 0.578516 0.165625 0.241406 0.00459519
0 0.233594 0.55625 0.173438 0.353125 0.0057552
0 0.716797 0.626953 0.188281 0.166406 0.00652315
0 0.282422 0.644922 0.205469 0.225781 0.0120936
0 0.691406 0.406641 0.08125 0.113281 0.0146845
0 0.669531 0.636719 0.148438 0.13125 0.0460483
