0 0.714844 0.450391 0.084375 0.107031 0.000100514
0 0.678906 0.385156 0.075 0.10625 0.00010211
0 0.694922 0.615234 0.0914062 0.103906 0.000107086
0 0.308984 0.232031 0.399219 0.464063 0.000109878
0 0.78125 0.488672 0.084375 0.100781 0.000111386
0 0.380469 0.607422 0.0859375 0.105469 0.000113811
0 0.328906 0.517578 0.0890625 0.108594 0.000115945
0 0.757812 0.507422 0.0875 0.0976562 0.000116453
0 0.8 0.510156 0.08125 0.10625 0.00011762
0 0.418359 0.592578 0.310156 0.342969 0.000122305
0 0.809766 0.548437 0.275781 0.379687 0.000124475
0 0.46875 0.350781 0.282813 0.303125 0.000124544
0 0.617969 0.405469 0.140625 0.251563 0.000124674
0 0.36875 0.307813 0.14375 0.164062 0.000124762
0 0.716406 0.383203 0.078125 0.0960938 0.000125088
0 0.742188 0.614062 0.090625 0.104687 0.000128853
0 0.697266 0.289062 0.146094 0.153125 0.00012964
0 0.274219 0.510938 0.0828125 0.104687 0.000131222
0 0.834375 0.615625 0.104687 0.20625 0.000131811
0 0.718359 0.550391 0.0804688 0.105469 0.000135729
0 0.390625 0.426562 0.0796875 0.090625 0.000142458
0 0.570703 0.383984 0.339844 0.355469 0.000149723
0 0.339844 0.403125 0.135937 0.160938 0.000157465
0 0.694141 0.426953 0.0789063 0.0992187 0.000159419
0 0.275391 0.469531 0.0820312 0.104687 0.000161533
0 0.677344 0.342969 0.0765625 0.096875 0.000170868
0 0.734375 0.526953 0.084375 0.0960938 0.000172856
0 0.798828 0.469141 0.0726563 0.100781 0.00017508
0 0.697656 0.471875 0.084375 0.107813 0.00018056
0 0.832031 0.676953 0.103125 0.117969 0.000185216
0 0.260547 0.448438 0.0835937 0.1125 0.000186057
0 0.733203 0.492188 0.0867188 0.0984375 0.000189822
0 0.694922 0.365234 0.0742188 0.0945313 0.000189866
0 0.316016 0.403125 0.0820312 0.09375 0.000195512
0 0.576953 0.358203 0.222656 0.263281 0.000198188
0 0.660547 0.636328 0.0867188 0.107031 0.000211037
0 0.260156 0.317578 0.189063 0.316406 0.000222346
0 0.278516 0.422266 0.0820312 0.102344 0.000232864
0 0.213281 0.441797 0.1875 0.446094 0.000234836
0 0.421875 0.325 0.123438 0.1625 0.000238932
0 0.406641 0.342187 0.0851562 0.104687 0.000252057
0 0.771094 0.651172 0.309375 0.271094 0.000267214
0 0.8 0.636719 0.0890625 0.10625 0.000295904
0 0.260156 0.393359 0.315625 0.517969 0.000323186
0 0.658594 0.449219 0.129688 0.232812 0.000363518
0 0.405859 0.455859 0.291406 0.446094 0.000399761
0 0.676953 0.602734 0.300781 0.300781 0.00043216
0 0.628906 0.559766 0.167187 0.274219 0.000435404
0 0.797656 0.471094 0.0953125 0.175 0.000443024
0 0.776172 0.429688 0.119531 0.232812 0.000449744
0 0.778125 0.615625 0.0859375 0.0984375 0.000528433
0 0.258594 0.489453 0.078125 0.0992187 0.000530609
0 0.225 0.592969 0.0953125 0.151562 0.000549347
0 0.355469 0.297266 0.223438 0.211719 0.000568348
0 0.678125 0.321875 0.117188 0.142188 0.000572391
0 0.719922 0.648828 0.235156 0.180469 0.00064048
0 0.738672 0.450391 0.135156 0.230469 0.00065001
0 0.332422 0.553906 0.0914062 0.115625 0.000660998
0 0.404297 0.408203 0.105469 0.241406 0.000666753
0 0.217578 0.521484 0.127344 0.327344 0.000671648
0 0.717188 0.385156 0.126563 0.184375 0.0006775
0 0.760156 0.491406 0.129688 0.160938 0.000734434
0 0.682813 0.530859 0.132812 0.261719 0.000773129
0 0.349219 0.335156 0.301562 0.31875 0.000783244
0 0.8 0.536328 0.1125 0.210156 0.000808959
0 0.622266 0.434375 0.196094 0.36875 0.000813582
0 0.348828 0.605469 0.136719 0.157813 0.000825541
0 0.753125 0.361328 0.145313 0.200781 0.000864461
0 0.302344 0.471484 0.15 0.217969 0.000927016
0 0.267188 0.404687 0.115625 0.170312 0.000935327
0 0.346875 0.471094 0.142188 0.28125 0.00104222
0 0.360938 0.519141 0.0890625 0.107031 0.00117536
0 0.349609 0.587891 0.0898438 0.108594 0.00117612
0 0.651172 0.3625 0.183594 0.267188 0.00146666
0 0.696875 0.428906 0.121875 0.228125 0.00150395
0 0.296484 0.401172 0.107031 0.132031 0.00154255
0 0.660937 0.632812 0.139062 0.170312 0.00154792
0 0.714453 0.509375 0.0804688 0.0953125 0.00164959
0 0.379297 0.519922 0.119531 0.177344 0.00204253
0 0.259766 0.491016 0.100781 0.183594 0.00212197
0 0.705078 0.340625 0.169531 0.203125 0.00254979
0 0.288281 0.590234 0.225 0.199219 0.00264508
0 0.391797 0.350391 0.150781 0.200781 0.00285156
0 0.760547 0.615625 0.161719 0.153125 0.00334368
0 0.383594 0.589063 0.11875 0.164062 0.00358477
0 0.281641 0.364844 0.122656 0.145313 0.00365152
0 0.738672 0.532812 0.136719 0.245312 0.00394683
0 0.241016 0.552344 0.128906 0.221875 0.00400319
0 0.800391 0.637891 0.150781 0.164844 0.00416832
0 0.716406 0.510547 0.107813 0.160156 0.00451525
0 0.722656 0.407813 0.2 0.339063 0.00620845
0 0.794531 0.528125 0.15 0.329688 0.00633801
0 0.314063 0.355469 0.18125 0.2 0.00661763
0 0.315625 0.54375 0.298438 0.3375 0.0081284
0 0.695703 0.599609 0.175781 0.210156 0.00883303
0 0.383203 0.479688 0.144531 0.357812 0.00905315
0 0.281641 0.399219 0.146094 0.271875 0.0094972
0 0.362109 0.555469 0.0898438 0.115625 0.0126837
0 0.680859 0.468359 0.183594 0.385156 0.0138573
0 0.264062 0.472656 0.14375 0.307813 0.0157814
0 0.764063 0.596875 0.2125 0.2375 0.0232002
0 0.323828 0.530859 0.189844 0.221094 0.0295461
0 0.729297 0.522656 0.211719 0.346875 0.0725278
0 0.321875 0.446875 0.225 0.3875 0.0853615
0 0.360156 0.558594 0.132812 0.170312 0.163427
