0 0.816406 0.0546875 0.114063 0.109375 0.000100459
0 0.7625 0.449609 0.120312 0.157031 0.000102407
0 0.56875 0.953516 0.410937 0.0929687 0.000102582
0 0.786719 0.566797 0.0859375 0.100781 0.000104485
0 0.304297 0.979688 0.141406 0.040625 0.000110398
0 0.678516 0.977734 0.233594 0.0445312 0.000117158
0 0.238672 0.584766 0.164844 0.121094 0.000117168
0 0.230859 0.0492188 0.299219 0.0984375 0.00011935
0 0.74375 0.5125 0.139062 0.2 0.000120405
0 0.775781 0.305859 0.16875 0.153906 0.00012238
0 0.341797 0.317969 0.192969 0.204688 0.000125548
0 0.657031 0.213672 0.0640625 0.0695312 0.00012579
0 0.843359 0.584375 0.172656 0.196875 0.000126534
0 0.262891 0.0171875 0.219531 0.034375 0.000133184
0 0.204297 0.40625 0.132031 0.2 0.000133962
0 0.280859 0.383203 0.141406 0.141406 0.000135181
0 0.221094 0.46875 0.121875 0.126563 0.000139675
0 0.739062 0.403516 0.1625 0.211719 0.000149965
0 0.707031 0.379687 0.128125 0.153125 0.000152771
0 0.347266 0.450781 0.0851562 0.104687 0.000168115
0 0.438281 0.034375 0.339063 0.06875 0.000168633
0 0.310156 0.0824219 0.353125 0.164844 0.000171492
0 0.259766 0.328125 0.142969 0.164062 0.000178365
0 0.220703 0.0300781 0.236719 0.0601562 0.000178368
0 0.260938 0.423438 0.196875 0.207813 0.000180602
0 0.524609 0.0617188 0.360156 0.121875 0.000186172
0 0.258203 0.469922 0.135156 0.175781 0.000191946
0 0.4625 0.0957031 0.364062 0.191406 0.00019798
0 0.834766 0.400781 0.141406 0.271875 0.000204175
0 0.311328 0.94375 0.286719 0.107813 0.000212282
0 0.308203 0.468359 0.146094 0.214844 0.000214
0 0.678906 0.215234 0.1 0.0929687 0.0002201
0 0.871875 0.0535156 0.15625 0.107031 0.000222493
0 0.316016 0.0289063 0.338281 0.0578125 0.000272292
0 0.376172 0.0570313 0.371094 0.1125 0.0002831
0 0.383984 0.459375 0.152344 0.260938 0.000298845
0 0.710156 0.441406 0.196875 0.3125 0.000340862
0 0.294922 0.342187 0.285156 0.35 0.000344692
0 0.678906 0.592188 0.159375 0.175 0.000379797
0 0.733984 0.291406 0.191406 0.201562 0.000383311
0 0.783594 0.488672 0.129688 0.227344 0.000419144
0 0.206641 0.482031 0.177344 0.246875 0.000452949
0 0.35625 0.566016 0.145313 0.157031 0.000480254
0 0.311328 0.965625 0.236719 0.06875 0.00049974
0 0.688281 0.961719 0.285937 0.0765625 0.000506188
0 0.773047 0.3875 0.291406 0.390625 0.00052022
0 0.205078 0.558594 0.155469 0.134375 0.000523306
0 0.360547 0.454688 0.110156 0.175 0.000574405
0 0.835938 0.521094 0.15625 0.21875 0.000610021
0 0.771094 0.523828 0.289062 0.324219 0.000611777
0 0.788672 0.355859 0.189844 0.194531 0.00071446
0 0.807813 0.552734 0.084375 0.0914062 0.000888982
0 0.733594 0.360938 0.0921875 0.09375 0.000984139
0 0.340625 0.412891 0.170312 0.239844 0.0011564
0 0.227734 0.346094 0.121094 0.117188 0.00124645
0 0.292578 0.561719 0.210156 0.154687 0.00134681
0 0.279297 0.340234 0.208594 0.232031 0.00141273
0 0.732813 0.564062 0.196875 0.182812 0.00175059
0 0.808594 0.55625 0.128125 0.134375 0.0024016
0 0.239844 0.535937 0.223438 0.196875 0.00321476
0 0.342578 0.513672 0.171094 0.238281 0.00322847
0 0.237891 0.371484 0.167969 0.183594 0.00372418
0 0.780859 0.457812 0.197656 0.339063 0.00506428
0 0.784766 0.544922 0.182031 0.189844 0.00554567
0 0.730859 0.35 0.152344 0.140625 0.00815582
0 0.297656 0.461328 0.223438 0.310156 0.00936812
