0 0.815625 0.573438 0.107813 0.24375 0.000100345
0 0.389453 0.175 0.0804688 0.0921875 0.000101682
0 0.762891 0.301562 0.0585938 0.0921875 0.000101701
0 0.782422 0.664062 0.0835937 0.1125 0.000103105
0 0.792188 0.240625 0.04375 0.0640625 0.00010417
0 0.763672 0.208203 0.0742188 0.0882813 0.000106086
0 0.0453125 0.701172 0.090625 0.585156 0.00010745
0 0.41875 0.283984 0.157813 0.221094 0.000109193
0 0.723437 0.551562 0.0671875 0.0859375 0.000109198
0 0.66875 0.15625 0.129688 0.13125 0.000109981
0 0.398438 0.470703 0.209375 0.466406 0.000114319
0 0.734375 0.194922 0.0796875 0.0992187 0.000121017
0 0.721875 0.573438 0.1 0.15 0.000124616
0 0.305078 0.468359 0.0960938 0.208594 0.000124705
0 0.373047 0.308594 0.0914062 0.15 0.000125466
0 0.803125 0.425781 0.0703125 0.107813 0.000125739
0 0.747266 0.240625 0.0554687 0.08125 0.000127034
0 0.433984 0.219531 0.135156 0.159375 0.000129968
0 0.298828 0.530469 0.0757812 0.09375 0.000132369
0 0.784766 0.445703 0.0960938 0.174219 0.000136272
0 0.788672 0.273438 0.0664062 0.123438 0.000139595
0 0.0277344 0.814062 0.0554687 0.371875 0.000141781
0 0.814844 0.448438 0.084375 0.215625 0.000144384
0 0.445703 0.173828 0.0757812 0.0773437 0.000144724
0 0.015625 0.882031 0.03125 0.235938 0.000149166
0 0.779688 0.53125 0.128125 0.179688 0.000149725
0 0.372656 0.269922 0.075 0.132031 0.000153811
0 0.350391 0.701953 0.249219 0.205469 0.000153928
0 0.370313 0.201172 0.0765625 0.111719 0.00015403
0 0.718359 0.192188 0.0570313 0.0765625 0.000155016
0 0.708594 0.53125 0.13125 0.24375 0.000156348
0 0.746875 0.279687 0.065625 0.10625 0.000157136
0 0.763281 0.303125 0.075 0.148438 0.000164911
0 0.806641 0.387109 0.0648438 0.114844 0.000165455
0 0.814844 0.698438 0.0875 0.110937 0.000173898
0 0.362109 0.241406 0.0710938 0.109375 0.00017441
0 0.264453 0.712891 0.102344 0.147656 0.000176195
0 0.741016 0.227734 0.0960938 0.132031 0.000186494
0 0.677344 0.175 0.0875 0.101562 0.000192406
0 0.459766 0.181641 0.0960938 0.113281 0.000202389
0 0.327344 0.342187 0.0875 0.15 0.000202984
0 0.361328 0.596484 0.138281 0.200781 0.000207377
0 0.419141 0.611328 0.149219 0.222656 0.000215661
0 0.817969 0.639063 0.271875 0.376563 0.000220842
0 0.780469 0.596484 0.120312 0.174219 0.00022735
0 0.742969 0.537891 0.109375 0.146094 0.000228965
0 0.751562 0.290234 0.13125 0.208594 0.000233173
0 0.702344 0.616797 0.13125 0.244531 0.000241636
0 0.351172 0.316797 0.122656 0.232031 0.000242224
0 0.775391 0.224609 0.0460938 0.0695312 0.000250753
0 0.365234 0.671484 0.138281 0.139844 0.000251769
0 0.419141 0.674609 0.128906 0.146094 0.000258518
0 0.746094 0.709766 0.135937 0.161719 0.000271246
0 0.745313 0.692969 0.0875 0.103125 0.000271403
0 0.714063 0.173438 0.0734375 0.084375 0.000289104
0 0.786719 0.326562 0.0671875 0.110937 0.0002893
0 0.775 0.257031 0.0515625 0.0765625 0.000303331
0 0.795703 0.735547 0.313281 0.278906 0.000314584
0 0.397656 0.200781 0.123438 0.15 0.000355295
0 0.761719 0.389844 0.140625 0.295312 0.000367239
0 0.800391 0.345313 0.0648438 0.109375 0.000371055
0 0.425781 0.167187 0.129688 0.101562 0.000377853
0 0.322656 0.577344 0.132812 0.207813 0.000388033
0 0.300781 0.531641 0.096875 0.169531 0.000394935
0 0.765625 0.242188 0.053125 0.0703125 0.000413339
0 0.350781 0.264062 0.0625 0.115625 0.000420962
0 0.323438 0.671484 0.140625 0.157031 0.00043073
0 0.766016 0.265234 0.0664062 0.114844 0.000452216
0 0.694531 0.180469 0.120312 0.153125 0.000514338
0 0.758594 0.259375 0.046875 0.075 0.000554501
0 0.326562 0.370703 0.110937 0.250781 0.000557424
0 0.788672 0.355859 0.0882813 0.160156 0.000581477
0 0.345313 0.301172 0.0796875 0.146094 0.0006539
0 0.696875 0.152734 0.0921875 0.0976562 0.000771358
0 0.823828 0.651563 0.133594 0.26875 0.000788712
0 0.758203 0.483984 0.172656 0.397656 0.000933197
0 0.799609 0.483594 0.119531 0.335938 0.000937458
0 0.803906 0.397656 0.084375 0.192188 0.00101791
0 0.359375 0.588672 0.28125 0.327344 0.00103672
0 0.321875 0.488281 0.1375 0.414062 0.00110407
0 0.814062 0.717188 0.13125 0.170312 0.00133091
0 0.288672 0.576563 0.117969 0.296875 0.00147714
0 0.762891 0.567969 0.0976562 0.0953125 0.00163369
0 0.710156 0.678906 0.171875 0.185937 0.00166968
0 0.75 0.567969 0.145313 0.229687 0.00172873
0 0.28125 0.671484 0.13125 0.210156 0.00185451
0 0.377344 0.642578 0.207813 0.216406 0.00268086
0 0.782031 0.573047 0.16875 0.355469 0.00607125
0 0.782422 0.695312 0.113281 0.128125 0.00698048
0 0.750781 0.646484 0.190625 0.233594 0.0144122
0 0.316406 0.628906 0.178125 0.2625 0.0148159
0 0.782812 0.6875 0.170312 0.196875 0.0247276
