0 0.655859 0.283203 0.127344 0.153906 0.000100305
0 0.632422 0.257031 0.0882813 0.096875 0.000101906
0 0.703516 0.678125 0.130469 0.189063 0.000105317
0 0.770703 0.449609 0.111719 0.221094 0.000105924
0 0.389453 0.370313 0.157031 0.215625 0.000110112
0 0.694141 0.307422 0.0898438 0.0851562 0.000111224
0 0.281641 0.636719 0.0914062 0.114063 0.000112467
0 0.258203 0.305859 0.141406 0.178906 0.000114727
0 0.787109 0.525391 0.149219 0.433594 0.000120641
0 0.160547 0.603516 0.172656 0.378906 0.000120685
0 0.735547 0.368359 0.0789063 0.100781 0.000132923
0 0.169141 0.479688 0.186719 0.404687 0.000134773
0 0.626953 0.736328 0.149219 0.214844 0.000135089
0 0.738281 0.760156 0.0828125 0.0984375 0.000135423
0 0.321875 0.720703 0.170312 0.210156 0.000139085
0 0.367578 0.516406 0.113281 0.19375 0.000139609
0 0.661719 0.403516 0.201562 0.283594 0.000146702
0 0.260938 0.534375 0.135937 0.257812 0.000147077
0 0.217969 0.489844 0.128125 0.2375 0.00015
0 0.371875 0.728906 0.173438 0.265625 0.000152298
0 0.379297 0.554688 0.316406 0.714063 0.000154013
0 0.192969 0.712109 0.273438 0.511719 0.000163133
0 0.808594 0.817578 0.107813 0.102344 0.000171662
0 0.760156 0.614844 0.140625 0.2625 0.000180231
0 0.341797 0.782031 0.194531 0.2125 0.000184247
0 0.635156 0.549219 0.110937 0.15625 0.000186024
0 0.658594 0.309375 0.0953125 0.103125 0.000196704
0 0.24375 0.673828 0.15 0.192969 0.000201175
0 0.780078 0.677734 0.133594 0.207031 0.000206344
0 0.360547 0.390625 0.0835937 0.0703125 0.000207014
0 0.223828 0.592578 0.138281 0.239844 0.000209933
0 0.71875 0.369922 0.0625 0.0789063 0.000223799
0 0.238672 0.448828 0.119531 0.147656 0.000237315
0 0.348828 0.469531 0.117969 0.173438 0.000242935
0 0.260938 0.592578 0.08125 0.0960938 0.000251419
0 0.299219 0.654297 0.0859375 0.0898438 0.000258644
0 0.2375 0.362109 0.139062 0.200781 0.000262031
0 0.654297 0.799609 0.0929687 0.100781 0.00027227
0 0.313672 0.656641 0.121094 0.147656 0.000272456
0 0.719922 0.525 0.119531 0.145313 0.000277119
0 0.29375 0.574609 0.126563 0.233594 0.000278039
0 0.672266 0.778906 0.313281 0.292188 0.000280147
0 0.164844 0.894531 0.123438 0.16875 0.000281473
0 0.242969 0.742188 0.1375 0.248437 0.000289012
0 0.259375 0.801562 0.0828125 0.0859375 0.000291008
0 0.346094 0.364453 0.159375 0.155469 0.000302794
0 0.724219 0.493359 0.084375 0.0867188 0.000322183
0 0.723437 0.575 0.135937 0.276563 0.000331158
0 0.702734 0.469922 0.142969 0.158594 0.000342354
0 0.341016 0.303516 0.217969 0.172656 0.00034539
0 0.695703 0.340234 0.0867188 0.0757812 0.000396157
0 0.703125 0.469141 0.285937 0.366406 0.000416539
0 0.632031 0.803125 0.134375 0.148438 0.000418289
0 0.281641 0.760547 0.139844 0.225781 0.000422572
0 0.667578 0.641406 0.196094 0.395312 0.000441932
0 0.654297 0.558203 0.157031 0.222656 0.000445079
0 0.721484 0.389453 0.0835937 0.107031 0.000452157
0 0.803125 0.812891 0.154687 0.158594 0.000491686
0 0.703125 0.40625 0.148438 0.225 0.000528753
0 0.682031 0.324219 0.126563 0.1375 0.00057648
0 0.216797 0.406641 0.119531 0.205469 0.00057896
0 0.738281 0.407813 0.107813 0.179688 0.000583988
0 0.808203 0.717578 0.174219 0.325781 0.000598501
0 0.742969 0.7 0.157813 0.204688 0.000599909
0 0.364062 0.400781 0.115625 0.140625 0.000634465
0 0.196094 0.855469 0.170312 0.201562 0.000694635
0 0.302344 0.835938 0.217187 0.201562 0.000780077
0 0.209375 0.688672 0.173438 0.353906 0.000837756
0 0.335938 0.565234 0.215625 0.513281 0.000878616
0 0.676953 0.326953 0.0867188 0.0726563 0.00089613
0 0.340234 0.455078 0.174219 0.317969 0.0010342
0 0.260156 0.612891 0.125 0.175781 0.00103781
0 0.260938 0.800781 0.132812 0.146875 0.00110538
0 0.721875 0.759375 0.173438 0.18125 0.001178
0 0.738672 0.491797 0.114844 0.133594 0.00147442
0 0.328906 0.372266 0.209375 0.260156 0.00155661
0 0.282813 0.654688 0.125 0.185937 0.00163073
0 0.754687 0.521484 0.140625 0.307031 0.00165612
0 0.283203 0.328906 0.250781 0.21875 0.00169449
0 0.205078 0.561328 0.188281 0.496094 0.00186352
0 0.696094 0.518359 0.18125 0.194531 0.00188761
0 0.237109 0.375781 0.186719 0.301562 0.00192994
0 0.240234 0.814453 0.189844 0.225781 0.00239244
0 0.765625 0.764063 0.196875 0.239063 0.00285962
0 0.297656 0.648828 0.178125 0.296094 0.00302211
0 0.281641 0.486328 0.253906 0.521094 0.00354389
0 0.759766 0.642187 0.182031 0.407813 0.00395518
0 0.667969 0.782812 0.154687 0.164062 0.00562612
0 0.731641 0.463672 0.147656 0.239844 0.00563329
0 0.721094 0.569141 0.20625 0.416406 0.00669556
0 0.719531 0.722656 0.23125 0.289062 0.00940606
0 0.280859 0.769141 0.228906 0.311719 0.0118393
0 0.270703 0.635938 0.225781 0.482812 0.0157494
