0 0.967578 0.735937 0.0648438 0.528125 0.000100985
0 0.146094 0.0683594 0.279687 0.136719 0.000101984
0 0.219922 0.444531 0.0679687 0.101562 0.000104922
0 0.132422 0.137891 0.264844 0.275781 0.000105129
0 0.975 0.312891 0.05 0.494531 0.000108772
0 0.698047 0.485547 0.114844 0.102344 0.000108788
0 0.738281 0.407422 0.0984375 0.182031 0.000112446
0 0.469141 0.0171875 0.189844 0.034375 0.000115893
0 0.658594 0.311719 0.171875 0.16875 0.000117079
0 0.612109 0.401563 0.191406 0.260938 0.000117881
0 0.338672 0.694141 0.164844 0.258594 0.000120467
0 0.722266 0.507422 0.108594 0.180469 0.000124438
0 0.717578 0.316797 0.183594 0.232031 0.000126359
0 0.716406 0.343359 0.0921875 0.107031 0.000138695
0 0.309375 0.480859 0.175 0.210156 0.000142727
0 0.191797 0.538281 0.121094 0.398438 0.000145907
0 0.854297 0.0433594 0.261719 0.0867188 0.000145947
0 0.475 0.221094 0.4125 0.426562 0.000146496
0 0.612891 0.516797 0.157031 0.217969 0.000147707
0 0.201953 0.207813 0.382031 0.415625 0.000149376
0 0.284375 0.303125 0.326562 0.41875 0.000152615
0 0.676953 0.781641 0.144531 0.172656 0.000153956
0 0.333594 0.38125 0.178125 0.257812 0.000157752
0 0.772266 0.0355469 0.283594 0.0710938 0.00015881
0 0.964063 0.220703 0.0703125 0.441406 0.000168461
0 0.230078 0.798047 0.216406 0.228906 0.000169411
0 0.376953 0.101562 0.383594 0.203125 0.000172347
0 0.914062 0.693359 0.159375 0.613281 0.000179508
0 0.321094 0.756641 0.126563 0.124219 0.000183047
0 0.323047 0.555859 0.192969 0.380469 0.000186361
0 0.560156 0.0328125 0.304688 0.065625 0.000188176
0 0.720703 0.357812 0.135156 0.18125 0.000192505
0 0.604688 0.714844 0.15 0.251563 0.000194588
0 0.885547 0.323828 0.214844 0.647656 0.00019615
0 0.758984 0.512891 0.0882813 0.183594 0.000197001
0 0.291406 0.0617188 0.434375 0.123438 0.000197261
0 0.976953 0.478516 0.0460938 0.485156 0.000197494
0 0.219922 0.551953 0.0976562 0.164844 0.000206586
0 0.252344 0.399219 0.107813 0.151562 0.000210079
0 0.753906 0.466016 0.184375 0.386719 0.000211154
0 0.226953 0.409375 0.0789063 0.115625 0.00021369
0 0.650781 0.607813 0.167187 0.371875 0.000216553
0 0.722266 0.741016 0.141406 0.230469 0.000219829
0 0.759375 0.573047 0.0890625 0.182031 0.000221573
0 0.034375 0.637109 0.06875 0.725781 0.000222284
0 0.742578 0.698047 0.117969 0.177344 0.000224231
0 0.470313 0.0324219 0.214062 0.0648438 0.000239521
0 0.691016 0.316406 0.133594 0.126563 0.000250656
0 0.271094 0.398047 0.164062 0.246094 0.000258496
0 0.691406 0.482031 0.159375 0.151562 0.000271916
0 0.542188 0.105078 0.39375 0.208594 0.000279041
0 0.626562 0.202344 0.426562 0.404687 0.000293988
0 0.617188 0.0597656 0.421875 0.119531 0.000296286
0 0.694922 0.565234 0.186719 0.358594 0.000297049
0 0.516797 0.391797 0.430469 0.664844 0.000300846
0 0.275781 0.130469 0.459375 0.260938 0.000302419
0 0.778125 0.739453 0.103125 0.222656 0.000317763
0 0.744531 0.469141 0.125 0.246094 0.000327738
0 0.967188 0.520703 0.0625 0.758594 0.000348638
0 0.773438 0.657422 0.09375 0.241406 0.000359303
0 0.941797 0.36875 0.110156 0.7375 0.000384656
0 0.915625 0.0746094 0.16875 0.149219 0.000404304
0 0.218359 0.635156 0.119531 0.2375 0.000412081
0 0.693359 0.650391 0.283594 0.482031 0.000420747
0 0.950391 0.633203 0.0914062 0.733594 0.000422589
0 0.450391 0.053125 0.288281 0.104687 0.000432207
0 0.275781 0.629297 0.289062 0.463281 0.000436319
0 0.641797 0.384766 0.278906 0.388281 0.000458978
0 0.797656 0.366406 0.378125 0.615625 0.000463439
0 0.642187 0.808594 0.176563 0.195312 0.000477745
0 0.646094 0.460547 0.2 0.277344 0.000490691
0 0.305859 0.739844 0.178906 0.1875 0.000581356
0 0.926172 0.215625 0.147656 0.43125 0.000596668
0 0.191797 0.700781 0.130469 0.325 0.000654551
0 0.726562 0.117578 0.439063 0.235156 0.000754118
0 0.228906 0.440234 0.1 0.189844 0.000773169
0 0.694922 0.393359 0.219531 0.292969 0.000816754
0 0.814453 0.0671875 0.333594 0.134375 0.00102512
0 0.754297 0.577344 0.108594 0.3 0.00110046
0 0.760547 0.805469 0.164844 0.21875 0.00119746
0 0.812109 0.207813 0.358594 0.415625 0.00127902
0 0.225391 0.516016 0.116406 0.275781 0.00161582
0 0.662109 0.737109 0.197656 0.266406 0.00188658
0 0.259766 0.713281 0.217969 0.279687 0.00211248
0 0.859375 0.129297 0.28125 0.258594 0.00212137
0 0.726172 0.648438 0.169531 0.4 0.00283705
0 0.223047 0.626172 0.146094 0.391406 0.00339847
0 0.757422 0.710156 0.139844 0.342187 0.00401062
0 0.707812 0.778516 0.234375 0.238281 0.00616533
