0 0.710547 0.510938 0.219531 0.440625 0.000101429
0 0.842188 0.615234 0.0890625 0.108594 0.000110509
0 0.7125 0.6 0.171875 0.23125 0.000115918
0 0.707031 0.467187 0.145313 0.273438 0.000119098
0 0.40625 0.517578 0.146875 0.378906 0.000119992
0 0.348047 0.676562 0.0851562 0.101562 0.00012015
0 0.880469 0.69375 0.132812 0.265625 0.000121359
0 0.385547 0.550781 0.110156 0.179688 0.000122925
0 0.395703 0.444141 0.127344 0.157031 0.000124603
0 0.354297 0.348047 0.282031 0.324219 0.000125329
0 0.840234 0.513281 0.110156 0.240625 0.000128793
0 0.803516 0.655859 0.0898438 0.113281 0.00013949
0 0.737109 0.792188 0.177344 0.179688 0.000141312
0 0.327734 0.392578 0.0820312 0.108594 0.000142586
0 0.843359 0.737109 0.132031 0.238281 0.000143294
0 0.759375 0.362891 0.107813 0.132031 0.000148548
0 0.805859 0.617188 0.0882813 0.10625 0.000152774
0 0.345313 0.736719 0.190625 0.1875 0.000157476
0 0.280078 0.528906 0.158594 0.195312 0.000157916
0 0.807031 0.446484 0.15625 0.311719 0.000160024
0 0.311328 0.426953 0.0882813 0.111719 0.000172423
0 0.84375 0.801172 0.0796875 0.0945313 0.00017846
0 0.823828 0.635547 0.0851562 0.108594 0.000183147
0 0.410937 0.437109 0.195312 0.264844 0.000188674
0 0.357812 0.274219 0.120312 0.10625 0.000191935
0 0.700781 0.728516 0.167187 0.224219 0.000194597
0 0.286719 0.389453 0.134375 0.180469 0.000195104
0 0.694531 0.774219 0.120312 0.151562 0.000200474
0 0.378516 0.657422 0.114844 0.149219 0.000203704
0 0.452344 0.604688 0.410937 0.790625 0.000210146
0 0.856641 0.578906 0.130469 0.210938 0.000220021
0 0.71875 0.442187 0.0953125 0.159375 0.000222289
0 0.408984 0.516797 0.202344 0.580469 0.000242398
0 0.349219 0.612109 0.132812 0.267969 0.000295337
0 0.883984 0.763672 0.167969 0.291406 0.000328452
0 0.357812 0.461328 0.0890625 0.113281 0.000334823
0 0.820703 0.800391 0.158594 0.138281 0.000397142
0 0.248437 0.697656 0.303125 0.38125 0.000402085
0 0.25 0.450781 0.115625 0.23125 0.000427856
0 0.354297 0.319141 0.153906 0.205469 0.000442057
0 0.212109 0.746484 0.200781 0.203906 0.000451477
0 0.3875 0.704687 0.132812 0.26875 0.000462168
0 0.326562 0.504687 0.16875 0.217187 0.000481842
0 0.769531 0.651172 0.145313 0.192969 0.000515179
0 0.735547 0.394531 0.130469 0.154687 0.000571359
0 0.805859 0.692187 0.146094 0.246875 0.000667835
0 0.808594 0.578906 0.140625 0.223438 0.000716118
0 0.778125 0.757422 0.226562 0.255469 0.00103174
0 0.751953 0.448828 0.167969 0.289844 0.00107809
0 0.377344 0.596094 0.160938 0.403125 0.00148233
0 0.239844 0.519141 0.120312 0.241406 0.00149128
0 0.353906 0.688672 0.148438 0.183594 0.00163298
0 0.721484 0.402344 0.0789063 0.1 0.00174328
0 0.319922 0.373437 0.171094 0.245312 0.00232735
0 0.242188 0.608203 0.204688 0.424219 0.00263439
0 0.769141 0.615625 0.216406 0.198437 0.00274033
0 0.305859 0.695703 0.244531 0.255469 0.00278119
0 0.839063 0.539062 0.154687 0.342187 0.00330933
0 0.36875 0.407031 0.146875 0.198437 0.00362641
0 0.3125 0.461719 0.303125 0.38125 0.0040939
0 0.867578 0.610547 0.172656 0.353906 0.00413722
0 0.844922 0.707812 0.208594 0.35 0.00590799
0 0.826172 0.635547 0.142969 0.211719 0.00706961
0 0.776953 0.549609 0.236719 0.372656 0.00777276
0 0.296094 0.440625 0.18125 0.232812 0.00788904
0 0.342969 0.430469 0.0796875 0.110937 0.00829712
0 0.369922 0.476172 0.152344 0.232031 0.00870498
0 0.320312 0.541797 0.207813 0.408594 0.0304834
0 0.337109 0.443359 0.132031 0.189844 0.0783102
0 0.809766 0.632422 0.207031 0.296094 0.138929
