0 0.58125 0.607813 0.157813 0.310937 0.000108441
0 0.709766 0.259375 0.121094 0.121875 0.00011278
0 0.114453 0.857813 0.174219 0.264062 0.000115488
0 0.182031 0.328906 0.1125 0.176563 0.000118416
0 0.784375 0.108984 0.4125 0.217969 0.000120142
0 0.734375 0.0351562 0.367188 0.06875 0.000121655
0 0.773047 0.921094 0.192969 0.14375 0.000122778
0 0.703516 0.657031 0.0914062 0.0984375 0.000127404
0 0.464063 0.489844 0.39375 0.796875 0.000142604
0 0.620313 0.847656 0.15 0.184375 0.000150199
0 0.755078 0.553125 0.136719 0.28125 0.000151526
0 0.130469 0.114063 0.260938 0.228125 0.000152245
0 0.302344 0.438672 0.170312 0.283594 0.000153951
0 0.7625 0.862109 0.139062 0.167969 0.000154491
0 0.979297 0.646875 0.0414063 0.3875 0.000155627
0 0.787109 0.0578125 0.392969 0.114063 0.000156542
0 0.721094 0.610937 0.165625 0.198437 0.000161058
0 0.660156 0.889453 0.223438 0.169531 0.000161429
0 0.335938 0.371875 0.153125 0.326562 0.00016751
0 0.232812 0.596875 0.215625 0.214062 0.000169253
0 0.191797 0.0613281 0.366406 0.122656 0.000177415
0 0.657422 0.680078 0.141406 0.236719 0.000177684
0 0.596094 0.791797 0.282813 0.403906 0.000177752
0 0.160938 0.449219 0.121875 0.253125 0.000192133
0 0.0492188 0.271875 0.0984375 0.54375 0.000197601
0 0.808984 0.721875 0.172656 0.426562 0.000200825
0 0.222656 0.825781 0.18125 0.2 0.000204461
0 0.265625 0.8625 0.0765625 0.101562 0.000205209
0 0.159375 0.402734 0.0953125 0.136719 0.000206251
0 0.694922 0.409766 0.0929687 0.100781 0.000208864
0 0.308984 0.872266 0.232031 0.253906 0.000216482
0 0.2375 0.652344 0.145313 0.2125 0.000218217
0 0.621484 0.48125 0.214844 0.304688 0.000219683
0 0.721484 0.841406 0.130469 0.148438 0.000228884
0 0.144141 0.922266 0.207031 0.147656 0.000235185
0 0.699219 0.30625 0.109375 0.165625 0.000262333
0 0.11875 0.536719 0.160938 0.442187 0.000269126
0 0.982031 0.769531 0.0359375 0.401563 0.000270595
0 0.219531 0.326172 0.192188 0.291406 0.000276936
0 0.3 0.439453 0.210938 0.469531 0.000285842
0 0.821484 0.9 0.0617188 0.096875 0.000288904
0 0.357422 0.61875 0.392969 0.751562 0.000292682
0 0.141797 0.650781 0.164844 0.20625 0.000297246
0 0.662891 0.444531 0.199219 0.201562 0.000304447
0 0.757422 0.639453 0.136719 0.205469 0.000312582
0 0.673828 0.781641 0.149219 0.249219 0.000317802
0 0.129297 0.683984 0.191406 0.389844 0.000345602
0 0.278906 0.317187 0.220313 0.353125 0.000347138
0 0.782812 0.564062 0.201562 0.601562 0.000350987
0 0.298438 0.817969 0.160938 0.232812 0.000414237
0 0.814062 0.891406 0.1 0.145313 0.000455493
0 0.705859 0.280859 0.0789063 0.100781 0.000459966
0 0.289453 0.649609 0.199219 0.483594 0.000477478
0 0.635547 0.741016 0.174219 0.213281 0.000506575
0 0.736328 0.657031 0.0929687 0.090625 0.000522735
0 0.720312 0.723828 0.151562 0.278906 0.000550968
0 0.176953 0.612109 0.0898438 0.105469 0.000559149
0 0.78125 0.803125 0.13125 0.203125 0.00059913
0 0.192188 0.554297 0.1625 0.222656 0.000616508
0 0.574219 0.616016 0.384375 0.694531 0.000622043
0 0.728906 0.882031 0.242188 0.19375 0.000645156
0 0.157813 0.803516 0.242188 0.392969 0.000664366
0 0.181641 0.397656 0.128906 0.214062 0.000693779
0 0.716797 0.344531 0.132031 0.253125 0.000903572
0 0.8 0.850781 0.140625 0.220313 0.00094014
0 0.700781 0.675781 0.165625 0.165625 0.000941835
0 0.660547 0.401172 0.246094 0.396094 0.00107361
0 0.602344 0.626953 0.214062 0.547656 0.0011018
0 0.270312 0.855859 0.145313 0.175781 0.0011032
0 0.717969 0.823438 0.201562 0.198437 0.00145864
0 0.165234 0.450781 0.171094 0.375 0.00160967
0 0.603516 0.717969 0.177344 0.309375 0.00169039
0 0.699609 0.409766 0.146094 0.164844 0.00177532
0 0.735937 0.655859 0.140625 0.130469 0.00231092
0 0.21875 0.876562 0.248437 0.215625 0.00238187
0 0.657812 0.825391 0.253125 0.274219 0.00261767
0 0.260156 0.775 0.19375 0.360938 0.00358268
0 0.658984 0.4875 0.291406 0.696875 0.00446275
0 0.760547 0.809766 0.196094 0.274219 0.0045984
0 0.707422 0.411719 0.174219 0.278125 0.00515182
0 0.23125 0.425391 0.304688 0.582031 0.00529925
0 0.174609 0.612109 0.135156 0.172656 0.00535172
0 0.752734 0.693359 0.202344 0.424219 0.00551222
0 0.654688 0.696094 0.232812 0.390625 0.0058433
0 0.725 0.526563 0.18125 0.392188 0.0119401
0 0.188281 0.634375 0.210938 0.253125 0.0162901
0 0.157422 0.560547 0.175781 0.313281 0.0206448
0 0.207813 0.704297 0.270312 0.435156 0.0276132
0 0.708203 0.771484 0.269531 0.346094 0.0401053
0 0.197266 0.541406 0.244531 0.428125 0.112135
0 0.705078 0.614062 0.261719 0.585938 0.140008
