0 0.0253906 0.482812 0.0507812 0.498437 0.000100107
0 0.28125 0.515625 0.251563 0.653125 0.000100787
0 0.183203 0.0375 0.307031 0.075 0.000101033
0 0.0832031 0.693359 0.116406 0.319531 0.00010283
0 0.650391 0.892187 0.383594 0.2125 0.000103933
0 0.662891 0.490234 0.132031 0.225781 0.00011027
0 0.713672 0.754297 0.158594 0.125781 0.000110913
0 0.546094 0.684766 0.151562 0.210156 0.000116947
0 0.078125 0.760547 0.078125 0.127344 0.000118808
0 0.681641 0.575 0.0898438 0.104687 0.000122344
0 0.272656 0.0605469 0.426562 0.121094 0.000123989
0 0.674609 0.407422 0.0757812 0.108594 0.000124573
0 0.542969 0.322266 0.164062 0.163281 0.00012523
0 0.926562 0.0988281 0.146875 0.197656 0.000125454
0 0.612891 0.846875 0.250781 0.248437 0.000131225
0 0.213672 0.484375 0.166406 0.1375 0.000132769
0 0.177344 0.659766 0.192188 0.183594 0.000136225
0 0.855078 0.153125 0.289844 0.30625 0.000138381
0 0.180859 0.796875 0.299219 0.289062 0.000138438
0 0.925781 0.0402344 0.148438 0.0789063 0.000142082
0 0.1625 0.34375 0.189063 0.304688 0.000149519
0 0.18125 0.102344 0.35625 0.203125 0.00015526
0 0.174219 0.485938 0.084375 0.084375 0.000156512
0 0.714844 0.573828 0.0859375 0.107031 0.0001569
0 0.728516 0.553516 0.108594 0.194531 0.000157852
0 0.636719 0.423438 0.153125 0.170312 0.00016773
0 0.658594 0.697656 0.0859375 0.101562 0.000182942
0 0.709375 0.716406 0.0765625 0.078125 0.000199559
0 0.697656 0.594922 0.0875 0.110156 0.000207259
0 0.177344 0.695703 0.134375 0.119531 0.000217597
0 0.544141 0.388281 0.174219 0.248437 0.00022849
0 0.861328 0.0363281 0.264844 0.0695312 0.000229079
0 0.528125 0.366406 0.126563 0.160938 0.000231051
0 0.0703125 0.520703 0.135937 0.611719 0.000232436
0 0.238672 0.40625 0.147656 0.251563 0.000243126
0 0.133594 0.0640625 0.267188 0.128125 0.000252413
0 0.591406 0.342578 0.123438 0.133594 0.000256404
0 0.225391 0.754687 0.208594 0.192188 0.000269969
0 0.100391 0.755469 0.130469 0.153125 0.000282238
0 0.136328 0.715625 0.119531 0.123438 0.000286241
0 0.74375 0.69375 0.321875 0.48125 0.000297351
0 0.814062 0.0742188 0.367188 0.148438 0.000306964
0 0.714453 0.760156 0.199219 0.225 0.000351684
0 0.889844 0.0636719 0.220313 0.127344 0.000354179
0 0.241797 0.677344 0.128906 0.151562 0.000372222
0 0.139453 0.467578 0.107031 0.142969 0.000403352
0 0.730469 0.612891 0.134375 0.249219 0.000411228
0 0.642578 0.634766 0.146094 0.222656 0.000429442
0 0.682813 0.808984 0.290625 0.344531 0.00044404
0 0.675781 0.443359 0.090625 0.125781 0.00044915
0 0.678516 0.635156 0.0804688 0.0984375 0.000449642
0 0.174609 0.482422 0.125781 0.114844 0.000478208
0 0.675391 0.679688 0.0804688 0.10625 0.000532095
0 0.594922 0.678516 0.142969 0.175781 0.000554252
0 0.659766 0.551953 0.163281 0.197656 0.000622921
0 0.116016 0.696484 0.149219 0.203906 0.000627588
0 0.742578 0.599609 0.178906 0.403906 0.000667916
0 0.262891 0.719922 0.142969 0.166406 0.000690746
0 0.655859 0.714063 0.167969 0.14375 0.000715592
0 0.150391 0.744141 0.225781 0.192969 0.000744965
0 0.670703 0.403125 0.119531 0.179688 0.00074695
0 0.194531 0.421484 0.153125 0.244531 0.000781601
0 0.190234 0.701172 0.308594 0.321094 0.000843647
0 0.684375 0.714844 0.065625 0.0625 0.000902607
0 0.610547 0.761719 0.232031 0.303125 0.000936309
0 0.729297 0.539844 0.313281 0.534375 0.00100871
0 0.726172 0.692578 0.164844 0.221094 0.00103414
0 0.709375 0.721094 0.115625 0.11875 0.00112291
0 0.240234 0.604297 0.216406 0.413281 0.00121729
0 0.231641 0.65625 0.178906 0.220313 0.00130777
0 0.595703 0.35625 0.172656 0.201562 0.001311
0 0.581641 0.652734 0.200781 0.286719 0.00138037
0 0.682813 0.714063 0.1 0.0859375 0.00158687
0 0.119531 0.553516 0.192188 0.542969 0.00162992
0 0.697656 0.531641 0.13125 0.264844 0.00272609
0 0.205078 0.703516 0.238281 0.186719 0.00272968
0 0.621875 0.400391 0.240625 0.289844 0.00383221
0 0.679688 0.612891 0.132812 0.210156 0.00388384
0 0.157422 0.439063 0.153906 0.190625 0.00414664
0 0.640234 0.686719 0.313281 0.390625 0.005185
0 0.68125 0.677344 0.139062 0.176563 0.00598526
0 0.160156 0.479688 0.190625 0.35625 0.00623024
0 0.678125 0.488281 0.18125 0.395312 0.0121575
0 0.642187 0.682813 0.226562 0.235938 0.012529
0 0.214062 0.382031 0.240625 0.309375 0.0203254
0 0.6875 0.598828 0.18125 0.328906 0.0406283
0 0.628125 0.518359 0.290625 0.539844 0.227147
0 0.196094 0.510156 0.301562 0.596875 0.370198
