0 0.821875 0.841797 0.176563 0.196094 0.000101626
0 0.307422 0.152734 0.207031 0.280469 0.000102474
0 0.733203 0.121094 0.424219 0.239063 0.00010311
0 0.638672 0.782031 0.230469 0.203125 0.000107726
0 0.632812 0.368359 0.0765625 0.0945313 0.000108093
0 0.807422 0.921094 0.313281 0.157813 0.000108262
0 0.266406 0.283203 0.114063 0.160156 0.00011209
0 0.758594 0.312109 0.14375 0.205469 0.000112666
0 0.630469 0.222266 0.0671875 0.0773437 0.000115755
0 0.714844 0.510156 0.129688 0.24375 0.000118711
0 0.7 0.658203 0.221875 0.203906 0.00012276
0 0.573438 0.387891 0.135937 0.249219 0.000123423
0 0.244141 0.8875 0.142969 0.204688 0.000123483
0 0.678125 0.594922 0.171875 0.197656 0.000123986
0 0.984375 0.508594 0.03125 0.210938 0.000124345
0 0.281641 0.46875 0.167969 0.179688 0.00012575
0 0.219922 0.342187 0.110156 0.175 0.000129602
0 0.747656 0.0570313 0.398438 0.1125 0.000130952
0 0.931641 0.0980469 0.132031 0.174219 0.000131465
0 0.933203 0.185156 0.133594 0.323438 0.000132451
0 0.240234 0.511719 0.139844 0.240625 0.000133901
0 0.0289063 0.733984 0.0546875 0.457031 0.000134729
0 0.984766 0.198047 0.0289063 0.216406 0.00013987
0 0.167187 0.569141 0.179688 0.349219 0.000140671
0 0.0539063 0.602344 0.107813 0.795313 0.000140849
0 0.459375 0.733203 0.410937 0.486719 0.000140928
0 0.742578 0.782031 0.150781 0.21875 0.000141419
0 0.385547 0.825781 0.255469 0.334375 0.000143217
0 0.119922 0.730469 0.239844 0.490625 0.000145169
0 0.617188 0.657422 0.173438 0.194531 0.000146344
0 0.8125 0.0382813 0.326562 0.0765625 0.0001469
0 0.188281 0.474219 0.304688 0.689062 0.000148115
0 0.716406 0.269531 0.151562 0.164062 0.000148772
0 0.896484 0.0378906 0.202344 0.0726563 0.000149794
0 0.613281 0.508203 0.159375 0.178906 0.000154036
0 0.468359 0.521484 0.388281 0.453906 0.000157045
0 0.875391 0.775781 0.221094 0.38125 0.000159164
0 0.675781 0.344922 0.123438 0.194531 0.000162924
0 0.334766 0.65 0.191406 0.315625 0.000164677
0 0.652734 0.385156 0.0789063 0.1 0.000166785
0 0.323438 0.446484 0.151562 0.178906 0.000168723
0 0.762109 0.659375 0.141406 0.24375 0.000171571
0 0.653906 0.488281 0.126563 0.235938 0.000175351
0 0.951563 0.430859 0.096875 0.675781 0.000180396
0 0.221484 0.616797 0.144531 0.222656 0.000182243
0 0.539062 0.922266 0.485938 0.155469 0.000186467
0 0.838281 0.74375 0.126563 0.25625 0.000197514
0 0.065625 0.794141 0.13125 0.402344 0.000197851
0 0.973828 0.263281 0.0523437 0.3875 0.000201037
0 0.982422 0.448828 0.0351562 0.388281 0.000203243
0 0.669531 0.426562 0.11875 0.214062 0.000203463
0 0.282422 0.239844 0.161719 0.25625 0.000207555
0 0.680469 0.239063 0.135937 0.126563 0.000216171
0 0.585156 0.232031 0.184375 0.179688 0.00021798
0 0.222266 0.697266 0.219531 0.210156 0.000220141
0 0.754687 0.440625 0.196875 0.370313 0.000227818
0 0.262109 0.615625 0.135156 0.175 0.000228612
0 0.742969 0.700781 0.235938 0.207813 0.000241698
0 0.282813 0.846875 0.18125 0.198437 0.000254871
0 0.595703 0.447266 0.133594 0.246094 0.00025858
0 0.259766 0.575391 0.178906 0.189844 0.000260243
0 0.979688 0.600391 0.040625 0.419531 0.000266292
0 0.691016 0.241797 0.232031 0.219531 0.000268424
0 0.807813 0.210547 0.376563 0.402344 0.000269685
0 0.316797 0.960156 0.360156 0.0796875 0.00027028
0 0.379687 0.363281 0.121875 0.209375 0.000278836
0 0.614062 0.366406 0.1125 0.198437 0.000279432
0 0.898047 0.265234 0.203906 0.436719 0.000281842
0 0.879297 0.112109 0.241406 0.224219 0.000300239
0 0.658203 0.699609 0.224219 0.203906 0.000302735
0 0.347266 0.321484 0.299219 0.399219 0.000326741
0 0.206641 0.398047 0.149219 0.274219 0.00033164
0 0.578125 0.773828 0.289062 0.363281 0.000341489
0 0.867578 0.0574219 0.264844 0.110156 0.000347386
0 0.592188 0.629687 0.35 0.517187 0.000351575
0 0.529297 0.471484 0.257031 0.291406 0.000355699
0 0.619922 0.228125 0.102344 0.1125 0.000359811
0 0.801953 0.700391 0.136719 0.258594 0.000401273
0 0.633203 0.427734 0.119531 0.241406 0.000412379
0 0.342578 0.238672 0.196094 0.252344 0.000413951
0 0.700391 0.742188 0.250781 0.214062 0.000473762
0 0.305469 0.363281 0.165625 0.19375 0.000493757
0 0.651172 0.386328 0.107031 0.167969 0.000503461
0 0.466016 0.390234 0.302344 0.322656 0.000562482
0 0.634375 0.241406 0.16875 0.15 0.00061716
0 0.260547 0.655469 0.192969 0.195312 0.000673594
0 0.242578 0.359375 0.172656 0.229687 0.000731531
0 0.344922 0.384375 0.122656 0.217187 0.000783223
0 0.68125 0.319531 0.178125 0.275 0.000802477
0 0.701563 0.332031 0.323438 0.409375 0.000822786
0 0.614062 0.650391 0.24375 0.335156 0.000875902
0 0.434375 0.880859 0.445312 0.238281 0.000950355
0 0.311328 0.277344 0.157031 0.167187 0.000950764
0 0.294922 0.561719 0.222656 0.365625 0.00101447
0 0.234766 0.914062 0.316406 0.171875 0.00103687
0 0.727734 0.878516 0.266406 0.242969 0.00106068
0 0.742969 0.800781 0.267188 0.214062 0.00107539
0 0.803125 0.781641 0.14375 0.227344 0.0011794
0 0.758594 0.569922 0.201562 0.382031 0.00119183
0 0.583984 0.518359 0.253906 0.403906 0.00125078
0 0.651172 0.561719 0.233594 0.40625 0.00125677
0 0.200781 0.849609 0.290625 0.299219 0.00126637
0 0.280469 0.314453 0.171875 0.192969 0.00127506
0 0.207422 0.480078 0.205469 0.463281 0.00162087
0 0.345703 0.427344 0.174219 0.310937 0.00194592
0 0.357812 0.925391 0.373437 0.149219 0.00208215
0 0.182031 0.630859 0.251563 0.511719 0.00224679
0 0.827344 0.849219 0.253125 0.301562 0.00225332
0 0.580859 0.389844 0.227344 0.364062 0.00230415
0 0.337891 0.322656 0.185156 0.232812 0.0025148
0 0.320312 0.728516 0.267188 0.460156 0.00289357
0 0.628125 0.333594 0.204688 0.334375 0.00296362
0 0.235156 0.608203 0.220313 0.317969 0.00316975
0 0.798047 0.656641 0.200781 0.439844 0.00350243
0 0.655469 0.847656 0.332812 0.304688 0.00400047
0 0.657422 0.733984 0.302344 0.371094 0.00585408
0 0.699609 0.467187 0.267969 0.517187 0.00779942
0 0.632422 0.45 0.232031 0.373437 0.00812873
0 0.291016 0.871484 0.296094 0.257031 0.00932339
0 0.798828 0.775781 0.217969 0.303125 0.0103989
0 0.295703 0.391797 0.219531 0.332031 0.0118965
0 0.230469 0.727344 0.276563 0.465625 0.0194661
0 0.723437 0.646875 0.295312 0.495313 0.0258495
0 0.267578 0.535937 0.280469 0.607813 0.0310298
0 0.723828 0.791797 0.332031 0.357031 0.0755712
