0 0.109375 0.0585938 0.21875 0.117188 0.000102197
0 0.967578 0.444531 0.0648438 0.621875 0.000109772
0 0.16875 0.366406 0.1875 0.270312 0.000115573
0 0.109375 0.538281 0.132812 0.2625 0.000115649
0 0.7375 0.0296875 0.239063 0.059375 0.000116393
0 0.592188 0.425781 0.1625 0.190625 0.000123244
0 0.674609 0.448438 0.171094 0.170312 0.000139984
0 0.198828 0.424609 0.211719 0.188281 0.000146339
0 0.750391 0.59375 0.221094 0.41875 0.000150774
0 0.327344 0.291797 0.176563 0.202344 0.000156271
0 0.565234 0.317969 0.135156 0.226562 0.00016272
0 0.176563 0.468359 0.139062 0.258594 0.000167575
0 0.566016 0.591406 0.163281 0.1875 0.00018258
0 0.132031 0.445703 0.189063 0.411719 0.000186159
0 0.657422 0.492188 0.227344 0.210938 0.0002635
0 0.679688 0.532422 0.15 0.241406 0.000319138
0 0.715625 0.489062 0.134375 0.228125 0.00032409
0 0.639844 0.571094 0.284375 0.215625 0.00033439
0 0.294531 0.514063 0.24375 0.473437 0.000400214
0 0.583984 0.512891 0.232031 0.360156 0.000499182
0 0.278125 0.321094 0.24375 0.295312 0.000531456
0 0.158203 0.535156 0.160156 0.19375 0.000630541
0 0.721094 0.480078 0.192188 0.347656 0.000754278
0 0.252344 0.553906 0.248437 0.284375 0.000903466
0 0.591016 0.400781 0.203906 0.385938 0.000996178
0 0.678125 0.567578 0.245312 0.357031 0.0104236
0 0.179297 0.526953 0.238281 0.299219 0.0105346
0 0.640625 0.470703 0.289062 0.477344 0.376967
0 0.225781 0.442969 0.3125 0.475 0.455414
