0 0.333594 0.766016 0.2 0.247656 0.000108597
0 0.363281 0.962109 0.3375 0.0710938 0.000110482
0 0.758203 0.658203 0.0898438 0.108594 0.000110659
0 0.3 0.467969 0.164062 0.225 0.0001123
0 0.301172 0.639844 0.113281 0.179688 0.000114316
0 0.449219 0.896484 0.473437 0.192969 0.000116597
0 0.653125 0.2875 0.114063 0.159375 0.000121576
0 0.621094 0.271484 0.125 0.152344 0.000124556
0 0.628516 0.439063 0.147656 0.254687 0.000125802
0 0.661328 0.551172 0.138281 0.250781 0.000133431
0 0.63125 0.683594 0.159375 0.170312 0.00013586
0 0.201172 0.614062 0.188281 0.4 0.000135946
0 0.594141 0.307031 0.138281 0.179688 0.000138489
0 0.282813 0.283203 0.101562 0.116406 0.000140875
0 0.248437 0.732813 0.132812 0.167187 0.000141969
0 0.204688 0.461328 0.126563 0.161719 0.000159852
0 0.719922 0.658203 0.0898438 0.108594 0.000165061
0 0.716406 0.512109 0.153125 0.196094 0.0001704
0 0.975 0.643359 0.0484375 0.489844 0.000174864
0 0.791406 0.532422 0.140625 0.310156 0.000175327
0 0.633594 0.603906 0.1875 0.307813 0.000185922
0 0.297266 0.717188 0.0851562 0.1125 0.000203807
0 0.291797 0.400781 0.167969 0.19375 0.000207631
0 0.756641 0.492578 0.155469 0.271094 0.000218203
0 0.277734 0.334375 0.152344 0.221875 0.00022184
0 0.723437 0.728516 0.321875 0.283594 0.000232751
0 0.802344 0.704297 0.154687 0.164844 0.000239198
0 0.676953 0.492969 0.282031 0.520312 0.000267098
0 0.205859 0.411328 0.124219 0.121094 0.000267369
0 0.759375 0.687891 0.1375 0.139844 0.000310802
0 0.814453 0.654688 0.125781 0.201562 0.000329252
0 0.700781 0.689844 0.145313 0.145313 0.000363413
0 0.435156 0.939062 0.403125 0.115625 0.000372545
0 0.639063 0.246484 0.09375 0.108594 0.000384601
0 0.305859 0.743359 0.127344 0.157031 0.000401534
0 0.308203 0.644531 0.163281 0.292188 0.000460234
0 0.2625 0.453906 0.167187 0.165625 0.000489473
0 0.663281 0.635156 0.1375 0.209375 0.000498836
0 0.264453 0.696484 0.0882813 0.116406 0.00051084
0 0.698438 0.575781 0.142188 0.239063 0.000518591
0 0.266797 0.702734 0.291406 0.278906 0.000546247
0 0.708984 0.433984 0.113281 0.183594 0.000568368
0 0.664062 0.43125 0.13125 0.164062 0.000764602
0 0.234375 0.374219 0.142188 0.192188 0.000774558
0 0.208594 0.714063 0.223438 0.203125 0.000816497
0 0.246484 0.558984 0.186719 0.442969 0.00085455
0 0.701953 0.403125 0.0648438 0.0984375 0.0010708
0 0.242188 0.667969 0.176563 0.214062 0.00142247
0 0.792188 0.608984 0.176563 0.277344 0.00165941
0 0.687891 0.421094 0.100781 0.121875 0.00193984
0 0.751953 0.533594 0.219531 0.401563 0.00214954
0 0.719531 0.634766 0.14375 0.188281 0.00290519
0 0.685938 0.682031 0.215625 0.196875 0.00466276
0 0.236328 0.425781 0.119531 0.125 0.00483509
0 0.683594 0.558984 0.203125 0.349219 0.00848678
0 0.757422 0.673437 0.217969 0.176563 0.00940313
0 0.275391 0.701172 0.147656 0.186719 0.0170843
0 0.719141 0.631641 0.227344 0.244531 0.0664473
