0 0.237891 0.675781 0.0898438 0.1 0.000100009
0 0.197656 0.5125 0.110937 0.21875 0.000100224
0 0.317969 0.259375 0.220313 0.209375 0.000101887
0 0.717969 0.355078 0.164062 0.214844 0.00010309
0 0.963672 0.189844 0.0726563 0.379687 0.00010331
0 0.742188 0.428906 0.08125 0.13125 0.000104148
0 0.892969 0.259766 0.214062 0.469531 0.000106251
0 0.713672 0.307813 0.0695312 0.078125 0.00010639
0 0.326953 0.404297 0.132031 0.222656 0.000106717
0 0.254297 0.285937 0.239844 0.21875 0.00010725
0 0.326172 0.506641 0.130469 0.183594 0.000108531
0 0.730078 0.324609 0.0523437 0.0632813 0.000111238
0 0.0332031 0.0527344 0.0664062 0.0929687 0.000114921
0 0.598437 0.630078 0.140625 0.160156 0.000116407
0 0.771094 0.882812 0.279687 0.234375 0.000119196
0 0.619531 0.694141 0.139062 0.188281 0.000119786
0 0.403125 0.377734 0.176563 0.242969 0.000119816
0 0.271484 0.0308594 0.203906 0.0617188 0.000121398
0 0.692187 0.530469 0.15625 0.16875 0.000122248
0 0.301172 0.507031 0.114844 0.11875 0.000123802
0 0.760938 0.478125 0.123438 0.21875 0.000126548
0 0.111719 0.0480469 0.223438 0.0960938 0.000128176
0 0.301172 0.467187 0.132031 0.140625 0.000128472
0 0.717969 0.347656 0.09375 0.134375 0.000129181
0 0.909375 0.561328 0.18125 0.658594 0.000130806
0 0.207813 0.405859 0.3 0.530469 0.000133057
0 0.161328 0.690625 0.0851562 0.101562 0.000134205
0 0.655859 0.594922 0.133594 0.213281 0.000135529
0 0.282031 0.615625 0.0828125 0.103125 0.000137494
0 0.371094 0.279297 0.175 0.203906 0.000138503
0 0.279297 0.0496094 0.299219 0.0992187 0.00014026
0 0.741016 0.721875 0.0867188 0.109375 0.000140372
0 0.9875 0.919531 0.0234375 0.160938 0.00014144
0 0.763281 0.431641 0.0921875 0.171094 0.000148748
0 0.698828 0.722266 0.0867188 0.110156 0.00014947
0 0.782812 0.811328 0.140625 0.122656 0.000151734
0 0.438672 0.545313 0.358594 0.501562 0.000152653
0 0.774219 0.442969 0.0484375 0.0671875 0.000153807
0 0.766016 0.364453 0.314844 0.503906 0.000154351
0 0.175 0.620703 0.0859375 0.113281 0.000154444
0 0.307813 0.341016 0.078125 0.0929687 0.000154602
0 0.783984 0.791406 0.0882813 0.0953125 0.000156802
0 0.0644531 0.0378906 0.128906 0.0757812 0.000158522
0 0.167578 0.741797 0.207031 0.255469 0.000162455
0 0.975 0.8125 0.05 0.375 0.000163122
0 0.989062 0.800391 0.021875 0.213281 0.000165402
0 0.773047 0.407813 0.0460938 0.078125 0.00016615
0 0.369531 0.521484 0.148438 0.253906 0.000177103
0 0.810938 0.0390625 0.24375 0.078125 0.000183165
0 0.216406 0.691406 0.090625 0.096875 0.000189574
0 0.611328 0.4 0.180469 0.3375 0.000199765
0 0.216406 0.655859 0.0890625 0.105469 0.000201287
0 0.164453 0.709375 0.138281 0.134375 0.000203406
0 0.697656 0.637109 0.139062 0.241406 0.00020959
0 0.635938 0.0609375 0.367188 0.121875 0.000210023
0 0.714844 0.338281 0.0671875 0.08125 0.000214021
0 0.361328 0.657422 0.141406 0.199219 0.00022898
0 0.615234 0.551953 0.150781 0.164844 0.000232838
0 0.834375 0.764453 0.0765625 0.116406 0.000237953
0 0.280469 0.575391 0.125 0.208594 0.000238558
0 0.397656 0.703906 0.23125 0.234375 0.000245604
0 0.692578 0.318359 0.103906 0.113281 0.000247233
0 0.819922 0.713281 0.292969 0.409375 0.000267702
0 0.764844 0.428516 0.0625 0.102344 0.000270863
0 0.654297 0.512109 0.133594 0.197656 0.000283524
0 0.802734 0.833984 0.200781 0.208594 0.000311018
0 0.931641 0.147266 0.136719 0.286719 0.000315013
0 0.239844 0.403906 0.204688 0.36875 0.000317116
0 0.893359 0.0675781 0.213281 0.133594 0.00033105
0 0.652734 0.317969 0.166406 0.215625 0.000351827
0 0.802344 0.724219 0.08125 0.109375 0.000354517
0 0.371094 0.430859 0.19375 0.421094 0.000364388
0 0.149609 0.638281 0.0945313 0.19375 0.00037848
0 0.643359 0.736719 0.166406 0.16875 0.000381404
0 0.713672 0.48125 0.217969 0.335938 0.000388978
0 0.696094 0.324219 0.071875 0.0765625 0.000389496
0 0.323828 0.323828 0.0820312 0.102344 0.000404962
0 0.285547 0.319922 0.122656 0.141406 0.000423398
0 0.760938 0.74375 0.0890625 0.107813 0.000429128
0 0.280469 0.691406 0.142188 0.13125 0.000430458
0 0.732422 0.111719 0.378906 0.221875 0.000444285
0 0.80625 0.225 0.379687 0.428125 0.000485605
0 0.193359 0.482812 0.174219 0.44375 0.000487975
0 0.984766 0.848047 0.0304688 0.303906 0.000547858
0 0.800781 0.682813 0.115625 0.210938 0.00055993
0 0.314063 0.306641 0.3 0.316406 0.000594229
0 0.867969 0.134375 0.2625 0.257812 0.000647273
0 0.196094 0.675391 0.0921875 0.100781 0.000700679
0 0.60625 0.485938 0.1625 0.240625 0.000701501
0 0.302344 0.655078 0.140625 0.163281 0.000706234
0 0.755469 0.530469 0.192188 0.50625 0.000716923
0 0.200781 0.600391 0.15625 0.216406 0.000737702
0 0.285937 0.345313 0.189063 0.223438 0.000811231
0 0.739844 0.6625 0.18125 0.210938 0.000866032
0 0.1875 0.640234 0.278125 0.394531 0.000866932
0 0.612109 0.564062 0.182031 0.278125 0.000868709
0 0.817578 0.743359 0.0726563 0.108594 0.000873507
0 0.170703 0.573438 0.136719 0.332812 0.00089021
0 0.803906 0.0679687 0.33125 0.135937 0.000913732
0 0.702734 0.752734 0.133594 0.127344 0.000923443
0 0.676953 0.7625 0.325781 0.292188 0.000943858
0 0.620703 0.649219 0.188281 0.25 0.00102559
0 0.829687 0.797266 0.10625 0.136719 0.00107447
0 0.324609 0.339453 0.117969 0.167969 0.00115685
0 0.689453 0.389844 0.219531 0.321875 0.00122414
0 0.177734 0.657422 0.0914062 0.110156 0.00123586
0 0.235938 0.673828 0.148438 0.138281 0.00126582
0 0.310547 0.399219 0.232031 0.35625 0.00129424
0 0.733203 0.816016 0.264844 0.244531 0.00133915
0 0.347266 0.714063 0.189844 0.182812 0.00140704
0 0.652344 0.481641 0.204688 0.419531 0.00161748
0 0.745313 0.772656 0.139062 0.110937 0.00162009
0 0.679297 0.696875 0.138281 0.198437 0.00182574
0 0.271484 0.732422 0.364844 0.277344 0.00183296
0 0.721484 0.717969 0.141406 0.170312 0.00200181
0 0.340234 0.607422 0.197656 0.292969 0.00240854
0 0.796875 0.656641 0.146875 0.333594 0.00253565
0 0.825781 0.7375 0.10625 0.195312 0.00265665
0 0.8 0.761719 0.0859375 0.109375 0.00267224
0 0.654688 0.606641 0.225 0.389844 0.00268034
0 0.279297 0.618359 0.189844 0.191406 0.00273352
0 0.764063 0.791406 0.226562 0.145313 0.00339749
0 0.200391 0.691016 0.146094 0.128906 0.00404231
0 0.762109 0.739844 0.141406 0.153125 0.0041224
0 0.352344 0.347656 0.175 0.235938 0.00575096
0 0.304297 0.682031 0.221094 0.189063 0.0060996
0 0.324219 0.302344 0.160938 0.184375 0.00668902
0 0.705469 0.758203 0.245312 0.186719 0.00717825
0 0.232031 0.568359 0.221875 0.321094 0.00948702
0 0.182422 0.655469 0.132031 0.164062 0.0124193
0 0.232031 0.705469 0.259375 0.175 0.0130479
0 0.694531 0.524609 0.275 0.635156 0.0143606
0 0.677344 0.704297 0.235938 0.242969 0.0153207
0 0.797656 0.766406 0.139062 0.148438 0.023334
0 0.258984 0.639453 0.308594 0.288281 0.025995
0 0.719531 0.644922 0.25625 0.353906 0.0525287
0 0.757031 0.725 0.217187 0.223438 0.0836047
0 0.221094 0.651953 0.21875 0.203906 0.100218
0 0.280078 0.477344 0.303906 0.55625 0.132544
