0 0.701172 0.654688 0.0867188 0.101562 0.00010051
0 0.317578 0.532031 0.0867188 0.107813 0.000102384
0 0.677344 0.298438 0.109375 0.15625 0.000105437
0 0.307031 0.589453 0.140625 0.192969 0.000105595
0 0.255078 0.555469 0.178906 0.321875 0.000106907
0 0.419922 0.307813 0.155469 0.251563 0.000108761
0 0.641016 0.630859 0.127344 0.172656 0.000108775
0 0.591797 0.195703 0.0929687 0.0960938 0.000113349
0 0.298047 0.409375 0.0835937 0.104687 0.000114179
0 0.663672 0.472266 0.142969 0.272656 0.000123714
0 0.732813 0.694531 0.117188 0.154687 0.000128843
0 0.623828 0.555078 0.125781 0.250781 0.000140747
0 0.349219 0.216406 0.107813 0.134375 0.000142337
0 0.298438 0.514453 0.0890625 0.114844 0.000147589
0 0.845703 0.607422 0.308594 0.780469 0.00014919
0 0.699219 0.388672 0.08125 0.150781 0.000155695
0 0.586328 0.435547 0.153906 0.433594 0.000161495
0 0.68125 0.595312 0.090625 0.117188 0.000171174
0 0.583984 0.539062 0.333594 0.435937 0.00017205
0 0.682031 0.408594 0.115625 0.2375 0.000172082
0 0.589844 0.266406 0.1 0.16875 0.000173259
0 0.719922 0.674219 0.0742188 0.0890625 0.000183321
0 0.370313 0.200781 0.0796875 0.101562 0.000191763
0 0.647266 0.205469 0.138281 0.140625 0.00019945
0 0.714063 0.532422 0.071875 0.113281 0.000210273
0 0.464844 0.473437 0.275 0.553125 0.00022018
0 0.703906 0.745703 0.226562 0.272656 0.000236304
0 0.705859 0.273438 0.0789063 0.132812 0.000242666
0 0.314453 0.426953 0.111719 0.196094 0.000251578
0 0.767578 0.696875 0.307031 0.479688 0.000252554
0 0.730078 0.651953 0.0632813 0.107031 0.000274071
0 0.628516 0.635156 0.228906 0.234375 0.000277222
0 0.714063 0.428516 0.0984375 0.263281 0.000287923
0 0.412109 0.256641 0.124219 0.175781 0.000289934
0 0.416016 0.441406 0.180469 0.420312 0.000291309
0 0.285937 0.382422 0.0828125 0.178906 0.000292632
0 0.700391 0.673047 0.132031 0.155469 0.00032668
0 0.614062 0.301562 0.129688 0.201562 0.000337752
0 0.416406 0.2 0.0859375 0.0953125 0.000339568
0 0.620703 0.361719 0.172656 0.371875 0.000346716
0 0.714844 0.344922 0.0921875 0.232031 0.00034771
0 0.362109 0.573438 0.189844 0.209375 0.000359459
0 0.699609 0.575 0.0835937 0.115625 0.000378603
0 0.347656 0.635156 0.21875 0.2 0.000386605
0 0.616016 0.223047 0.0929687 0.108594 0.000387596
0 0.717578 0.614453 0.0757812 0.116406 0.00043866
0 0.742578 0.466797 0.277344 0.588281 0.000444966
0 0.391016 0.232812 0.0898438 0.103125 0.000477292
0 0.699609 0.516406 0.102344 0.217187 0.000584623
0 0.741797 0.683984 0.178906 0.310156 0.000627297
0 0.403906 0.603906 0.146875 0.221875 0.000640983
0 0.730078 0.651172 0.0882813 0.153906 0.000714271
0 0.300391 0.349609 0.110156 0.272656 0.00098855
0 0.348437 0.328125 0.201562 0.375 0.00106599
0 0.678906 0.297266 0.140625 0.249219 0.00108996
0 0.268359 0.454297 0.274219 0.525781 0.00112941
0 0.720312 0.403516 0.125 0.452344 0.00121571
0 0.264062 0.402734 0.14375 0.450781 0.00124524
0 0.631641 0.483203 0.186719 0.396094 0.00137569
0 0.687891 0.671094 0.194531 0.229687 0.00158926
0 0.727734 0.575781 0.0929687 0.214062 0.00204755
0 0.378125 0.520312 0.2125 0.38125 0.00213064
0 0.289844 0.429297 0.110937 0.294531 0.00214741
0 0.738281 0.525 0.123438 0.39375 0.00293127
0 0.663672 0.592969 0.174219 0.201562 0.00324735
0 0.300781 0.508984 0.125 0.255469 0.00378474
0 0.624609 0.238672 0.142969 0.171094 0.00381295
0 0.377344 0.255469 0.165625 0.223438 0.00487685
0 0.685938 0.605859 0.279687 0.328906 0.00512942
0 0.645703 0.422656 0.264844 0.564062 0.00602325
0 0.31875 0.549219 0.192188 0.282813 0.00799125
0 0.717969 0.625 0.126563 0.228125 0.00964597
0 0.394141 0.210156 0.124219 0.135937 0.0160484
0 0.351172 0.408984 0.274219 0.553906 0.016839
0 0.684766 0.4625 0.158594 0.459375 0.08698
0 0.697656 0.564844 0.145313 0.285937 0.134374
0 0.306641 0.44375 0.155469 0.434375 0.289025
