0 0.202734 0.510156 0.0804688 0.104687 0.000103669
0 0.1875 0.386328 0.1875 0.397656 0.000108628
0 0.320312 0.463672 0.0734375 0.0914062 0.00011021
0 0.715234 0.574219 0.0898438 0.104687 0.000111872
0 0.341016 0.679297 0.0898438 0.113281 0.000113246
0 0.697656 0.594531 0.090625 0.0984375 0.000114526
0 0.750391 0.479297 0.283594 0.450781 0.000120692
0 0.678125 0.6125 0.0890625 0.08125 0.000121484
0 0.180469 0.436719 0.08125 0.15 0.000121831
0 0.678906 0.575 0.0921875 0.10625 0.000123554
0 0.232031 0.465625 0.075 0.104687 0.000126452
0 0.967969 0.120312 0.0640625 0.240625 0.00012663
0 0.19375 0.657031 0.0875 0.117188 0.0001277
0 0.3 0.484766 0.123438 0.147656 0.000130206
0 0.85625 0.0648438 0.2875 0.129688 0.000135973
0 0.318359 0.428906 0.0789063 0.0859375 0.000137811
0 0.617188 0.445703 0.176563 0.196094 0.000138172
0 0.601953 0.707812 0.272656 0.334375 0.000142299
0 0.924609 0.0738281 0.146094 0.147656 0.000151352
0 0.590625 0.690625 0.14375 0.246875 0.000154637
0 0.967578 0.265625 0.0648438 0.453125 0.000156306
0 0.86875 0.527734 0.235938 0.380469 0.000156671
0 0.304297 0.680469 0.0867188 0.1125 0.000158369
0 0.749609 0.548047 0.122656 0.260156 0.000158899
0 0.718359 0.508203 0.0835937 0.110156 0.000163041
0 0.257422 0.7125 0.157031 0.154687 0.000164124
0 0.278906 0.420703 0.284375 0.422656 0.000166049
0 0.732031 0.454297 0.0734375 0.111719 0.000166787
0 0.191797 0.405469 0.0570313 0.0890625 0.000168049
0 0.338672 0.714453 0.153906 0.158594 0.000170687
0 0.791406 0.603516 0.260938 0.461719 0.000172085
0 0.830469 0.270703 0.339063 0.541406 0.000177391
0 0.169531 0.682422 0.0828125 0.117969 0.000180874
0 0.767578 0.761719 0.313281 0.375 0.000181951
0 0.232422 0.552344 0.132031 0.178125 0.000185414
0 0.285937 0.357812 0.151562 0.192188 0.000190621
0 0.526953 0.34375 0.0929687 0.0890625 0.0001952
0 0.710156 0.411719 0.142188 0.2625 0.000197125
0 0.202344 0.375391 0.0609375 0.0929687 0.00019767
0 0.698438 0.553516 0.0890625 0.105469 0.00021378
0 0.322656 0.657422 0.0828125 0.107031 0.000220109
0 0.586328 0.560938 0.152344 0.23125 0.000222826
0 0.610937 0.375781 0.078125 0.0921875 0.000233821
0 0.300781 0.744141 0.242188 0.180469 0.000238319
0 0.470703 0.0316406 0.261719 0.0632813 0.000240171
0 0.928906 0.449219 0.1375 0.3375 0.000248465
0 0.162891 0.728516 0.132031 0.141406 0.000260232
0 0.213281 0.679688 0.09375 0.114063 0.000272622
0 0.173438 0.0511719 0.346875 0.102344 0.000277731
0 0.121094 0.0832031 0.240625 0.163281 0.00029197
0 0.621484 0.512109 0.167969 0.196094 0.000292829
0 0.194922 0.575391 0.0804688 0.0789063 0.000297009
0 0.941406 0.150781 0.117188 0.301562 0.000302277
0 0.621875 0.611719 0.145313 0.164062 0.00031727
0 0.883984 0.352734 0.219531 0.538281 0.000331876
0 0.301953 0.447656 0.0695312 0.0875 0.000340802
0 0.660156 0.470703 0.190625 0.180469 0.000360168
0 0.641406 0.324219 0.125 0.160938 0.00037153
0 0.578125 0.362109 0.160938 0.158594 0.000374777
0 0.882422 0.125 0.227344 0.25 0.000385107
0 0.186719 0.628516 0.273438 0.402344 0.000386347
0 0.323828 0.395312 0.124219 0.1625 0.000390326
0 0.256641 0.621875 0.230469 0.220313 0.000407754
0 0.307031 0.628906 0.273438 0.357812 0.000420576
0 0.112109 0.0375 0.224219 0.075 0.00048643
0 0.752734 0.737891 0.160156 0.222656 0.000498889
0 0.925391 0.272266 0.144531 0.519531 0.00051984
0 0.612891 0.301172 0.0882813 0.108594 0.000541855
0 0.199219 0.394922 0.0890625 0.175781 0.000555668
0 0.316797 0.473437 0.153906 0.3 0.0005817
0 0.300781 0.446484 0.101562 0.124219 0.000656216
0 0.0765625 0.0644531 0.148438 0.127344 0.000661504
0 0.196484 0.578516 0.0960938 0.166406 0.000671237
0 0.614453 0.748828 0.149219 0.169531 0.000678114
0 0.298047 0.438281 0.152344 0.165625 0.000702001
0 0.304297 0.69375 0.138281 0.148438 0.000776565
0 0.232422 0.469922 0.107031 0.224219 0.000816179
0 0.205078 0.444922 0.0820312 0.161719 0.00113827
0 0.333984 0.562109 0.174219 0.408594 0.00115901
0 0.182031 0.529297 0.140625 0.460156 0.00120771
0 0.235547 0.726562 0.285156 0.254687 0.00123191
0 0.610156 0.626172 0.2 0.352344 0.0012864
0 0.640234 0.573438 0.196094 0.182812 0.00135855
0 0.655078 0.750781 0.242969 0.214062 0.00141819
0 0.211328 0.573438 0.125781 0.271875 0.00156685
0 0.720312 0.472656 0.103125 0.1625 0.0017006
0 0.614453 0.384375 0.135156 0.192188 0.00175237
0 0.714453 0.572656 0.138281 0.229687 0.00180381
0 0.748047 0.645703 0.174219 0.325781 0.00191297
0 0.610937 0.457812 0.253125 0.392188 0.00209785
0 0.337891 0.657812 0.142969 0.190625 0.00212285
0 0.266797 0.441406 0.207031 0.2875 0.00216781
0 0.714844 0.679688 0.179688 0.196875 0.00221327
0 0.228906 0.426953 0.0828125 0.122656 0.00224184
0 0.639453 0.698047 0.192969 0.210156 0.00236377
0 0.253125 0.398828 0.175 0.167969 0.00243352
0 0.676562 0.614453 0.185937 0.183594 0.00246827
0 0.671875 0.425391 0.190625 0.344531 0.00377785
0 0.610547 0.344141 0.100781 0.142969 0.00413968
0 0.202734 0.489453 0.119531 0.302344 0.00427132
0 0.676562 0.528906 0.185937 0.2125 0.00633089
0 0.715625 0.492188 0.139062 0.251563 0.00853263
0 0.293359 0.683984 0.232031 0.191406 0.010511
0 0.209375 0.403125 0.065625 0.117188 0.0132438
0 0.189063 0.703125 0.128125 0.132812 0.0142338
0 0.710938 0.56875 0.185937 0.353125 0.0192689
0 0.191016 0.638672 0.132031 0.267969 0.0219474
0 0.684375 0.682813 0.254687 0.290625 0.0556349
0 0.226172 0.676172 0.211719 0.211719 0.0866527
0 0.247656 0.551953 0.228125 0.433594 0.202423
0 0.657422 0.540234 0.255469 0.502344 0.205134
