0 0.303906 0.261719 0.125 0.164062 0.00010054
0 0.721484 0.691016 0.0898438 0.111719 0.000102256
0 0.778906 0.610547 0.132812 0.421094 0.000103153
0 0.660547 0.484766 0.183594 0.366406 0.000103736
0 0.260547 0.662891 0.0914062 0.110156 0.000104378
0 0.371094 0.190234 0.0921875 0.133594 0.000107336
0 0.482812 0.596094 0.460938 0.692187 0.000107477
0 0.947656 0.685547 0.0984375 0.547656 0.00010776
0 0.350781 0.210547 0.173438 0.214844 0.000112678
0 0.0445312 0.7 0.0859375 0.50625 0.000117429
0 0.0488281 0.477344 0.0976562 0.815625 0.000117622
0 0.214844 0.565234 0.1625 0.532031 0.000117815
0 0.383594 0.609375 0.2375 0.33125 0.000123086
0 0.665625 0.235938 0.0734375 0.101562 0.000123513
0 0.700781 0.387109 0.1 0.127344 0.000124705
0 0.975 0.601172 0.05 0.453906 0.00012633
0 0.641797 0.215625 0.111719 0.1375 0.000126782
0 0.258984 0.426953 0.0945313 0.189844 0.000127968
0 0.210156 0.524609 0.245312 0.732031 0.000128299
0 0.323438 0.216406 0.0671875 0.0796875 0.000128854
0 0.666797 0.25625 0.105469 0.185937 0.000130244
0 0.05625 0.266797 0.1125 0.528906 0.000131798
0 0.628516 0.219141 0.378906 0.432031 0.000133003
0 0.657031 0.307422 0.164062 0.319531 0.000141516
0 0.0273438 0.269922 0.0546875 0.496094 0.000144132
0 0.247266 0.698438 0.0929687 0.115625 0.000152277
0 0.676953 0.185937 0.0601562 0.0828125 0.000152835
0 0.300391 0.232812 0.0554687 0.075 0.000153424
0 0.442578 0.269141 0.375781 0.521094 0.000154544
0 0.356641 0.275 0.228906 0.353125 0.000157692
0 0.734766 0.46875 0.0882813 0.1875 0.000161623
0 0.121094 0.380078 0.234375 0.760156 0.00016233
0 0.683203 0.677734 0.0820312 0.111719 0.000163498
0 0.714063 0.321875 0.104687 0.25 0.000168687
0 0.358984 0.190234 0.0585938 0.0695312 0.000171857
0 0.2875 0.316016 0.154687 0.296094 0.000184611
0 0.953906 0.384766 0.0921875 0.769531 0.00018709
0 0.243359 0.575391 0.100781 0.263281 0.000188948
0 0.217969 0.688281 0.140625 0.248437 0.000211227
0 0.973047 0.276953 0.0539063 0.507031 0.000214985
0 0.282031 0.232812 0.0484375 0.071875 0.000217144
0 0.0144531 0.841797 0.0289063 0.202344 0.000236949
0 0.316797 0.227344 0.102344 0.1125 0.000241494
0 0.35 0.194922 0.084375 0.105469 0.000247128
0 0.976953 0.436719 0.0460938 0.473437 0.000257815
0 0.0304688 0.563672 0.059375 0.761719 0.000272102
0 0.319922 0.660547 0.146094 0.191406 0.000272469
0 0.374609 0.683984 0.178906 0.207031 0.000301276
0 0.26875 0.281641 0.0828125 0.158594 0.000303696
0 0.53125 0.385547 0.421875 0.771094 0.000317167
0 0.257031 0.323047 0.0671875 0.0929687 0.000318353
0 0.245703 0.379687 0.192969 0.510938 0.000333901
0 0.243359 0.746094 0.160156 0.228125 0.000360945
0 0.0246094 0.651563 0.0476562 0.4625 0.000408045
0 0.25 0.484375 0.103125 0.326562 0.000409479
0 0.705078 0.658984 0.0898438 0.113281 0.000418571
0 0.667578 0.609375 0.188281 0.3 0.000431177
0 0.776172 0.776953 0.0820312 0.147656 0.000443314
0 0.375 0.391797 0.325 0.702344 0.00046457
0 0.669531 0.201562 0.09375 0.123438 0.00046617
0 0.717969 0.394922 0.104687 0.194531 0.000481276
0 0.183984 0.268359 0.355469 0.532031 0.000483412
0 0.254687 0.640625 0.28125 0.371875 0.000507731
0 0.0195312 0.776172 0.0390625 0.308594 0.000524575
0 0.7 0.567187 0.282813 0.490625 0.000529778
0 0.767578 0.658594 0.117969 0.189063 0.000592439
0 0.30625 0.563281 0.278125 0.467187 0.000620539
0 0.968359 0.520312 0.0617188 0.765625 0.000633224
0 0.722656 0.442969 0.125 0.3375 0.000639799
0 0.258984 0.350391 0.0820312 0.167969 0.000667575
0 0.653906 0.392969 0.253125 0.676562 0.000770155
0 0.277734 0.695703 0.0914062 0.108594 0.00086346
0 0.263281 0.637109 0.129688 0.216406 0.00107799
0 0.694531 0.272266 0.121875 0.247656 0.00108495
0 0.266797 0.401563 0.116406 0.373437 0.00117162
0 0.766406 0.749219 0.121875 0.254687 0.00119398
0 0.684766 0.692969 0.147656 0.182812 0.00119467
0 0.292969 0.736328 0.278125 0.285156 0.00132329
0 0.720312 0.7 0.26875 0.279687 0.00191979
0 0.70625 0.470313 0.16875 0.529688 0.00207826
0 0.706641 0.641797 0.155469 0.191406 0.00241562
0 0.687109 0.229297 0.0914062 0.152344 0.00259538
0 0.739062 0.655859 0.0921875 0.111719 0.0029012
0 0.311328 0.646094 0.211719 0.267188 0.00438223
0 0.276953 0.573047 0.157031 0.382031 0.00554964
0 0.723047 0.583594 0.157031 0.335938 0.0066866
0 0.279297 0.698828 0.180469 0.191406 0.0487327
0 0.735547 0.683594 0.155469 0.210938 0.0986275
