0 0.698438 0.176172 0.342187 0.310156 0.00010092
0 0.299609 0.782812 0.355469 0.423438 0.000102641
0 0.287891 0.392578 0.322656 0.555469 0.000106084
0 0.0640625 0.0683594 0.128125 0.136719 0.000106155
0 0.0511719 0.35625 0.102344 0.590625 0.000106504
0 0.784766 0.603516 0.147656 0.144531 0.000107445
0 0.479297 0.0582031 0.403906 0.116406 0.00011294
0 0.736719 0.666797 0.304688 0.258594 0.000113615
0 0.608203 0.0605469 0.311719 0.121094 0.000119188
0 0.388281 0.928906 0.154687 0.142188 0.000120358
0 0.237109 0.0347656 0.335156 0.0695312 0.000121475
0 0.675781 0.0359375 0.257812 0.06875 0.000121799
0 0.360938 0.535156 0.109375 0.145313 0.000132501
0 0.842188 0.585156 0.090625 0.090625 0.000134358
0 0.762891 0.552734 0.0898438 0.110156 0.000134461
0 0.798828 0.345703 0.158594 0.305469 0.000136715
0 0.63125 0.10625 0.35 0.209375 0.00013886
0 0.376563 0.599219 0.129688 0.142188 0.000144511
0 0.723828 0.316406 0.219531 0.401563 0.000154536
0 0.181641 0.475391 0.0851562 0.122656 0.000155394
0 0.63125 0.558203 0.173438 0.221094 0.00015898
0 0.277344 0.566406 0.090625 0.10625 0.00017149
0 0.189844 0.590234 0.165625 0.230469 0.000180064
0 0.659766 0.492969 0.177344 0.295312 0.000187185
0 0.869141 0.595312 0.124219 0.132812 0.000190926
0 0.783984 0.534375 0.0882813 0.107813 0.000195828
0 0.281641 0.0585938 0.403906 0.117188 0.000198494
0 0.823047 0.450781 0.127344 0.189063 0.000201545
0 0.299219 0.536328 0.145313 0.158594 0.000217161
0 0.3375 0.496484 0.1875 0.266406 0.000224991
0 0.725781 0.0613281 0.389062 0.122656 0.000238666
0 0.235156 0.449219 0.196875 0.373437 0.00024236
0 0.747656 0.410937 0.290625 0.479688 0.000257121
0 0.765234 0.494141 0.150781 0.197656 0.000273311
0 0.257031 0.514844 0.15 0.203125 0.000277559
0 0.802734 0.551953 0.0914062 0.110156 0.000323444
0 0.289844 0.660156 0.303125 0.332812 0.000336354
0 0.824219 0.362891 0.08125 0.108594 0.000361264
0 0.240234 0.565625 0.0929687 0.103125 0.000674883
0 0.744531 0.564844 0.15 0.154687 0.000676295
0 0.196094 0.491406 0.121875 0.189063 0.000691437
0 0.807031 0.622656 0.264062 0.221875 0.000721765
0 0.820703 0.389844 0.103906 0.173438 0.000758915
0 0.341406 0.564844 0.15625 0.146875 0.000880219
0 0.678516 0.569922 0.142969 0.172656 0.000955165
0 0.323047 0.596875 0.216406 0.171875 0.00109866
0 0.794531 0.432813 0.189063 0.295312 0.00122004
0 0.702734 0.534766 0.203906 0.211719 0.00243955
0 0.272266 0.557031 0.294531 0.259375 0.00275881
0 0.210938 0.532422 0.16875 0.199219 0.00278537
0 0.830078 0.49375 0.185156 0.26875 0.00297971
0 0.783984 0.548437 0.147656 0.157813 0.00409022
0 0.748438 0.494922 0.254687 0.263281 0.00441049
0 0.830469 0.578125 0.190625 0.1625 0.00749501
0 0.741406 0.584766 0.285937 0.211719 0.00847818
0 0.25625 0.561328 0.203125 0.153906 0.0418778
0 0.787109 0.544141 0.235156 0.200781 0.143812
