0 0.286328 0.658594 0.142969 0.192188 0.000107669
0 0.466016 0.01875 0.244531 0.0359375 0.000109617
0 0.0519531 0.380469 0.103906 0.726562 0.000110197
0 0.283203 0.299219 0.103906 0.117188 0.000114362
0 0.679297 0.721875 0.310156 0.309375 0.00011834
0 0.767578 0.373828 0.161719 0.255469 0.000123759
0 0.311719 0.282422 0.157813 0.149219 0.000132865
0 0.552734 0.107813 0.291406 0.203125 0.000137553
0 0.401563 0.232031 0.375 0.464063 0.000138357
0 0.736719 0.263281 0.14375 0.135937 0.000162658
0 0.175391 0.698438 0.160156 0.232812 0.000164284
0 0.685938 0.221094 0.301562 0.315625 0.000167716
0 0.775 0.611328 0.254687 0.405469 0.000180914
0 0.342578 0.722266 0.174219 0.164844 0.000182299
0 0.346875 0.465234 0.176563 0.364844 0.000195626
0 0.351172 0.313281 0.177344 0.195312 0.000208934
0 0.80625 0.682031 0.135937 0.171875 0.000221355
0 0.716406 0.752344 0.19375 0.18125 0.000221568
0 0.230078 0.574219 0.196094 0.346875 0.000230183
0 0.467187 0.0328125 0.265625 0.065625 0.000241006
0 0.616406 0.271484 0.373437 0.442969 0.000287031
0 0.326172 0.369531 0.180469 0.265625 0.000292312
0 0.304688 0.55625 0.21875 0.41875 0.000322924
0 0.491406 0.382422 0.442187 0.764844 0.000362414
0 0.714063 0.3 0.16875 0.192188 0.000378074
0 0.414453 0.132422 0.314844 0.264844 0.000420828
0 0.326172 0.646094 0.192969 0.254687 0.000444365
0 0.810938 0.663672 0.198437 0.271094 0.000559679
0 0.235156 0.655078 0.267188 0.247656 0.000605071
0 0.45625 0.0777344 0.310937 0.155469 0.000807801
0 0.76875 0.716016 0.309375 0.252344 0.00104436
0 0.801172 0.7375 0.0851562 0.0859375 0.00106027
0 0.288672 0.691406 0.228906 0.20625 0.00121331
0 0.832422 0.728125 0.150781 0.1625 0.00131115
0 0.684375 0.712891 0.170312 0.202344 0.00236211
0 0.8 0.736719 0.123438 0.121875 0.00265558
0 0.521875 0.185547 0.395312 0.367969 0.00328623
0 0.76875 0.725391 0.221875 0.166406 0.00661056
