0 0.242578 0.674609 0.203906 0.188281 0.000101888
0 0.630859 0.473828 0.125781 0.228906 0.000104211
0 0.808594 0.487891 0.276563 0.514844 0.000105005
0 0.673047 0.446484 0.0867188 0.107031 0.000105752
0 0.71875 0.431641 0.135937 0.210156 0.000108841
0 0.321484 0.65625 0.202344 0.192188 0.000109963
0 0.299219 0.314453 0.125 0.175781 0.000131853
0 0.385938 0.470313 0.13125 0.2125 0.000134279
0 0.802344 0.678906 0.084375 0.117188 0.000134809
0 0.641797 0.429688 0.0992187 0.146875 0.000154428
0 0.690234 0.408203 0.269531 0.469531 0.000159778
0 0.335938 0.25625 0.151562 0.182812 0.000168208
0 0.173438 0.604297 0.201562 0.421094 0.000174334
0 0.196094 0.677344 0.170312 0.24375 0.000176226
0 0.322266 0.511328 0.141406 0.242969 0.00018059
0 0.39375 0.371875 0.164062 0.270312 0.000211811
0 0.362109 0.207422 0.0804688 0.0726563 0.000246376
0 0.28125 0.592188 0.232812 0.21875 0.000252824
0 0.814844 0.675391 0.125 0.178906 0.000265997
0 0.746094 0.551172 0.146875 0.275781 0.000300182
0 0.363672 0.229687 0.0992187 0.121875 0.000317155
0 0.701172 0.327734 0.194531 0.321094 0.00032064
0 0.763281 0.451953 0.126563 0.253906 0.000353277
0 0.223438 0.573828 0.139062 0.277344 0.000377997
0 0.698828 0.510156 0.142969 0.248437 0.00040209
0 0.323438 0.355469 0.204688 0.317187 0.000410745
0 0.669531 0.596484 0.248437 0.369531 0.000449034
0 0.319922 0.293359 0.0554687 0.0601562 0.000536018
0 0.325781 0.311328 0.101562 0.138281 0.000572909
0 0.374219 0.522266 0.18125 0.405469 0.000598468
0 0.337891 0.631641 0.266406 0.319531 0.000602107
0 0.703516 0.678516 0.260156 0.261719 0.000704146
0 0.276172 0.506641 0.147656 0.167969 0.000752401
0 0.801562 0.611328 0.117188 0.258594 0.000904239
0 0.213672 0.487109 0.257031 0.524219 0.00100313
0 0.773828 0.675 0.189844 0.214062 0.00107247
0 0.319141 0.299609 0.0773437 0.0898438 0.00114843
0 0.358594 0.303906 0.173438 0.221875 0.00122777
0 0.664844 0.448047 0.140625 0.202344 0.00125197
0 0.257422 0.535156 0.150781 0.271875 0.00154782
0 0.698828 0.453516 0.202344 0.289844 0.00265945
0 0.760938 0.453906 0.1625 0.404687 0.00297018
0 0.238672 0.623438 0.235156 0.351562 0.00306284
0 0.763281 0.633203 0.234375 0.349219 0.00433442
0 0.332031 0.445312 0.253125 0.539062 0.00742446
0 0.791406 0.556641 0.15625 0.407031 0.011331
0 0.728125 0.539062 0.251563 0.440625 0.41721
0 0.284766 0.545313 0.285156 0.440625 0.417536
