0 0.601562 0.075 0.310937 0.15 0.000101154
0 0.708203 0.827734 0.172656 0.217969 0.000103269
0 0.640234 0.445703 0.428906 0.732031 0.000104592
0 0.90625 0.821484 0.135937 0.217969 0.000105655
0 0.741406 0.597266 0.214062 0.164844 0.000106301
0 0.142188 0.116797 0.284375 0.233594 0.00011802
0 0.130078 0.655859 0.161719 0.382031 0.000119674
0 0.199219 0.533203 0.109375 0.180469 0.000128887
0 0.04375 0.596094 0.0875 0.807813 0.000131409
0 0.0941406 0.712891 0.160156 0.517969 0.000134386
0 0.187891 0.189844 0.375781 0.379687 0.000136557
0 0.772266 0.578906 0.238281 0.340625 0.000138069
0 0.860937 0.699219 0.121875 0.217187 0.000152277
0 0.1125 0.804297 0.146875 0.225781 0.000165718
0 0.334766 0.694531 0.188281 0.278125 0.000167635
0 0.660937 0.655859 0.134375 0.138281 0.000183301
0 0.632422 0.123438 0.383594 0.245312 0.000188006
0 0.208203 0.811328 0.307031 0.242969 0.000206494
0 0.157422 0.7 0.146094 0.21875 0.000228095
0 0.698828 0.616016 0.128906 0.117969 0.000231085
0 0.176563 0.650391 0.28125 0.464844 0.000247711
0 0.800391 0.778125 0.152344 0.2 0.000252071
0 0.296094 0.717578 0.0859375 0.102344 0.000265757
0 0.888281 0.105078 0.21875 0.210156 0.000272309
0 0.242188 0.698047 0.146875 0.225781 0.000283223
0 0.757422 0.656641 0.205469 0.164844 0.000287555
0 0.216406 0.653906 0.142188 0.173438 0.000296291
0 0.904688 0.884766 0.189063 0.222656 0.00032113
0 0.883984 0.699219 0.182031 0.346875 0.000332567
0 0.882031 0.779688 0.142188 0.209375 0.000336477
0 0.322656 0.767578 0.18125 0.224219 0.000375284
0 0.776953 0.375 0.446094 0.75 0.000420926
0 0.177734 0.636328 0.125781 0.158594 0.000460995
0 0.661719 0.607031 0.1375 0.114063 0.000462787
0 0.809766 0.190234 0.380469 0.380469 0.000675424
0 0.195312 0.582422 0.139062 0.242969 0.000688869
0 0.821094 0.723828 0.171875 0.189844 0.000713269
0 0.792188 0.0808594 0.415625 0.161719 0.000914222
0 0.806641 0.830469 0.327344 0.303125 0.000935591
0 0.833203 0.656641 0.247656 0.441406 0.00096215
0 0.2625 0.660547 0.232812 0.307031 0.000990816
0 0.297656 0.71875 0.126563 0.15625 0.00118985
0 0.6875 0.796094 0.303125 0.407813 0.00122209
0 0.151953 0.760938 0.202344 0.276563 0.00122477
0 0.759375 0.723047 0.2 0.216406 0.00150739
0 0.696094 0.651953 0.182812 0.189844 0.00170498
0 0.89375 0.804297 0.203125 0.316406 0.00181379
0 0.187891 0.655078 0.191406 0.275781 0.0026413
0 0.275781 0.739062 0.192188 0.228125 0.00344048
0 0.736328 0.660937 0.275781 0.36875 0.00363255
0 0.739844 0.780078 0.204688 0.210156 0.00480106
0 0.692187 0.725 0.2 0.292188 0.00595059
0 0.839063 0.771094 0.228125 0.264062 0.00766005
0 0.214453 0.717188 0.261719 0.290625 0.0146058
0 0.773828 0.741016 0.291406 0.310156 0.157609
