0 0.454297 0.404297 0.207031 0.452344 0.000107941
0 0.761328 0.0289063 0.178906 0.0578125 0.000112253
0 0.299609 0.221875 0.407031 0.39375 0.000116932
0 0.805078 0.613672 0.0851562 0.0976562 0.000125276
0 0.823438 0.562891 0.140625 0.388281 0.000133675
0 0.34375 0.598437 0.18125 0.204688 0.000139984
0 0.287891 0.401172 0.222656 0.367969 0.000157592
0 0.333594 0.302344 0.14375 0.179688 0.000169148
0 0.352344 0.508984 0.14375 0.257031 0.000170689
0 0.0230469 0.481641 0.0445312 0.450781 0.000172561
0 0.740625 0.407813 0.1125 0.117188 0.000175929
0 0.289844 0.641016 0.084375 0.108594 0.000179063
0 0.376563 0.257422 0.246875 0.264844 0.000179236
0 0.7 0.283984 0.065625 0.0710938 0.000182773
0 0.655859 0.721484 0.266406 0.253906 0.000183387
0 0.764063 0.590625 0.146875 0.25625 0.000187867
0 0.71875 0.569531 0.1375 0.25 0.00019242
0 0.558203 0.607031 0.403906 0.434375 0.000207281
0 0.796875 0.530859 0.123438 0.278906 0.000221011
0 0.669531 0.320312 0.135937 0.176563 0.000228371
0 0.772656 0.732422 0.203125 0.267969 0.00026983
0 0.712891 0.405078 0.0695312 0.0804688 0.00027401
0 0.304297 0.661719 0.311719 0.292188 0.000300297
0 0.250391 0.673828 0.180469 0.202344 0.000304933
0 0.703906 0.407422 0.101562 0.114844 0.000335942
0 0.7 0.509766 0.132812 0.232031 0.000369468
0 0.733594 0.371484 0.154687 0.155469 0.00037402
0 0.804297 0.611719 0.110156 0.175 0.000432409
0 0.759766 0.382422 0.0679687 0.0757812 0.000479918
0 0.365234 0.340234 0.178906 0.175781 0.000514463
0 0.799609 0.643359 0.147656 0.338281 0.000534118
0 0.463672 0.475 0.335156 0.635938 0.000538109
0 0.717969 0.428125 0.140625 0.167187 0.000541633
0 0.385938 0.467969 0.145313 0.267188 0.000615611
0 0.7625 0.411719 0.115625 0.167187 0.000628767
0 0.743359 0.491797 0.138281 0.225781 0.000670064
0 0.673047 0.385547 0.160156 0.255469 0.000758839
0 0.66875 0.489062 0.195312 0.375 0.000796999
0 0.778906 0.466797 0.121875 0.239844 0.000957052
0 0.269922 0.459375 0.292969 0.58125 0.0010317
0 0.663672 0.599609 0.233594 0.397656 0.0014212
0 0.410937 0.480078 0.2 0.411719 0.00146416
0 0.726953 0.682422 0.282031 0.313281 0.00149894
0 0.305859 0.642187 0.160156 0.176563 0.0018998
0 0.792578 0.595312 0.194531 0.539062 0.00369697
0 0.374609 0.344531 0.217969 0.320312 0.00395425
0 0.716797 0.428125 0.221094 0.339063 0.00408565
0 0.353516 0.586719 0.239844 0.317187 0.00464867
0 0.757812 0.498047 0.182812 0.346094 0.00866469
0 0.724609 0.548047 0.269531 0.507031 0.36833
0 0.357422 0.451172 0.269531 0.544531 0.520738
