0 0.566797 0.780859 0.197656 0.242969 0.000105082
0 0.157422 0.403516 0.247656 0.369531 0.000105515
0 0.260547 0.424219 0.138281 0.18125 0.000108797
0 0.761719 0.683203 0.292188 0.330469 0.000109533
0 0.302344 0.317578 0.189063 0.296094 0.000113197
0 0.441406 0.0679687 0.376563 0.135937 0.000113471
0 0.259375 0.636328 0.1875 0.189844 0.000113901
0 0.548047 0.480078 0.235156 0.596094 0.000118794
0 0.156641 0.527734 0.216406 0.207031 0.000124871
0 0.571094 0.687891 0.16875 0.178906 0.000139771
0 0.766797 0.712109 0.178906 0.214844 0.000146232
0 0.683984 0.849219 0.421094 0.289062 0.00015084
0 0.0929687 0.778516 0.1625 0.167969 0.000151676
0 0.675781 0.489062 0.201562 0.198437 0.000154795
0 0.0761719 0.553516 0.0804688 0.119531 0.000169053
0 0.790625 0.56875 0.223438 0.465625 0.000174605
0 0.0667969 0.887109 0.133594 0.225781 0.000175598
0 0.606641 0.235938 0.189844 0.1875 0.000175602
0 0.0761719 0.562109 0.103906 0.205469 0.000214582
0 0.721484 0.592969 0.164844 0.171875 0.000236018
0 0.729688 0.0597656 0.40625 0.119531 0.000237204
0 0.645312 0.788672 0.30625 0.278906 0.000239379
0 0.582422 0.602344 0.192969 0.26875 0.000281944
0 0.567187 0.347266 0.1375 0.202344 0.000290457
0 0.739844 0.446094 0.170312 0.28125 0.000310104
0 0.684766 0.725391 0.311719 0.230469 0.000314182
0 0.761719 0.673828 0.123438 0.158594 0.000315938
0 0.121484 0.526563 0.200781 0.328125 0.000316547
0 0.571484 0.280078 0.189844 0.271094 0.000326517
0 0.109766 0.736719 0.211719 0.260938 0.000326737
0 0.637891 0.448047 0.222656 0.191406 0.000348379
0 0.180859 0.882422 0.355469 0.232031 0.000358598
0 0.314063 0.536328 0.20625 0.444531 0.000382285
0 0.612891 0.596875 0.353906 0.423438 0.000387203
0 0.075 0.8 0.146875 0.30625 0.000414799
0 0.0890625 0.617188 0.16875 0.43125 0.000493305
0 0.228125 0.294922 0.235938 0.347656 0.000600992
0 0.255469 0.778906 0.282813 0.38125 0.000632645
0 0.589844 0.373437 0.198437 0.36875 0.000672407
0 0.296875 0.433594 0.2125 0.292188 0.000742632
0 0.126953 0.523828 0.253906 0.583594 0.000945164
0 0.632031 0.310547 0.239063 0.319531 0.00138384
0 0.145703 0.801172 0.285156 0.341406 0.00171368
0 0.690625 0.641016 0.317187 0.272656 0.00182018
0 0.271484 0.645703 0.230469 0.316406 0.00186856
0 0.674609 0.410156 0.239844 0.328125 0.00190288
0 0.25 0.394922 0.315625 0.447656 0.00202351
0 0.624219 0.483594 0.279687 0.39375 0.00205389
0 0.698828 0.434766 0.174219 0.174219 0.00223968
0 0.755859 0.633594 0.174219 0.235938 0.00279713
0 0.192188 0.521484 0.315625 0.394531 0.00564627
0 0.201172 0.691797 0.355469 0.394531 0.00660995
0 0.710547 0.51875 0.249219 0.407813 0.0133823
0 0.208594 0.513672 0.395312 0.738281 0.216748
0 0.666016 0.458984 0.344531 0.614844 0.383807
