0 0.635938 0.216016 0.15 0.138281 0.000102217
0 0.365234 0.601953 0.352344 0.496094 0.00010249
0 0.257031 0.407422 0.107813 0.233594 0.000103206
0 0.222656 0.319531 0.109375 0.16875 0.000104349
0 0.697656 0.498047 0.0890625 0.105469 0.000106094
0 0.362891 0.803516 0.466406 0.392969 0.000106722
0 0.307813 0.895312 0.340625 0.209375 0.000107981
0 0.132812 0.234766 0.107813 0.208594 0.000110898
0 0.155078 0.258594 0.0773437 0.114063 0.000112744
0 0.476953 0.905078 0.182031 0.174219 0.000117456
0 0.733984 0.365625 0.0710938 0.154687 0.000119338
0 0.150781 0.342969 0.08125 0.1 0.000120276
0 0.139844 0.434375 0.0875 0.114063 0.000124206
0 0.810547 0.141797 0.353906 0.283594 0.000126765
0 0.151953 0.485156 0.0898438 0.1 0.000128988
0 0.107813 0.461328 0.13125 0.283594 0.000130566
0 0.717578 0.164062 0.274219 0.220313 0.000136224
0 0.7375 0.429297 0.0859375 0.225781 0.000136472
0 0.660937 0.177734 0.142188 0.122656 0.000139177
0 0.848437 0.0730469 0.303125 0.144531 0.000141487
0 0.693359 0.273438 0.0585938 0.10625 0.000141745
0 0.194922 0.275781 0.149219 0.192188 0.000144814
0 0.257031 0.471484 0.0796875 0.105469 0.000147059
0 0.770703 0.5125 0.0945313 0.182812 0.000148308
0 0.721875 0.570312 0.090625 0.090625 0.000149638
0 0.224609 0.585547 0.352344 0.327344 0.000152418
0 0.585547 0.551562 0.153906 0.1875 0.000153529
0 0.900391 0.728516 0.199219 0.513281 0.000155393
0 0.171094 0.343359 0.103125 0.175781 0.000156584
0 0.173047 0.228516 0.313281 0.338281 0.000159281
0 0.655469 0.697656 0.3875 0.45625 0.000164846
0 0.542188 0.864062 0.425 0.25625 0.000169872
0 0.655859 0.449219 0.116406 0.198437 0.000171972
0 0.300391 0.472266 0.138281 0.172656 0.000179038
0 0.742578 0.585938 0.0898438 0.090625 0.000179909
0 0.878906 0.854297 0.242188 0.291406 0.000180449
0 0.173828 0.465234 0.0914062 0.110156 0.000180948
0 0.721875 0.323047 0.0859375 0.207031 0.000181094
0 0.3375 0.214062 0.15 0.220313 0.000182031
0 0.489844 0.967969 0.134375 0.0640625 0.000182618
0 0.1875 0.538281 0.23125 0.153125 0.000195553
0 0.466797 0.948828 0.119531 0.0914062 0.000207225
0 0.340625 0.398828 0.203125 0.528906 0.00020956
0 0.564062 0.274219 0.154687 0.225 0.000214084
0 0.760938 0.607031 0.348437 0.4125 0.000216402
0 0.641406 0.563281 0.129688 0.123438 0.00021953
0 0.280078 0.505078 0.0976562 0.122656 0.000225492
0 0.375 0.553516 0.1625 0.314844 0.000232982
0 0.61875 0.179688 0.173438 0.148438 0.000246614
0 0.616797 0.392969 0.227344 0.446875 0.000249837
0 0.656641 0.498437 0.0867188 0.104687 0.00025195
0 0.754687 0.475 0.0859375 0.209375 0.000252701
0 0.685547 0.332812 0.313281 0.5375 0.000255143
0 0.230469 0.120312 0.379687 0.215625 0.000258582
0 0.161719 0.21875 0.0828125 0.115625 0.000259206
0 0.439844 0.896484 0.292188 0.207031 0.000266585
0 0.780469 0.593359 0.084375 0.122656 0.000270229
0 0.578125 0.203906 0.140625 0.170312 0.000289367
0 0.142188 0.367578 0.0890625 0.189844 0.000297911
0 0.283984 0.192188 0.135156 0.154687 0.000299279
0 0.235938 0.449219 0.0796875 0.104687 0.0003082
0 0.30625 0.583203 0.228125 0.249219 0.000313624
0 0.339453 0.155469 0.141406 0.153125 0.000313688
0 0.813281 0.783203 0.36875 0.417969 0.000321809
0 0.598437 0.48125 0.178125 0.221875 0.000322023
0 0.534375 0.925781 0.284375 0.148438 0.000322813
0 0.260547 0.279297 0.117969 0.150781 0.000334392
0 0.121875 0.489453 0.071875 0.102344 0.000343312
0 0.214844 0.410937 0.148438 0.176563 0.000344655
0 0.640234 0.530859 0.0898438 0.111719 0.000363685
0 0.682422 0.181641 0.0695312 0.0976562 0.000391276
0 0.757031 0.536719 0.084375 0.114063 0.000399954
0 0.69375 0.274219 0.0765625 0.16875 0.000404897
0 0.4375 0.965234 0.153125 0.0695312 0.000418538
0 0.707812 0.221875 0.0796875 0.11875 0.000422195
0 0.453516 0.615625 0.480469 0.76875 0.000424807
0 0.669922 0.240625 0.0539063 0.090625 0.000428561
0 0.155078 0.300781 0.0960938 0.195312 0.000435386
0 0.705078 0.648047 0.277344 0.236719 0.000459105
0 0.310937 0.447266 0.189063 0.344531 0.000473915
0 0.384766 0.923437 0.260156 0.153125 0.000482968
0 0.157422 0.505078 0.149219 0.124219 0.000490996
0 0.738672 0.607422 0.153906 0.142969 0.000566956
0 0.194531 0.165625 0.2875 0.192188 0.000592998
0 0.299609 0.255078 0.169531 0.261719 0.000597003
0 0.701563 0.567969 0.15 0.123438 0.000652117
0 0.692187 0.204688 0.0578125 0.096875 0.000678756
0 0.336719 0.532812 0.154687 0.234375 0.000719727
0 0.671484 0.259375 0.0773437 0.128125 0.000733811
0 0.651953 0.303906 0.183594 0.334375 0.000767784
0 0.718359 0.530078 0.0929687 0.107031 0.000812795
0 0.135156 0.358203 0.120312 0.339844 0.000813749
0 0.259766 0.391406 0.180469 0.3375 0.000836969
0 0.180469 0.200391 0.0828125 0.105469 0.000864844
0 0.677734 0.219531 0.113281 0.157813 0.000941718
0 0.260547 0.304297 0.0960938 0.0867188 0.00103741
0 0.457422 0.947656 0.238281 0.104687 0.00110832
0 0.217969 0.503516 0.196875 0.144531 0.00111943
0 0.293359 0.513281 0.180469 0.176563 0.0011387
0 0.258594 0.478125 0.142188 0.151562 0.00130081
0 0.233203 0.450781 0.125781 0.140625 0.00146743
0 0.694531 0.283594 0.117188 0.23125 0.00150808
0 0.676953 0.525391 0.0898438 0.107031 0.00150891
0 0.760938 0.570703 0.08125 0.0976562 0.00152007
0 0.155078 0.408984 0.128906 0.214844 0.00153488
0 0.258203 0.200391 0.300781 0.282031 0.00172594
0 0.256641 0.308203 0.141406 0.278906 0.00173256
0 0.624609 0.529688 0.161719 0.165625 0.00173789
0 0.204297 0.460156 0.292969 0.278125 0.0017734
0 0.130859 0.476172 0.103906 0.141406 0.00187226
0 0.173438 0.434766 0.134375 0.130469 0.0021229
0 0.721094 0.451562 0.146875 0.273438 0.00212772
0 0.692578 0.503516 0.288281 0.269531 0.00265557
0 0.164844 0.231641 0.110937 0.175781 0.00269169
0 0.734766 0.515234 0.130469 0.160156 0.00363763
0 0.685938 0.232422 0.06875 0.124219 0.00388949
0 0.190625 0.2 0.128125 0.142188 0.00427313
0 0.751562 0.560547 0.123438 0.136719 0.00486191
0 0.689062 0.391016 0.195312 0.419531 0.00510158
0 0.285156 0.167578 0.223438 0.174219 0.00515893
0 0.222266 0.322266 0.292969 0.474219 0.00564189
0 0.695312 0.583984 0.2375 0.171094 0.00574914
0 0.165625 0.303906 0.140625 0.346875 0.00626126
0 0.660156 0.501562 0.167187 0.173438 0.00848525
0 0.215234 0.207422 0.192969 0.189844 0.00988537
0 0.191797 0.390234 0.205469 0.307031 0.023325
0 0.185547 0.461719 0.194531 0.154687 0.0299115
0 0.69375 0.533984 0.198437 0.150781 0.0914148
