0 0.0640625 0.369141 0.121875 0.682031 0.000100933
0 0.232031 0.253125 0.0671875 0.08125 0.000105625
0 0.694141 0.112109 0.0648438 0.0804688 0.000106181
0 0.255078 0.135156 0.189844 0.215625 0.000107501
0 0.712891 0.174609 0.0929687 0.139844 0.000107859
0 0.973437 0.567969 0.053125 0.582812 0.000108942
0 0.234766 0.605859 0.278906 0.327344 0.000114096
0 0.936719 0.0632813 0.126563 0.126563 0.000121579
0 0.104297 0.232031 0.208594 0.464063 0.000129348
0 0.238672 0.139062 0.0960938 0.0859375 0.000129413
0 0.258984 0.0222656 0.258594 0.0414063 0.000132118
0 0.0628906 0.146484 0.125781 0.292969 0.000134818
0 0.180469 0.471875 0.0984375 0.204688 0.000137124
0 0.0351562 0.102734 0.0703125 0.200781 0.000141923
0 0.308984 0.575391 0.163281 0.236719 0.00014221
0 0.589844 0.950391 0.235938 0.0898438 0.000143069
0 0.0375 0.0542969 0.075 0.100781 0.000145487
0 0.21875 0.197656 0.05625 0.0890625 0.000148388
0 0.691016 0.604297 0.199219 0.313281 0.00015284
0 0.339453 0.640625 0.127344 0.148438 0.000154231
0 0.20625 0.248437 0.1375 0.20625 0.000166263
0 0.744922 0.324219 0.125781 0.307813 0.000168827
0 0.730469 0.144922 0.0515625 0.0554687 0.000189284
0 0.215625 0.457812 0.142188 0.282813 0.000190666
0 0.721875 0.526563 0.26875 0.389062 0.000191516
0 0.65625 0.0878906 0.0984375 0.0851562 0.000203876
0 0.986328 0.5125 0.0273438 0.307813 0.000207652
0 0.0570313 0.0363281 0.114063 0.0710938 0.000208013
0 0.65 0.648047 0.175 0.238281 0.000220652
0 0.325391 0.0558594 0.317969 0.111719 0.000234268
0 0.221484 0.648438 0.153906 0.192188 0.000242408
0 0.989062 0.487891 0.021875 0.183594 0.000250314
0 0.195312 0.177344 0.315625 0.3125 0.000268427
0 0.718359 0.188672 0.0492188 0.0742188 0.000271585
0 0.180078 0.551953 0.110156 0.163281 0.000293834
0 0.712109 0.144141 0.0695312 0.124219 0.000298273
0 0.783594 0.517187 0.114063 0.226562 0.00032054
0 0.727734 0.172656 0.0476562 0.0671875 0.000323914
0 0.714063 0.515625 0.178125 0.253125 0.00037303
0 0.672266 0.107813 0.0945313 0.096875 0.00038315
0 0.103906 0.0398437 0.20625 0.0765625 0.000391442
0 0.224609 0.201172 0.0757812 0.146094 0.000392081
0 0.225781 0.203125 0.128125 0.182812 0.000400683
0 0.246875 0.557031 0.1875 0.2625 0.000528208
0 0.28125 0.623828 0.198437 0.189844 0.000605978
0 0.761719 0.572266 0.146875 0.297656 0.000654875
0 0.06875 0.0617188 0.1375 0.120312 0.00067813
0 0.762109 0.405859 0.116406 0.249219 0.000803399
0 0.256641 0.106641 0.403906 0.213281 0.000890404
0 0.227734 0.0359375 0.328906 0.071875 0.00104638
0 0.137109 0.0988281 0.272656 0.191406 0.00110518
0 0.718359 0.158984 0.0539063 0.0773437 0.00124686
0 0.208984 0.590234 0.158594 0.213281 0.00129142
0 0.213672 0.238672 0.0601562 0.0867188 0.0014902
0 0.201562 0.0636719 0.370313 0.125781 0.00200102
0 0.197266 0.521094 0.132031 0.260938 0.00270731
0 0.752344 0.478516 0.140625 0.261719 0.00621345
