0 0.537891 0.0722656 0.205469 0.135156 0.000101572
0 0.374219 0.173828 0.139062 0.146094 0.000102086
0 0.752344 0.28125 0.05625 0.0828125 0.000102248
0 0.717578 0.501953 0.0882813 0.0773437 0.000104049
0 0.740234 0.0253906 0.185156 0.0507812 0.000104142
0 0.730078 0.225781 0.0460938 0.0609375 0.000105213
0 0.773828 0.882422 0.116406 0.113281 0.000105842
0 0.719922 0.0164062 0.142969 0.03125 0.000106363
0 0.697266 0.203906 0.0648438 0.0796875 0.000106613
0 0.676562 0.339453 0.075 0.0914062 0.000107644
0 0.263281 0.492969 0.090625 0.109375 0.00010779
0 0.380469 0.43125 0.176563 0.398438 0.000109486
0 0.715625 0.213281 0.0640625 0.08125 0.000112815
0 0.294922 0.342187 0.302344 0.454688 0.000116419
0 0.570703 0.391797 0.202344 0.294531 0.000120577
0 0.774219 0.952344 0.221875 0.0953125 0.000120758
0 0.280469 0.299219 0.0671875 0.0921875 0.000120812
0 0.759766 0.969531 0.133594 0.0609375 0.000121946
0 0.210156 0.316406 0.114063 0.242188 0.000124172
0 0.282422 0.243359 0.0648438 0.0914062 0.000125495
0 0.794141 0.56875 0.0773437 0.096875 0.000129942
0 0.279297 0.320703 0.0820312 0.153906 0.000130048
0 0.562109 0.944141 0.435156 0.111719 0.000132192
0 0.660156 0.242578 0.0875 0.0992187 0.000132413
0 0.65625 0.977734 0.254687 0.0445312 0.000135508
0 0.740234 0.848437 0.0726563 0.0734375 0.00013613
0 0.618359 0.219922 0.316406 0.371094 0.000139469
0 0.325781 0.200781 0.0796875 0.0796875 0.000140571
0 0.245703 0.248437 0.0757812 0.1125 0.000142779
0 0.633203 0.299609 0.0851562 0.100781 0.00014691
0 0.458594 0.299609 0.209375 0.296094 0.000147032
0 0.71875 0.366406 0.128125 0.159375 0.000147447
0 0.491016 0.277344 0.252344 0.492188 0.000150856
0 0.775391 0.851953 0.0585938 0.0507812 0.000158144
0 0.682031 0.223438 0.075 0.101562 0.000158895
0 0.239453 0.281641 0.0695312 0.0914062 0.000160934
0 0.665234 0.629297 0.285156 0.233594 0.000164294
0 0.385547 0.343359 0.107031 0.249219 0.000165053
0 0.617578 0.386328 0.105469 0.146094 0.000165223
0 0.614062 0.271094 0.126563 0.171875 0.000165314
0 0.236328 0.385156 0.107031 0.232812 0.000171691
0 0.789453 0.537109 0.0632813 0.0710938 0.000173929
0 0.360156 0.163281 0.0578125 0.0484375 0.00018008
0 0.300781 0.244141 0.071875 0.116406 0.000182181
0 0.735547 0.981641 0.182031 0.0367187 0.000191123
0 0.772656 0.51875 0.1125 0.0890625 0.000199285
0 0.233984 0.556641 0.203906 0.196094 0.000207847
0 0.544922 0.138672 0.232031 0.258594 0.000223611
0 0.209766 0.400781 0.130469 0.304688 0.000231272
0 0.75625 0.366406 0.078125 0.117188 0.000233299
0 0.257812 0.3 0.08125 0.132812 0.000235427
0 0.599609 0.521094 0.110156 0.195312 0.00023988
0 0.654297 0.407031 0.132031 0.196875 0.000242696
0 0.733594 0.299219 0.0734375 0.115625 0.000247113
0 0.301562 0.278906 0.084375 0.1375 0.000251498
0 0.648047 0.235938 0.125781 0.145313 0.000251812
0 0.660547 0.301953 0.0820312 0.0882813 0.000254087
0 0.614453 0.898438 0.442969 0.203125 0.000258423
0 0.331641 0.512891 0.316406 0.386719 0.000265968
0 0.355469 0.180859 0.0828125 0.0820312 0.000268135
0 0.643359 0.568359 0.205469 0.167969 0.000278589
0 0.788672 0.59375 0.136719 0.1625 0.000285065
0 0.307422 0.310156 0.114844 0.185937 0.000292077
0 0.756641 0.862891 0.0929687 0.0726563 0.000295977
0 0.608203 0.966406 0.369531 0.0671875 0.000302695
0 0.319531 0.542578 0.18125 0.167969 0.000311949
0 0.454688 0.516016 0.5 0.967969 0.00031203
0 0.749219 0.362109 0.107813 0.210156 0.000346283
0 0.679297 0.25625 0.0695312 0.0828125 0.000359831
0 0.309766 0.249609 0.130469 0.161719 0.000367125
0 0.7 0.529297 0.0921875 0.0898438 0.000369871
0 0.716797 0.240234 0.0632813 0.0664062 0.000372886
0 0.728125 0.305469 0.114063 0.176563 0.000375081
0 0.358984 0.238672 0.122656 0.172656 0.000375193
0 0.235156 0.311328 0.096875 0.175781 0.000383404
0 0.700781 0.224609 0.0546875 0.0710938 0.000391111
0 0.696875 0.562891 0.151562 0.139844 0.000398778
0 0.273828 0.272266 0.0960938 0.128906 0.000409778
0 0.745703 0.866016 0.128906 0.114844 0.000433947
0 0.732813 0.280469 0.053125 0.078125 0.000440086
0 0.658984 0.275781 0.114844 0.142188 0.000444926
0 0.623438 0.357031 0.135937 0.242188 0.000463802
0 0.552344 0.295312 0.240625 0.392188 0.000482187
0 0.634375 0.232031 0.1875 0.215625 0.000496946
0 0.674609 0.366016 0.125781 0.197656 0.000497105
0 0.696484 0.428125 0.150781 0.225 0.000514245
0 0.655078 0.323828 0.292969 0.450781 0.00052255
0 0.356641 0.306641 0.142969 0.267969 0.000561638
0 0.683203 0.305859 0.0617188 0.0601562 0.00058017
0 0.717188 0.967969 0.2625 0.0640625 0.000588901
0 0.751953 0.439453 0.144531 0.236719 0.000602416
0 0.754687 0.635156 0.2125 0.242188 0.000615255
0 0.269141 0.364844 0.169531 0.34375 0.00062668
0 0.720703 0.259766 0.0523437 0.0757812 0.000626806
0 0.713281 0.302734 0.0640625 0.0804688 0.000663907
0 0.724609 0.9 0.264844 0.189063 0.000665347
0 0.697656 0.259766 0.132812 0.157031 0.000729565
0 0.7 0.241406 0.0765625 0.0859375 0.000729821
0 0.623438 0.442969 0.132812 0.171875 0.000752244
0 0.735547 0.519141 0.0914062 0.0695312 0.00084268
0 0.711328 0.3125 0.0914062 0.115625 0.000856912
0 0.209375 0.485156 0.16875 0.232812 0.000888156
0 0.733984 0.501562 0.167969 0.120312 0.000898835
0 0.694922 0.280078 0.0851562 0.114844 0.00105498
0 0.688672 0.318359 0.128906 0.174219 0.00113955
0 0.774219 0.550781 0.10625 0.0921875 0.00119498
0 0.334375 0.49375 0.148438 0.164062 0.00122915
0 0.697656 0.315625 0.0703125 0.078125 0.00126066
0 0.642187 0.510938 0.189063 0.160938 0.00138441
0 0.690234 0.946875 0.321094 0.104687 0.00144931
0 0.324219 0.387891 0.179688 0.363281 0.0014855
0 0.271875 0.508984 0.29375 0.266406 0.00157963
0 0.754297 0.566406 0.166406 0.117188 0.00170331
0 0.659766 0.321484 0.192969 0.321094 0.00178513
0 0.305078 0.508984 0.0914062 0.107031 0.00254838
0 0.696875 0.515625 0.146875 0.104687 0.00292137
0 0.271875 0.448047 0.2125 0.269531 0.00443533
0 0.736719 0.531641 0.139062 0.0882813 0.0114646
0 0.715234 0.588672 0.258594 0.185156 0.0123889
0 0.69375 0.401172 0.223438 0.316406 0.0128974
0 0.681641 0.480469 0.232031 0.179688 0.0151162
0 0.286328 0.50625 0.186719 0.159375 0.0294495
0 0.703125 0.538672 0.242188 0.133594 0.118815
