0 0.659766 0.447266 0.0882813 0.105469 0.000100226
0 0.880859 0.0617188 0.232031 0.123438 0.000101013
0 0.596875 0.388281 0.104687 0.184375 0.000102227
0 0.0335938 0.849609 0.0671875 0.300781 0.000103095
0 0.3875 0.601562 0.123438 0.154687 0.000104637
0 0.633594 0.303516 0.0890625 0.107031 0.00010854
0 0.678906 0.281641 0.107813 0.127344 0.000113594
0 0.577344 0.321094 0.1125 0.196875 0.000116824
0 0.607031 0.262109 0.0734375 0.0804688 0.000118349
0 0.601562 0.511719 0.08125 0.110937 0.000122162
0 0.694531 0.510156 0.0859375 0.104687 0.000126959
0 0.614453 0.153906 0.263281 0.242188 0.00013064
0 0.180859 0.0722656 0.299219 0.144531 0.000131725
0 0.0480469 0.473047 0.0960938 0.482031 0.000132674
0 0.691406 0.567969 0.315625 0.329688 0.000134525
0 0.683594 0.385938 0.084375 0.1 0.000134596
0 0.216797 0.230859 0.308594 0.328906 0.000135719
0 0.238672 0.382422 0.0882813 0.116406 0.000136464
0 0.676172 0.490625 0.0898438 0.109375 0.000138041
0 0.206641 0.489062 0.100781 0.2875 0.000142568
0 0.635547 0.471094 0.0898438 0.110937 0.00014792
0 0.280859 0.282031 0.0851562 0.101562 0.000148684
0 0.0546875 0.889453 0.109375 0.219531 0.00014907
0 0.714844 0.332031 0.046875 0.078125 0.000157748
0 0.267188 0.267969 0.120312 0.160938 0.000165285
0 0.361328 0.264844 0.138281 0.160938 0.000166605
0 0.20625 0.581641 0.0796875 0.114844 0.000167883
0 0.0164062 0.550781 0.0328125 0.240625 0.000190456
0 0.65625 0.506641 0.090625 0.103906 0.000192663
0 0.279297 0.532812 0.144531 0.225 0.000198387
0 0.260156 0.302344 0.08125 0.107813 0.000203195
0 0.276563 0.321875 0.0921875 0.1125 0.000210974
0 0.127734 0.110937 0.255469 0.215625 0.000216808
0 0.0917969 0.711719 0.171094 0.532812 0.000220398
0 0.602734 0.547266 0.108594 0.153906 0.000221112
0 0.737891 0.399219 0.108594 0.232812 0.000227249
0 0.696484 0.44375 0.0851562 0.10625 0.000233452
0 0.163281 0.564062 0.20625 0.34375 0.000245498
0 0.181641 0.392578 0.294531 0.564844 0.000245995
0 0.613281 0.34375 0.121875 0.195312 0.000247152
0 0.0308594 0.527344 0.0617188 0.329688 0.000255013
0 0.332031 0.448047 0.1375 0.264844 0.000262943
0 0.636719 0.275 0.165625 0.182812 0.00026702
0 0.227734 0.401172 0.0976562 0.207031 0.000279108
0 0.190234 0.617578 0.0757812 0.111719 0.000283089
0 0.678125 0.425 0.0859375 0.1 0.000307057
0 0.0558594 0.0613281 0.111719 0.121094 0.000307718
0 0.606641 0.20625 0.116406 0.11875 0.000331554
0 0.253906 0.650781 0.2125 0.164062 0.000340295
0 0.617969 0.491016 0.0890625 0.105469 0.000343199
0 0.284375 0.654688 0.315625 0.279687 0.000346975
0 0.73125 0.459375 0.295312 0.3625 0.000354339
0 0.585156 0.241797 0.104687 0.130469 0.000367196
0 0.175781 0.608594 0.13125 0.198437 0.000374436
0 0.712891 0.423828 0.0789063 0.114844 0.000374828
0 0.112109 0.0628906 0.224219 0.121094 0.000405224
0 0.360938 0.448828 0.11875 0.172656 0.000421868
0 0.590234 0.277734 0.0960938 0.0914062 0.000437196
0 0.232812 0.6 0.0921875 0.104687 0.000480124
0 0.0554687 0.78125 0.110937 0.43125 0.000489633
0 0.713672 0.349219 0.0648438 0.121875 0.000503795
0 0.342969 0.590625 0.185937 0.175 0.000542071
0 0.383594 0.367578 0.11875 0.205469 0.000550254
0 0.383594 0.296875 0.123438 0.160938 0.000565824
0 0.254687 0.573047 0.142188 0.174219 0.000578346
0 0.343359 0.534375 0.155469 0.204688 0.000671261
0 0.0359375 0.642187 0.0703125 0.482812 0.000716312
0 0.255859 0.342578 0.0882813 0.117969 0.00076412
0 0.025 0.612109 0.05 0.263281 0.000836262
0 0.594141 0.278516 0.127344 0.155469 0.000871055
0 0.301953 0.275391 0.291406 0.280469 0.000961589
0 0.205078 0.647656 0.111719 0.134375 0.00100211
0 0.601562 0.450781 0.120312 0.254687 0.00101018
0 0.721094 0.520703 0.13125 0.205469 0.00101201
0 0.342969 0.319141 0.170312 0.188281 0.00108016
0 0.207422 0.577344 0.100781 0.190625 0.00113094
0 0.273828 0.381641 0.142969 0.257031 0.00122797
0 0.193359 0.458984 0.180469 0.446094 0.00132444
0 0.365625 0.436328 0.142188 0.339844 0.00194276
0 0.312891 0.257812 0.180469 0.175 0.00197441
0 0.68125 0.391797 0.1375 0.250781 0.0022327
0 0.265234 0.519922 0.294531 0.410156 0.0022526
0 0.712109 0.388281 0.0710938 0.103125 0.00254416
0 0.644922 0.356641 0.267969 0.483594 0.00254483
0 0.673437 0.540625 0.21875 0.19375 0.00347836
0 0.215625 0.617969 0.0921875 0.0984375 0.00367377
0 0.614453 0.389844 0.185156 0.3375 0.00415404
0 0.336328 0.353906 0.199219 0.342187 0.005113
0 0.673437 0.486328 0.146875 0.200781 0.00603928
0 0.702344 0.389844 0.0921875 0.167187 0.00678085
0 0.627734 0.509766 0.157031 0.196094 0.00754873
0 0.267969 0.6 0.225 0.1875 0.0102361
0 0.324219 0.530469 0.223438 0.2875 0.0110618
0 0.244531 0.339844 0.120312 0.2125 0.011138
0 0.230469 0.551953 0.146875 0.272656 0.0233756
0 0.224219 0.61875 0.134375 0.145313 0.024572
0 0.705859 0.443359 0.125781 0.272656 0.0248539
0 0.242969 0.400391 0.142188 0.380469 0.0279064
0 0.280469 0.314063 0.18125 0.248437 0.0625529
0 0.289453 0.405859 0.233594 0.471094 0.199644
0 0.657031 0.449609 0.198437 0.296094 0.251091
