0 0.713672 0.751953 0.0585938 0.0898438 0.000100561
0 0.371094 0.201562 0.125 0.151562 0.000102658
0 0.210156 0.381641 0.0890625 0.108594 0.000114613
0 0.274609 0.116406 0.0617188 0.071875 0.000122178
0 0.378125 0.280469 0.125 0.226562 0.000124591
0 0.594922 0.692578 0.133594 0.133594 0.000130939
0 0.323438 0.305469 0.084375 0.10625 0.000148944
0 0.664844 0.699609 0.307813 0.307031 0.000150748
0 0.707812 0.368359 0.117188 0.266406 0.000151767
0 0.679688 0.552344 0.103125 0.259375 0.00015403
0 0.261328 0.180078 0.135156 0.152344 0.00015603
0 0.594922 0.492188 0.122656 0.260938 0.000158766
0 0.739062 0.439453 0.175 0.397656 0.00016208
0 0.611719 0.296875 0.151562 0.346875 0.000174936
0 0.294922 0.191797 0.305469 0.341406 0.000178603
0 0.178125 0.283594 0.140625 0.309375 0.000185846
0 0.698828 0.682422 0.0648438 0.117969 0.000187899
0 0.610937 0.575 0.1375 0.259375 0.000198324
0 0.217187 0.398828 0.154687 0.167969 0.000199509
0 0.680469 0.229687 0.096875 0.189063 0.000211831
0 0.338672 0.234766 0.0882813 0.0960938 0.000214761
0 0.335938 0.176953 0.179688 0.219531 0.000220708
0 0.638672 0.680469 0.139844 0.146875 0.000245141
0 0.679688 0.636719 0.103125 0.2375 0.000254632
0 0.678906 0.179688 0.08125 0.121875 0.000257477
0 0.327734 0.345703 0.0914062 0.110156 0.000259781
0 0.221094 0.216016 0.0734375 0.103906 0.000268608
0 0.679297 0.701172 0.0882813 0.110156 0.000272762
0 0.200781 0.305078 0.0734375 0.113281 0.000273884
0 0.692578 0.487891 0.105469 0.277344 0.000303117
0 0.6625 0.328516 0.134375 0.267969 0.000317722
0 0.545313 0.683594 0.121875 0.151562 0.000321439
0 0.178516 0.360156 0.289844 0.342187 0.000325213
0 0.383984 0.358203 0.127344 0.186719 0.000332966
0 0.655859 0.751953 0.183594 0.164844 0.000347248
0 0.694141 0.753125 0.103906 0.123438 0.000355158
0 0.185156 0.384375 0.06875 0.120312 0.000380976
0 0.260938 0.266797 0.148438 0.216406 0.000387057
0 0.571484 0.636328 0.136719 0.224219 0.000415912
0 0.241797 0.203906 0.0945313 0.110937 0.000548057
0 0.322266 0.4 0.191406 0.1625 0.000564086
0 0.709766 0.719922 0.0648438 0.138281 0.000572588
0 0.653906 0.232422 0.145313 0.244531 0.000673625
0 0.360547 0.359375 0.0898438 0.1 0.00068671
0 0.198047 0.347266 0.0757812 0.121094 0.00092742
0 0.696484 0.680078 0.0820312 0.200781 0.00124431
0 0.304688 0.321094 0.145313 0.16875 0.00125382
0 0.678125 0.40625 0.125 0.26875 0.00129539
0 0.179297 0.383984 0.0992187 0.200781 0.00133577
0 0.283984 0.220703 0.141406 0.114844 0.00137865
0 0.219141 0.289062 0.114844 0.21875 0.00143204
0 0.575 0.56875 0.179688 0.357812 0.00180778
0 0.28125 0.207031 0.20625 0.226562 0.00187879
0 0.621094 0.485938 0.210938 0.407813 0.00219074
0 0.596484 0.68125 0.200781 0.190625 0.00225915
0 0.705078 0.366016 0.152344 0.463281 0.00314907
0 0.715234 0.553125 0.158594 0.546875 0.00326441
0 0.673437 0.707422 0.13125 0.182031 0.00411779
0 0.335547 0.2375 0.132031 0.15 0.00436631
0 0.344141 0.362109 0.136719 0.149219 0.00481314
0 0.279687 0.388672 0.278125 0.233594 0.00541765
0 0.307813 0.220703 0.09375 0.0820312 0.00673588
0 0.683203 0.604297 0.147656 0.386719 0.00747748
0 0.623047 0.622656 0.222656 0.3125 0.0101153
0 0.655078 0.339844 0.167969 0.467187 0.0114404
0 0.664062 0.463281 0.282813 0.617188 0.0127111
0 0.339453 0.310547 0.166406 0.227344 0.0180117
0 0.198828 0.342578 0.0976562 0.207031 0.0190794
0 0.227734 0.336328 0.161719 0.255469 0.110868
0 0.676562 0.459375 0.157813 0.546875 0.139489
0 0.28125 0.309766 0.253125 0.280469 0.235903
