0 0.710547 0.6375 0.152344 0.15 0.000101127
0 0.348828 0.151172 0.0898438 0.111719 0.000103398
0 0.641406 0.443359 0.134375 0.196094 0.000104102
0 0.619531 0.15625 0.0890625 0.10625 0.000104761
0 0.227734 0.629297 0.0710938 0.107031 0.000106526
0 0.603516 0.364062 0.0960938 0.145313 0.000106765
0 0.224609 0.403516 0.114844 0.197656 0.000114242
0 0.261719 0.611328 0.153125 0.133594 0.000114612
0 0.282813 0.446484 0.084375 0.0976562 0.000114764
0 0.314453 0.135547 0.142969 0.161719 0.000117772
0 0.385156 0.532812 0.126563 0.239063 0.000120432
0 0.345703 0.501953 0.0851562 0.0992187 0.000130018
0 0.304688 0.591797 0.0875 0.0929687 0.000134458
0 0.813281 0.4625 0.279687 0.420312 0.000139767
0 0.215625 0.51875 0.14375 0.371875 0.000140736
0 0.2375 0.342969 0.0859375 0.1125 0.00014865
0 0.222266 0.247656 0.0898438 0.178125 0.000153075
0 0.680078 0.482812 0.136719 0.189063 0.000159458
0 0.719531 0.346875 0.139062 0.251563 0.000163485
0 0.377344 0.270312 0.201562 0.445312 0.000163978
0 0.380859 0.0917969 0.172656 0.149219 0.00016613
0 0.608203 0.0796875 0.167969 0.146875 0.000169702
0 0.672656 0.346875 0.140625 0.2125 0.000170152
0 0.802734 0.394141 0.182031 0.338281 0.000177527
0 0.262109 0.426562 0.0835937 0.101562 0.000180169
0 0.330469 0.194141 0.142188 0.217969 0.000180787
0 0.720312 0.444922 0.0890625 0.111719 0.000185911
0 0.622656 0.380469 0.078125 0.096875 0.00019261
0 0.757812 0.571484 0.14375 0.178906 0.000193571
0 0.415234 0.13125 0.310156 0.257812 0.000196831
0 0.198437 0.365625 0.13125 0.325 0.000202608
0 0.760938 0.445703 0.090625 0.111719 0.000217061
0 0.235156 0.305078 0.0875 0.116406 0.000228444
0 0.775781 0.529688 0.115625 0.176563 0.000242628
0 0.274219 0.325 0.175 0.201562 0.000250044
0 0.721484 0.592969 0.0742188 0.0953125 0.00025355
0 0.349219 0.470313 0.0875 0.0984375 0.000260617
0 0.3625 0.11875 0.09375 0.114063 0.000285541
0 0.254297 0.523438 0.297656 0.478125 0.000292123
0 0.790234 0.428516 0.146094 0.183594 0.0002929
0 0.671875 0.598437 0.132812 0.151562 0.000294408
0 0.302344 0.53125 0.132812 0.204688 0.000301257
0 0.262109 0.489844 0.124219 0.203125 0.00034579
0 0.801172 0.514844 0.153906 0.31875 0.000400914
0 0.36875 0.401563 0.128125 0.28125 0.000526432
0 0.312891 0.448047 0.280469 0.439844 0.00056183
0 0.726172 0.594531 0.110156 0.140625 0.000596307
0 0.303125 0.466797 0.16875 0.167969 0.00063754
0 0.25 0.561328 0.132812 0.199219 0.000697128
0 0.668359 0.512891 0.199219 0.319531 0.000699227
0 0.625781 0.321875 0.140625 0.3125 0.000702368
0 0.385547 0.179297 0.157031 0.272656 0.000824795
0 0.281641 0.425781 0.155469 0.16875 0.000880772
0 0.348047 0.448047 0.130469 0.157031 0.00091115
0 0.308984 0.589844 0.160156 0.134375 0.000920334
0 0.623438 0.141016 0.13125 0.175781 0.00109238
0 0.346094 0.511328 0.134375 0.203906 0.00134703
0 0.701953 0.443359 0.146094 0.164844 0.00138645
0 0.257422 0.382422 0.141406 0.207031 0.00143064
0 0.732031 0.548828 0.19375 0.285156 0.00148645
0 0.633203 0.179688 0.155469 0.301562 0.00164884
0 0.742188 0.410937 0.0890625 0.1 0.0016753
0 0.739453 0.400781 0.283594 0.409375 0.00205035
0 0.224219 0.304688 0.103125 0.189063 0.00293853
0 0.335938 0.353516 0.19375 0.439844 0.00305116
0 0.637891 0.365234 0.117969 0.128906 0.00307766
0 0.758203 0.373047 0.152344 0.271094 0.00373184
0 0.242969 0.429688 0.15 0.373437 0.00451297
0 0.335938 0.444531 0.157813 0.270312 0.00500115
0 0.290625 0.525391 0.203125 0.271094 0.00651259
0 0.319141 0.2 0.219531 0.307813 0.0106826
0 0.740625 0.428125 0.145313 0.15625 0.0118538
0 0.666797 0.398047 0.202344 0.222656 0.0128507
0 0.239844 0.316016 0.1375 0.289844 0.0164387
0 0.696484 0.319531 0.236719 0.403125 0.026488
0 0.354688 0.135156 0.1625 0.198437 0.0275164
0 0.277734 0.360938 0.211719 0.370313 0.0323073
0 0.760938 0.477344 0.15 0.28125 0.0323913
0 0.717188 0.441016 0.215625 0.250781 0.0857174
