0 0.444141 0.691797 0.444531 0.616406 0.000100567
0 0.339453 0.675391 0.128906 0.164844 0.000109444
0 0.187109 0.706641 0.286719 0.394531 0.000109537
0 0.246875 0.427734 0.109375 0.164844 0.000109919
0 0.773047 0.526953 0.196094 0.272656 0.000120694
0 0.302734 0.442187 0.0789063 0.1 0.00012241
0 0.236719 0.511719 0.1125 0.196875 0.000130367
0 0.764453 0.358203 0.108594 0.155469 0.000135044
0 0.300391 0.673828 0.0882813 0.0914062 0.000136321
0 0.739062 0.765625 0.167187 0.196875 0.000138164
0 0.3875 0.79375 0.171875 0.3375 0.000140311
0 0.803906 0.737891 0.0890625 0.113281 0.000140767
0 0.7375 0.555078 0.132812 0.135156 0.000145373
0 0.728516 0.241016 0.241406 0.228906 0.000152774
0 0.216406 0.71875 0.132812 0.176563 0.00015502
0 0.735547 0.473047 0.164844 0.230469 0.000158308
0 0.841016 0.357812 0.116406 0.154687 0.000177188
0 0.400391 0.802344 0.103906 0.129688 0.000177723
0 0.880859 0.615234 0.116406 0.232031 0.000183937
0 0.170312 0.686719 0.164062 0.29375 0.000201198
0 0.328906 0.431641 0.117188 0.149219 0.000206598
0 0.838672 0.751562 0.188281 0.179688 0.000207695
0 0.803906 0.699609 0.090625 0.113281 0.000209883
0 0.238281 0.578516 0.139062 0.197656 0.000231983
0 0.853906 0.521484 0.153125 0.386719 0.000239718
0 0.847266 0.436719 0.119531 0.196875 0.000245948
0 0.377734 0.294531 0.163281 0.18125 0.000270005
0 0.276953 0.598828 0.150781 0.175781 0.000274394
0 0.279297 0.653906 0.0851562 0.101562 0.000277065
0 0.769141 0.678906 0.132031 0.171875 0.000280373
0 0.308594 0.336328 0.160938 0.227344 0.00028224
0 0.303516 0.465234 0.122656 0.177344 0.000292396
0 0.336328 0.607813 0.192969 0.314063 0.000292696
0 0.782422 0.323438 0.0742188 0.075 0.00030124
0 0.389453 0.799219 0.0601562 0.0640625 0.000306086
0 0.188672 0.758594 0.124219 0.1625 0.000306703
0 0.74375 0.602734 0.15 0.189844 0.000312722
0 0.386328 0.716016 0.121094 0.249219 0.000313132
0 0.807813 0.579297 0.2875 0.467969 0.000324534
0 0.793359 0.351172 0.160156 0.216406 0.000325046
0 0.811719 0.451172 0.175 0.366406 0.000328664
0 0.386328 0.630859 0.103906 0.238281 0.000330022
0 0.337109 0.45625 0.180469 0.307813 0.000342521
0 0.7375 0.272656 0.157813 0.170312 0.000343129
0 0.280469 0.693359 0.140625 0.174219 0.000356193
0 0.315625 0.54375 0.28125 0.528125 0.000362794
0 0.258984 0.635156 0.0898438 0.104687 0.000383933
0 0.397266 0.817578 0.0789063 0.0726563 0.000424044
0 0.798437 0.348828 0.104687 0.133594 0.000564763
0 0.211719 0.569922 0.160938 0.314844 0.000581363
0 0.338281 0.378516 0.151562 0.221094 0.000581856
0 0.366016 0.791016 0.136719 0.139844 0.000613617
0 0.76875 0.305469 0.151562 0.179688 0.00065664
0 0.776953 0.319141 0.105469 0.124219 0.000717087
0 0.305469 0.407422 0.0953125 0.122656 0.000757137
0 0.785937 0.734766 0.160938 0.174219 0.000926409
0 0.274219 0.405469 0.10625 0.135937 0.000959737
0 0.380078 0.804688 0.0929687 0.0859375 0.00118968
0 0.327344 0.703125 0.204688 0.245312 0.00134918
0 0.241016 0.635156 0.133594 0.146875 0.00146641
0 0.223047 0.730078 0.216406 0.224219 0.00158145
0 0.271875 0.45 0.145313 0.226562 0.00165399
0 0.821875 0.696875 0.282813 0.279687 0.00182202
0 0.844922 0.617578 0.185156 0.296094 0.00188185
0 0.870313 0.686719 0.171875 0.196875 0.0020988
0 0.277734 0.651953 0.288281 0.338281 0.0023532
0 0.790234 0.653516 0.175781 0.257031 0.00298872
0 0.292969 0.649219 0.178125 0.178125 0.00334997
0 0.269141 0.569141 0.208594 0.350781 0.00534824
0 0.236719 0.650781 0.1875 0.239063 0.0121255
0 0.81875 0.701953 0.179688 0.196094 0.0245238
