0 0.863672 0.946484 0.133594 0.103906 0.000100492
0 0.845312 0.428125 0.0859375 0.114063 0.000100972
0 0.885938 0.969531 0.114063 0.059375 0.000101124
0 0.844531 0.362109 0.0796875 0.114844 0.000103185
0 0.414453 0.529297 0.174219 0.230469 0.000107937
0 0.803125 0.486719 0.153125 0.178125 0.000111667
0 0.160938 0.682031 0.132812 0.260938 0.000111738
0 0.24375 0.45 0.0921875 0.120312 0.00011276
0 0.209375 0.195312 0.404687 0.38125 0.000116541
0 0.740625 0.6125 0.184375 0.173438 0.000117098
0 0.805469 0.611719 0.0828125 0.10625 0.000117137
0 0.0757812 0.703906 0.134375 0.515625 0.000118268
0 0.965625 0.929297 0.06875 0.141406 0.000119771
0 0.747656 0.202344 0.101562 0.101562 0.000120905
0 0.623047 0.861328 0.124219 0.125781 0.000122839
0 0.934375 0.852344 0.13125 0.295312 0.000123053
0 0.420312 0.458594 0.176563 0.228125 0.000123678
0 0.939062 0.0585938 0.121875 0.117188 0.000129027
0 0.720312 0.721094 0.170312 0.201562 0.000132585
0 0.218359 0.778516 0.0898438 0.110156 0.000137319
0 0.413672 0.382422 0.202344 0.282031 0.000139848
0 0.385156 0.435937 0.28125 0.479688 0.000141623
0 0.777734 0.961719 0.267969 0.0765625 0.000142409
0 0.257812 0.814453 0.151562 0.163281 0.000143755
0 0.964453 0.966797 0.0648438 0.0664062 0.000165575
0 0.782812 0.594141 0.145313 0.169531 0.000170033
0 0.198437 0.878906 0.33125 0.223438 0.000171745
0 0.80625 0.886328 0.0890625 0.113281 0.000172779
0 0.278906 0.343359 0.084375 0.111719 0.000172854
0 0.968359 0.767187 0.0632813 0.465625 0.000174549
0 0.803125 0.653906 0.148438 0.19375 0.000179116
0 0.298438 0.246484 0.373437 0.360156 0.000181738
0 0.731641 0.921875 0.257031 0.154687 0.000190578
0 0.198437 0.0792969 0.378125 0.158594 0.000195219
0 0.935547 0.967188 0.128906 0.065625 0.000196929
0 0.311719 0.900781 0.234375 0.18125 0.000202205
0 0.694922 0.553516 0.199219 0.507031 0.000214854
0 0.265625 0.116016 0.43125 0.232031 0.000219757
0 0.260156 0.471484 0.090625 0.110156 0.00022016
0 0.144531 0.780078 0.142188 0.192969 0.000221155
0 0.126953 0.604297 0.210156 0.655469 0.000232
0 0.845312 0.532422 0.135937 0.222656 0.000233361
0 0.2375 0.507422 0.140625 0.194531 0.000240601
0 0.853516 0.964063 0.200781 0.0703125 0.00024653
0 0.260547 0.633594 0.107031 0.0984375 0.000250263
0 0.94375 0.733594 0.1125 0.529688 0.000250318
0 0.025 0.521875 0.0484375 0.495313 0.000256527
0 0.933984 0.937891 0.132031 0.124219 0.000268778
0 0.166016 0.571875 0.207031 0.4 0.00026968
0 0.192188 0.389062 0.217187 0.432813 0.000270508
0 0.875391 0.517969 0.166406 0.309375 0.000275738
0 0.850391 0.885156 0.291406 0.229687 0.000276481
0 0.3375 0.276563 0.165625 0.2125 0.000290048
0 0.766016 0.235156 0.116406 0.142188 0.000306604
0 0.829297 0.446484 0.128906 0.180469 0.000332075
0 0.970312 0.560938 0.059375 0.517187 0.000343359
0 0.0398437 0.519141 0.078125 0.747656 0.000349348
0 0.823828 0.721484 0.139844 0.247656 0.000352544
0 0.336328 0.605859 0.228906 0.522656 0.000354957
0 0.742188 0.837891 0.15 0.194531 0.000356429
0 0.18125 0.813672 0.14375 0.166406 0.000358931
0 0.25625 0.725781 0.221875 0.21875 0.000439623
0 0.712109 0.523047 0.303906 0.742969 0.000439722
0 0.334375 0.807031 0.1625 0.19375 0.000440407
0 0.842578 0.884766 0.0882813 0.110156 0.000486997
0 0.95 0.561328 0.0984375 0.650781 0.000489483
0 0.758594 0.286328 0.176563 0.228906 0.000515117
0 0.230078 0.424609 0.132031 0.211719 0.000535883
0 0.783203 0.762891 0.196094 0.191406 0.000554793
0 0.267969 0.326172 0.120312 0.186719 0.000566843
0 0.822656 0.611719 0.128125 0.178125 0.000591349
0 0.720312 0.782422 0.146875 0.222656 0.000616598
0 0.780469 0.395312 0.2375 0.414062 0.000623144
0 0.181641 0.742188 0.142969 0.184375 0.000669768
0 0.665625 0.853516 0.20625 0.175781 0.000677159
0 0.80625 0.311719 0.151562 0.214062 0.000688547
0 0.256641 0.837109 0.283594 0.189844 0.000740696
0 0.843359 0.366016 0.100781 0.196094 0.000740948
0 0.741016 0.610937 0.225781 0.364062 0.000774684
0 0.773828 0.51875 0.244531 0.334375 0.000795675
0 0.332422 0.735547 0.132031 0.188281 0.00083294
0 0.841797 0.781641 0.141406 0.241406 0.0008705
0 0.832812 0.321875 0.0875 0.125 0.00100575
0 0.686719 0.725391 0.179688 0.316406 0.00123619
0 0.165625 0.817578 0.228125 0.224219 0.00125791
0 0.808203 0.882812 0.135156 0.164062 0.00136114
0 0.909375 0.633984 0.18125 0.725781 0.00145192
0 0.784766 0.823438 0.150781 0.209375 0.00146591
0 0.867969 0.896484 0.159375 0.203906 0.00156506
0 0.255859 0.570703 0.213281 0.402344 0.00167503
0 0.810156 0.605469 0.19375 0.320312 0.00180207
0 0.828125 0.378906 0.148438 0.289062 0.00203263
0 0.820312 0.914453 0.19375 0.164844 0.00222963
0 0.219141 0.778516 0.149219 0.163281 0.00280852
0 0.282813 0.375391 0.295312 0.394531 0.00302346
0 0.301562 0.323438 0.165625 0.246875 0.00310952
0 0.260547 0.690625 0.283594 0.364062 0.0041553
0 0.851562 0.453906 0.132812 0.279687 0.00433214
0 0.294531 0.772656 0.210938 0.207813 0.00467264
0 0.737891 0.875781 0.328906 0.248437 0.00468443
0 0.844531 0.525391 0.203125 0.622656 0.00490406
0 0.258984 0.463281 0.142969 0.214062 0.00541288
0 0.307422 0.538281 0.344531 0.715625 0.00660796
0 0.235547 0.473828 0.177344 0.350781 0.00675449
0 0.705469 0.8125 0.257812 0.264062 0.0073238
0 0.176953 0.71875 0.211719 0.321875 0.00901393
0 0.751953 0.729688 0.278906 0.429688 0.0229327
0 0.835938 0.854688 0.176563 0.259375 0.0252272
0 0.836328 0.713672 0.189844 0.502344 0.0257225
0 0.267578 0.382812 0.161719 0.29375 0.0430744
0 0.789844 0.608984 0.267188 0.689844 0.0830765
0 0.223438 0.787891 0.251563 0.208594 0.0909383
0 0.7875 0.813281 0.25 0.314063 0.102982
0 0.220703 0.560156 0.249219 0.623438 0.185548
