0 0.769922 0.246875 0.133594 0.196875 0.000100842
0 0.371875 0.286328 0.0609375 0.0992187 0.000102443
0 0.647266 0.176563 0.216406 0.24375 0.000104059
0 0.747266 0.281641 0.0851562 0.121094 0.000104903
0 0.766797 0.592969 0.147656 0.24375 0.000105738
0 0.116016 0.0660156 0.232031 0.130469 0.00010705
0 0.346875 0.237109 0.0625 0.100781 0.000107491
0 0.427344 0.116016 0.090625 0.113281 0.000107824
0 0.0273438 0.813672 0.0546875 0.367969 0.000108812
0 0.794922 0.344922 0.0945313 0.210156 0.000110167
0 0.315625 0.206641 0.354688 0.352344 0.000110634
0 0.429297 0.176953 0.0679687 0.0757812 0.000112887
0 0.532422 0.70625 0.405469 0.501562 0.000113199
0 0.758203 0.364453 0.107031 0.172656 0.000113502
0 0.103516 0.855078 0.207031 0.283594 0.000114176
0 0.965625 0.148438 0.06875 0.296875 0.000115492
0 0.323047 0.980078 0.244531 0.0398437 0.00011562
0 0.655859 0.301172 0.374219 0.563281 0.000118672
0 0.426562 0.282813 0.128125 0.195312 0.000118813
0 0.207031 0.876172 0.395312 0.247656 0.000120327
0 0.731641 0.190625 0.199219 0.203125 0.00012059
0 0.447266 0.239453 0.136719 0.164844 0.000123249
0 0.364844 0.591797 0.146875 0.166406 0.000134866
0 0.0261719 0.482422 0.0476562 0.474219 0.000137824
0 0.894531 0.229297 0.210938 0.458594 0.000139076
0 0.430078 0.213672 0.0648438 0.0773437 0.000139785
0 0.799219 0.46875 0.0765625 0.107813 0.000142787
0 0.351172 0.324609 0.108594 0.191406 0.000144625
0 0.352344 0.222266 0.0390625 0.0726563 0.000145163
0 0.328516 0.489453 0.124219 0.267969 0.000145779
0 0.700391 0.367188 0.0976562 0.189063 0.000146721
0 0.365234 0.231641 0.0992187 0.180469 0.000149445
0 0.520312 0.541016 0.351562 0.346094 0.000149565
0 0.725391 0.528125 0.141406 0.240625 0.000149603
0 0.405078 0.323438 0.127344 0.192188 0.000158388
0 0.0605469 0.816797 0.121094 0.366406 0.000163247
0 0.405469 0.427344 0.146875 0.254687 0.000170459
0 0.446875 0.46875 0.132812 0.25625 0.000173954
0 0.368359 0.321094 0.0726563 0.09375 0.000176053
0 0.431641 0.788281 0.303906 0.409375 0.000177082
0 0.600781 0.0367187 0.334375 0.0734375 0.000184763
0 0.457422 0.558594 0.182031 0.240625 0.000188921
0 0.329688 0.6375 0.228125 0.248437 0.000189681
0 0.763672 0.283203 0.0601562 0.0820312 0.00019163
0 0.85625 0.0371094 0.2875 0.0742188 0.000200498
0 0.791797 0.266797 0.0414063 0.0742188 0.000202756
0 0.813281 0.394922 0.290625 0.635156 0.000205682
0 0.357812 0.218359 0.0609375 0.0945313 0.000210389
0 0.276172 0.971484 0.344531 0.0570313 0.000211464
0 0.683203 0.466797 0.127344 0.266406 0.000212878
0 0.427734 0.157813 0.103906 0.135937 0.00022238
0 0.387109 0.301562 0.0648438 0.090625 0.000229796
0 0.491016 0.376953 0.269531 0.538281 0.00024115
0 0.0324219 0.521094 0.0632813 0.770312 0.000242279
0 0.716016 0.673047 0.350781 0.425781 0.000243106
0 0.690234 0.0628906 0.425781 0.125781 0.000251512
0 0.369531 0.875 0.3375 0.246875 0.000253132
0 0.408594 0.189063 0.146875 0.190625 0.000258883
0 0.812891 0.529688 0.0945313 0.273438 0.000261173
0 0.301172 0.792969 0.416406 0.4125 0.000262367
0 0.73125 0.108984 0.423438 0.217969 0.0002628
0 0.428125 0.196875 0.090625 0.114063 0.000301835
0 0.926172 0.108203 0.146094 0.216406 0.000314924
0 0.457422 0.475781 0.214844 0.384375 0.000318912
0 0.673437 0.304688 0.207813 0.34375 0.000325355
0 0.776953 0.282422 0.0992187 0.155469 0.00035996
0 0.369922 0.493359 0.188281 0.205469 0.000361913
0 0.440625 0.153906 0.153125 0.203125 0.000369945
0 0.78125 0.532812 0.134375 0.210938 0.000386079
0 0.3 0.477734 0.184375 0.427344 0.00039003
0 0.329297 0.407813 0.0992187 0.234375 0.000395966
0 0.722656 0.411328 0.126563 0.253906 0.000426157
0 0.344531 0.954687 0.35 0.090625 0.000469651
0 0.710938 0.194531 0.323438 0.3125 0.000490317
0 0.783594 0.281641 0.0640625 0.0976562 0.000546756
0 0.805078 0.189844 0.377344 0.375 0.000598144
0 0.404297 0.534766 0.191406 0.208594 0.000605077
0 0.771094 0.651172 0.207813 0.314844 0.000615902
0 0.436328 0.230859 0.182031 0.286719 0.000617712
0 0.384766 0.299609 0.0945313 0.135156 0.000622396
0 0.373437 0.285937 0.160938 0.296875 0.000630302
0 0.767969 0.322266 0.139062 0.269531 0.000673756
0 0.331641 0.559375 0.175781 0.215625 0.000698744
0 0.805859 0.071875 0.375781 0.14375 0.000700658
0 0.798828 0.471484 0.103906 0.225781 0.00080402
0 0.548828 0.0691406 0.307031 0.138281 0.000804349
0 0.688281 0.526563 0.248437 0.365625 0.000806239
0 0.805078 0.397266 0.172656 0.522656 0.000841502
0 0.476172 0.1375 0.255469 0.25625 0.000865508
0 0.367188 0.386328 0.142188 0.233594 0.000866483
0 0.858984 0.130078 0.282031 0.260156 0.000881187
0 0.758594 0.471484 0.146875 0.257031 0.000899744
0 0.376172 0.682422 0.296094 0.396094 0.000914593
0 0.616406 0.123047 0.384375 0.246094 0.00156478
0 0.427734 0.278125 0.230469 0.454688 0.00163946
0 0.73125 0.332422 0.220313 0.461719 0.00164073
0 0.404297 0.593359 0.255469 0.277344 0.00217104
0 0.7625 0.577344 0.282813 0.440625 0.00336849
0 0.339063 0.400391 0.175 0.435156 0.00343234
0 0.714453 0.444922 0.185156 0.364844 0.00374798
0 0.373047 0.5125 0.242969 0.332812 0.00834642
0 0.79375 0.558984 0.146875 0.364844 0.0089616
0 0.753125 0.467578 0.207813 0.508594 0.352705
0 0.394141 0.394922 0.246094 0.528906 0.404709
