0 0.738281 0.410937 0.192188 0.157813 0.00010172
0 0.871875 0.562109 0.148438 0.235156 0.000105621
0 0.716406 0.449609 0.134375 0.141406 0.000112581
0 0.0484375 0.560156 0.096875 0.6625 0.000119439
0 0.344922 0.422656 0.0773437 0.103125 0.000122569
0 0.445312 0.330859 0.215625 0.211719 0.000123828
0 0.364453 0.488281 0.138281 0.176563 0.000124778
0 0.325781 0.404297 0.08125 0.103906 0.000126244
0 0.621484 0.442578 0.132031 0.177344 0.00012774
0 0.765234 0.853906 0.372656 0.2875 0.000127978
0 0.447266 0.655469 0.202344 0.201562 0.000134896
0 0.269531 0.573047 0.096875 0.253906 0.000138341
0 0.422656 0.772656 0.3875 0.359375 0.000139031
0 0.721094 0.590625 0.139062 0.2125 0.00014295
0 0.325391 0.510547 0.147656 0.172656 0.000147821
0 0.771094 0.345313 0.176563 0.229687 0.000160019
0 0.290625 0.400781 0.190625 0.232812 0.00017202
0 0.361328 0.404687 0.0773437 0.096875 0.000172112
0 0.703125 0.636328 0.198437 0.250781 0.000180643
0 0.841406 0.494922 0.139062 0.207031 0.000187039
0 0.446875 0.510938 0.140625 0.25 0.000194675
0 0.380078 0.342578 0.178906 0.208594 0.000204933
0 0.0242187 0.605859 0.046875 0.499219 0.000207718
0 0.503906 0.612891 0.36875 0.464844 0.000218665
0 0.799609 0.447266 0.144531 0.155469 0.000219951
0 0.805469 0.382422 0.0703125 0.0773437 0.000227006
0 0.405859 0.447656 0.180469 0.189063 0.000227606
0 0.801562 0.653516 0.215625 0.188281 0.000231072
0 0.771484 0.767187 0.282031 0.342187 0.000244587
0 0.214453 0.874609 0.349219 0.250781 0.000251212
0 0.0339844 0.710547 0.0679687 0.578906 0.00025637
0 0.803516 0.407031 0.175781 0.320312 0.000271403
0 0.306641 0.448438 0.128906 0.229687 0.000273492
0 0.389844 0.710156 0.273438 0.276563 0.000299734
0 0.660547 0.507031 0.139844 0.276563 0.000306592
0 0.837891 0.612109 0.200781 0.171094 0.000306704
0 0.320703 0.369922 0.119531 0.119531 0.000307764
0 0.425781 0.595312 0.201562 0.209375 0.000314795
0 0.383984 0.551172 0.183594 0.197656 0.000318499
0 0.705469 0.326172 0.232812 0.252344 0.000318921
0 0.343359 0.675781 0.210156 0.192188 0.000336778
0 0.311328 0.891797 0.244531 0.211719 0.000356693
0 0.0960938 0.641406 0.192188 0.717188 0.000368452
0 0.360547 0.388672 0.125781 0.141406 0.000371268
0 0.544141 0.390234 0.346094 0.355469 0.000371526
0 0.762891 0.571875 0.149219 0.185937 0.000375788
0 0.825781 0.552344 0.14375 0.19375 0.000377942
0 0.245703 0.524609 0.357031 0.480469 0.000478656
0 0.675391 0.446484 0.150781 0.171094 0.000478874
0 0.307031 0.613672 0.134375 0.271094 0.000582244
0 0.339844 0.573047 0.146875 0.257031 0.00059453
0 0.740234 0.470313 0.213281 0.198437 0.000616735
0 0.342969 0.422656 0.128125 0.15625 0.000646623
0 0.303125 0.79375 0.240625 0.376563 0.000662959
0 0.817969 0.694531 0.253125 0.35625 0.000709344
0 0.239063 0.696875 0.279687 0.5375 0.000720892
0 0.699219 0.530078 0.139062 0.264844 0.00075203
0 0.622266 0.474609 0.247656 0.419531 0.00088659
0 0.365625 0.615625 0.223438 0.2125 0.0009
0 0.285547 0.680469 0.147656 0.26875 0.000952051
0 0.736719 0.416016 0.289062 0.366406 0.00106954
0 0.421094 0.4 0.26875 0.284375 0.00110009
0 0.453906 0.565234 0.196875 0.363281 0.0011637
0 0.357422 0.407422 0.191406 0.232031 0.00120773
0 0.613672 0.396484 0.178906 0.263281 0.00122289
0 0.455469 0.48125 0.298438 0.539062 0.00149665
0 0.765234 0.614453 0.235156 0.182031 0.00156074
0 0.276563 0.550391 0.184375 0.377344 0.00159994
0 0.325781 0.449609 0.28125 0.433594 0.00167614
0 0.330859 0.671484 0.316406 0.417969 0.00197377
0 0.748828 0.637891 0.311719 0.452344 0.00205981
0 0.766406 0.536328 0.234375 0.219531 0.00220078
0 0.652344 0.438281 0.18125 0.275 0.00229148
0 0.830859 0.523047 0.202344 0.296094 0.00282864
0 0.419531 0.634766 0.282813 0.316406 0.00400653
0 0.676172 0.527344 0.232031 0.345313 0.00538356
0 0.328906 0.601562 0.21875 0.354688 0.0113741
0 0.796875 0.595703 0.267188 0.289844 0.0126633
0 0.765625 0.513672 0.298438 0.355469 0.29555
0 0.378125 0.536328 0.2875 0.471094 0.437195
