0 0.941406 0.225 0.117188 0.360938 0.00010281
0 0.677344 0.860937 0.179688 0.201562 0.000103306
0 0.333594 0.473437 0.207813 0.298438 0.000104534
0 0.302734 0.653125 0.117969 0.164062 0.000105056
0 0.720703 0.596094 0.0867188 0.115625 0.000105479
0 0.2 0.860156 0.335938 0.234375 0.000106924
0 0.8125 0.233984 0.351562 0.452344 0.00010804
0 0.432031 0.930078 0.46875 0.119531 0.000112724
0 0.897266 0.132031 0.205469 0.264062 0.000115311
0 0.678906 0.345313 0.145313 0.171875 0.000116255
0 0.721484 0.530078 0.130469 0.258594 0.000116348
0 0.345703 0.389453 0.191406 0.275781 0.000122612
0 0.335938 0.283594 0.09375 0.090625 0.000124493
0 0.323828 0.310547 0.127344 0.150781 0.000129544
0 0.971484 0.767578 0.0570313 0.457031 0.000141698
0 0.238281 0.529688 0.210938 0.195312 0.000150955
0 0.897656 0.0578125 0.204688 0.115625 0.000154245
0 0.551172 0.846484 0.0867188 0.105469 0.000156182
0 0.716797 0.555078 0.0960938 0.128906 0.000156427
0 0.676172 0.655078 0.183594 0.205469 0.000161217
0 0.950781 0.695312 0.0921875 0.609375 0.000197956
0 0.219531 0.765625 0.359375 0.30625 0.000198523
0 0.969922 0.567578 0.0585938 0.685156 0.000202145
0 0.576563 0.776172 0.221875 0.327344 0.000203355
0 0.702344 0.908203 0.2 0.177344 0.000242712
0 0.141797 0.769141 0.232031 0.221094 0.000264146
0 0.65 0.475781 0.239063 0.398438 0.00029332
0 0.326953 0.598437 0.197656 0.590625 0.000305706
0 0.302734 0.641797 0.188281 0.361719 0.000324035
0 0.629297 0.655469 0.246094 0.35 0.000327997
0 0.657422 0.801953 0.177344 0.197656 0.000338227
0 0.608594 0.847656 0.221875 0.201562 0.00050242
0 0.267578 0.683203 0.310156 0.399219 0.000536435
0 0.288281 0.404687 0.23125 0.325 0.000547436
0 0.569531 0.84375 0.14375 0.14375 0.000587703
0 0.744922 0.766797 0.205469 0.466406 0.000756361
0 0.675 0.575781 0.215625 0.326562 0.00095962
0 0.168359 0.677344 0.294531 0.465625 0.0010938
0 0.257031 0.489453 0.267188 0.389844 0.00128967
0 0.627734 0.572266 0.313281 0.711719 0.00150443
0 0.717969 0.614062 0.140625 0.251563 0.00210887
0 0.654688 0.833594 0.260938 0.289062 0.00364163
0 0.203125 0.570703 0.2875 0.413281 0.0043758
0 0.721484 0.640625 0.183594 0.496875 0.00488614
0 0.675 0.720312 0.264062 0.523438 0.272645
0 0.237891 0.555469 0.391406 0.625 0.383312
