0 0.178125 0.616797 0.0859375 0.111719 0.000101402
0 0.737891 0.200391 0.0820312 0.0820312 0.000105029
0 0.702344 0.135937 0.409375 0.271875 0.000107555
0 0.611719 0.402734 0.135937 0.157031 0.000108331
0 0.417578 0.232031 0.0945313 0.164062 0.000110948
0 0.783203 0.346875 0.111719 0.165625 0.000117883
0 0.197266 0.285547 0.0632813 0.0789063 0.000118141
0 0.676953 0.472656 0.139844 0.129688 0.000120068
0 0.164453 0.576953 0.116406 0.208594 0.000120972
0 0.764453 0.430078 0.0882813 0.110156 0.000126682
0 0.739062 0.198828 0.0546875 0.0617188 0.000127018
0 0.344141 0.300781 0.186719 0.235938 0.000128946
0 0.439844 0.195312 0.104687 0.165625 0.000129211
0 0.187891 0.795313 0.250781 0.1875 0.000132445
0 0.737109 0.230469 0.125781 0.15 0.000137028
0 0.302344 0.490234 0.171875 0.185156 0.000137207
0 0.8 0.391797 0.1125 0.197656 0.000144581
0 0.299219 0.634375 0.15 0.185937 0.000146844
0 0.769922 0.234766 0.0960938 0.117969 0.000148239
0 0.263281 0.278125 0.203125 0.217187 0.000150533
0 0.174609 0.361328 0.127344 0.189844 0.000154226
0 0.263281 0.794531 0.376563 0.234375 0.000162519
0 0.802344 0.758203 0.145313 0.161719 0.00016563
0 0.174609 0.432813 0.135156 0.175 0.00016709
0 0.767578 0.275391 0.135156 0.183594 0.000169521
0 0.696094 0.655078 0.153125 0.172656 0.000177721
0 0.828516 0.689844 0.177344 0.310937 0.000188634
0 0.730469 0.276953 0.28125 0.314844 0.000192436
0 0.220313 0.28125 0.13125 0.15625 0.000194578
0 0.175781 0.657031 0.0875 0.114063 0.000201314
0 0.764063 0.46875 0.090625 0.1125 0.000205631
0 0.307031 0.471094 0.304688 0.451562 0.000206562
0 0.639063 0.228906 0.190625 0.189063 0.000245342
0 0.785547 0.698438 0.144531 0.221875 0.000253607
0 0.216797 0.470703 0.208594 0.196094 0.000255679
0 0.195703 0.300391 0.0929687 0.114844 0.000285028
0 0.279297 0.596094 0.141406 0.151562 0.000327476
0 0.659766 0.508594 0.180469 0.171875 0.000345839
0 0.322266 0.394922 0.199219 0.321094 0.000357582
0 0.808203 0.623047 0.285156 0.442969 0.000390722
0 0.623828 0.477734 0.139844 0.160156 0.00040018
0 0.30625 0.690234 0.214062 0.227344 0.000405172
0 0.192188 0.316797 0.129688 0.185156 0.000406212
0 0.783594 0.449219 0.0890625 0.1125 0.000411551
0 0.680078 0.577344 0.183594 0.204688 0.000414543
0 0.722656 0.450391 0.15 0.158594 0.000428842
0 0.705078 0.240234 0.203906 0.192969 0.000433231
0 0.201172 0.695703 0.196094 0.177344 0.000466827
0 0.661719 0.755469 0.398438 0.207813 0.000470272
0 0.234766 0.65 0.152344 0.190625 0.000510631
0 0.663281 0.401563 0.275 0.296875 0.000533129
0 0.663672 0.723047 0.257031 0.210156 0.000540474
0 0.642578 0.636328 0.177344 0.191406 0.000556557
0 0.159766 0.716406 0.149219 0.234375 0.000556892
0 0.808984 0.460547 0.285156 0.371094 0.000593071
0 0.146484 0.635938 0.100781 0.242188 0.000658247
0 0.746875 0.408203 0.15 0.235156 0.000712419
0 0.778906 0.595312 0.160938 0.190625 0.000744281
0 0.258594 0.555859 0.259375 0.217969 0.000780327
0 0.135547 0.600391 0.152344 0.350781 0.000787474
0 0.797266 0.50625 0.132031 0.225 0.000810065
0 0.133203 0.478516 0.138281 0.291406 0.000821363
0 0.259375 0.361719 0.301562 0.423438 0.00088331
0 0.758594 0.657031 0.207813 0.196875 0.000962681
0 0.196875 0.532422 0.15 0.260156 0.000991951
0 0.158594 0.487109 0.134375 0.202344 0.00101168
0 0.215234 0.335156 0.216406 0.273438 0.00117595
0 0.309375 0.54375 0.21875 0.309375 0.00141187
0 0.230078 0.734766 0.283594 0.261719 0.00177893
0 0.801562 0.397266 0.148438 0.302344 0.0020863
0 0.762891 0.739844 0.271094 0.223438 0.0026012
0 0.740625 0.527344 0.229687 0.2 0.00267036
0 0.703906 0.472266 0.240625 0.185156 0.00267296
0 0.169922 0.410937 0.158594 0.309375 0.00269482
0 0.717969 0.616016 0.235938 0.210156 0.00308208
0 0.221094 0.599609 0.1875 0.207031 0.00364002
0 0.791016 0.559766 0.182031 0.389844 0.0045465
0 0.182812 0.636328 0.125 0.216406 0.00489962
0 0.666016 0.605078 0.249219 0.302344 0.00516378
0 0.198047 0.444922 0.225781 0.439844 0.00680458
0 0.164844 0.527344 0.16875 0.364062 0.00816756
0 0.780469 0.449219 0.145313 0.190625 0.00917841
0 0.71875 0.398047 0.290625 0.436719 0.0238981
0 0.185156 0.612109 0.176563 0.317969 0.0249082
0 0.722656 0.68125 0.307813 0.296875 0.0355132
0 0.255469 0.642969 0.276563 0.259375 0.0474713
0 0.758594 0.461719 0.207813 0.26875 0.095529
0 0.721484 0.559375 0.285156 0.426562 0.140032
0 0.229297 0.55 0.272656 0.398438 0.216418
