0 0.683984 0.426562 0.136719 0.175 0.000113163
0 0.301953 0.95625 0.399219 0.0875 0.000117162
0 0.389844 0.105078 0.39375 0.210156 0.000118452
0 0.755859 0.640625 0.188281 0.217187 0.000126158
0 0.0957031 0.892969 0.0835937 0.16875 0.000126347
0 0.144141 0.885938 0.0914062 0.107813 0.000127236
0 0.696875 0.344531 0.065625 0.090625 0.000132505
0 0.240234 0.446875 0.144531 0.195312 0.000135777
0 0.756641 0.424609 0.325781 0.442969 0.000141844
0 0.692187 0.35 0.13125 0.153125 0.000143887
0 0.612891 0.323438 0.153906 0.157813 0.000150659
0 0.760938 0.969141 0.173438 0.0617188 0.000153233
0 0.720312 0.594922 0.139062 0.117969 0.000154712
0 0.280859 0.422266 0.132031 0.147656 0.000162785
0 0.705859 0.405859 0.0679687 0.102344 0.000172469
0 0.192188 0.926562 0.235938 0.1375 0.000179965
0 0.174219 0.488672 0.203125 0.380469 0.000186085
0 0.745703 0.412891 0.178906 0.364844 0.000211529
0 0.268359 0.692187 0.253906 0.260938 0.000216916
0 0.690625 0.665625 0.276563 0.190625 0.000227284
0 0.119531 0.852344 0.0640625 0.107813 0.000230314
0 0.325781 0.330859 0.126563 0.135156 0.000245217
0 0.307422 0.731641 0.197656 0.166406 0.00025556
0 0.203906 0.788672 0.259375 0.328906 0.000312859
0 0.117188 0.919922 0.06875 0.0960938 0.000318951
0 0.175 0.862891 0.195312 0.210156 0.000320002
0 0.28125 0.414453 0.203125 0.277344 0.00034711
0 0.638672 0.610937 0.177344 0.167187 0.000362588
0 0.681641 0.525391 0.153906 0.242969 0.0003676
0 0.735937 0.590625 0.296875 0.3875 0.000395042
0 0.11875 0.837109 0.0953125 0.233594 0.000395132
0 0.300781 0.600781 0.253125 0.364062 0.000400752
0 0.326562 0.478125 0.2625 0.5125 0.000419784
0 0.633984 0.443359 0.241406 0.444531 0.000449284
0 0.605859 0.537891 0.144531 0.247656 0.000450884
0 0.21875 0.510938 0.142188 0.279687 0.000466996
0 0.698828 0.352344 0.0445312 0.0625 0.000485204
0 0.325781 0.374219 0.173438 0.226562 0.000530638
0 0.716406 0.595312 0.221875 0.160938 0.000592474
0 0.701172 0.373047 0.0851562 0.128906 0.000661692
0 0.739062 0.546484 0.1375 0.203906 0.000667497
0 0.257812 0.684375 0.328125 0.432813 0.000699954
0 0.720703 0.430469 0.116406 0.209375 0.000865939
0 0.703516 0.36875 0.0601562 0.0859375 0.00121291
0 0.135547 0.885547 0.124219 0.189844 0.00126948
0 0.749219 0.547656 0.179688 0.325 0.00156624
0 0.184766 0.613281 0.241406 0.573438 0.00175525
0 0.695703 0.418359 0.166406 0.310156 0.00285181
0 0.6875 0.591797 0.270312 0.257031 0.00440497
0 0.122266 0.8875 0.0804688 0.139062 0.00682117
0 0.721484 0.488281 0.149219 0.26875 0.0114878
0 0.694922 0.486719 0.230469 0.360938 0.389805
0 0.252344 0.520703 0.278125 0.488281 0.445825
