0 0.233594 0.275781 0.096875 0.146875 0.000101306
0 0.675391 0.963672 0.0929687 0.0726563 0.000104353
0 0.790234 0.215234 0.392969 0.397656 0.00010703
0 0.735547 0.892187 0.246094 0.214062 0.000107807
0 0.268359 0.228125 0.110156 0.148438 0.000111779
0 0.616797 0.151953 0.110156 0.130469 0.000112713
0 0.714063 0.967188 0.11875 0.065625 0.000118544
0 0.717578 0.461328 0.146094 0.250781 0.000119307
0 0.299609 0.695703 0.114844 0.128906 0.000121276
0 0.096875 0.0511719 0.19375 0.0960938 0.000122527
0 0.478125 0.795313 0.479688 0.409375 0.000125278
0 0.976953 0.808594 0.0460938 0.382812 0.00012592
0 0.589453 0.891016 0.214844 0.182031 0.000126568
0 0.650391 0.713281 0.328906 0.496875 0.000126917
0 0.637891 0.542578 0.267969 0.641406 0.000129401
0 0.189453 0.688672 0.117969 0.246094 0.000130461
0 0.326953 0.569922 0.105469 0.163281 0.00013531
0 0.0296875 0.813281 0.05625 0.373437 0.000138829
0 0.0730469 0.1875 0.146094 0.375 0.000140192
0 0.258203 0.555078 0.142969 0.172656 0.000144171
0 0.443359 0.321094 0.374219 0.635938 0.000148058
0 0.967188 0.560547 0.0625 0.817969 0.000150069
0 0.679688 0.698047 0.14375 0.185156 0.000151923
0 0.394531 0.541406 0.38125 0.760938 0.000154614
0 0.637891 0.982813 0.0898438 0.034375 0.000154715
0 0.260547 0.294141 0.155469 0.247656 0.000163148
0 0.221484 0.354688 0.0898438 0.151562 0.000166968
0 0.218359 0.655859 0.0898438 0.100781 0.00017019
0 0.184375 0.0398437 0.3375 0.0796875 0.000177935
0 0.621094 0.964844 0.0921875 0.0703125 0.000179553
0 0.266406 0.06875 0.410937 0.134375 0.000180998
0 0.0691406 0.102734 0.136719 0.199219 0.00018509
0 0.261328 0.207031 0.417969 0.392188 0.000191868
0 0.215625 0.525781 0.10625 0.21875 0.000193129
0 0.187891 0.615625 0.152344 0.39375 0.00022912
0 0.344531 0.553516 0.240625 0.500781 0.000240458
0 0.249219 0.386719 0.139062 0.270312 0.0002475
0 0.0351562 0.441016 0.0671875 0.649219 0.000247941
0 0.104297 0.532812 0.208594 0.934375 0.00025224
0 0.659766 0.644141 0.185156 0.353906 0.000280236
0 0.725 0.95 0.228125 0.1 0.000304004
0 0.754687 0.699609 0.096875 0.172656 0.00030818
0 0.298828 0.591016 0.0789063 0.100781 0.00031067
0 0.138672 0.197656 0.277344 0.395312 0.000313701
0 0.325391 0.555469 0.160156 0.31875 0.000314636
0 0.758594 0.75625 0.107813 0.210938 0.000326009
0 0.717969 0.566406 0.15625 0.35625 0.000327524
0 0.251172 0.634375 0.272656 0.328125 0.000358216
0 0.239063 0.692578 0.167187 0.175781 0.000361664
0 0.694141 0.978906 0.191406 0.0421875 0.000442696
0 0.200391 0.121875 0.400781 0.2375 0.000465383
0 0.564844 0.864453 0.421875 0.271094 0.000490614
0 0.0515625 0.55625 0.103125 0.8875 0.000564061
0 0.741406 0.652734 0.120312 0.239844 0.000608386
0 0.640625 0.821094 0.265625 0.340625 0.000667236
0 0.144922 0.075 0.288281 0.146875 0.000718319
0 0.511328 0.518359 0.452344 0.963281 0.000725407
0 0.635938 0.978125 0.145313 0.04375 0.000736911
0 0.262891 0.485938 0.183594 0.332812 0.000758528
0 0.651953 0.95 0.0945313 0.1 0.000825169
0 0.298438 0.673047 0.157813 0.199219 0.000886234
0 0.299219 0.615625 0.115625 0.189063 0.000928517
0 0.212891 0.644922 0.121094 0.203906 0.00152718
0 0.724609 0.710938 0.147656 0.223438 0.00173509
0 0.595312 0.963281 0.234375 0.0734375 0.00196307
0 0.672656 0.914844 0.201562 0.170312 0.00225092
0 0.230859 0.585938 0.144531 0.257812 0.00250274
0 0.566797 0.921094 0.349219 0.153125 0.00389182
0 0.673437 0.959766 0.179688 0.0804688 0.00450469
0 0.2625 0.633594 0.184375 0.23125 0.0064931
0 0.631641 0.942578 0.230469 0.114844 0.0185395
