0 0.319531 0.280078 0.129688 0.149219 0.000101567
0 0.590234 0.567578 0.0945313 0.182031 0.000106549
0 0.258594 0.3375 0.0875 0.110937 0.000106917
0 0.158984 0.584375 0.110156 0.182812 0.000107522
0 0.668359 0.2375 0.160156 0.146875 0.000109206
0 0.0617188 0.616016 0.123438 0.767969 0.000109406
0 0.305078 0.554297 0.0867188 0.110156 0.000112216
0 0.724219 0.410547 0.132812 0.244531 0.00011372
0 0.739453 0.320703 0.147656 0.228906 0.000119816
0 0.722656 0.512891 0.0828125 0.108594 0.000120902
0 0.302734 0.407031 0.108594 0.203125 0.000122237
0 0.165234 0.492578 0.105469 0.210156 0.000123424
0 0.198828 0.345313 0.0867188 0.114063 0.0001253
0 0.240625 0.222656 0.1125 0.148438 0.00012913
0 0.182812 0.536328 0.296875 0.466406 0.000129841
0 0.7375 0.666406 0.125 0.121875 0.000135153
0 0.617578 0.594922 0.0882813 0.110156 0.00013543
0 0.192188 0.530078 0.090625 0.102344 0.000139619
0 0.720312 0.613281 0.135937 0.129688 0.000162265
0 0.621094 0.443359 0.14375 0.235156 0.000171591
0 0.302734 0.511719 0.0835937 0.0953125 0.000177824
0 0.794531 0.654297 0.0921875 0.100781 0.000181575
0 0.757031 0.452344 0.1375 0.215625 0.000191273
0 0.794531 0.610547 0.126563 0.182031 0.000198221
0 0.660156 0.533594 0.145313 0.209375 0.000201551
0 0.176172 0.549609 0.0867188 0.108594 0.000207624
0 0.741797 0.530469 0.0867188 0.109375 0.000225808
0 0.274219 0.361719 0.126563 0.196875 0.000228288
0 0.679688 0.322266 0.23125 0.346094 0.00023601
0 0.809766 0.533594 0.285156 0.36875 0.000236462
0 0.304688 0.5875 0.128125 0.129688 0.000247371
0 0.202344 0.283203 0.0828125 0.0914062 0.000257953
0 0.763672 0.638281 0.111719 0.0828125 0.000260492
0 0.616797 0.621094 0.122656 0.16875 0.000262255
0 0.33125 0.401563 0.165625 0.396875 0.000303318
0 0.652734 0.592578 0.0898438 0.102344 0.000305557
0 0.255469 0.266406 0.0859375 0.1125 0.000357363
0 0.233984 0.382422 0.136719 0.235156 0.000365015
0 0.624609 0.267188 0.0945313 0.110937 0.000372306
0 0.280469 0.449609 0.1375 0.269531 0.000380992
0 0.222266 0.321484 0.0914062 0.113281 0.000386706
0 0.681641 0.470703 0.250781 0.211719 0.000397333
0 0.272656 0.3 0.0859375 0.090625 0.000466997
0 0.271875 0.58125 0.209375 0.165625 0.000468486
0 0.701953 0.636719 0.241406 0.165625 0.000469905
0 0.280859 0.205078 0.155469 0.128906 0.000487635
0 0.181641 0.385156 0.102344 0.2375 0.000519447
0 0.328125 0.559766 0.129688 0.171094 0.000559656
0 0.762891 0.634766 0.142969 0.138281 0.000575464
0 0.239453 0.468359 0.142969 0.250781 0.000619148
0 0.653906 0.607422 0.135937 0.144531 0.000630036
0 0.632812 0.267969 0.135937 0.160938 0.000694305
0 0.331641 0.485938 0.125781 0.24375 0.000700374
0 0.261719 0.511328 0.145313 0.150781 0.000731663
0 0.215234 0.512891 0.136719 0.161719 0.000767222
0 0.207422 0.283203 0.124219 0.141406 0.000777626
0 0.308594 0.228906 0.176563 0.190625 0.000818133
0 0.780859 0.555859 0.0820312 0.111719 0.000856681
0 0.704297 0.548828 0.150781 0.203906 0.000943938
0 0.178516 0.549219 0.124219 0.157813 0.00106521
0 0.286328 0.303906 0.180469 0.192188 0.00120772
0 0.742969 0.588281 0.196875 0.185937 0.00136996
0 0.626953 0.571875 0.139844 0.1875 0.00145223
0 0.75 0.411719 0.16875 0.392188 0.0021372
0 0.726562 0.494531 0.140625 0.223438 0.00217213
0 0.264453 0.292969 0.286719 0.371875 0.00243265
0 0.203125 0.342187 0.126563 0.204688 0.00273684
0 0.241797 0.298438 0.0882813 0.09375 0.00274216
0 0.799219 0.539453 0.151562 0.286719 0.00306219
0 0.298828 0.524609 0.160156 0.199219 0.00364238
0 0.191797 0.474219 0.142969 0.292188 0.00678446
0 0.253516 0.299609 0.125781 0.133594 0.00757078
0 0.66875 0.596875 0.2125 0.185937 0.00814928
0 0.259766 0.250391 0.178906 0.207031 0.00871324
0 0.251172 0.435156 0.274219 0.440625 0.00998861
0 0.760156 0.529688 0.140625 0.23125 0.0152554
0 0.233984 0.524609 0.224219 0.217969 0.0194175
0 0.694531 0.439453 0.267188 0.469531 0.0337189
0 0.228125 0.299609 0.145313 0.213281 0.048353
0 0.226172 0.379297 0.174219 0.371094 0.0606309
0 0.723828 0.523828 0.225781 0.291406 0.203362
