0 0.745703 0.48125 0.0804688 0.0890625 0.000101208
0 0.7375 0.653906 0.323438 0.320312 0.000112035
0 0.800781 0.410547 0.090625 0.114844 0.000112555
0 0.301562 0.488281 0.109375 0.239063 0.000115748
0 0.703906 0.551953 0.132812 0.230469 0.000116531
0 0.821875 0.426562 0.0890625 0.103125 0.000124453
0 0.821484 0.318359 0.0882813 0.164844 0.000125496
0 0.332422 0.245312 0.111719 0.146875 0.000126592
0 0.729688 0.226562 0.120312 0.15625 0.000128365
0 0.362109 0.344922 0.163281 0.235156 0.000129171
0 0.991797 0.448047 0.0164062 0.244531 0.000129684
0 0.985156 0.728125 0.0296875 0.385938 0.000131403
0 0.360938 0.202734 0.0890625 0.0945313 0.000132501
0 0.805078 0.321875 0.0742188 0.101562 0.000140986
0 0.974609 0.485156 0.0507812 0.585938 0.000148786
0 0.449609 0.434766 0.108594 0.205469 0.000153496
0 0.346484 0.665625 0.200781 0.192188 0.000156464
0 0.428906 0.38125 0.1125 0.157813 0.000156713
0 0.424219 0.491797 0.110937 0.164844 0.000163073
0 0.455859 0.2375 0.100781 0.176563 0.000166306
0 0.803125 0.610156 0.0890625 0.115625 0.000168009
0 0.784766 0.261719 0.0914062 0.15 0.00017511
0 0.386719 0.300781 0.109375 0.171875 0.000177692
0 0.423828 0.634375 0.138281 0.153125 0.000180425
0 0.836719 0.445312 0.0984375 0.164062 0.000182048
0 0.685547 0.2875 0.110156 0.184375 0.000187688
0 0.430859 0.155469 0.130469 0.11875 0.000195122
0 0.853906 0.573047 0.121875 0.225781 0.000196012
0 0.710938 0.400391 0.15625 0.260156 0.000205815
0 0.721875 0.170703 0.148438 0.153906 0.000206998
0 0.867578 0.562891 0.160156 0.435156 0.000228711
0 0.767187 0.36875 0.11875 0.214062 0.000229845
0 0.984375 0.480859 0.03125 0.466406 0.00027406
0 0.300781 0.308203 0.0703125 0.114844 0.000276449
0 0.711719 0.480469 0.153125 0.215625 0.000310845
0 0.270703 0.671875 0.0960938 0.1625 0.000311429
0 0.333203 0.617188 0.282031 0.315625 0.000332242
0 0.357031 0.440625 0.182812 0.46875 0.000351198
0 0.744922 0.484375 0.119531 0.164062 0.000360467
0 0.778516 0.432031 0.0882813 0.1125 0.000367453
0 0.359766 0.272656 0.124219 0.175 0.000388494
0 0.691797 0.613281 0.150781 0.2 0.000402941
0 0.802734 0.285156 0.0835937 0.134375 0.000422422
0 0.307813 0.370703 0.10625 0.277344 0.000428519
0 0.327344 0.300391 0.110937 0.166406 0.000471987
0 0.450781 0.350781 0.096875 0.171875 0.000499037
0 0.401563 0.251563 0.159375 0.220313 0.000506037
0 0.835156 0.511328 0.11875 0.217969 0.000527566
0 0.383203 0.595312 0.155469 0.173438 0.000543499
0 0.826953 0.607813 0.283594 0.364062 0.000684174
0 0.817578 0.405859 0.119531 0.172656 0.00074138
0 0.423047 0.452734 0.132031 0.291406 0.000775648
0 0.288672 0.566797 0.138281 0.311719 0.000833635
0 0.687109 0.147656 0.124219 0.114063 0.00089074
0 0.414453 0.367578 0.147656 0.260156 0.00101302
0 0.410937 0.544141 0.14375 0.258594 0.00103863
0 0.748438 0.361719 0.171875 0.314063 0.00109919
0 0.308203 0.485156 0.139844 0.392188 0.00110831
0 0.845703 0.641406 0.141406 0.214062 0.00121642
0 0.761328 0.460938 0.0835937 0.09375 0.00121915
0 0.803906 0.346875 0.104687 0.2375 0.00156574
0 0.437109 0.300391 0.127344 0.214844 0.00183015
0 0.807813 0.568359 0.0796875 0.0882813 0.00223763
0 0.789844 0.478125 0.264062 0.46875 0.0025592
0 0.357422 0.565625 0.196094 0.264062 0.00304868
0 0.826172 0.444141 0.155469 0.383594 0.00323045
0 0.746875 0.527734 0.184375 0.289844 0.00408924
0 0.323438 0.612891 0.18125 0.232031 0.00411863
0 0.754297 0.441797 0.124219 0.144531 0.00477823
0 0.823047 0.571484 0.116406 0.142969 0.00715483
0 0.757031 0.607422 0.217187 0.216406 0.008033
0 0.770703 0.456641 0.160156 0.244531 0.00865732
0 0.797266 0.402734 0.147656 0.263281 0.0147199
0 0.815234 0.605469 0.160156 0.2 0.0153325
0 0.801953 0.532422 0.174219 0.317969 0.0460601
