0 0.0421875 0.520312 0.084375 0.701563 0.000101467
0 0.182422 0.344922 0.0929687 0.174219 0.000102953
0 0.344531 0.469922 0.121875 0.239844 0.000103962
0 0.680078 0.671484 0.138281 0.163281 0.000109934
0 0.618359 0.151562 0.152344 0.1875 0.000111165
0 0.313672 0.585547 0.191406 0.188281 0.000113333
0 0.401563 0.0734375 0.125 0.121875 0.000113348
0 0.967188 0.392969 0.065625 0.634375 0.000114212
0 0.762891 0.589844 0.0914062 0.115625 0.000115527
0 0.213281 0.0671875 0.375 0.128125 0.000117631
0 0.328906 0.533984 0.284375 0.333594 0.000117847
0 0.0222656 0.394531 0.0445312 0.4625 0.00011928
0 0.233203 0.199219 0.0726563 0.0890625 0.000121455
0 0.285156 0.305469 0.09375 0.107813 0.000129946
0 0.802734 0.341797 0.111719 0.236719 0.000131589
0 0.341797 0.549609 0.0820312 0.102344 0.00013257
0 0.203516 0.21875 0.0695312 0.0875 0.000145662
0 0.230859 0.127734 0.0585938 0.0648438 0.000146365
0 0.760156 0.649609 0.139062 0.197656 0.000149916
0 0.107031 0.0976562 0.214062 0.195312 0.000152921
0 0.710156 0.143359 0.229687 0.194531 0.000159298
0 0.742578 0.230859 0.282031 0.367969 0.00017155
0 0.184766 0.427344 0.116406 0.259375 0.000177762
0 0.176172 0.205469 0.217969 0.321875 0.000177996
0 0.238281 0.548828 0.139062 0.150781 0.000178444
0 0.814453 0.534766 0.142969 0.242969 0.000178491
0 0.364844 0.175391 0.140625 0.227344 0.000188769
0 0.217578 0.427344 0.127344 0.18125 0.000219412
0 0.0503906 0.764453 0.100781 0.471094 0.000220925
0 0.761328 0.205859 0.135156 0.221094 0.000234582
0 0.661328 0.44375 0.263281 0.582812 0.000238112
0 0.237891 0.175781 0.107031 0.170312 0.000238863
0 0.34375 0.441016 0.171875 0.353906 0.000242997
0 0.0789063 0.059375 0.151562 0.115625 0.000256415
0 0.239453 0.302344 0.144531 0.207813 0.000266386
0 0.176563 0.394922 0.142188 0.447656 0.000266487
0 0.0308594 0.810938 0.0617188 0.378125 0.000305467
0 0.278516 0.242188 0.160156 0.220313 0.000322439
0 0.382031 0.0925781 0.175 0.178906 0.000331992
0 0.241797 0.121484 0.0976562 0.0898438 0.000334719
0 0.720312 0.317187 0.128125 0.160938 0.00034057
0 0.235938 0.474609 0.145313 0.207031 0.000348012
0 0.728906 0.55625 0.192188 0.203125 0.000376545
0 0.198047 0.301172 0.117969 0.250781 0.000444027
0 0.242578 0.148438 0.163281 0.189063 0.000447688
0 0.21875 0.215234 0.090625 0.130469 0.000474543
0 0.3375 0.264062 0.189063 0.328125 0.000492552
0 0.792188 0.279687 0.123438 0.19375 0.000515088
0 0.827734 0.478516 0.182031 0.507031 0.000588722
0 0.321875 0.0863281 0.1875 0.122656 0.000755715
0 0.278125 0.303516 0.142188 0.152344 0.000763502
0 0.698047 0.311328 0.219531 0.411719 0.000764349
0 0.382031 0.177344 0.2 0.325 0.000857374
0 0.209375 0.231641 0.109375 0.221094 0.000893914
0 0.671875 0.196094 0.21875 0.285937 0.000907826
0 0.803125 0.365234 0.140625 0.441406 0.00092502
0 0.707812 0.526172 0.223438 0.375781 0.0009356
0 0.682422 0.623828 0.178906 0.241406 0.000943006
0 0.776563 0.551562 0.09375 0.109375 0.00095834
0 0.764063 0.519531 0.145313 0.229687 0.00105848
0 0.335938 0.533984 0.151562 0.208594 0.00116493
0 0.203125 0.516016 0.15625 0.225781 0.00134458
0 0.338672 0.35 0.238281 0.589063 0.00152725
0 0.807813 0.614062 0.271875 0.339063 0.00167633
0 0.299219 0.307813 0.167187 0.2625 0.00179377
0 0.206641 0.316797 0.152344 0.411719 0.00212424
0 0.742578 0.624609 0.208594 0.271094 0.00275251
0 0.7375 0.291797 0.184375 0.235156 0.00326695
0 0.736719 0.389844 0.29375 0.620313 0.00401289
0 0.241797 0.228516 0.178906 0.311719 0.00412421
0 0.268359 0.523828 0.227344 0.217969 0.00462352
0 0.332422 0.129297 0.227344 0.227344 0.0123638
0 0.222656 0.444531 0.178125 0.354688 0.0174158
0 0.777344 0.474609 0.196875 0.414844 0.0204924
0 0.299219 0.192188 0.2625 0.340625 0.021261
0 0.260547 0.355469 0.233594 0.526563 0.0342233
0 0.779688 0.578906 0.1875 0.235938 0.102727
