0 0.631641 0.0800781 0.353906 0.160156 0.000101151
0 0.0308594 0.633203 0.0617188 0.246094 0.000102732
0 0.279687 0.510938 0.107813 0.232812 0.000102972
0 0.349219 0.476562 0.282813 0.50625 0.000105508
0 0.317969 0.638672 0.0875 0.105469 0.000105605
0 0.726953 0.383203 0.289844 0.494531 0.000105766
0 0.967188 0.446094 0.0625 0.24375 0.000107645
0 0.716406 0.529688 0.115625 0.207813 0.000108399
0 0.799219 0.678906 0.08125 0.1125 0.000108402
0 0.813672 0.639063 0.0945313 0.195312 0.000110321
0 0.817969 0.779688 0.0890625 0.153125 0.000114178
0 0.658984 0.374609 0.164844 0.289844 0.000114919
0 0.258594 0.751562 0.09375 0.16875 0.000115192
0 0.427734 0.0488281 0.196094 0.0789063 0.000116771
0 0.364453 0.750781 0.272656 0.310937 0.000117018
0 0.657422 0.475781 0.146094 0.234375 0.000120362
0 0.782422 0.654297 0.0835937 0.105469 0.000122639
0 0.782812 0.403516 0.078125 0.0992187 0.000125738
0 0.258203 0.432813 0.114844 0.251563 0.000125995
0 0.742188 0.574219 0.126563 0.248437 0.000126703
0 0.780469 0.465625 0.128125 0.19375 0.000127829
0 0.757812 0.241797 0.071875 0.110156 0.000129899
0 0.763672 0.700391 0.0867188 0.111719 0.000130045
0 0.435156 0.544922 0.207813 0.377344 0.000132873
0 0.0910156 0.0625 0.177344 0.123438 0.000133686
0 0.260938 0.567578 0.104687 0.297656 0.00013609
0 0.813281 0.428125 0.096875 0.210938 0.000138619
0 0.932813 0.191016 0.134375 0.382031 0.000139395
0 0.717969 0.217969 0.0734375 0.107813 0.000141036
0 0.34375 0.676953 0.0890625 0.103906 0.000142101
0 0.561719 0.525 0.3 0.604688 0.000144244
0 0.921094 0.0765625 0.157813 0.153125 0.000145973
0 0.797266 0.574609 0.103906 0.250781 0.000151328
0 0.280469 0.678125 0.0890625 0.114063 0.00015254
0 0.379297 0.654297 0.0851562 0.0914062 0.000154848
0 0.700781 0.635938 0.121875 0.198437 0.000157657
0 0.398828 0.686719 0.167969 0.20625 0.000158048
0 0.144141 0.0816406 0.277344 0.160156 0.000164313
0 0.365234 0.0332031 0.249219 0.0664062 0.000167742
0 0.298438 0.655859 0.0875 0.105469 0.000169054
0 0.657422 0.60625 0.153906 0.285937 0.00017433
0 0.327344 0.354297 0.120312 0.175781 0.000175447
0 0.261719 0.35625 0.0859375 0.145313 0.000175939
0 0.0636719 0.378906 0.127344 0.60625 0.000179962
0 0.800391 0.721094 0.0867188 0.115625 0.000182717
0 0.296484 0.445312 0.114844 0.226562 0.000183294
0 0.656641 0.630469 0.339844 0.471875 0.000185718
0 0.672656 0.18125 0.08125 0.0796875 0.000186364
0 0.741016 0.266406 0.0914062 0.146875 0.000187279
0 0.764453 0.634766 0.0804688 0.100781 0.000191662
0 0.0320312 0.400781 0.0625 0.376563 0.000192
0 0.71875 0.101953 0.3 0.189844 0.000205028
0 0.917188 0.603516 0.159375 0.363281 0.000208485
0 0.713672 0.227734 0.139844 0.182031 0.000208748
0 0.561719 0.0535156 0.373437 0.103906 0.000209514
0 0.815625 0.0363281 0.310937 0.0726563 0.000211528
0 0.370703 0.0503906 0.349219 0.0960938 0.00021298
0 0.361328 0.598047 0.116406 0.216406 0.000216893
0 0.658984 0.544922 0.217969 0.388281 0.000227457
0 0.270703 0.0386719 0.330469 0.0773437 0.000242642
0 0.835547 0.605469 0.205469 0.609375 0.000262451
0 0.949609 0.396484 0.100781 0.364844 0.000262793
0 0.799609 0.366797 0.0976562 0.166406 0.000264774
0 0.0320312 0.813281 0.0640625 0.339063 0.000268615
0 0.675 0.034375 0.273438 0.06875 0.000274681
0 0.913672 0.295312 0.172656 0.5375 0.000276213
0 0.9625 0.602734 0.075 0.361719 0.00027962
0 0.697266 0.479297 0.125781 0.157031 0.000310658
0 0.320312 0.598437 0.125 0.203125 0.000311254
0 0.0566406 0.632031 0.113281 0.657812 0.000315004
0 0.827734 0.652734 0.147656 0.369531 0.000317163
0 0.318359 0.644922 0.269531 0.338281 0.000334487
0 0.726172 0.0523437 0.388281 0.101562 0.000342337
0 0.320703 0.712109 0.172656 0.166406 0.000343788
0 0.772266 0.316797 0.132031 0.228906 0.000359261
0 0.864844 0.05625 0.270312 0.1125 0.000368079
0 0.783203 0.406641 0.107031 0.161719 0.000418287
0 0.302734 0.325781 0.127344 0.15 0.000425105
0 0.217578 0.0578125 0.377344 0.1125 0.00047458
0 0.740625 0.442578 0.15625 0.207031 0.000521176
0 0.735547 0.475781 0.192969 0.379687 0.000534764
0 0.0289063 0.524219 0.0546875 0.421875 0.000542156
0 0.04375 0.480078 0.0875 0.624219 0.000543886
0 0.928516 0.746484 0.142969 0.507031 0.000553971
0 0.759375 0.753125 0.078125 0.1 0.000554277
0 0.679297 0.691406 0.150781 0.220313 0.000555684
0 0.391016 0.634375 0.127344 0.1875 0.000567367
0 0.372266 0.676562 0.117969 0.135937 0.000573955
0 0.325391 0.465625 0.174219 0.35 0.000576856
0 0.758594 0.554297 0.282813 0.566406 0.000589823
0 0.344922 0.571875 0.167969 0.3 0.000627312
0 0.28125 0.617578 0.1125 0.210156 0.00065551
0 0.942187 0.520312 0.1125 0.390625 0.000715378
0 0.703906 0.605859 0.159375 0.316406 0.000718568
0 0.8125 0.700391 0.103125 0.205469 0.000723577
0 0.799609 0.475 0.133594 0.342187 0.000730601
0 0.034375 0.645703 0.0671875 0.561719 0.000776933
0 0.963672 0.401563 0.0726563 0.65 0.000800307
0 0.726562 0.715234 0.135937 0.178906 0.000821664
0 0.851172 0.761328 0.216406 0.336719 0.000879978
0 0.277734 0.706641 0.132031 0.202344 0.00127286
0 0.770312 0.699219 0.28125 0.320312 0.00130181
0 0.780078 0.637891 0.116406 0.222656 0.00137076
0 0.745703 0.658594 0.133594 0.245312 0.00149747
0 0.78125 0.389844 0.139062 0.257812 0.00155919
0 0.959375 0.604688 0.0796875 0.732813 0.00158373
0 0.285547 0.383984 0.130469 0.221094 0.001829
0 0.762891 0.736719 0.113281 0.15 0.00239722
0 0.294531 0.558594 0.15625 0.36875 0.00296228
0 0.798047 0.750391 0.133594 0.186719 0.00300305
0 0.342969 0.654297 0.157813 0.172656 0.00339693
0 0.902734 0.618359 0.189844 0.685156 0.00369651
0 0.767578 0.560547 0.171094 0.450781 0.00559996
0 0.940234 0.483203 0.119531 0.782031 0.00715771
0 0.300391 0.658203 0.160156 0.208594 0.00849147
0 0.775391 0.699219 0.152344 0.245312 0.0357208
