0 0.982813 0.572266 0.034375 0.196094 0.000100076
0 0.634375 0.196875 0.335938 0.378125 0.000101687
0 0.944531 0.0710938 0.110937 0.142188 0.000102799
0 0.662891 0.625781 0.227344 0.33125 0.000103238
0 0.698438 0.0320312 0.204688 0.0640625 0.000103451
0 0.703516 0.698438 0.105469 0.123438 0.000103484
0 0.766797 0.717188 0.0398437 0.0640625 0.000104437
0 0.219922 0.635938 0.0773437 0.075 0.000104963
0 0.531641 0.125781 0.402344 0.251563 0.000109277
0 0.75625 0.6625 0.0703125 0.148438 0.000110025
0 0.903516 0.938672 0.192969 0.122656 0.000110135
0 0.336328 0.622656 0.213281 0.185937 0.000110996
0 0.647656 0.532422 0.229687 0.317969 0.00011106
0 0.771094 0.0390625 0.29375 0.0765625 0.000111226
0 0.111328 0.183984 0.222656 0.367969 0.000112614
0 0.949609 0.967188 0.100781 0.065625 0.000113526
0 0.0867188 0.426953 0.15 0.203906 0.000113672
0 0.111719 0.0203125 0.217187 0.040625 0.000113875
0 0.688672 0.435156 0.139844 0.184375 0.000116297
0 0.712891 0.882031 0.289844 0.235938 0.00011717
0 0.485938 0.0183594 0.204688 0.0351562 0.000118714
0 0.751562 0.526172 0.0765625 0.132031 0.000121558
0 0.225781 0.0628906 0.320312 0.125781 0.000122751
0 0.550781 0.899609 0.371875 0.200781 0.000123466
0 0.707422 0.288281 0.292969 0.3875 0.000127151
0 0.0652344 0.371094 0.127344 0.25 0.000131027
0 0.857422 0.793359 0.285156 0.413281 0.000132509
0 0.860937 0.519531 0.267188 0.75625 0.000133475
0 0.685938 0.705078 0.164062 0.196094 0.000139521
0 0.735156 0.523047 0.117188 0.175781 0.000142459
0 0.603516 0.0363281 0.227344 0.0710938 0.000142961
0 0.576953 0.941797 0.235156 0.114844 0.000143996
0 0.96875 0.482812 0.0609375 0.54375 0.000149423
0 0.0738281 0.391406 0.0710938 0.078125 0.000149551
0 0.242578 0.653516 0.0789063 0.0710938 0.000153128
0 0.764063 0.781641 0.19375 0.239844 0.000155061
0 0.966406 0.691016 0.0671875 0.417969 0.000157397
0 0.949219 0.480859 0.101562 0.680469 0.000160123
0 0.149609 0.0339844 0.249219 0.0664062 0.000162691
0 0.0585938 0.0195312 0.117188 0.0375 0.000165901
0 0.678125 0.387109 0.0890625 0.0976562 0.000176506
0 0.264453 0.625391 0.177344 0.175781 0.000178965
0 0.872266 0.190234 0.255469 0.380469 0.000179329
0 0.874609 0.688672 0.153906 0.205469 0.000181234
0 0.967188 0.820703 0.0640625 0.330469 0.000195363
0 0.629297 0.925781 0.242969 0.148438 0.000195504
0 0.721094 0.135547 0.38125 0.266406 0.000197101
0 0.289062 0.566406 0.245312 0.29375 0.000202884
0 0.892187 0.0410156 0.215625 0.0789063 0.000205167
0 0.65 0.381641 0.221875 0.241406 0.000209639
0 0.755469 0.73125 0.071875 0.075 0.000218977
0 0.808203 0.891016 0.330469 0.217969 0.000220767
0 0.404687 0.05625 0.303125 0.1125 0.000232153
0 0.709375 0.533594 0.18125 0.289062 0.00025148
0 0.731641 0.753125 0.128906 0.132812 0.000254748
0 0.941406 0.65 0.117188 0.410937 0.000263835
0 0.625 0.096875 0.335938 0.19375 0.000271287
0 0.954297 0.940625 0.0898438 0.11875 0.00027212
0 0.972656 0.600781 0.053125 0.30625 0.000274943
0 0.477734 0.0367187 0.255469 0.071875 0.000282718
0 0.603906 0.966797 0.18125 0.0664062 0.000295636
0 0.919141 0.107031 0.161719 0.214062 0.000299136
0 0.0445312 0.0554687 0.0890625 0.110937 0.000312732
0 0.135937 0.0949219 0.271875 0.186719 0.000315887
0 0.971094 0.898438 0.05625 0.203125 0.000340759
0 0.464453 0.0839844 0.327344 0.167969 0.000383882
0 0.901563 0.634766 0.196875 0.499219 0.000391372
0 0.236719 0.651172 0.117188 0.0976562 0.000399215
0 0.528125 0.0597656 0.332812 0.119531 0.000446668
0 0.941016 0.797266 0.117969 0.391406 0.000449116
0 0.722266 0.0632813 0.313281 0.126563 0.00045022
0 0.911328 0.691406 0.167969 0.271875 0.000465872
0 0.722656 0.676953 0.145313 0.188281 0.000467479
0 0.896875 0.882422 0.20625 0.235156 0.000483653
0 0.748828 0.698047 0.0742188 0.103906 0.000502446
0 0.812891 0.108594 0.360156 0.217187 0.000589193
0 0.0695312 0.398828 0.101562 0.110156 0.000647371
0 0.071875 0.078125 0.14375 0.15625 0.000697235
0 0.863281 0.0699219 0.273438 0.139844 0.000716657
0 0.0683594 0.0390625 0.136719 0.0765625 0.000744145
0 0.733594 0.719141 0.109375 0.105469 0.000893416
0 0.113281 0.0566406 0.226562 0.113281 0.00175249
