0 0.187891 0.153125 0.360156 0.30625 0.000100123
0 0.640234 0.574609 0.155469 0.189844 0.000103773
0 0.642187 0.160938 0.126563 0.123438 0.000104852
0 0.755078 0.445703 0.139844 0.211719 0.000106686
0 0.171484 0.698438 0.297656 0.484375 0.000119803
0 0.723437 0.591406 0.146875 0.189063 0.000121539
0 0.863281 0.0730469 0.2625 0.146094 0.000123345
0 0.657031 0.302734 0.178125 0.199219 0.000124127
0 0.223047 0.554688 0.132031 0.289062 0.000125527
0 0.257812 0.597266 0.164062 0.214844 0.000126772
0 0.678516 0.528516 0.146094 0.263281 0.000127671
0 0.341406 0.408984 0.146875 0.252344 0.000141322
0 0.245703 0.405078 0.133594 0.216406 0.000145574
0 0.341797 0.646094 0.202344 0.273438 0.000148787
0 0.354688 0.529297 0.071875 0.0929687 0.000155476
0 0.973437 0.514844 0.0515625 0.429688 0.000156536
0 0.626562 0.267578 0.170312 0.303906 0.000157103
0 0.245312 0.226953 0.295312 0.361719 0.000168841
0 0.360938 0.492578 0.129688 0.253906 0.00018851
0 0.284375 0.316016 0.096875 0.103906 0.000191777
0 0.303906 0.766406 0.282813 0.292188 0.000197803
0 0.798047 0.475 0.167969 0.4 0.000205674
0 0.327344 0.530859 0.132812 0.214844 0.000207138
0 0.782812 0.20625 0.357812 0.404687 0.000209511
0 0.979688 0.515625 0.040625 0.279687 0.00022992
0 0.385938 0.452734 0.15625 0.377344 0.000252876
0 0.762109 0.613672 0.0914062 0.105469 0.000253066
0 0.630078 0.396484 0.164844 0.271094 0.000256501
0 0.643359 0.198047 0.157031 0.191406 0.000267092
0 0.738281 0.371094 0.132812 0.14375 0.000288598
0 0.659766 0.387891 0.172656 0.177344 0.000291059
0 0.301953 0.470313 0.141406 0.217187 0.000300773
0 0.630469 0.518359 0.198437 0.328906 0.0003261
0 0.696875 0.35 0.217187 0.19375 0.000390003
0 0.228516 0.758984 0.247656 0.338281 0.000424896
0 0.261719 0.469141 0.128125 0.185156 0.000450254
0 0.717578 0.491016 0.152344 0.282031 0.000485178
0 0.721484 0.639844 0.213281 0.2 0.000510269
0 0.34375 0.530078 0.101562 0.141406 0.00052621
0 0.367578 0.351953 0.182031 0.261719 0.000675515
0 0.19375 0.684375 0.15625 0.25 0.000699376
0 0.323828 0.303906 0.0960938 0.109375 0.000704999
0 0.217578 0.675391 0.0882813 0.113281 0.00082494
0 0.679688 0.445703 0.198437 0.214844 0.000837407
0 0.260156 0.316406 0.164062 0.217187 0.000900405
0 0.678516 0.592188 0.246094 0.2625 0.000982644
0 0.219141 0.689062 0.121094 0.176563 0.00117346
0 0.213281 0.524609 0.189063 0.528906 0.00126961
0 0.357422 0.303906 0.136719 0.135937 0.00150157
0 0.685547 0.252344 0.208594 0.309375 0.00155293
0 0.285547 0.364453 0.188281 0.210156 0.00160906
0 0.280078 0.679688 0.285156 0.29375 0.00166579
0 0.717578 0.405469 0.199219 0.182812 0.00171678
0 0.342969 0.514844 0.19375 0.351562 0.001779
0 0.752344 0.402344 0.18125 0.365625 0.00198533
0 0.253906 0.399609 0.184375 0.341406 0.00272166
0 0.324219 0.246094 0.226562 0.28125 0.00328593
0 0.757031 0.548828 0.2 0.341406 0.00432084
0 0.769922 0.605859 0.139844 0.197656 0.00446427
0 0.269141 0.562891 0.217969 0.375781 0.0106017
0 0.692187 0.360547 0.25 0.464844 0.0112296
0 0.303516 0.328906 0.272656 0.354688 0.0166039
0 0.225781 0.638672 0.15625 0.253906 0.0192796
0 0.311328 0.311719 0.208594 0.164062 0.110303
0 0.299219 0.463281 0.251563 0.492188 0.260239
0 0.70625 0.491406 0.259375 0.3875 0.443476
