0 0.633203 0.283984 0.0851562 0.110156 0.000102786
0 0.700781 0.664062 0.195312 0.2125 0.000103813
0 0.657031 0.383594 0.0875 0.107813 0.000105208
0 0.319531 0.297266 0.11875 0.167969 0.000106357
0 0.358594 0.278906 0.0921875 0.229687 0.000106966
0 0.0726563 0.187891 0.145313 0.375781 0.000110158
0 0.282813 0.177734 0.08125 0.103906 0.000110864
0 0.365234 0.530859 0.121094 0.125781 0.00011471
0 0.615234 0.258203 0.0804688 0.102344 0.000115256
0 0.566016 0.0542969 0.227344 0.108594 0.000116056
0 0.213281 0.346094 0.0625 0.104687 0.000119816
0 0.322656 0.214453 0.0828125 0.0929687 0.000120892
0 0.252734 0.385547 0.0867188 0.0992187 0.000124592
0 0.734375 0.384375 0.296875 0.564062 0.000125245
0 0.0300781 0.566406 0.0554687 0.464063 0.000130943
0 0.305469 0.196875 0.084375 0.109375 0.00013125
0 0.722266 0.300391 0.189844 0.314844 0.000132261
0 0.302734 0.2375 0.0820312 0.096875 0.000134668
0 0.237109 0.469141 0.0867188 0.107031 0.000138058
0 0.284766 0.446875 0.0882813 0.103125 0.000145797
0 0.202734 0.4875 0.0867188 0.148438 0.000152853
0 0.303906 0.462891 0.090625 0.105469 0.000159519
0 0.132812 0.0761719 0.265625 0.152344 0.000160141
0 0.677344 0.0339844 0.2875 0.0664062 0.000160559
0 0.340234 0.34375 0.108594 0.270312 0.00016255
0 0.705469 0.303516 0.0859375 0.182031 0.000170616
0 0.28125 0.217578 0.084375 0.103906 0.000174367
0 0.635156 0.361328 0.084375 0.108594 0.000176897
0 0.61875 0.340625 0.08125 0.104687 0.000177131
0 0.630859 0.195312 0.136719 0.164062 0.000180891
0 0.158984 0.296094 0.228906 0.482812 0.000182272
0 0.305078 0.483984 0.139844 0.150781 0.000185698
0 0.676562 0.283594 0.08125 0.109375 0.000191367
0 0.278516 0.299609 0.0851562 0.0945313 0.000196183
0 0.355859 0.217969 0.108594 0.201562 0.000198406
0 0.0519531 0.562891 0.100781 0.727344 0.000198422
0 0.737891 0.603516 0.288281 0.344531 0.000202593
0 0.595703 0.138672 0.0726563 0.0617188 0.000207199
0 0.682422 0.608984 0.144531 0.180469 0.000210027
0 0.596875 0.428516 0.117188 0.238281 0.000211222
0 0.676172 0.364453 0.0851562 0.114844 0.000214828
0 0.220703 0.426172 0.0695312 0.113281 0.000218534
0 0.710938 0.383984 0.101562 0.224219 0.000219359
0 0.334766 0.430859 0.0835937 0.100781 0.000232622
0 0.258594 0.260156 0.0875 0.110937 0.000243737
0 0.712109 0.473828 0.105469 0.228906 0.000250736
0 0.287891 0.404297 0.0835937 0.0929687 0.000257688
0 0.655078 0.304297 0.0851562 0.108594 0.000261476
0 0.616406 0.303906 0.0828125 0.104687 0.000263079
0 0.391406 0.533203 0.114063 0.175781 0.000279754
0 0.341797 0.157422 0.135156 0.178906 0.000283727
0 0.691797 0.302734 0.0726563 0.108594 0.000292441
0 0.676172 0.404297 0.117969 0.185156 0.000294114
0 0.251172 0.144922 0.263281 0.238281 0.000318722
0 0.259766 0.199219 0.0820312 0.104687 0.000324093
0 0.317969 0.3875 0.120312 0.195312 0.00033566
0 0.654688 0.0648438 0.373437 0.126563 0.000340954
0 0.229297 0.261328 0.0851562 0.183594 0.00034144
0 0.654688 0.340625 0.0875 0.104687 0.000362091
0 0.24375 0.218359 0.075 0.100781 0.000366848
0 0.741016 0.528516 0.164844 0.342969 0.000367931
0 0.242188 0.283594 0.08125 0.114063 0.000384174
0 0.692187 0.341797 0.0734375 0.105469 0.000394574
0 0.617969 0.383984 0.121875 0.221094 0.00039967
0 0.367969 0.351172 0.148438 0.530469 0.000413526
0 0.634766 0.321484 0.0851562 0.100781 0.000434898
0 0.388281 0.464453 0.13125 0.266406 0.000444354
0 0.702734 0.105469 0.453906 0.210938 0.000450713
0 0.590234 0.441016 0.147656 0.399219 0.000485397
0 0.610156 0.136328 0.21875 0.196094 0.00048822
0 0.594531 0.158203 0.1125 0.119531 0.000551719
0 0.284375 0.178516 0.128125 0.160156 0.00056527
0 0.633984 0.471484 0.132031 0.242969 0.000590495
0 0.237109 0.328516 0.0804688 0.0992187 0.000594129
0 0.278125 0.496094 0.225 0.192188 0.000597366
0 0.298047 0.321094 0.130469 0.270312 0.000624979
0 0.594141 0.30625 0.128906 0.265625 0.000634272
0 0.223047 0.385938 0.0648438 0.109375 0.000690594
0 0.675 0.323438 0.0859375 0.104687 0.000692497
0 0.660156 0.621875 0.257812 0.270312 0.000717218
0 0.678125 0.492188 0.139062 0.245312 0.000767398
0 0.321484 0.237891 0.135156 0.216406 0.000850436
0 0.353516 0.501172 0.160156 0.211719 0.000861446
0 0.196875 0.377734 0.109375 0.297656 0.00091807
0 0.596875 0.552734 0.125 0.191406 0.000940796
0 0.338672 0.445703 0.124219 0.163281 0.000972125
0 0.617969 0.280469 0.125 0.184375 0.0010387
0 0.306641 0.429688 0.0851562 0.0921875 0.00107168
0 0.715234 0.537891 0.127344 0.208594 0.00109664
0 0.254297 0.2 0.113281 0.179688 0.0013652
0 0.604688 0.217969 0.135937 0.25 0.00137899
0 0.658203 0.296094 0.278906 0.426562 0.00142187
0 0.703906 0.442578 0.15625 0.389844 0.00147294
0 0.282031 0.385938 0.132812 0.228125 0.0015173
0 0.658984 0.55 0.146094 0.182812 0.00158979
0 0.690234 0.342187 0.103906 0.198437 0.0019315
0 0.336719 0.397656 0.1625 0.33125 0.00254802
0 0.227344 0.326562 0.084375 0.223438 0.00265018
0 0.293359 0.427344 0.282031 0.320312 0.00302468
0 0.672266 0.283984 0.122656 0.221094 0.00303018
0 0.723047 0.605469 0.146094 0.2625 0.00315718
0 0.235547 0.460156 0.136719 0.201562 0.00330855
0 0.637891 0.323047 0.141406 0.175781 0.00362535
0 0.258594 0.280078 0.123438 0.207031 0.00385796
0 0.303125 0.430859 0.132812 0.149219 0.00400284
0 0.21875 0.397266 0.08125 0.232031 0.00545779
0 0.664844 0.459375 0.271875 0.473437 0.00546778
0 0.304688 0.180078 0.184375 0.233594 0.00557213
0 0.622656 0.523047 0.190625 0.260156 0.00723209
0 0.278125 0.233594 0.16875 0.25 0.0105209
0 0.637891 0.260938 0.186719 0.309375 0.0107847
0 0.667969 0.350391 0.154687 0.266406 0.0144399
0 0.280078 0.435937 0.194531 0.220313 0.0239238
0 0.241016 0.350781 0.111719 0.342187 0.0261597
0 0.677734 0.552344 0.205469 0.270312 0.0467152
0 0.647656 0.375 0.189063 0.448438 0.0513385
0 0.287109 0.305469 0.200781 0.448438 0.169647
