0 0.719141 0.579687 0.0851562 0.109375 0.000100929
0 0.977344 0.354297 0.0453125 0.453906 0.00010579
0 0.635547 0.239453 0.0414063 0.0554687 0.000110139
0 0.445312 0.380859 0.392188 0.728906 0.000110965
0 0.234375 0.238672 0.0515625 0.0742188 0.000111008
0 0.155469 0.666406 0.140625 0.23125 0.000116344
0 0.296094 0.347656 0.0703125 0.0640625 0.000117394
0 0.202734 0.238281 0.102344 0.165625 0.000119399
0 0.7375 0.485547 0.09375 0.357031 0.000121312
0 0.298438 0.591016 0.139062 0.169531 0.000121762
0 0.633594 0.219531 0.0421875 0.059375 0.000123236
0 0.341016 0.196484 0.0992187 0.102344 0.000124301
0 0.280859 0.217969 0.139844 0.132812 0.000125153
0 0.65625 0.246094 0.071875 0.09375 0.000126175
0 0.199219 0.265625 0.0625 0.071875 0.000128491
0 0.216016 0.258984 0.0742188 0.0898438 0.00012873
0 0.747656 0.676953 0.29375 0.316406 0.000129237
0 0.132422 0.6 0.185156 0.335938 0.000131783
0 0.779688 0.0644531 0.432813 0.128906 0.000132868
0 0.719922 0.652344 0.0851562 0.114063 0.000135504
0 0.649219 0.243359 0.104687 0.135156 0.000137523
0 0.651563 0.710547 0.315625 0.317969 0.000138023
0 0.712109 0.111328 0.433594 0.219531 0.000140899
0 0.180078 0.572266 0.0914062 0.114844 0.000145867
0 0.707031 0.304688 0.053125 0.08125 0.000153154
0 0.23125 0.228906 0.185937 0.240625 0.000155513
0 0.731641 0.614062 0.0835937 0.110937 0.000163696
0 0.239063 0.213281 0.05 0.078125 0.000165614
0 0.235547 0.552344 0.0851562 0.110937 0.000169119
0 0.636719 0.228516 0.223438 0.269531 0.00017263
0 0.676172 0.248437 0.0742188 0.110937 0.00017318
0 0.188672 0.486719 0.272656 0.420312 0.000180014
0 0.230859 0.226172 0.0820312 0.119531 0.000187549
0 0.576563 0.666016 0.18125 0.183594 0.000190508
0 0.200391 0.0785156 0.386719 0.157031 0.000205028
0 0.192969 0.310547 0.109375 0.214844 0.000206564
0 0.727344 0.703125 0.170312 0.232812 0.000207271
0 0.237891 0.19375 0.128906 0.16875 0.000215411
0 0.199219 0.451562 0.11875 0.226562 0.000219339
0 0.214453 0.532422 0.0804688 0.102344 0.000219502
0 0.322266 0.544531 0.353906 0.4375 0.000219934
0 0.229297 0.31875 0.171094 0.339063 0.000226502
0 0.665234 0.278906 0.0648438 0.08125 0.000232949
0 0.219922 0.201172 0.369531 0.386719 0.000242576
0 0.665234 0.278125 0.102344 0.146875 0.000243349
0 0.318359 0.294531 0.161719 0.271875 0.000247039
0 0.680078 0.449219 0.128906 0.276563 0.000262353
0 0.578906 0.528125 0.1625 0.257812 0.00027294
0 0.198437 0.553906 0.090625 0.1125 0.000284668
0 0.737109 0.552734 0.289844 0.392969 0.000287478
0 0.5875 0.388672 0.214062 0.460156 0.000289894
0 0.598828 0.565234 0.299219 0.397656 0.000291081
0 0.235547 0.194141 0.0726563 0.0914062 0.000300008
0 0.658594 0.650391 0.15 0.175781 0.000300075
0 0.731641 0.578906 0.107031 0.190625 0.000312308
0 0.259375 0.644531 0.321875 0.310937 0.000318124
0 0.708984 0.353906 0.0898438 0.2125 0.000329091
0 0.701563 0.310547 0.0734375 0.121094 0.000334459
0 0.196875 0.278125 0.084375 0.121875 0.000344913
0 0.319141 0.379687 0.214844 0.4875 0.00034933
0 0.275781 0.536719 0.140625 0.201562 0.000374476
0 0.276953 0.147266 0.308594 0.253906 0.000397242
0 0.277734 0.357812 0.0929687 0.08125 0.000435347
0 0.2875 0.354688 0.129688 0.15625 0.000447735
0 0.636719 0.533594 0.151562 0.1875 0.000449148
0 0.615234 0.635938 0.142969 0.171875 0.000479475
0 0.312109 0.191406 0.147656 0.139062 0.000495164
0 0.709375 0.401172 0.114063 0.346094 0.00057313
0 0.658203 0.308594 0.158594 0.240625 0.000582719
0 0.297266 0.224609 0.189844 0.228906 0.00064332
0 0.700391 0.616406 0.0835937 0.10625 0.000643793
0 0.284375 0.4875 0.2125 0.340625 0.000713345
0 0.198828 0.409375 0.142969 0.389062 0.000757427
0 0.678125 0.555469 0.146875 0.253125 0.00085699
0 0.686328 0.323828 0.102344 0.180469 0.000861796
0 0.620703 0.486719 0.208594 0.401563 0.00105305
0 0.684766 0.285937 0.0773437 0.09375 0.00116557
0 0.283984 0.593359 0.224219 0.222656 0.00144642
0 0.740625 0.647266 0.13125 0.224219 0.00184621
0 0.723047 0.554688 0.135156 0.329688 0.00327049
0 0.218359 0.517187 0.142969 0.24375 0.00337829
0 0.176563 0.528125 0.153125 0.320312 0.00484832
0 0.196875 0.620313 0.192188 0.257812 0.00505686
0 0.700781 0.637891 0.140625 0.185156 0.00514694
0 0.621484 0.605078 0.224219 0.255469 0.00527561
0 0.2375 0.569922 0.148438 0.185156 0.00719393
0 0.683984 0.482422 0.178906 0.428906 0.00808185
0 0.246094 0.400781 0.242188 0.534375 0.00973482
0 0.684766 0.620703 0.213281 0.253906 0.0313269
0 0.227344 0.560547 0.21875 0.252344 0.244697
