0 0.204297 0.124219 0.383594 0.248437 0.00010048
0 0.0175781 0.801953 0.0351562 0.260156 0.000103269
0 0.278906 0.467969 0.229687 0.185937 0.000110433
0 0.762891 0.677734 0.171094 0.192969 0.000113013
0 0.144531 0.0878906 0.276563 0.175781 0.000114912
0 0.455859 0.470703 0.380469 0.597656 0.000116166
0 0.151172 0.683594 0.224219 0.454688 0.000133054
0 0.762109 0.555859 0.141406 0.250781 0.000139124
0 0.844531 0.853516 0.1875 0.283594 0.000148243
0 0.0191406 0.718359 0.0382813 0.235156 0.000148779
0 0.696875 0.889453 0.379687 0.221094 0.000150905
0 0.802734 0.780859 0.166406 0.203906 0.00016425
0 0.272266 0.0363281 0.355469 0.0726563 0.000175575
0 0.371875 0.556641 0.270312 0.616406 0.000176132
0 0.558594 0.531641 0.378125 0.636719 0.000182349
0 0.203906 0.776172 0.345313 0.400781 0.000195347
0 0.35625 0.316406 0.2 0.292188 0.000199514
0 0.03125 0.884375 0.0625 0.23125 0.00020274
0 0.801172 0.7 0.147656 0.278125 0.00020475
0 0.0964844 0.729688 0.192969 0.535937 0.000241574
0 0.665625 0.642187 0.284375 0.38125 0.000268037
0 0.0582031 0.895312 0.116406 0.207813 0.000281426
0 0.71875 0.550781 0.203125 0.192188 0.000282823
0 0.341016 0.600781 0.202344 0.407813 0.000334715
0 0.245312 0.454297 0.254687 0.378906 0.000370602
0 0.783984 0.618359 0.147656 0.282031 0.000378914
0 0.208594 0.0625 0.396875 0.120312 0.000433749
0 0.665234 0.392969 0.238281 0.354688 0.000465665
0 0.0515625 0.482812 0.103125 0.382812 0.000477942
0 0.03125 0.655469 0.0625 0.375 0.000481139
0 0.749219 0.421484 0.223438 0.435156 0.000481837
0 0.332422 0.440625 0.236719 0.473437 0.00048261
0 0.0535156 0.767969 0.102344 0.440625 0.000550573
0 0.262109 0.673828 0.282031 0.383594 0.000763249
0 0.0296875 0.444141 0.059375 0.485156 0.000769184
0 0.700781 0.776172 0.348437 0.394531 0.000781476
0 0.0945313 0.560156 0.184375 0.578125 0.00114891
0 0.670313 0.520703 0.215625 0.477344 0.00142948
0 0.0261719 0.773828 0.0523437 0.444531 0.00154502
0 0.829297 0.687891 0.189844 0.432031 0.00169602
0 0.144141 0.558594 0.277344 0.76875 0.00182987
0 0.777344 0.838672 0.253125 0.314844 0.00186994
0 0.203906 0.604688 0.251563 0.448438 0.00200577
0 0.0320312 0.640625 0.0640625 0.71875 0.00367792
0 0.794922 0.571875 0.202344 0.473437 0.00522092
0 0.05625 0.553125 0.1125 0.814062 0.0137656
0 0.766406 0.691016 0.275 0.517969 0.053881
0 0.73125 0.544531 0.292188 0.626562 0.168037
0 0.271094 0.532031 0.334375 0.610937 0.337282
