0 0.271875 0.407813 0.0875 0.115625 0.000107494
0 0.30625 0.323828 0.078125 0.0773437 0.000109355
0 0.0257812 0.39375 0.05 0.296875 0.000109803
0 0.0453125 0.51875 0.090625 0.590625 0.000112394
0 0.184766 0.787109 0.328906 0.407031 0.00012293
0 0.244922 0.442187 0.0835937 0.1125 0.000134628
0 0.807422 0.760938 0.294531 0.29375 0.000136796
0 0.782422 0.597656 0.0898438 0.107813 0.000137719
0 0.257812 0.553906 0.1375 0.15625 0.000137994
0 0.210547 0.405469 0.113281 0.175 0.000140737
0 0.665234 0.525391 0.203906 0.233594 0.000141519
0 0.758984 0.614453 0.0898438 0.0992187 0.000143168
0 0.803516 0.578906 0.0867188 0.110937 0.00015355
0 0.278516 0.741797 0.0867188 0.105469 0.000156622
0 0.308203 0.278125 0.105469 0.14375 0.000157317
0 0.664453 0.710938 0.319531 0.323438 0.000158099
0 0.359375 0.657812 0.132812 0.234375 0.000161883
0 0.257031 0.489062 0.135937 0.201562 0.000173685
0 0.783984 0.633203 0.0882813 0.0914062 0.000179487
0 0.216797 0.739453 0.0914062 0.107031 0.000180984
0 0.185156 0.757812 0.120312 0.167187 0.000183868
0 0.191797 0.624609 0.297656 0.572656 0.000207812
0 0.6625 0.273828 0.125 0.158594 0.000211069
0 0.332422 0.396484 0.166406 0.203906 0.000214223
0 0.701953 0.596094 0.142969 0.140625 0.000229187
0 0.851562 0.6375 0.1 0.13125 0.000231487
0 0.222656 0.509766 0.128125 0.247656 0.000236253
0 0.377344 0.565625 0.264062 0.59375 0.000239563
0 0.334766 0.813281 0.296094 0.239063 0.000252696
0 0.221094 0.657812 0.1375 0.257812 0.000264354
0 0.782812 0.517187 0.14375 0.209375 0.000266912
0 0.721094 0.63125 0.15 0.151562 0.000276423
0 0.388672 0.717188 0.186719 0.235938 0.000289321
0 0.68125 0.253125 0.0796875 0.09375 0.000344238
0 0.304688 0.324609 0.129688 0.155469 0.000359923
0 0.332031 0.486328 0.204688 0.430469 0.000381314
0 0.289844 0.403906 0.295312 0.403125 0.000382329
0 0.340234 0.741016 0.138281 0.157031 0.00039464
0 0.670703 0.606641 0.200781 0.200781 0.000488341
0 0.744531 0.575391 0.15 0.157031 0.000494746
0 0.262891 0.700391 0.150781 0.175781 0.000597588
0 0.834375 0.620703 0.0828125 0.0929687 0.000673025
0 0.815234 0.613672 0.282031 0.302344 0.000696587
0 0.836328 0.651172 0.0820312 0.0820312 0.000703868
0 0.814062 0.491016 0.157813 0.317969 0.000845884
0 0.804297 0.61875 0.0898438 0.0890625 0.000887706
0 0.271484 0.423828 0.142969 0.177344 0.000914093
0 0.195312 0.712109 0.171875 0.252344 0.00102754
0 0.722656 0.419531 0.2625 0.457812 0.00105569
0 0.761719 0.612109 0.148438 0.128906 0.00113338
0 0.214844 0.480859 0.175 0.438281 0.00113916
0 0.294141 0.436328 0.196094 0.288281 0.00135622
0 0.241016 0.35625 0.0898438 0.123438 0.00140302
0 0.834375 0.669531 0.134375 0.145313 0.00141413
0 0.275391 0.355469 0.138281 0.189063 0.00171268
0 0.702734 0.651953 0.266406 0.194531 0.00180717
0 0.339453 0.758984 0.242969 0.178906 0.00181584
0 0.814062 0.682422 0.209375 0.221094 0.00206265
0 0.282422 0.737891 0.149219 0.138281 0.00258636
0 0.317578 0.680859 0.178906 0.200781 0.00260483
0 0.817969 0.636719 0.0890625 0.0765625 0.00261472
0 0.224609 0.741406 0.180469 0.153125 0.00284864
0 0.826953 0.6125 0.122656 0.142188 0.00348633
0 0.333594 0.653125 0.21875 0.329688 0.0043113
0 0.237891 0.386719 0.0742188 0.10625 0.00528182
0 0.247656 0.651172 0.253125 0.324219 0.00600879
0 0.248437 0.790234 0.303125 0.246094 0.00624542
0 0.733203 0.536328 0.269531 0.271094 0.00913378
0 0.798828 0.570703 0.178906 0.207031 0.00944931
0 0.235938 0.439453 0.129688 0.263281 0.012448
0 0.798437 0.639453 0.178125 0.128906 0.0182763
0 0.247656 0.395312 0.104687 0.157813 0.0218937
0 0.746875 0.675391 0.323438 0.296094 0.024879
0 0.279687 0.553125 0.264062 0.529688 0.0554082
0 0.761328 0.619922 0.252344 0.186719 0.100196
0 0.281641 0.73125 0.267969 0.23125 0.207154
