0 0.160547 0.150391 0.169531 0.263281 0.000102076
0 0.670703 0.451953 0.169531 0.252344 0.000103974
0 0.232812 0.0433594 0.157813 0.0789063 0.000106188
0 0.511328 0.9625 0.288281 0.06875 0.000110208
0 0.532422 0.427344 0.177344 0.207813 0.00011655
0 0.345703 0.951563 0.202344 0.096875 0.000121145
0 0.576953 0.635156 0.266406 0.207813 0.000121463
0 0.192188 0.342578 0.129688 0.269531 0.000123591
0 0.0609375 0.892187 0.121875 0.215625 0.000127719
0 0.857813 0.294141 0.284375 0.588281 0.000130671
0 0.680078 0.612109 0.149219 0.208594 0.000132135
0 0.08125 0.280859 0.1625 0.472656 0.000142547
0 0.273047 0.965234 0.249219 0.0632813 0.000146736
0 0.633594 0.0519531 0.398438 0.103906 0.000149761
0 0.114453 0.553516 0.180469 0.208594 0.000150016
0 0.171484 0.264844 0.130469 0.225 0.000168766
0 0.0332031 0.804688 0.0664062 0.390625 0.000169265
0 0.716016 0.763281 0.367969 0.473437 0.000169537
0 0.164453 0.792188 0.313281 0.407813 0.00017426
0 0.0992187 0.428125 0.121875 0.2125 0.000176252
0 0.183203 0.0925781 0.146094 0.169531 0.000186479
0 0.523828 0.0574219 0.214844 0.114844 0.000205669
0 0.426172 0.966406 0.221094 0.0671875 0.000236049
0 0.0484375 0.480859 0.096875 0.541406 0.000256786
0 0.123828 0.243359 0.169531 0.375781 0.000262493
0 0.788281 0.629297 0.392188 0.692969 0.000281836
0 0.459766 0.949219 0.364844 0.101562 0.000300519
0 0.555859 0.492188 0.230469 0.204688 0.00030053
0 0.0765625 0.603906 0.153125 0.417188 0.000301123
0 0.498828 0.386719 0.213281 0.314063 0.000302773
0 0.219922 0.0726563 0.144531 0.13125 0.000306369
0 0.495313 0.715625 0.404687 0.49375 0.000306827
0 0.542188 0.891016 0.409375 0.217969 0.000336046
0 0.76875 0.849609 0.376563 0.289844 0.000342524
0 0.635938 0.513672 0.151562 0.157031 0.000345478
0 0.638672 0.835156 0.442969 0.321875 0.000381106
0 0.130859 0.446484 0.146094 0.282031 0.000383732
0 0.559375 0.0359375 0.25625 0.071875 0.000405443
0 0.203516 0.432031 0.208594 0.507812 0.00042609
0 0.507422 0.618359 0.299219 0.322656 0.000605756
0 0.153906 0.600781 0.279687 0.370313 0.000618536
0 0.0679687 0.778906 0.134375 0.442187 0.000672351
0 0.675391 0.532812 0.139844 0.165625 0.000685775
0 0.208594 0.13125 0.16875 0.253125 0.00075744
0 0.846484 0.738672 0.307031 0.522656 0.000974857
0 0.118359 0.369922 0.144531 0.277344 0.00104751
0 0.512891 0.538672 0.242969 0.274219 0.00114454
0 0.108984 0.710938 0.217969 0.510938 0.00124183
0 0.674219 0.639063 0.240625 0.307813 0.00157003
0 0.151953 0.325781 0.147656 0.259375 0.00178255
0 0.0882813 0.407031 0.153125 0.382812 0.00245305
0 0.634375 0.497266 0.220313 0.241406 0.00304335
0 0.66875 0.567187 0.20625 0.214062 0.00518819
0 0.112109 0.509375 0.221094 0.4125 0.00716607
0 0.579687 0.48125 0.317187 0.329688 0.0115131
0 0.627734 0.692187 0.364844 0.429688 0.0173285
0 0.175781 0.280859 0.246875 0.550781 0.0192412
0 0.613281 0.566016 0.295312 0.280469 0.0554838
0 0.139062 0.392578 0.215625 0.464844 0.264157
