0 0.786719 0.306641 0.148438 0.233594 0.000107349
0 0.432031 0.567187 0.289062 0.326562 0.000113121
0 0.230859 0.452344 0.122656 0.195312 0.000118913
0 0.733203 0.0664062 0.419531 0.132812 0.000120211
0 0.73125 0.553516 0.30625 0.436719 0.000126828
0 0.598828 0.298047 0.322656 0.580469 0.000127304
0 0.964063 0.149609 0.071875 0.299219 0.000129749
0 0.977344 0.640234 0.0453125 0.392969 0.000132109
0 0.226562 0.100781 0.279687 0.196875 0.000134375
0 0.816016 0.0375 0.324219 0.075 0.000139813
0 0.0679687 0.317187 0.135937 0.634375 0.000142083
0 0.482422 0.432422 0.269531 0.552344 0.000143697
0 0.244531 0.489453 0.348437 0.488281 0.000163788
0 0.382812 0.626172 0.259375 0.272656 0.000172484
0 0.942969 0.207422 0.114063 0.414844 0.000181019
0 0.28125 0.623828 0.282813 0.252344 0.000195158
0 0.839453 0.641406 0.136719 0.221875 0.000203375
0 0.189844 0.0382813 0.353125 0.0765625 0.00021005
0 0.800781 0.190234 0.370313 0.380469 0.00021535
0 0.794922 0.394922 0.130469 0.246094 0.000219415
0 0.948828 0.375781 0.0992187 0.739062 0.000224876
0 0.616797 0.617578 0.396094 0.621094 0.00022688
0 0.207813 0.563672 0.125 0.219531 0.000266062
0 0.941406 0.104297 0.117188 0.208594 0.000266557
0 0.826953 0.561328 0.153906 0.308594 0.000283847
0 0.871484 0.117969 0.249219 0.235938 0.000284091
0 0.0695312 0.10625 0.139062 0.209375 0.000296892
0 0.328125 0.535547 0.145313 0.199219 0.000325462
0 0.263672 0.0640625 0.400781 0.128125 0.000334708
0 0.792969 0.488672 0.157813 0.355469 0.000357296
0 0.354688 0.198828 0.470313 0.396094 0.000361292
0 0.377734 0.534766 0.175781 0.238281 0.000382851
0 0.741406 0.567969 0.20625 0.265625 0.000393774
0 0.970703 0.521484 0.0585938 0.636719 0.000419266
0 0.857031 0.0636719 0.285937 0.124219 0.000425893
0 0.71875 0.639063 0.171875 0.164062 0.000438213
0 0.381641 0.453516 0.377344 0.622656 0.000482706
0 0.108203 0.187891 0.216406 0.375781 0.000493237
0 0.152344 0.0761719 0.303125 0.149219 0.000837649
0 0.346094 0.571875 0.09375 0.0921875 0.000868935
0 0.472656 0.602734 0.473437 0.774219 0.000889649
0 0.238281 0.527344 0.164062 0.254687 0.00109927
0 0.333203 0.546484 0.317969 0.363281 0.0011697
0 0.274219 0.352344 0.464063 0.69375 0.00121559
0 0.782422 0.609766 0.194531 0.227344 0.00129929
0 0.198047 0.144922 0.391406 0.282031 0.00183326
0 0.51875 0.391797 0.428125 0.739844 0.00290612
0 0.192188 0.273047 0.384375 0.483594 0.00341852
0 0.352734 0.58125 0.150781 0.159375 0.00687704
0 0.304688 0.566797 0.23125 0.191406 0.0104842
