0 0.0570313 0.641406 0.110937 0.273438 0.000100859
0 0.276953 0.364062 0.130469 0.196875 0.00010569
0 0.449219 0.519531 0.604688 0.960938 0.000112705
0 0.267188 0.534766 0.284375 0.328906 0.000114293
0 0.282813 0.551953 0.129688 0.167969 0.000125893
0 0.339844 0.554297 0.20625 0.269531 0.00012636
0 0.358203 0.326562 0.0882813 0.14375 0.000128437
0 0.587109 0.471094 0.155469 0.246875 0.00012903
0 0.0796875 0.0589844 0.159375 0.117969 0.000143541
0 0.189063 0.641406 0.303125 0.242188 0.000145633
0 0.582422 0.558984 0.335156 0.452344 0.00014918
0 0.917578 0.0722656 0.164844 0.144531 0.000153293
0 0.721484 0.626953 0.247656 0.230469 0.000155066
0 0.255078 0.307422 0.135156 0.138281 0.000156448
0 0.390625 0.437891 0.35625 0.594531 0.000164647
0 0.280469 0.401172 0.167187 0.382031 0.000178275
0 0.101172 0.485156 0.152344 0.257812 0.0001958
0 0.0730469 0.54375 0.132031 0.292188 0.00021065
0 0.266797 0.59375 0.171094 0.182812 0.000221222
0 0.767187 0.376172 0.101562 0.0835937 0.000261496
0 0.760547 0.572266 0.161719 0.164844 0.000276172
0 0.646875 0.496484 0.221875 0.291406 0.000292167
0 0.744531 0.401563 0.170312 0.204688 0.000296449
0 0.730078 0.0433594 0.311719 0.0867188 0.000296485
0 0.803906 0.592969 0.167187 0.204688 0.000314952
0 0.799609 0.488281 0.121094 0.221875 0.00032328
0 0.651953 0.571484 0.144531 0.177344 0.000328461
0 0.130078 0.555859 0.232031 0.257031 0.00037143
0 0.330469 0.398438 0.135937 0.259375 0.000405382
0 0.650391 0.631641 0.228906 0.255469 0.000428776
0 0.846875 0.103516 0.30625 0.207031 0.000432156
0 0.276953 0.526953 0.183594 0.244531 0.000478922
0 0.215625 0.557031 0.242188 0.232812 0.000575765
0 0.776953 0.444531 0.141406 0.226562 0.00107524
0 0.309766 0.467187 0.161719 0.303125 0.00115377
0 0.785937 0.0664062 0.3875 0.132812 0.0011609
0 0.735937 0.485938 0.220313 0.296875 0.00135526
0 0.604297 0.541797 0.144531 0.244531 0.00153078
0 0.774219 0.541797 0.190625 0.280469 0.00319776
0 0.687109 0.560547 0.263281 0.235156 0.00379093
