0 0.110547 0.523438 0.192969 0.565625 0.000100217
0 0.181641 0.511719 0.0710938 0.107813 0.000103647
0 0.658594 0.391797 0.2 0.307031 0.000105886
0 0.609766 0.200781 0.125781 0.0875 0.000106463
0 0.573438 0.0207031 0.223438 0.0398437 0.000106582
0 0.372266 0.526953 0.153906 0.235156 0.000109534
0 0.194922 0.490234 0.0835937 0.111719 0.000112208
0 0.186719 0.429297 0.08125 0.161719 0.000116626
0 0.0722656 0.703906 0.144531 0.4625 0.000117281
0 0.212109 0.467187 0.0882813 0.103125 0.000127763
0 0.2125 0.428906 0.0859375 0.107813 0.000128376
0 0.0257812 0.484375 0.0515625 0.451562 0.000136501
0 0.0230469 0.779297 0.0429688 0.217969 0.000137534
0 0.532812 0.0503906 0.26875 0.100781 0.000139579
0 0.717969 0.601562 0.28125 0.275 0.000141564
0 0.224219 0.653906 0.292188 0.329688 0.000143486
0 0.726953 0.399609 0.0867188 0.0992187 0.000143555
0 0.616016 0.0707031 0.227344 0.136719 0.000144677
0 0.0277344 0.593359 0.0539063 0.208594 0.000145074
0 0.321875 0.555078 0.0828125 0.103906 0.00014779
0 0.3375 0.530078 0.065625 0.0851562 0.000158414
0 0.691016 0.59375 0.0851562 0.0984375 0.000159102
0 0.676172 0.264844 0.0992187 0.121875 0.000162161
0 0.951953 0.558203 0.0960938 0.397656 0.000164721
0 0.273828 0.257422 0.0867188 0.0835937 0.000169084
0 0.389844 0.959766 0.3125 0.0804688 0.000172043
0 0.694141 0.0429688 0.275781 0.0859375 0.000181156
0 0.970312 0.521875 0.059375 0.576563 0.00018868
0 0.630469 0.23125 0.145313 0.117188 0.000199128
0 0.657422 0.53125 0.160156 0.267188 0.000201131
0 0.278516 0.267578 0.113281 0.128906 0.000203432
0 0.278125 0.492969 0.178125 0.20625 0.000210473
0 0.214062 0.592578 0.09375 0.110156 0.000212322
0 0.760938 0.510547 0.126563 0.241406 0.000214651
0 0.0449219 0.524219 0.0898438 0.585938 0.000246064
0 0.0128906 0.755078 0.0242187 0.100781 0.000251244
0 0.185937 0.544922 0.271875 0.391406 0.000253588
0 0.702344 0.466406 0.276563 0.446875 0.000255636
0 0.594922 0.0347656 0.241406 0.0695312 0.000265752
0 0.701953 0.324219 0.0882813 0.1 0.00027248
0 0.241406 0.285937 0.08125 0.09375 0.000276284
0 0.197266 0.394531 0.132031 0.30625 0.000285418
0 0.0605469 0.880469 0.117969 0.239063 0.000289773
0 0.216797 0.362891 0.0757812 0.107031 0.000291509
0 0.180469 0.555078 0.078125 0.111719 0.000295676
0 0.644141 0.577734 0.119531 0.171094 0.000304151
0 0.320312 0.605078 0.078125 0.0789063 0.000314053
0 0.0289063 0.612891 0.0578125 0.425781 0.000338001
0 0.220313 0.324219 0.071875 0.11875 0.00036044
0 0.775781 0.553125 0.101562 0.146875 0.000369737
0 0.748828 0.403516 0.0992187 0.182031 0.000389973
0 0.234766 0.45 0.146094 0.2 0.000405561
0 0.164453 0.620703 0.0820312 0.111719 0.000405787
0 0.196484 0.448828 0.0726563 0.0976562 0.000415373
0 0.0296875 0.769531 0.059375 0.459375 0.000419673
0 0.217187 0.405859 0.10625 0.200781 0.00043023
0 0.676562 0.294922 0.146875 0.169531 0.00049255
0 0.257422 0.357422 0.167969 0.228906 0.000523556
0 0.735937 0.368359 0.0859375 0.116406 0.000559074
0 0.0160156 0.736328 0.0320312 0.177344 0.000597673
0 0.255859 0.308594 0.119531 0.145313 0.000679323
0 0.6875 0.360156 0.165625 0.2 0.000802756
0 0.321484 0.530469 0.121094 0.20625 0.000812352
0 0.655469 0.621094 0.117188 0.148438 0.000857051
0 0.317578 0.592188 0.122656 0.135937 0.0009723
0 0.661328 0.596875 0.0820312 0.109375 0.00101064
0 0.0195312 0.685156 0.0390625 0.246875 0.00113992
0 0.226562 0.355078 0.10625 0.167969 0.00118425
0 0.753125 0.58125 0.148438 0.165625 0.00125907
0 0.237109 0.570703 0.152344 0.171094 0.00173907
0 0.707422 0.325391 0.117969 0.152344 0.00178016
0 0.231641 0.617188 0.228906 0.176563 0.0019726
0 0.178516 0.594922 0.0851562 0.110156 0.00199249
0 0.2 0.470313 0.109375 0.239063 0.00255413
0 0.288672 0.488281 0.235156 0.33125 0.00279949
0 0.714453 0.566797 0.186719 0.211719 0.00301942
0 0.729688 0.453125 0.154687 0.345313 0.00327162
0 0.176563 0.526563 0.1125 0.292188 0.00438262
0 0.685156 0.597656 0.151562 0.145313 0.00446453
0 0.296875 0.563281 0.190625 0.189063 0.00642388
0 0.728516 0.365625 0.116406 0.176563 0.0075212
0 0.230078 0.451953 0.172656 0.366406 0.0116157
0 0.189063 0.589063 0.126563 0.15625 0.0144894
0 0.230859 0.541797 0.203906 0.258594 0.0996806
