0 0.696875 0.427344 0.142188 0.159375 0.000102551
0 0.803516 0.489062 0.0867188 0.10625 0.000102594
0 0.243359 0.264453 0.113281 0.227344 0.000103071
0 0.760938 0.528125 0.0890625 0.096875 0.000105186
0 0.414062 0.220703 0.146875 0.186719 0.000106345
0 0.365625 0.448438 0.134375 0.20625 0.000108474
0 0.772656 0.61875 0.226562 0.195312 0.000119897
0 0.235156 0.647266 0.328125 0.344531 0.000125595
0 0.627344 0.346484 0.0875 0.160156 0.000128611
0 0.813281 0.451953 0.104687 0.192969 0.000129153
0 0.700391 0.276172 0.117969 0.141406 0.000132035
0 0.3625 0.322266 0.11875 0.192969 0.00013241
0 0.722266 0.528516 0.0820312 0.0960938 0.000133093
0 0.280469 0.199219 0.090625 0.114063 0.000135134
0 0.8375 0.896484 0.170312 0.128906 0.000145712
0 0.281641 0.571875 0.0898438 0.114063 0.000145879
0 0.783203 0.367188 0.102344 0.173438 0.000151096
0 0.252734 0.328125 0.0882813 0.110937 0.000157336
0 0.235938 0.401563 0.0890625 0.114063 0.00015769
0 0.628516 0.194922 0.116406 0.124219 0.000157791
0 0.253906 0.376953 0.0875 0.107031 0.000165784
0 0.267578 0.217969 0.0585938 0.0921875 0.000171807
0 0.752734 0.225 0.0851562 0.135937 0.000172367
0 0.737109 0.226562 0.0648438 0.1 0.000175888
0 0.208984 0.468359 0.119531 0.278906 0.000181413
0 0.784766 0.464844 0.0867188 0.0953125 0.00018719
0 0.342969 0.510938 0.1375 0.24375 0.000194968
0 0.872656 0.943359 0.198437 0.113281 0.000197998
0 0.187109 0.571484 0.108594 0.250781 0.000204265
0 0.174609 0.439453 0.208594 0.442969 0.00021304
0 0.751562 0.942578 0.25625 0.114844 0.000213366
0 0.759375 0.297656 0.096875 0.134375 0.000218066
0 0.323828 0.167187 0.107031 0.104687 0.000224651
0 0.767578 0.263672 0.0664062 0.107031 0.000224963
0 0.321875 0.300391 0.132812 0.210156 0.000233448
0 0.787109 0.910547 0.266406 0.164844 0.000236546
0 0.658203 0.166406 0.142969 0.134375 0.000251595
0 0.702344 0.228906 0.285937 0.307813 0.000252958
0 0.802734 0.982031 0.157031 0.0359375 0.000263181
0 0.706641 0.257812 0.0789063 0.0796875 0.000284658
0 0.382422 0.266797 0.167969 0.278906 0.000299488
0 0.230859 0.639453 0.222656 0.252344 0.000299726
0 0.212109 0.362891 0.0820312 0.114844 0.00030133
0 0.258984 0.529688 0.0882813 0.1 0.000302587
0 0.721875 0.586719 0.228125 0.190625 0.000309441
0 0.262109 0.605859 0.144531 0.160156 0.000317714
0 0.279297 0.238672 0.0617188 0.0867188 0.000320562
0 0.278125 0.451562 0.146875 0.276563 0.000334717
0 0.323438 0.196094 0.1375 0.145313 0.000346652
0 0.765234 0.967188 0.178906 0.065625 0.000355276
0 0.723828 0.472656 0.191406 0.210938 0.000370634
0 0.801172 0.586719 0.132031 0.178125 0.000441413
0 0.663672 0.394922 0.172656 0.364844 0.000449322
0 0.373828 0.435156 0.182031 0.417188 0.00046219
0 0.672656 0.586719 0.146875 0.157813 0.000495108
0 0.300781 0.591016 0.0875 0.102344 0.000520731
0 0.661328 0.433594 0.125781 0.23125 0.000529542
0 0.815234 0.535156 0.108594 0.217187 0.000534707
0 0.280859 0.239063 0.0929687 0.128125 0.000549717
0 0.273828 0.344531 0.139844 0.170312 0.000587222
0 0.806641 0.401953 0.160156 0.458594 0.000621612
0 0.336719 0.355078 0.198437 0.383594 0.000621724
0 0.385156 0.188672 0.15625 0.161719 0.000641963
0 0.209766 0.382812 0.108594 0.189063 0.000670725
0 0.298438 0.514453 0.146875 0.217969 0.000696098
0 0.842188 0.925781 0.09375 0.101562 0.000706464
0 0.340234 0.573047 0.169531 0.199219 0.00073102
0 0.683594 0.201562 0.178125 0.192188 0.000865453
0 0.823828 0.964063 0.174219 0.071875 0.000894846
0 0.307031 0.624219 0.232812 0.235938 0.00093823
0 0.686719 0.286719 0.196875 0.273438 0.000948347
0 0.282422 0.240234 0.133594 0.188281 0.00103837
0 0.725 0.528906 0.134375 0.175 0.00108547
0 0.223438 0.588672 0.1375 0.224219 0.0013506
0 0.75 0.366016 0.19375 0.380469 0.00167814
0 0.785547 0.453906 0.132031 0.245312 0.00170395
0 0.217578 0.326562 0.130469 0.235938 0.00195255
0 0.752344 0.262891 0.0578125 0.0789063 0.00252854
0 0.298828 0.588281 0.142969 0.15625 0.00256302
0 0.347656 0.222266 0.1875 0.227344 0.00258221
0 0.707812 0.240234 0.15 0.158594 0.00333329
0 0.689453 0.533594 0.202344 0.248437 0.00361473
0 0.337109 0.520703 0.219531 0.349219 0.00396218
0 0.300391 0.256641 0.197656 0.277344 0.00492337
0 0.727344 0.250781 0.084375 0.1 0.00499879
0 0.260156 0.533984 0.142188 0.200781 0.00506269
0 0.212891 0.514453 0.167969 0.394531 0.00594703
0 0.764453 0.551172 0.183594 0.208594 0.00658375
0 0.301172 0.344922 0.277344 0.561719 0.00903715
0 0.819531 0.932813 0.176563 0.128125 0.00951303
0 0.267578 0.317969 0.180469 0.26875 0.0112458
0 0.804688 0.526563 0.154687 0.304688 0.0149131
0 0.235156 0.354688 0.11875 0.151562 0.0331331
0 0.236719 0.387891 0.14375 0.266406 0.0373435
0 0.272266 0.570312 0.227344 0.25 0.0404962
0 0.724219 0.392969 0.282813 0.5875 0.0580535
0 0.26875 0.457031 0.2125 0.434375 0.180046
0 0.760938 0.486719 0.215625 0.360938 0.184201
