0 0.034375 0.822266 0.06875 0.307031 0.000100559
0 0.357422 0.383984 0.0773437 0.0992187 0.000101029
0 0.476172 0.446484 0.0867188 0.116406 0.000101066
0 0.0230469 0.397656 0.0445312 0.465625 0.00010222
0 0.458203 0.173047 0.0820312 0.0960938 0.000109319
0 0.408984 0.323438 0.132031 0.253125 0.000112605
0 0.842578 0.712891 0.261719 0.410156 0.000112734
0 0.363281 0.946484 0.25 0.102344 0.000121243
0 0.973437 0.265625 0.053125 0.470313 0.000122585
0 0.789844 0.145703 0.351562 0.260156 0.000123855
0 0.719531 0.472656 0.0859375 0.110937 0.00012425
0 0.899609 0.142969 0.200781 0.285937 0.000124449
0 0.947656 0.179688 0.104687 0.359375 0.000124965
0 0.397266 0.537109 0.214844 0.139844 0.000127153
0 0.792969 0.174219 0.123438 0.165625 0.000127741
0 0.494141 0.224219 0.103906 0.1875 0.000128283
0 0.761328 0.939844 0.0945313 0.107813 0.000130204
0 0.814844 0.968359 0.09375 0.0632813 0.000137555
0 0.435156 0.433203 0.084375 0.116406 0.000138731
0 0.491016 0.313672 0.122656 0.325781 0.000152047
0 0.764844 0.869141 0.3875 0.261719 0.000152157
0 0.689844 0.375 0.15625 0.428125 0.000153956
0 0.364062 0.240234 0.104687 0.180469 0.000156857
0 0.740234 0.325391 0.121094 0.239844 0.000158161
0 0.392969 0.508203 0.142188 0.116406 0.000160686
0 0.857813 0.366016 0.115625 0.213281 0.00016223
0 0.482031 0.144922 0.142188 0.202344 0.000162962
0 0.467578 0.323828 0.0976562 0.174219 0.000163877
0 0.463672 0.502344 0.0867188 0.104687 0.000172685
0 0.882422 0.524609 0.122656 0.127344 0.000177009
0 0.877734 0.596875 0.174219 0.167187 0.000177909
0 0.356641 0.34375 0.0804688 0.107813 0.000182627
0 0.861328 0.558984 0.146094 0.103906 0.000186444
0 0.341797 0.4 0.0742188 0.0953125 0.000186842
0 0.799609 0.486328 0.146094 0.158594 0.000191447
0 0.8625 0.203125 0.239063 0.375 0.000193377
0 0.842578 0.511719 0.180469 0.1375 0.000197986
0 0.519922 0.527734 0.402344 0.660156 0.000213979
0 0.782031 0.373047 0.084375 0.105469 0.000231609
0 0.0308594 0.895312 0.0617188 0.209375 0.000235764
0 0.758984 0.500781 0.285156 0.320312 0.000235903
0 0.314063 0.509766 0.121875 0.144531 0.000239903
0 0.760547 0.153906 0.0835937 0.0984375 0.000240819
0 0.834766 0.40625 0.0882813 0.09375 0.000243205
0 0.668359 0.940625 0.307031 0.11875 0.000245474
0 0.446484 0.126563 0.117969 0.117188 0.000249613
0 0.378516 0.303906 0.124219 0.175 0.000250096
0 0.366016 0.426172 0.124219 0.197656 0.000266061
0 0.346875 0.487891 0.18125 0.171094 0.000267329
0 0.0558594 0.877734 0.111719 0.244531 0.00028017
0 0.490625 0.447656 0.328125 0.392188 0.000284834
0 0.704687 0.449609 0.109375 0.194531 0.000286577
0 0.43125 0.151953 0.164062 0.191406 0.000293868
0 0.341797 0.308984 0.0867188 0.113281 0.000295662
0 0.392578 0.253906 0.291406 0.392188 0.000304773
0 0.472656 0.258984 0.11875 0.207031 0.000307063
0 0.742969 0.964453 0.0953125 0.0710938 0.000317642
0 0.765625 0.404687 0.078125 0.090625 0.000321098
0 0.777344 0.102344 0.226562 0.157813 0.000325489
0 0.870703 0.442187 0.160156 0.248437 0.000334004
0 0.699609 0.979688 0.189844 0.040625 0.000336238
0 0.823438 0.905469 0.310937 0.184375 0.000343077
0 0.814844 0.98125 0.13125 0.0375 0.000347017
0 0.355859 0.45 0.278906 0.34375 0.000359006
0 0.802344 0.441016 0.0828125 0.111719 0.00037543
0 0.311328 0.381641 0.0898438 0.174219 0.000387042
0 0.480078 0.178906 0.105469 0.125 0.000407877
0 0.476953 0.503125 0.135156 0.242188 0.000420665
0 0.326172 0.380469 0.0820312 0.107813 0.000425345
0 0.781641 0.978906 0.0914062 0.0421875 0.000490816
0 0.783203 0.118359 0.0929687 0.117969 0.000492193
0 0.341016 0.402344 0.0945313 0.164062 0.000542883
0 0.744922 0.409766 0.135156 0.182031 0.000565924
0 0.432422 0.486719 0.0835937 0.109375 0.000606379
0 0.464453 0.413281 0.0835937 0.109375 0.000629636
0 0.780859 0.348047 0.139844 0.197656 0.000651386
0 0.357031 0.360938 0.115625 0.16875 0.000806053
0 0.3125 0.305859 0.0875 0.171094 0.0008561
0 0.780859 0.955859 0.0929687 0.0867188 0.000894207
0 0.817578 0.369922 0.142969 0.180469 0.00112653
0 0.414453 0.405078 0.147656 0.267969 0.00114359
0 0.8 0.502734 0.246875 0.196094 0.0011784
0 0.380859 0.251953 0.183594 0.277344 0.00140884
0 0.323047 0.433984 0.132031 0.260156 0.00157569
0 0.324219 0.344922 0.0828125 0.113281 0.00166119
0 0.466016 0.196094 0.125781 0.210938 0.00187479
0 0.742969 0.361719 0.165625 0.351562 0.0019795
0 0.765234 0.146094 0.132031 0.153125 0.00198739
0 0.711328 0.962109 0.224219 0.0757812 0.00204021
0 0.432422 0.503125 0.136719 0.151562 0.0020909
0 0.723828 0.487109 0.155469 0.174219 0.00225762
0 0.761328 0.976953 0.180469 0.0460938 0.00285567
0 0.832031 0.359766 0.178125 0.339844 0.00301001
0 0.347266 0.289453 0.124219 0.227344 0.00307192
0 0.451562 0.46875 0.0890625 0.11875 0.00341302
0 0.776172 0.228516 0.175781 0.333594 0.00350245
0 0.736719 0.920703 0.303125 0.155469 0.00401044
0 0.464453 0.412891 0.0960938 0.194531 0.00418021
0 0.358203 0.391016 0.182031 0.291406 0.00603415
0 0.403516 0.479688 0.210156 0.203125 0.00675954
0 0.828516 0.442187 0.158594 0.195312 0.00834046
0 0.462891 0.361719 0.127344 0.364062 0.0089917
0 0.799609 0.966406 0.200781 0.0671875 0.0119456
0 0.327344 0.344141 0.109375 0.175781 0.011959
0 0.761719 0.458203 0.19375 0.211719 0.0221301
0 0.787109 0.312891 0.239844 0.489844 0.0290389
0 0.404687 0.365625 0.217187 0.401563 0.0337623
0 0.801172 0.408984 0.110156 0.121094 0.0385609
0 0.787891 0.412109 0.157031 0.207031 0.0501523
0 0.764844 0.948828 0.232812 0.100781 0.0570188
0 0.45 0.460547 0.1375 0.199219 0.117095
