0 0.759375 0.7375 0.115625 0.123438 0.00010386
0 0.358984 0.710547 0.153906 0.175781 0.000104066
0 0.755078 0.535937 0.228906 0.21875 0.000104651
0 0.658984 0.592578 0.135156 0.227344 0.000107959
0 0.384766 0.490234 0.141406 0.210156 0.000109574
0 0.18125 0.611328 0.125 0.213281 0.000110311
0 0.735156 0.744141 0.254687 0.183594 0.000113101
0 0.852344 0.763672 0.173438 0.271094 0.000114954
0 0.405859 0.603125 0.141406 0.239063 0.000116449
0 0.330859 0.361328 0.171094 0.186719 0.000116778
0 0.216797 0.467187 0.0710938 0.0859375 0.000130402
0 0.758203 0.575391 0.152344 0.196094 0.00013396
0 0.822266 0.553906 0.0804688 0.110937 0.000134197
0 0.285156 0.471875 0.248437 0.207813 0.000140433
0 0.241016 0.626953 0.192969 0.166406 0.000148536
0 0.184766 0.602344 0.288281 0.367188 0.000154736
0 0.692969 0.405469 0.109375 0.13125 0.000154808
0 0.836719 0.536328 0.101562 0.182031 0.000154941
0 0.674609 0.45 0.0945313 0.151562 0.000155077
0 0.238672 0.591016 0.0898438 0.0992187 0.000166019
0 0.946094 0.0695312 0.101562 0.139062 0.000180638
0 0.700781 0.632422 0.140625 0.228906 0.000181306
0 0.238672 0.363672 0.460156 0.558594 0.000183658
0 0.675 0.400391 0.178125 0.202344 0.000184345
0 0.362109 0.672266 0.0742188 0.0960938 0.000188469
0 0.187109 0.514844 0.113281 0.240625 0.000189783
0 0.244141 0.404687 0.247656 0.451562 0.000203152
0 0.39375 0.680078 0.121875 0.188281 0.000241997
0 0.700781 0.574609 0.0921875 0.0945313 0.000251495
0 0.78125 0.632422 0.146875 0.230469 0.000256053
0 0.659766 0.511719 0.128906 0.204688 0.00026281
0 0.347266 0.489062 0.149219 0.170312 0.000290904
0 0.21875 0.471094 0.1 0.14375 0.000311908
0 0.929297 0.0398437 0.141406 0.0765625 0.000317993
0 0.675391 0.682031 0.175781 0.209375 0.000321023
0 0.759375 0.682031 0.0796875 0.1 0.000322452
0 0.297266 0.535547 0.252344 0.211719 0.000336146
0 0.79375 0.726172 0.189063 0.177344 0.000383096
0 0.901172 0.0613281 0.192969 0.122656 0.000406372
0 0.315234 0.333203 0.296094 0.277344 0.000430733
0 0.255078 0.590234 0.135156 0.144531 0.000456748
0 0.191016 0.482031 0.192969 0.357812 0.000481215
0 0.326172 0.635156 0.164844 0.185937 0.000510891
0 0.36875 0.552344 0.13125 0.248437 0.000723718
0 0.376172 0.336719 0.205469 0.221875 0.000741253
0 0.720703 0.590234 0.0835937 0.0882813 0.000761995
0 0.708984 0.433203 0.230469 0.316406 0.000834735
0 0.761328 0.693359 0.116406 0.150781 0.00089614
0 0.805078 0.571875 0.138281 0.184375 0.000910856
0 0.236719 0.515625 0.154687 0.201562 0.000988779
0 0.358594 0.66875 0.121875 0.154687 0.00113681
0 0.69375 0.552734 0.170312 0.202344 0.00143861
0 0.667188 0.488281 0.18125 0.298438 0.00159021
0 0.254687 0.574609 0.204688 0.191406 0.00174563
0 0.832422 0.567969 0.144531 0.267188 0.00186548
0 0.276172 0.623828 0.292969 0.258594 0.00194779
0 0.824609 0.676953 0.164844 0.253906 0.00195784
0 0.744531 0.672656 0.178125 0.210938 0.00216773
0 0.353516 0.405469 0.253906 0.348437 0.00249723
0 0.716797 0.591797 0.136719 0.136719 0.00328999
0 0.811328 0.556641 0.194531 0.400781 0.00408537
0 0.380078 0.519531 0.182031 0.410937 0.0041303
0 0.205469 0.560938 0.1625 0.246875 0.00974318
0 0.354688 0.604297 0.182812 0.285156 0.010528
0 0.768359 0.636328 0.249219 0.300781 0.0122083
0 0.696484 0.559375 0.210156 0.34375 0.0222076
0 0.253125 0.5375 0.254687 0.35 0.0426451
0 0.738672 0.537109 0.300781 0.492969 0.237317
0 0.306641 0.474219 0.338281 0.510938 0.247645
