0 0.795703 0.635938 0.142969 0.173438 0.000101173
0 0.251563 0.240234 0.065625 0.157031 0.000101377
0 0.338672 0.467578 0.158594 0.185156 0.000105019
0 0.053125 0.715234 0.10625 0.494531 0.000106574
0 0.209375 0.573047 0.0984375 0.208594 0.000107745
0 0.948438 0.371484 0.1 0.502344 0.000107773
0 0.0347656 0.558984 0.0679687 0.457031 0.000108156
0 0.619531 0.469531 0.1375 0.25 0.000114134
0 0.245703 0.530469 0.0757812 0.110937 0.000114586
0 0.0304688 0.233594 0.0609375 0.425 0.000120166
0 0.636719 0.551953 0.142188 0.227344 0.000120225
0 0.125 0.112891 0.25 0.222656 0.000124845
0 0.298438 0.344531 0.109375 0.196875 0.000129104
0 0.738672 0.632422 0.146094 0.164844 0.000129284
0 0.101953 0.0335938 0.203906 0.065625 0.000131267
0 0.721094 0.329688 0.11875 0.210938 0.000132073
0 0.377734 0.186719 0.0992187 0.104687 0.000135179
0 0.0636719 0.053125 0.127344 0.10625 0.000136776
0 0.176172 0.542578 0.207031 0.391406 0.000137045
0 0.0496094 0.315234 0.0992187 0.457031 0.000139942
0 0.100781 0.4625 0.190625 0.35 0.000140194
0 0.834375 0.482422 0.265625 0.561719 0.000140296
0 0.355859 0.593359 0.122656 0.194531 0.000141714
0 0.297266 0.510156 0.0882813 0.109375 0.000145159
0 0.282031 0.181641 0.0796875 0.114844 0.000146684
0 0.779688 0.758203 0.373437 0.436719 0.000148572
0 0.794531 0.533594 0.125 0.270312 0.000153471
0 0.09375 0.289453 0.1875 0.439844 0.000154958
0 0.638281 0.385938 0.132812 0.1875 0.000155155
0 0.229687 0.514063 0.101562 0.209375 0.000159327
0 0.389453 0.26875 0.0960938 0.151562 0.000160213
0 0.261719 0.554297 0.084375 0.114844 0.000166543
0 0.321094 0.408594 0.14375 0.246875 0.000169331
0 0.347266 0.652734 0.142969 0.196094 0.000184245
0 0.678906 0.571875 0.14375 0.203125 0.000194059
0 0.301172 0.198437 0.0914062 0.11875 0.000196279
0 0.650781 0.233984 0.096875 0.138281 0.000196423
0 0.742188 0.446875 0.078125 0.109375 0.000196646
0 0.726562 0.239063 0.109375 0.209375 0.000205606
0 0.371875 0.433984 0.195312 0.500781 0.000206001
0 0.604297 0.607422 0.128906 0.197656 0.000208722
0 0.0621094 0.2125 0.124219 0.409375 0.000212936
0 0.266016 0.200781 0.0554687 0.101562 0.000214799
0 0.753906 0.367578 0.109375 0.207031 0.000215239
0 0.130469 0.05625 0.259375 0.107813 0.000217448
0 0.795703 0.359375 0.225781 0.482812 0.000221088
0 0.282813 0.408984 0.126563 0.203906 0.000229888
0 0.0308594 0.729688 0.0601562 0.446875 0.00023549
0 0.278906 0.528906 0.084375 0.10625 0.000235805
0 0.748438 0.276172 0.104687 0.246094 0.000245405
0 0.377734 0.355078 0.132031 0.317969 0.000246008
0 0.262109 0.472656 0.0835937 0.10625 0.000246942
0 0.701953 0.611719 0.147656 0.165625 0.00024778
0 0.0476562 0.439844 0.0953125 0.323438 0.00025092
0 0.2375 0.594141 0.0828125 0.103906 0.000280574
0 0.2625 0.346094 0.0921875 0.220313 0.000298061
0 0.654297 0.275781 0.152344 0.248437 0.000298897
0 0.0277344 0.35625 0.0554687 0.384375 0.000302297
0 0.816406 0.607422 0.229687 0.335156 0.000310447
0 0.345703 0.1625 0.0992187 0.110937 0.00032288
0 0.972656 0.389844 0.053125 0.409375 0.000360787
0 0.703125 0.649609 0.254687 0.197656 0.000368253
0 0.353906 0.191406 0.128125 0.140625 0.000377656
0 0.385156 0.548437 0.126563 0.3 0.000377699
0 0.630078 0.397656 0.172656 0.342187 0.000392167
0 0.0277344 0.479297 0.0539063 0.267969 0.000402217
0 0.335938 0.533984 0.132812 0.252344 0.000463257
0 0.271484 0.26875 0.0945313 0.20625 0.000514899
0 0.757812 0.572266 0.132812 0.216406 0.000563403
0 0.264062 0.451172 0.1 0.196094 0.000592754
0 0.736328 0.408984 0.0835937 0.107031 0.000606846
0 0.659375 0.449219 0.1375 0.245312 0.000621455
0 0.294922 0.216406 0.124219 0.182812 0.000661804
0 0.272266 0.227734 0.0742188 0.149219 0.00068676
0 0.337891 0.323438 0.192969 0.440625 0.000745214
0 0.240234 0.591016 0.122656 0.164844 0.00082778
0 0.260547 0.508594 0.0820312 0.107813 0.000846338
0 0.680469 0.510938 0.198437 0.209375 0.000858104
0 0.275391 0.319141 0.132031 0.353906 0.000934096
0 0.283984 0.588672 0.146094 0.191406 0.0010673
0 0.219531 0.523828 0.132812 0.324219 0.00107502
0 0.254687 0.409766 0.121875 0.385156 0.00115905
0 0.629687 0.51875 0.207813 0.326562 0.00118086
0 0.721094 0.550781 0.14375 0.225 0.00128528
0 0.258594 0.589453 0.29375 0.355469 0.0013286
0 0.698828 0.387891 0.163281 0.191406 0.00138894
0 0.298438 0.471875 0.14375 0.259375 0.0014742
0 0.70625 0.658984 0.332812 0.358594 0.00183723
0 0.784766 0.482031 0.164844 0.4125 0.00209874
0 0.736328 0.407422 0.103906 0.182031 0.0021914
0 0.717188 0.324609 0.157813 0.350781 0.00310114
0 0.247656 0.586719 0.164062 0.253125 0.00323186
0 0.666016 0.592188 0.246094 0.2875 0.00334454
0 0.753516 0.472266 0.0992187 0.282031 0.00410337
0 0.323828 0.594141 0.180469 0.255469 0.00454356
0 0.745313 0.595703 0.228125 0.296094 0.00876286
0 0.2625 0.5125 0.117188 0.2375 0.00918649
0 0.680078 0.391797 0.227344 0.471094 0.0160777
0 0.723437 0.449219 0.154687 0.359375 0.0246484
0 0.302734 0.4125 0.207031 0.4875 0.0375652
0 0.701172 0.519922 0.227344 0.353906 0.101254
0 0.289062 0.534375 0.190625 0.307813 0.125892
