0 0.241016 0.236719 0.0601562 0.06875 0.000103126
0 0.214453 0.603906 0.185156 0.303125 0.000104504
0 0.832422 0.522656 0.172656 0.454688 0.000106687
0 0.338672 0.654688 0.141406 0.192188 0.000107572
0 0.703906 0.619531 0.189063 0.276563 0.000108959
0 0.631641 0.222656 0.130469 0.140625 0.000112125
0 0.640234 0.678516 0.114844 0.174219 0.000113767
0 0.741797 0.59375 0.105469 0.129688 0.000121592
0 0.81875 0.466797 0.107813 0.213281 0.00012486
0 0.779688 0.3375 0.0734375 0.084375 0.000125504
0 0.302344 0.197266 0.151562 0.121094 0.000125912
0 0.424219 0.219531 0.101562 0.142188 0.000128492
0 0.358594 0.364844 0.179688 0.192188 0.000134399
0 0.719141 0.267188 0.235156 0.234375 0.000141837
0 0.78125 0.592578 0.126563 0.180469 0.000155515
0 0.831641 0.648438 0.188281 0.359375 0.000158395
0 0.284375 0.490234 0.235938 0.400781 0.000173183
0 0.233594 0.456641 0.170312 0.316406 0.000193432
0 0.261328 0.588281 0.0851562 0.0953125 0.000197514
0 0.348828 0.299609 0.250781 0.289844 0.000199579
0 0.741797 0.637891 0.146094 0.203906 0.000211087
0 0.283203 0.675781 0.139844 0.160938 0.000218122
0 0.654297 0.302734 0.136719 0.144531 0.000220933
0 0.294922 0.346094 0.247656 0.245312 0.000234493
0 0.739844 0.367969 0.2 0.242188 0.000246553
0 0.246875 0.2375 0.0875 0.104687 0.000246682
0 0.223828 0.339063 0.122656 0.170312 0.000287312
0 0.317578 0.596094 0.160156 0.165625 0.000295888
0 0.804297 0.427344 0.0960938 0.13125 0.000318516
0 0.237109 0.272656 0.0929687 0.15 0.000338159
0 0.395703 0.225 0.172656 0.170312 0.000371443
0 0.782031 0.339844 0.0984375 0.146875 0.000394863
0 0.667578 0.226172 0.174219 0.185156 0.000402212
0 0.242578 0.295703 0.142969 0.219531 0.000406237
0 0.752344 0.464063 0.2125 0.464063 0.00042313
0 0.295703 0.592188 0.286719 0.339063 0.000466069
0 0.246094 0.680859 0.201562 0.242969 0.000662856
0 0.261328 0.591016 0.121094 0.141406 0.00074024
0 0.8 0.395312 0.115625 0.221875 0.000758547
0 0.321875 0.225391 0.239063 0.175781 0.000762838
0 0.678906 0.69375 0.142188 0.190625 0.000833755
0 0.784766 0.719922 0.161719 0.182031 0.000882492
0 0.795313 0.468359 0.135937 0.297656 0.000990405
0 0.275781 0.578516 0.16875 0.214844 0.00112104
0 0.789844 0.55625 0.167187 0.3625 0.00136386
0 0.739453 0.695312 0.177344 0.192188 0.00238465
0 0.779688 0.653125 0.190625 0.285937 0.00269806
0 0.291406 0.641797 0.201562 0.239844 0.00666166
