0 0.675 0.735156 0.139062 0.140625 0.0001014
0 0.348437 0.367969 0.0859375 0.101562 0.000107367
0 0.729688 0.454688 0.115625 0.19375 0.000114258
0 0.63125 0.696094 0.0890625 0.0953125 0.000115451
0 0.68125 0.536328 0.0859375 0.110156 0.000115767
0 0.694531 0.432031 0.1625 0.179688 0.000116077
0 0.953516 0.563281 0.0929687 0.501562 0.000117315
0 0.617969 0.637891 0.107813 0.169531 0.000122101
0 0.06875 0.930859 0.135937 0.138281 0.000122236
0 0.174219 0.651172 0.185937 0.352344 0.000124276
0 0.675781 0.589844 0.120312 0.1625 0.000138779
0 0.255078 0.481641 0.0632813 0.0882813 0.000142535
0 0.388672 0.6875 0.108594 0.146875 0.000147214
0 0.744531 0.740234 0.0859375 0.105469 0.000148781
0 0.78125 0.662109 0.08125 0.111719 0.00015298
0 0.187891 0.679297 0.116406 0.203906 0.000155601
0 0.2375 0.6625 0.0921875 0.110937 0.000156115
0 0.970703 0.559375 0.0585938 0.364062 0.000159134
0 0.283203 0.555078 0.191406 0.186719 0.000161802
0 0.798047 0.759375 0.0804688 0.114063 0.000168425
0 0.652734 0.43125 0.122656 0.142188 0.000169663
0 0.619141 0.744922 0.124219 0.160156 0.000170018
0 0.650781 0.658594 0.128125 0.2 0.000171865
0 0.361719 0.407813 0.0828125 0.109375 0.000177032
0 0.274609 0.692969 0.149219 0.154687 0.00018649
0 0.810938 0.797266 0.101562 0.138281 0.00019077
0 0.0894531 0.88125 0.178906 0.235938 0.000199189
0 0.325 0.710156 0.164062 0.14375 0.000202045
0 0.175391 0.707031 0.310156 0.5 0.000212588
0 0.251563 0.693359 0.090625 0.100781 0.000215013
0 0.326562 0.445703 0.146875 0.203906 0.000222566
0 0.761719 0.755469 0.0796875 0.0953125 0.000224353
0 0.680078 0.566797 0.0773437 0.0914062 0.00022828
0 0.258594 0.730078 0.234375 0.182031 0.000249574
0 0.0636719 0.694922 0.127344 0.610156 0.000262688
0 0.825391 0.729297 0.160156 0.317969 0.000265968
0 0.344141 0.681641 0.0820312 0.0992187 0.000283004
0 0.278125 0.449609 0.121875 0.144531 0.000286886
0 0.717188 0.49375 0.084375 0.115625 0.000292459
0 0.236719 0.578516 0.126563 0.219531 0.000306386
0 0.759375 0.597266 0.109375 0.214844 0.000308589
0 0.343359 0.615625 0.124219 0.173438 0.000318381
0 0.108203 0.801172 0.211719 0.397656 0.000334068
0 0.751172 0.532031 0.117969 0.220313 0.000339285
0 0.378125 0.466797 0.157813 0.189844 0.000342083
0 0.36875 0.553906 0.198437 0.470313 0.000395902
0 0.71875 0.532031 0.090625 0.11875 0.000409767
0 0.241797 0.483203 0.0898438 0.136719 0.000424507
0 0.720703 0.680859 0.185156 0.200781 0.000442986
0 0.610547 0.624219 0.142969 0.284375 0.000462558
0 0.227344 0.738281 0.30625 0.292188 0.000470898
0 0.698828 0.552734 0.0820312 0.0914062 0.000494456
0 0.717188 0.566797 0.145313 0.160156 0.000523677
0 0.600391 0.678125 0.0992187 0.0953125 0.000525799
0 0.632422 0.447266 0.180469 0.216406 0.000562806
0 0.803516 0.635156 0.160156 0.385938 0.000602572
0 0.780859 0.736719 0.0804688 0.110937 0.00063123
0 0.732031 0.473047 0.3125 0.349219 0.000707046
0 0.745313 0.7375 0.129688 0.142188 0.000753886
0 0.276953 0.617188 0.196094 0.189063 0.000979711
0 0.341016 0.679688 0.117969 0.15 0.00103467
0 0.782422 0.701172 0.0789063 0.111719 0.00107329
0 0.201562 0.730469 0.1375 0.170312 0.00115572
0 0.751953 0.697656 0.305469 0.35 0.00119083
0 0.337891 0.651953 0.174219 0.210156 0.00127057
0 0.633594 0.520703 0.2125 0.369531 0.00129985
0 0.250781 0.474609 0.132812 0.203906 0.00134404
0 0.779297 0.661719 0.0960938 0.201562 0.00135219
0 0.795313 0.738672 0.107813 0.172656 0.0015194
0 0.2125 0.573047 0.18125 0.414844 0.0018475
0 0.617188 0.691797 0.132812 0.144531 0.00195613
0 0.680078 0.548828 0.150781 0.144531 0.00215225
0 0.255078 0.451562 0.0710938 0.110937 0.00253379
0 0.715234 0.732031 0.227344 0.185937 0.00361991
0 0.312891 0.436719 0.224219 0.267188 0.00456644
0 0.351562 0.402734 0.151562 0.199219 0.00462664
0 0.665625 0.702734 0.209375 0.189844 0.00538943
0 0.288281 0.681641 0.245312 0.194531 0.0102993
0 0.715234 0.510938 0.135156 0.2 0.0112934
0 0.219531 0.699609 0.0859375 0.0929687 0.0172427
0 0.771484 0.705078 0.136719 0.224219 0.0216107
0 0.745703 0.616016 0.180469 0.413281 0.0429102
0 0.235156 0.648828 0.171875 0.241406 0.0448983
0 0.224219 0.696484 0.139062 0.142969 0.0611033
0 0.677734 0.484766 0.214844 0.252344 0.100699
0 0.689844 0.570312 0.2625 0.470313 0.242204
0 0.289844 0.539844 0.276563 0.4875 0.363911
