0 0.673828 0.283203 0.180469 0.228906 0.000104136
0 0.03125 0.482422 0.0625 0.638281 0.000114188
0 0.222656 0.224609 0.43125 0.369531 0.000116938
0 0.732422 0.514063 0.100781 0.15625 0.000121654
0 0.304297 0.319922 0.0820312 0.108594 0.000129459
0 0.354688 0.657812 0.16875 0.176563 0.000132834
0 0.0664062 0.784766 0.132812 0.430469 0.000143451
0 0.251172 0.323438 0.182031 0.2375 0.00014555
0 0.617578 0.286719 0.210156 0.275 0.000147867
0 0.900781 0.439063 0.198437 0.725 0.000151212
0 0.239063 0.323828 0.339063 0.402344 0.000155183
0 0.75625 0.615625 0.125 0.284375 0.000157241
0 0.135156 0.178906 0.26875 0.357812 0.000163032
0 0.639844 0.425 0.165625 0.209375 0.000164802
0 0.0574219 0.547266 0.113281 0.674219 0.000165519
0 0.184375 0.655469 0.114063 0.198437 0.000173016
0 0.286719 0.286719 0.178125 0.160938 0.00018928
0 0.971875 0.603125 0.05625 0.382812 0.00019496
0 0.769531 0.740625 0.11875 0.15625 0.00019582
0 0.205078 0.575781 0.110156 0.273438 0.000201961
0 0.746094 0.448047 0.223438 0.614844 0.000202304
0 0.694922 0.364062 0.102344 0.126563 0.000206216
0 0.35 0.275781 0.154687 0.170312 0.000227003
0 0.680469 0.511328 0.148438 0.244531 0.000232727
0 0.283203 0.468359 0.189844 0.203906 0.000243251
0 0.949219 0.605078 0.101562 0.653906 0.000244045
0 0.189063 0.115234 0.378125 0.222656 0.000262575
0 0.170703 0.617188 0.313281 0.664062 0.00027882
0 0.659375 0.680469 0.234375 0.257812 0.000299913
0 0.713281 0.468359 0.128125 0.255469 0.000307887
0 0.604297 0.364062 0.182031 0.228125 0.000313245
0 0.364453 0.436719 0.225781 0.528125 0.000327022
0 0.732422 0.718359 0.197656 0.225781 0.000354521
0 0.612109 0.473437 0.311719 0.642187 0.000389168
0 0.241797 0.430469 0.130469 0.273438 0.00039068
0 0.107031 0.698828 0.214062 0.602344 0.000441364
0 0.717578 0.552344 0.141406 0.251563 0.000442357
0 0.238281 0.533203 0.142188 0.282031 0.000449779
0 0.301172 0.632422 0.252344 0.255469 0.000476506
0 0.186328 0.476953 0.233594 0.472656 0.000514066
0 0.740625 0.530859 0.157813 0.386719 0.000548058
0 0.658203 0.365625 0.146094 0.15 0.000557672
0 0.138281 0.0679687 0.276563 0.135937 0.000600135
0 0.286719 0.366406 0.146875 0.228125 0.00067654
0 0.674609 0.366016 0.163281 0.250781 0.000812163
0 0.183984 0.615234 0.180469 0.408594 0.00110928
0 0.339844 0.552734 0.226562 0.392969 0.00116372
0 0.646484 0.366797 0.227344 0.422656 0.00206992
0 0.320312 0.319531 0.171875 0.195312 0.00252856
0 0.251172 0.409375 0.205469 0.36875 0.00265668
0 0.227344 0.636719 0.171875 0.220313 0.00318582
0 0.676172 0.45 0.200781 0.326562 0.00367003
0 0.717969 0.636719 0.221875 0.365625 0.006103
0 0.312891 0.357031 0.213281 0.315625 0.00768932
0 0.239453 0.551172 0.202344 0.417969 0.0113229
0 0.680859 0.542969 0.253906 0.53125 0.424146
0 0.291406 0.476172 0.270312 0.530469 0.46818
