0 0.352344 0.325 0.0515625 0.0828125 0.000104139
0 0.623047 0.562891 0.202344 0.424219 0.000104709
0 0.704687 0.716016 0.20625 0.185156 0.000104939
0 0.659375 0.324609 0.0984375 0.169531 0.000110338
0 0.342578 0.316016 0.132031 0.177344 0.000117474
0 0.661719 0.530859 0.121875 0.189844 0.000125543
0 0.780859 0.494922 0.117969 0.197656 0.000125783
0 0.148828 0.0382813 0.297656 0.0765625 0.000133205
0 0.273828 0.549219 0.0835937 0.0984375 0.000136274
0 0.664062 0.677344 0.148438 0.190625 0.000152978
0 0.244531 0.59375 0.114063 0.2125 0.000153235
0 0.299219 0.370313 0.046875 0.075 0.000157785
0 0.697266 0.401953 0.202344 0.360156 0.000162773
0 0.388672 0.365625 0.121094 0.19375 0.000173268
0 0.353516 0.344141 0.0726563 0.0929687 0.000174872
0 0.308594 0.369531 0.08125 0.117188 0.000177297
0 0.150781 0.202734 0.289062 0.388281 0.000184525
0 0.251953 0.476953 0.342969 0.724219 0.00020399
0 0.666016 0.359375 0.141406 0.220313 0.000218184
0 0.214844 0.648438 0.132812 0.290625 0.000219839
0 0.242969 0.717578 0.1875 0.196094 0.000224874
0 0.977344 0.804297 0.0453125 0.391406 0.000228804
0 0.705078 0.80625 0.291406 0.285937 0.000231019
0 0.302344 0.575391 0.134375 0.247656 0.000241111
0 0.0886719 0.0621094 0.177344 0.124219 0.000249502
0 0.7625 0.69375 0.145313 0.2375 0.000269472
0 0.259766 0.492969 0.0757812 0.110937 0.000270946
0 0.306641 0.396484 0.114844 0.167969 0.000273758
0 0.36875 0.325391 0.101562 0.132031 0.000286224
0 0.184766 0.0621094 0.369531 0.122656 0.000304393
0 0.703125 0.651172 0.14375 0.225781 0.000338099
0 0.288281 0.383984 0.053125 0.0695312 0.000365466
0 0.771484 0.361328 0.0632813 0.0960938 0.000366754
0 0.344922 0.717969 0.0898438 0.109375 0.00037148
0 0.757031 0.419922 0.154687 0.358594 0.000373211
0 0.262891 0.65625 0.147656 0.259375 0.000385759
0 0.289062 0.399219 0.071875 0.121875 0.000391698
0 0.775781 0.55625 0.14375 0.204688 0.000413544
0 0.410156 0.687891 0.173438 0.291406 0.000420401
0 0.257422 0.531641 0.0789063 0.107031 0.000430823
0 0.35 0.445312 0.220313 0.370313 0.000446321
0 0.307422 0.713672 0.150781 0.183594 0.000457597
0 0.722266 0.536328 0.202344 0.208594 0.000471829
0 0.129297 0.113672 0.257031 0.227344 0.000475634
0 0.815625 0.7875 0.184375 0.30625 0.000506705
0 0.305078 0.409766 0.166406 0.271094 0.000527999
0 0.38125 0.638281 0.140625 0.235938 0.000528779
0 0.761328 0.739453 0.224219 0.199219 0.000595174
0 0.664062 0.569922 0.1625 0.296094 0.000691739
0 0.435156 0.317578 0.1375 0.203906 0.000696757
0 0.691406 0.682813 0.24375 0.323438 0.000707993
0 0.282813 0.749219 0.289062 0.2625 0.000777286
0 0.380469 0.751953 0.1875 0.255469 0.000824434
0 0.40625 0.467578 0.165625 0.460156 0.000831414
0 0.796094 0.654297 0.146875 0.269531 0.000834609
0 0.271875 0.450391 0.114063 0.214844 0.000840301
0 0.705078 0.593359 0.182031 0.210156 0.00112743
0 0.386719 0.373047 0.173438 0.275781 0.00113339
0 0.791797 0.534766 0.166406 0.371094 0.00123548
0 0.345703 0.732422 0.138281 0.186719 0.00124257
0 0.253516 0.522656 0.102344 0.196875 0.00205952
0 0.325 0.639453 0.145313 0.263281 0.00229285
0 0.374219 0.607813 0.195312 0.409375 0.00354814
0 0.76875 0.75 0.265625 0.41875 0.00384061
0 0.262891 0.555859 0.166406 0.383594 0.00459876
0 0.757812 0.61875 0.15 0.221875 0.00579958
0 0.725391 0.496875 0.222656 0.4625 0.00965421
0 0.284766 0.645703 0.244531 0.332031 0.0131381
0 0.319922 0.548437 0.258594 0.515625 0.0407227
0 0.348828 0.694531 0.199219 0.25 0.0610417
0 0.742188 0.624219 0.239063 0.3125 0.321638
