0 0.280078 0.450391 0.0867188 0.116406 0.000105117
0 0.195312 0.795703 0.0546875 0.0757812 0.000107315
0 0.297266 0.530859 0.139844 0.253906 0.000113596
0 0.822656 0.352734 0.146875 0.246094 0.000117804
0 0.802344 0.6375 0.090625 0.107813 0.000122779
0 0.828125 0.3875 0.289062 0.4875 0.000138532
0 0.255078 0.633984 0.0820312 0.102344 0.000138742
0 0.408203 0.358984 0.139844 0.224219 0.00014218
0 0.787891 0.5125 0.133594 0.276563 0.000142725
0 0.283203 0.364062 0.102344 0.192188 0.000146726
0 0.210938 0.771875 0.1 0.140625 0.00014825
0 0.244922 0.596094 0.0742188 0.109375 0.000150376
0 0.424219 0.778516 0.395312 0.442969 0.000150379
0 0.389062 0.759375 0.0890625 0.109375 0.000151352
0 0.8375 0.617969 0.123438 0.2125 0.000152272
0 0.0449219 0.642969 0.0882813 0.396875 0.000153442
0 0.746094 0.378906 0.140625 0.204688 0.000166821
0 0.665625 0.714453 0.148438 0.185156 0.000174012
0 0.38125 0.526563 0.160938 0.309375 0.000176155
0 0.28125 0.699609 0.0890625 0.111719 0.000182719
0 0.780469 0.652734 0.0875 0.108594 0.000188581
0 0.235938 0.742969 0.298438 0.332812 0.00018985
0 0.317969 0.466797 0.13125 0.157031 0.000190527
0 0.348437 0.752344 0.114063 0.123438 0.000203551
0 0.681641 0.363672 0.125781 0.167969 0.000208236
0 0.766797 0.327344 0.297656 0.3125 0.000216831
0 0.3 0.617969 0.115625 0.171875 0.000218789
0 0.0445312 0.482812 0.0890625 0.510938 0.000223311
0 0.341406 0.637109 0.110937 0.147656 0.000224217
0 0.190234 0.699609 0.182031 0.455469 0.000224986
0 0.360938 0.793359 0.232812 0.188281 0.000226038
0 0.686328 0.698047 0.302344 0.347656 0.000230502
0 0.84375 0.725391 0.140625 0.158594 0.000231914
0 0.364062 0.679297 0.129688 0.233594 0.000239303
0 0.742578 0.61875 0.149219 0.171875 0.000261704
0 0.783594 0.358594 0.0859375 0.11875 0.000278542
0 0.329297 0.3375 0.160156 0.204688 0.000286797
0 0.396094 0.557031 0.246875 0.517187 0.000287665
0 0.748438 0.320703 0.090625 0.113281 0.000300791
0 0.669922 0.614062 0.128906 0.190625 0.000301713
0 0.263672 0.489062 0.0945313 0.165625 0.00034677
0 0.0273438 0.526172 0.0546875 0.414844 0.000379747
0 0.21875 0.523438 0.176563 0.525 0.000391575
0 0.295312 0.425781 0.104687 0.192188 0.000423682
0 0.369141 0.312891 0.166406 0.185156 0.000425481
0 0.817969 0.553125 0.11875 0.275 0.000451623
0 0.744531 0.598047 0.24375 0.205469 0.000475983
0 0.351953 0.748828 0.342969 0.300781 0.000493145
0 0.321484 0.658594 0.127344 0.215625 0.000592512
0 0.243359 0.659375 0.114844 0.2125 0.000633185
0 0.332812 0.48125 0.21875 0.378125 0.000684211
0 0.412891 0.763672 0.130469 0.161719 0.000703828
0 0.741016 0.687891 0.149219 0.186719 0.000753462
0 0.694922 0.546094 0.196094 0.345313 0.00095243
0 0.776953 0.719922 0.324219 0.286719 0.00102642
0 0.386719 0.649219 0.184375 0.35625 0.00105948
0 0.297656 0.715234 0.134375 0.166406 0.00110056
0 0.276953 0.636328 0.132031 0.263281 0.00140934
0 0.260156 0.551562 0.10625 0.275 0.00151735
0 0.702734 0.320312 0.164844 0.192188 0.00158856
0 0.302734 0.39375 0.147656 0.275 0.00173243
0 0.814844 0.626953 0.28125 0.394531 0.00195268
0 0.246875 0.599219 0.284375 0.542188 0.00231068
0 0.778906 0.323828 0.0875 0.113281 0.00231636
0 0.236328 0.728125 0.135156 0.2125 0.00253605
0 0.830469 0.677734 0.178125 0.217969 0.00257507
0 0.741406 0.394922 0.207813 0.310156 0.0027346
0 0.378516 0.739844 0.164844 0.179688 0.00315992
0 0.797656 0.405078 0.103125 0.274219 0.00316924
0 0.716406 0.480859 0.259375 0.552344 0.00346137
0 0.703906 0.659375 0.1875 0.198437 0.00350939
0 0.274609 0.440234 0.125781 0.277344 0.00385052
0 0.780469 0.65625 0.148438 0.164062 0.00477643
0 0.831641 0.555078 0.161719 0.494531 0.00556188
0 0.336328 0.711719 0.227344 0.21875 0.00705245
0 0.751562 0.317578 0.14375 0.160156 0.00975845
0 0.806641 0.604688 0.174219 0.309375 0.00978237
0 0.242969 0.636328 0.135937 0.378906 0.0141163
0 0.272656 0.698438 0.179688 0.248437 0.0241611
0 0.321484 0.532812 0.282031 0.598437 0.0256935
0 0.780078 0.350391 0.124219 0.202344 0.0382712
0 0.769141 0.659375 0.233594 0.2125 0.0972159
0 0.784375 0.508984 0.190625 0.499219 0.13005
0 0.276172 0.540625 0.160156 0.51875 0.132894
