0 0.335547 0.432422 0.0820312 0.113281 0.000100036
0 0.741406 0.491797 0.0890625 0.105469 0.000102804
0 0.745313 0.192969 0.190625 0.190625 0.000102929
0 0.850391 0.689453 0.253906 0.621094 0.000104072
0 0.0242187 0.895703 0.0359375 0.208594 0.000105093
0 0.725391 0.432031 0.125781 0.195312 0.00010708
0 0.299219 0.509766 0.078125 0.163281 0.000107292
0 0.375 0.488281 0.28125 0.31875 0.000108054
0 0.219531 0.864453 0.09375 0.238281 0.000111255
0 0.8375 0.511719 0.282813 0.40625 0.000113488
0 0.703516 0.182031 0.172656 0.279687 0.000114351
0 0.386719 0.0769531 0.1125 0.125781 0.000115772
0 0.233203 0.96875 0.0554687 0.0625 0.000118456
0 0.45625 0.354297 0.1375 0.357031 0.000119084
0 0.467969 0.453516 0.117188 0.244531 0.000119452
0 0.463672 0.137891 0.155469 0.214844 0.00012693
0 0.408203 0.0503906 0.144531 0.0914062 0.00012703
0 0.935547 0.303516 0.124219 0.607031 0.00012899
0 0.330078 0.244141 0.0757812 0.117969 0.000129331
0 0.757812 0.472656 0.08125 0.0984375 0.000131819
0 0.3625 0.136328 0.0875 0.107031 0.000137054
0 0.210938 0.903906 0.0359375 0.084375 0.000145531
0 0.80625 0.403125 0.08125 0.109375 0.000148396
0 0.190625 0.902344 0.107813 0.195312 0.000150797
0 0.821875 0.582812 0.125 0.110937 0.000153207
0 0.859766 0.587891 0.0632813 0.0882813 0.000160546
0 0.808594 0.303906 0.084375 0.114063 0.000161589
0 0.427344 0.404297 0.110937 0.219531 0.000166841
0 0.758984 0.801953 0.136719 0.122656 0.000169992
0 0.770703 0.364453 0.117969 0.205469 0.00017563
0 0.849609 0.573828 0.111719 0.214844 0.000182812
0 0.977344 0.315234 0.0453125 0.491406 0.00018465
0 0.814844 0.163672 0.0984375 0.138281 0.0001861
0 0.0402344 0.886719 0.0632813 0.226562 0.000187089
0 0.311328 0.450391 0.0710938 0.114844 0.00019134
0 0.733984 0.564453 0.175781 0.210156 0.000194039
0 0.337109 0.468359 0.0867188 0.105469 0.000198332
0 0.341016 0.505859 0.153906 0.152344 0.000200777
0 0.682422 0.0664062 0.153906 0.126563 0.000207229
0 0.184375 0.938281 0.065625 0.123438 0.000215914
0 0.38125 0.383984 0.128125 0.249219 0.0002174
0 0.419531 0.503516 0.153125 0.158594 0.000218289
0 0.934766 0.558594 0.130469 0.8 0.000222278
0 0.832031 0.239844 0.101562 0.21875 0.000223271
0 0.444922 0.0699219 0.166406 0.128906 0.000223974
0 0.821875 0.330078 0.0828125 0.119531 0.0002251
0 0.305859 0.237109 0.122656 0.369531 0.000231289
0 0.313672 0.324219 0.0820312 0.209375 0.000240745
0 0.786328 0.75 0.249219 0.417188 0.000243621
0 0.196094 0.907422 0.0234375 0.0820312 0.000243919
0 0.771875 0.3 0.1375 0.25 0.000252986
0 0.839844 0.488281 0.110937 0.2375 0.00026874
0 0.317578 0.484766 0.0820312 0.108594 0.000286065
0 0.216797 0.980078 0.0273438 0.0398437 0.000297616
0 0.730469 0.107813 0.210938 0.1875 0.00031526
0 0.182031 0.976953 0.04375 0.0460938 0.000347829
0 0.969141 0.437891 0.0617188 0.405469 0.000377461
0 0.342187 0.154297 0.096875 0.172656 0.000393421
0 0.336719 0.364453 0.0921875 0.214844 0.000401355
0 0.360547 0.466016 0.133594 0.141406 0.000402274
0 0.283203 0.367188 0.119531 0.401563 0.000406597
0 0.196875 0.910937 0.0328125 0.140625 0.000450105
0 0.954687 0.438281 0.090625 0.595312 0.000471251
0 0.212891 0.967969 0.0601562 0.0640625 0.000496832
0 0.211719 0.908594 0.06875 0.16875 0.000500926
0 0.182031 0.980859 0.0234375 0.0382813 0.000509762
0 0.871094 0.392188 0.198437 0.607813 0.000638634
0 0.807031 0.426562 0.114063 0.2125 0.00069012
0 0.322656 0.351172 0.289062 0.486719 0.000721587
0 0.193359 0.979688 0.0304688 0.040625 0.000726176
0 0.36875 0.114844 0.123438 0.165625 0.000731674
0 0.847266 0.566406 0.0898438 0.11875 0.000829786
0 0.832812 0.405859 0.115625 0.283594 0.000853527
0 0.797656 0.853125 0.239063 0.271875 0.000887832
0 0.773047 0.154297 0.167969 0.174219 0.000902954
0 0.807031 0.365625 0.0828125 0.10625 0.000911659
0 0.403906 0.0878906 0.173438 0.164844 0.000950853
0 0.812891 0.547656 0.160156 0.167187 0.000986728
0 0.3375 0.429688 0.11875 0.195312 0.0010483
0 0.404687 0.449219 0.18125 0.217187 0.0010493
0 0.741797 0.511328 0.149219 0.175781 0.00112727
0 0.190625 0.964063 0.0453125 0.071875 0.00176412
0 0.768359 0.817187 0.207031 0.171875 0.00188363
0 0.204688 0.9375 0.0484375 0.115625 0.00201614
0 0.747656 0.445312 0.176563 0.290625 0.00211131
0 0.390234 0.149609 0.182031 0.233594 0.00224797
0 0.808203 0.203125 0.124219 0.225 0.00232314
0 0.318359 0.467969 0.0960938 0.184375 0.0031469
0 0.327344 0.263672 0.096875 0.267969 0.00347702
0 0.819141 0.297656 0.103906 0.215625 0.00359853
0 0.770703 0.222656 0.199219 0.364062 0.00418111
0 0.789844 0.349219 0.278125 0.532812 0.00437962
0 0.807031 0.361328 0.10625 0.208594 0.00554892
0 0.35 0.426953 0.16875 0.282031 0.00693292
0 0.782031 0.508594 0.196875 0.229687 0.0076917
0 0.353125 0.205469 0.125 0.285937 0.00930153
0 0.392188 0.290234 0.2125 0.502344 0.0102014
0 0.319922 0.380859 0.102344 0.344531 0.0207903
0 0.803516 0.428125 0.161719 0.38125 0.0284569
0 0.340234 0.300391 0.127344 0.449219 0.0848606
0 0.808594 0.299609 0.13125 0.386719 0.201137
