0 0.715234 0.123828 0.489844 0.247656 0.000102145
0 0.128906 0.298047 0.257812 0.591406 0.000102529
0 0.756641 0.487109 0.0851562 0.116406 0.000104068
0 0.266016 0.285547 0.0742188 0.108594 0.000107079
0 0.891016 0.691016 0.217969 0.617969 0.000110743
0 0.0605469 0.0355469 0.121094 0.0695312 0.000110966
0 0.770703 0.589063 0.339844 0.525 0.000114975
0 0.61875 0.513672 0.117188 0.167969 0.000117718
0 0.651172 0.619531 0.205469 0.165625 0.000117876
0 0.802344 0.199609 0.395312 0.391406 0.000118893
0 0.892969 0.282031 0.214062 0.564062 0.000120736
0 0.355078 0.0628906 0.496094 0.121094 0.000122876
0 0.721484 0.0644531 0.483594 0.125781 0.00012522
0 0.746875 0.625 0.0828125 0.0703125 0.000131102
0 0.260938 0.323828 0.0828125 0.116406 0.000132187
0 0.336328 0.588672 0.155469 0.138281 0.000133245
0 0.337891 0.342187 0.150781 0.173438 0.00013848
0 0.703906 0.464844 0.084375 0.104687 0.000138949
0 0.674609 0.241016 0.0710938 0.0882813 0.000139332
0 0.969922 0.265234 0.0601562 0.472656 0.000139975
0 0.603906 0.191406 0.364062 0.382812 0.00014022
0 0.722656 0.483984 0.0859375 0.108594 0.000148956
0 0.948828 0.358203 0.100781 0.702344 0.000150923
0 0.891797 0.0398437 0.216406 0.0765625 0.000155408
0 0.752734 0.373828 0.0960938 0.200781 0.000156088
0 0.639844 0.45 0.132812 0.217187 0.000160184
0 0.352344 0.121094 0.507812 0.242188 0.00016237
0 0.277734 0.426953 0.149219 0.266406 0.000165832
0 0.0773437 0.0648438 0.154687 0.123438 0.00016758
0 0.0570313 0.369922 0.114063 0.647656 0.000174166
0 0.740625 0.656641 0.184375 0.246094 0.000174949
0 0.782031 0.633203 0.08125 0.107031 0.000189988
0 0.20625 0.573438 0.096875 0.146875 0.000190419
0 0.0867188 0.691016 0.173438 0.617969 0.000190622
0 0.723437 0.409766 0.0875 0.105469 0.000192
0 0.745703 0.596875 0.0882813 0.096875 0.000196567
0 0.348828 0.468359 0.0992187 0.153906 0.000219457
0 0.220313 0.0425781 0.421875 0.0851562 0.000224762
0 0.214062 0.363281 0.192188 0.370313 0.00023306
0 0.655078 0.590625 0.141406 0.142188 0.000242536
0 0.572656 0.371875 0.404687 0.689062 0.000245224
0 0.347266 0.203125 0.0804688 0.0921875 0.000245432
0 0.228516 0.184766 0.457031 0.369531 0.000294695
0 0.300391 0.551172 0.0773437 0.0867188 0.000295789
0 0.236719 0.474219 0.107813 0.170312 0.000298627
0 0.76875 0.645703 0.117188 0.158594 0.000307928
0 0.174609 0.446094 0.236719 0.44375 0.000327341
0 0.674219 0.553906 0.14375 0.170312 0.000328917
0 0.632422 0.445703 0.189844 0.346094 0.00033907
0 0.371094 0.392969 0.204688 0.440625 0.000352493
0 0.848828 0.126953 0.302344 0.253906 0.000400493
0 0.750781 0.375781 0.16875 0.2875 0.000428118
0 0.348047 0.226953 0.103906 0.146094 0.000456944
0 0.296484 0.26875 0.328906 0.309375 0.000461872
0 0.274219 0.583594 0.209375 0.16875 0.000481442
0 0.340625 0.472266 0.189063 0.292969 0.000525475
0 0.335938 0.521875 0.15 0.179688 0.000536886
0 0.846094 0.0679687 0.307813 0.13125 0.000543868
0 0.113672 0.0414063 0.227344 0.0796875 0.000550791
0 0.660937 0.511719 0.189063 0.201562 0.000581071
0 0.266797 0.285156 0.111719 0.1875 0.000592838
0 0.63125 0.439844 0.267188 0.514063 0.000614902
0 0.778516 0.441406 0.125781 0.246875 0.000616015
0 0.247266 0.362109 0.119531 0.228906 0.000718189
0 0.221094 0.0992187 0.442187 0.198437 0.000738223
0 0.741797 0.447656 0.0882813 0.11875 0.00116062
0 0.680078 0.4125 0.192969 0.203125 0.00117427
0 0.739062 0.398828 0.332812 0.538281 0.00118797
0 0.624609 0.563281 0.157031 0.19375 0.00122204
0 0.334375 0.275781 0.192188 0.239063 0.00135997
0 0.149609 0.0660156 0.299219 0.132031 0.00144462
0 0.299609 0.550391 0.153906 0.147656 0.00146203
0 0.233594 0.552734 0.15625 0.188281 0.0015652
0 0.738672 0.597656 0.146094 0.135937 0.00191458
0 0.687891 0.340625 0.236719 0.378125 0.00196156
0 0.766016 0.610937 0.0914062 0.103125 0.00284022
0 0.755469 0.414062 0.071875 0.103125 0.00312613
0 0.758594 0.548828 0.132812 0.257031 0.00366528
0 0.273828 0.521094 0.230469 0.245312 0.00404157
0 0.242578 0.467187 0.203906 0.4375 0.00490455
0 0.701172 0.465234 0.177344 0.191406 0.00583589
0 0.695703 0.565625 0.227344 0.217187 0.00663273
0 0.282813 0.316797 0.170312 0.250781 0.0143985
0 0.739844 0.432031 0.115625 0.182812 0.0223614
0 0.735156 0.475391 0.151562 0.288281 0.0832504
0 0.691406 0.469531 0.228125 0.379687 0.325418
0 0.295312 0.398047 0.248437 0.494531 0.44537
