0 0.222266 0.467187 0.116406 0.190625 0.00010369
0 0.585156 0.450391 0.204688 0.296094 0.000112008
0 0.300391 0.517187 0.122656 0.171875 0.000112222
0 0.603516 0.706641 0.347656 0.463281 0.000115617
0 0.153516 0.424609 0.0882813 0.178906 0.000117646
0 0.174609 0.494141 0.111719 0.199219 0.00011768
0 0.733594 0.765625 0.307813 0.30625 0.000118939
0 0.615234 0.771094 0.194531 0.146875 0.000122129
0 0.187109 0.576563 0.0898438 0.0890625 0.000122745
0 0.397656 0.555078 0.359375 0.614844 0.000122927
0 0.350391 0.759375 0.152344 0.171875 0.000124461
0 0.377344 0.724609 0.18125 0.317969 0.000130132
0 0.211719 0.468359 0.289062 0.416406 0.000131625
0 0.198437 0.715234 0.142188 0.178906 0.000135833
0 0.257422 0.404687 0.103906 0.142188 0.000140087
0 0.603125 0.318359 0.123438 0.147656 0.000141468
0 0.233594 0.346094 0.0890625 0.129688 0.000146809
0 0.659766 0.6625 0.199219 0.215625 0.000148095
0 0.153906 0.761719 0.096875 0.157813 0.000150487
0 0.727344 0.575 0.135937 0.209375 0.000152232
0 0.576953 0.702344 0.135156 0.184375 0.000153337
0 0.223438 0.421484 0.075 0.0929687 0.000162392
0 0.386719 0.679297 0.276563 0.471094 0.000166083
0 0.193359 0.310156 0.0539063 0.05 0.000171163
0 0.585156 0.35625 0.154687 0.184375 0.000171687
0 0.157031 0.0945313 0.173438 0.167187 0.000177066
0 0.262891 0.945703 0.207031 0.107031 0.000186109
0 0.683203 0.771094 0.233594 0.189063 0.000199657
0 0.249609 0.359375 0.124219 0.19375 0.000201102
0 0.240234 0.657031 0.135156 0.190625 0.000219346
0 0.214062 0.346094 0.071875 0.096875 0.000219943
0 0.303125 0.656641 0.190625 0.302344 0.0002263
0 0.202344 0.424219 0.103125 0.182812 0.000227514
0 0.157422 0.632422 0.0867188 0.114844 0.000227754
0 0.2 0.379297 0.0546875 0.0914062 0.000232604
0 0.714844 0.484766 0.125 0.192969 0.000233795
0 0.605469 0.552344 0.201562 0.285937 0.000234144
0 0.214453 0.616016 0.150781 0.175781 0.000237286
0 0.667578 0.701563 0.141406 0.159375 0.000239764
0 0.260547 0.516797 0.149219 0.191406 0.000259741
0 0.253516 0.432813 0.136719 0.235938 0.000294494
0 0.15625 0.559766 0.0859375 0.103906 0.000304912
0 0.187891 0.374609 0.119531 0.196094 0.000320687
0 0.138281 0.603516 0.0859375 0.138281 0.000338523
0 0.712109 0.532422 0.0960938 0.116406 0.000344949
0 0.592188 0.742578 0.132812 0.122656 0.000368163
0 0.698438 0.703125 0.0921875 0.107813 0.000390626
0 0.327734 0.7125 0.155469 0.192188 0.00040722
0 0.249219 0.542969 0.192188 0.30625 0.000432736
0 0.200391 0.38125 0.0789063 0.1375 0.000459126
0 0.225 0.656641 0.278125 0.346094 0.000513582
0 0.286719 0.73125 0.1625 0.175 0.000561647
0 0.185547 0.325391 0.0507812 0.0617188 0.000624885
0 0.158203 0.716797 0.127344 0.225781 0.000683937
0 0.623047 0.729688 0.238281 0.182812 0.00087349
0 0.160156 0.652734 0.10625 0.197656 0.00093819
0 0.719141 0.733203 0.0945313 0.103906 0.000951939
0 0.703906 0.75 0.145313 0.165625 0.000952012
0 0.225 0.392969 0.107813 0.170312 0.00101824
0 0.659766 0.56875 0.185156 0.209375 0.00106727
0 0.155078 0.536719 0.113281 0.184375 0.00107243
0 0.194141 0.346484 0.0664062 0.113281 0.00123581
0 0.681641 0.527344 0.0914062 0.110937 0.00135464
0 0.248828 0.697656 0.196094 0.195312 0.00183514
0 0.201562 0.458203 0.164062 0.291406 0.00184454
0 0.183594 0.567578 0.148438 0.200781 0.00297165
0 0.735156 0.724219 0.140625 0.146875 0.00310779
0 0.658594 0.58125 0.28125 0.445312 0.00394075
0 0.201172 0.669531 0.188281 0.2375 0.00667064
0 0.169141 0.601172 0.110156 0.125781 0.00884334
0 0.685156 0.688281 0.276563 0.3125 0.00888506
0 0.691797 0.530859 0.149219 0.177344 0.0170868
0 0.697656 0.595703 0.173438 0.321094 0.0754381
0 0.705078 0.704297 0.183594 0.208594 0.120261
