0 0.758594 0.682422 0.145313 0.225781 0.000101131
0 0.598828 0.323047 0.410156 0.646094 0.000112379
0 0.173828 0.685156 0.142969 0.270312 0.000114466
0 0.698047 0.683203 0.141406 0.221094 0.000114636
0 0.973828 0.523828 0.0523437 0.535156 0.000116007
0 0.954297 0.769141 0.0914062 0.289844 0.000128801
0 0.180859 0.700781 0.297656 0.451562 0.000131077
0 0.925 0.0648438 0.15 0.125 0.000136156
0 0.309375 0.0390625 0.407813 0.078125 0.000136169
0 0.44375 0.137891 0.421875 0.267969 0.00013931
0 0.657812 0.665234 0.207813 0.350781 0.000141829
0 0.433594 0.065625 0.442187 0.128125 0.000147783
0 0.336328 0.697656 0.225781 0.2125 0.000147948
0 0.865625 0.817969 0.165625 0.214062 0.000150415
0 0.657812 0.758984 0.167187 0.221094 0.000152703
0 0.741797 0.754687 0.142969 0.175 0.000172425
0 0.442578 0.305078 0.363281 0.586719 0.000180419
0 0.366016 0.467578 0.189844 0.327344 0.000181894
0 0.798047 0.0347656 0.271094 0.0648438 0.000200539
0 0.953516 0.522266 0.0882813 0.688281 0.000209513
0 0.983984 0.738672 0.0320312 0.211719 0.000216768
0 0.882422 0.733203 0.180469 0.313281 0.00021888
0 0.964453 0.649219 0.0710938 0.434375 0.000223946
0 0.101172 0.799219 0.202344 0.401563 0.000235656
0 0.801562 0.804688 0.214062 0.1875 0.000244656
0 0.292188 0.198828 0.553125 0.397656 0.000254895
0 0.838672 0.699609 0.119531 0.230469 0.000283965
0 0.782031 0.736328 0.148438 0.185156 0.000298779
0 0.789453 0.104297 0.421094 0.208594 0.000323524
0 0.889453 0.0402344 0.221094 0.0773437 0.000345227
0 0.263672 0.670703 0.153906 0.189844 0.000349603
0 0.302344 0.635156 0.0921875 0.110937 0.000374275
0 0.226172 0.0617188 0.452344 0.120312 0.000378769
0 0.675391 0.731641 0.325781 0.405469 0.000445757
0 0.381641 0.434766 0.114844 0.119531 0.000506572
0 0.236719 0.700391 0.25 0.271094 0.00062411
0 0.976562 0.684766 0.046875 0.339844 0.00064892
0 0.730859 0.663281 0.239844 0.290625 0.000687699
0 0.275391 0.105469 0.546094 0.210938 0.000698792
0 0.3 0.5 0.314063 0.501562 0.000721676
0 0.805859 0.6625 0.186719 0.307813 0.000793913
0 0.354297 0.639453 0.175781 0.180469 0.000802644
0 0.839844 0.0636719 0.320312 0.122656 0.00101142
0 0.832422 0.756641 0.174219 0.236719 0.00165717
0 0.698828 0.726953 0.203906 0.221094 0.00243308
0 0.210938 0.648438 0.182812 0.239063 0.0024528
0 0.308594 0.574219 0.232812 0.303125 0.00255578
0 0.246094 0.593359 0.204688 0.266406 0.00369154
0 0.301562 0.636719 0.145313 0.159375 0.00559901
0 0.776953 0.728906 0.249219 0.226562 0.0122435
0 0.282813 0.646094 0.25 0.198437 0.097127
