0 0.642187 0.2125 0.125 0.129688 0.000106048
0 0.635547 0.677734 0.0898438 0.108594 0.000108328
0 0.407813 0.477344 0.128125 0.35 0.000108524
0 0.34375 0.613672 0.0828125 0.0976562 0.00011058
0 0.24375 0.575391 0.104687 0.191406 0.000113525
0 0.71875 0.471875 0.0765625 0.179688 0.000118806
0 0.699609 0.531641 0.100781 0.164844 0.00011911
0 0.301562 0.531641 0.15 0.183594 0.000120384
0 0.653125 0.28125 0.084375 0.0984375 0.000120957
0 0.751172 0.755469 0.177344 0.215625 0.000121824
0 0.350781 0.201562 0.110937 0.0953125 0.000122264
0 0.327734 0.240234 0.0945313 0.116406 0.000124204
0 0.163281 0.727344 0.2 0.285937 0.000125521
0 0.735156 0.575 0.06875 0.190625 0.000127446
0 0.327734 0.259375 0.0664062 0.096875 0.000131716
0 0.676562 0.680078 0.0890625 0.111719 0.000134757
0 0.344922 0.427734 0.139844 0.228906 0.000136276
0 0.618359 0.553516 0.124219 0.175781 0.000141865
0 0.679297 0.317578 0.0757812 0.0898438 0.000146964
0 0.59375 0.475 0.16875 0.421875 0.000149561
0 0.696484 0.468359 0.110156 0.235156 0.000149936
0 0.283594 0.46875 0.123438 0.245312 0.00015583
0 0.595703 0.635938 0.336719 0.428125 0.000160932
0 0.599609 0.466406 0.303906 0.657812 0.000161556
0 0.237891 0.657812 0.0851562 0.1125 0.000176639
0 0.641406 0.307031 0.26875 0.325 0.000177183
0 0.263281 0.53125 0.126563 0.254687 0.000179699
0 0.603516 0.657031 0.110156 0.189063 0.000181685
0 0.673437 0.385547 0.117188 0.182031 0.000185571
0 0.697266 0.697266 0.0882813 0.111719 0.000192682
0 0.736328 0.54375 0.296094 0.545313 0.000203223
0 0.655469 0.448438 0.134375 0.248437 0.000204896
0 0.739062 0.485547 0.1 0.478906 0.000215919
0 0.617578 0.300391 0.127344 0.174219 0.000221422
0 0.714453 0.31875 0.0695312 0.11875 0.000225349
0 0.617578 0.426562 0.124219 0.179688 0.000226491
0 0.719531 0.620703 0.107813 0.211719 0.00022703
0 0.637891 0.386719 0.0804688 0.0921875 0.000258164
0 0.308984 0.302734 0.103906 0.211719 0.000264444
0 0.654688 0.739453 0.314063 0.294531 0.000275262
0 0.711719 0.354297 0.0921875 0.221094 0.000276978
0 0.737109 0.682422 0.0679687 0.111719 0.00027736
0 0.390625 0.297656 0.123438 0.207813 0.000297115
0 0.373828 0.396094 0.149219 0.346875 0.000299098
0 0.676562 0.574219 0.142188 0.259375 0.000310833
0 0.235547 0.733984 0.325781 0.333594 0.000311477
0 0.738281 0.699219 0.296875 0.334375 0.000315919
0 0.236328 0.696094 0.0867188 0.107813 0.000336087
0 0.388281 0.489844 0.107813 0.225 0.00034641
0 0.270703 0.746094 0.246094 0.220313 0.000380131
0 0.304688 0.363672 0.0640625 0.0882813 0.000387719
0 0.342187 0.280469 0.121875 0.167187 0.000409927
0 0.719141 0.532031 0.0882813 0.2375 0.00042843
0 0.297266 0.357031 0.102344 0.196875 0.000434368
0 0.413281 0.520703 0.30625 0.719531 0.000488464
0 0.655469 0.280859 0.125 0.146094 0.000512612
0 0.333984 0.710547 0.210156 0.232031 0.000520678
0 0.219141 0.716797 0.0898438 0.111719 0.000530378
0 0.347266 0.532031 0.139844 0.267188 0.000539095
0 0.617578 0.244531 0.161719 0.195312 0.000562814
0 0.352344 0.234375 0.135937 0.164062 0.000571537
0 0.698047 0.300781 0.0835937 0.123438 0.000576145
0 0.202344 0.523438 0.267188 0.65625 0.000765993
0 0.191797 0.631641 0.164844 0.416406 0.000810373
0 0.280859 0.596875 0.149219 0.278125 0.000832119
0 0.710938 0.446094 0.1125 0.390625 0.000842448
0 0.287109 0.447656 0.175781 0.392188 0.000865525
0 0.319141 0.363281 0.107031 0.140625 0.000904671
0 0.636719 0.386328 0.109375 0.160156 0.00091163
0 0.745313 0.651172 0.0953125 0.272656 0.0011432
0 0.685938 0.748047 0.23125 0.199219 0.00115219
0 0.626562 0.396875 0.154687 0.334375 0.00128308
0 0.680859 0.308203 0.127344 0.167969 0.00134441
0 0.196094 0.696484 0.123438 0.255469 0.00138195
0 0.344531 0.613281 0.13125 0.2375 0.00144889
0 0.276953 0.675391 0.149219 0.200781 0.00146095
0 0.732813 0.716016 0.103125 0.150781 0.00154301
0 0.673047 0.358594 0.150781 0.303125 0.00174539
0 0.625 0.610156 0.153125 0.267188 0.0019978
0 0.350781 0.303125 0.165625 0.267188 0.00230356
0 0.643359 0.303906 0.163281 0.248437 0.00346109
0 0.641406 0.677344 0.18125 0.1875 0.00351193
0 0.71875 0.569531 0.120312 0.407813 0.00378609
0 0.372266 0.527344 0.160156 0.420312 0.00398352
0 0.239453 0.640625 0.128906 0.260938 0.00444485
0 0.245312 0.574609 0.167187 0.405469 0.00515153
0 0.340625 0.419531 0.207813 0.539062 0.00746132
0 0.23125 0.707031 0.151562 0.201562 0.00835675
0 0.710938 0.690234 0.153125 0.200781 0.0090142
0 0.339844 0.602734 0.189063 0.361719 0.00985741
0 0.667188 0.472266 0.2 0.558594 0.0411825
0 0.678906 0.648828 0.204688 0.271094 0.0438432
0 0.279687 0.667578 0.242188 0.280469 0.0557116
0 0.301562 0.535156 0.25625 0.521875 0.153919
