0 0.0695312 0.729297 0.0609375 0.0710938 0.000100193
0 0.862891 0.523047 0.177344 0.388281 0.000101614
0 0.428125 0.525781 0.134375 0.214062 0.000101778
0 0.0691406 0.767969 0.0757812 0.075 0.000104092
0 0.246094 0.564062 0.235938 0.48125 0.000108976
0 0.0699219 0.687891 0.0523437 0.0679687 0.000110097
0 0.860937 0.735156 0.128125 0.173438 0.000125532
0 0.305859 0.671484 0.192969 0.158594 0.000126237
0 0.701563 0.652344 0.179688 0.260938 0.00013477
0 0.420312 0.674609 0.135937 0.200781 0.000144021
0 0.805859 0.612891 0.133594 0.216406 0.000164568
0 0.323047 0.323828 0.142969 0.183594 0.000165455
0 0.782812 0.329297 0.185937 0.261719 0.000169337
0 0.240625 0.650781 0.1375 0.198437 0.000174123
0 0.706641 0.720703 0.153906 0.219531 0.000198112
0 0.327734 0.652734 0.122656 0.130469 0.0002069
0 0.834375 0.473828 0.121875 0.216406 0.000209794
0 0.366797 0.576172 0.136719 0.216406 0.000225698
0 0.841797 0.614844 0.124219 0.26875 0.000234234
0 0.7375 0.680469 0.151562 0.160938 0.000235087
0 0.378906 0.673437 0.13125 0.164062 0.000265323
0 0.713672 0.566797 0.249219 0.377344 0.000277755
0 0.746094 0.504687 0.2125 0.203125 0.000297122
0 0.7125 0.446094 0.332812 0.603125 0.000358003
0 0.321484 0.466797 0.178906 0.163281 0.000369492
0 0.34375 0.599609 0.0765625 0.0867188 0.000416868
0 0.381641 0.322656 0.207031 0.24375 0.000439946
0 0.842578 0.688281 0.155469 0.234375 0.000569966
0 0.41875 0.560938 0.179688 0.326562 0.000708568
0 0.823047 0.547266 0.142969 0.274219 0.00073252
0 0.344922 0.598437 0.111719 0.13125 0.00079951
0 0.289844 0.607813 0.232812 0.282813 0.000801674
0 0.296094 0.488672 0.207813 0.411719 0.00165371
0 0.757812 0.699219 0.23125 0.214062 0.00166376
0 0.840234 0.63125 0.191406 0.39375 0.00168722
0 0.766016 0.408594 0.255469 0.40625 0.00193875
0 0.305078 0.405078 0.141406 0.255469 0.0023473
0 0.352344 0.636328 0.151562 0.197656 0.00332674
0 0.364062 0.603125 0.21875 0.28125 0.00614146
0 0.796484 0.489062 0.196094 0.26875 0.014722
0 0.329297 0.387109 0.224219 0.325781 0.0361524
0 0.346094 0.479297 0.292188 0.572656 0.397405
0 0.776172 0.554688 0.267969 0.482812 0.433878
