0 0.138281 0.203906 0.276563 0.407813 0.000101312
0 0.281641 0.448438 0.0914062 0.19375 0.000104778
0 0.345703 0.136328 0.410156 0.269531 0.000105657
0 0.288672 0.321875 0.0601562 0.078125 0.000106324
0 0.278906 0.618359 0.0859375 0.111719 0.000108433
0 0.426953 0.481641 0.117969 0.258594 0.000108868
0 0.658594 0.473828 0.184375 0.342969 0.000113221
0 0.298047 0.676172 0.0898438 0.110156 0.000115299
0 0.115625 0.598047 0.23125 0.803906 0.00011534
0 0.933984 0.557031 0.132031 0.448438 0.000115486
0 0.401953 0.669141 0.163281 0.171094 0.000115782
0 0.09375 0.065625 0.182812 0.126563 0.00011767
0 0.852734 0.0355469 0.272656 0.0679687 0.000119685
0 0.852734 0.671094 0.152344 0.176563 0.000124256
0 0.285156 0.298828 0.3125 0.438281 0.000128917
0 0.366016 0.289062 0.208594 0.29375 0.000148542
0 0.028125 0.271484 0.0546875 0.505469 0.000151983
0 0.309375 0.285156 0.0828125 0.121875 0.000152438
0 0.287109 0.724219 0.186719 0.214062 0.000155597
0 0.244922 0.632422 0.311719 0.439844 0.000161445
0 0.301953 0.302344 0.0632813 0.071875 0.000165288
0 0.694531 0.282813 0.146875 0.214062 0.000173966
0 0.141797 0.0867188 0.275781 0.170312 0.000177394
0 0.603516 0.436328 0.450781 0.725781 0.000177419
0 0.861328 0.6125 0.111719 0.221875 0.000177503
0 0.263281 0.678906 0.08125 0.115625 0.000178014
0 0.0492188 0.282031 0.0984375 0.564062 0.000179455
0 0.0515625 0.560547 0.103125 0.842969 0.000179551
0 0.321094 0.0207031 0.253125 0.0398437 0.000179552
0 0.763281 0.301172 0.08125 0.0914062 0.000189546
0 0.294531 0.534375 0.101562 0.182812 0.000192617
0 0.826563 0.396094 0.282813 0.489062 0.000200132
0 0.269531 0.199219 0.432813 0.398438 0.000200151
0 0.349219 0.0628906 0.385938 0.121094 0.000205859
0 0.318359 0.580078 0.141406 0.210156 0.000206411
0 0.297656 0.39375 0.10625 0.195312 0.000208266
0 0.759375 0.613281 0.142188 0.192188 0.000211652
0 0.277734 0.656641 0.0898438 0.111719 0.000219009
0 0.779688 0.321484 0.0765625 0.108594 0.000226109
0 0.423047 0.568359 0.127344 0.214844 0.000227987
0 0.291016 0.352734 0.0789063 0.138281 0.000235541
0 0.718359 0.424219 0.116406 0.2125 0.000236457
0 0.251563 0.714063 0.0890625 0.19375 0.000253258
0 0.735547 0.286719 0.139844 0.157813 0.000264281
0 0.670703 0.449219 0.319531 0.439063 0.000268202
0 0.391797 0.525 0.172656 0.328125 0.000268759
0 0.251563 0.614062 0.104687 0.2375 0.000271593
0 0.3125 0.0382813 0.307813 0.0765625 0.000282238
0 0.802734 0.593359 0.139844 0.225781 0.000282491
0 0.299609 0.315234 0.0773437 0.119531 0.000296538
0 0.676953 0.344141 0.0867188 0.149219 0.000318705
0 0.358984 0.471094 0.297656 0.564062 0.00032435
0 0.317578 0.672656 0.138281 0.154687 0.000325824
0 0.764453 0.490234 0.158594 0.203906 0.000328508
0 0.682031 0.372266 0.228125 0.302344 0.00036204
0 0.224609 0.122656 0.410156 0.234375 0.000365916
0 0.885547 0.561328 0.194531 0.360156 0.000404251
0 0.340234 0.638281 0.141406 0.170312 0.000405181
0 0.825391 0.404687 0.163281 0.3625 0.0004578
0 0.743359 0.366016 0.141406 0.233594 0.000495828
0 0.230469 0.0675781 0.373437 0.133594 0.000506676
0 0.294141 0.4 0.121094 0.348437 0.000530476
0 0.268359 0.554297 0.0789063 0.167969 0.000530934
0 0.703906 0.562891 0.2125 0.299219 0.000689955
0 0.696875 0.356641 0.15 0.225781 0.000837751
0 0.763281 0.426172 0.1375 0.241406 0.00093281
0 0.384766 0.6125 0.180469 0.204688 0.000957669
0 0.820703 0.529688 0.127344 0.235938 0.00097757
0 0.806641 0.631641 0.217969 0.230469 0.00117348
0 0.767578 0.322266 0.116406 0.163281 0.00121765
0 0.794922 0.369531 0.132031 0.25625 0.00195372
0 0.280859 0.533203 0.102344 0.299219 0.0022659
0 0.800781 0.448828 0.125 0.253906 0.00233716
0 0.271875 0.680078 0.114063 0.199219 0.00251235
0 0.339844 0.664844 0.232812 0.203125 0.00266663
0 0.343359 0.579297 0.221094 0.292969 0.00393491
0 0.749219 0.607422 0.221875 0.247656 0.00439101
0 0.758203 0.524219 0.289844 0.435937 0.00513625
0 0.75 0.396094 0.20625 0.33125 0.0113214
0 0.823438 0.530469 0.173438 0.357812 0.0134701
0 0.288281 0.626562 0.140625 0.251563 0.0196912
0 0.788281 0.464844 0.185937 0.404687 0.0557436
