0 0.659766 0.663281 0.188281 0.235938 0.000101328
0 0.960938 0.945703 0.078125 0.107031 0.00010684
0 0.471094 0.2875 0.117188 0.18125 0.000109273
0 0.455078 0.434375 0.303906 0.560938 0.000109745
0 0.941797 0.0671875 0.116406 0.134375 0.000110621
0 0.985547 0.738281 0.0289063 0.239063 0.000114756
0 0.775 0.550391 0.115625 0.272656 0.000116116
0 0.3625 0.306641 0.0796875 0.110156 0.000126617
0 0.325 0.552344 0.184375 0.185937 0.000126707
0 0.779688 0.386719 0.10625 0.189063 0.000127106
0 0.683203 0.380078 0.189844 0.285156 0.000132705
0 0.937109 0.139453 0.124219 0.278906 0.000146299
0 0.790234 0.637109 0.196094 0.307031 0.000148139
0 0.968359 0.96875 0.0570313 0.0625 0.000162042
0 0.964844 0.982031 0.0703125 0.0359375 0.000169373
0 0.721875 0.338672 0.176563 0.200781 0.000170268
0 0.953125 0.767969 0.090625 0.464063 0.000190981
0 0.361719 0.383594 0.190625 0.196875 0.000219279
0 0.321484 0.465234 0.175781 0.216406 0.000219857
0 0.149219 0.0890625 0.276563 0.178125 0.000220289
0 0.342578 0.322266 0.0804688 0.105469 0.000225308
0 0.187109 0.0398437 0.296094 0.0796875 0.000251048
0 0.390234 0.597266 0.260156 0.450781 0.000251439
0 0.277344 0.0992187 0.45 0.198437 0.000251911
0 0.283984 0.551562 0.199219 0.282813 0.000263434
0 0.433984 0.266797 0.139844 0.191406 0.000282825
0 0.79375 0.450391 0.123438 0.274219 0.000313629
0 0.405078 0.303125 0.146094 0.196875 0.000332343
0 0.700781 0.533594 0.151562 0.260938 0.000351573
0 0.976953 0.809766 0.0445312 0.380469 0.000361397
0 0.971875 0.645312 0.05625 0.615625 0.000441814
0 0.216797 0.0640625 0.374219 0.126563 0.000456247
0 0.740625 0.575 0.135937 0.246875 0.000471299
0 0.673047 0.559375 0.213281 0.385938 0.000533009
0 0.326562 0.344141 0.139062 0.183594 0.000616606
0 0.326172 0.548828 0.241406 0.417969 0.000934052
0 0.287109 0.428516 0.122656 0.258594 0.000997465
0 0.791406 0.592969 0.251563 0.523438 0.00121954
0 0.361719 0.319141 0.1625 0.171094 0.00122189
0 0.763281 0.407422 0.151562 0.292969 0.00125916
0 0.392578 0.319141 0.238281 0.258594 0.00255321
0 0.725391 0.627734 0.207031 0.289844 0.00265376
0 0.330469 0.373047 0.198437 0.322656 0.00370821
0 0.7875 0.485156 0.15625 0.439063 0.00896543
0 0.296875 0.440625 0.184375 0.364062 0.00999354
0 0.360156 0.438281 0.285937 0.5 0.372581
0 0.727734 0.510156 0.228906 0.510938 0.405449
