0 0.235156 0.382422 0.189063 0.200781 0.00010124
0 0.679688 0.670703 0.090625 0.113281 0.000106787
0 0.616406 0.738672 0.148438 0.236719 0.00010862
0 0.708594 0.345313 0.0859375 0.203125 0.000108757
0 0.733594 0.175 0.267188 0.307813 0.000110026
0 0.275391 0.2375 0.228906 0.24375 0.000110943
0 0.746484 0.565625 0.189844 0.567187 0.000113174
0 0.128516 0.525781 0.152344 0.415625 0.000113372
0 0.986719 0.217969 0.0265625 0.25 0.000113609
0 0.744531 0.4625 0.3125 0.557813 0.000114595
0 0.803516 0.112891 0.225781 0.196094 0.000116491
0 0.153516 0.678906 0.0914062 0.109375 0.000128831
0 0.573438 0.448438 0.140625 0.267188 0.000129739
0 0.519531 0.0929687 0.275 0.185937 0.000130482
0 0.710938 0.577734 0.11875 0.235156 0.000131557
0 0.340625 0.351953 0.20625 0.288281 0.000134337
0 0.478906 0.705859 0.46875 0.485156 0.000140397
0 0.656641 0.247656 0.0710938 0.071875 0.000147591
0 0.140234 0.617188 0.114844 0.267188 0.000148363
0 0.274609 0.0625 0.449219 0.125 0.000149268
0 0.317578 0.189844 0.222656 0.220313 0.000165054
0 0.713672 0.673437 0.0851562 0.120312 0.000165069
0 0.656641 0.01875 0.216406 0.0359375 0.00017622
0 0.353516 0.0390625 0.361719 0.078125 0.000177587
0 0.435937 0.142188 0.354688 0.284375 0.000185008
0 0.297266 0.524219 0.224219 0.4125 0.00019027
0 0.825781 0.224219 0.301562 0.3875 0.000191835
0 0.680859 0.403125 0.0820312 0.101562 0.000195491
0 0.724219 0.384375 0.154687 0.373437 0.000200615
0 0.678516 0.61875 0.0898438 0.0953125 0.00021831
0 0.177344 0.735547 0.203125 0.172656 0.000220089
0 0.614453 0.239844 0.166406 0.148438 0.000226212
0 0.685938 0.101172 0.276563 0.200781 0.000233942
0 0.978125 0.185937 0.04375 0.335938 0.000239446
0 0.695312 0.319141 0.0734375 0.103906 0.000242584
0 0.711328 0.471875 0.103906 0.271875 0.000247606
0 0.519922 0.0382813 0.342969 0.0765625 0.000260817
0 0.921875 0.0746094 0.15625 0.149219 0.000267854
0 0.289844 0.396484 0.221875 0.325781 0.000273224
0 0.676562 0.758203 0.15 0.239844 0.000291344
0 0.452344 0.283594 0.409375 0.514063 0.000297065
0 0.741406 0.643359 0.320312 0.491406 0.000305303
0 0.298438 0.686719 0.2125 0.260938 0.000320098
0 0.593359 0.346875 0.116406 0.198437 0.000331977
0 0.617969 0.655469 0.148438 0.2 0.000340536
0 0.372266 0.084375 0.400781 0.165625 0.000371352
0 0.926953 0.178516 0.146094 0.338281 0.000373633
0 0.282813 0.235156 0.396875 0.409375 0.000390431
0 0.658984 0.385547 0.121094 0.196094 0.000396451
0 0.634766 0.449219 0.142969 0.264062 0.000401467
0 0.726172 0.639063 0.0992187 0.189063 0.000401695
0 0.862109 0.0953125 0.185156 0.178125 0.000406503
0 0.458594 0.459766 0.390625 0.552344 0.000448453
0 0.677734 0.491797 0.130469 0.200781 0.000453469
0 0.619141 0.513672 0.174219 0.203906 0.000461173
0 0.335938 0.524609 0.421875 0.644531 0.00047276
0 0.215625 0.305469 0.128125 0.182812 0.000473086
0 0.258203 0.735937 0.313281 0.251563 0.000478426
0 0.628906 0.196484 0.451562 0.372656 0.000506309
0 0.598047 0.309375 0.310156 0.445312 0.000508328
0 0.693359 0.40625 0.0976562 0.204688 0.000517009
0 0.644922 0.0371094 0.360156 0.0742188 0.000547007
0 0.585156 0.726562 0.226562 0.323438 0.000551422
0 0.608984 0.403516 0.114844 0.207031 0.000560154
0 0.658594 0.259375 0.104687 0.103125 0.000576218
0 0.13125 0.685156 0.139062 0.217187 0.00070235
0 0.279687 0.120703 0.482812 0.241406 0.000703297
0 0.59375 0.385547 0.0921875 0.128906 0.000782917
0 0.634375 0.225391 0.29375 0.253906 0.000801867
0 0.132422 0.477734 0.228906 0.652344 0.000814311
0 0.791406 0.0769531 0.334375 0.153906 0.000875293
0 0.464453 0.0605469 0.353906 0.121094 0.000876819
0 0.329688 0.383984 0.325 0.457031 0.000920149
0 0.582812 0.357031 0.160938 0.301562 0.000961649
0 0.657031 0.557031 0.185937 0.195312 0.000971479
0 0.65625 0.276953 0.142188 0.163281 0.00101152
0 0.258203 0.612109 0.288281 0.374219 0.00107408
0 0.698047 0.635938 0.0882813 0.107813 0.0012098
0 0.659766 0.694531 0.153906 0.21875 0.00121584
0 0.61875 0.596875 0.195312 0.195312 0.00121597
0 0.583203 0.477734 0.192969 0.391406 0.00137171
0 0.560547 0.115234 0.455469 0.225781 0.00141595
0 0.682813 0.279297 0.0828125 0.113281 0.00145945
0 0.683203 0.314844 0.108594 0.1875 0.00149956
0 0.154687 0.610156 0.173438 0.367188 0.00195217
0 0.177344 0.682031 0.176563 0.184375 0.00200282
0 0.709766 0.565234 0.160156 0.389844 0.00215953
0 0.637109 0.325 0.205469 0.309375 0.00219788
0 0.638672 0.811328 0.258594 0.352344 0.00245417
0 0.866797 0.153125 0.244531 0.296875 0.00250772
0 0.699609 0.124219 0.461719 0.246875 0.00260206
0 0.677344 0.366016 0.139062 0.307031 0.00298415
0 0.610937 0.0691406 0.4375 0.138281 0.00299875
0 0.202344 0.485547 0.220313 0.424219 0.00319101
0 0.707812 0.767578 0.23125 0.385156 0.00392179
0 0.719141 0.705859 0.150781 0.294531 0.00435555
0 0.253906 0.319922 0.239063 0.317969 0.00473938
0 0.673047 0.48125 0.163281 0.3625 0.00676574
0 0.202734 0.684375 0.264844 0.264062 0.0103988
0 0.694922 0.65625 0.127344 0.182812 0.0105431
0 0.625 0.609375 0.257812 0.310937 0.0107603
0 0.202734 0.357031 0.185156 0.303125 0.0140375
0 0.673828 0.616797 0.178906 0.238281 0.0157916
0 0.637891 0.44375 0.241406 0.515625 0.0532808
0 0.651172 0.703516 0.241406 0.307031 0.114505
0 0.232422 0.469922 0.311719 0.641406 0.470214
