0 0.566797 0.244922 0.0789063 0.0976562 0.000100795
0 0.553125 0.276953 0.075 0.103906 0.00010334
0 0.238281 0.0363281 0.284375 0.0726563 0.000105042
0 0.589063 0.301172 0.09375 0.149219 0.000107189
0 0.167578 0.266016 0.0835937 0.103906 0.000108461
0 0.176953 0.646094 0.0914062 0.0953125 0.000109571
0 0.629297 0.614844 0.0789063 0.107813 0.000112553
0 0.628516 0.534766 0.0664062 0.108594 0.000113814
0 0.98125 0.691797 0.0375 0.203906 0.000116493
0 0.551953 0.369141 0.121094 0.211719 0.000118828
0 0.153906 0.358203 0.0828125 0.105469 0.000119067
0 0.946484 0.734766 0.107031 0.233594 0.000122716
0 0.555859 0.469141 0.0789063 0.102344 0.000124302
0 0.135547 0.617188 0.0914062 0.107813 0.000127846
0 0.846094 0.0535156 0.145313 0.100781 0.000130801
0 0.822656 0.536719 0.321875 0.657812 0.000132068
0 0.609375 0.387891 0.117188 0.258594 0.000132591
0 0.593359 0.614062 0.0882813 0.109375 0.000133578
0 0.553516 0.427734 0.0757812 0.0820312 0.000134285
0 0.655469 0.482031 0.123438 0.376563 0.000134796
0 0.953125 0.226562 0.0859375 0.3 0.000135386
0 0.535937 0.120312 0.395312 0.240625 0.00013576
0 0.891406 0.552734 0.173438 0.199219 0.000135803
0 0.860937 0.698047 0.270312 0.578906 0.000139053
0 0.658594 0.464453 0.31875 0.616406 0.000140906
0 0.573047 0.573828 0.0867188 0.102344 0.000148271
0 0.216406 0.555859 0.13125 0.207031 0.000148758
0 0.0789063 0.0605469 0.157813 0.121094 0.000149994
0 0.543359 0.755469 0.350781 0.40625 0.00015101
0 0.980078 0.611328 0.0398437 0.219531 0.000151681
0 0.625781 0.228516 0.28125 0.252344 0.00015566
0 0.141016 0.380859 0.105469 0.236719 0.000156964
0 0.221875 0.228906 0.21875 0.2 0.000160567
0 0.360156 0.0375 0.279687 0.075 0.000172589
0 0.021875 0.482031 0.04375 0.453125 0.000178253
0 0.371094 0.444531 0.357812 0.598437 0.000179574
0 0.0503906 0.671094 0.0742188 0.0921875 0.000181652
0 0.611719 0.448828 0.075 0.100781 0.000182316
0 0.241406 0.449609 0.110937 0.191406 0.000182542
0 0.847656 0.117969 0.148438 0.228125 0.000182564
0 0.197266 0.38125 0.147656 0.260938 0.000184456
0 0.702344 0.177344 0.25 0.348437 0.000186138
0 0.5375 0.649219 0.142188 0.182812 0.000192331
0 0.541016 0.471094 0.135156 0.189063 0.000193496
0 0.0964844 0.652734 0.0882813 0.0835937 0.000195119
0 0.290234 0.396094 0.175781 0.43125 0.000195912
0 0.936328 0.302734 0.122656 0.392969 0.000197071
0 0.661328 0.634375 0.303906 0.421875 0.000197209
0 0.964063 0.529297 0.0703125 0.253906 0.000201345
0 0.233984 0.635156 0.116406 0.139062 0.000207656
0 0.659375 0.605469 0.135937 0.260938 0.000207912
0 0.252344 0.562891 0.14375 0.277344 0.000209262
0 0.922656 0.258203 0.139062 0.172656 0.000209872
0 0.175391 0.513672 0.135156 0.260156 0.000216757
0 0.609375 0.49375 0.0828125 0.115625 0.000223137
0 0.148438 0.2875 0.134375 0.184375 0.00022351
0 0.804297 0.155078 0.255469 0.214844 0.000225412
0 0.457422 0.633984 0.200781 0.214844 0.00022588
0 0.571094 0.448047 0.08125 0.0867188 0.000239089
0 0.0730469 0.480469 0.135156 0.525 0.00024317
0 0.644922 0.594531 0.0914062 0.16875 0.000244954
0 0.850781 0.296094 0.28125 0.373437 0.000246669
0 0.901953 0.199219 0.158594 0.201562 0.000248414
0 0.391016 0.0652344 0.267969 0.128906 0.00025262
0 0.133594 0.491797 0.11875 0.271094 0.000259975
0 0.613672 0.593359 0.0820312 0.102344 0.000260079
0 0.0804688 0.614062 0.13125 0.1875 0.000274611
0 0.873438 0.560938 0.2375 0.39375 0.000275447
0 0.473828 0.594922 0.136719 0.199219 0.000279203
0 0.575391 0.491406 0.0867188 0.109375 0.000288005
0 0.966406 0.655078 0.0609375 0.0992187 0.000288717
0 0.217187 0.298828 0.0921875 0.110156 0.000289519
0 0.509375 0.289062 0.171875 0.2625 0.000295088
0 0.158594 0.230859 0.24375 0.391406 0.000296161
0 0.424219 0.196094 0.328125 0.378125 0.00032646
0 0.745703 0.257812 0.386719 0.328125 0.000331583
0 0.612891 0.551562 0.0789063 0.0984375 0.00034013
0 0.259375 0.283984 0.0921875 0.107031 0.000344722
0 0.117578 0.636328 0.0914062 0.100781 0.000360718
0 0.553125 0.430859 0.104687 0.161719 0.000363445
0 0.630469 0.575391 0.0609375 0.0929687 0.000379283
0 0.592578 0.513281 0.0835937 0.109375 0.000400949
0 0.172266 0.664453 0.288281 0.288281 0.0004096
0 0.916797 0.777344 0.166406 0.445312 0.00042235
0 0.971484 0.405078 0.0554687 0.453906 0.000426317
0 0.809375 0.351953 0.370313 0.611719 0.000426406
0 0.741797 0.0625 0.255469 0.125 0.000437596
0 0.0992187 0.126953 0.196875 0.253906 0.000441015
0 0.157031 0.322656 0.0890625 0.1125 0.000460988
0 0.128125 0.402344 0.165625 0.521875 0.000465352
0 0.535937 0.533594 0.148438 0.2 0.000475663
0 0.641797 0.688281 0.155469 0.290625 0.000490239
0 0.919531 0.114453 0.142188 0.228906 0.000500165
0 0.0863281 0.668359 0.133594 0.119531 0.000503282
0 0.665625 0.144922 0.45 0.289844 0.000514386
0 0.826172 0.219531 0.269531 0.209375 0.000514837
0 0.635547 0.394141 0.155469 0.413281 0.000548944
0 0.14375 0.0351562 0.284375 0.0703125 0.000552617
0 0.289062 0.267188 0.195312 0.267188 0.000567099
0 0.559375 0.266797 0.10625 0.146094 0.000589976
0 0.543359 0.366016 0.185156 0.369531 0.000636554
0 0.630078 0.554688 0.0867188 0.171875 0.00064664
0 0.349609 0.274219 0.363281 0.517187 0.000676714
0 0.949219 0.650391 0.09375 0.136719 0.000696291
0 0.915625 0.632422 0.16875 0.303906 0.000777801
0 0.907812 0.482422 0.184375 0.644531 0.000808488
0 0.278125 0.0722656 0.41875 0.144531 0.000813879
0 0.626562 0.451172 0.101562 0.260156 0.00083376
0 0.883984 0.071875 0.180469 0.14375 0.000840371
0 0.178125 0.302734 0.09375 0.111719 0.000875496
0 0.554297 0.308203 0.149219 0.219531 0.000922369
0 0.363281 0.138281 0.307813 0.276563 0.000948521
0 0.589063 0.675781 0.2875 0.325 0.000988851
0 0.155078 0.574609 0.146094 0.216406 0.000990269
0 0.49375 0.531641 0.1875 0.302344 0.00106744
0 0.174219 0.659375 0.223438 0.159375 0.00111223
0 0.571875 0.43125 0.126563 0.24375 0.0011553
0 0.196094 0.283984 0.0890625 0.105469 0.00115581
0 0.810547 0.0382813 0.272656 0.0765625 0.00116472
0 0.950391 0.44375 0.0992187 0.498437 0.0013244
0 0.141016 0.0691406 0.282031 0.136719 0.00136536
0 0.971875 0.803125 0.0546875 0.39375 0.00147423
0 0.217969 0.519141 0.170312 0.333594 0.00149136
0 0.158984 0.402344 0.158594 0.360938 0.00153042
0 0.252734 0.471484 0.174219 0.474219 0.00154397
0 0.119141 0.635156 0.138281 0.134375 0.00185688
0 0.891016 0.251953 0.203906 0.242969 0.0019006
0 0.944531 0.683984 0.110937 0.449219 0.00205239
0 0.610547 0.595703 0.122656 0.202344 0.0020698
0 0.205859 0.609766 0.155469 0.172656 0.00211065
0 0.958984 0.602344 0.0789063 0.245312 0.00221321
0 0.200781 0.26875 0.139062 0.139062 0.0024738
0 0.177344 0.632031 0.14375 0.115625 0.00265406
0 0.105859 0.554297 0.141406 0.285156 0.00267989
0 0.194922 0.136719 0.385156 0.273438 0.00273951
0 0.572656 0.576563 0.159375 0.19375 0.00302069
0 0.249219 0.348437 0.178125 0.289062 0.00310612
0 0.253906 0.285937 0.154687 0.159375 0.00347325
0 0.591406 0.492188 0.125 0.21875 0.00491401
0 0.798828 0.084375 0.314844 0.16875 0.00499863
0 0.557031 0.447656 0.271875 0.575 0.00539596
0 0.939844 0.563672 0.120312 0.317969 0.00565869
0 0.621484 0.523047 0.124219 0.271094 0.0056691
0 0.250781 0.221875 0.334375 0.35625 0.00591651
0 0.162891 0.337109 0.139844 0.191406 0.00598064
0 0.518359 0.617578 0.227344 0.228906 0.0104898
0 0.883203 0.158203 0.213281 0.316406 0.0110139
0 0.592969 0.635547 0.175 0.216406 0.0121704
0 0.209375 0.303125 0.3 0.34375 0.0131069
0 0.146484 0.61875 0.211719 0.184375 0.032723
0 0.588672 0.458984 0.169531 0.430469 0.0430989
0 0.808984 0.185547 0.364844 0.366406 0.0496846
0 0.566406 0.559375 0.196875 0.317187 0.0572378
0 0.186719 0.451953 0.235938 0.489844 0.067487
0 0.207813 0.297656 0.20625 0.19375 0.135079
