0 0.446094 0.0476562 0.4125 0.0921875 0.000103561
0 0.028125 0.191406 0.05625 0.276563 0.000103742
0 0.654297 0.592969 0.0898438 0.107813 0.000104582
0 0.983203 0.648438 0.0335938 0.50625 0.000111436
0 0.760938 0.361328 0.0796875 0.0992187 0.00011185
0 0.891797 0.0320312 0.182031 0.0625 0.000112604
0 0.0242187 0.316797 0.0484375 0.252344 0.000113817
0 0.234375 0.348828 0.090625 0.114844 0.000114425
0 0.820703 0.0191406 0.136719 0.0351562 0.000122306
0 0.723047 0.592578 0.0867188 0.110156 0.000125328
0 0.751562 0.383594 0.1125 0.160938 0.000125642
0 0.703125 0.315234 0.128125 0.160156 0.000135659
0 0.258203 0.564062 0.138281 0.142188 0.000143075
0 0.716797 0.220703 0.0820312 0.108594 0.000143712
0 0.759375 0.593359 0.090625 0.113281 0.000143853
0 0.667969 0.199219 0.129688 0.140625 0.000157501
0 0.840625 0.0308594 0.14375 0.0539063 0.000166713
0 0.348047 0.03125 0.292969 0.0609375 0.000178607
0 0.232031 0.590234 0.315625 0.472656 0.000189833
0 0.223828 0.495703 0.130469 0.203906 0.000189878
0 0.218359 0.548047 0.0914062 0.108594 0.000190168
0 0.732031 0.452734 0.16875 0.366406 0.000196445
0 0.710547 0.364062 0.158594 0.153125 0.000202767
0 0.766797 0.644141 0.147656 0.197656 0.000249855
0 0.711719 0.595703 0.28125 0.278906 0.000285812
0 0.783203 0.0269531 0.211719 0.0492188 0.000332419
0 0.743359 0.571875 0.0882813 0.101562 0.000342723
0 0.642187 0.575781 0.1375 0.160938 0.000359455
0 0.335156 0.551953 0.14375 0.164844 0.000441287
0 0.268359 0.454297 0.191406 0.282031 0.00046185
0 0.269922 0.530078 0.283594 0.267969 0.000518447
0 0.78125 0.602344 0.109375 0.184375 0.000643584
0 0.701953 0.528906 0.205469 0.279687 0.000839271
0 0.74375 0.55625 0.132812 0.15625 0.00134146
0 0.303516 0.498828 0.166406 0.186719 0.00143303
0 0.211328 0.555078 0.142969 0.178906 0.00143567
0 0.675 0.602344 0.160938 0.154687 0.001628
0 0.757812 0.532812 0.13125 0.264062 0.00213756
0 0.737109 0.600391 0.169531 0.167969 0.00739214
0 0.262109 0.535937 0.200781 0.173438 0.00883722
