0 0.717578 0.507422 0.0867188 0.0960938 0.000102507
0 0.598047 0.117578 0.167969 0.235156 0.000104562
0 0.185156 0.162891 0.126563 0.135156 0.00010748
0 0.1625 0.385547 0.207813 0.191406 0.000117465
0 0.697656 0.569922 0.204688 0.271094 0.00012911
0 0.280859 0.363672 0.0835937 0.0929687 0.000129629
0 0.334766 0.315625 0.155469 0.2375 0.000130328
0 0.976562 0.478516 0.046875 0.621094 0.000131965
0 0.327344 0.389453 0.10625 0.122656 0.000132731
0 0.729688 0.200781 0.132812 0.171875 0.000133117
0 0.981641 0.353906 0.0367187 0.439063 0.000135137
0 0.272266 0.19375 0.0882813 0.110937 0.000142535
0 0.694531 0.164453 0.10625 0.160156 0.000148735
0 0.786328 0.321094 0.227344 0.509375 0.000154463
0 0.134375 0.323047 0.0921875 0.105469 0.000161048
0 0.180859 0.171484 0.297656 0.342969 0.000161561
0 0.220313 0.162109 0.0921875 0.0992187 0.000163157
0 0.720703 0.470313 0.0835937 0.1 0.000168842
0 0.987109 0.467187 0.0242187 0.2125 0.000189449
0 0.269141 0.490625 0.177344 0.271875 0.000192437
0 0.132812 0.269922 0.110937 0.228906 0.000196218
0 0.75625 0.528516 0.0890625 0.117969 0.000203465
0 0.637109 0.466797 0.139844 0.152344 0.000204497
0 0.219922 0.346094 0.132031 0.114063 0.000223611
0 0.681641 0.486719 0.138281 0.1375 0.000229147
0 0.289062 0.0847656 0.196875 0.163281 0.000243682
0 0.678516 0.445703 0.0835937 0.0960938 0.000258698
0 0.223828 0.145313 0.158594 0.15625 0.000260503
0 0.6875 0.170703 0.30625 0.307031 0.000274992
0 0.985937 0.478125 0.028125 0.420312 0.000275692
0 0.739062 0.490234 0.084375 0.103906 0.000287851
0 0.638672 0.28125 0.163281 0.2 0.000288181
0 0.744922 0.433984 0.296094 0.421094 0.000301211
0 0.201953 0.193359 0.0929687 0.113281 0.000304641
0 0.617578 0.386719 0.133594 0.248437 0.000343835
0 0.309375 0.436719 0.1375 0.214062 0.000361716
0 0.255078 0.277344 0.139844 0.24375 0.000363258
0 0.159766 0.345703 0.155469 0.136719 0.000387092
0 0.261328 0.345313 0.111719 0.123438 0.000403361
0 0.313281 0.134375 0.214062 0.267188 0.000404954
0 0.230469 0.420703 0.248437 0.257031 0.000478177
0 0.167187 0.222266 0.126563 0.228906 0.000504444
0 0.642187 0.221484 0.182812 0.189844 0.000507189
0 0.658984 0.366016 0.149219 0.257031 0.000521173
0 0.620313 0.509766 0.21875 0.189844 0.000594254
0 0.614453 0.297266 0.207031 0.396094 0.00060578
0 0.698438 0.200781 0.084375 0.110937 0.000607861
0 0.21875 0.362109 0.210938 0.153906 0.00062201
0 0.736328 0.347656 0.103906 0.204688 0.000624237
0 0.753906 0.404687 0.101562 0.267188 0.000661573
0 0.191016 0.165234 0.188281 0.253906 0.000726954
0 0.300391 0.358594 0.135156 0.146875 0.00077223
0 0.2375 0.193359 0.09375 0.113281 0.000812231
0 0.271484 0.387109 0.174219 0.142969 0.000936663
0 0.269531 0.195703 0.134375 0.155469 0.000982143
0 0.724609 0.506641 0.138281 0.135156 0.00117709
0 0.605859 0.450781 0.180469 0.221875 0.00120696
0 0.182812 0.278516 0.175 0.202344 0.00122439
0 0.290234 0.269922 0.242969 0.324219 0.00124691
0 0.750781 0.478516 0.104687 0.175781 0.0012663
0 0.704297 0.344531 0.142969 0.28125 0.00153317
0 0.693359 0.428125 0.171094 0.192188 0.00235012
0 0.263281 0.351953 0.221875 0.228906 0.00259099
0 0.693359 0.487109 0.203906 0.192969 0.00482469
0 0.7125 0.244922 0.153125 0.275781 0.00526196
0 0.684766 0.201562 0.149219 0.185937 0.00554925
0 0.659766 0.236328 0.208594 0.322656 0.00646432
0 0.212891 0.311328 0.252344 0.316406 0.00729002
0 0.254297 0.170703 0.207031 0.247656 0.00945913
0 0.741797 0.353125 0.139844 0.407813 0.0158229
0 0.6625 0.432813 0.24375 0.275 0.0218337
0 0.220313 0.198437 0.148438 0.165625 0.0277757
0 0.689062 0.320703 0.203125 0.419531 0.278569
0 0.216406 0.234766 0.201562 0.264844 0.37813
