0 0.242188 0.3625 0.140625 0.251563 0.000100103
0 0.221875 0.525391 0.142188 0.177344 0.000100905
0 0.298828 0.0625 0.219531 0.125 0.000101044
0 0.138672 0.428516 0.216406 0.208594 0.000108612
0 0.716797 0.750781 0.132031 0.182812 0.000111634
0 0.656641 0.507031 0.147656 0.176563 0.000114197
0 0.679688 0.3 0.08125 0.107813 0.00011467
0 0.971484 0.678516 0.0570313 0.642969 0.000119809
0 0.717969 0.021875 0.23125 0.040625 0.000121846
0 0.265234 0.0375 0.224219 0.075 0.000123916
0 0.680469 0.384375 0.125 0.201562 0.000126138
0 0.185547 0.0390625 0.266406 0.0734375 0.000127047
0 0.137891 0.4875 0.133594 0.125 0.000127537
0 0.1 0.949219 0.2 0.096875 0.000130542
0 0.260547 0.426172 0.138281 0.224219 0.000133117
0 0.440234 0.944531 0.388281 0.109375 0.000134206
0 0.596875 0.034375 0.225 0.0671875 0.00013953
0 0.981641 0.685156 0.0367187 0.470313 0.000144722
0 0.587109 0.127734 0.264844 0.235156 0.000144977
0 0.5875 0.436328 0.24375 0.422656 0.00014499
0 0.201562 0.427344 0.134375 0.215625 0.000145188
0 0.697266 0.508984 0.124219 0.208594 0.000146394
0 0.199609 0.276953 0.186719 0.180469 0.000146784
0 0.283203 0.348437 0.213281 0.542188 0.000161166
0 0.236719 0.522656 0.304688 0.354688 0.000167338
0 0.807813 0.239844 0.384375 0.479688 0.000170436
0 0.714453 0.640234 0.0992187 0.183594 0.00017065
0 0.04375 0.401172 0.0875 0.375781 0.000170826
0 0.637891 0.0207031 0.203906 0.0398437 0.000171197
0 0.216797 0.31875 0.135156 0.159375 0.000173755
0 0.0914062 0.321875 0.128125 0.21875 0.000177951
0 0.6625 0.721484 0.20625 0.222656 0.00018212
0 0.823438 0.0207031 0.2375 0.0398437 0.000184163
0 0.565625 0.565625 0.15 0.18125 0.000185375
0 0.158984 0.235547 0.147656 0.182031 0.000187722
0 0.575781 0.235547 0.160938 0.183594 0.000195055
0 0.258594 0.101172 0.242188 0.202344 0.000199786
0 0.287109 0.478516 0.135156 0.225781 0.000215832
0 0.225391 0.591016 0.221094 0.221094 0.000223884
0 0.0386719 0.480469 0.0773437 0.18125 0.00022675
0 0.677734 0.448438 0.136719 0.225 0.000255632
0 0.158984 0.201953 0.219531 0.194531 0.000260244
0 0.860156 0.0332031 0.270312 0.0648438 0.000265835
0 0.739844 0.523047 0.34375 0.661719 0.000305531
0 0.655859 0.644141 0.238281 0.310156 0.000309564
0 0.6125 0.565625 0.217187 0.290625 0.000320163
0 0.179688 0.507031 0.1375 0.148438 0.000324081
0 0.236719 0.470313 0.165625 0.19375 0.000339153
0 0.0625 0.504687 0.11875 0.15 0.00035772
0 0.264844 0.549609 0.153125 0.191406 0.000454899
0 0.619922 0.0566406 0.311719 0.113281 0.000458804
0 0.195312 0.06875 0.315625 0.134375 0.000475713
0 0.241406 0.237891 0.14375 0.200781 0.000551302
0 0.850391 0.0582031 0.297656 0.116406 0.00055389
0 0.708984 0.219922 0.407031 0.375781 0.000573375
0 0.716797 0.60625 0.132031 0.357812 0.00058853
0 0.145703 0.548828 0.261719 0.216406 0.000608941
0 0.771094 0.0386719 0.353125 0.0757812 0.000697843
0 0.117188 0.276563 0.209375 0.309375 0.000827644
0 0.679688 0.239453 0.242188 0.291406 0.00084758
0 0.178516 0.471875 0.186719 0.179688 0.000900501
0 0.116797 0.480078 0.211719 0.188281 0.000944664
0 0.679297 0.319922 0.124219 0.192969 0.00097046
0 0.675391 0.0339844 0.236719 0.0664062 0.0010396
0 0.19375 0.149219 0.335938 0.29375 0.00106888
0 0.699609 0.401953 0.177344 0.486719 0.00107881
0 0.0753906 0.444922 0.144531 0.247656 0.00117838
0 0.701953 0.689062 0.157031 0.221875 0.00122302
0 0.633984 0.241016 0.219531 0.199219 0.00128017
0 0.719531 0.105469 0.429688 0.210938 0.00135896
0 0.725781 0.0609375 0.36875 0.121875 0.00193262
0 0.118359 0.381641 0.235156 0.388281 0.00197676
0 0.616016 0.319531 0.241406 0.348437 0.00246365
0 0.682422 0.553906 0.200781 0.5375 0.00275875
0 0.246094 0.439844 0.221875 0.35 0.0036605
0 0.199219 0.513281 0.264062 0.2125 0.00408872
0 0.66875 0.306641 0.184375 0.266406 0.00487799
0 0.210547 0.236719 0.263281 0.267188 0.0155221
0 0.187891 0.349219 0.335156 0.501562 0.313741
0 0.639063 0.439453 0.270312 0.599219 0.424474
