0 0.199609 0.632031 0.113281 0.140625 0.000100984
0 0.658984 0.646484 0.157031 0.155469 0.000101064
0 0.195312 0.449609 0.0765625 0.107031 0.000102713
0 0.391016 0.980078 0.139844 0.0398437 0.000102939
0 0.202344 0.374609 0.0765625 0.117969 0.000105961
0 0.637109 0.470703 0.136719 0.192969 0.000107666
0 0.236719 0.53125 0.0921875 0.10625 0.000107921
0 0.410937 0.932813 0.148438 0.134375 0.000109231
0 0.678125 0.322266 0.15 0.202344 0.000110926
0 0.759766 0.979688 0.171094 0.040625 0.000111167
0 0.784375 0.611719 0.090625 0.10625 0.000111203
0 0.594922 0.214062 0.0757812 0.0828125 0.000111594
0 0.845312 0.967969 0.242188 0.0640625 0.000113348
0 0.491016 0.926953 0.153906 0.146094 0.00012592
0 0.657031 0.384766 0.145313 0.167969 0.000129569
0 0.701172 0.607031 0.146094 0.176563 0.000141086
0 0.317969 0.9625 0.251563 0.0734375 0.000144807
0 0.357812 0.573047 0.1375 0.178906 0.000149872
0 0.713281 0.328906 0.2125 0.325 0.000157005
0 0.684375 0.251953 0.0734375 0.0835937 0.000161379
0 0.355469 0.808203 0.407813 0.363281 0.00016423
0 0.241016 0.370313 0.200781 0.273438 0.00016938
0 0.194531 0.405859 0.0640625 0.102344 0.000186782
0 0.661328 0.430469 0.189844 0.2 0.000187526
0 0.687109 0.26875 0.0992187 0.129688 0.000195705
0 0.308594 0.901953 0.442187 0.194531 0.000202715
0 0.798047 0.632422 0.0851562 0.0835937 0.000203225
0 0.599609 0.279297 0.158594 0.230469 0.000207557
0 0.739062 0.467187 0.0859375 0.109375 0.000221069
0 0.767187 0.968359 0.229687 0.0632813 0.000251282
0 0.718359 0.432422 0.167969 0.191406 0.000257919
0 0.177344 0.596484 0.121875 0.242969 0.000267253
0 0.608594 0.225391 0.109375 0.132031 0.000273994
0 0.214844 0.552344 0.090625 0.109375 0.000277243
0 0.407813 0.965625 0.142188 0.06875 0.000278577
0 0.288672 0.308984 0.147656 0.135156 0.000282437
0 0.448438 0.948047 0.151562 0.102344 0.000295274
0 0.207422 0.952734 0.330469 0.0945313 0.000301384
0 0.190234 0.542969 0.267969 0.395312 0.000315984
0 0.201562 0.409766 0.096875 0.182031 0.000367867
0 0.280859 0.648828 0.316406 0.349219 0.000384605
0 0.626562 0.480078 0.221875 0.335156 0.000387708
0 0.317969 0.553125 0.140625 0.18125 0.000401875
0 0.238281 0.474609 0.170312 0.217969 0.000404847
0 0.449609 0.978125 0.224219 0.04375 0.000421452
0 0.331641 0.366797 0.153906 0.252344 0.00052029
0 0.333594 0.525781 0.242188 0.304688 0.000562121
0 0.186328 0.472656 0.102344 0.251563 0.000580942
0 0.723047 0.637109 0.250781 0.216406 0.000630725
0 0.323047 0.949219 0.382031 0.1 0.000698605
0 0.68125 0.55 0.15 0.240625 0.00074989
0 0.773438 0.534375 0.145313 0.220313 0.000766932
0 0.802344 0.614453 0.126563 0.172656 0.000785502
0 0.275 0.533984 0.15 0.196094 0.000886314
0 0.331641 0.303125 0.133594 0.139062 0.000900668
0 0.2375 0.619141 0.210938 0.232031 0.00102069
0 0.50625 0.960547 0.248437 0.0789063 0.00103837
0 0.683594 0.492188 0.215625 0.207813 0.00139639
0 0.642578 0.324219 0.217969 0.323438 0.00147748
0 0.665625 0.5875 0.235938 0.25625 0.00155933
0 0.445312 0.884766 0.384375 0.225781 0.00160894
0 0.312109 0.601172 0.230469 0.219531 0.00171378
0 0.751562 0.455078 0.195312 0.392969 0.00219513
0 0.209375 0.454688 0.170312 0.353125 0.00259764
0 0.40625 0.958984 0.278125 0.0804688 0.00375927
0 0.757031 0.592578 0.189063 0.185156 0.00382963
0 0.741797 0.496484 0.146094 0.247656 0.00389148
0 0.237109 0.569141 0.152344 0.199219 0.00521614
0 0.45 0.937109 0.3125 0.125781 0.0139238
0 0.197266 0.540234 0.132031 0.302344 0.0149268
0 0.689062 0.436719 0.276563 0.504687 0.0350093
0 0.26875 0.461328 0.278125 0.486719 0.0623861
0 0.258984 0.544141 0.233594 0.278906 0.192609
0 0.722656 0.541016 0.245312 0.297656 0.300507
