0 0.8 0.536328 0.146875 0.189844 0.000100061
0 0.702734 0.2875 0.413281 0.551562 0.000103235
0 0.389844 0.53125 0.123438 0.148438 0.000105099
0 0.845312 0.301172 0.0625 0.0945313 0.000105356
0 0.915625 0.725 0.15625 0.351562 0.000107875
0 0.845312 0.380469 0.0875 0.123438 0.000108367
0 0.781641 0.790625 0.292969 0.276563 0.000110452
0 0.898047 0.678906 0.113281 0.190625 0.000110907
0 0.824219 0.244531 0.0703125 0.104687 0.000116262
0 0.445703 0.619531 0.400781 0.551562 0.000119809
0 0.366016 0.654688 0.141406 0.173438 0.000120258
0 0.845703 0.774219 0.132031 0.167187 0.000121459
0 0.412109 0.645703 0.125781 0.180469 0.000122348
0 0.214453 0.437109 0.192969 0.605469 0.000123244
0 0.813672 0.307031 0.182031 0.296875 0.000123388
0 0.887891 0.797656 0.194531 0.303125 0.000125023
0 0.188281 0.622656 0.1375 0.404687 0.00013204
0 0.0628906 0.960938 0.125781 0.0765625 0.000138381
0 0.859375 0.304688 0.06875 0.170312 0.000139628
0 0.367188 0.223828 0.332812 0.375781 0.000140597
0 0.864062 0.328516 0.0578125 0.0960938 0.000143382
0 0.129688 0.896875 0.259375 0.203125 0.000146288
0 0.855859 0.439844 0.133594 0.30625 0.000161581
0 0.0199219 0.883203 0.0398437 0.233594 0.000173455
0 0.0804688 0.728906 0.160938 0.542188 0.00017891
0 0.323438 0.557813 0.126563 0.120312 0.000185727
0 0.494531 0.461719 0.357812 0.726562 0.000202772
0 0.245703 0.575391 0.150781 0.216406 0.000203836
0 0.847266 0.504297 0.0804688 0.0882813 0.000207088
0 0.703125 0.144531 0.43125 0.279687 0.000213934
0 0.824609 0.307813 0.102344 0.146875 0.000215755
0 0.840234 0.261719 0.0601562 0.084375 0.000217419
0 0.260938 0.443359 0.104687 0.194531 0.000224044
0 0.385156 0.528125 0.173438 0.3125 0.000238994
0 0.803516 0.296094 0.0617188 0.0703125 0.000246191
0 0.805078 0.7375 0.147656 0.192188 0.000271893
0 0.818359 0.280469 0.0554687 0.071875 0.000275257
0 0.823047 0.276953 0.0820312 0.105469 0.000280211
0 0.326172 0.629687 0.149219 0.198437 0.000288423
0 0.801953 0.6375 0.182031 0.214062 0.000292444
0 0.295703 0.360156 0.0929687 0.0828125 0.000297496
0 0.792578 0.50625 0.294531 0.415625 0.00030281
0 0.259766 0.657812 0.141406 0.170312 0.000311254
0 0.83125 0.376953 0.1375 0.283594 0.000350911
0 0.342969 0.392188 0.221875 0.215625 0.0003708
0 0.849609 0.496875 0.107031 0.132812 0.000407275
0 0.715234 0.566797 0.169531 0.211719 0.00042463
0 0.302734 0.307813 0.322656 0.385938 0.00046575
0 0.858984 0.350781 0.0882813 0.145313 0.000513213
0 0.25 0.325 0.103125 0.159375 0.00051947
0 0.558984 0.295312 0.355469 0.590625 0.000546767
0 0.85 0.526953 0.14375 0.257031 0.000558155
0 0.28125 0.613281 0.15 0.210938 0.000573268
0 0.541016 0.544922 0.521094 0.910156 0.000590895
0 0.0355469 0.851562 0.0710938 0.296875 0.000595004
0 0.745313 0.509766 0.173438 0.242969 0.00060941
0 0.0691406 0.91875 0.138281 0.1625 0.000723834
0 0.321875 0.577344 0.179688 0.195312 0.000766235
0 0.846875 0.7 0.140625 0.214062 0.000782673
0 0.345313 0.66875 0.245312 0.240625 0.000805418
0 0.880469 0.656641 0.151562 0.294531 0.000865278
0 0.273828 0.294922 0.141406 0.207031 0.000868265
0 0.249609 0.384766 0.111719 0.194531 0.00087743
0 0.261328 0.360156 0.0914062 0.084375 0.000913038
0 0.265234 0.439453 0.147656 0.297656 0.00102928
0 0.315625 0.319531 0.179688 0.209375 0.00109744
0 0.371484 0.609375 0.183594 0.221875 0.0012096
0 0.0585938 0.811719 0.117188 0.376563 0.00145066
0 0.758594 0.570312 0.0890625 0.0984375 0.00157875
0 0.744922 0.720703 0.185156 0.233594 0.00163698
0 0.298828 0.373828 0.163281 0.124219 0.00170578
0 0.244531 0.659375 0.19375 0.25625 0.00172815
0 0.8 0.568359 0.220313 0.272656 0.00337043
0 0.288281 0.483984 0.209375 0.422656 0.00396035
0 0.851562 0.740234 0.210938 0.253906 0.00408718
0 0.254687 0.560547 0.190625 0.353906 0.004313
0 0.761719 0.566016 0.145313 0.139844 0.00733387
0 0.753906 0.627344 0.170312 0.271875 0.00771944
0 0.277344 0.345313 0.125 0.129688 0.0128387
0 0.801562 0.690234 0.251563 0.305469 0.0184178
0 0.297656 0.623047 0.264062 0.258594 0.0253025
