0 0.260547 0.0324219 0.263281 0.0648438 0.000103369
0 0.633203 0.219531 0.261719 0.251563 0.000104473
0 0.700781 0.575781 0.1875 0.201562 0.000118294
0 0.309375 0.160547 0.178125 0.185156 0.000132414
0 0.711328 0.325 0.0789063 0.107813 0.000137939
0 0.811719 0.148047 0.276563 0.288281 0.000138226
0 0.635938 0.651953 0.139062 0.171094 0.000152629
0 0.801562 0.662891 0.132812 0.169531 0.000156634
0 0.317187 0.285547 0.171875 0.271094 0.000160814
0 0.275781 0.0578125 0.35 0.115625 0.000175838
0 0.259375 0.672266 0.273438 0.227344 0.000176015
0 0.694531 0.108594 0.435937 0.217187 0.00018714
0 0.219922 0.617969 0.144531 0.1625 0.00019561
0 0.125781 0.608203 0.19375 0.280469 0.000196509
0 0.688672 0.327344 0.0476562 0.078125 0.000203996
0 0.298438 0.609375 0.225 0.28125 0.000211
0 0.177734 0.637109 0.0914062 0.0945313 0.000218743
0 0.287891 0.144922 0.269531 0.246094 0.000219913
0 0.770703 0.075 0.382031 0.15 0.000220169
0 0.325781 0.531641 0.165625 0.332031 0.000230624
0 0.175781 0.303516 0.103125 0.153906 0.000258686
0 0.742969 0.547656 0.1375 0.253125 0.000337553
0 0.723437 0.410937 0.126563 0.239063 0.000350683
0 0.728125 0.196094 0.4375 0.392188 0.000398721
0 0.191016 0.2875 0.150781 0.228125 0.000400392
0 0.696875 0.303125 0.0609375 0.0890625 0.000452334
0 0.309766 0.394922 0.224219 0.480469 0.000464916
0 0.783984 0.44375 0.222656 0.60625 0.000514936
0 0.611719 0.454297 0.228125 0.478906 0.000593186
0 0.135547 0.3625 0.194531 0.360938 0.000596811
0 0.285547 0.226953 0.194531 0.216406 0.00060467
0 0.700781 0.348047 0.190625 0.336719 0.000637839
0 0.601562 0.619141 0.134375 0.208594 0.000661653
0 0.741797 0.467969 0.127344 0.264062 0.000699234
0 0.694922 0.342187 0.0664062 0.117188 0.000771594
0 0.252344 0.321484 0.251563 0.397656 0.0007751
0 0.773828 0.691016 0.200781 0.136719 0.000829761
0 0.713672 0.671484 0.299219 0.205469 0.000853
0 0.798828 0.694922 0.114844 0.0960938 0.000983661
0 0.708203 0.346484 0.141406 0.202344 0.00102429
0 0.262891 0.520312 0.246094 0.39375 0.00126151
0 0.180469 0.635156 0.160938 0.157813 0.00171785
0 0.658203 0.618359 0.236719 0.244531 0.00197864
0 0.173828 0.382422 0.139844 0.278906 0.00267056
0 0.761328 0.592969 0.227344 0.325 0.00278479
0 0.164062 0.472266 0.19375 0.430469 0.00328493
0 0.210938 0.622656 0.246875 0.226562 0.00566315
0 0.190234 0.371094 0.199219 0.41875 0.0319497
0 0.723047 0.458203 0.186719 0.400781 0.0352708
0 0.216797 0.433203 0.286719 0.594531 0.433943
0 0.686328 0.462109 0.289844 0.544531 0.439753
