0 0.621484 0.615234 0.142969 0.202344 0.000100486
0 0.9875 0.489062 0.025 0.25625 0.000100566
0 0.589453 0.6875 0.183594 0.254687 0.000101837
0 0.741016 0.491797 0.139844 0.233594 0.000103441
0 0.689062 0.84375 0.33125 0.310937 0.000104916
0 0.181641 0.633594 0.135156 0.217187 0.000106055
0 0.278906 0.445703 0.190625 0.182031 0.000106254
0 0.974219 0.3125 0.0515625 0.467187 0.000108351
0 0.675391 0.513281 0.128906 0.23125 0.000112268
0 0.944922 0.118359 0.107031 0.236719 0.000117332
0 0.733594 0.0378906 0.335938 0.0757812 0.000117732
0 0.230078 0.0375 0.363281 0.075 0.000134181
0 0.719531 0.550391 0.1625 0.161719 0.000134438
0 0.260547 0.40625 0.117969 0.176563 0.000140234
0 0.961719 0.0757812 0.0734375 0.151562 0.000144894
0 0.95 0.777344 0.1 0.421875 0.000145726
0 0.675781 0.427734 0.117188 0.205469 0.00014592
0 0.886719 0.597656 0.226562 0.65 0.000151995
0 0.930078 0.688672 0.136719 0.622656 0.00015222
0 0.343359 0.617188 0.180469 0.195312 0.000152311
0 0.721484 0.323438 0.136719 0.171875 0.000155242
0 0.653906 0.576563 0.139062 0.246875 0.000156257
0 0.831641 0.783203 0.297656 0.421094 0.000158247
0 0.828906 0.526172 0.175 0.371094 0.000160402
0 0.1625 0.682813 0.210938 0.214062 0.000160748
0 0.153125 0.0644531 0.292188 0.128906 0.000161157
0 0.741406 0.408594 0.146875 0.242188 0.000167279
0 0.366406 0.276563 0.220313 0.196875 0.000168154
0 0.415625 0.514453 0.35625 0.639844 0.000169499
0 0.164844 0.520703 0.2875 0.525781 0.000170098
0 0.378906 0.521484 0.20625 0.385156 0.000173745
0 0.698828 0.467969 0.153906 0.18125 0.000178506
0 0.226562 0.283984 0.379687 0.555469 0.000199952
0 0.249609 0.407422 0.199219 0.352344 0.00020932
0 0.830859 0.767578 0.186719 0.302344 0.000232195
0 0.585156 0.537109 0.289062 0.578906 0.000243797
0 0.639063 0.736719 0.210938 0.203125 0.000255034
0 0.275781 0.0730469 0.4375 0.142969 0.000258278
0 0.308203 0.183203 0.452344 0.366406 0.000258687
0 0.701172 0.715625 0.150781 0.196875 0.000265859
0 0.970312 0.481641 0.0578125 0.621094 0.000296347
0 0.626562 0.572656 0.18125 0.359375 0.00029907
0 0.233594 0.714453 0.346875 0.275781 0.000302845
0 0.286719 0.367188 0.190625 0.24375 0.000305212
0 0.939062 0.364453 0.117188 0.717969 0.000324555
0 0.780859 0.509375 0.128906 0.246875 0.000330067
0 0.699219 0.660937 0.196875 0.210938 0.000332935
0 0.763281 0.616797 0.146875 0.280469 0.000408224
0 0.767187 0.800391 0.2375 0.333594 0.000466863
0 0.214062 0.1125 0.401563 0.225 0.000479993
0 0.964063 0.191797 0.0703125 0.383594 0.000494603
0 0.975 0.772266 0.05 0.455469 0.000500465
0 0.407813 0.288281 0.185937 0.282813 0.00051215
0 0.957031 0.599609 0.0859375 0.619531 0.000611323
0 0.979688 0.601562 0.040625 0.473437 0.000619138
0 0.700391 0.4 0.192969 0.329688 0.000634926
0 0.813672 0.549219 0.289844 0.648438 0.000655609
0 0.742578 0.697656 0.153906 0.226562 0.000731428
0 0.6625 0.486328 0.214062 0.496094 0.000747235
0 0.299219 0.65625 0.226562 0.195312 0.000747871
0 0.638672 0.677344 0.180469 0.207813 0.000751844
0 0.859766 0.0398437 0.269531 0.0796875 0.000839457
0 0.775781 0.389453 0.317187 0.602344 0.000864138
0 0.723828 0.319922 0.208594 0.250781 0.0008682
0 0.868359 0.35 0.263281 0.7 0.000879665
0 0.197266 0.603125 0.213281 0.295312 0.000887772
0 0.75625 0.128516 0.420312 0.257031 0.00107795
0 0.319141 0.361719 0.278906 0.346875 0.00114712
0 0.796875 0.660156 0.125 0.279687 0.00116036
0 0.342187 0.605078 0.240625 0.339844 0.00129729
0 0.912109 0.0773437 0.174219 0.154687 0.0015363
0 0.380078 0.395703 0.236719 0.478906 0.00154815
0 0.673437 0.754297 0.304688 0.289844 0.00205174
0 0.913281 0.203906 0.171875 0.407813 0.00224014
0 0.761719 0.398438 0.20625 0.376563 0.0023452
0 0.818359 0.0765625 0.355469 0.153125 0.00269094
0 0.270312 0.644922 0.31875 0.278906 0.00340638
0 0.79375 0.722656 0.16875 0.265625 0.00490727
0 0.657812 0.650391 0.2375 0.327344 0.00518911
0 0.248047 0.521094 0.271094 0.415625 0.00635223
0 0.815234 0.206641 0.364844 0.413281 0.00647334
0 0.864062 0.141406 0.270312 0.282813 0.00884464
0 0.791406 0.601172 0.170312 0.483594 0.0126127
0 0.726172 0.696875 0.274219 0.315625 0.0610323
0 0.731641 0.539062 0.257031 0.582812 0.263093
0 0.303906 0.469922 0.365625 0.597656 0.425243
