0 0.621484 0.610156 0.128906 0.232812 0.000101066
0 0.787109 0.483203 0.147656 0.544531 0.000101913
0 0.736719 0.283984 0.078125 0.0945313 0.000105186
0 0.769531 0.429297 0.0640625 0.0898438 0.000111729
0 0.235547 0.533203 0.178906 0.185156 0.000116848
0 0.534375 0.263281 0.145313 0.189063 0.000117918
0 0.162891 0.510156 0.116406 0.270312 0.000118473
0 0.457422 0.771875 0.442969 0.45625 0.000120754
0 0.284766 0.280078 0.117969 0.155469 0.000121708
0 0.833984 0.812891 0.191406 0.303906 0.000123872
0 0.300781 0.251172 0.173438 0.207031 0.000131848
0 0.194531 0.801562 0.14375 0.2 0.000140021
0 0.638281 0.822656 0.176563 0.182812 0.000146833
0 0.241797 0.325 0.214844 0.25625 0.000150543
0 0.292188 0.605078 0.271875 0.397656 0.000152244
0 0.659375 0.656641 0.134375 0.180469 0.000162561
0 0.641016 0.208984 0.189844 0.199219 0.000168157
0 0.238672 0.427344 0.186719 0.204688 0.000170564
0 0.677344 0.739844 0.140625 0.259375 0.000179079
0 0.778906 0.825781 0.145313 0.184375 0.000180602
0 0.178125 0.610937 0.123438 0.254687 0.000182651
0 0.333594 0.0441406 0.301562 0.0882813 0.000183846
0 0.605078 0.156641 0.289844 0.261719 0.000192032
0 0.119922 0.882812 0.147656 0.195312 0.000194133
0 0.627734 0.690234 0.186719 0.335156 0.00020106
0 0.257422 0.0734375 0.255469 0.146875 0.000201306
0 0.0214844 0.646094 0.0414063 0.460938 0.000207961
0 0.731641 0.322266 0.132031 0.219531 0.000211464
0 0.654688 0.318359 0.135937 0.207031 0.000211969
0 0.690234 0.264062 0.105469 0.09375 0.000212336
0 0.683203 0.883203 0.247656 0.205469 0.000212465
0 0.395312 0.556641 0.228125 0.492969 0.000216734
0 0.333203 0.791016 0.282031 0.274219 0.00022509
0 0.585938 0.357031 0.192188 0.28125 0.00022634
0 0.301172 0.0167969 0.171094 0.0335938 0.000246717
0 0.703516 0.826563 0.139844 0.164062 0.000249245
0 0.716016 0.283594 0.119531 0.135937 0.000251225
0 0.428125 0.401563 0.314063 0.5 0.000252259
0 0.761328 0.652344 0.0882813 0.1125 0.00026408
0 0.796875 0.696484 0.129688 0.278906 0.000264263
0 0.0910156 0.688281 0.157031 0.623438 0.000291693
0 0.125781 0.773047 0.170312 0.352344 0.000292295
0 0.134766 0.564844 0.153906 0.389062 0.000293107
0 0.0421875 0.63125 0.084375 0.7375 0.000297673
0 0.739453 0.327344 0.0695312 0.0921875 0.000300731
0 0.737891 0.846875 0.0882813 0.101562 0.000303475
0 0.197656 0.553516 0.142188 0.261719 0.000303666
0 0.303125 0.401953 0.148438 0.174219 0.000331065
0 0.648047 0.361328 0.299219 0.416406 0.000332133
0 0.760547 0.433984 0.0898438 0.166406 0.000336821
0 0.744141 0.717578 0.146094 0.263281 0.00034659
0 0.743359 0.785937 0.197656 0.220313 0.000394556
0 0.346094 0.688281 0.34375 0.517187 0.000403182
0 0.241016 0.01875 0.157031 0.0375 0.000426501
0 0.807422 0.636328 0.282031 0.614844 0.000434909
0 0.325781 0.322656 0.198437 0.279687 0.000434984
0 0.763672 0.481641 0.121094 0.353906 0.000439141
0 0.203906 0.0320312 0.165625 0.0640625 0.000439516
0 0.344922 0.433594 0.286719 0.423438 0.000450234
0 0.698828 0.675781 0.175781 0.18125 0.000487536
0 0.728906 0.484766 0.192188 0.496094 0.000491634
0 0.578516 0.232422 0.178906 0.202344 0.000521637
0 0.177344 0.876562 0.182812 0.176563 0.000545713
0 0.278125 0.0296875 0.204688 0.0578125 0.000567048
0 0.134375 0.526172 0.217187 0.625781 0.000608336
0 0.254687 0.844141 0.3125 0.230469 0.00060936
0 0.735937 0.323047 0.0984375 0.138281 0.00061898
0 0.749219 0.382422 0.115625 0.238281 0.000646973
0 0.790625 0.885938 0.204688 0.189063 0.000736339
0 0.672656 0.272656 0.1375 0.148438 0.000943955
0 0.258203 0.729688 0.325781 0.401563 0.000970067
0 0.713281 0.370313 0.189063 0.29375 0.00115396
0 0.517187 0.547656 0.440625 0.748438 0.00138493
0 0.241406 0.04375 0.207813 0.0875 0.00146765
0 0.252344 0.490234 0.24375 0.382031 0.00155827
0 0.635156 0.286328 0.207813 0.239844 0.00165252
0 0.199609 0.445312 0.171094 0.314063 0.00173884
0 0.702734 0.608594 0.247656 0.404687 0.00199165
0 0.666797 0.76875 0.230469 0.325 0.00230427
0 0.764453 0.655469 0.128906 0.223438 0.00233531
0 0.739062 0.858984 0.176563 0.155469 0.00310674
0 0.142969 0.84375 0.0953125 0.1125 0.00378174
0 0.271484 0.393359 0.233594 0.319531 0.00447272
0 0.790234 0.762891 0.191406 0.366406 0.00532291
0 0.157813 0.825391 0.132812 0.171094 0.00536837
0 0.336328 0.544922 0.439844 0.732031 0.00540221
0 0.191797 0.782812 0.213281 0.290625 0.00575431
0 0.765625 0.616797 0.171875 0.500781 0.0104143
0 0.194922 0.570703 0.185156 0.421094 0.0108196
0 0.728516 0.841406 0.253906 0.220313 0.0109618
0 0.1625 0.673828 0.176563 0.535156 0.0114663
0 0.698828 0.563672 0.294531 0.742969 0.0696964
0 0.727734 0.716406 0.263281 0.428125 0.106959
0 0.222656 0.569141 0.267188 0.667969 0.344611
