0 0.897266 0.364844 0.0289063 0.0703125 0.000101386
0 0.737891 0.639453 0.0898438 0.119531 0.000103289
0 0.699219 0.449609 0.14375 0.205469 0.000107989
0 0.0878906 0.900391 0.0570313 0.135156 0.000108283
0 0.277734 0.469531 0.199219 0.185937 0.00010885
0 0.467578 0.01875 0.200781 0.0375 0.000109444
0 0.120703 0.972656 0.0804688 0.0546875 0.000112394
0 0.894531 0.284766 0.0234375 0.0820312 0.000115842
0 0.855078 0.123047 0.0820312 0.0851562 0.000117951
0 0.838281 0.149219 0.0625 0.0875 0.000120276
0 0.624219 0.714063 0.16875 0.204688 0.000120501
0 0.594141 0.978516 0.224219 0.0429688 0.000121531
0 0.717969 0.371484 0.0828125 0.110156 0.000123165
0 0.0859375 0.721094 0.0296875 0.101562 0.000124143
0 0.603125 0.467187 0.201562 0.351562 0.000124559
0 0.897656 0.362109 0.0390625 0.117969 0.000124712
0 0.107813 0.982813 0.0625 0.0328125 0.000125294
0 0.542578 0.0667969 0.257031 0.133594 0.000128281
0 0.283203 0.979297 0.211719 0.0414063 0.000129115
0 0.809375 0.0496094 0.228125 0.0945313 0.000131099
0 0.884766 0.239453 0.117969 0.339844 0.000132577
0 0.675 0.979688 0.203125 0.040625 0.000134747
0 0.280859 0.01875 0.191406 0.034375 0.000139808
0 0.342187 0.534766 0.159375 0.203906 0.000141677
0 0.895312 0.738672 0.021875 0.103906 0.000144387
0 0.894141 0.637109 0.0304688 0.161719 0.000146008
0 0.194922 0.0519531 0.235156 0.103906 0.000146689
0 0.0765625 0.616016 0.021875 0.0773437 0.000147876
0 0.257422 0.669531 0.146094 0.153125 0.000149297
0 0.899219 0.435547 0.0453125 0.158594 0.000151928
0 0.492578 0.046875 0.213281 0.090625 0.00015277
0 0.887891 0.719141 0.0351562 0.100781 0.000153347
0 0.0753906 0.685938 0.0351562 0.128125 0.000155187
0 0.861328 0.174609 0.0945313 0.138281 0.000157104
0 0.741797 0.678516 0.0914062 0.116406 0.000157562
0 0.452344 0.0710938 0.2125 0.142188 0.000159087
0 0.878906 0.152344 0.0515625 0.115625 0.000162221
0 0.732813 0.511719 0.114063 0.239063 0.000164308
0 0.730469 0.0605469 0.35 0.121094 0.00016432
0 0.398828 0.05 0.247656 0.1 0.000164421
0 0.235156 0.448047 0.120312 0.128906 0.000166246
0 0.723437 0.400781 0.1125 0.24375 0.000169056
0 0.895703 0.388281 0.0726563 0.234375 0.000172132
0 0.892578 0.345703 0.0335938 0.0726563 0.000172157
0 0.894922 0.282813 0.0367187 0.15 0.000175594
0 0.298047 0.327344 0.177344 0.201562 0.000176002
0 0.891406 0.863672 0.03125 0.0898438 0.000177614
0 0.0804688 0.862891 0.0359375 0.108594 0.000178295
0 0.0910156 0.848047 0.0304688 0.0960938 0.000182286
0 0.377344 0.442578 0.253125 0.625781 0.000183697
0 0.890625 0.824609 0.0296875 0.105469 0.000187122
0 0.0949219 0.930078 0.0367187 0.0945313 0.000188054
0 0.569141 0.0335938 0.269531 0.065625 0.000189608
0 0.292969 0.737109 0.273438 0.236719 0.0001928
0 0.336719 0.453125 0.195312 0.370313 0.000196508
0 0.902734 0.614453 0.0195312 0.119531 0.000196856
0 0.779688 0.645312 0.15 0.30625 0.00019806
0 0.898828 0.885938 0.0210938 0.0765625 0.00019834
0 0.903125 0.961719 0.05625 0.06875 0.000201071
0 0.552734 0.955078 0.436719 0.0898438 0.000205954
0 0.888672 0.758203 0.0273438 0.0960938 0.000206956
0 0.883594 0.940625 0.053125 0.11875 0.0002105
0 0.896094 0.93125 0.028125 0.0953125 0.000217805
0 0.203125 0.675391 0.128125 0.175781 0.000218806
0 0.108203 0.957812 0.0445312 0.075 0.000224129
0 0.896094 0.699609 0.0234375 0.0882813 0.000226198
0 0.0855469 0.676562 0.0289063 0.110937 0.000230853
0 0.762891 0.744922 0.133594 0.210156 0.000236908
0 0.892969 0.815234 0.065625 0.246094 0.000237165
0 0.897656 0.862891 0.0265625 0.144531 0.000239383
0 0.635938 0.046875 0.365625 0.0921875 0.000254855
0 0.904688 0.652344 0.0625 0.214062 0.000255938
0 0.450391 0.0324219 0.225781 0.0648438 0.000260476
0 0.901953 0.656641 0.0195312 0.119531 0.000264933
0 0.232812 0.0316406 0.2625 0.0632813 0.000269231
0 0.234766 0.967578 0.266406 0.0601562 0.000270985
0 0.735156 0.0316406 0.320312 0.0632813 0.000271328
0 0.293359 0.0480469 0.289844 0.0960938 0.000272554
0 0.0773437 0.644922 0.034375 0.138281 0.00027874
0 0.888281 0.289062 0.065625 0.20625 0.000292324
0 0.0894531 0.598437 0.0273438 0.115625 0.000292758
0 0.299609 0.575391 0.152344 0.252344 0.0002996
0 0.659766 0.530078 0.210156 0.205469 0.00030923
0 0.894141 0.394531 0.0507812 0.165625 0.000310113
0 0.886328 0.855078 0.0460938 0.188281 0.000318557
0 0.0929687 0.955078 0.0421875 0.0789063 0.000326406
0 0.883984 0.730859 0.0445312 0.161719 0.000341201
0 0.899219 0.574219 0.0375 0.18125 0.000352714
0 0.371875 0.526172 0.178125 0.361719 0.000381422
0 0.323047 0.0296875 0.203906 0.0578125 0.0004071
0 0.617969 0.633594 0.142188 0.196875 0.000413065
0 0.0875 0.633594 0.025 0.117188 0.000432018
0 0.679688 0.635156 0.154687 0.24375 0.000473909
0 0.239844 0.555469 0.151562 0.2875 0.000481415
0 0.639063 0.966406 0.270312 0.0671875 0.000485178
0 0.385938 0.626172 0.1375 0.260156 0.000490828
0 0.246094 0.451562 0.182812 0.3375 0.000543549
0 0.678125 0.448047 0.203125 0.291406 0.000562155
0 0.300781 0.648828 0.15 0.169531 0.000576058
0 0.0984375 0.971875 0.04375 0.053125 0.00060741
0 0.0917969 0.887109 0.0351562 0.0929687 0.000613771
0 0.298047 0.954297 0.336719 0.0914062 0.000676055
0 0.895312 0.898438 0.0390625 0.178125 0.000767644
0 0.748828 0.493359 0.182031 0.564844 0.000849148
0 0.891797 0.771484 0.0335938 0.203906 0.000856871
0 0.34375 0.613672 0.15 0.225781 0.000884746
0 0.28125 0.410156 0.248437 0.614062 0.00090535
0 0.666797 0.714453 0.257031 0.289844 0.000930627
0 0.212109 0.60625 0.150781 0.265625 0.000961494
0 0.903516 0.655078 0.0367187 0.160156 0.00100166
0 0.741406 0.691797 0.126563 0.182031 0.00111135
0 0.895312 0.691797 0.0375 0.155469 0.00118235
0 0.629297 0.605859 0.235156 0.300781 0.00126421
0 0.719531 0.499609 0.159375 0.377344 0.00142281
0 0.887109 0.321484 0.0445312 0.141406 0.00154594
0 0.245703 0.667578 0.210156 0.216406 0.00157756
0 0.331641 0.658203 0.228906 0.239844 0.00344179
0 0.736719 0.616406 0.13125 0.279687 0.00656692
0 0.658594 0.494922 0.2625 0.522656 0.00762967
0 0.280469 0.61875 0.23125 0.2125 0.0108172
0 0.719922 0.669531 0.189844 0.259375 0.0185499
0 0.690234 0.600781 0.235156 0.371875 0.257687
0 0.292578 0.566406 0.272656 0.36875 0.319158
