0 0.223047 0.304688 0.124219 0.2 0.000100461
0 0.384375 0.5125 0.104687 0.115625 0.000104945
0 0.782031 0.403906 0.0828125 0.090625 0.000107288
0 0.839844 0.494531 0.1 0.201562 0.000107898
0 0.182422 0.632422 0.121094 0.227344 0.000109156
0 0.241016 0.717969 0.189844 0.192188 0.000110367
0 0.594141 0.217969 0.303906 0.432813 0.000111124
0 0.784766 0.59375 0.164844 0.184375 0.000118827
0 0.782031 0.677734 0.0921875 0.0976562 0.000119367
0 0.0296875 0.561719 0.05625 0.470313 0.00012175
0 0.779688 0.288281 0.078125 0.103125 0.000127569
0 0.205078 0.404687 0.119531 0.196875 0.000135787
0 0.390234 0.225391 0.207031 0.241406 0.000143275
0 0.768359 0.405078 0.102344 0.136719 0.000143511
0 0.677734 0.632422 0.175781 0.288281 0.000146125
0 0.127344 0.883203 0.078125 0.0851562 0.000147291
0 0.205078 0.487891 0.133594 0.258594 0.000158272
0 0.349219 0.313672 0.178125 0.274219 0.000160857
0 0.776563 0.810156 0.226562 0.179688 0.00017776
0 0.0617188 0.688672 0.0875 0.282031 0.000186313
0 0.23125 0.807813 0.240625 0.1875 0.000193971
0 0.792969 0.344922 0.0859375 0.103906 0.000199889
0 0.361719 0.4 0.0796875 0.084375 0.000203513
0 0.158594 0.400781 0.220313 0.445312 0.000222904
0 0.70625 0.222656 0.182812 0.18125 0.000224024
0 0.821484 0.694531 0.174219 0.185937 0.000228861
0 0.844922 0.554297 0.121094 0.199219 0.000235063
0 0.364844 0.517187 0.132812 0.203125 0.000240566
0 0.239063 0.527734 0.132812 0.217969 0.000242031
0 0.763672 0.255469 0.0867188 0.10625 0.000243941
0 0.172266 0.78125 0.163281 0.25 0.000262241
0 0.800781 0.404297 0.120312 0.196094 0.000267301
0 0.295703 0.322656 0.322656 0.378125 0.000279956
0 0.0601562 0.555078 0.120312 0.652344 0.000307309
0 0.745703 0.472266 0.224219 0.421094 0.000307658
0 0.760156 0.716016 0.16875 0.185156 0.000328836
0 0.749609 0.382031 0.146094 0.2 0.000341513
0 0.682813 0.759766 0.125 0.152344 0.00036364
0 0.748828 0.283984 0.138281 0.199219 0.000366091
0 0.494141 0.183594 0.333594 0.367188 0.00037841
0 0.701953 0.79375 0.141406 0.132812 0.000383058
0 0.345703 0.199219 0.175781 0.13125 0.000388565
0 0.826563 0.764063 0.23125 0.254687 0.000449508
0 0.115234 0.885547 0.0445312 0.0664062 0.000469502
0 0.357031 0.441406 0.151562 0.229687 0.000478513
0 0.198828 0.571484 0.132031 0.271094 0.000489106
0 0.164453 0.559375 0.163281 0.359375 0.000489353
0 0.35625 0.394922 0.114063 0.125781 0.000528277
0 0.314063 0.246094 0.1875 0.201562 0.00053219
0 0.840625 0.528125 0.157813 0.323438 0.000582
0 0.296484 0.604297 0.252344 0.422656 0.000588204
0 0.261719 0.320703 0.139062 0.185156 0.000594989
0 0.783594 0.566406 0.232812 0.371875 0.000709547
0 0.303906 0.439453 0.214062 0.283594 0.000711985
0 0.254687 0.343359 0.1125 0.107031 0.000766704
0 0.782812 0.675781 0.154687 0.139062 0.000785341
0 0.273047 0.758203 0.269531 0.260156 0.000808872
0 0.271875 0.319531 0.184375 0.292188 0.000909167
0 0.794141 0.30625 0.113281 0.2 0.000927897
0 0.683984 0.716406 0.169531 0.245312 0.000931415
0 0.165234 0.559375 0.221094 0.573438 0.00124065
0 0.751172 0.647266 0.217969 0.255469 0.00130063
0 0.207031 0.400781 0.164062 0.33125 0.00133249
0 0.233203 0.475781 0.292969 0.4875 0.00138311
0 0.801172 0.458594 0.161719 0.364062 0.00146967
0 0.261328 0.485156 0.0835937 0.0875 0.00169811
0 0.823047 0.624219 0.191406 0.278125 0.00205746
0 0.729297 0.768359 0.196094 0.208594 0.00211371
0 0.235547 0.360938 0.139844 0.228125 0.00211988
0 0.768359 0.326562 0.0914062 0.109375 0.00265018
0 0.221875 0.693359 0.245312 0.367969 0.00341014
0 0.778125 0.714063 0.2375 0.276563 0.00351458
0 0.25625 0.479688 0.121875 0.139062 0.00503789
0 0.783203 0.354688 0.110156 0.176563 0.00714067
0 0.244141 0.457812 0.152344 0.253125 0.00780744
0 0.219531 0.542969 0.1875 0.460938 0.0150732
