0 0.569922 0.0472656 0.0929687 0.0945313 0.000102823
0 0.701172 0.698438 0.138281 0.235938 0.000102826
0 0.448438 0.785937 0.498437 0.428125 0.000102874
0 0.338672 0.530078 0.186719 0.188281 0.000103452
0 0.709375 0.608594 0.146875 0.25 0.000108332
0 0.0152344 0.98125 0.0304688 0.0375 0.00010948
0 0.807422 0.530078 0.132031 0.222656 0.000109638
0 0.380078 0.752734 0.147656 0.164844 0.000113456
0 0.632812 0.0308594 0.084375 0.0601562 0.000114753
0 0.486719 0.133594 0.246875 0.239063 0.000114998
0 0.299609 0.0503906 0.261719 0.0960938 0.000119683
0 0.494922 0.221484 0.132031 0.166406 0.000122161
0 0.344141 0.71875 0.0757812 0.0953125 0.000124269
0 0.872656 0.723047 0.179688 0.511719 0.000125567
0 0.195312 0.0355469 0.309375 0.0710938 0.000127658
0 0.283203 0.694531 0.139844 0.132812 0.000128067
0 0.411719 0.690625 0.146875 0.1875 0.000128795
0 0.894922 0.03125 0.210156 0.0578125 0.000129122
0 0.0191406 0.938281 0.0367187 0.123438 0.000129542
0 0.276172 0.810156 0.308594 0.346875 0.000134109
0 0.971875 0.514844 0.0515625 0.164062 0.000138874
0 0.247266 0.555469 0.130469 0.240625 0.000142378
0 0.780469 0.610937 0.160938 0.1875 0.000144664
0 0.838672 0.718359 0.127344 0.258594 0.000147925
0 0.0148437 0.965234 0.0296875 0.0695312 0.000151554
0 0.193359 0.138281 0.299219 0.271875 0.000155909
0 0.326562 0.324219 0.160938 0.19375 0.000158286
0 0.744141 0.681641 0.141406 0.239844 0.000166511
0 0.630859 0.0195312 0.133594 0.0375 0.00016885
0 0.824219 0.63125 0.1375 0.267188 0.000187508
0 0.227734 0.616797 0.113281 0.194531 0.000188729
0 0.413672 0.254297 0.116406 0.111719 0.000197266
0 0.754297 0.391406 0.178906 0.26875 0.00021745
0 0.515234 0.0519531 0.228906 0.103906 0.000224619
0 0.283203 0.512891 0.183594 0.200781 0.000230132
0 0.371875 0.484766 0.232812 0.333594 0.000235563
0 0.723437 0.758203 0.145313 0.224219 0.000245601
0 0.256641 0.491016 0.188281 0.380469 0.000257767
0 0.656641 0.0472656 0.230469 0.0914062 0.000258939
0 0.392188 0.279297 0.178125 0.183594 0.000260771
0 0.807813 0.957031 0.05 0.0734375 0.000265456
0 0.271875 0.107031 0.321875 0.214062 0.000281232
0 0.697656 0.842188 0.271875 0.23125 0.000281612
0 0.341016 0.609766 0.142969 0.236719 0.000306241
0 0.800781 0.696094 0.140625 0.267188 0.000307155
0 0.342969 0.698828 0.114063 0.133594 0.000324918
0 0.298438 0.628125 0.15 0.221875 0.000359335
0 0.667969 0.76875 0.240625 0.289062 0.000386358
0 0.81875 0.81875 0.125 0.167187 0.000392086
0 0.310937 0.367578 0.1125 0.117969 0.000406092
0 0.815234 0.409766 0.132031 0.155469 0.000447324
0 0.539062 0.0359375 0.146875 0.0703125 0.000480096
0 0.748047 0.571094 0.211719 0.323438 0.000494447
0 0.233594 0.0652344 0.31875 0.130469 0.000495703
0 0.378125 0.648828 0.189063 0.267969 0.000515896
0 0.316797 0.392188 0.160156 0.170312 0.000538297
0 0.717578 0.277344 0.105469 0.0984375 0.000544568
0 0.445312 0.242188 0.14375 0.154687 0.000588244
0 0.567578 0.0886719 0.191406 0.177344 0.000591301
0 0.610547 0.0328125 0.166406 0.0625 0.000654562
0 0.775 0.833203 0.201562 0.225781 0.000655093
0 0.322656 0.679688 0.2 0.178125 0.000737529
0 0.575391 0.0207031 0.171094 0.0414063 0.000751414
0 0.374609 0.601172 0.271094 0.382031 0.000784008
0 0.242188 0.671094 0.159375 0.19375 0.000812389
0 0.351562 0.71875 0.184375 0.16875 0.00100309
0 0.282422 0.719141 0.221094 0.174219 0.00101272
0 0.767187 0.467969 0.198437 0.239063 0.0010231
0 0.751172 0.571484 0.255469 0.560156 0.00135765
0 0.298438 0.574609 0.203125 0.211719 0.00138091
0 0.347266 0.432031 0.310156 0.634375 0.00149526
0 0.3125 0.416016 0.2125 0.296094 0.00152437
0 0.706641 0.696484 0.258594 0.385156 0.00193244
0 0.764063 0.739062 0.145313 0.225 0.00238703
0 0.8375 0.608984 0.175 0.492969 0.00301365
0 0.838672 0.544141 0.133594 0.317969 0.00325836
0 0.823047 0.464063 0.135156 0.217187 0.00391654
0 0.586328 0.0496094 0.188281 0.0992187 0.00428376
0 0.310937 0.671484 0.285937 0.280469 0.00730152
0 0.251953 0.604688 0.183594 0.2875 0.00763562
0 0.813281 0.782812 0.178125 0.260938 0.00821571
0 0.749219 0.772266 0.242188 0.271094 0.01939
0 0.785937 0.68125 0.225 0.44375 0.0828138
0 0.305078 0.550391 0.267969 0.424219 0.21436
