0 0.290625 0.285937 0.198437 0.153125 0.000103794
0 0.277344 0.364453 0.11875 0.142969 0.000107864
0 0.549219 0.858594 0.148438 0.176563 0.000108354
0 0.117188 0.717578 0.15 0.224219 0.000112514
0 0.334766 0.860937 0.177344 0.192188 0.000114191
0 0.239453 0.784375 0.141406 0.201562 0.000117351
0 0.782812 0.980859 0.128125 0.0382813 0.000123083
0 0.320312 0.626953 0.35625 0.677344 0.00012462
0 0.635938 0.327734 0.175 0.178906 0.000129752
0 0.265625 0.677344 0.15 0.171875 0.000131097
0 0.794141 0.903906 0.141406 0.192188 0.00013539
0 0.276172 0.615234 0.105469 0.149219 0.000140796
0 0.178906 0.780078 0.142188 0.191406 0.000145383
0 0.978125 0.941797 0.04375 0.116406 0.000157277
0 0.324609 0.871484 0.305469 0.222656 0.000158573
0 0.660156 0.979688 0.1625 0.0390625 0.00016316
0 0.316406 0.803516 0.248437 0.285156 0.000164246
0 0.733203 0.467969 0.111719 0.240625 0.000168125
0 0.257812 0.46875 0.128125 0.145313 0.000173018
0 0.300781 0.885938 0.146875 0.129688 0.0001742
0 0.325781 0.442578 0.175 0.271094 0.000179783
0 0.585156 0.699609 0.0921875 0.197656 0.0001885
0 0.164062 0.841016 0.142188 0.135156 0.000192352
0 0.608203 0.451562 0.135156 0.215625 0.000193035
0 0.136328 0.799219 0.147656 0.185937 0.000194957
0 0.824609 0.648438 0.292969 0.703125 0.00020491
0 0.625391 0.439063 0.192969 0.310937 0.000206431
0 0.741016 0.614844 0.119531 0.259375 0.000221768
0 0.655859 0.513672 0.208594 0.328906 0.000231764
0 0.609766 0.366797 0.144531 0.191406 0.000235317
0 0.36875 0.316406 0.0921875 0.125 0.000242314
0 0.348437 0.287891 0.126563 0.124219 0.00029906
0 0.686328 0.719141 0.0835937 0.107031 0.000302083
0 0.820703 0.941016 0.239844 0.117969 0.000313105
0 0.150391 0.576563 0.135156 0.254687 0.000314527
0 0.759375 0.946484 0.090625 0.107031 0.000327997
0 0.703906 0.844531 0.153125 0.21875 0.000342441
0 0.248437 0.360938 0.146875 0.204688 0.000354878
0 0.777734 0.965625 0.158594 0.0671875 0.00037939
0 0.0660156 0.841406 0.0773437 0.0984375 0.000380508
0 0.713281 0.403516 0.104687 0.152344 0.000385122
0 0.154297 0.717578 0.144531 0.282031 0.000394081
0 0.292969 0.815234 0.16875 0.208594 0.000419357
0 0.719141 0.979297 0.185156 0.0414063 0.000424168
0 0.595703 0.879687 0.133594 0.16875 0.000435923
0 0.201953 0.823828 0.139844 0.147656 0.000437969
0 0.640625 0.903125 0.198437 0.1875 0.000441821
0 0.664062 0.964453 0.203125 0.0710938 0.000445239
0 0.727344 0.523438 0.1625 0.36875 0.000466269
0 0.339453 0.338281 0.160156 0.204688 0.000503104
0 0.752734 0.804297 0.124219 0.292969 0.000505753
0 0.810156 0.869141 0.228125 0.261719 0.000528112
0 0.235156 0.4375 0.198437 0.265625 0.000548472
0 0.7375 0.698047 0.129688 0.232031 0.000554069
0 0.636719 0.740234 0.164062 0.175781 0.000611558
0 0.300391 0.653125 0.132031 0.182812 0.000747203
0 0.300391 0.607031 0.180469 0.432813 0.000780146
0 0.291406 0.358984 0.203125 0.253906 0.000783187
0 0.658203 0.373828 0.167969 0.207031 0.000820412
0 0.678516 0.758203 0.138281 0.183594 0.000852654
0 0.605859 0.729297 0.155469 0.277344 0.000959565
0 0.693359 0.652344 0.200781 0.379687 0.000992753
0 0.689844 0.446094 0.184375 0.273438 0.0010538
0 0.180859 0.857031 0.244531 0.1625 0.00107768
0 0.0933594 0.691406 0.171094 0.390625 0.0011487
0 0.0765625 0.824219 0.103125 0.15 0.00126488
0 0.268359 0.471094 0.285156 0.49375 0.00130633
0 0.110547 0.841797 0.182031 0.177344 0.00134625
0 0.257422 0.850781 0.172656 0.145313 0.00137405
0 0.725 0.960938 0.201562 0.078125 0.00190553
0 0.624609 0.647656 0.247656 0.704687 0.00208087
0 0.153906 0.515625 0.1875 0.404687 0.00214047
0 0.7 0.71875 0.115625 0.154687 0.00214587
0 0.134766 0.654297 0.135156 0.271094 0.0022735
0 0.719922 0.761328 0.132031 0.260156 0.00251908
0 0.090625 0.786719 0.154687 0.248437 0.00278213
0 0.751172 0.653906 0.150781 0.53125 0.00297506
0 0.759375 0.924609 0.129688 0.150781 0.0031557
0 0.256641 0.70625 0.239844 0.340625 0.00318853
0 0.615234 0.852734 0.196094 0.239844 0.00322765
0 0.657812 0.737109 0.21875 0.353906 0.00341137
0 0.699219 0.932031 0.232812 0.134375 0.00342962
0 0.7875 0.7625 0.209375 0.475 0.00376087
0 0.223047 0.817187 0.224219 0.195312 0.00394746
0 0.176563 0.785156 0.273438 0.276563 0.0111106
0 0.669141 0.847266 0.252344 0.300781 0.0140788
0 0.735156 0.887109 0.178125 0.225781 0.0158142
0 0.199609 0.574219 0.299219 0.642187 0.0561111
0 0.701563 0.663672 0.229687 0.672656 0.0586625
0 0.136719 0.639063 0.192188 0.49375 0.123815
0 0.723437 0.797656 0.179688 0.398438 0.126354
