0 0.866016 0.806641 0.110156 0.161719 0.00010116
0 0.340234 0.631641 0.0867188 0.0960938 0.00010152
0 0.717578 0.346484 0.116406 0.114844 0.000102661
0 0.719922 0.388672 0.0835937 0.113281 0.000103716
0 0.946875 0.0222656 0.10625 0.0445312 0.000103723
0 0.45 0.552344 0.0859375 0.10625 0.00010423
0 0.801562 0.426953 0.0640625 0.105469 0.000105572
0 0.425781 0.722266 0.090625 0.110156 0.00010798
0 0.823828 0.595703 0.0882813 0.114844 0.00010884
0 0.015625 0.677344 0.03125 0.189063 0.000109943
0 0.679688 0.702344 0.195312 0.353125 0.000117859
0 0.264844 0.819922 0.0484375 0.0804688 0.000118146
0 0.0355469 0.720312 0.0710938 0.43125 0.000126051
0 0.764063 0.594531 0.153125 0.2 0.000127648
0 0.466016 0.396875 0.197656 0.260938 0.000131779
0 0.724219 0.679297 0.10625 0.175781 0.000133447
0 0.326172 0.742578 0.303906 0.319531 0.000138149
0 0.831641 0.511328 0.0914062 0.185156 0.000138487
0 0.75625 0.405859 0.0859375 0.108594 0.000139188
0 0.804688 0.550781 0.0875 0.109375 0.000139716
0 0.807422 0.469922 0.0757812 0.119531 0.000144176
0 0.652734 0.594531 0.388281 0.589063 0.000145466
0 0.797266 0.80625 0.311719 0.251563 0.000150388
0 0.723437 0.487891 0.128125 0.267969 0.000153396
0 0.470703 0.532812 0.0835937 0.104687 0.000153822
0 0.304297 0.761328 0.0882813 0.113281 0.00015471
0 0.760938 0.656641 0.134375 0.227344 0.000163214
0 0.432422 0.744922 0.321094 0.288281 0.00016386
0 0.423828 0.467578 0.175781 0.192969 0.000164685
0 0.330469 0.448828 0.140625 0.202344 0.00016777
0 0.341016 0.570703 0.0867188 0.108594 0.000168431
0 0.3625 0.444531 0.0828125 0.110937 0.000178473
0 0.825391 0.635156 0.0820312 0.101562 0.000179974
0 0.273047 0.617578 0.186719 0.500781 0.000181727
0 0.0285156 0.605469 0.0570313 0.445312 0.000218753
0 0.777344 0.389453 0.1625 0.185156 0.000224397
0 0.448828 0.754297 0.157031 0.155469 0.000230018
0 0.358203 0.50625 0.0867188 0.10625 0.000232768
0 0.297266 0.792969 0.108594 0.128125 0.000242485
0 0.788281 0.510547 0.0796875 0.0945313 0.000251662
0 0.496094 0.615234 0.31875 0.463281 0.000271353
0 0.885547 0.623047 0.161719 0.514844 0.000284058
0 0.702344 0.366797 0.165625 0.185156 0.000297796
0 0.279297 0.701172 0.133594 0.319531 0.000306515
0 0.503125 0.549609 0.11875 0.250781 0.000306674
0 0.686328 0.444531 0.175781 0.207813 0.000317253
0 0.865234 0.730078 0.127344 0.308594 0.000327767
0 0.386719 0.680859 0.140625 0.197656 0.000352524
0 0.766406 0.509766 0.120312 0.203906 0.000354244
0 0.789453 0.553125 0.124219 0.1875 0.000355423
0 0.351953 0.406641 0.0898438 0.110156 0.000361296
0 0.841016 0.723047 0.119531 0.217969 0.00036868
0 0.807813 0.634766 0.120312 0.183594 0.000381328
0 0.384766 0.419531 0.0742188 0.084375 0.000416184
0 0.328906 0.613281 0.107813 0.2125 0.000417592
0 0.733203 0.398438 0.285156 0.26875 0.000422795
0 0.298438 0.51875 0.185937 0.342187 0.000424721
0 0.799219 0.430859 0.107813 0.177344 0.000442024
0 0.744531 0.791016 0.210938 0.182031 0.000464378
0 0.340234 0.532422 0.0867188 0.111719 0.000466853
0 0.01875 0.646484 0.0375 0.338281 0.000490986
0 0.485156 0.633984 0.114063 0.282031 0.000506325
0 0.742969 0.721094 0.140625 0.228125 0.000545593
0 0.38125 0.550781 0.15 0.165625 0.000563156
0 0.426562 0.532031 0.170312 0.175 0.000565297
0 0.719141 0.424609 0.0789063 0.103906 0.000624106
0 0.485156 0.480078 0.153125 0.267969 0.000653044
0 0.325 0.680469 0.121875 0.207813 0.000676366
0 0.416016 0.395703 0.152344 0.157031 0.000716457
0 0.430469 0.614062 0.140625 0.276563 0.000717062
0 0.714063 0.560547 0.207813 0.502344 0.000732507
0 0.783984 0.760156 0.144531 0.175 0.000736622
0 0.759375 0.447656 0.139062 0.225 0.000751562
0 0.407422 0.732813 0.177344 0.16875 0.000910469
0 0.722266 0.439063 0.111719 0.148438 0.000967828
0 0.805469 0.698047 0.14375 0.267969 0.000998638
0 0.821094 0.797266 0.178125 0.172656 0.00116608
0 0.469531 0.572656 0.11875 0.239063 0.00137338
0 0.472266 0.701563 0.127344 0.189063 0.00139403
0 0.821484 0.689844 0.280469 0.396875 0.00158334
0 0.837891 0.635156 0.0960938 0.279687 0.00182258
0 0.358984 0.611719 0.132031 0.276563 0.0019652
0 0.806641 0.507422 0.0882813 0.149219 0.00200251
0 0.745313 0.692578 0.209375 0.317969 0.00211799
0 0.821094 0.573438 0.109375 0.2625 0.00225812
0 0.310156 0.739453 0.134375 0.221094 0.00247669
0 0.331641 0.530469 0.105469 0.229687 0.00267165
0 0.342578 0.561328 0.288281 0.524219 0.00299643
0 0.38125 0.400781 0.109375 0.115625 0.0031267
0 0.357812 0.719531 0.20625 0.223438 0.00400489
0 0.378906 0.428516 0.142188 0.210156 0.00405274
0 0.432031 0.687109 0.1875 0.233594 0.00494137
0 0.470313 0.566797 0.154687 0.388281 0.00502958
0 0.807422 0.496875 0.117969 0.2625 0.00585285
0 0.73125 0.405859 0.160938 0.185156 0.00604243
0 0.748047 0.46875 0.202344 0.340625 0.00755909
0 0.360938 0.491016 0.13125 0.249219 0.0108318
0 0.405078 0.475 0.224219 0.317187 0.0135071
0 0.324219 0.636328 0.140625 0.372656 0.0169579
0 0.79375 0.753125 0.220313 0.240625 0.020128
0 0.8375 0.641406 0.13125 0.434375 0.0215332
0 0.413672 0.612891 0.241406 0.375781 0.0243999
0 0.363281 0.555859 0.175 0.428906 0.127487
0 0.785547 0.578516 0.211719 0.536719 0.305016
