0 0.681641 0.509766 0.122656 0.167969 0.00010295
0 0.829297 0.407031 0.0773437 0.164062 0.000109501
0 0.314063 0.400391 0.084375 0.114844 0.000110933
0 0.214062 0.566797 0.173438 0.316406 0.000111648
0 0.278516 0.555859 0.0757812 0.116406 0.0001118
0 0.339063 0.310156 0.08125 0.1 0.000112595
0 0.478906 0.955078 0.110937 0.0898438 0.000113699
0 0.245312 0.633594 0.0828125 0.103125 0.000114449
0 0.298828 0.574219 0.0867188 0.1125 0.000117138
0 0.685547 0.551562 0.289844 0.490625 0.00011734
0 0.324219 0.6375 0.090625 0.084375 0.000119608
0 0.428516 0.889453 0.413281 0.221094 0.000121342
0 0.307031 0.797656 0.348437 0.3875 0.000121456
0 0.415625 0.594531 0.078125 0.1 0.000123727
0 0.367578 0.510547 0.0804688 0.0992187 0.000130483
0 0.760547 0.403516 0.0820312 0.0992187 0.000131993
0 0.735937 0.307031 0.08125 0.104687 0.000132745
0 0.705859 0.361719 0.0804688 0.110937 0.000133102
0 0.276953 0.319922 0.160156 0.247656 0.000134852
0 0.785156 0.284766 0.167187 0.257031 0.000137334
0 0.839453 0.754687 0.177344 0.275 0.000137346
0 0.819141 0.447656 0.0773437 0.120312 0.000143792
0 0.24375 0.662891 0.121875 0.122656 0.000146326
0 0.823047 0.361328 0.0960938 0.191406 0.000151129
0 0.685547 0.304297 0.117969 0.238281 0.000152317
0 0.252734 0.657812 0.182031 0.204688 0.000153664
0 0.708203 0.238672 0.128906 0.175781 0.000166729
0 0.356641 0.375 0.0960938 0.103125 0.000177525
0 0.390234 0.362109 0.122656 0.139844 0.000179275
0 0.396484 0.242578 0.228906 0.266406 0.00022478
0 0.357031 0.344531 0.0828125 0.107813 0.000233333
0 0.779297 0.384766 0.0835937 0.103906 0.000239718
0 0.816406 0.405469 0.071875 0.110937 0.000250405
0 0.390234 0.489844 0.0835937 0.10625 0.000252107
0 0.735156 0.362891 0.090625 0.113281 0.000264393
0 0.785156 0.732813 0.170312 0.185937 0.000266469
0 0.797266 0.328125 0.124219 0.184375 0.000321109
0 0.389062 0.53125 0.08125 0.107813 0.000324989
0 0.834766 0.531641 0.111719 0.258594 0.00033912
0 0.833594 0.615625 0.121875 0.259375 0.000367966
0 0.387891 0.471094 0.121094 0.15625 0.000372005
0 0.66875 0.686719 0.173438 0.217187 0.000373533
0 0.408203 0.637891 0.105469 0.119531 0.000391923
0 0.415234 0.593359 0.103906 0.150781 0.000399829
0 0.279297 0.596094 0.0820312 0.115625 0.000498292
0 0.3875 0.575781 0.0828125 0.115625 0.000526933
0 0.31875 0.469922 0.13125 0.263281 0.000547845
0 0.803906 0.510938 0.107813 0.196875 0.00056488
0 0.719922 0.327344 0.0851562 0.103125 0.000599893
0 0.740625 0.532031 0.165625 0.167187 0.000636942
0 0.282422 0.635156 0.0851562 0.0890625 0.000644247
0 0.398828 0.537891 0.305469 0.397656 0.000655187
0 0.266797 0.530469 0.283594 0.440625 0.000719034
0 0.738281 0.721875 0.270312 0.240625 0.000740595
0 0.720703 0.655469 0.149219 0.209375 0.000746861
0 0.692187 0.460938 0.154687 0.246875 0.000768917
0 0.760156 0.316406 0.276563 0.425 0.000779861
0 0.302344 0.664453 0.251563 0.121094 0.000797496
0 0.367578 0.514844 0.130469 0.189063 0.000806186
0 0.295312 0.363281 0.0875 0.146875 0.00086472
0 0.309766 0.655859 0.321094 0.317969 0.000874857
0 0.430078 0.363672 0.110156 0.135156 0.000877192
0 0.419922 0.472266 0.103906 0.133594 0.000912461
0 0.325391 0.615625 0.146094 0.13125 0.000916457
0 0.689453 0.55 0.169531 0.279687 0.000923345
0 0.282422 0.492188 0.107031 0.26875 0.000953802
0 0.387109 0.609375 0.0789063 0.0859375 0.00101855
0 0.247656 0.592578 0.1125 0.213281 0.00106774
0 0.742969 0.595703 0.1875 0.202344 0.00114777
0 0.798047 0.386719 0.108594 0.165625 0.00117867
0 0.763672 0.428906 0.139844 0.24375 0.00118484
0 0.764063 0.673828 0.148438 0.207031 0.00119785
0 0.822266 0.544922 0.282031 0.541406 0.00123367
0 0.356641 0.342969 0.132031 0.142188 0.00129032
0 0.335938 0.359766 0.08125 0.100781 0.00136987
0 0.423047 0.3875 0.139844 0.235938 0.00141803
0 0.803125 0.575 0.129688 0.235938 0.00149379
0 0.816406 0.448438 0.0953125 0.203125 0.00159899
0 0.711328 0.434766 0.200781 0.399219 0.0017882
0 0.424609 0.317578 0.160156 0.225781 0.00222544
0 0.343359 0.569922 0.149219 0.197656 0.00228549
0 0.758984 0.363281 0.157031 0.182812 0.00253132
0 0.385156 0.610547 0.120312 0.121094 0.00317247
0 0.351562 0.314844 0.164062 0.23125 0.00320967
0 0.733203 0.285547 0.157031 0.242969 0.00346289
0 0.713281 0.351172 0.134375 0.221094 0.00359314
0 0.283984 0.634375 0.158594 0.135937 0.00395633
0 0.259375 0.478906 0.159375 0.446875 0.0042205
0 0.4125 0.482812 0.121875 0.23125 0.00435249
0 0.709766 0.646094 0.232031 0.279687 0.00489525
0 0.353125 0.64375 0.2 0.121875 0.00711148
0 0.394922 0.457812 0.199219 0.379687 0.010133
0 0.279687 0.567187 0.139062 0.234375 0.0128121
0 0.817187 0.688281 0.1625 0.2625 0.0137639
0 0.800391 0.443359 0.135156 0.308594 0.0147745
0 0.759375 0.361719 0.184375 0.314063 0.0159894
0 0.814844 0.542969 0.148438 0.428125 0.0177448
0 0.389062 0.556641 0.134375 0.216406 0.0199462
0 0.316406 0.344531 0.0890625 0.132812 0.0297537
0 0.320312 0.605859 0.217187 0.197656 0.0327678
0 0.3125 0.387109 0.120312 0.263281 0.034662
0 0.358594 0.407031 0.239063 0.565625 0.039958
0 0.35 0.537109 0.210938 0.288281 0.0606177
0 0.780078 0.635547 0.202344 0.307031 0.0784612
0 0.771875 0.470703 0.195312 0.438281 0.0787612
0 0.313281 0.465625 0.171875 0.409375 0.115575
