0 0.245312 0.650391 0.148438 0.164844 0.000101135
0 0.344922 0.0324219 0.238281 0.0648438 0.000101381
0 0.275781 0.287109 0.0765625 0.0992187 0.000102736
0 0.302734 0.58125 0.0867188 0.107813 0.000109621
0 0.319922 0.671875 0.322656 0.321875 0.000111036
0 0.0246094 0.395312 0.0460938 0.340625 0.000111988
0 0.655078 0.635156 0.0898438 0.109375 0.00011331
0 0.703906 0.671094 0.151562 0.171875 0.000113917
0 0.245312 0.326172 0.084375 0.102344 0.000118275
0 0.272656 0.0527344 0.351562 0.105469 0.000119633
0 0.690234 0.283203 0.0835937 0.0929687 0.000119846
0 0.733203 0.413672 0.0945313 0.0945313 0.000120911
0 0.780078 0.639063 0.0882813 0.115625 0.000124572
0 0.467187 0.01875 0.2 0.0375 0.00012828
0 0.739844 0.439063 0.132812 0.232812 0.000130628
0 0.315234 0.124609 0.177344 0.144531 0.000130632
0 0.390625 0.0515625 0.314063 0.1 0.000137354
0 0.260938 0.599609 0.0890625 0.111719 0.000146278
0 0.820312 0.683594 0.292188 0.367188 0.000148359
0 0.260547 0.339453 0.0773437 0.0601562 0.000153779
0 0.751172 0.508984 0.285156 0.471094 0.000154893
0 0.629687 0.0644531 0.339063 0.128906 0.000155404
0 0.626562 0.672266 0.157813 0.177344 0.0001698
0 0.332812 0.189844 0.084375 0.084375 0.000181898
0 0.317578 0.223438 0.108594 0.123438 0.000184525
0 0.340234 0.614062 0.0914062 0.101562 0.00018751
0 0.359766 0.652344 0.177344 0.140625 0.00018969
0 0.217969 0.573438 0.0828125 0.0984375 0.000199501
0 0.764453 0.616406 0.0867188 0.110937 0.000201564
0 0.615234 0.0183594 0.205469 0.0367187 0.000214616
0 0.219922 0.514844 0.103906 0.1625 0.000215651
0 0.23125 0.494922 0.145313 0.246094 0.000217233
0 0.765625 0.573047 0.084375 0.0898438 0.000217401
0 0.744531 0.556641 0.135937 0.192969 0.000218917
0 0.762109 0.492969 0.117969 0.273438 0.000228753
0 0.253516 0.355469 0.103906 0.120312 0.000229488
0 0.826563 0.609766 0.201562 0.377344 0.000239715
0 0.760156 0.440234 0.0921875 0.124219 0.000239903
0 0.555078 0.0484375 0.313281 0.0953125 0.000249111
0 0.801172 0.735937 0.125781 0.15625 0.000268394
0 0.319922 0.63125 0.0898438 0.1 0.00027907
0 0.197266 0.633203 0.152344 0.174219 0.000293714
0 0.811328 0.0371094 0.353906 0.0742188 0.000305352
0 0.702734 0.598828 0.146094 0.186719 0.000325118
0 0.822266 0.685156 0.150781 0.221875 0.000334297
0 0.297656 0.340234 0.0953125 0.0679687 0.000366035
0 0.647266 0.0324219 0.303906 0.0648438 0.000368785
0 0.366016 0.4875 0.110156 0.120312 0.000371494
0 0.261328 0.557031 0.142969 0.192188 0.000391219
0 0.509375 0.0296875 0.215625 0.059375 0.000412027
0 0.638281 0.617188 0.13125 0.160938 0.000416201
0 0.782422 0.68125 0.0898438 0.107813 0.000478416
0 0.777344 0.557031 0.0984375 0.16875 0.000491015
0 0.306641 0.648047 0.138281 0.132031 0.000491754
0 0.730469 0.0515625 0.409375 0.0984375 0.000559741
0 0.272656 0.320703 0.09375 0.100781 0.000584904
0 0.219141 0.557422 0.124219 0.153906 0.000610258
0 0.357812 0.516016 0.151562 0.208594 0.000636352
0 0.385156 0.617969 0.123438 0.157813 0.000636391
0 0.301172 0.615625 0.0882813 0.0984375 0.000687175
0 0.738281 0.497656 0.173438 0.373437 0.000848157
0 0.746094 0.652344 0.146875 0.19375 0.000872232
0 0.290625 0.523438 0.245312 0.285937 0.00200871
0 0.731641 0.70625 0.275781 0.235938 0.00215534
0 0.222656 0.594922 0.175 0.180469 0.00217172
0 0.306641 0.659766 0.221094 0.172656 0.00244764
0 0.764063 0.601562 0.126563 0.203125 0.00258487
0 0.775 0.705859 0.165625 0.172656 0.0030295
0 0.6625 0.640625 0.207813 0.20625 0.00327121
0 0.282813 0.597266 0.142188 0.144531 0.00346938
0 0.242969 0.649609 0.264062 0.210156 0.00400218
0 0.691406 0.570312 0.25 0.3125 0.00413471
0 0.319141 0.6125 0.139844 0.1375 0.00447192
0 0.333984 0.570703 0.180469 0.202344 0.00680181
0 0.765625 0.576563 0.15625 0.342187 0.015436
0 0.788281 0.645703 0.140625 0.246094 0.0169375
0 0.728516 0.638281 0.235156 0.242188 0.110581
0 0.284766 0.60625 0.238281 0.18125 0.113353
