0 0.888672 0.758594 0.0882813 0.10625 0.000101381
0 0.983984 0.821094 0.0320312 0.15 0.000108462
0 0.385156 0.405078 0.128125 0.149219 0.000110484
0 0.945312 0.895312 0.109375 0.209375 0.000112044
0 0.366797 0.180078 0.0976562 0.0882813 0.000112771
0 0.830469 0.262109 0.0890625 0.103906 0.000113432
0 0.976172 0.983203 0.0476562 0.0273438 0.000117849
0 0.320703 0.457422 0.0820312 0.0835937 0.000121666
0 0.908984 0.7375 0.0867188 0.110937 0.000123585
0 0.427344 0.716016 0.123438 0.155469 0.000133983
0 0.420312 0.433984 0.157813 0.355469 0.000139962
0 0.908203 0.595312 0.133594 0.260938 0.000160953
0 0.349609 0.323047 0.142969 0.158594 0.000167612
0 0.393359 0.688281 0.292969 0.26875 0.000170873
0 0.783594 0.714844 0.146875 0.178125 0.000171921
0 0.886719 0.792969 0.226562 0.159375 0.000172421
0 0.328906 0.677734 0.090625 0.114844 0.000173617
0 0.969531 0.801953 0.0609375 0.189844 0.000174748
0 0.320703 0.598047 0.186719 0.192969 0.000175511
0 0.928906 0.830078 0.142188 0.271094 0.000175555
0 0.330859 0.276953 0.182031 0.238281 0.000175944
0 0.222266 0.73125 0.194531 0.203125 0.000185798
0 0.333203 0.431641 0.0867188 0.102344 0.000194002
0 0.19375 0.636328 0.157813 0.328906 0.000196776
0 0.823438 0.441016 0.24375 0.366406 0.000198808
0 0.849609 0.734766 0.150781 0.164844 0.000201894
0 0.985547 0.980078 0.0289063 0.0398437 0.000215627
0 0.225391 0.592969 0.121094 0.223438 0.000215891
0 0.255469 0.388281 0.328125 0.657812 0.000217759
0 0.289062 0.321484 0.2375 0.332031 0.0002178
0 0.265625 0.411328 0.084375 0.107031 0.000226143
0 0.950391 0.560156 0.0992187 0.60625 0.000228493
0 0.887891 0.468359 0.116406 0.267969 0.000237601
0 0.979297 0.899609 0.0414063 0.200781 0.000244449
0 0.142969 0.779297 0.0484375 0.0726563 0.00024555
0 0.864844 0.635547 0.204688 0.200781 0.000256024
0 0.421875 0.323438 0.123438 0.159375 0.000286726
0 0.820703 0.653906 0.0820312 0.084375 0.000287252
0 0.849609 0.259766 0.0742188 0.0789063 0.000309422
0 0.41875 0.385547 0.132812 0.177344 0.000312127
0 0.26875 0.442578 0.117188 0.147656 0.000318402
0 0.987891 0.962109 0.0242187 0.0757812 0.000324436
0 0.391406 0.342969 0.121875 0.159375 0.00032459
0 0.378125 0.270703 0.3 0.324219 0.000326775
0 0.690234 0.226953 0.0851562 0.0976562 0.00032914
0 0.978906 0.968359 0.040625 0.0585938 0.000384806
0 0.953125 0.765234 0.09375 0.203906 0.0003897
0 0.2625 0.692969 0.123438 0.151562 0.000413841
0 0.176953 0.735547 0.100781 0.128906 0.000472612
0 0.418359 0.687891 0.185156 0.194531 0.00052469
0 0.776172 0.633984 0.205469 0.333594 0.00054397
0 0.383594 0.521484 0.2125 0.496094 0.000551022
0 0.983594 0.941016 0.0328125 0.117969 0.000579837
0 0.298047 0.722266 0.317969 0.275781 0.000582015
0 0.821875 0.655078 0.125 0.121094 0.000763485
0 0.394531 0.238672 0.129688 0.177344 0.000765795
0 0.38125 0.198047 0.0765625 0.0882813 0.00082959
0 0.332422 0.430078 0.135156 0.150781 0.000910723
0 0.891016 0.753906 0.142969 0.153125 0.000933815
0 0.792188 0.722266 0.242188 0.227344 0.000939348
0 0.362891 0.716797 0.186719 0.175781 0.00094188
0 0.8125 0.427344 0.315625 0.707812 0.000954125
0 0.158984 0.762109 0.0679687 0.0835937 0.000974892
0 0.2625 0.618359 0.170312 0.200781 0.00105895
0 0.794922 0.605469 0.299219 0.5 0.00106012
0 0.289844 0.369141 0.15625 0.260156 0.00107383
0 0.360938 0.679297 0.0875 0.113281 0.00117401
0 0.927734 0.657812 0.136719 0.273438 0.00132943
0 0.306641 0.688281 0.150781 0.165625 0.00145741
0 0.378516 0.617969 0.182031 0.2875 0.00151217
0 0.825781 0.676953 0.201562 0.197656 0.00166875
0 0.889453 0.696484 0.150781 0.217969 0.00168489
0 0.278906 0.480078 0.165625 0.305469 0.00168596
0 0.858594 0.790234 0.282813 0.292969 0.00177935
0 0.275 0.397266 0.121875 0.161719 0.00178916
0 0.860156 0.310547 0.0875 0.133594 0.00183932
0 0.244141 0.559375 0.175781 0.385938 0.00202014
0 0.398438 0.307813 0.164062 0.24375 0.00302717
0 0.247656 0.676172 0.20625 0.225781 0.00324065
0 0.855859 0.282813 0.0710938 0.0875 0.00326169
0 0.875 0.380469 0.121875 0.28125 0.00374125
0 0.352344 0.373828 0.30625 0.582031 0.00467356
0 0.887891 0.451562 0.152344 0.507812 0.00554331
0 0.331641 0.434766 0.166406 0.292969 0.0059284
0 0.352344 0.360938 0.217187 0.273438 0.0075697
0 0.921484 0.745703 0.157031 0.222656 0.0106132
0 0.303906 0.43125 0.103125 0.114063 0.0161053
0 0.358984 0.675391 0.142969 0.175781 0.0169086
0 0.913281 0.616797 0.171875 0.446094 0.0275927
0 0.302344 0.53125 0.251563 0.476562 0.0338454
0 0.307031 0.657812 0.221875 0.221875 0.0792691
0 0.873438 0.702344 0.251563 0.278125 0.0824837
0 0.866016 0.544531 0.257031 0.589063 0.215699
