0 0.0160156 0.903125 0.0320312 0.19375 0.000106029
0 0.75625 0.682813 0.159375 0.239063 0.000109578
0 0.801953 0.303906 0.132031 0.245312 0.000114062
0 0.432422 0.643359 0.211719 0.313281 0.000145448
0 0.363281 0.9 0.35625 0.2 0.000151556
0 0.422266 0.228906 0.142969 0.18125 0.000162843
0 0.869922 0.552344 0.144531 0.257812 0.000169814
0 0.926953 0.689844 0.128906 0.254687 0.000174852
0 0.314453 0.950781 0.327344 0.096875 0.000208766
0 0.349609 0.722266 0.317969 0.335156 0.000209158
0 0.255469 0.562109 0.25 0.608594 0.000215282
0 0.292969 0.437891 0.154687 0.341406 0.000223259
0 0.778125 0.248828 0.160938 0.239844 0.000237791
0 0.417578 0.398828 0.205469 0.447656 0.00024129
0 0.142578 0.0988281 0.277344 0.197656 0.00028815
0 0.0191406 0.817187 0.0382813 0.348437 0.000302433
0 0.765234 0.607031 0.252344 0.4375 0.000357194
0 0.742969 0.360156 0.271875 0.50625 0.000371074
0 0.916016 0.562109 0.158594 0.432031 0.000409503
0 0.425 0.599609 0.3 0.472656 0.00050864
0 0.294922 0.441797 0.228906 0.524219 0.000515411
0 0.283203 0.65 0.172656 0.328125 0.000567445
0 0.368359 0.325781 0.217969 0.34375 0.00113942
0 0.79375 0.317187 0.209375 0.364062 0.00122807
0 0.837109 0.452344 0.216406 0.409375 0.0024601
0 0.325 0.598047 0.2375 0.444531 0.00271933
0 0.355078 0.450391 0.219531 0.399219 0.00558934
0 0.849609 0.585547 0.263281 0.458594 0.00679882
0 0.362109 0.478906 0.282031 0.660937 0.379367
0 0.808594 0.465234 0.303125 0.641406 0.416316
