0 0.594141 0.176172 0.0882813 0.111719 0.000100673
0 0.628125 0.187891 0.0640625 0.0835937 0.000105439
0 0.213672 0.439844 0.0898438 0.182812 0.000106206
0 0.642578 0.15625 0.100781 0.1375 0.000107219
0 0.276563 0.245703 0.0640625 0.0773437 0.000109838
0 0.348828 0.671094 0.147656 0.165625 0.00011545
0 0.458594 0.858984 0.46875 0.282031 0.00011839
0 0.945703 0.0640625 0.105469 0.121875 0.000132025
0 0.889844 0.773047 0.078125 0.0882813 0.00013504
0 0.34375 0.762109 0.410937 0.377344 0.000138553
0 0.607031 0.144141 0.114063 0.152344 0.000142014
0 0.723047 0.201172 0.0789063 0.110156 0.000150168
0 0.761719 0.557031 0.226562 0.214062 0.000150827
0 0.664844 0.617578 0.126563 0.200781 0.000155317
0 0.795703 0.394531 0.110156 0.19375 0.00015544
0 0.261328 0.597266 0.153906 0.244531 0.000156316
0 0.370313 0.969922 0.1125 0.0570313 0.000166357
0 0.883984 0.633594 0.155469 0.295312 0.000170158
0 0.237891 0.708984 0.236719 0.175781 0.000173461
0 0.370313 0.963672 0.164062 0.0726563 0.000198387
0 0.882812 0.735547 0.0984375 0.124219 0.000210796
0 0.269531 0.271094 0.075 0.115625 0.000216687
0 0.703906 0.709375 0.240625 0.235938 0.000218222
0 0.262109 0.308594 0.0976562 0.171875 0.000220834
0 0.722656 0.237109 0.1 0.182031 0.000237144
0 0.333594 0.192578 0.06875 0.0898438 0.00024497
0 0.258594 0.359375 0.115625 0.204688 0.000261249
0 0.777344 0.277734 0.0671875 0.125781 0.000269562
0 0.898828 0.7625 0.0507812 0.0671875 0.000285866
0 0.681641 0.670703 0.135156 0.164844 0.000304106
0 0.861328 0.683594 0.0851562 0.109375 0.000311371
0 0.169531 0.714844 0.117188 0.167187 0.00036157
0 0.235938 0.395703 0.110937 0.194531 0.000403876
0 0.857031 0.729688 0.159375 0.182812 0.000423148
0 0.709375 0.530078 0.25 0.372656 0.000426882
0 0.194922 0.695312 0.0914062 0.103125 0.000431217
0 0.300781 0.635547 0.15 0.186719 0.00044147
0 0.774609 0.400781 0.188281 0.421875 0.000450269
0 0.232422 0.483203 0.152344 0.405469 0.000453893
0 0.377344 0.619922 0.19375 0.244531 0.000553938
0 0.876562 0.676953 0.115625 0.182031 0.000561143
0 0.769531 0.337891 0.09375 0.142969 0.000606069
0 0.720312 0.592578 0.15 0.222656 0.000670018
0 0.780078 0.630859 0.152344 0.202344 0.000675646
0 0.773438 0.358203 0.126563 0.221094 0.000715491
0 0.291797 0.720312 0.333594 0.245312 0.000734613
0 0.403125 0.685156 0.165625 0.164062 0.000787379
0 0.823438 0.615234 0.151562 0.241406 0.000858449
0 0.205469 0.573828 0.16875 0.382031 0.000861533
0 0.625781 0.154687 0.065625 0.104687 0.000865095
0 0.239453 0.653125 0.152344 0.2 0.00106683
0 0.752344 0.272266 0.104687 0.155469 0.00107015
0 0.789062 0.721094 0.289062 0.228125 0.00139179
0 0.834766 0.570703 0.208594 0.374219 0.00186439
0 0.277734 0.513281 0.263281 0.479688 0.00239283
0 0.763672 0.301172 0.0804688 0.113281 0.00246119
0 0.344922 0.673047 0.241406 0.203906 0.00260891
0 0.855078 0.706641 0.121094 0.116406 0.00328259
0 0.325 0.583203 0.28125 0.310156 0.0036885
0 0.767578 0.489062 0.271094 0.517187 0.00562357
0 0.198047 0.680078 0.153906 0.186719 0.00642536
0 0.707031 0.641406 0.203125 0.210938 0.00679741
0 0.830859 0.676562 0.205469 0.20625 0.00923216
0 0.278906 0.644141 0.3 0.244531 0.121722
0 0.772266 0.626172 0.286719 0.266406 0.210922
