0 0.195703 0.0207031 0.233594 0.0398437 0.000100729
0 0.680859 0.405469 0.0945313 0.120312 0.000101737
0 0.127734 0.560156 0.166406 0.353125 0.0001024
0 0.390625 0.707422 0.121875 0.180469 0.000102889
0 0.166016 0.408984 0.125781 0.230469 0.000103388
0 0.785937 0.763672 0.0859375 0.107031 0.000107081
0 0.262109 0.107031 0.449219 0.214062 0.000108704
0 0.799219 0.698438 0.121875 0.246875 0.000109384
0 0.0257812 0.560938 0.046875 0.459375 0.000114917
0 0.807813 0.0566406 0.384375 0.113281 0.000117364
0 0.300781 0.673437 0.114063 0.159375 0.000121286
0 0.373828 0.557031 0.182031 0.670313 0.000121422
0 0.278125 0.442969 0.0875 0.104687 0.000122564
0 0.278516 0.529688 0.135156 0.2625 0.000129225
0 0.770703 0.189063 0.411719 0.378125 0.000131843
0 0.0386719 0.0667969 0.0757812 0.133594 0.000132178
0 0.71875 0.513672 0.1375 0.224219 0.000132864
0 0.676562 0.399609 0.1375 0.172656 0.000140952
0 0.0527344 0.558203 0.105469 0.683594 0.000143608
0 0.660156 0.677734 0.121875 0.214844 0.000143909
0 0.336719 0.274609 0.145313 0.166406 0.000147636
0 0.678125 0.716016 0.11875 0.139844 0.000150554
0 0.26875 0.670313 0.310937 0.314063 0.000156068
0 0.719141 0.696875 0.136719 0.20625 0.00016376
0 0.239844 0.594141 0.176563 0.199219 0.000164151
0 0.298438 0.596484 0.117188 0.169531 0.00016533
0 0.172266 0.368359 0.222656 0.367969 0.000177238
0 0.673437 0.569531 0.0890625 0.107813 0.00018054
0 0.613672 0.307813 0.189844 0.228125 0.000182786
0 0.605859 0.691797 0.125781 0.166406 0.000186422
0 0.21875 0.447656 0.0890625 0.110937 0.000208696
0 0.315234 0.445703 0.135156 0.149219 0.000227651
0 0.757031 0.553906 0.128125 0.242188 0.000228658
0 0.217969 0.548437 0.1375 0.195312 0.000244451
0 0.638672 0.399219 0.224219 0.35 0.00027472
0 0.161719 0.526563 0.121875 0.189063 0.000293885
0 0.222656 0.375 0.145313 0.220313 0.000294837
0 0.187891 0.198437 0.375781 0.385938 0.000316649
0 0.15625 0.638672 0.209375 0.352344 0.000322016
0 0.185156 0.0410156 0.282813 0.0804688 0.000340558
0 0.760547 0.655078 0.142969 0.277344 0.000390744
0 0.282031 0.636328 0.135937 0.171094 0.00039952
0 0.238281 0.428906 0.0875 0.109375 0.000401741
0 0.0339844 0.149609 0.0664062 0.299219 0.000432629
0 0.632422 0.640625 0.180469 0.315625 0.000433258
0 0.665234 0.715625 0.185156 0.2 0.000474642
0 0.799219 0.790234 0.096875 0.0976562 0.000525341
0 0.328125 0.435937 0.176563 0.367188 0.000525558
0 0.660547 0.533594 0.188281 0.20625 0.000550271
0 0.025 0.392969 0.046875 0.453125 0.0005733
0 0.657031 0.570703 0.135937 0.153906 0.000573693
0 0.0972656 0.283984 0.194531 0.567969 0.00063259
0 0.0835937 0.0742188 0.164062 0.146875 0.00068738
0 0.327344 0.624219 0.160938 0.275 0.000764653
0 0.0402344 0.389062 0.0789063 0.714063 0.000803012
0 0.700391 0.630859 0.152344 0.271094 0.000825535
0 0.0289063 0.268359 0.0546875 0.464844 0.000875697
0 0.322656 0.307031 0.1875 0.2625 0.000921603
0 0.0652344 0.212109 0.130469 0.424219 0.000922069
0 0.217969 0.504687 0.184375 0.209375 0.000947033
0 0.187109 0.0691406 0.349219 0.138281 0.00104842
0 0.790234 0.646484 0.203906 0.391406 0.00113814
0 0.630078 0.521484 0.199219 0.369531 0.00129024
0 0.297266 0.559375 0.199219 0.375 0.00138309
0 0.785156 0.758594 0.14375 0.164062 0.001487
0 0.254297 0.467187 0.203906 0.201562 0.00156194
0 0.269141 0.640625 0.200781 0.234375 0.00156928
0 0.140234 0.121875 0.280469 0.242188 0.0019113
0 0.711719 0.495313 0.2125 0.425 0.0020543
0 0.725391 0.712109 0.249219 0.272656 0.00228294
0 0.183594 0.466406 0.140625 0.228125 0.00280144
0 0.169141 0.509766 0.188281 0.355469 0.0031366
0 0.274219 0.408203 0.190625 0.189844 0.00336021
0 0.700391 0.568359 0.197656 0.192969 0.00369171
0 0.286328 0.474219 0.266406 0.560938 0.00779405
0 0.661719 0.496094 0.278125 0.585938 0.0116367
0 0.219141 0.569922 0.269531 0.442969 0.0121778
0 0.219922 0.429297 0.180469 0.196094 0.0159331
0 0.263672 0.363281 0.252344 0.3125 0.0247078
0 0.224609 0.452734 0.227344 0.352344 0.23643
0 0.705078 0.617969 0.264844 0.398438 0.269365
