0 0.441797 0.448828 0.0992187 0.174219 0.000101246
0 0.480859 0.601172 0.117969 0.124219 0.000101558
0 0.506641 0.855078 0.221094 0.152344 0.000103483
0 0.407031 0.901953 0.084375 0.0679687 0.000104837
0 0.761719 0.471484 0.0859375 0.107031 0.000104957
0 0.367188 0.388281 0.0890625 0.0921875 0.000104974
0 0.450391 0.848437 0.135156 0.129688 0.000106594
0 0.816406 0.427344 0.075 0.114063 0.000106764
0 0.844922 0.910547 0.169531 0.111719 0.000108557
0 0.795313 0.307813 0.10625 0.196875 0.000109936
0 0.405859 0.466797 0.0664062 0.0804688 0.000111061
0 0.722266 0.386719 0.105469 0.11875 0.000111173
0 0.774219 0.549219 0.2 0.178125 0.000114343
0 0.677734 0.909375 0.0960938 0.0515625 0.000115934
0 0.721094 0.235938 0.0828125 0.109375 0.000118813
0 0.3875 0.196875 0.0875 0.114063 0.000118932
0 0.307422 0.910547 0.188281 0.161719 0.000118978
0 0.822656 0.510156 0.06875 0.0859375 0.000120111
0 0.3125 0.516016 0.0765625 0.225781 0.000120816
0 0.362109 0.5375 0.0867188 0.090625 0.00012181
0 0.766406 0.405859 0.084375 0.0867188 0.000123316
0 0.421094 0.257422 0.140625 0.197656 0.000126977
0 0.307813 0.907812 0.071875 0.0875 0.000127433
0 0.691406 0.903906 0.170312 0.065625 0.00013537
0 0.284375 0.479297 0.182812 0.391406 0.000136212
0 0.701563 0.506641 0.123438 0.183594 0.000144731
0 0.40625 0.514453 0.0671875 0.0898438 0.000147634
0 0.403906 0.321875 0.1375 0.265625 0.000148091
0 0.45 0.315234 0.226562 0.505469 0.000148229
0 0.245703 0.199609 0.0273438 0.158594 0.000153146
0 0.801172 0.0214844 0.238281 0.0414063 0.000153351
0 0.427344 0.492578 0.071875 0.0960938 0.000154173
0 0.767578 0.100781 0.324219 0.19375 0.000157378
0 0.909375 0.922266 0.0640625 0.0382813 0.000157867
0 0.842969 0.034375 0.232812 0.06875 0.000162423
0 0.332031 0.341797 0.103125 0.189844 0.000163974
0 0.400781 0.872656 0.325 0.254687 0.000166494
0 0.367578 0.871484 0.194531 0.132031 0.00017105
0 0.800781 0.470313 0.0828125 0.115625 0.000173209
0 0.445312 0.871484 0.090625 0.103906 0.000173436
0 0.427344 0.427734 0.065625 0.0789063 0.000175925
0 0.314453 0.574219 0.0617188 0.110937 0.000178343
0 0.661328 0.237109 0.141406 0.225781 0.000178813
0 0.386328 0.452344 0.0726563 0.0625 0.000179615
0 0.423047 0.408984 0.108594 0.155469 0.000179717
0 0.298438 0.566797 0.1 0.171094 0.000184327
0 0.482422 0.890234 0.110156 0.0835937 0.000184522
0 0.425391 0.139453 0.111719 0.133594 0.000187042
0 0.737109 0.216016 0.0820312 0.116406 0.000188538
0 0.366406 0.923437 0.179688 0.153125 0.00018951
0 0.253125 0.2 0.059375 0.19375 0.000191682
0 0.29375 0.361719 0.164062 0.3625 0.000191899
0 0.339844 0.908594 0.11875 0.101562 0.000194236
0 0.630859 0.180078 0.157031 0.216406 0.00019678
0 0.786719 0.428906 0.08125 0.109375 0.000205789
0 0.717969 0.158594 0.0859375 0.110937 0.000209706
0 0.464063 0.564453 0.1375 0.150781 0.000211017
0 0.382031 0.553906 0.08125 0.09375 0.000214628
0 0.922656 0.914844 0.0609375 0.0375 0.000219603
0 0.491016 0.0613281 0.292969 0.122656 0.000220485
0 0.345703 0.405078 0.124219 0.210156 0.000223275
0 0.820312 0.508594 0.1 0.126563 0.000229153
0 0.887109 0.908984 0.142969 0.0898438 0.000240537
0 0.521484 0.826953 0.428906 0.177344 0.000247647
0 0.655469 0.149609 0.0859375 0.107031 0.000251118
0 0.331641 0.277734 0.102344 0.185156 0.00025489
0 0.292188 0.319922 0.25 0.567969 0.000265269
0 0.720703 0.195312 0.0820312 0.1125 0.000275167
0 0.644531 0.0355469 0.270312 0.0710938 0.000275202
0 0.628516 0.930469 0.355469 0.135937 0.000280805
0 0.674219 0.302344 0.221875 0.389062 0.000288264
0 0.744141 0.160156 0.202344 0.226562 0.000318732
0 0.38125 0.383594 0.132812 0.151562 0.00033997
0 0.520703 0.904688 0.383594 0.159375 0.000342261
0 0.344531 0.49375 0.121875 0.265625 0.000352365
0 0.732813 0.0328125 0.292188 0.0640625 0.000364768
0 0.351172 0.184766 0.0820312 0.113281 0.000373762
0 0.460938 0.483594 0.153125 0.253125 0.000374896
0 0.905469 0.913672 0.0953125 0.0539063 0.000382099
0 0.803906 0.404297 0.0765625 0.107031 0.000382679
0 0.702734 0.275 0.153906 0.159375 0.000395726
0 0.555469 0.0523437 0.215625 0.101562 0.000415427
0 0.675 0.123047 0.125 0.113281 0.000447399
0 0.747656 0.410937 0.15 0.179688 0.000448711
0 0.355078 0.619922 0.150781 0.161719 0.000469961
0 0.705859 0.448828 0.160156 0.222656 0.000481628
0 0.391016 0.891016 0.139844 0.0851562 0.00049387
0 0.780469 0.0535156 0.301562 0.107031 0.000523317
0 0.400781 0.445312 0.109375 0.1375 0.000536279
0 0.423438 0.509766 0.128125 0.160156 0.000569652
0 0.367969 0.447266 0.11875 0.172656 0.000591168
0 0.363281 0.342969 0.14375 0.246875 0.000651028
0 0.385547 0.53125 0.117969 0.126563 0.000657746
0 0.559375 0.100781 0.284375 0.201562 0.000704343
0 0.358203 0.573047 0.0898438 0.0960938 0.00075301
0 0.391016 0.541406 0.289844 0.303125 0.000785411
0 0.643359 0.135547 0.124219 0.147656 0.000829571
0 0.798828 0.483203 0.141406 0.175781 0.000842872
0 0.706641 0.0789063 0.269531 0.142188 0.00089635
0 0.761719 0.305078 0.13125 0.274219 0.000992027
0 0.662109 0.15625 0.307031 0.278125 0.00102685
0 0.611719 0.0742188 0.267188 0.142188 0.00115563
0 0.33125 0.588672 0.101562 0.139844 0.00123539
0 0.369922 0.196484 0.136719 0.164844 0.00127557
0 0.338281 0.275391 0.15 0.285156 0.00155643
0 0.742188 0.485156 0.173438 0.189063 0.00164987
0 0.422266 0.435547 0.192969 0.347656 0.00176998
0 0.404687 0.594922 0.20625 0.153906 0.00181582
0 0.825781 0.440234 0.123438 0.241406 0.00189826
0 0.442187 0.8875 0.153125 0.09375 0.00205124
0 0.714844 0.176953 0.129688 0.172656 0.00209022
0 0.330078 0.557031 0.0773437 0.132812 0.00236228
0 0.432813 0.863281 0.226562 0.135937 0.00252177
0 0.419531 0.191016 0.145313 0.188281 0.00257359
0 0.735547 0.235547 0.132031 0.214844 0.00320672
0 0.770312 0.434766 0.284375 0.332031 0.00356966
0 0.801562 0.389062 0.103125 0.260938 0.00368624
0 0.405078 0.896094 0.210156 0.13125 0.00384801
0 0.328516 0.428516 0.166406 0.461719 0.00453681
0 0.387891 0.525391 0.192969 0.221094 0.00498707
0 0.678906 0.148438 0.176563 0.189063 0.00855665
0 0.7875 0.327344 0.15625 0.404687 0.00982356
0 0.391406 0.245312 0.184375 0.282813 0.0131033
0 0.358594 0.564844 0.14375 0.153125 0.0133892
0 0.779688 0.431641 0.165625 0.257031 0.0523843
0 0.703125 0.203125 0.204688 0.25625 0.0693033
0 0.735547 0.331641 0.236719 0.480469 0.215026
0 0.385547 0.361328 0.217969 0.535156 0.47309
