0 0.967578 0.267578 0.0648438 0.435156 0.00010157
0 0.195703 0.139062 0.367969 0.267188 0.000102528
0 0.454297 0.535547 0.391406 0.633594 0.000103617
0 0.980469 0.605859 0.0390625 0.433594 0.000104344
0 0.301562 0.439453 0.125 0.221094 0.000104579
0 0.962891 0.0734375 0.0742188 0.146875 0.000110198
0 0.241797 0.596875 0.0835937 0.1125 0.000111626
0 0.276953 0.451953 0.0914062 0.147656 0.000113373
0 0.823438 0.716016 0.0890625 0.116406 0.000117374
0 0.404297 0.678906 0.178906 0.185937 0.00012104
0 0.278125 0.689844 0.15 0.184375 0.000121517
0 0.195312 0.633203 0.14375 0.341406 0.000124029
0 0.658984 0.625781 0.253906 0.382812 0.000124746
0 0.254687 0.487109 0.08125 0.164844 0.000129226
0 0.749609 0.398438 0.127344 0.179688 0.000130311
0 0.0902344 0.0636719 0.174219 0.125781 0.000133993
0 0.296484 0.578125 0.144531 0.246875 0.000135395
0 0.422266 0.620703 0.263281 0.327344 0.000136324
0 0.264062 0.192188 0.475 0.384375 0.000136577
0 0.941406 0.237891 0.115625 0.475781 0.000141014
0 0.717188 0.51875 0.104687 0.101562 0.000147106
0 0.192578 0.350391 0.385156 0.671094 0.000149182
0 0.703125 0.517578 0.110937 0.186719 0.000176375
0 0.209766 0.713281 0.117969 0.195312 0.000179999
0 0.704687 0.564844 0.164062 0.364062 0.000189794
0 0.39375 0.378906 0.4375 0.757812 0.00020005
0 0.894141 0.20625 0.208594 0.4125 0.000201161
0 0.942578 0.111719 0.114844 0.223438 0.000203947
0 0.738672 0.679688 0.135156 0.16875 0.000208198
0 0.131641 0.0964844 0.258594 0.192969 0.000213846
0 0.303906 0.489453 0.173438 0.355469 0.000250524
0 0.887109 0.107031 0.221094 0.214062 0.000255632
0 0.31875 0.492969 0.332812 0.573438 0.000274892
0 0.378516 0.616406 0.172656 0.19375 0.000277869
0 0.273438 0.491797 0.120312 0.232031 0.00028727
0 0.91875 0.0640625 0.154687 0.128125 0.000287405
0 0.967969 0.129297 0.0640625 0.258594 0.000289661
0 0.700781 0.658594 0.167187 0.221875 0.000319709
0 0.282422 0.716016 0.246094 0.216406 0.000325765
0 0.805859 0.696094 0.0898438 0.107813 0.000330994
0 0.716406 0.438672 0.148438 0.163281 0.00033826
0 0.689453 0.469141 0.111719 0.182031 0.000418912
0 0.744531 0.554297 0.271875 0.474219 0.000424933
0 0.773047 0.698828 0.280469 0.280469 0.000578438
0 0.750391 0.48125 0.174219 0.303125 0.000588648
0 0.244141 0.598047 0.107031 0.194531 0.000663124
0 0.828906 0.716797 0.11875 0.205469 0.000993526
0 0.801953 0.6125 0.132031 0.3 0.00100888
0 0.739062 0.712891 0.195312 0.178906 0.00105093
0 0.675 0.426172 0.08125 0.107031 0.00168716
0 0.321094 0.570312 0.2375 0.340625 0.00190516
0 0.339844 0.652734 0.235938 0.194531 0.00198588
0 0.749609 0.639844 0.200781 0.265625 0.00259498
0 0.254297 0.584375 0.139844 0.310937 0.00279012
0 0.2375 0.672266 0.14375 0.227344 0.00596055
0 0.792188 0.694922 0.170312 0.199219 0.00979795
0 0.284375 0.644141 0.209375 0.246094 0.0379802
