0 0.684766 0.712891 0.127344 0.169531 0.000103834
0 0.722266 0.301562 0.0742188 0.0984375 0.000104565
0 0.657422 0.364062 0.103906 0.176563 0.000105075
0 0.530078 0.564453 0.499219 0.871094 0.000110376
0 0.284766 0.359375 0.0804688 0.09375 0.000111014
0 0.433984 0.513672 0.369531 0.758594 0.000113259
0 0.675 0.219922 0.1375 0.144531 0.0001146
0 0.821094 0.617188 0.09375 0.201562 0.000123723
0 0.933594 0.147266 0.132812 0.247656 0.000123845
0 0.700391 0.506641 0.146094 0.199219 0.000130831
0 0.241406 0.672656 0.185937 0.157813 0.000139068
0 0.276563 0.424219 0.171875 0.184375 0.00014091
0 0.384375 0.280078 0.125 0.197656 0.000143119
0 0.198047 0.489844 0.0851562 0.117188 0.000143321
0 0.745313 0.414062 0.0875 0.114063 0.000143724
0 0.810156 0.447266 0.117188 0.241406 0.000143793
0 0.960156 0.308203 0.0796875 0.394531 0.000144037
0 0.674609 0.638281 0.317969 0.529688 0.00014711
0 0.304688 0.285547 0.132812 0.199219 0.000148273
0 0.280469 0.574219 0.170312 0.179688 0.000148721
0 0.110937 0.303125 0.198437 0.31875 0.000149612
0 0.397656 0.688281 0.125 0.204688 0.00015009
0 0.714844 0.239453 0.120312 0.142969 0.000150754
0 0.949219 0.728125 0.101562 0.292188 0.000171439
0 0.657812 0.568359 0.160938 0.332031 0.000171533
0 0.7625 0.551953 0.126563 0.200781 0.000183839
0 0.132812 0.675781 0.229687 0.323438 0.000185192
0 0.321484 0.38125 0.139844 0.1875 0.000187689
0 0.84375 0.73125 0.0859375 0.132812 0.000200613
0 0.740234 0.316797 0.0710938 0.0945313 0.000211874
0 0.716797 0.203516 0.157031 0.141406 0.000214217
0 0.938672 0.448047 0.119531 0.733594 0.000218645
0 0.199609 0.449219 0.0835937 0.115625 0.000219794
0 0.826563 0.462109 0.30625 0.697656 0.000220365
0 0.933984 0.265234 0.130469 0.383594 0.000220645
0 0.740234 0.594141 0.114844 0.238281 0.000223103
0 0.231641 0.389062 0.0882813 0.1125 0.000226916
0 0.796094 0.425781 0.084375 0.109375 0.000230564
0 0.321484 0.613281 0.150781 0.195312 0.000235896
0 0.888672 0.160156 0.222656 0.320312 0.000237359
0 0.177734 0.401563 0.158594 0.364062 0.00023926
0 0.737891 0.710938 0.125781 0.126563 0.000242652
0 0.263672 0.303516 0.132031 0.186719 0.000248903
0 0.675391 0.322656 0.127344 0.1875 0.000255521
0 0.75625 0.299219 0.0765625 0.096875 0.000258616
0 0.794922 0.232422 0.352344 0.369531 0.000263492
0 0.660937 0.435937 0.1375 0.271875 0.000264307
0 0.760547 0.242578 0.224219 0.241406 0.000274137
0 0.379297 0.344141 0.149219 0.235156 0.000285245
0 0.776172 0.277344 0.0710938 0.117188 0.00029734
0 0.784375 0.726562 0.164062 0.15 0.0003034
0 0.8375 0.686719 0.10625 0.204688 0.000319872
0 0.698828 0.361719 0.124219 0.223438 0.000324525
0 0.761328 0.671094 0.292969 0.260938 0.000341335
0 0.346484 0.530078 0.113281 0.186719 0.000347349
0 0.183594 0.528516 0.0953125 0.216406 0.000350793
0 0.304297 0.346094 0.0820312 0.0953125 0.000366285
0 0.642187 0.237891 0.129688 0.147656 0.000369357
0 0.802344 0.553516 0.114063 0.222656 0.000441518
0 0.198047 0.633984 0.136719 0.196094 0.000473887
0 0.354688 0.666016 0.1625 0.202344 0.000486032
0 0.372266 0.519141 0.119531 0.260156 0.000486127
0 0.757812 0.317578 0.109375 0.161719 0.000499035
0 0.742188 0.489453 0.153125 0.210156 0.000509514
0 0.725391 0.426562 0.135156 0.164062 0.000510437
0 0.342578 0.341016 0.135156 0.171094 0.000526849
0 0.178516 0.532031 0.292969 0.523438 0.000583661
0 0.664062 0.348828 0.173438 0.316406 0.000589071
0 0.229297 0.446484 0.128906 0.222656 0.000615509
0 0.402734 0.227734 0.0820312 0.116406 0.000639254
0 0.213672 0.551172 0.121094 0.216406 0.000676266
0 0.720312 0.299219 0.142188 0.18125 0.000724677
0 0.896094 0.279687 0.203125 0.485938 0.000780647
0 0.75625 0.275781 0.139062 0.182812 0.000865676
0 0.820703 0.372656 0.200781 0.389062 0.000870832
0 0.366016 0.234375 0.158594 0.179688 0.000973035
0 0.341406 0.391406 0.182812 0.346875 0.000978295
0 0.679688 0.639063 0.1625 0.260938 0.00112887
0 0.803125 0.646875 0.15625 0.242188 0.00121877
0 0.180078 0.51875 0.133594 0.3875 0.0012716
0 0.301953 0.341016 0.130469 0.141406 0.00141718
0 0.280078 0.649609 0.247656 0.235156 0.00169737
0 0.782422 0.487109 0.130469 0.246094 0.00182785
0 0.758203 0.441406 0.0835937 0.1 0.00258358
0 0.684766 0.242188 0.200781 0.2 0.00259637
0 0.693359 0.456641 0.208594 0.414844 0.00270995
0 0.216406 0.408203 0.0765625 0.100781 0.00301631
0 0.334375 0.534766 0.176563 0.369531 0.0032047
0 0.80625 0.530469 0.145313 0.415625 0.00328712
0 0.788281 0.397266 0.135937 0.235156 0.00375422
0 0.201562 0.483203 0.114063 0.250781 0.00422552
0 0.723047 0.683984 0.175781 0.186719 0.00434812
0 0.339844 0.290625 0.201562 0.267188 0.00506257
0 0.770703 0.601953 0.200781 0.342969 0.00786831
0 0.708203 0.302734 0.221094 0.297656 0.00825646
0 0.284375 0.317969 0.223438 0.254687 0.00847952
0 0.727344 0.466016 0.289062 0.607031 0.00944185
0 0.207422 0.407031 0.111719 0.210938 0.0134935
0 0.223047 0.596484 0.188281 0.292969 0.0140046
0 0.764844 0.435937 0.128125 0.176563 0.0171442
0 0.743359 0.376953 0.180469 0.313281 0.0203328
0 0.246875 0.366797 0.173438 0.253906 0.0240294
0 0.263281 0.466406 0.235938 0.501562 0.0424064
0 0.767578 0.471484 0.172656 0.397656 0.042522
0 0.217578 0.465234 0.150781 0.402344 0.0701816
