0 0.689062 0.0554687 0.301562 0.107813 0.000103326
0 0.655859 0.299219 0.0851562 0.103125 0.000112829
0 0.401953 0.403125 0.0851562 0.107813 0.000113717
0 0.741406 0.428906 0.145313 0.215625 0.000116744
0 0.283594 0.216406 0.0921875 0.114063 0.000117395
0 0.322266 0.0820312 0.239844 0.139062 0.000125755
0 0.679688 0.458203 0.307813 0.441406 0.000126136
0 0.281641 0.363281 0.0882813 0.0921875 0.000133508
0 0.662109 0.15625 0.127344 0.121875 0.000134307
0 0.639063 0.0332031 0.265625 0.0664062 0.000136899
0 0.822266 0.277344 0.167969 0.314063 0.000143987
0 0.798828 0.450781 0.146094 0.215625 0.000153734
0 0.028125 0.397656 0.05625 0.448438 0.000165117
0 0.782422 0.366406 0.127344 0.221875 0.000173351
0 0.966406 0.470313 0.0671875 0.5125 0.000175408
0 0.244922 0.430469 0.147656 0.234375 0.000179615
0 0.326562 0.362109 0.145313 0.127344 0.000192323
0 0.0480469 0.432031 0.0960938 0.592188 0.000199869
0 0.259375 0.383984 0.0859375 0.0960938 0.000205006
0 0.376172 0.100391 0.124219 0.135156 0.000210373
0 0.397656 0.172266 0.14375 0.249219 0.000219581
0 0.694922 0.169141 0.0742188 0.0867188 0.000224222
0 0.301562 0.158984 0.0921875 0.113281 0.000225539
0 0.668359 0.441016 0.175781 0.261719 0.000230442
0 0.385938 0.332422 0.13125 0.180469 0.000260855
0 0.258203 0.157813 0.221094 0.242188 0.000262303
0 0.812891 0.506641 0.139844 0.207031 0.000266676
0 0.300391 0.25625 0.161719 0.217187 0.000267945
0 0.748828 0.262891 0.142969 0.236719 0.000302971
0 0.239844 0.403516 0.096875 0.133594 0.000305421
0 0.292188 0.141406 0.14375 0.178125 0.000305509
0 0.783203 0.281641 0.0867188 0.119531 0.000310774
0 0.662109 0.130469 0.207031 0.175 0.00031749
0 0.349609 0.115625 0.0929687 0.103125 0.000336932
0 0.301562 0.195703 0.090625 0.111719 0.000343065
0 0.668359 0.230078 0.171094 0.267969 0.000359654
0 0.262891 0.321484 0.121094 0.247656 0.000366017
0 0.409375 0.410937 0.132812 0.190625 0.000377167
0 0.357422 0.192578 0.150781 0.203906 0.000390806
0 0.666797 0.308203 0.130469 0.208594 0.000502605
0 0.702734 0.279297 0.180469 0.200781 0.000506455
0 0.667969 0.307031 0.209375 0.340625 0.000550923
0 0.694922 0.172656 0.119531 0.126563 0.00060364
0 0.811719 0.362891 0.1125 0.296094 0.000669366
0 0.816797 0.315234 0.274219 0.461719 0.000673684
0 0.706641 0.175781 0.161719 0.192188 0.000674671
0 0.394141 0.3625 0.0898438 0.096875 0.00135949
0 0.273047 0.382812 0.160156 0.171875 0.00161856
0 0.385156 0.316406 0.16875 0.314063 0.00167754
0 0.367188 0.224219 0.26875 0.38125 0.00170194
0 0.733594 0.467578 0.232812 0.236719 0.00204205
0 0.812891 0.429688 0.155469 0.384375 0.00210773
0 0.346094 0.121094 0.14375 0.14375 0.00219943
0 0.408594 0.364844 0.104687 0.173438 0.00234202
0 0.273828 0.194531 0.146094 0.2 0.00245418
0 0.319922 0.334766 0.278906 0.419531 0.00313472
0 0.723828 0.241406 0.227344 0.329688 0.00531171
0 0.315234 0.351562 0.227344 0.248437 0.0118256
0 0.783594 0.285547 0.120312 0.235156 0.0120402
0 0.370313 0.378125 0.1625 0.165625 0.0143183
0 0.349219 0.134375 0.221875 0.217187 0.0170598
0 0.2875 0.265234 0.16875 0.383594 0.0386566
0 0.741797 0.354688 0.277344 0.473437 0.051439
0 0.780859 0.353516 0.157031 0.405469 0.338937
0 0.316016 0.189063 0.199219 0.284375 0.361143
