0 0.61875 0.449219 0.107813 0.232812 0.000101262
0 0.203516 0.536719 0.0773437 0.084375 0.000101325
0 0.198828 0.430078 0.0476562 0.0632813 0.000102034
0 0.296875 0.233594 0.0421875 0.0515625 0.00010265
0 0.760547 0.448828 0.0914062 0.196094 0.000106426
0 0.753125 0.260547 0.0734375 0.0898438 0.000107721
0 0.264062 0.274609 0.0828125 0.139844 0.000108452
0 0.760547 0.320703 0.0804688 0.122656 0.000110446
0 0.78125 0.861719 0.39375 0.2625 0.000110622
0 0.233203 0.341797 0.0789063 0.142969 0.000110677
0 0.274609 0.317187 0.0429688 0.0640625 0.000111982
0 0.680469 0.189844 0.034375 0.04375 0.000112226
0 0.633203 0.195312 0.0351562 0.0484375 0.000113728
0 0.763672 0.34375 0.0570313 0.09375 0.000114568
0 0.720312 0.405859 0.084375 0.136719 0.000114931
0 0.826563 0.690234 0.173438 0.311719 0.000116061
0 0.719141 0.554688 0.136719 0.253125 0.000119191
0 0.209375 0.884766 0.4 0.213281 0.000121562
0 0.236328 0.335547 0.0492188 0.0695312 0.000122317
0 0.601172 0.597266 0.122656 0.258594 0.000123449
0 0.440625 0.469922 0.125 0.194531 0.000123717
0 0.307031 0.21875 0.078125 0.0859375 0.000125544
0 0.78125 0.770703 0.115625 0.107031 0.000127055
0 0.758203 0.598828 0.114844 0.285156 0.000129217
0 0.351172 0.223438 0.122656 0.123438 0.000132185
0 0.227344 0.288281 0.028125 0.075 0.0001331
0 0.266016 0.220313 0.0335938 0.04375 0.000140297
0 0.285156 0.201562 0.0421875 0.04375 0.000142586
0 0.0765625 0.576172 0.0984375 0.196094 0.000144593
0 0.234766 0.399609 0.146094 0.324219 0.000145323
0 0.255078 0.307813 0.0695312 0.1125 0.000147142
0 0.736719 0.242969 0.0765625 0.0953125 0.000149303
0 0.274219 0.259766 0.0515625 0.0804688 0.000151398
0 0.442578 0.243359 0.0945313 0.211719 0.000151768
0 0.208984 0.573438 0.121094 0.179688 0.000153831
0 0.655078 0.428125 0.110156 0.184375 0.000158766
0 0.183594 0.807031 0.328125 0.321875 0.000159106
0 0.316797 0.214844 0.0460938 0.05 0.000159624
0 0.789062 0.430859 0.065625 0.178906 0.000163901
0 0.460547 0.511719 0.222656 0.26875 0.00016399
0 0.700391 0.302344 0.100781 0.129688 0.000165549
0 0.761328 0.385156 0.0492188 0.0859375 0.000169307
0 0.723047 0.354297 0.125781 0.194531 0.000169947
0 0.358984 0.676562 0.139844 0.21875 0.000170949
0 0.246484 0.262891 0.0335938 0.0570313 0.000175004
0 0.316406 0.198437 0.0625 0.0640625 0.00017887
0 0.260938 0.681641 0.0890625 0.114844 0.000185117
0 0.719141 0.293359 0.0664062 0.0882813 0.000188957
0 0.534375 0.305859 0.214062 0.242969 0.000190069
0 0.279297 0.232422 0.0570313 0.0773437 0.000193292
0 0.603516 0.301953 0.111719 0.141406 0.000198194
0 0.742578 0.404687 0.0679687 0.115625 0.0001986
0 0.0914062 0.591406 0.06875 0.135937 0.000201964
0 0.718359 0.680469 0.0898438 0.114063 0.000205044
0 0.675391 0.341016 0.0914062 0.117969 0.000206584
0 0.304297 0.492969 0.194531 0.18125 0.000210851
0 0.683594 0.953906 0.417188 0.0828125 0.000212077
0 0.79375 0.753906 0.0625 0.08125 0.00021721
0 0.0894531 0.647266 0.121094 0.252344 0.000218438
0 0.277344 0.235938 0.0359375 0.0484375 0.000222029
0 0.621484 0.717969 0.161719 0.179688 0.000222741
0 0.675391 0.532422 0.124219 0.242969 0.000232116
0 0.783984 0.358203 0.0507812 0.103906 0.000240773
0 0.273438 0.280859 0.04375 0.0710938 0.000248645
0 0.530469 0.458203 0.401563 0.541406 0.000252394
0 0.258984 0.275391 0.0585938 0.0945313 0.000255069
0 0.0941406 0.808594 0.188281 0.303125 0.000257131
0 0.260547 0.241406 0.0351562 0.046875 0.00025794
0 0.303516 0.198437 0.0460938 0.04375 0.00026876
0 0.657031 0.489844 0.110937 0.175 0.000271494
0 0.278125 0.358984 0.232812 0.430469 0.000273426
0 0.401172 0.611719 0.330469 0.4375 0.000274136
0 0.3 0.215625 0.040625 0.04375 0.000290531
0 0.257422 0.301953 0.0507812 0.0710938 0.000298001
0 0.230469 0.635938 0.123438 0.21875 0.000312255
0 0.522266 0.374219 0.278906 0.3625 0.000312808
0 0.0699219 0.610937 0.119531 0.390625 0.000313502
0 0.367188 0.473047 0.157813 0.188281 0.000332184
0 0.226172 0.535547 0.127344 0.149219 0.000333509
0 0.769141 0.395703 0.0835937 0.157031 0.000338529
0 0.705078 0.300781 0.147656 0.185937 0.000338681
0 0.625391 0.530469 0.155469 0.351562 0.000342713
0 0.395703 0.240234 0.153906 0.186719 0.000348993
0 0.655078 0.357812 0.142969 0.210938 0.000349407
0 0.759375 0.664844 0.0796875 0.109375 0.000362578
0 0.24375 0.289844 0.0546875 0.0875 0.000363736
0 0.695703 0.972266 0.211719 0.0539063 0.00037198
0 0.283594 0.219531 0.034375 0.0421875 0.000372875
0 0.757422 0.4875 0.122656 0.332812 0.000384294
0 0.225781 0.317969 0.0359375 0.0703125 0.00039402
0 0.416016 0.466406 0.319531 0.48125 0.000423512
0 0.339453 0.592969 0.152344 0.207813 0.000455433
0 0.261719 0.262891 0.040625 0.0570313 0.000473491
0 0.788281 0.6125 0.145313 0.3625 0.000488538
0 0.65625 0.303906 0.176563 0.165625 0.000510477
0 0.770703 0.754297 0.338281 0.338281 0.000520077
0 0.582422 0.544531 0.264844 0.460938 0.000522082
0 0.140625 0.629297 0.225 0.327344 0.000557923
0 0.2375 0.494922 0.171875 0.242969 0.000630154
0 0.651953 0.438281 0.150781 0.307813 0.000638311
0 0.335156 0.735547 0.192188 0.233594 0.000667165
0 0.234375 0.303906 0.0453125 0.0734375 0.000694213
0 0.74375 0.732813 0.176563 0.165625 0.000724407
0 0.723437 0.272656 0.0890625 0.114063 0.000779789
0 0.0886719 0.707031 0.171094 0.354688 0.0007818
0 0.353906 0.360938 0.24375 0.453125 0.000833398
0 0.382812 0.529297 0.151562 0.202344 0.000903064
0 0.432813 0.294922 0.132812 0.272656 0.000915395
0 0.246875 0.694922 0.135937 0.186719 0.00104368
0 0.365234 0.638672 0.200781 0.317969 0.00108482
0 0.788672 0.682422 0.0679687 0.183594 0.00110283
0 0.745703 0.694531 0.0867188 0.115625 0.00119672
0 0.673437 0.739453 0.273438 0.227344 0.0014234
0 0.288672 0.734766 0.296094 0.330469 0.00142513
0 0.784766 0.659766 0.105469 0.249219 0.00148734
0 0.69375 0.398828 0.1875 0.314844 0.0014874
0 0.302734 0.555859 0.150781 0.241406 0.00151044
0 0.674609 0.641406 0.186719 0.210938 0.00151813
0 0.753906 0.526172 0.173438 0.492969 0.00178698
0 0.214062 0.641016 0.198437 0.322656 0.00179656
0 0.255078 0.489453 0.225781 0.372656 0.00184017
0 0.775781 0.740625 0.0875 0.114063 0.00189055
0 0.420312 0.379297 0.176563 0.400781 0.00204154
0 0.655078 0.484766 0.205469 0.508594 0.00213881
0 0.625781 0.646094 0.18125 0.259375 0.00272648
0 0.405078 0.470313 0.167969 0.253125 0.00324726
0 0.301172 0.676953 0.175781 0.203906 0.0034306
0 0.314063 0.490625 0.30625 0.489062 0.00575912
0 0.246875 0.575781 0.175 0.257812 0.00600641
0 0.266016 0.634375 0.130469 0.2625 0.00668437
0 0.740234 0.6625 0.133594 0.204688 0.00682962
0 0.775781 0.701172 0.071875 0.119531 0.00963993
0 0.359375 0.495703 0.226562 0.335156 0.0132218
0 0.266016 0.675 0.200781 0.295312 0.0161004
0 0.697656 0.571875 0.2375 0.40625 0.0333971
0 0.7625 0.696875 0.114063 0.167187 0.0750484
0 0.706641 0.686719 0.222656 0.201562 0.162375
0 0.303906 0.614844 0.2125 0.3375 0.30786
