0 0.726562 0.2 0.329688 0.2375 0.000106471
0 0.0953125 0.398047 0.179688 0.549219 0.00011177
0 0.823438 0.614062 0.15 0.15625 0.000112418
0 0.302344 0.696484 0.0859375 0.0867188 0.000114057
0 0.762109 0.318359 0.174219 0.208594 0.000116311
0 0.0558594 0.928906 0.111719 0.120312 0.000118039
0 0.759375 0.223828 0.139062 0.146094 0.000118911
0 0.523047 0.351953 0.227344 0.328906 0.000122317
0 0.392969 0.851172 0.401563 0.264844 0.00012358
0 0.273828 0.192188 0.414844 0.384375 0.00012595
0 0.844531 0.425781 0.15 0.179688 0.000130399
0 0.428906 0.658203 0.15 0.192969 0.000131671
0 0.786719 0.553516 0.182812 0.180469 0.000134841
0 0.0328125 0.882422 0.065625 0.205469 0.00013489
0 0.285156 0.571094 0.110937 0.229687 0.000135597
0 0.255078 0.600391 0.157031 0.382031 0.000136643
0 0.803125 0.950781 0.254687 0.090625 0.000139798
0 0.025 0.646484 0.05 0.410156 0.000141246
0 0.74375 0.598437 0.1375 0.210938 0.000142016
0 0.448828 0.160156 0.350781 0.320312 0.00014782
0 0.0359375 0.351953 0.0703125 0.485156 0.000147986
0 0.886719 0.450781 0.132812 0.25 0.000149396
0 0.904297 0.610156 0.0898438 0.09375 0.000154717
0 0.319531 0.681641 0.126563 0.142969 0.000157168
0 0.313281 0.272266 0.279687 0.280469 0.000157453
0 0.0917969 0.609375 0.180469 0.682813 0.000172123
0 0.967578 0.560938 0.0632813 0.364062 0.000173367
0 0.844531 0.491016 0.179688 0.180469 0.000178129
0 0.458203 0.524219 0.152344 0.385938 0.000178456
0 0.258594 0.695703 0.18125 0.267969 0.000182995
0 0.932813 0.188281 0.13125 0.376563 0.000184343
0 0.848437 0.907031 0.296875 0.164062 0.000184872
0 0.0300781 0.776953 0.0601562 0.430469 0.000189439
0 0.311719 0.301562 0.370313 0.445312 0.000191367
0 0.303516 0.447656 0.103906 0.190625 0.000192529
0 0.598828 0.387109 0.253906 0.335156 0.000194335
0 0.142188 0.476172 0.271875 0.769531 0.000200102
0 0.467187 0.650781 0.167187 0.325 0.000203417
0 0.742188 0.471484 0.225 0.442969 0.000210974
0 0.869922 0.185937 0.260156 0.36875 0.00021641
0 0.984375 0.407031 0.03125 0.257812 0.000219454
0 0.707031 0.153906 0.485938 0.307813 0.00022235
0 0.780859 0.599219 0.141406 0.160938 0.000226153
0 0.471094 0.314063 0.203125 0.2625 0.000237852
0 0.0332031 0.558203 0.0664062 0.621094 0.000247126
0 0.785547 0.244531 0.105469 0.114063 0.000247914
0 0.740234 0.66875 0.163281 0.189063 0.000252086
0 0.866016 0.556641 0.225781 0.207031 0.000258099
0 0.907812 0.579687 0.13125 0.164062 0.000273031
0 0.0578125 0.862891 0.115625 0.274219 0.000280062
0 0.843359 0.321484 0.197656 0.253906 0.000289529
0 0.728516 0.236328 0.222656 0.189844 0.000299799
0 0.0484375 0.701172 0.096875 0.582031 0.000309415
0 0.250391 0.481641 0.303906 0.680469 0.000326288
0 0.537891 0.220703 0.303906 0.363281 0.000331026
0 0.289844 0.688672 0.132812 0.186719 0.000334549
0 0.803516 0.859375 0.392969 0.254687 0.000336435
0 0.376563 0.223438 0.332812 0.385938 0.000344174
0 0.636328 0.447266 0.378906 0.541406 0.000346295
0 0.43125 0.400391 0.18125 0.299219 0.000355521
0 0.320703 0.407813 0.155469 0.259375 0.000414924
0 0.856641 0.715625 0.269531 0.232812 0.000464971
0 0.367188 0.775 0.273438 0.178125 0.000478118
0 0.967969 0.314453 0.0625 0.569531 0.000520179
0 0.323047 0.407031 0.214844 0.421875 0.000525132
0 0.916016 0.671484 0.161719 0.258594 0.000535544
0 0.925781 0.564844 0.146875 0.3 0.000550176
0 0.428906 0.730469 0.209375 0.210938 0.000601125
0 0.321484 0.721875 0.171094 0.167187 0.000631281
0 0.635156 0.296484 0.295312 0.352344 0.000651993
0 0.530469 0.374609 0.325 0.475781 0.000697976
0 0.0570313 0.474219 0.1125 0.776563 0.000733627
0 0.443359 0.297656 0.282031 0.417188 0.000749181
0 0.939453 0.352734 0.114844 0.563281 0.00077954
0 0.425781 0.444531 0.21875 0.501562 0.000798239
0 0.382812 0.311719 0.23125 0.301562 0.00096294
0 0.975391 0.433984 0.0492188 0.460156 0.00101919
0 0.319141 0.643359 0.188281 0.278906 0.00105689
0 0.740625 0.319531 0.3875 0.495313 0.00123261
0 0.783594 0.269141 0.159375 0.177344 0.00129338
0 0.884766 0.615234 0.194531 0.164844 0.00145134
0 0.460938 0.476562 0.278125 0.760938 0.00149085
0 0.783594 0.571484 0.28125 0.311719 0.00170235
0 0.861328 0.306641 0.252344 0.405469 0.00182521
0 0.776953 0.634375 0.210156 0.209375 0.00186467
0 0.737891 0.307031 0.294531 0.315625 0.00213575
0 0.416016 0.613672 0.233594 0.399219 0.00241433
0 0.907422 0.459375 0.178906 0.45625 0.00302031
0 0.371875 0.702734 0.271875 0.260156 0.00311286
0 0.290234 0.521875 0.167969 0.496875 0.00433431
0 0.848047 0.519531 0.258594 0.379687 0.00610593
0 0.848437 0.623438 0.284375 0.235938 0.01658
0 0.364844 0.512109 0.28125 0.594531 0.11859
0 0.804688 0.435547 0.340625 0.582031 0.374813
