0 0.798828 0.347656 0.105469 0.207813 0.000107413
0 0.170703 0.562891 0.186719 0.413281 0.000107956
0 0.865625 0.480078 0.229687 0.569531 0.000109504
0 0.669531 0.44375 0.19375 0.45625 0.000109712
0 0.691406 0.716406 0.210938 0.15625 0.000112713
0 0.344922 0.669531 0.157031 0.159375 0.000115859
0 0.342969 0.551562 0.11875 0.179688 0.000116558
0 0.350781 0.239063 0.23125 0.248437 0.00011935
0 0.785547 0.528906 0.171094 0.189063 0.00012166
0 0.264062 0.633594 0.08125 0.0703125 0.000123876
0 0.246875 0.690234 0.117188 0.132031 0.000134579
0 0.761719 0.65625 0.139062 0.160938 0.000138038
0 0.394531 0.616016 0.13125 0.188281 0.00014501
0 0.653906 0.555859 0.0875 0.0726563 0.000151935
0 0.242188 0.326562 0.123438 0.24375 0.000165578
0 0.820703 0.529297 0.138281 0.271094 0.000170738
0 0.664453 0.336719 0.138281 0.18125 0.000172996
0 0.235156 0.451172 0.139062 0.277344 0.000173465
0 0.305859 0.312891 0.238281 0.311719 0.000200515
0 0.690625 0.598828 0.126563 0.150781 0.000204726
0 0.826172 0.677344 0.141406 0.179688 0.000205637
0 0.244141 0.630078 0.110156 0.0945313 0.00021113
0 0.271875 0.671484 0.179688 0.174219 0.000220947
0 0.713672 0.252344 0.244531 0.23125 0.000238645
0 0.282031 0.634375 0.126563 0.0953125 0.000253972
0 0.422656 0.251563 0.132812 0.14375 0.000280284
0 0.657031 0.573828 0.117188 0.130469 0.000293127
0 0.21875 0.527734 0.13125 0.267969 0.000301063
0 0.8 0.453516 0.140625 0.266406 0.000331132
0 0.800781 0.364453 0.171875 0.305469 0.000335373
0 0.687891 0.542188 0.322656 0.540625 0.000362594
0 0.351562 0.522266 0.176563 0.277344 0.000377097
0 0.333594 0.360547 0.304688 0.563281 0.000395844
0 0.655859 0.578516 0.144531 0.221094 0.000474818
0 0.771094 0.676172 0.225 0.202344 0.000512124
0 0.245703 0.632812 0.147656 0.153125 0.000523851
0 0.189063 0.517187 0.292188 0.565625 0.000527784
0 0.199219 0.6 0.157813 0.257812 0.000536262
0 0.391797 0.278125 0.177344 0.207813 0.00054412
0 0.676953 0.285156 0.0929687 0.1 0.000551483
0 0.269922 0.271484 0.150781 0.211719 0.000570196
0 0.247656 0.589844 0.29375 0.35625 0.000632465
0 0.667578 0.673828 0.152344 0.214844 0.000637355
0 0.344141 0.611719 0.155469 0.170312 0.000782074
0 0.732422 0.359766 0.238281 0.358594 0.0013038
0 0.326172 0.527734 0.250781 0.389844 0.00147116
0 0.724219 0.603906 0.289062 0.310937 0.00168264
0 0.236719 0.366016 0.165625 0.364844 0.00184455
0 0.807813 0.585938 0.229687 0.4125 0.00192154
0 0.720703 0.310547 0.205469 0.203906 0.00225596
0 0.284375 0.612891 0.235938 0.197656 0.00239825
0 0.69375 0.619141 0.195312 0.213281 0.00319094
0 0.820312 0.483984 0.179688 0.417969 0.00558435
0 0.685938 0.292969 0.151562 0.145313 0.00736295
0 0.213281 0.475781 0.179688 0.426562 0.0085123
0 0.770703 0.475781 0.266406 0.539062 0.448793
0 0.264844 0.443359 0.251563 0.541406 0.457514
