0 0.178125 0.520312 0.182812 0.396875 0.00010421
0 0.777344 0.428906 0.1375 0.221875 0.00010657
0 0.398828 0.539844 0.335156 0.45 0.000116419
0 0.684375 0.302344 0.16875 0.18125 0.000121608
0 0.733984 0.407422 0.0804688 0.0914062 0.000126377
0 0.721484 0.535547 0.194531 0.199219 0.000132664
0 0.343359 0.359766 0.161719 0.171094 0.000137342
0 0.417969 0.353516 0.164062 0.227344 0.000137899
0 0.758594 0.301172 0.071875 0.0820312 0.000139119
0 0.704297 0.384766 0.133594 0.183594 0.000141534
0 0.280859 0.467969 0.169531 0.16875 0.000144297
0 0.758203 0.36875 0.124219 0.198437 0.000147322
0 0.373047 0.629297 0.149219 0.210156 0.000154777
0 0.2375 0.635156 0.1875 0.176563 0.000164634
0 0.282031 0.364844 0.178125 0.29375 0.000167983
0 0.702734 0.45 0.125781 0.21875 0.000182692
0 0.321875 0.312109 0.15 0.152344 0.000206719
0 0.358594 0.283203 0.075 0.0742188 0.000208558
0 0.196875 0.651953 0.123438 0.153906 0.000212371
0 0.823047 0.514844 0.132031 0.1875 0.000218367
0 0.297656 0.304688 0.0734375 0.0828125 0.000240354
0 0.323828 0.492969 0.191406 0.182812 0.000247898
0 0.331641 0.290625 0.113281 0.0921875 0.000252579
0 0.398438 0.255859 0.15625 0.124219 0.000253537
0 0.844141 0.448047 0.0695312 0.119531 0.000258206
0 0.758984 0.311719 0.116406 0.120312 0.000270683
0 0.780469 0.49375 0.160938 0.178125 0.000325098
0 0.838281 0.450391 0.110937 0.225781 0.000349121
0 0.683594 0.620313 0.310937 0.326562 0.000351914
0 0.777734 0.712891 0.325781 0.296094 0.000389975
0 0.254297 0.490625 0.142969 0.26875 0.000426515
0 0.845312 0.707812 0.189063 0.235938 0.000499832
0 0.764063 0.368359 0.189063 0.267969 0.000516967
0 0.740234 0.489453 0.130469 0.225781 0.000530299
0 0.7375 0.408203 0.1125 0.191406 0.000533139
0 0.704297 0.4 0.192969 0.323438 0.000563501
0 0.865234 0.648438 0.135156 0.221875 0.000571147
0 0.327344 0.598047 0.204688 0.205469 0.000642665
0 0.663672 0.629687 0.177344 0.207813 0.000667878
0 0.282813 0.535547 0.228125 0.219531 0.000672018
0 0.388281 0.459375 0.204688 0.364062 0.00069441
0 0.730859 0.320703 0.177344 0.177344 0.000700365
0 0.364062 0.282813 0.1125 0.101562 0.000718683
0 0.78125 0.616016 0.146875 0.175781 0.000778287
0 0.739453 0.595703 0.142969 0.188281 0.000783569
0 0.783203 0.555469 0.202344 0.201562 0.00115171
0 0.376953 0.311719 0.186719 0.210938 0.00123274
0 0.221484 0.529297 0.133594 0.286719 0.00137889
0 0.823047 0.637891 0.144531 0.175781 0.00139642
0 0.794141 0.413281 0.219531 0.420312 0.00150872
0 0.201172 0.597266 0.146094 0.255469 0.0015547
0 0.352344 0.3625 0.282813 0.35625 0.00160398
0 0.371484 0.564453 0.182031 0.308594 0.00168296
0 0.682422 0.552734 0.189844 0.288281 0.00233207
0 0.837891 0.531641 0.149219 0.341406 0.00254602
0 0.738281 0.475 0.214062 0.445312 0.00975804
0 0.737109 0.603906 0.249219 0.23125 0.0108491
0 0.303906 0.592578 0.301562 0.283594 0.0127896
0 0.241016 0.519141 0.210156 0.378906 0.0206639
0 0.802734 0.643359 0.239844 0.225781 0.0211569
0 0.78125 0.55625 0.25 0.346875 0.0654375
0 0.307422 0.462109 0.314844 0.502344 0.273736
