0 0.0148437 0.466797 0.0296875 0.246094 0.000104599
0 0.930078 0.695703 0.102344 0.102344 0.00010873
0 0.780469 0.406641 0.134375 0.239844 0.000109733
0 0.699609 0.426172 0.127344 0.169531 0.000110744
0 0.176563 0.707031 0.304688 0.475 0.000110769
0 0.805078 0.515625 0.0867188 0.1125 0.000115509
0 0.319531 0.362109 0.107813 0.258594 0.00011818
0 0.892969 0.631641 0.125 0.102344 0.000118353
0 0.220313 0.321094 0.0640625 0.084375 0.000118963
0 0.891406 0.0558594 0.217187 0.107031 0.000121414
0 0.299219 0.472266 0.146875 0.177344 0.000122197
0 0.238672 0.472266 0.161719 0.182031 0.000122316
0 0.207813 0.354688 0.0890625 0.153125 0.000123196
0 0.232422 0.776172 0.188281 0.158594 0.000127571
0 0.819922 0.6125 0.146094 0.167187 0.000128171
0 0.786719 0.548047 0.090625 0.100781 0.000133454
0 0.3375 0.680859 0.0875 0.105469 0.000134813
0 0.718359 0.560156 0.177344 0.310937 0.000136357
0 0.382031 0.638672 0.179688 0.371094 0.000141235
0 0.701563 0.317578 0.140625 0.183594 0.000144654
0 0.3875 0.780078 0.134375 0.139844 0.000145705
0 0.878906 0.514453 0.159375 0.202344 0.000153873
0 0.282031 0.732422 0.142188 0.160156 0.00015667
0 0.291016 0.276953 0.282031 0.294531 0.000164762
0 0.0261719 0.479688 0.0492188 0.403125 0.000166976
0 0.220703 0.0332031 0.221094 0.0664062 0.000183283
0 0.316016 0.509375 0.127344 0.126563 0.000186796
0 0.323047 0.573828 0.136719 0.258594 0.000197476
0 0.657812 0.192188 0.165625 0.15625 0.000197605
0 0.315625 0.247266 0.0890625 0.102344 0.000201591
0 0.241016 0.618359 0.153906 0.211719 0.000205413
0 0.176953 0.562109 0.100781 0.269531 0.000208806
0 0.766016 0.510156 0.146094 0.19375 0.000214613
0 0.385547 0.283594 0.122656 0.179688 0.000228215
0 0.230469 0.315234 0.104687 0.139844 0.000230168
0 0.841016 0.450391 0.135156 0.261719 0.000246901
0 0.203125 0.44375 0.125 0.235938 0.000257353
0 0.923828 0.652344 0.107031 0.101562 0.00026074
0 0.214844 0.679688 0.13125 0.2 0.000261594
0 0.0324219 0.477734 0.0648438 0.649219 0.000267017
0 0.330078 0.438672 0.149219 0.374219 0.000270478
0 0.194531 0.741406 0.0875 0.117188 0.00028568
0 0.199219 0.59375 0.104687 0.190625 0.000291848
0 0.255859 0.274609 0.155469 0.163281 0.000302085
0 0.758203 0.227344 0.175781 0.185937 0.000311358
0 0.757422 0.340234 0.141406 0.264844 0.000329648
0 0.888672 0.613281 0.188281 0.15625 0.000348933
0 0.672656 0.302734 0.229687 0.283594 0.000379901
0 0.327344 0.295703 0.123438 0.157031 0.000402814
0 0.286328 0.225781 0.139844 0.145313 0.000435345
0 0.283984 0.636328 0.144531 0.249219 0.000440911
0 0.238672 0.720312 0.146094 0.173438 0.000454364
0 0.238672 0.551172 0.153906 0.185156 0.000464633
0 0.819141 0.549609 0.0898438 0.107031 0.000474325
0 0.889063 0.466016 0.221875 0.446094 0.000523312
0 0.346875 0.740234 0.207813 0.207031 0.000603577
0 0.291406 0.274609 0.0875 0.103906 0.000604228
0 0.195703 0.776953 0.107031 0.125781 0.000723812
0 0.326172 0.696875 0.303906 0.298438 0.000728329
0 0.739062 0.448828 0.173438 0.164844 0.000732938
0 0.7625 0.634766 0.153125 0.161719 0.00076089
0 0.785547 0.572266 0.142969 0.192969 0.000788913
0 0.241406 0.439063 0.192188 0.320312 0.000836489
0 0.803516 0.472266 0.172656 0.197656 0.000878435
0 0.204297 0.526172 0.130469 0.258594 0.000897676
0 0.710547 0.433984 0.182031 0.267969 0.00105464
0 0.923047 0.619141 0.105469 0.0960938 0.00137403
0 0.844141 0.629687 0.278906 0.215625 0.00158175
0 0.782031 0.271875 0.16875 0.171875 0.00163877
0 0.691797 0.223828 0.210156 0.228906 0.00170544
0 0.296875 0.513281 0.176563 0.315625 0.00259984
0 0.278516 0.510156 0.125781 0.107813 0.00273416
0 0.192188 0.638672 0.128125 0.339844 0.00278781
0 0.336719 0.65 0.173438 0.275 0.00335638
0 0.291016 0.365234 0.167969 0.344531 0.00353597
0 0.303125 0.697656 0.128125 0.115625 0.00363864
0 0.766016 0.607031 0.214844 0.239063 0.00375767
0 0.873828 0.562891 0.230469 0.239844 0.00395497
0 0.2375 0.570703 0.192188 0.344531 0.00405444
0 0.742578 0.262891 0.122656 0.142969 0.0053338
0 0.195703 0.729297 0.119531 0.205469 0.00535684
0 0.268359 0.514453 0.167969 0.207031 0.00540278
0 0.821094 0.530469 0.171875 0.16875 0.00759665
0 0.276953 0.479688 0.217969 0.523438 0.00906194
0 0.305469 0.692969 0.170312 0.176563 0.0106951
0 0.733984 0.361719 0.247656 0.3875 0.0131689
0 0.304688 0.261328 0.126563 0.146094 0.0133727
0 0.238281 0.7 0.210938 0.253125 0.0208542
0 0.734375 0.273438 0.18125 0.203125 0.0279297
0 0.272656 0.638672 0.232812 0.328906 0.0325444
0 0.805859 0.540234 0.232031 0.286719 0.0473169
0 0.785937 0.43125 0.260938 0.467187 0.0825246
