0 0.623828 0.380859 0.0664062 0.0554687 0.000100026
0 0.380469 0.296875 0.11875 0.160938 0.000100084
0 0.180859 0.682031 0.303906 0.314063 0.000100575
0 0.709375 0.683203 0.142188 0.202344 0.000102205
0 0.841406 0.277344 0.046875 0.0609375 0.000112182
0 0.682422 0.776563 0.0539063 0.096875 0.000112473
0 0.394141 0.355859 0.103906 0.142969 0.000116076
0 0.696094 0.742188 0.078125 0.114063 0.000116226
0 0.602734 0.305078 0.0789063 0.100781 0.000116328
0 0.720312 0.29375 0.20625 0.248437 0.000116495
0 0.413672 0.318359 0.0726563 0.0835937 0.000121654
0 0.33125 0.637891 0.145313 0.160156 0.000128515
0 0.800781 0.675391 0.084375 0.0960938 0.000128801
0 0.774609 0.825391 0.0367187 0.0414063 0.000131438
0 0.816797 0.369531 0.153906 0.2625 0.000132368
0 0.0953125 0.928516 0.148438 0.139844 0.000132622
0 0.617578 0.314063 0.121094 0.190625 0.000134783
0 0.758594 0.681641 0.284375 0.280469 0.000135424
0 0.813672 0.278125 0.0992187 0.110937 0.000143275
0 0.796484 0.739453 0.100781 0.121094 0.000146407
0 0.696484 0.208203 0.185156 0.149219 0.000178567
0 0.624219 0.279687 0.084375 0.121875 0.000180043
0 0.631641 0.231641 0.122656 0.155469 0.000191107
0 0.339453 0.573047 0.136719 0.225781 0.00019237
0 0.311719 0.679297 0.179688 0.185156 0.000201959
0 0.377344 0.402734 0.11875 0.150781 0.000204244
0 0.788281 0.596484 0.125 0.163281 0.000208573
0 0.773438 0.824609 0.075 0.0617188 0.000213523
0 0.827344 0.332422 0.110937 0.174219 0.000221929
0 0.777734 0.759766 0.0898438 0.0789063 0.000225518
0 0.697656 0.390625 0.170312 0.228125 0.000239139
0 0.822266 0.597266 0.0851562 0.107031 0.000239144
0 0.629687 0.365234 0.0703125 0.0960938 0.000241788
0 0.222266 0.673437 0.144531 0.148438 0.000256871
0 0.279687 0.653125 0.142188 0.140625 0.000267279
0 0.149219 0.710547 0.134375 0.121094 0.00027383
0 0.741016 0.740234 0.144531 0.136719 0.000279924
0 0.842969 0.707031 0.140625 0.14375 0.000285467
0 0.202344 0.579297 0.234375 0.282031 0.000288724
0 0.763672 0.656641 0.125781 0.183594 0.000344941
0 0.794531 0.580859 0.289062 0.394531 0.000388045
0 0.844141 0.530859 0.135156 0.272656 0.000415353
0 0.725 0.520703 0.171875 0.200781 0.000445539
0 0.841797 0.457031 0.114844 0.254687 0.000453776
0 0.842188 0.385547 0.090625 0.108594 0.000495318
0 0.855469 0.653906 0.135937 0.176563 0.000502161
0 0.696484 0.465234 0.138281 0.153906 0.000508558
0 0.241406 0.638281 0.14375 0.153125 0.000569326
0 0.813281 0.480078 0.171875 0.374219 0.000590081
0 0.789844 0.573828 0.185937 0.228906 0.000633211
0 0.801172 0.673828 0.141406 0.158594 0.000664253
0 0.823828 0.579687 0.132031 0.173438 0.00068654
0 0.772266 0.718359 0.132031 0.164844 0.00072023
0 0.619922 0.321484 0.0757812 0.121094 0.000797587
0 0.176563 0.681641 0.190625 0.177344 0.00106097
0 0.292188 0.612109 0.203125 0.207031 0.00133096
0 0.766016 0.633984 0.199219 0.233594 0.00171199
0 0.821875 0.628516 0.159375 0.199219 0.0108735
0 0.235156 0.64375 0.253125 0.192188 0.0115999
