0 0.705078 0.586328 0.303906 0.399219 0.000100681
0 0.755469 0.30625 0.0515625 0.0796875 0.00010181
0 0.721094 0.343359 0.065625 0.164844 0.000102297
0 0.753125 0.280859 0.0625 0.0882813 0.000110058
0 0.670703 0.298047 0.142969 0.207031 0.000115858
0 0.776953 0.657812 0.132031 0.245312 0.000116025
0 0.35 0.53125 0.153125 0.267188 0.000121254
0 0.719922 0.717578 0.142969 0.166406 0.000124583
0 0.709766 0.4625 0.174219 0.285937 0.000130566
0 0.217187 0.654688 0.090625 0.110937 0.000133616
0 0.747656 0.573438 0.171875 0.321875 0.000137766
0 0.661719 0.384375 0.159375 0.295312 0.000140432
0 0.221875 0.38125 0.0875 0.109375 0.000144817
0 0.7 0.594922 0.126563 0.142969 0.000145108
0 0.537891 0.474219 0.316406 0.55 0.000149152
0 0.348437 0.28125 0.16875 0.221875 0.000155904
0 0.753516 0.309375 0.0820312 0.11875 0.000161684
0 0.217969 0.330859 0.103125 0.136719 0.000163547
0 0.756641 0.400391 0.102344 0.136719 0.000168689
0 0.345313 0.386328 0.190625 0.247656 0.000174828
0 0.306641 0.704687 0.247656 0.215625 0.000175042
0 0.289453 0.478906 0.288281 0.457812 0.000178053
0 0.692187 0.580469 0.175 0.21875 0.000181766
0 0.203125 0.575 0.151562 0.315625 0.000186884
0 0.638672 0.656641 0.139844 0.167969 0.000187606
0 0.283984 0.351172 0.121094 0.164844 0.000188174
0 0.71875 0.388672 0.071875 0.127344 0.000194653
0 0.345703 0.573047 0.114844 0.171094 0.000195095
0 0.707812 0.249609 0.0703125 0.0976562 0.000239601
0 0.713672 0.396484 0.132031 0.222656 0.000247217
0 0.704687 0.280078 0.065625 0.100781 0.000253951
0 0.267578 0.344922 0.0851562 0.0992187 0.00026811
0 0.659766 0.694922 0.142969 0.178906 0.0002839
0 0.734766 0.320703 0.0554687 0.0882813 0.000298199
0 0.721484 0.427734 0.0742188 0.125781 0.000335402
0 0.254297 0.401172 0.132031 0.191406 0.000349575
0 0.719922 0.294531 0.103906 0.154687 0.000371509
0 0.342969 0.194922 0.126563 0.0929687 0.000401324
0 0.220703 0.620313 0.152344 0.1875 0.000429788
0 0.720312 0.639453 0.160938 0.203906 0.000502812
0 0.733594 0.250781 0.05 0.0640625 0.000519896
0 0.719141 0.301172 0.0523437 0.0929687 0.000531143
0 0.739453 0.269531 0.0554687 0.0796875 0.000546621
0 0.301172 0.576172 0.214844 0.299219 0.000554068
0 0.265234 0.442969 0.182031 0.310937 0.000609861
0 0.241406 0.335938 0.090625 0.090625 0.000622775
0 0.452734 0.470313 0.397656 0.748438 0.000627794
0 0.758594 0.716406 0.182812 0.228125 0.00073657
0 0.217578 0.388672 0.119531 0.178906 0.000771985
0 0.336719 0.647656 0.154687 0.204688 0.000871409
0 0.721484 0.269922 0.0648438 0.0882813 0.00133745
0 0.657422 0.653906 0.202344 0.23125 0.00151904
0 0.20625 0.674219 0.154687 0.209375 0.00260302
0 0.712891 0.681641 0.230469 0.252344 0.00641166
0 0.240625 0.359766 0.11875 0.133594 0.00965444
0 0.263281 0.648438 0.23125 0.221875 0.0108762
