0 0.941406 0.966797 0.117188 0.0664062 0.000102011
0 0.710547 0.595312 0.0804688 0.1125 0.000109438
0 0.683984 0.659766 0.188281 0.219531 0.000110494
0 0.0582031 0.279687 0.116406 0.559375 0.00011975
0 0.970703 0.107813 0.0585938 0.215625 0.000121258
0 0.986328 0.842578 0.0273438 0.110156 0.000123524
0 0.939062 0.924219 0.11875 0.151562 0.000123527
0 0.657031 0.348437 0.0890625 0.1125 0.00012441
0 0.619531 0.386328 0.0890625 0.0976562 0.000125301
0 0.940625 0.119922 0.110937 0.239844 0.000126171
0 0.548437 0.603125 0.142188 0.19375 0.000126186
0 0.983594 0.800781 0.0296875 0.107813 0.000128615
0 0.687891 0.657812 0.299219 0.351562 0.00012874
0 0.221484 0.425 0.0898438 0.0953125 0.000128752
0 0.179297 0.580469 0.0898438 0.1375 0.00012902
0 0.580078 0.198047 0.158594 0.180469 0.000129233
0 0.294141 0.216016 0.0882813 0.110156 0.000141271
0 0.974219 0.952734 0.0515625 0.0945313 0.000144132
0 0.0695312 0.0628906 0.1375 0.125781 0.000145177
0 0.332422 0.442187 0.164844 0.320312 0.000147241
0 0.08125 0.139844 0.1625 0.279687 0.000148593
0 0.984766 0.592969 0.0304688 0.221875 0.000149557
0 0.267188 0.522656 0.134375 0.140625 0.000150197
0 0.933594 0.703516 0.132812 0.532031 0.000152159
0 0.112109 0.0382813 0.224219 0.0765625 0.000154105
0 0.451172 0.0515625 0.302344 0.103125 0.000154237
0 0.975 0.821484 0.05 0.114844 0.000154469
0 0.892187 0.899219 0.2125 0.201562 0.000157625
0 0.337109 0.467578 0.111719 0.189844 0.000161862
0 0.971875 0.228906 0.0546875 0.428125 0.000162985
0 0.698047 0.628906 0.0835937 0.10625 0.00016313
0 0.657031 0.575 0.0875 0.109375 0.000173248
0 0.330469 0.155469 0.328125 0.310937 0.000175492
0 0.984375 0.916016 0.03125 0.167969 0.000177038
0 0.969141 0.392969 0.0601562 0.614062 0.000181554
0 0.355469 0.0351562 0.320312 0.0703125 0.000183013
0 0.578125 0.384375 0.132812 0.221875 0.000188934
0 0.322266 0.311719 0.207031 0.335938 0.000191029
0 0.624609 0.203906 0.103906 0.1375 0.000196407
0 0.874609 0.952734 0.247656 0.0945313 0.000210805
0 0.740234 0.564453 0.130469 0.358594 0.000213177
0 0.289844 0.559375 0.192188 0.190625 0.000217669
0 0.695703 0.575 0.0804688 0.110937 0.000236173
0 0.953516 0.783203 0.0914062 0.399219 0.000247232
0 0.258984 0.294922 0.142969 0.200781 0.00024807
0 0.20625 0.408203 0.09375 0.147656 0.000249939
0 0.741797 0.478516 0.177344 0.555469 0.000251139
0 0.333594 0.549219 0.120312 0.132812 0.000252743
0 0.332422 0.439453 0.278906 0.424219 0.000254679
0 0.654297 0.388281 0.0835937 0.09375 0.000255835
0 0.276953 0.25625 0.0882813 0.114063 0.000263988
0 0.673047 0.385547 0.105469 0.167969 0.000270712
0 0.712109 0.492969 0.105469 0.275 0.000282032
0 0.974219 0.524609 0.0515625 0.374219 0.000282828
0 0.226953 0.548047 0.182031 0.172656 0.000299595
0 0.969531 0.809766 0.059375 0.205469 0.000308875
0 0.227734 0.0355469 0.369531 0.0710938 0.000322445
0 0.967969 0.891406 0.0625 0.217187 0.000324526
0 0.651172 0.248828 0.142969 0.227344 0.000356487
0 0.983203 0.757422 0.0335938 0.142969 0.000366026
0 0.156641 0.203125 0.297656 0.392188 0.000373976
0 0.678125 0.596094 0.0890625 0.114063 0.00038206
0 0.578516 0.527344 0.171094 0.26875 0.000386653
0 0.257422 0.427734 0.0914062 0.0929687 0.000400657
0 0.300391 0.514453 0.0898438 0.102344 0.000478487
0 0.639063 0.533594 0.140625 0.254687 0.000478508
0 0.246484 0.257031 0.0882813 0.11875 0.000491123
0 0.660937 0.469922 0.139062 0.285156 0.000491454
0 0.598047 0.302734 0.132031 0.246094 0.000521557
0 0.640234 0.401953 0.111719 0.175781 0.000567274
0 0.180078 0.55 0.0695312 0.10625 0.000574118
0 0.151172 0.0640625 0.289844 0.128125 0.000598938
0 0.604688 0.541406 0.282813 0.432813 0.000605326
0 0.190234 0.530078 0.0960938 0.155469 0.000617256
0 0.236719 0.367188 0.140625 0.284375 0.000631578
0 0.298047 0.184766 0.186719 0.183594 0.000740075
0 0.268359 0.0613281 0.414844 0.122656 0.000750092
0 0.984375 0.696484 0.03125 0.247656 0.000791123
0 0.979297 0.85625 0.0414063 0.257812 0.000821666
0 0.966016 0.605078 0.0679687 0.663281 0.00086992
0 0.616406 0.362891 0.145313 0.164844 0.00089987
0 0.596094 0.591406 0.178125 0.1875 0.000964707
0 0.232422 0.257422 0.128906 0.216406 0.000978283
0 0.609766 0.235938 0.147656 0.1875 0.00100279
0 0.21875 0.268359 0.18125 0.352344 0.00107937
0 0.214453 0.4375 0.163281 0.339063 0.00115847
0 0.979297 0.763672 0.0414063 0.252344 0.0012314
0 0.589453 0.395312 0.188281 0.425 0.0012344
0 0.194922 0.365625 0.205469 0.560938 0.00127013
0 0.696875 0.557031 0.1125 0.20625 0.00129548
0 0.975781 0.649609 0.0484375 0.396094 0.00175533
0 0.207422 0.120703 0.392969 0.241406 0.0018355
0 0.717969 0.610937 0.125 0.214062 0.00189495
0 0.25625 0.427344 0.135937 0.185937 0.00230412
0 0.642187 0.59375 0.282813 0.26875 0.00279659
0 0.261328 0.221875 0.0914062 0.114063 0.0029855
0 0.698828 0.445703 0.142969 0.410156 0.00302297
0 0.655078 0.342578 0.130469 0.232031 0.00321954
0 0.673047 0.366797 0.146094 0.378906 0.0041085
0 0.305859 0.513281 0.152344 0.171875 0.00428354
0 0.28125 0.233203 0.282813 0.327344 0.00679692
0 0.267578 0.474609 0.203906 0.250781 0.00900592
0 0.63125 0.311328 0.192188 0.333594 0.0126309
0 0.655078 0.596875 0.191406 0.192188 0.0229511
0 0.683203 0.545313 0.161719 0.303125 0.0370444
0 0.646875 0.428516 0.2125 0.527344 0.173243
0 0.267969 0.23125 0.153125 0.201562 0.202602
0 0.270312 0.358594 0.210938 0.467187 0.358355
