0 0.323047 0.594922 0.0898438 0.110156 0.0001002
0 0.136719 0.0648438 0.273438 0.129688 0.000100329
0 0.755078 0.716406 0.169531 0.2125 0.000102481
0 0.7375 0.397656 0.189063 0.267188 0.000103103
0 0.316797 0.509766 0.0804688 0.0914062 0.000103232
0 0.182422 0.282422 0.267969 0.358594 0.000104629
0 0.45625 0.316406 0.157813 0.210938 0.0001075
0 0.470313 0.674219 0.084375 0.0921875 0.000109812
0 0.532031 0.0609375 0.304688 0.115625 0.000112616
0 0.804297 0.656641 0.0882813 0.110156 0.000113469
0 0.944141 0.73125 0.0726563 0.104687 0.000115413
0 0.904688 0.485547 0.1 0.186719 0.000115765
0 0.633203 0.0199219 0.205469 0.0382813 0.000116337
0 0.015625 0.921484 0.03125 0.157031 0.000118236
0 0.935938 0.752344 0.128125 0.229687 0.000120208
0 0.925781 0.0203125 0.145313 0.040625 0.0001205
0 0.0210938 0.685156 0.0421875 0.401563 0.000123065
0 0.025 0.406641 0.046875 0.341406 0.000126989
0 0.692969 0.0925781 0.235938 0.171094 0.000128432
0 0.291406 0.533203 0.065625 0.0960938 0.000128992
0 0.333594 0.392969 0.225 0.232812 0.000129854
0 0.846094 0.595312 0.0890625 0.0921875 0.000132843
0 0.736719 0.292188 0.107813 0.0796875 0.000133242
0 0.823828 0.674219 0.0898438 0.1125 0.000134233
0 0.034375 0.644531 0.06875 0.540625 0.000135953
0 0.888281 0.554297 0.0859375 0.111719 0.000136909
0 0.367969 0.429688 0.103125 0.109375 0.000137906
0 0.186328 0.132031 0.267969 0.245312 0.000137984
0 0.86875 0.577734 0.0875 0.0992187 0.000138307
0 0.466016 0.70625 0.141406 0.135937 0.000142701
0 0.430469 0.362109 0.182812 0.186719 0.000142956
0 0.333984 0.45 0.127344 0.190625 0.000143047
0 0.328516 0.670313 0.188281 0.139062 0.000146827
0 0.383594 0.771484 0.334375 0.346094 0.000151642
0 0.844141 0.655078 0.0898438 0.110156 0.000156017
0 0.903516 0.678516 0.0867188 0.114844 0.000161355
0 0.845703 0.708984 0.147656 0.152344 0.000173476
0 0.604297 0.0863281 0.222656 0.157031 0.000184088
0 0.367578 0.596484 0.0898438 0.105469 0.000185334
0 0.143359 0.208594 0.232031 0.309375 0.00018734
0 0.861328 0.0363281 0.252344 0.0679687 0.000199864
0 0.471875 0.624219 0.20625 0.251563 0.000206053
0 0.373047 0.409375 0.144531 0.171875 0.000206526
0 0.863281 0.455469 0.107813 0.117188 0.000209123
0 0.884766 0.657812 0.0867188 0.107813 0.000218326
0 0.0171875 0.528906 0.03125 0.24375 0.000243978
0 0.945703 0.034375 0.108594 0.06875 0.000244593
0 0.466797 0.658984 0.121094 0.136719 0.000246416
0 0.407422 0.580078 0.0851562 0.102344 0.000252748
0 0.959375 0.0585938 0.08125 0.117188 0.000259558
0 0.868359 0.614844 0.0851562 0.0859375 0.000259848
0 0.420312 0.465234 0.11875 0.114844 0.000269516
0 0.784375 0.710938 0.13125 0.151562 0.000275592
0 0.894531 0.746094 0.171875 0.178125 0.000276606
0 0.407422 0.632812 0.0867188 0.09375 0.000278811
0 0.747656 0.561328 0.234375 0.267969 0.000288452
0 0.787109 0.551562 0.203906 0.170312 0.000296325
0 0.368359 0.482031 0.0710938 0.078125 0.000296391
0 0.821094 0.053125 0.325 0.10625 0.000300289
0 0.880859 0.0789063 0.238281 0.153125 0.000306343
0 0.451953 0.524609 0.166406 0.335156 0.000307335
0 0.387891 0.614453 0.0898438 0.100781 0.000335616
0 0.0355469 0.482812 0.0679687 0.35625 0.00036064
0 0.636328 0.0546875 0.242969 0.109375 0.000362322
0 0.807031 0.595312 0.139062 0.164062 0.000379437
0 0.286719 0.635156 0.121875 0.165625 0.00038952
0 0.304688 0.515625 0.0859375 0.14375 0.000396573
0 0.904688 0.578516 0.078125 0.103906 0.000401781
0 0.879687 0.630078 0.240625 0.360156 0.000422257
0 0.389062 0.652344 0.139062 0.107813 0.000428378
0 0.35 0.679297 0.328125 0.350781 0.000433986
0 0.916016 0.593359 0.0835937 0.161719 0.000440442
0 0.743359 0.344531 0.142969 0.140625 0.000469636
0 0.611719 0.0351562 0.220313 0.065625 0.000491003
0 0.39375 0.708203 0.265625 0.180469 0.00049706
0 0.366797 0.483984 0.0976562 0.113281 0.000511925
0 0.423047 0.612109 0.0867188 0.0992187 0.000662331
0 0.747656 0.321484 0.0921875 0.111719 0.000709452
0 0.920313 0.0542969 0.159375 0.108594 0.000754199
0 0.025 0.557031 0.046875 0.409375 0.000788588
0 0.886719 0.596484 0.0875 0.0992187 0.00085915
0 0.366016 0.551172 0.142969 0.194531 0.000902922
0 0.848437 0.55 0.148438 0.195312 0.000916405
0 0.395703 0.416016 0.216406 0.283594 0.000916506
0 0.321094 0.531641 0.128125 0.222656 0.000920408
0 0.384766 0.464844 0.103906 0.0890625 0.000997418
0 0.398047 0.448828 0.164844 0.169531 0.00105845
0 0.294141 0.56875 0.113281 0.210938 0.00110352
0 0.452734 0.605469 0.138281 0.179688 0.00115714
0 0.825391 0.730469 0.267969 0.24375 0.00119781
0 0.425391 0.631641 0.130469 0.135156 0.00137549
0 0.798047 0.430469 0.239844 0.373437 0.00142961
0 0.885156 0.482422 0.06875 0.0789063 0.00147359
0 0.407031 0.550781 0.134375 0.221875 0.00157405
0 0.923437 0.716016 0.101562 0.139844 0.00168331
0 0.428516 0.678516 0.185156 0.135156 0.00188184
0 0.774609 0.632422 0.203906 0.247656 0.00216716
0 0.911719 0.605859 0.121875 0.263281 0.00253411
0 0.882031 0.487891 0.090625 0.124219 0.00339018
0 0.864844 0.597656 0.160938 0.15 0.00395736
0 0.857422 0.487109 0.172656 0.267969 0.00420968
0 0.808203 0.674219 0.188281 0.1875 0.00491023
0 0.33125 0.601172 0.184375 0.186719 0.00531615
0 0.385156 0.495313 0.279687 0.4375 0.00751945
0 0.38125 0.649609 0.24375 0.183594 0.00979287
0 0.898438 0.691406 0.15625 0.179688 0.0101173
0 0.887891 0.559375 0.130469 0.25625 0.0147104
0 0.392969 0.606641 0.184375 0.161719 0.0223374
0 0.823438 0.553906 0.242188 0.360938 0.0298551
0 0.377734 0.554688 0.224219 0.271875 0.0462976
0 0.855078 0.647266 0.207031 0.225781 0.108731
