0 0.704297 0.221094 0.192969 0.201562 0.000111479
0 0.891797 0.0386719 0.216406 0.0773437 0.000113642
0 0.243359 0.390625 0.211719 0.295312 0.000118649
0 0.0277344 0.266797 0.0554687 0.505469 0.000121388
0 0.384766 0.150391 0.163281 0.224219 0.000122067
0 0.922266 0.125781 0.155469 0.251563 0.00012295
0 0.319531 0.317187 0.145313 0.221875 0.000126466
0 0.388672 0.353516 0.164844 0.296094 0.000128589
0 0.93125 0.065625 0.1375 0.13125 0.000131056
0 0.282422 0.359375 0.203906 0.20625 0.000135004
0 0.778906 0.323047 0.0890625 0.113281 0.000136501
0 0.666016 0.106641 0.255469 0.205469 0.000138729
0 0.725 0.342187 0.15 0.275 0.000140854
0 0.0375 0.0703125 0.075 0.140625 0.000145012
0 0.776563 0.576953 0.235938 0.319531 0.000148256
0 0.339063 0.203906 0.184375 0.192188 0.000159617
0 0.357031 0.278906 0.15 0.242188 0.000162231
0 0.719531 0.0617188 0.403125 0.123438 0.000163921
0 0.285547 0.510156 0.303906 0.567187 0.00016608
0 0.820312 0.521094 0.164062 0.310937 0.000194923
0 0.320312 0.162891 0.25 0.299219 0.000198788
0 0.0703125 0.0394531 0.139062 0.0789063 0.000204165
0 0.317969 0.219531 0.084375 0.0953125 0.000207044
0 0.764063 0.280859 0.0890625 0.116406 0.000217035
0 0.0339844 0.141406 0.0679687 0.278125 0.000274201
0 0.672266 0.354688 0.255469 0.35 0.00027925
0 0.865625 0.0707031 0.26875 0.141406 0.0003171
0 0.795703 0.128125 0.371094 0.25625 0.000354253
0 0.300391 0.237109 0.0882813 0.105469 0.000357774
0 0.146484 0.0410156 0.263281 0.0820312 0.000374409
0 0.266797 0.297266 0.141406 0.236719 0.000410322
0 0.339453 0.382031 0.267969 0.364062 0.000476843
0 0.124219 0.264453 0.248437 0.467969 0.00052405
0 0.815625 0.308594 0.292188 0.5375 0.000614739
0 0.366797 0.232812 0.230469 0.364062 0.000718357
0 0.0898438 0.196484 0.179688 0.392969 0.000767689
0 0.725391 0.277734 0.186719 0.207031 0.00080239
0 0.185937 0.0769531 0.35 0.153906 0.000840719
0 0.0714844 0.105078 0.141406 0.205469 0.000849896
0 0.258203 0.110547 0.435156 0.221094 0.000930614
0 0.105859 0.0699219 0.211719 0.139844 0.000959135
0 0.778516 0.365234 0.136719 0.296094 0.00115046
0 0.731641 0.489844 0.292969 0.464063 0.00133028
0 0.707031 0.237891 0.242188 0.372656 0.00190253
0 0.808594 0.428906 0.210938 0.478125 0.00200551
0 0.774219 0.284375 0.115625 0.220313 0.00221199
0 0.267969 0.346094 0.284375 0.475 0.00273548
0 0.144922 0.138672 0.282031 0.272656 0.00552968
0 0.207422 0.199609 0.392969 0.380469 0.00955978
0 0.301172 0.247656 0.167969 0.204688 0.0147184
0 0.760547 0.286719 0.161719 0.339063 0.0151599
0 0.744922 0.365625 0.227344 0.432813 0.263404
0 0.308594 0.280859 0.229687 0.307031 0.389676
