0 0.3 0.244922 0.0875 0.0945313 0.000103929
0 0.256641 0.270703 0.0679687 0.0867188 0.000105895
0 0.334766 0.359766 0.175781 0.314844 0.000108761
0 0.0394531 0.803516 0.0789063 0.392969 0.000110056
0 0.318359 0.735156 0.0898438 0.110937 0.000114888
0 0.63125 0.151562 0.071875 0.084375 0.000117898
0 0.642969 0.323047 0.135937 0.153906 0.000118203
0 0.654297 0.490234 0.167969 0.189844 0.000118615
0 0.758203 0.273828 0.0617188 0.0976562 0.000119431
0 0.729297 0.234766 0.0726563 0.0929687 0.000125178
0 0.403516 0.679688 0.135156 0.210938 0.000129686
0 0.691797 0.24375 0.110156 0.148438 0.000130178
0 0.361328 0.830859 0.332031 0.296094 0.000130995
0 0.841016 0.639063 0.111719 0.229687 0.000131192
0 0.401563 0.488281 0.11875 0.24375 0.000132712
0 0.81875 0.474219 0.292188 0.570312 0.000132877
0 0.254297 0.479688 0.110156 0.19375 0.000136848
0 0.383594 0.574609 0.121875 0.208594 0.000137111
0 0.327344 0.464844 0.107813 0.120312 0.000137183
0 0.229297 0.739062 0.119531 0.165625 0.000139729
0 0.90625 0.806641 0.0796875 0.124219 0.000140081
0 0.8125 0.470703 0.1 0.163281 0.000142331
0 0.337109 0.289844 0.138281 0.151562 0.000148744
0 0.700391 0.592969 0.135156 0.223438 0.0001712
0 0.236328 0.530078 0.0976562 0.147656 0.0001733
0 0.655078 0.240234 0.124219 0.197656 0.000180473
0 0.737109 0.317578 0.142969 0.203906 0.000181233
0 0.720312 0.469141 0.192188 0.186719 0.000198131
0 0.385156 0.31875 0.103125 0.160938 0.000204425
0 0.762109 0.524609 0.0820312 0.107031 0.000208167
0 0.748438 0.491016 0.084375 0.102344 0.000217954
0 0.700781 0.529297 0.182812 0.192969 0.000219438
0 0.426562 0.760547 0.189063 0.189844 0.000220961
0 0.249609 0.736328 0.0929687 0.113281 0.000225318
0 0.713672 0.275 0.124219 0.159375 0.000225941
0 0.271875 0.244531 0.0640625 0.0859375 0.000246972
0 0.253906 0.553906 0.132812 0.315625 0.000258543
0 0.815625 0.530469 0.123438 0.240625 0.000260052
0 0.417969 0.519141 0.160938 0.458594 0.000268299
0 0.0246094 0.736719 0.0476562 0.489062 0.000272988
0 0.399219 0.7125 0.303125 0.33125 0.000284905
0 0.857813 0.807422 0.178125 0.188281 0.000285123
0 0.710547 0.723828 0.203906 0.274219 0.000290012
0 0.344531 0.681641 0.140625 0.196094 0.000307351
0 0.883203 0.78125 0.0851562 0.1125 0.000319931
0 0.364062 0.447266 0.128125 0.164844 0.000320788
0 0.826953 0.774609 0.146094 0.163281 0.000351164
0 0.78125 0.457812 0.0859375 0.1125 0.000361256
0 0.874219 0.695703 0.142188 0.319531 0.000379406
0 0.796484 0.430469 0.103906 0.195312 0.000395044
0 0.764453 0.753906 0.138281 0.184375 0.000395416
0 0.661719 0.51875 0.228125 0.321875 0.000418533
0 0.246484 0.65 0.182031 0.420312 0.000434029
0 0.333203 0.44375 0.142969 0.221875 0.000440254
0 0.801172 0.658203 0.136719 0.244531 0.000448113
0 0.782422 0.788672 0.222656 0.221094 0.000459168
0 0.741016 0.6375 0.138281 0.240625 0.000531267
0 0.682422 0.61875 0.325781 0.492188 0.000557992
0 0.364062 0.511328 0.13125 0.224219 0.000578103
0 0.333594 0.48125 0.179688 0.382812 0.000593115
0 0.719531 0.361328 0.207813 0.325781 0.000608759
0 0.83125 0.569922 0.173438 0.438281 0.000670103
0 0.246875 0.791016 0.178125 0.257031 0.000790181
0 0.399609 0.63125 0.174219 0.345313 0.000882404
0 0.326953 0.560938 0.280469 0.573438 0.00090058
0 0.779297 0.549609 0.132031 0.238281 0.0010046
0 0.764844 0.701172 0.165625 0.203906 0.0010935
0 0.378516 0.400391 0.132031 0.283594 0.00125284
0 0.742969 0.509766 0.14375 0.161719 0.00130171
0 0.253125 0.701953 0.157813 0.217969 0.0013143
0 0.764063 0.410937 0.15625 0.24375 0.00134834
0 0.675391 0.365625 0.167969 0.217187 0.00153808
0 0.394922 0.71875 0.207031 0.217187 0.00159276
0 0.684375 0.318359 0.132812 0.180469 0.00160132
0 0.878906 0.773828 0.123438 0.171094 0.00191417
0 0.279687 0.734766 0.0921875 0.108594 0.00206097
0 0.707422 0.602734 0.225781 0.338281 0.00222869
0 0.282422 0.708984 0.136719 0.149219 0.00223532
0 0.369141 0.546094 0.164844 0.410937 0.00456225
0 0.340234 0.723437 0.205469 0.178125 0.005137
0 0.310156 0.738672 0.284375 0.264844 0.00543135
0 0.777344 0.488281 0.107813 0.13125 0.00594235
0 0.308984 0.658203 0.207031 0.317969 0.00613448
0 0.725391 0.479297 0.296094 0.542969 0.00676824
0 0.811328 0.733594 0.213281 0.228125 0.0140424
0 0.772656 0.479688 0.151562 0.195312 0.0153785
0 0.736328 0.477734 0.224219 0.350781 0.0158769
0 0.778125 0.624609 0.226562 0.402344 0.0374353
0 0.290625 0.74375 0.185937 0.171875 0.0833767
