0 0.727344 0.21875 0.209375 0.271875 0.000102185
0 0.335547 0.742578 0.155469 0.214844 0.000104378
0 0.233984 0.242578 0.0851562 0.105469 0.000106284
0 0.2625 0.640625 0.184375 0.195312 0.000108339
0 0.765625 0.183594 0.0375 0.0515625 0.000110441
0 0.184375 0.316797 0.159375 0.324219 0.000114824
0 0.841406 0.6375 0.139062 0.2875 0.000115052
0 0.202344 0.427734 0.0875 0.111719 0.000115526
0 0.772266 0.209375 0.0460938 0.0734375 0.000121976
0 0.341016 0.597656 0.133594 0.245312 0.000123207
0 0.783203 0.287891 0.121094 0.228906 0.000125191
0 0.182812 0.446094 0.123438 0.221875 0.000125519
0 0.941016 0.930469 0.117969 0.139062 0.000130823
0 0.9375 0.1125 0.123438 0.21875 0.000134575
0 0.0554687 0.120312 0.110937 0.240625 0.000139633
0 0.230859 0.247656 0.116406 0.15625 0.000141564
0 0.175391 0.655859 0.132031 0.253906 0.0001428
0 0.751172 0.181641 0.0429688 0.0570313 0.000145301
0 0.840625 0.740625 0.140625 0.245312 0.000146628
0 0.702344 0.403125 0.21875 0.245312 0.000155516
0 0.816016 0.367188 0.110156 0.198437 0.000158538
0 0.357422 0.150781 0.247656 0.273438 0.000166521
0 0.769141 0.448438 0.139844 0.26875 0.000170648
0 0.214453 0.322656 0.116406 0.242188 0.000178533
0 0.901563 0.141016 0.195312 0.278906 0.000184933
0 0.363672 0.725391 0.175781 0.328906 0.000186889
0 0.222266 0.698828 0.192969 0.202344 0.000204235
0 0.903516 0.888672 0.0648438 0.0789063 0.000205044
0 0.75 0.809375 0.315625 0.2375 0.00020533
0 0.881641 0.619141 0.202344 0.622656 0.000226111
0 0.144141 0.885547 0.157031 0.178906 0.00022967
0 0.360156 0.222266 0.179688 0.246094 0.000242437
0 0.883594 0.923047 0.134375 0.136719 0.000248764
0 0.176563 0.573828 0.121875 0.249219 0.000300822
0 0.871484 0.867578 0.164844 0.205469 0.000307424
0 0.807031 0.571484 0.139062 0.277344 0.000313461
0 0.804297 0.697266 0.132031 0.263281 0.000338393
0 0.903516 0.901953 0.0867188 0.122656 0.000355294
0 0.799609 0.299609 0.0648438 0.0929687 0.000363118
0 0.305469 0.207422 0.257812 0.314844 0.000366444
0 0.303516 0.836328 0.283594 0.246094 0.000421804
0 0.319531 0.65625 0.1375 0.239063 0.000426378
0 0.185156 0.913281 0.178125 0.140625 0.000441967
0 0.832812 0.430859 0.125 0.213281 0.00046528
0 0.736328 0.314844 0.257031 0.401563 0.000480908
0 0.341016 0.485156 0.199219 0.535937 0.000493102
0 0.758984 0.200391 0.0523437 0.0789063 0.000536502
0 0.256641 0.894531 0.302344 0.153125 0.000576279
0 0.862891 0.480078 0.188281 0.421094 0.000580381
0 0.842969 0.797266 0.179688 0.203906 0.000592904
0 0.703906 0.603516 0.292188 0.538281 0.000601274
0 0.216797 0.260938 0.0789063 0.0984375 0.00062836
0 0.267578 0.355859 0.261719 0.439844 0.000665327
0 0.79375 0.317578 0.0890625 0.138281 0.000701899
0 0.198047 0.387109 0.119531 0.192969 0.000704797
0 0.166797 0.605859 0.167969 0.408594 0.000790218
0 0.215625 0.429297 0.132812 0.169531 0.000821082
0 0.155078 0.819531 0.203906 0.290625 0.000996781
0 0.281641 0.7 0.180469 0.210938 0.00109901
0 0.262891 0.520703 0.266406 0.385156 0.00120298
0 0.780078 0.758203 0.214844 0.199219 0.0015607
0 0.301953 0.780469 0.185156 0.2 0.00160269
0 0.782812 0.364062 0.160938 0.257812 0.00165231
0 0.835547 0.507422 0.139844 0.271094 0.0019898
0 0.702734 0.732031 0.241406 0.26875 0.00217004
0 0.196484 0.489844 0.161719 0.375 0.00245458
0 0.750781 0.475781 0.260938 0.365625 0.00255159
0 0.179297 0.886719 0.119531 0.1125 0.00267341
0 0.236328 0.651953 0.252344 0.403906 0.00313993
0 0.842188 0.682031 0.207813 0.434375 0.00356213
0 0.235156 0.803125 0.296875 0.278125 0.00416787
0 0.194531 0.870703 0.20625 0.150781 0.0041814
0 0.178125 0.711719 0.23125 0.435937 0.00437468
0 0.209766 0.387109 0.155469 0.300781 0.00550128
0 0.198828 0.522656 0.207031 0.66875 0.00934637
0 0.323438 0.640234 0.195312 0.438281 0.00948887
0 0.757812 0.477734 0.309375 0.639844 0.0139209
0 0.780859 0.717969 0.272656 0.315625 0.0207131
0 0.284375 0.723828 0.25 0.371094 0.0596002
0 0.813281 0.434375 0.15625 0.328125 0.0633164
0 0.268359 0.518359 0.307031 0.800781 0.0783403
0 0.811328 0.544531 0.188281 0.526563 0.209719
