0 0.750391 0.366797 0.180469 0.319531 0.000102539
0 0.414062 0.706641 0.31875 0.505469 0.000105003
0 0.782422 0.532422 0.0914062 0.114844 0.000108579
0 0.789062 0.829297 0.2625 0.264844 0.000115968
0 0.937109 0.09375 0.124219 0.1875 0.000116937
0 0.696484 0.776953 0.180469 0.185156 0.000118434
0 0.0257812 0.771875 0.0515625 0.45625 0.00011888
0 0.312891 0.264062 0.0820312 0.104687 0.00011961
0 0.630078 0.683984 0.169531 0.333594 0.000120673
0 0.2625 0.414844 0.145313 0.221875 0.000127892
0 0.319141 0.658203 0.125781 0.203906 0.00012837
0 0.3 0.697656 0.0890625 0.1 0.000137029
0 0.180469 0.679297 0.121875 0.266406 0.000137203
0 0.282813 0.719141 0.0890625 0.102344 0.00014189
0 0.338672 0.722266 0.175781 0.203906 0.000142749
0 0.626562 0.399219 0.145313 0.251563 0.000145123
0 0.0734375 0.0574219 0.145313 0.114844 0.0001487
0 0.616797 0.265234 0.0898438 0.0976562 0.000152325
0 0.765625 0.696875 0.135937 0.207813 0.00015524
0 0.239844 0.490625 0.0921875 0.114063 0.000160631
0 0.340234 0.289062 0.133594 0.182812 0.000163947
0 0.100391 0.0367187 0.200781 0.0734375 0.000174074
0 0.219531 0.698828 0.18125 0.200781 0.000174203
0 0.189844 0.922266 0.242188 0.155469 0.00017562
0 0.658984 0.450781 0.122656 0.173438 0.000179793
0 0.678906 0.408984 0.175 0.208594 0.000188321
0 0.877344 0.0574219 0.239063 0.114844 0.000189136
0 0.714453 0.71875 0.142969 0.201562 0.000196678
0 0.187109 0.084375 0.346094 0.16875 0.000219956
0 0.298828 0.739062 0.0914062 0.101562 0.000220481
0 0.375781 0.732031 0.221875 0.292188 0.000221668
0 0.800781 0.590625 0.117188 0.215625 0.000225039
0 0.316797 0.470703 0.169531 0.202344 0.000236943
0 0.174609 0.563281 0.180469 0.442187 0.000243152
0 0.639844 0.321875 0.157813 0.223438 0.000252253
0 0.196484 0.761719 0.146094 0.235938 0.000267586
0 0.320703 0.778516 0.147656 0.182031 0.000274491
0 0.719531 0.796875 0.226562 0.301562 0.000278583
0 0.824609 0.691016 0.286719 0.513281 0.0002974
0 0.230859 0.0339844 0.305469 0.0679687 0.000313467
0 0.664844 0.566016 0.21875 0.363281 0.00031649
0 0.264062 0.8 0.15 0.217187 0.000322182
0 0.277344 0.532812 0.15 0.257812 0.000338741
0 0.198437 0.473828 0.182812 0.294531 0.000380975
0 0.218359 0.570312 0.144531 0.285937 0.000447316
0 0.724609 0.528125 0.149219 0.234375 0.000467997
0 0.166406 0.772266 0.175 0.335156 0.00049182
0 0.282422 0.680859 0.135156 0.185156 0.000532816
0 0.310156 0.371094 0.21875 0.346875 0.000582726
0 0.805078 0.488672 0.172656 0.399219 0.000644778
0 0.832422 0.724219 0.139844 0.248437 0.000656675
0 0.153906 0.0503906 0.296875 0.100781 0.00066426
0 0.804297 0.676562 0.132031 0.251563 0.000783217
0 0.691406 0.612891 0.296875 0.536719 0.000889077
0 0.66875 0.479297 0.190625 0.228906 0.00100823
0 0.332812 0.603125 0.239063 0.471875 0.00104502
0 0.198047 0.853906 0.211719 0.25625 0.00121132
0 0.264062 0.882812 0.2875 0.232812 0.00126778
0 0.306641 0.464453 0.278906 0.439844 0.00168602
0 0.678125 0.707812 0.184375 0.260938 0.00169386
0 0.297656 0.740625 0.146875 0.165625 0.0018249
0 0.695703 0.4 0.244531 0.35625 0.00248495
0 0.782422 0.744141 0.208594 0.239844 0.00279081
0 0.719531 0.472656 0.198437 0.184375 0.00358759
0 0.316406 0.787891 0.221875 0.257031 0.00443985
0 0.205469 0.681641 0.2375 0.553906 0.00512245
0 0.781641 0.534375 0.136719 0.25625 0.00561226
0 0.822266 0.603906 0.146094 0.390625 0.00577882
0 0.2375 0.508594 0.15 0.239063 0.0062955
0 0.272656 0.735937 0.195312 0.25625 0.00915378
0 0.732422 0.689453 0.252344 0.352344 0.00933753
0 0.2375 0.799219 0.260938 0.309375 0.0143227
0 0.26875 0.457812 0.21875 0.28125 0.0195901
0 0.268359 0.698047 0.246094 0.421094 0.0264329
0 0.728125 0.483594 0.235938 0.328125 0.0442454
0 0.242188 0.570703 0.225 0.450781 0.150549
0 0.770312 0.575391 0.19375 0.402344 0.166977
