0 0.800781 0.643359 0.298438 0.261719 0.000105146
0 0.298438 0.665234 0.217187 0.164844 0.000108381
0 0.240234 0.667969 0.127344 0.135937 0.000115607
0 0.387109 0.605859 0.152344 0.141406 0.000129924
0 0.298438 0.597656 0.140625 0.146875 0.000145395
0 0.829687 0.654688 0.0875 0.103125 0.000145786
0 0.257031 0.412891 0.128125 0.110156 0.000175268
0 0.135156 0.0695312 0.229687 0.139062 0.000181206
0 0.257422 0.633984 0.0882813 0.102344 0.000203336
0 0.872656 0.674219 0.126563 0.170312 0.000218075
0 0.213281 0.575781 0.135937 0.25 0.000218685
0 0.258984 0.475 0.139844 0.198437 0.000246687
0 0.721094 0.635547 0.1625 0.174219 0.000275595
0 0.205469 0.634766 0.117188 0.158594 0.000296657
0 0.289062 0.621875 0.296875 0.2625 0.000336686
0 0.872266 0.613672 0.133594 0.199219 0.00034053
0 0.238281 0.616797 0.0890625 0.100781 0.000380396
0 0.242188 0.428125 0.08125 0.096875 0.000402766
0 0.266797 0.532031 0.191406 0.29375 0.00043803
0 0.816016 0.601953 0.175781 0.213281 0.000454657
0 0.847656 0.637891 0.0859375 0.0992187 0.000572489
0 0.783984 0.646484 0.222656 0.166406 0.000679116
0 0.320703 0.616016 0.230469 0.166406 0.000864503
0 0.842969 0.648438 0.1375 0.14375 0.00411109
0 0.248047 0.622266 0.158594 0.161719 0.0064355
