0 0.744531 0.24375 0.096875 0.145313 0.000114128
0 0.677734 0.219141 0.155469 0.172656 0.000114311
0 0.330469 0.166016 0.160938 0.177344 0.000115607
0 0.775391 0.450391 0.125781 0.247656 0.000132979
0 0.810938 0.535156 0.3 0.451562 0.000145363
0 0.738672 0.629687 0.289844 0.340625 0.000158458
0 0.270703 0.622266 0.303906 0.358594 0.000159446
0 0.242188 0.344141 0.126563 0.269531 0.000160173
0 0.236719 0.199219 0.40625 0.398438 0.00016189
0 0.510156 0.071875 0.0390625 0.0609375 0.000184543
0 0.278516 0.669531 0.436719 0.53125 0.000224753
0 0.734766 0.242578 0.157031 0.185156 0.000238502
0 0.492578 0.191797 0.0460938 0.0992187 0.00025857
0 0.280078 0.451172 0.205469 0.208594 0.000277102
0 0.334766 0.583203 0.242969 0.272656 0.000281671
0 0.263281 0.297266 0.117188 0.172656 0.000287384
0 0.696484 0.278125 0.219531 0.296875 0.000306258
0 0.342578 0.544531 0.146094 0.221875 0.000323444
0 0.365625 0.191797 0.135937 0.188281 0.000326094
0 0.280078 0.277344 0.0898438 0.114063 0.000336375
0 0.365234 0.260547 0.172656 0.253906 0.000374252
0 0.738672 0.467578 0.166406 0.189844 0.000442518
0 0.254687 0.237891 0.245312 0.238281 0.000458751
0 0.795703 0.594922 0.160156 0.222656 0.000460758
0 0.754297 0.30625 0.133594 0.195312 0.000484838
0 0.210547 0.519141 0.177344 0.261719 0.0005931
0 0.751562 0.365625 0.176563 0.346875 0.000600502
0 0.801562 0.455469 0.203125 0.45625 0.000678676
0 0.692969 0.531641 0.215625 0.291406 0.000699878
0 0.324219 0.278906 0.148438 0.175 0.000751517
0 0.761328 0.529297 0.149219 0.239844 0.000856551
0 0.759766 0.276563 0.0804688 0.121875 0.00096094
0 0.217187 0.399219 0.20625 0.457812 0.00165563
0 0.28125 0.508203 0.154687 0.186719 0.00183826
0 0.332422 0.490625 0.185156 0.201562 0.00208351
0 0.283984 0.2625 0.128906 0.170312 0.00371278
0 0.755469 0.515625 0.21875 0.332812 0.0130561
0 0.322266 0.227344 0.200781 0.23125 0.0299895
0 0.287109 0.524609 0.260156 0.239844 0.0934785
0 0.726953 0.419531 0.253906 0.545313 0.372818
0 0.293359 0.376953 0.272656 0.524219 0.415752
