0 0.697266 0.401563 0.146094 0.229687 0.000101282
0 0.897266 0.186719 0.205469 0.354688 0.000112818
0 0.698047 0.625781 0.277344 0.41875 0.000115572
0 0.254297 0.392969 0.0742188 0.0953125 0.000119453
0 0.308594 0.648438 0.267188 0.323438 0.000123021
0 0.751953 0.719531 0.116406 0.210938 0.000124059
0 0.755859 0.396094 0.107031 0.189063 0.000130676
0 0.311328 0.56875 0.182031 0.23125 0.00013294
0 0.699609 0.449609 0.108594 0.208594 0.000139716
0 0.696484 0.509766 0.113281 0.164844 0.000141755
0 0.703516 0.725781 0.166406 0.19375 0.000177795
0 0.352344 0.556641 0.107813 0.144531 0.000181965
0 0.667188 0.517969 0.107813 0.204688 0.000184129
0 0.677734 0.658594 0.103906 0.176563 0.000212465
0 0.335938 0.680859 0.192188 0.208594 0.000246488
0 0.652734 0.605859 0.133594 0.261719 0.000262818
0 0.34375 0.613281 0.148438 0.229687 0.000272569
0 0.614062 0.652344 0.09375 0.179688 0.000286194
0 0.249219 0.671875 0.13125 0.204688 0.000294961
0 0.244141 0.610937 0.110156 0.201562 0.000332801
0 0.735937 0.458203 0.129688 0.258594 0.000437359
0 0.719922 0.678516 0.124219 0.167969 0.000509795
0 0.748828 0.648047 0.114844 0.230469 0.000571139
0 0.698047 0.517969 0.144531 0.282813 0.000641388
0 0.66875 0.689844 0.159375 0.18125 0.000760954
0 0.733203 0.550391 0.147656 0.369531 0.000887104
0 0.291016 0.651172 0.192969 0.211719 0.00146807
0 0.714063 0.637109 0.153125 0.280469 0.0021393
