0 0.234766 0.410937 0.107031 0.15 0.000107991
0 0.242969 0.676562 0.0921875 0.117188 0.000112007
0 0.299219 0.436328 0.123438 0.105469 0.000112011
0 0.296484 0.689844 0.142969 0.178125 0.000114427
0 0.8 0.675781 0.0875 0.104687 0.000130503
0 0.0472656 0.292578 0.0898438 0.585156 0.000140593
0 0.858594 0.691797 0.107813 0.150781 0.000142779
0 0.387109 0.707422 0.147656 0.194531 0.000164661
0 0.335938 0.703125 0.278125 0.220313 0.000174647
0 0.383203 0.54375 0.124219 0.317187 0.000177633
0 0.276953 0.674609 0.0882813 0.116406 0.000193196
0 0.344141 0.595703 0.119531 0.200781 0.000214807
0 0.0363281 0.438672 0.0695312 0.599219 0.000218798
0 0.3 0.487891 0.178125 0.269531 0.00021948
0 0.779297 0.732813 0.216406 0.228125 0.000232471
0 0.230078 0.719922 0.194531 0.227344 0.000264364
0 0.780859 0.668359 0.286719 0.289844 0.000351292
0 0.835547 0.6125 0.155469 0.242188 0.000357326
0 0.233594 0.490234 0.0734375 0.0929687 0.000374864
0 0.691797 0.630469 0.125781 0.189063 0.000376191
0 0.255078 0.448047 0.119531 0.150781 0.000386554
0 0.199219 0.549219 0.109375 0.260938 0.000570588
0 0.383203 0.634766 0.135156 0.239844 0.000583556
0 0.278125 0.596094 0.142188 0.260938 0.000640624
0 0.688281 0.684766 0.126563 0.150781 0.0007096
0 0.259375 0.654297 0.0890625 0.110156 0.000742964
0 0.745703 0.613672 0.189844 0.257031 0.000749173
0 0.782031 0.658203 0.13125 0.146094 0.000826631
0 0.221484 0.491406 0.0882813 0.142188 0.000973468
0 0.338281 0.639453 0.18125 0.197656 0.00112376
0 0.821484 0.679297 0.155469 0.152344 0.00148004
0 0.228516 0.496484 0.125781 0.214844 0.00169666
0 0.735937 0.680078 0.185937 0.171094 0.00201803
0 0.217187 0.646484 0.167187 0.255469 0.00261984
0 0.786719 0.65 0.2 0.198437 0.00395772
0 0.3125 0.561328 0.232812 0.357031 0.00457226
0 0.258203 0.657812 0.136719 0.167187 0.00797285
0 0.246094 0.571484 0.184375 0.357031 0.012889
0 0.280078 0.646094 0.227344 0.235938 0.0663083
