0 0.262109 0.639063 0.144531 0.232812 0.000114905
0 0.623438 0.64375 0.279687 0.479688 0.000116544
0 0.282422 0.327734 0.0882813 0.0835937 0.000118054
0 0.186719 0.724609 0.304688 0.477344 0.000121154
0 0.215234 0.552734 0.119531 0.260156 0.000122647
0 0.783203 0.819531 0.186719 0.195312 0.000122894
0 0.2375 0.779688 0.15 0.242188 0.00012614
0 0.837109 0.844141 0.147656 0.261719 0.000130611
0 0.405859 0.776172 0.313281 0.447656 0.000133535
0 0.200391 0.740234 0.136719 0.217969 0.000133727
0 0.753906 0.407031 0.140625 0.2875 0.000143181
0 0.298047 0.799219 0.188281 0.1875 0.000146203
0 0.301953 0.653906 0.0835937 0.10625 0.000151955
0 0.905859 0.195312 0.188281 0.390625 0.000155195
0 0.260547 0.345703 0.0851562 0.0960938 0.000156003
0 0.347266 0.820703 0.121094 0.141406 0.000158037
0 0.627734 0.726172 0.178906 0.316406 0.000165902
0 0.359375 0.572656 0.121875 0.235938 0.000166096
0 0.807031 0.736328 0.0796875 0.107031 0.000168854
0 0.367969 0.638672 0.165625 0.325781 0.000169892
0 0.669922 0.828906 0.233594 0.253125 0.000169965
0 0.176563 0.691016 0.140625 0.403906 0.00017274
0 0.659375 0.360938 0.207813 0.31875 0.000172756
0 0.739062 0.551172 0.164062 0.188281 0.000176129
0 0.200391 0.657422 0.116406 0.246094 0.000182463
0 0.300781 0.419922 0.2125 0.172656 0.000184815
0 0.304297 0.896094 0.264844 0.204688 0.000185355
0 0.333984 0.857031 0.164844 0.214062 0.000187288
0 0.882422 0.457812 0.225781 0.826563 0.000193605
0 0.39375 0.789453 0.175 0.277344 0.000196905
0 0.460938 0.691016 0.432813 0.617969 0.000197191
0 0.325 0.249219 0.170312 0.15625 0.000197391
0 0.369141 0.276172 0.160156 0.199219 0.00020385
0 0.548828 0.517969 0.517969 0.846875 0.000212997
0 0.226172 0.915234 0.266406 0.169531 0.000217352
0 0.24375 0.386328 0.090625 0.113281 0.000221079
0 0.378906 0.521094 0.225 0.55625 0.000224771
0 0.342969 0.383203 0.14375 0.147656 0.000234517
0 0.664844 0.519531 0.217187 0.373437 0.000250042
0 0.677344 0.68125 0.164062 0.209375 0.000266629
0 0.221484 0.469141 0.122656 0.249219 0.000293773
0 0.182812 0.862109 0.164062 0.267969 0.000296158
0 0.677734 0.248437 0.117969 0.1 0.000315324
0 0.784375 0.636328 0.134375 0.272656 0.000325221
0 0.278125 0.738672 0.196875 0.213281 0.000361275
0 0.826172 0.775391 0.283594 0.375781 0.000385486
0 0.699219 0.741016 0.1875 0.214844 0.000392154
0 0.198828 0.549219 0.128906 0.4375 0.00047616
0 0.339453 0.634766 0.135156 0.188281 0.000495618
0 0.725391 0.480078 0.203906 0.333594 0.000523043
0 0.658203 0.653125 0.183594 0.35 0.000614948
0 0.285547 0.305859 0.158594 0.166406 0.000616774
0 0.261328 0.346094 0.122656 0.14375 0.000645968
0 0.764844 0.719922 0.14375 0.246094 0.00068166
0 0.344141 0.321875 0.146094 0.142188 0.00074911
0 0.2375 0.695703 0.18125 0.191406 0.000807436
0 0.818359 0.760156 0.114844 0.20625 0.000810813
0 0.647266 0.260547 0.146094 0.139844 0.000824675
0 0.741406 0.780078 0.240625 0.214844 0.000939472
0 0.319531 0.458984 0.217187 0.416406 0.000998392
0 0.340625 0.569141 0.171875 0.344531 0.00113306
0 0.325391 0.764063 0.186719 0.296875 0.00115789
0 0.264453 0.420703 0.188281 0.257031 0.00131083
0 0.302734 0.65625 0.160156 0.176563 0.0015245
0 0.826563 0.653516 0.157813 0.461719 0.00155218
0 0.233984 0.606641 0.175781 0.383594 0.00174798
0 0.264062 0.832812 0.276563 0.298438 0.00178757
0 0.714453 0.499609 0.261719 0.528906 0.00208967
0 0.802344 0.699609 0.123438 0.249219 0.00315107
0 0.246094 0.385156 0.140625 0.171875 0.00345483
0 0.233984 0.471484 0.163281 0.392969 0.00380603
0 0.205078 0.767187 0.177344 0.335938 0.00502924
0 0.30625 0.650781 0.201562 0.296875 0.00537415
0 0.817187 0.771875 0.157813 0.317187 0.00577707
0 0.324219 0.3 0.204688 0.239063 0.00580053
0 0.7 0.733594 0.253125 0.335938 0.00641304
0 0.764844 0.578906 0.204688 0.478125 0.00880478
0 0.276953 0.551172 0.252344 0.552344 0.0129908
0 0.292188 0.362891 0.2125 0.191406 0.0209112
0 0.269531 0.726953 0.25 0.341406 0.0322481
0 0.773438 0.714453 0.20625 0.369531 0.0530199
