0 0.222266 0.342187 0.0570313 0.071875 0.000101259
0 0.7875 0.509766 0.11875 0.236719 0.000103516
0 0.760156 0.323828 0.078125 0.0992187 0.000109586
0 0.6875 0.633984 0.309375 0.349219 0.000115351
0 0.836719 0.578125 0.103125 0.190625 0.000116341
0 0.745703 0.396875 0.0835937 0.1125 0.000125892
0 0.404687 0.348047 0.110937 0.158594 0.000126806
0 0.259766 0.632031 0.147656 0.160938 0.000129121
0 0.783984 0.426172 0.0929687 0.171094 0.00013248
0 0.0355469 0.440625 0.0695312 0.396875 0.000134964
0 0.778516 0.669141 0.0914062 0.0992187 0.000136338
0 0.818359 0.669141 0.285156 0.311719 0.000138132
0 0.29375 0.667578 0.278125 0.208594 0.000138475
0 0.742578 0.618359 0.0882813 0.110156 0.000139151
0 0.744141 0.555859 0.121094 0.146094 0.000148233
0 0.385156 0.323438 0.084375 0.104687 0.000148551
0 0.795313 0.3625 0.06875 0.126563 0.000165191
0 0.367578 0.264844 0.113281 0.14375 0.00016606
0 0.779688 0.326953 0.084375 0.128906 0.000169685
0 0.304688 0.575781 0.0875 0.10625 0.00017393
0 0.231641 0.382422 0.113281 0.183594 0.000177629
0 0.269141 0.322266 0.111719 0.105469 0.000192421
0 0.2375 0.331641 0.0796875 0.0820312 0.000208886
0 0.754297 0.490234 0.283594 0.471094 0.000251566
0 0.817969 0.532031 0.107813 0.225 0.000261097
0 0.341016 0.608594 0.128906 0.128125 0.000266275
0 0.724219 0.579687 0.215625 0.192188 0.000266533
0 0.263281 0.579687 0.145313 0.165625 0.000267262
0 0.762109 0.599609 0.0867188 0.110156 0.000272175
0 0.344531 0.538281 0.139062 0.215625 0.000291201
0 0.177344 0.677344 0.140625 0.201562 0.000333024
0 0.803516 0.405078 0.0648438 0.107031 0.000355105
0 0.728516 0.365625 0.0726563 0.0765625 0.000355168
0 0.805469 0.442578 0.104687 0.236719 0.000364741
0 0.328125 0.311328 0.173438 0.169531 0.000373303
0 0.231641 0.476172 0.164844 0.333594 0.000383106
0 0.198047 0.635938 0.132031 0.175 0.00038549
0 0.364844 0.339063 0.134375 0.164062 0.000409716
0 0.838281 0.636719 0.128125 0.1875 0.000420689
0 0.292188 0.471484 0.245312 0.435156 0.000495142
0 0.775781 0.383984 0.090625 0.100781 0.000561683
0 0.746875 0.335547 0.121875 0.149219 0.000597629
0 0.2 0.577734 0.157813 0.210156 0.000604857
0 0.761719 0.639063 0.090625 0.1125 0.000820895
0 0.746094 0.380078 0.0734375 0.0632813 0.00103471
0 0.697656 0.625391 0.190625 0.185156 0.00117901
0 0.764844 0.667188 0.142188 0.14375 0.00143384
0 0.814844 0.671484 0.1875 0.194531 0.0016616
0 0.754297 0.364062 0.0929687 0.103125 0.00166823
0 0.31875 0.575781 0.15625 0.160938 0.001953
0 0.777734 0.485938 0.164844 0.367188 0.00204303
0 0.219922 0.652344 0.235156 0.214062 0.00209519
0 0.390625 0.301953 0.117188 0.177344 0.00209582
0 0.802344 0.577734 0.1625 0.253906 0.00290757
0 0.762891 0.600781 0.132031 0.170312 0.00302587
0 0.749609 0.632812 0.283594 0.254687 0.00531098
0 0.271875 0.604297 0.240625 0.194531 0.00932348
0 0.767578 0.632812 0.192969 0.18125 0.0691992
