0 0.644922 0.0675781 0.346094 0.135156 0.00010055
0 0.891016 0.337891 0.207031 0.675781 0.000101648
0 0.211328 0.53125 0.107031 0.242188 0.000103561
0 0.200391 0.650391 0.130469 0.335156 0.0001039
0 0.80625 0.322266 0.1125 0.189844 0.000108806
0 0.614062 0.546094 0.148438 0.271875 0.00010932
0 0.773438 0.259375 0.0515625 0.11875 0.000109477
0 0.739453 0.298438 0.0726563 0.096875 0.000110876
0 0.817578 0.336719 0.0445312 0.0796875 0.00011304
0 0.7 0.796875 0.0890625 0.0984375 0.000113045
0 0.759375 0.369922 0.173438 0.321094 0.000114568
0 0.453125 0.256641 0.3125 0.513281 0.000118544
0 0.964844 0.323828 0.0671875 0.647656 0.000119072
0 0.760547 0.207813 0.0585938 0.09375 0.000124009
0 0.808203 0.0355469 0.316406 0.0710938 0.000126716
0 0.779688 0.816016 0.084375 0.0929687 0.000133948
0 0.305078 0.734766 0.228906 0.217969 0.0001347
0 0.739844 0.239453 0.05625 0.0679687 0.000135204
0 0.578125 0.465625 0.2 0.492188 0.000139796
0 0.741016 0.612891 0.194531 0.360156 0.000153936
0 0.755078 0.25625 0.0398437 0.0703125 0.000155767
0 0.749219 0.219141 0.046875 0.0617188 0.000156421
0 0.762109 0.283203 0.0523437 0.0789063 0.000160097
0 0.704687 0.190234 0.1625 0.208594 0.000166184
0 0.772656 0.576953 0.128125 0.222656 0.000183332
0 0.783203 0.353516 0.0773437 0.121094 0.000186266
0 0.514844 0.395312 0.235938 0.38125 0.000187024
0 0.783203 0.716797 0.130469 0.213281 0.000187913
0 0.612109 0.556641 0.0742188 0.138281 0.000190848
0 0.780078 0.319922 0.0476562 0.0804688 0.00019166
0 0.576953 0.545703 0.310156 0.699219 0.00019557
0 0.798828 0.371094 0.250781 0.479688 0.000200115
0 0.801562 0.340234 0.06875 0.110156 0.000206253
0 0.735547 0.289844 0.283594 0.354688 0.000208088
0 0.807031 0.276563 0.173438 0.282813 0.000208643
0 0.739844 0.268359 0.0828125 0.105469 0.000212956
0 0.782031 0.315625 0.0734375 0.104687 0.000223763
0 0.748828 0.2375 0.0898438 0.10625 0.000226807
0 0.623828 0.202734 0.360156 0.367969 0.000232503
0 0.734375 0.260547 0.0578125 0.0664062 0.000234622
0 0.740625 0.798047 0.09375 0.103906 0.000240517
0 0.777734 0.289062 0.0507812 0.090625 0.000240921
0 0.765625 0.276953 0.0890625 0.121094 0.000246397
0 0.198047 0.770312 0.138281 0.2 0.000251345
0 0.769531 0.229687 0.145313 0.192188 0.000251555
0 0.808594 0.321875 0.0515625 0.06875 0.000254905
0 0.772266 0.189453 0.238281 0.355469 0.000258559
0 0.770312 0.233594 0.034375 0.05625 0.000306256
0 0.933594 0.211328 0.13125 0.422656 0.000347824
0 0.614453 0.560938 0.0507812 0.1 0.000372785
0 0.71875 0.779297 0.0921875 0.102344 0.000378516
0 0.722656 0.127734 0.36875 0.253906 0.000412572
0 0.518359 0.19375 0.269531 0.3875 0.000416418
0 0.741797 0.744922 0.144531 0.199219 0.000475621
0 0.689062 0.721875 0.18125 0.246875 0.00053194
0 0.223438 0.726172 0.159375 0.261719 0.000542388
0 0.780469 0.814844 0.129688 0.125 0.00056321
0 0.8125 0.242188 0.360938 0.484375 0.000565011
0 0.764063 0.222656 0.034375 0.0546875 0.000730479
0 0.803516 0.785156 0.146094 0.2 0.000742472
0 0.799219 0.0714844 0.370313 0.142969 0.000933297
0 0.853906 0.13125 0.292188 0.2625 0.000935162
0 0.761328 0.790625 0.280469 0.25625 0.00132283
0 0.514453 0.396094 0.289844 0.729688 0.00137181
0 0.764063 0.698438 0.192188 0.3375 0.0014804
0 0.692578 0.784375 0.158594 0.16875 0.0027403
0 0.747656 0.792188 0.190625 0.164062 0.0217285
