0 0.7625 0.237109 0.0734375 0.0898438 0.000102796
0 0.721875 0.430078 0.13125 0.233594 0.00010422
0 0.767578 0.300781 0.197656 0.210938 0.000108901
0 0.884766 0.468359 0.0851562 0.113281 0.000118625
0 0.385156 0.175781 0.135937 0.107813 0.000122731
0 0.015625 0.941797 0.0296875 0.116406 0.00013081
0 0.732813 0.551562 0.160938 0.2125 0.000131458
0 0.844531 0.325391 0.0734375 0.111719 0.000132351
0 0.833203 0.700781 0.333594 0.54375 0.00013739
0 0.291406 0.547266 0.126563 0.261719 0.000139661
0 0.758984 0.239063 0.286719 0.339063 0.000158579
0 0.818359 0.239453 0.121094 0.177344 0.000164874
0 0.339844 0.231641 0.0953125 0.135156 0.000171156
0 0.763672 0.40625 0.175781 0.16875 0.00017643
0 0.341016 0.506641 0.0882813 0.113281 0.000184155
0 0.932813 0.590625 0.129688 0.479688 0.000186429
0 0.364453 0.435156 0.203906 0.215625 0.000191636
0 0.877344 0.392969 0.245312 0.44375 0.000204071
0 0.799219 0.197266 0.135937 0.149219 0.000229354
0 0.362891 0.264062 0.155469 0.2 0.000232487
0 0.875781 0.348828 0.128125 0.236719 0.000255421
0 0.369922 0.653516 0.264844 0.249219 0.000277461
0 0.341797 0.301953 0.178906 0.316406 0.000368278
0 0.916406 0.449219 0.129688 0.278125 0.000395255
0 0.323047 0.485938 0.0898438 0.104687 0.000482786
0 0.747656 0.400781 0.21875 0.303125 0.000498457
0 0.7625 0.233203 0.134375 0.155469 0.000507173
0 0.387891 0.219141 0.171094 0.174219 0.000620474
0 0.41875 0.587109 0.251563 0.303906 0.000657646
0 0.850781 0.579297 0.290625 0.350781 0.000727857
0 0.845312 0.50625 0.153125 0.201562 0.000729163
0 0.728906 0.152734 0.09375 0.103906 0.000807645
0 0.804297 0.344922 0.196094 0.208594 0.000883748
0 0.454297 0.486328 0.132031 0.217969 0.000943143
0 0.842188 0.30625 0.123438 0.207813 0.000946163
0 0.787109 0.452734 0.194531 0.213281 0.00106292
0 0.836719 0.286719 0.182812 0.292188 0.00149088
0 0.326562 0.578906 0.2375 0.332812 0.00149474
0 0.419922 0.528125 0.182031 0.20625 0.00173104
0 0.799219 0.241406 0.189063 0.23125 0.00179575
0 0.753125 0.183594 0.154687 0.164062 0.00194197
0 0.846094 0.387109 0.134375 0.249219 0.00213237
0 0.362109 0.492578 0.152344 0.216406 0.00231357
0 0.772656 0.516016 0.24375 0.264844 0.00303488
0 0.880859 0.469141 0.135156 0.216406 0.00343662
0 0.329297 0.452344 0.182031 0.36875 0.00422005
0 0.891406 0.514453 0.198437 0.264844 0.00614092
0 0.875391 0.407813 0.171094 0.35 0.0136839
0 0.323438 0.514844 0.140625 0.229687 0.0144111
0 0.38125 0.390625 0.245312 0.482812 0.0325691
0 0.797656 0.332812 0.24375 0.434375 0.041004
0 0.835156 0.469922 0.259375 0.316406 0.221431
0 0.371875 0.514063 0.248437 0.2875 0.358697
