0 0.9875 0.780078 0.025 0.211719 0.000100328
0 0.174219 0.734375 0.13125 0.126563 0.000100657
0 0.816016 0.480469 0.107031 0.223438 0.000105102
0 0.269141 0.749219 0.230469 0.267188 0.000105515
0 0.719531 0.660547 0.164062 0.208594 0.000115015
0 0.760156 0.855078 0.190625 0.255469 0.000116254
0 0.976562 0.807422 0.046875 0.385156 0.000116852
0 0.208594 0.743359 0.309375 0.358594 0.000119616
0 0.718359 0.703125 0.0789063 0.0984375 0.000120144
0 0.780078 0.034375 0.228906 0.0671875 0.000120374
0 0.64375 0.919531 0.279687 0.160938 0.000125485
0 0.280859 0.571875 0.128906 0.198437 0.000126348
0 0.685938 0.053125 0.33125 0.10625 0.000128416
0 0.815234 0.292188 0.0664062 0.09375 0.000142307
0 0.679688 0.377734 0.129688 0.216406 0.000147061
0 0.589453 0.805469 0.177344 0.245312 0.000149756
0 0.678516 0.718359 0.0867188 0.107031 0.000150339
0 0.0519531 0.919141 0.103906 0.161719 0.000150767
0 0.0460938 0.769922 0.090625 0.460156 0.000160992
0 0.0304688 0.895312 0.0609375 0.209375 0.000162532
0 0.0300781 0.394922 0.0601562 0.497656 0.000165793
0 0.653906 0.788281 0.307813 0.323438 0.000170041
0 0.980859 0.916016 0.0382813 0.167969 0.000175786
0 0.198437 0.596484 0.14375 0.205469 0.000180797
0 0.817578 0.0503906 0.310156 0.100781 0.000182403
0 0.780469 0.289453 0.115625 0.144531 0.00018394
0 0.321484 0.69375 0.175781 0.198437 0.000190203
0 0.736328 0.796094 0.0664062 0.084375 0.000190323
0 0.364453 0.196484 0.121094 0.150781 0.000192596
0 0.0722656 0.624219 0.127344 0.615625 0.000199839
0 0.739844 0.738281 0.0828125 0.104687 0.000201172
0 0.300781 0.525 0.18125 0.373437 0.000205054
0 0.220313 0.674609 0.0875 0.107031 0.000206759
0 0.160156 0.670703 0.14375 0.213281 0.000227191
0 0.788281 0.479297 0.15 0.424219 0.00023056
0 0.695312 0.616797 0.171875 0.344531 0.000250321
0 0.655078 0.812891 0.207031 0.232031 0.000264523
0 0.0941406 0.780078 0.177344 0.428906 0.000278406
0 0.625 0.730078 0.171875 0.213281 0.000287014
0 0.585156 0.882812 0.228125 0.234375 0.000319871
0 0.0644531 0.870703 0.121094 0.255469 0.000322009
0 0.751172 0.313281 0.157031 0.18125 0.000344916
0 0.199219 0.532422 0.215625 0.383594 0.000364417
0 0.801172 0.653125 0.150781 0.25625 0.000411247
0 0.985156 0.849609 0.0296875 0.292969 0.000420619
0 0.717578 0.716406 0.292969 0.285937 0.00044248
0 0.0492188 0.477734 0.0984375 0.717969 0.000489044
0 0.103516 0.463281 0.202344 0.720312 0.000516637
0 0.223047 0.480078 0.303906 0.591406 0.000522861
0 0.734375 0.553906 0.20625 0.507812 0.000552742
0 0.701172 0.757031 0.124219 0.140625 0.000563188
0 0.697266 0.798437 0.172656 0.175 0.000581657
0 0.694531 0.862891 0.223438 0.258594 0.000658394
0 0.194141 0.708594 0.200781 0.204688 0.000676904
0 0.238672 0.615234 0.147656 0.210156 0.00070197
0 0.288281 0.647656 0.175 0.225 0.000755017
0 0.717188 0.718359 0.120312 0.135156 0.000853355
0 0.666797 0.757422 0.171094 0.189844 0.00095471
0 0.727734 0.789844 0.110156 0.121875 0.00101772
0 0.6625 0.698047 0.146875 0.196094 0.00110514
0 0.799219 0.311328 0.084375 0.114844 0.00115902
0 0.259766 0.691406 0.185156 0.185937 0.00132096
0 0.164844 0.614062 0.189063 0.278125 0.0014494
0 0.767187 0.695312 0.175 0.234375 0.00152756
0 0.749609 0.758203 0.153906 0.166406 0.00185319
0 0.221484 0.671094 0.133594 0.167187 0.00198128
0 0.251563 0.577344 0.21875 0.3375 0.00253812
0 0.707422 0.727734 0.180469 0.189844 0.00512076
0 0.214453 0.651172 0.221094 0.221094 0.0215807
