0 0.281641 0.367188 0.0804688 0.065625 0.000100646
0 0.793359 0.613281 0.119531 0.185937 0.000101039
0 0.639063 0.419531 0.08125 0.0921875 0.000103579
0 0.766797 0.374219 0.0929687 0.10625 0.000117261
0 0.330078 0.155859 0.0789063 0.0679687 0.00011753
0 0.339063 0.387891 0.132812 0.117969 0.000121265
0 0.671094 0.425 0.114063 0.114063 0.000125228
0 0.776172 0.571484 0.0851562 0.105469 0.000125483
0 0.283984 0.530078 0.128906 0.177344 0.000136387
0 0.673437 0.307031 0.0875 0.103125 0.000137164
0 0.364062 0.336719 0.159375 0.220313 0.000140988
0 0.315625 0.635938 0.240625 0.167187 0.000143773
0 0.637109 0.575391 0.114844 0.174219 0.000148348
0 0.603125 0.695312 0.103125 0.192188 0.000152396
0 0.742969 0.402344 0.132812 0.214062 0.000159967
0 0.247266 0.441016 0.153906 0.241406 0.000162557
0 0.620703 0.383203 0.130469 0.185156 0.000168731
0 0.725 0.575 0.08125 0.110937 0.000171609
0 0.758203 0.553516 0.0867188 0.110156 0.000173279
0 0.717188 0.93125 0.05 0.084375 0.000174492
0 0.659375 0.475781 0.15625 0.289062 0.000205094
0 0.308203 0.509375 0.0851562 0.090625 0.000208002
0 0.240234 0.527344 0.157031 0.214062 0.000263636
0 0.250781 0.594922 0.159375 0.166406 0.000266644
0 0.645703 0.6375 0.153906 0.285937 0.000274512
0 0.8 0.546875 0.135937 0.248437 0.000290095
0 0.754687 0.593359 0.0859375 0.100781 0.000353639
0 0.714844 0.638672 0.176563 0.161719 0.000372634
0 0.280078 0.389844 0.127344 0.146875 0.00038405
0 0.647266 0.348437 0.125781 0.179688 0.000412447
0 0.704687 0.610547 0.115625 0.119531 0.000414245
0 0.347266 0.598047 0.188281 0.169531 0.000414731
0 0.740625 0.530078 0.08125 0.103906 0.0004209
0 0.372656 0.521094 0.159375 0.24375 0.000425672
0 0.371875 0.439063 0.142188 0.225 0.0004437
0 0.303516 0.366406 0.100781 0.0921875 0.00046636
0 0.644141 0.41875 0.114844 0.151562 0.000480095
0 0.725391 0.547656 0.277344 0.326562 0.000544263
0 0.388672 0.613672 0.107031 0.149219 0.000640073
0 0.319141 0.406641 0.155469 0.203906 0.000683712
0 0.759375 0.622266 0.132812 0.132031 0.000769719
0 0.676562 0.382812 0.171875 0.189063 0.000780146
0 0.307422 0.521484 0.283594 0.330469 0.000814591
0 0.734375 0.610156 0.0796875 0.0859375 0.000961998
0 0.321094 0.510547 0.145313 0.155469 0.00102774
0 0.675 0.605859 0.148438 0.186719 0.00107231
0 0.707031 0.528516 0.171875 0.241406 0.00138508
0 0.763672 0.453906 0.127344 0.273438 0.00148582
0 0.319141 0.555469 0.207031 0.217187 0.00158231
0 0.725781 0.532812 0.110937 0.179688 0.00160337
0 0.31875 0.473828 0.184375 0.277344 0.00491731
0 0.733984 0.595312 0.132031 0.160938 0.00556239
0 0.758203 0.551172 0.142969 0.222656 0.012059
