0 0.662891 0.0609375 0.275781 0.109375 0.000101409
0 0.109766 0.505859 0.0867188 0.110156 0.000101483
0 0.0351562 0.101953 0.0703125 0.192969 0.000103808
0 0.169531 0.553125 0.214062 0.265625 0.000109291
0 0.661719 0.400391 0.282813 0.528906 0.000110618
0 0.980078 0.155078 0.0398437 0.278906 0.000112151
0 0.6375 0.321875 0.114063 0.284375 0.000114215
0 0.536328 0.530859 0.128906 0.233594 0.000117258
0 0.107813 0.178516 0.145313 0.222656 0.0001284
0 0.220703 0.54375 0.146094 0.315625 0.000134064
0 0.987891 0.200781 0.0242187 0.104687 0.000134297
0 0.627344 0.120703 0.0515625 0.0820312 0.000137251
0 0.645703 0.448438 0.0914062 0.115625 0.000138452
0 0.046875 0.591406 0.090625 0.134375 0.000145688
0 0.741016 0.0371094 0.133594 0.0742188 0.000147476
0 0.623047 0.614062 0.0882813 0.103125 0.000150318
0 0.0371094 0.301172 0.0726563 0.189844 0.000152609
0 0.957031 0.560547 0.0859375 0.361719 0.000153189
0 0.616016 0.485547 0.0898438 0.116406 0.000161642
0 0.539844 0.0796875 0.167187 0.153125 0.000164128
0 0.927344 0.658203 0.1375 0.683594 0.000167765
0 0.0175781 0.567578 0.0351562 0.171094 0.000168833
0 0.162891 0.357422 0.216406 0.392969 0.000172264
0 0.0457031 0.491016 0.0851562 0.114844 0.000172917
0 0.0464844 0.530469 0.0851562 0.115625 0.000185277
0 0.0183594 0.402344 0.0351562 0.271875 0.000194706
0 0.0601562 0.0550781 0.11875 0.110156 0.000204655
0 0.966016 0.486328 0.0632813 0.252344 0.000205519
0 0.0183594 0.282813 0.0367187 0.228125 0.000210454
0 0.228125 0.0363281 0.2 0.0726563 0.000221283
0 0.0695312 0.508984 0.0921875 0.111719 0.000224243
0 0.484766 0.0695312 0.157031 0.139062 0.000226058
0 0.0859375 0.321484 0.142188 0.258594 0.000228331
0 0.577344 0.572266 0.140625 0.235156 0.000247742
0 0.552344 0.635938 0.1125 0.14375 0.000294332
0 0.673437 0.670703 0.142188 0.247656 0.000310026
0 0.105469 0.107031 0.210938 0.203125 0.000310834
0 0.835156 0.0574219 0.254687 0.114844 0.000311319
0 0.772656 0.0855469 0.259375 0.167969 0.000367624
0 0.784766 0.0207031 0.194531 0.0414063 0.000374786
0 0.0457031 0.220703 0.0914062 0.261719 0.00040081
0 0.0195312 0.488281 0.0390625 0.245312 0.000401454
0 0.0910156 0.4875 0.0929687 0.10625 0.000409187
0 0.507422 0.0296875 0.180469 0.059375 0.000415302
0 0.974609 0.313281 0.0492188 0.445312 0.000423072
0 0.583203 0.490625 0.141406 0.228125 0.000425527
0 0.519141 0.612109 0.167969 0.216406 0.000427606
0 0.0335938 0.404687 0.0609375 0.2875 0.00043318
0 0.105078 0.239453 0.185156 0.207031 0.000458907
0 0.0515625 0.365234 0.0984375 0.286719 0.000459693
0 0.953516 0.560156 0.0929687 0.707812 0.000514397
0 0.987109 0.217969 0.0257812 0.209375 0.000527181
0 0.208984 0.0671875 0.236719 0.134375 0.00053606
0 0.645703 0.488672 0.144531 0.216406 0.000658332
0 0.0320312 0.545313 0.0640625 0.198437 0.000668476
0 0.659766 0.592578 0.286719 0.453906 0.00070143
0 0.065625 0.558984 0.13125 0.239844 0.00083573
0 0.754687 0.0539063 0.20625 0.10625 0.000916689
0 0.966797 0.438281 0.0664062 0.592188 0.000991156
0 0.574219 0.633594 0.196875 0.189063 0.00102484
0 0.61875 0.595703 0.160938 0.185156 0.00107017
0 0.0578125 0.284766 0.115625 0.250781 0.00111729
0 0.16875 0.123438 0.271875 0.245312 0.00127928
0 0.55 0.525 0.240625 0.348437 0.00168051
0 0.653906 0.610937 0.0796875 0.09375 0.0017869
0 0.802344 0.0347656 0.234375 0.0695312 0.00196598
0 0.107422 0.488672 0.138281 0.171094 0.00211634
0 0.164453 0.352734 0.296094 0.639844 0.00214339
0 0.638672 0.398047 0.142969 0.310156 0.00217903
0 0.0746094 0.449219 0.136719 0.254687 0.00230519
0 0.5875 0.412109 0.20625 0.391406 0.00318893
0 0.141406 0.460547 0.260938 0.350781 0.003226
0 0.616797 0.447266 0.0929687 0.105469 0.00333985
0 0.645703 0.627734 0.127344 0.163281 0.00528863
0 0.130859 0.225781 0.261719 0.425 0.00585019
0 0.0375 0.480078 0.075 0.286719 0.00642154
0 0.648828 0.6 0.158594 0.314063 0.00824112
0 0.0464844 0.352734 0.0929687 0.528906 0.0275237
0 0.096875 0.508594 0.19375 0.246875 0.0282238
0 0.618359 0.451172 0.146094 0.169531 0.0353925
0 0.0777344 0.220703 0.153906 0.328906 0.0436574
0 0.0933594 0.348437 0.186719 0.584375 0.197959
0 0.620313 0.53125 0.18125 0.340625 0.318911
