0 0.218359 0.423828 0.0898438 0.111719 0.000103633
0 0.373047 0.0769531 0.0960938 0.114844 0.00010475
0 0.271484 0.578906 0.335156 0.346875 0.000110964
0 0.258203 0.384375 0.0851562 0.107813 0.00011169
0 0.190234 0.546484 0.158594 0.141406 0.00011534
0 0.136328 0.0636719 0.242969 0.127344 0.000119922
0 0.170703 0.473047 0.166406 0.252344 0.000120034
0 0.728516 0.45625 0.333594 0.492188 0.000122977
0 0.133984 0.208203 0.249219 0.389844 0.000123933
0 0.194141 0.246094 0.386719 0.492188 0.000124995
0 0.657422 0.530469 0.169531 0.195312 0.0001418
0 0.100391 0.0371094 0.196094 0.0742188 0.000141874
0 0.225 0.330469 0.140625 0.253125 0.000153713
0 0.589063 0.440234 0.201562 0.363281 0.000156159
0 0.155078 0.538281 0.0679687 0.0734375 0.00015673
0 0.676172 0.597656 0.316406 0.38125 0.000157083
0 0.207422 0.123828 0.314844 0.232031 0.000161916
0 0.216016 0.605078 0.369531 0.536719 0.000171083
0 0.721094 0.636328 0.101562 0.139844 0.000175204
0 0.688281 0.633984 0.182812 0.188281 0.000176338
0 0.7125 0.560547 0.132812 0.233594 0.000185542
0 0.972266 0.811328 0.0554687 0.353906 0.000189893
0 0.237109 0.403516 0.0898438 0.108594 0.000193
0 0.110937 0.119531 0.220313 0.228125 0.000195891
0 0.328125 0.221094 0.203125 0.389062 0.000199488
0 0.306641 0.123828 0.217969 0.214844 0.000206379
0 0.189844 0.453906 0.29375 0.410937 0.000206591
0 0.974219 0.483203 0.0515625 0.419531 0.000208165
0 0.636328 0.340625 0.175781 0.195312 0.000217785
0 0.339844 0.383984 0.1375 0.260156 0.000221583
0 0.690625 0.446484 0.117188 0.272656 0.000230206
0 0.265625 0.541797 0.232812 0.207031 0.000247912
0 0.96875 0.604688 0.0625 0.56875 0.00025086
0 0.951172 0.707422 0.0976562 0.569531 0.000263985
0 0.0597656 0.0628906 0.119531 0.125781 0.000305882
0 0.351172 0.1 0.135156 0.1625 0.000324662
0 0.621484 0.276953 0.214844 0.353906 0.000411365
0 0.244141 0.460156 0.144531 0.18125 0.000457247
0 0.634766 0.257422 0.180469 0.197656 0.000477694
0 0.656641 0.408984 0.152344 0.264844 0.000559119
0 0.283203 0.486719 0.211719 0.190625 0.000649528
0 0.279687 0.349219 0.151562 0.25 0.000718996
0 0.651563 0.589453 0.228125 0.227344 0.000761182
0 0.667969 0.320312 0.179688 0.303125 0.000785909
0 0.623828 0.515625 0.207031 0.292188 0.000856498
0 0.215625 0.321484 0.226562 0.422656 0.000902097
0 0.332812 0.469141 0.154687 0.236719 0.00119904
0 0.330469 0.358984 0.201562 0.421094 0.0013692
0 0.676562 0.507422 0.195312 0.369531 0.00140364
0 0.195703 0.390234 0.150781 0.271094 0.00206183
0 0.299219 0.407031 0.151562 0.220313 0.00264707
0 0.239844 0.478906 0.264062 0.276563 0.00465929
0 0.24375 0.409375 0.18125 0.201562 0.0201952
0 0.275 0.315625 0.28125 0.535937 0.0492024
0 0.269531 0.396875 0.239063 0.309375 0.250328
0 0.644531 0.413672 0.220313 0.446094 0.404858
