0 0.344141 0.738672 0.314844 0.150781 0.000100446
0 0.911719 0.641406 0.171875 0.328125 0.000101755
0 0.830469 0.330078 0.0796875 0.0960938 0.000106665
0 0.843359 0.6125 0.0882813 0.1125 0.000108946
0 0.261719 0.69375 0.146875 0.114063 0.000109917
0 0.401172 0.7125 0.135156 0.110937 0.000110569
0 0.25625 0.532812 0.14375 0.229687 0.000112644
0 0.262109 0.265625 0.0867188 0.121875 0.000123696
0 0.385938 0.405469 0.0859375 0.107813 0.000123916
0 0.232812 0.401172 0.090625 0.110156 0.00012631
0 0.196484 0.695703 0.135156 0.107031 0.000128334
0 0.796875 0.723047 0.348437 0.286719 0.000131872
0 0.29375 0.191797 0.0703125 0.0742188 0.000135972
0 0.808203 0.360547 0.122656 0.146094 0.000137215
0 0.173047 0.699219 0.0851562 0.08125 0.000142758
0 0.805859 0.570703 0.0882813 0.105469 0.000150377
0 0.926172 0.761719 0.0710938 0.090625 0.000154016
0 0.808203 0.272266 0.130469 0.189844 0.000156349
0 0.737109 0.672266 0.0914062 0.107031 0.000162619
0 0.279687 0.237891 0.0953125 0.141406 0.000163335
0 0.686719 0.255078 0.1375 0.167969 0.000183894
0 0.762109 0.219922 0.147656 0.149219 0.000186496
0 0.716016 0.3875 0.0773437 0.08125 0.000213417
0 0.186328 0.46875 0.124219 0.260938 0.000228306
0 0.735156 0.179297 0.1625 0.141406 0.000239663
0 0.243359 0.330469 0.0773437 0.1125 0.000241886
0 0.287891 0.65625 0.147656 0.146875 0.000284678
0 0.744141 0.550391 0.207031 0.178906 0.000284928
0 0.8875 0.717969 0.14375 0.115625 0.000289238
0 0.780859 0.671875 0.144531 0.126563 0.000303387
0 0.161719 0.696484 0.110937 0.127344 0.000308308
0 0.70625 0.365625 0.132812 0.240625 0.000323973
0 0.173828 0.658594 0.114844 0.145313 0.00033536
0 0.191797 0.618359 0.285156 0.380469 0.000340807
0 0.329297 0.44375 0.188281 0.215625 0.000349927
0 0.364453 0.507422 0.128906 0.255469 0.000365483
0 0.694141 0.537891 0.141406 0.224219 0.000387942
0 0.40625 0.526172 0.335938 0.652344 0.000391157
0 0.766406 0.360938 0.221875 0.34375 0.000392964
0 0.221484 0.426562 0.110156 0.204688 0.000405571
0 0.201953 0.592578 0.141406 0.235156 0.000411584
0 0.887891 0.557422 0.189844 0.400781 0.000415609
0 0.387109 0.36875 0.124219 0.195312 0.000418588
0 0.300391 0.383203 0.238281 0.186719 0.00042701
0 0.353516 0.722266 0.177344 0.128906 0.000436454
0 0.864453 0.3875 0.0929687 0.190625 0.000442956
0 0.404297 0.475781 0.150781 0.451562 0.000456855
0 0.844531 0.691797 0.129688 0.0992187 0.000470554
0 0.257812 0.305469 0.10625 0.189063 0.000481345
0 0.717578 0.274219 0.183594 0.251563 0.000510035
0 0.285937 0.73125 0.378125 0.278125 0.000577454
0 0.707812 0.398438 0.104687 0.148438 0.000591704
0 0.328125 0.573438 0.146875 0.24375 0.000642558
0 0.324609 0.676562 0.149219 0.128125 0.000663153
0 0.241797 0.613672 0.147656 0.199219 0.000717907
0 0.216406 0.511719 0.126563 0.210938 0.000730663
0 0.694922 0.678125 0.152344 0.173438 0.000750603
0 0.237891 0.364453 0.0835937 0.110156 0.000802453
0 0.724219 0.434375 0.154687 0.235938 0.000819877
0 0.843359 0.576172 0.0914062 0.0914062 0.00084419
0 0.167578 0.6 0.161719 0.309375 0.000863282
0 0.700781 0.20625 0.151562 0.15 0.000943218
0 0.841797 0.678125 0.185156 0.145313 0.00120542
0 0.374609 0.689453 0.182031 0.139844 0.00129661
0 0.196484 0.683203 0.189844 0.157031 0.00131927
0 0.738672 0.482422 0.219531 0.358594 0.00133302
0 0.373047 0.60625 0.185156 0.307813 0.00147382
0 0.805078 0.614844 0.149219 0.204688 0.00164215
0 0.807031 0.702734 0.282813 0.171094 0.00177798
0 0.804688 0.556641 0.182812 0.172656 0.00183221
0 0.260156 0.574609 0.207813 0.186719 0.00185628
0 0.7375 0.655078 0.14375 0.161719 0.00191916
0 0.709766 0.614453 0.182031 0.258594 0.00204701
0 0.345313 0.369531 0.215625 0.332812 0.00213779
0 0.243359 0.709375 0.296094 0.159375 0.00223225
0 0.826953 0.369141 0.127344 0.235156 0.00317525
0 0.319922 0.620313 0.208594 0.2125 0.00340904
0 0.841797 0.459375 0.167969 0.407813 0.00397396
0 0.844141 0.363281 0.0898438 0.146875 0.00480735
0 0.869922 0.638281 0.172656 0.2375 0.00484715
0 0.270312 0.328125 0.175 0.245312 0.00578309
0 0.235156 0.359766 0.1125 0.200781 0.00798682
0 0.202734 0.515625 0.171094 0.425 0.0087973
0 0.789062 0.484766 0.264062 0.511719 0.0115912
0 0.269141 0.402344 0.225781 0.45 0.0124045
0 0.746875 0.668359 0.234375 0.213281 0.0133579
0 0.843359 0.583203 0.169531 0.186719 0.0139002
0 0.382031 0.437109 0.139062 0.261719 0.0155112
0 0.305078 0.682813 0.269531 0.16875 0.019004
0 0.352734 0.481641 0.191406 0.372656 0.0268574
0 0.226562 0.416016 0.140625 0.338281 0.0273007
0 0.262891 0.619922 0.288281 0.271094 0.0447751
0 0.795313 0.621094 0.2625 0.248437 0.155462
0 0.291797 0.524609 0.292969 0.442969 0.160241
