0 0.185937 0.0394531 0.307813 0.0789063 0.000101609
0 0.400391 0.491016 0.110156 0.232031 0.000103068
0 0.764844 0.426562 0.140625 0.203125 0.000104423
0 0.861719 0.523828 0.14375 0.416406 0.000105566
0 0.969141 0.183984 0.0617188 0.367969 0.000108092
0 0.454688 0.0605469 0.39375 0.113281 0.000109287
0 0.305078 0.472656 0.102344 0.201562 0.00011037
0 0.828125 0.599219 0.0828125 0.117188 0.000111233
0 0.835547 0.513281 0.103906 0.204688 0.000112421
0 0.0132813 0.402734 0.0265625 0.269531 0.000112726
0 0.654688 0.0597656 0.4 0.114844 0.000118163
0 0.31875 0.324609 0.0984375 0.147656 0.000119288
0 0.304688 0.557031 0.084375 0.1125 0.000120892
0 0.287109 0.426172 0.0898438 0.211719 0.000122856
0 0.38125 0.0988281 0.35625 0.197656 0.000123175
0 0.794141 0.200391 0.311719 0.349219 0.000123366
0 0.220703 0.370703 0.385156 0.724219 0.000124686
0 0.229687 0.102734 0.265625 0.194531 0.000125183
0 0.0726563 0.105078 0.14375 0.205469 0.000135743
0 0.0296875 0.519922 0.0578125 0.339844 0.000138602
0 0.342187 0.556641 0.0859375 0.113281 0.000139992
0 0.116016 0.03125 0.221094 0.0625 0.000144361
0 0.289062 0.385938 0.0734375 0.110937 0.000146205
0 0.0257812 0.235156 0.046875 0.385938 0.00015123
0 0.345703 0.226562 0.119531 0.1875 0.000152408
0 0.926172 0.0773437 0.147656 0.154687 0.000154214
0 0.764844 0.341406 0.1375 0.179688 0.000155614
0 0.0609375 0.710156 0.121875 0.525 0.000156327
0 0.0621094 0.225 0.124219 0.403125 0.000156523
0 0.279687 0.472266 0.123438 0.394531 0.0001599
0 0.263672 0.605469 0.0835937 0.182812 0.000162018
0 0.284766 0.660156 0.0867188 0.114063 0.000170652
0 0.792969 0.655469 0.08125 0.110937 0.000171116
0 0.716406 0.252734 0.184375 0.210156 0.000172244
0 0.731641 0.0402344 0.341406 0.0804688 0.000174312
0 0.787109 0.385156 0.114844 0.201562 0.000174999
0 0.317578 0.274219 0.114844 0.19375 0.000177316
0 0.360938 0.576953 0.090625 0.116406 0.000188028
0 0.340234 0.314063 0.144531 0.223438 0.000190685
0 0.345313 0.184375 0.253125 0.271875 0.000192262
0 0.747656 0.669141 0.171875 0.205469 0.000197974
0 0.805859 0.360547 0.0773437 0.111719 0.000206111
0 0.849609 0.0386719 0.299219 0.0773437 0.000214042
0 0.0148437 0.736719 0.0296875 0.2625 0.000214956
0 0.810938 0.620703 0.084375 0.111719 0.000218236
0 0.820703 0.696094 0.124219 0.18125 0.000224779
0 0.791406 0.661328 0.292188 0.266406 0.000229108
0 0.763672 0.555859 0.139844 0.261719 0.000237964
0 0.321484 0.626562 0.0914062 0.107813 0.00024888
0 0.775781 0.290234 0.126563 0.163281 0.000252082
0 0.289453 0.616016 0.0789063 0.119531 0.000254893
0 0.0894531 0.535937 0.178906 0.882812 0.000261676
0 0.713672 0.392188 0.236719 0.440625 0.000262967
0 0.707422 0.563672 0.149219 0.261719 0.000303706
0 0.364453 0.641016 0.297656 0.307031 0.000321639
0 0.0375 0.727344 0.075 0.435937 0.00033264
0 0.310156 0.0394531 0.314063 0.0789063 0.000335435
0 0.741406 0.0953125 0.403125 0.190625 0.000362377
0 0.857813 0.102344 0.284375 0.2 0.000362458
0 0.807031 0.534766 0.114063 0.205469 0.000367759
0 0.0402344 0.352734 0.0804688 0.597656 0.000389053
0 0.325781 0.578125 0.0921875 0.114063 0.000406897
0 0.860547 0.607813 0.108594 0.21875 0.000442837
0 0.312891 0.178906 0.421094 0.357812 0.000452983
0 0.306641 0.360547 0.0992187 0.146094 0.000474194
0 0.294531 0.287891 0.321875 0.488281 0.000489112
0 0.321875 0.517578 0.115625 0.205469 0.000510127
0 0.414453 0.484375 0.189844 0.398438 0.000523659
0 0.851172 0.672266 0.117969 0.189844 0.000561181
0 0.804688 0.0617188 0.370313 0.121875 0.000593943
0 0.0480469 0.538672 0.0960938 0.721094 0.000597924
0 0.786328 0.488672 0.128906 0.239844 0.000623542
0 0.0230469 0.769141 0.0445312 0.352344 0.000630178
0 0.313672 0.402734 0.127344 0.300781 0.0006305
0 0.14375 0.0742188 0.275 0.145313 0.000655499
0 0.0230469 0.394531 0.0429688 0.428125 0.000790711
0 0.123047 0.185547 0.246094 0.371094 0.000814431
0 0.739453 0.308203 0.207031 0.208594 0.000836109
0 0.849219 0.638672 0.08125 0.103906 0.00084172
0 0.360547 0.516016 0.135156 0.242969 0.000951383
0 0.398047 0.554688 0.133594 0.207813 0.000988221
0 0.289844 0.0683594 0.384375 0.133594 0.00100636
0 0.81875 0.467578 0.101562 0.238281 0.00104585
0 0.0269531 0.651953 0.0507812 0.432031 0.00113964
0 0.221875 0.135156 0.420312 0.2625 0.00114317
0 0.801953 0.326172 0.0976562 0.157031 0.00122023
0 0.356641 0.633203 0.222656 0.189844 0.00182303
0 0.290625 0.627734 0.1125 0.169531 0.00192104
0 0.406641 0.595703 0.203906 0.183594 0.00214543
0 0.777344 0.527344 0.278125 0.426562 0.00254888
0 0.75 0.601953 0.209375 0.269531 0.00261912
0 0.339844 0.605469 0.090625 0.10625 0.00279782
0 0.358203 0.408203 0.221094 0.519531 0.00289092
0 0.810547 0.390234 0.116406 0.283594 0.0038748
0 0.824609 0.590625 0.113281 0.229687 0.00467611
0 0.301172 0.571484 0.125781 0.225781 0.00613079
0 0.795313 0.641797 0.151562 0.180469 0.00791025
0 0.324219 0.501562 0.157813 0.328125 0.00972681
0 0.783984 0.442578 0.171094 0.416406 0.0137971
0 0.325781 0.608984 0.134375 0.150781 0.0177779
0 0.826953 0.648828 0.103906 0.133594 0.0467794
0 0.809766 0.530078 0.147656 0.364844 0.0525234
0 0.353906 0.576172 0.19375 0.208594 0.16583
