0 0.322266 0.3625 0.0992187 0.145313 0.000100021
0 0.837109 0.554688 0.105469 0.229687 0.000102693
0 0.636719 0.558984 0.165625 0.413281 0.000104712
0 0.669922 0.344141 0.128906 0.135156 0.000107669
0 0.712109 0.835547 0.242969 0.328906 0.00011606
0 0.764453 0.714453 0.200781 0.197656 0.000118925
0 0.864844 0.887891 0.084375 0.110156 0.000119217
0 0.219141 0.738672 0.117969 0.219531 0.000131443
0 0.345313 0.799609 0.190625 0.227344 0.000132747
0 0.302734 0.739844 0.217969 0.201562 0.00013726
0 0.301562 0.675 0.203125 0.20625 0.000138812
0 0.696094 0.34375 0.234375 0.228125 0.000142661
0 0.752344 0.915234 0.298438 0.169531 0.000144218
0 0.805469 0.483984 0.160938 0.258594 0.000148655
0 0.916406 0.895703 0.167187 0.208594 0.000152176
0 0.629687 0.357422 0.121875 0.125781 0.000163358
0 0.901172 0.944531 0.180469 0.110937 0.000163895
0 0.674219 0.573047 0.132812 0.258594 0.000178513
0 0.722656 0.634766 0.203125 0.216406 0.00018791
0 0.874609 0.651953 0.250781 0.578906 0.000193642
0 0.832422 0.533984 0.233594 0.483594 0.000196927
0 0.673437 0.485938 0.117188 0.223438 0.000197432
0 0.364062 0.613672 0.16875 0.197656 0.000217225
0 0.347266 0.697656 0.132031 0.229687 0.000232444
0 0.755859 0.411328 0.247656 0.277344 0.000234527
0 0.803516 0.598047 0.149219 0.269531 0.000250947
0 0.232422 0.807813 0.167969 0.178125 0.000274305
0 0.382812 0.39375 0.176563 0.3125 0.000278674
0 0.235938 0.677344 0.139062 0.275 0.000279786
0 0.322656 0.511719 0.2 0.195312 0.000281549
0 0.863281 0.86875 0.125 0.195312 0.000319689
0 0.285937 0.827734 0.254687 0.202344 0.000330049
0 0.193359 0.705078 0.189844 0.392969 0.000343678
0 0.836328 0.637891 0.133594 0.258594 0.000411339
0 0.886719 0.819141 0.223438 0.346094 0.000477478
0 0.285156 0.611719 0.195312 0.209375 0.000503749
0 0.818359 0.695703 0.161719 0.202344 0.000584455
0 0.708984 0.724219 0.263281 0.398438 0.000603063
0 0.253125 0.531641 0.190625 0.350781 0.00064743
0 0.655078 0.390234 0.155469 0.185156 0.000880208
0 0.281641 0.546875 0.174219 0.16875 0.00106883
0 0.372656 0.60625 0.215625 0.38125 0.00134912
0 0.341406 0.485938 0.228125 0.346875 0.001458
0 0.246484 0.755859 0.213281 0.272656 0.00171743
0 0.859766 0.912109 0.185156 0.174219 0.00239167
0 0.34375 0.714453 0.2375 0.372656 0.00290452
0 0.782422 0.657031 0.208594 0.214062 0.00310329
0 0.663281 0.470313 0.176563 0.326562 0.00325845
0 0.687109 0.613281 0.214844 0.410937 0.0042217
0 0.338672 0.488281 0.282031 0.592188 0.00496757
0 0.25 0.649219 0.20625 0.370313 0.0067177
0 0.80625 0.874609 0.273438 0.249219 0.00685127
0 0.804297 0.759375 0.282031 0.425 0.00891122
0 0.719141 0.505469 0.288281 0.485938 0.0110104
0 0.796875 0.648047 0.229687 0.400781 0.0252674
0 0.765625 0.636719 0.307813 0.601562 0.25083
0 0.304688 0.620703 0.28125 0.478906 0.274234
