0 0.653906 0.648828 0.1375 0.150781 0.000101664
0 0.234766 0.0503906 0.142969 0.0992187 0.000105854
0 0.610156 0.0394531 0.235938 0.0789063 0.000106313
0 0.655859 0.505078 0.0914062 0.107031 0.000107488
0 0.657031 0.388281 0.115625 0.142188 0.000107643
0 0.971094 0.155859 0.0578125 0.311719 0.000107845
0 0.675781 0.593359 0.0859375 0.0960938 0.000111509
0 0.196094 0.142188 0.321875 0.284375 0.000112942
0 0.235938 0.408594 0.189063 0.15 0.000113644
0 0.676562 0.364844 0.075 0.096875 0.00011693
0 0.633594 0.946484 0.117188 0.100781 0.000118916
0 0.130469 0.478906 0.153125 0.284375 0.00013178
0 0.546875 0.516406 0.175 0.2875 0.000132311
0 0.692187 0.428906 0.114063 0.176563 0.000133699
0 0.461328 0.0558594 0.336719 0.111719 0.000134001
0 0.704297 0.638672 0.146094 0.202344 0.000137972
0 0.178516 0.0175781 0.152344 0.0351562 0.000141056
0 0.580469 0.467969 0.151562 0.1875 0.000148515
0 0.323438 0.544531 0.328125 0.404687 0.000149652
0 0.616016 0.467187 0.0867188 0.103125 0.000152618
0 0.240234 0.625 0.0914062 0.1 0.000152872
0 0.689844 0.490234 0.132812 0.208594 0.000175813
0 0.546875 0.603906 0.139062 0.19375 0.000175999
0 0.192969 0.412109 0.0875 0.0867188 0.000184392
0 0.774609 0.294922 0.372656 0.589844 0.000184496
0 0.735937 0.899219 0.154687 0.201562 0.000195109
0 0.648047 0.365625 0.185156 0.226562 0.000196078
0 0.0953125 0.05 0.18125 0.1 0.000196447
0 0.770312 0.0371094 0.221875 0.0742188 0.00020003
0 0.234375 0.494922 0.151562 0.249219 0.000205592
0 0.273438 0.310156 0.228125 0.365625 0.000208267
0 0.271875 0.201172 0.317187 0.402344 0.000219034
0 0.160938 0.663672 0.173438 0.263281 0.000221124
0 0.634766 0.486719 0.0882813 0.104687 0.00022396
0 0.223047 0.595703 0.0914062 0.113281 0.000224772
0 0.127734 0.520312 0.191406 0.459375 0.000227727
0 0.3 0.0355469 0.314063 0.0710938 0.000235897
0 0.194922 0.459375 0.0914062 0.103125 0.000239346
0 0.0554687 0.516016 0.110937 0.672656 0.000240134
0 0.975781 0.896484 0.046875 0.207031 0.000243138
0 0.237109 0.0195312 0.167969 0.0375 0.000258348
0 0.923047 0.126563 0.153906 0.253125 0.00027119
0 0.605859 0.894922 0.160156 0.205469 0.000271217
0 0.147656 0.444922 0.109375 0.146094 0.000280799
0 0.683594 0.876953 0.114063 0.202344 0.000286254
0 0.15 0.0839844 0.271875 0.167969 0.00030135
0 0.716406 0.537109 0.160938 0.352344 0.000328135
0 0.685156 0.0394531 0.184375 0.0773437 0.000336288
0 0.864844 0.201562 0.2625 0.403125 0.000353499
0 0.289844 0.491016 0.189063 0.333594 0.000366569
0 0.258984 0.646875 0.213281 0.1875 0.000380671
0 0.641797 0.658203 0.221094 0.189844 0.000391584
0 0.628906 0.286328 0.329688 0.500781 0.000418911
0 0.340625 0.0609375 0.38125 0.11875 0.000430722
0 0.678516 0.417578 0.358594 0.567969 0.000476978
0 0.573828 0.645312 0.136719 0.151562 0.000497478
0 0.600781 0.532031 0.148438 0.2625 0.000523093
0 0.578125 0.123047 0.33125 0.242969 0.000540961
0 0.178125 0.416797 0.123438 0.125781 0.000542661
0 0.186719 0.533594 0.151562 0.225 0.00059171
0 0.676562 0.59375 0.134375 0.159375 0.000617382
0 0.701563 0.190234 0.334375 0.374219 0.000650333
0 0.195312 0.0355469 0.192188 0.0710938 0.00067357
0 0.725 0.0699219 0.215625 0.139844 0.000674062
0 0.275 0.096875 0.335938 0.19375 0.000678603
0 0.847656 0.0730469 0.271875 0.146094 0.000728677
0 0.655078 0.902344 0.0976562 0.19375 0.000797207
0 0.175 0.442578 0.0953125 0.105469 0.000880083
0 0.225 0.644922 0.3 0.317969 0.000880806
0 0.587109 0.446484 0.242969 0.386719 0.00112113
0 0.640625 0.078125 0.251563 0.15625 0.00123941
0 0.223828 0.416406 0.225781 0.2625 0.00131635
0 0.791797 0.118359 0.319531 0.235156 0.00135393
0 0.260547 0.594141 0.0945313 0.107031 0.00145306
0 0.211328 0.0546875 0.264844 0.109375 0.00166077
0 0.675781 0.429297 0.164062 0.263281 0.00170353
0 0.290625 0.592969 0.132812 0.139062 0.00172149
0 0.233984 0.432813 0.305469 0.445312 0.00174204
0 0.695703 0.110937 0.288281 0.221875 0.00191142
0 0.636719 0.469922 0.159375 0.189844 0.00256398
0 0.188672 0.604688 0.194531 0.228125 0.00329408
0 0.667188 0.596094 0.192188 0.251563 0.00467368
0 0.658984 0.532031 0.150781 0.254687 0.00607565
0 0.605078 0.611328 0.203906 0.197656 0.00641719
0 0.185937 0.454297 0.159375 0.177344 0.0150634
0 0.247266 0.594141 0.192969 0.171094 0.133474
0 0.231641 0.536719 0.236719 0.290625 0.195365
0 0.639844 0.523828 0.225 0.363281 0.282761
