0 0.679688 0.225 0.129688 0.171875 0.000103053
0 0.683984 0.301172 0.0882813 0.117969 0.000105513
0 0.591797 0.360938 0.133594 0.235938 0.000107627
0 0.246094 0.482812 0.090625 0.10625 0.000111189
0 0.273047 0.239453 0.0929687 0.117969 0.000114344
0 0.680859 0.341797 0.0929687 0.116406 0.000117528
0 0.716406 0.5875 0.115625 0.164062 0.000128055
0 0.0496094 0.938281 0.0914062 0.123438 0.000133607
0 0.207813 0.207422 0.145313 0.169531 0.000139695
0 0.677734 0.573828 0.310156 0.366406 0.000149017
0 0.341406 0.36875 0.123438 0.19375 0.000149159
0 0.241016 0.578125 0.289844 0.382812 0.000154653
0 0.321484 0.433203 0.0882813 0.108594 0.000187394
0 0.375781 0.630469 0.5125 0.735937 0.000189185
0 0.220313 0.272656 0.09375 0.109375 0.000193201
0 0.646484 0.265625 0.255469 0.39375 0.000193534
0 0.711719 0.380859 0.128125 0.216406 0.000194102
0 0.266406 0.175391 0.215625 0.238281 0.000198656
0 0.238281 0.314063 0.164062 0.173438 0.000210875
0 0.695312 0.443359 0.135937 0.286719 0.000212532
0 0.321484 0.519141 0.338281 0.400781 0.000235393
0 0.726172 0.285156 0.122656 0.221875 0.000252356
0 0.158594 0.498047 0.0921875 0.135156 0.000265677
0 0.701953 0.320312 0.0898438 0.11875 0.000282154
0 0.194141 0.360938 0.264844 0.454688 0.000306457
0 0.257422 0.272266 0.0898438 0.108594 0.000320612
0 0.221094 0.223438 0.0921875 0.109375 0.000323173
0 0.611719 0.580078 0.201562 0.217969 0.000324153
0 0.7375 0.309375 0.292188 0.36875 0.000449685
0 0.225391 0.407031 0.196094 0.207813 0.00046122
0 0.263672 0.465625 0.0898438 0.101562 0.00051043
0 0.266797 0.497656 0.142969 0.142188 0.000524085
0 0.713672 0.523438 0.135156 0.278125 0.000537093
0 0.696875 0.266797 0.115625 0.174219 0.00057695
0 0.632422 0.446484 0.147656 0.292969 0.000630746
0 0.25625 0.210156 0.140625 0.179688 0.000667205
0 0.323828 0.359375 0.189844 0.317187 0.000674261
0 0.275 0.535547 0.220313 0.227344 0.000701631
0 0.613672 0.305078 0.169531 0.177344 0.000737182
0 0.189844 0.257422 0.117188 0.188281 0.000776879
0 0.224219 0.465625 0.15 0.1375 0.0008568
0 0.178906 0.467578 0.126563 0.160156 0.000859899
0 0.299219 0.449219 0.09375 0.101562 0.000971482
0 0.170703 0.387109 0.136719 0.385156 0.00110248
0 0.270703 0.273438 0.133594 0.15 0.00114191
0 0.290234 0.241016 0.210156 0.167969 0.00130324
0 0.586328 0.480859 0.163281 0.294531 0.00131236
0 0.615234 0.528906 0.142969 0.18125 0.00155586
0 0.241797 0.242969 0.0960938 0.11875 0.00162061
0 0.673437 0.553125 0.178125 0.19375 0.00162588
0 0.655859 0.273438 0.185156 0.228125 0.00211568
0 0.709766 0.464063 0.214844 0.504687 0.00220334
0 0.281641 0.388281 0.189844 0.226562 0.0023373
0 0.662109 0.362891 0.146094 0.232031 0.00263009
0 0.31875 0.504687 0.173438 0.196875 0.00287095
0 0.225391 0.482031 0.236719 0.175 0.00386125
0 0.267188 0.450391 0.140625 0.122656 0.00468097
0 0.261328 0.236328 0.283594 0.327344 0.00486387
0 0.325781 0.441406 0.145313 0.184375 0.0054461
0 0.209375 0.314453 0.176563 0.338281 0.00752779
0 0.718359 0.370703 0.164844 0.350781 0.00765877
0 0.636719 0.507812 0.209375 0.276563 0.0136493
0 0.265625 0.449609 0.290625 0.307031 0.0169324
0 0.691016 0.316016 0.146094 0.236719 0.0825784
0 0.282031 0.462109 0.201562 0.177344 0.119387
0 0.264453 0.353906 0.239844 0.376563 0.165275
0 0.232422 0.249609 0.166406 0.166406 0.253735
0 0.653125 0.404297 0.217187 0.414844 0.254031
