0 0.742578 0.274219 0.0710938 0.123438 0.000100654
0 0.678516 0.201562 0.0601562 0.0734375 0.000102182
0 0.700391 0.3125 0.166406 0.317187 0.000102233
0 0.0800781 0.0324219 0.160156 0.0632813 0.000102877
0 0.269531 0.306641 0.220313 0.328906 0.000104475
0 0.739453 0.678906 0.0882813 0.0953125 0.000108199
0 0.681641 0.255469 0.0726563 0.09375 0.000109223
0 0.697656 0.213281 0.295312 0.371875 0.000111957
0 0.614062 0.151953 0.235938 0.205469 0.000119364
0 0.711719 0.200781 0.0625 0.1 0.000122137
0 0.717578 0.594531 0.0726563 0.0859375 0.000127618
0 0.703906 0.276172 0.0609375 0.0882813 0.000128675
0 0.657422 0.205078 0.0648438 0.0726563 0.000131643
0 0.298828 0.653125 0.146094 0.153125 0.000134992
0 0.666797 0.230078 0.0835937 0.0992187 0.000139446
0 0.697266 0.200781 0.0523437 0.0796875 0.000150741
0 0.297656 0.728906 0.270312 0.314063 0.000160642
0 0.238672 0.635938 0.138281 0.2375 0.000161233
0 0.728906 0.260156 0.0578125 0.0828125 0.000174134
0 0.692969 0.207422 0.09375 0.125781 0.000176911
0 0.705859 0.227734 0.197656 0.244531 0.000177458
0 0.622656 0.646094 0.1375 0.182812 0.000181979
0 0.258594 0.386719 0.123438 0.2875 0.00018243
0 0.755469 0.469141 0.071875 0.100781 0.000182616
0 0.760156 0.595312 0.104687 0.189063 0.000183308
0 0.450781 0.269141 0.310937 0.527344 0.000199375
0 0.446875 0.0742188 0.404687 0.148438 0.000206665
0 0.703516 0.674219 0.128906 0.16875 0.000227539
0 0.209766 0.608594 0.169531 0.4625 0.000234324
0 0.676953 0.473437 0.210156 0.44375 0.000241996
0 0.714453 0.304297 0.116406 0.210156 0.000255098
0 0.623438 0.282031 0.353125 0.48125 0.000256167
0 0.682031 0.235156 0.0578125 0.0703125 0.000267581
0 0.291797 0.136328 0.488281 0.272656 0.000292157
0 0.320703 0.628516 0.200781 0.232031 0.000319625
0 0.239844 0.472656 0.1375 0.489062 0.00032958
0 0.740234 0.695312 0.125781 0.15 0.000348817
0 0.717188 0.269141 0.0734375 0.122656 0.000356934
0 0.719531 0.472656 0.0984375 0.109375 0.000359141
0 0.513281 0.390625 0.309375 0.740625 0.000375493
0 0.708203 0.484766 0.132031 0.238281 0.000399017
0 0.697656 0.237891 0.075 0.102344 0.000461503
0 0.720703 0.617578 0.113281 0.205469 0.000485765
0 0.614062 0.128516 0.40625 0.255469 0.000486309
0 0.783203 0.606641 0.130469 0.391406 0.000496195
0 0.535156 0.204297 0.379687 0.385156 0.000516472
0 0.741797 0.46875 0.105469 0.1625 0.000549115
0 0.454297 0.147656 0.377344 0.282813 0.000596102
0 0.730078 0.417578 0.136719 0.339844 0.000597002
0 0.712891 0.625 0.280469 0.371875 0.000713911
0 0.757031 0.654297 0.13125 0.194531 0.000729922
0 0.269531 0.611719 0.207813 0.379687 0.000740551
0 0.734375 0.710938 0.176563 0.221875 0.000834741
0 0.715625 0.245703 0.0546875 0.0804688 0.000899656
0 0.238672 0.694141 0.188281 0.325781 0.00117896
0 0.757812 0.511328 0.09375 0.188281 0.00122392
0 0.68125 0.633984 0.20625 0.242969 0.00162636
0 0.738672 0.527734 0.132031 0.277344 0.00277869
0 0.734766 0.622656 0.164844 0.315625 0.00862281
