0 0.260938 0.526563 0.139062 0.154687 0.000101428
0 0.466797 0.0332031 0.214844 0.0554687 0.000105632
0 0.396484 0.4625 0.146094 0.198437 0.000110124
0 0.936328 0.185156 0.127344 0.310937 0.000111346
0 0.403125 0.0386719 0.204688 0.0570313 0.000115867
0 0.341406 0.55 0.151562 0.135937 0.000116172
0 0.678906 0.804688 0.26875 0.307813 0.000116402
0 0.758594 0.454688 0.075 0.096875 0.000117577
0 0.03125 0.204297 0.0625 0.408594 0.000117642
0 0.0800781 0.0183594 0.160156 0.0367187 0.000119334
0 0.826172 0.881641 0.0914062 0.119531 0.000122929
0 0.678125 0.529688 0.084375 0.145313 0.000123952
0 0.262891 0.141016 0.261719 0.255469 0.000125157
0 0.0585938 0.235547 0.117188 0.455469 0.000125678
0 0.692578 0.451172 0.0820312 0.111719 0.000126228
0 0.329688 0.764453 0.296875 0.277344 0.000126546
0 0.179297 0.640625 0.0867188 0.196875 0.000128036
0 0.345313 0.720703 0.0875 0.107031 0.000128238
0 0.181641 0.578125 0.0804688 0.151562 0.000129715
0 0.741406 0.875 0.19375 0.1625 0.000129775
0 0.267188 0.0394531 0.217187 0.0726563 0.0001359
0 0.964453 0.143359 0.0710938 0.275781 0.000136219
0 0.349609 0.815625 0.164844 0.132812 0.000145711
0 0.190234 0.178906 0.324219 0.3375 0.000148123
0 0.817578 0.739453 0.0882813 0.210156 0.000154385
0 0.946094 0.0738281 0.107813 0.147656 0.000157614
0 0.853906 0.189063 0.2875 0.370313 0.000157638
0 0.0457031 0.438281 0.0914062 0.4875 0.000177086
0 0.385156 0.564453 0.139062 0.183594 0.000177317
0 0.304297 0.682031 0.174219 0.196875 0.000178359
0 0.801562 0.678125 0.103125 0.189063 0.000182042
0 0.164844 0.561719 0.184375 0.514063 0.000185947
0 0.719922 0.839063 0.0882813 0.107813 0.000190959
0 0.430469 0.0527344 0.2375 0.0960938 0.000191784
0 0.182812 0.799219 0.103125 0.090625 0.000193055
0 0.35625 0.396094 0.140625 0.154687 0.00019443
0 0.109766 0.197266 0.219531 0.394531 0.000199024
0 0.273438 0.822266 0.320312 0.257031 0.000201068
0 0.739844 0.0582031 0.346875 0.113281 0.000202729
0 0.176563 0.0175781 0.204688 0.0335938 0.000204293
0 0.240234 0.702734 0.197656 0.194531 0.000209527
0 0.239453 0.740234 0.139844 0.138281 0.000210839
0 0.176953 0.759375 0.0851562 0.1125 0.000213866
0 0.163672 0.703516 0.0867188 0.199219 0.000215847
0 0.760938 0.783594 0.135937 0.226562 0.00021706
0 0.366406 0.0792969 0.23125 0.142969 0.000248424
0 0.771484 0.474609 0.0648438 0.0945313 0.000248918
0 0.0296875 0.563281 0.0578125 0.454688 0.00025503
0 0.304297 0.532422 0.0789063 0.0882813 0.000256491
0 0.0765625 0.113281 0.153125 0.217187 0.000275879
0 0.185547 0.034375 0.274219 0.0671875 0.000295514
0 0.716406 0.677734 0.1375 0.149219 0.000297998
0 0.781641 0.515625 0.0742188 0.114063 0.000304222
0 0.375391 0.766406 0.136719 0.167187 0.000307645
0 0.273828 0.555469 0.182031 0.270312 0.000323562
0 0.260547 0.780469 0.146094 0.115625 0.000324842
0 0.207422 0.525 0.110156 0.182812 0.000326313
0 0.662891 0.780859 0.130469 0.227344 0.000350936
0 0.323828 0.776172 0.208594 0.163281 0.000352173
0 0.34375 0.442969 0.185937 0.226562 0.000376834
0 0.0503906 0.625391 0.0976562 0.707031 0.000389149
0 0.673437 0.471094 0.0765625 0.096875 0.000390964
0 0.666406 0.694141 0.126563 0.221094 0.000391753
0 0.305859 0.739062 0.141406 0.1375 0.000392428
0 0.803125 0.861719 0.0765625 0.0921875 0.000397451
0 0.375 0.691016 0.1375 0.214844 0.000401515
0 0.798437 0.649609 0.126563 0.444531 0.000409426
0 0.695312 0.488281 0.1 0.148438 0.000466326
0 0.110547 0.0296875 0.221094 0.059375 0.00047846
0 0.302344 0.463281 0.30625 0.323438 0.000518847
0 0.765625 0.6 0.151562 0.320312 0.000535542
0 0.923047 0.107422 0.153906 0.210156 0.000554461
0 0.824219 0.0996094 0.320312 0.186719 0.000562386
0 0.197656 0.0898438 0.290625 0.176563 0.000605599
0 0.170312 0.653516 0.107813 0.339844 0.000615545
0 0.199609 0.798437 0.164844 0.13125 0.000616654
0 0.251953 0.727734 0.289844 0.322656 0.00068508
0 0.242188 0.486719 0.14375 0.1875 0.000755929
0 0.275781 0.0597656 0.284375 0.116406 0.000775542
0 0.86875 0.0667969 0.2625 0.127344 0.000898451
0 0.312891 0.520703 0.122656 0.141406 0.000926556
0 0.132422 0.0570313 0.264844 0.1125 0.00100571
0 0.682422 0.619141 0.139844 0.282031 0.00101749
0 0.802344 0.861719 0.1125 0.128125 0.00105496
0 0.35 0.533594 0.182812 0.24375 0.00128966
0 0.691406 0.738672 0.1625 0.247656 0.00130857
0 0.676172 0.528125 0.124219 0.260938 0.00134108
0 0.275781 0.807422 0.226562 0.130469 0.00140871
0 0.757812 0.521484 0.13125 0.216406 0.00149996
0 0.762109 0.484375 0.0960938 0.140625 0.00150728
0 0.808984 0.804688 0.121094 0.242188 0.00154585
0 0.686328 0.85 0.160156 0.167187 0.00174836
0 0.348047 0.635156 0.188281 0.328125 0.00201015
0 0.292578 0.472656 0.207031 0.23125 0.00211256
0 0.673047 0.449219 0.116406 0.195312 0.00225559
0 0.716016 0.462109 0.166406 0.174219 0.00229174
0 0.290625 0.617188 0.2375 0.414062 0.00318897
0 0.208203 0.628516 0.157031 0.382031 0.00322001
0 0.343359 0.724219 0.163281 0.185937 0.00328809
0 0.766406 0.723047 0.182812 0.369531 0.00338017
0 0.185937 0.735156 0.128125 0.189063 0.00349085
0 0.722266 0.619531 0.203906 0.43125 0.00349864
0 0.283984 0.741406 0.235156 0.1875 0.00579377
0 0.76875 0.836719 0.189063 0.173438 0.00635648
0 0.238281 0.775 0.225 0.164062 0.00656043
0 0.719531 0.813281 0.195312 0.20625 0.0115887
