0 0.362891 0.301562 0.0601562 0.0859375 0.0001
0 0.9375 0.154297 0.125 0.308594 0.000103887
0 0.771484 0.288281 0.146094 0.159375 0.000108348
0 0.702344 0.5125 0.120312 0.185937 0.000112723
0 0.021875 0.651172 0.04375 0.402344 0.000115736
0 0.688672 0.628906 0.294531 0.35625 0.000117262
0 0.360156 0.360156 0.065625 0.0796875 0.000125036
0 0.348828 0.344531 0.0617188 0.0875 0.000125969
0 0.758594 0.403516 0.117188 0.146094 0.000126455
0 0.792578 0.330469 0.347656 0.525 0.000128489
0 0.41875 0.528125 0.165625 0.29375 0.000132993
0 0.373828 0.315625 0.319531 0.4125 0.000132994
0 0.213672 0.56875 0.214844 0.503125 0.000136351
0 0.263281 0.530469 0.121875 0.229687 0.000137067
0 0.324219 0.342578 0.0828125 0.119531 0.00013758
0 0.760156 0.667969 0.15 0.176563 0.000142409
0 0.714844 0.299219 0.08125 0.13125 0.000144792
0 0.864453 0.534375 0.133594 0.235938 0.000147645
0 0.739453 0.706641 0.261719 0.214844 0.000149022
0 0.826172 0.669531 0.149219 0.14375 0.000152286
0 0.388672 0.236719 0.230469 0.325 0.000152452
0 0.319531 0.404297 0.126563 0.238281 0.000154701
0 0.8625 0.641797 0.0875 0.0992187 0.00015705
0 0.346094 0.322656 0.0828125 0.103125 0.000160121
0 0.676562 0.313672 0.135937 0.185156 0.000166579
0 0.256641 0.656641 0.0898438 0.100781 0.000175129
0 0.671875 0.521484 0.126563 0.246094 0.000180044
0 0.025 0.766797 0.05 0.257031 0.000184921
0 0.324609 0.360547 0.199219 0.280469 0.000189191
0 0.798828 0.324609 0.0648438 0.0867188 0.000190593
0 0.778125 0.380078 0.084375 0.113281 0.000191646
0 0.287109 0.442969 0.160156 0.329688 0.00019199
0 0.218359 0.685547 0.124219 0.238281 0.000196936
0 0.891406 0.680078 0.145313 0.186719 0.000197174
0 0.363672 0.534766 0.152344 0.158594 0.000210898
0 0.304297 0.549609 0.160156 0.200781 0.000231873
0 0.280078 0.751562 0.200781 0.18125 0.00023199
0 0.346875 0.361719 0.0859375 0.128125 0.000241699
0 0.701953 0.575781 0.132031 0.229687 0.000242135
0 0.362891 0.300391 0.103906 0.130469 0.00024599
0 0.841016 0.449219 0.180469 0.398438 0.000251219
0 0.671875 0.385156 0.15625 0.259375 0.000274187
0 0.308984 0.619922 0.214844 0.219531 0.000323174
0 0.883203 0.594531 0.130469 0.232812 0.000360964
0 0.703906 0.440625 0.1875 0.4125 0.00038265
0 0.359375 0.355469 0.154687 0.18125 0.00041342
0 0.742188 0.595312 0.148438 0.220313 0.000466965
0 0.821875 0.594922 0.148438 0.199219 0.000480472
0 0.394531 0.314844 0.165625 0.190625 0.000482325
0 0.715625 0.276172 0.05625 0.0804688 0.000505552
0 0.725 0.325 0.159375 0.196875 0.000513557
0 0.769531 0.400781 0.21875 0.314063 0.000553056
0 0.702734 0.668359 0.175781 0.194531 0.000557613
0 0.351953 0.442187 0.222656 0.36875 0.000600875
0 0.400781 0.38125 0.190625 0.346875 0.000615927
0 0.775 0.338281 0.125 0.160938 0.000634474
0 0.799219 0.634375 0.148438 0.145313 0.000651295
0 0.780078 0.335938 0.0929687 0.104687 0.000657162
0 0.3625 0.58125 0.20625 0.21875 0.00102476
0 0.410937 0.646875 0.189063 0.275 0.00117719
0 0.782812 0.556641 0.204688 0.210156 0.00140635
0 0.707422 0.566016 0.194531 0.313281 0.00145291
0 0.261328 0.676562 0.135156 0.1875 0.00172296
0 0.392188 0.55 0.239063 0.420312 0.00214149
0 0.858984 0.640625 0.177344 0.15625 0.00221759
0 0.780859 0.355469 0.0539063 0.0609375 0.00229438
0 0.285937 0.526172 0.2125 0.496094 0.00281605
0 0.351562 0.721484 0.2875 0.235156 0.00316331
0 0.251563 0.608594 0.159375 0.357812 0.00336731
0 0.744141 0.635938 0.230469 0.195312 0.00370867
0 0.833594 0.53125 0.251563 0.39375 0.00653364
0 0.284766 0.682031 0.217969 0.232812 0.00654544
0 0.361328 0.660547 0.227344 0.208594 0.00682983
0 0.826563 0.668359 0.26875 0.214844 0.00781579
0 0.765625 0.475 0.285937 0.510938 0.0194676
0 0.349219 0.485938 0.289062 0.66875 0.0312877
0 0.789062 0.604688 0.29375 0.284375 0.220308
0 0.341016 0.628516 0.292969 0.332031 0.259967
