0 0.801172 0.71875 0.194531 0.185937 0.00010253
0 0.242578 0.720312 0.0664062 0.0703125 0.000104338
0 0.821875 0.658203 0.179688 0.188281 0.000107627
0 0.239453 0.571875 0.122656 0.140625 0.000108731
0 0.473437 0.436719 0.175 0.490625 0.000114158
0 0.969922 0.808984 0.0601562 0.350781 0.000114791
0 0.220313 0.408594 0.1 0.128125 0.000118562
0 0.392188 0.524219 0.228125 0.364062 0.000120256
0 0.169531 0.613281 0.0890625 0.153125 0.000123209
0 0.251172 0.307813 0.197656 0.346875 0.000124611
0 0.194531 0.654297 0.078125 0.0726563 0.000125669
0 0.176172 0.471484 0.149219 0.374219 0.000125963
0 0.394922 0.644531 0.166406 0.225 0.000135311
0 0.0257812 0.275781 0.0484375 0.282813 0.000145499
0 0.692969 0.311328 0.19375 0.391406 0.000145504
0 0.180078 0.690234 0.0648438 0.0523437 0.000145553
0 0.960938 0.562109 0.078125 0.525781 0.000152416
0 0.191797 0.676953 0.0726563 0.0523437 0.000153428
0 0.743359 0.725391 0.167969 0.214844 0.000153432
0 0.194141 0.691797 0.0914062 0.0867188 0.000168869
0 0.457812 0.208984 0.178125 0.272656 0.00017243
0 0.301562 0.637109 0.09375 0.103906 0.000175704
0 0.928906 0.442187 0.142188 0.45625 0.000177105
0 0.378125 0.217187 0.248437 0.2875 0.000179876
0 0.215234 0.662891 0.191406 0.188281 0.000181218
0 0.753516 0.627344 0.322656 0.523438 0.000189823
0 0.279687 0.571484 0.167187 0.167969 0.000192896
0 0.826563 0.218359 0.159375 0.249219 0.000200077
0 0.217578 0.635156 0.117969 0.1125 0.000200166
0 0.439453 0.289062 0.232031 0.410937 0.000213632
0 0.0375 0.5625 0.0734375 0.660937 0.000214406
0 0.264844 0.675781 0.0890625 0.0828125 0.000221275
0 0.967578 0.691016 0.0632813 0.258594 0.000222279
0 0.229297 0.673828 0.150781 0.107031 0.000229614
0 0.199219 0.566016 0.145313 0.244531 0.00023344
0 0.339844 0.645312 0.192188 0.196875 0.000233479
0 0.941406 0.723437 0.117188 0.21875 0.000234319
0 0.0238281 0.523047 0.0414063 0.447656 0.000250842
0 0.809375 0.157422 0.0875 0.103906 0.000256253
0 0.299609 0.657031 0.0695312 0.075 0.000257836
0 0.159766 0.675781 0.0632813 0.0546875 0.00027038
0 0.877734 0.401563 0.192969 0.370313 0.000271441
0 0.432031 0.620313 0.176563 0.314063 0.000282409
0 0.232422 0.409375 0.136719 0.204688 0.00030567
0 0.283203 0.674609 0.0648438 0.0632813 0.000320862
0 0.891406 0.517969 0.192188 0.34375 0.000346986
0 0.901563 0.685547 0.190625 0.255469 0.0003728
0 0.176172 0.674219 0.0882813 0.0734375 0.000373119
0 0.0320312 0.398828 0.059375 0.539844 0.000420997
0 0.297656 0.673047 0.096875 0.0929687 0.000432263
0 0.357031 0.307813 0.315625 0.485938 0.000444609
0 0.188672 0.651172 0.116406 0.116406 0.000454544
0 0.235938 0.605859 0.171875 0.167969 0.000528429
0 0.741016 0.434766 0.230469 0.527344 0.000532482
0 0.419922 0.449219 0.246094 0.61875 0.000578146
0 0.351562 0.614844 0.264062 0.290625 0.000598536
0 0.278125 0.648828 0.154687 0.144531 0.000623843
0 0.771484 0.282031 0.297656 0.425 0.000627734
0 0.750391 0.630078 0.191406 0.358594 0.000653842
0 0.928125 0.623438 0.14375 0.43125 0.000795661
0 0.845703 0.316406 0.236719 0.421875 0.000961542
0 0.799609 0.689453 0.258594 0.300781 0.00119062
0 0.817187 0.440234 0.260938 0.374219 0.00128101
0 0.280078 0.608984 0.242969 0.242969 0.00133347
0 0.241797 0.471484 0.208594 0.427344 0.00157235
0 0.894141 0.461719 0.208594 0.640625 0.00176919
0 0.863281 0.607031 0.270312 0.473437 0.00276541
0 0.303906 0.447656 0.321875 0.595312 0.00581137
0 0.814844 0.453125 0.339063 0.746875 0.0755135
