0 0.268359 0.385547 0.0945313 0.160156 0.00010148
0 0.407031 0.602734 0.254687 0.222656 0.000104494
0 0.264453 0.546875 0.119531 0.101562 0.000106061
0 0.428125 0.427734 0.075 0.100781 0.000109035
0 0.848437 0.347266 0.0890625 0.116406 0.000109504
0 0.280859 0.497656 0.0898438 0.090625 0.000111898
0 0.807422 0.363672 0.172656 0.196094 0.000113005
0 0.763672 0.124219 0.325781 0.165625 0.000115632
0 0.45625 0.302734 0.170312 0.264844 0.0001222
0 0.76875 0.0515625 0.432813 0.103125 0.000128903
0 0.821484 0.203516 0.127344 0.164844 0.000133772
0 0.3625 0.409375 0.2 0.167187 0.000136587
0 0.888281 0.553125 0.0828125 0.104687 0.000143167
0 0.847266 0.528906 0.138281 0.15625 0.000143479
0 0.919141 0.571484 0.103906 0.152344 0.000156264
0 0.390625 0.469922 0.139062 0.141406 0.000156733
0 0.762109 0.469922 0.161719 0.185156 0.000169405
0 0.786719 0.302344 0.15 0.245312 0.000170072
0 0.476562 0.365625 0.13125 0.242188 0.000170408
0 0.320312 0.5125 0.134375 0.107813 0.000175605
0 0.264844 0.491016 0.109375 0.135156 0.000182758
0 0.441797 0.477734 0.0726563 0.103906 0.0001871
0 0.266016 0.369922 0.300781 0.458594 0.00021123
0 0.254687 0.397656 0.165625 0.385938 0.00021222
0 0.790625 0.162109 0.173438 0.150781 0.000223151
0 0.741016 0.554297 0.189844 0.217969 0.000228872
0 0.867188 0.568359 0.18125 0.150781 0.00022899
0 0.535937 0.538672 0.417188 0.730469 0.000232062
0 0.884766 0.448047 0.110156 0.214844 0.000252587
0 0.435937 0.122266 0.142188 0.147656 0.000255781
0 0.432813 0.541406 0.135937 0.13125 0.000265486
0 0.26875 0.521484 0.151562 0.175781 0.000269334
0 0.478125 0.448047 0.139062 0.207031 0.000286097
0 0.765234 0.237891 0.149219 0.222656 0.000287086
0 0.915625 0.478516 0.145313 0.324219 0.000310965
0 0.284766 0.342969 0.111719 0.232812 0.000330835
0 0.319922 0.589453 0.271094 0.236719 0.000355113
0 0.451172 0.225391 0.199219 0.250781 0.00038492
0 0.349219 0.296484 0.209375 0.174219 0.000385698
0 0.741797 0.148047 0.171094 0.142969 0.000387378
0 0.321484 0.473437 0.188281 0.140625 0.00040874
0 0.803516 0.487891 0.138281 0.180469 0.000418368
0 0.36875 0.175 0.18125 0.190625 0.000430071
0 0.362891 0.549219 0.264844 0.154687 0.000444658
0 0.879297 0.364844 0.121094 0.201562 0.000461707
0 0.430469 0.427734 0.110937 0.192969 0.000470274
0 0.814844 0.550391 0.25 0.217969 0.000659167
0 0.851562 0.405469 0.1375 0.267188 0.000662153
0 0.775391 0.464063 0.292969 0.421875 0.000729365
0 0.294531 0.277344 0.229687 0.339063 0.000730341
0 0.401563 0.275781 0.189063 0.19375 0.000794842
0 0.748828 0.194141 0.228906 0.250781 0.000859214
0 0.898047 0.534375 0.130469 0.18125 0.000881958
0 0.429688 0.396875 0.203125 0.38125 0.00123692
0 0.282422 0.522266 0.122656 0.102344 0.0014919
0 0.417578 0.161328 0.207031 0.253906 0.00151611
0 0.822266 0.260547 0.160156 0.210156 0.00155775
0 0.275781 0.439453 0.146875 0.239844 0.0017104
0 0.333203 0.238281 0.196094 0.2125 0.00203156
0 0.847266 0.321484 0.135156 0.210156 0.00222144
0 0.323828 0.387109 0.238281 0.344531 0.00231837
0 0.400391 0.514453 0.175781 0.139844 0.00242366
0 0.320312 0.520703 0.215625 0.138281 0.00254485
0 0.778125 0.487109 0.228125 0.264844 0.00284153
0 0.436719 0.502344 0.0953125 0.110937 0.00297656
0 0.858594 0.508984 0.2 0.235156 0.00417966
0 0.430859 0.483203 0.130469 0.171094 0.00472367
0 0.364844 0.454688 0.257812 0.260938 0.00769736
0 0.881641 0.423828 0.163281 0.403906 0.0133433
0 0.799609 0.246875 0.230469 0.296875 0.0160132
0 0.847656 0.321484 0.171875 0.360156 0.0407096
0 0.363672 0.326172 0.305469 0.516406 0.0650647
0 0.815234 0.359766 0.252344 0.503906 0.28901
0 0.378906 0.21875 0.260938 0.290625 0.305558
