0 0.721875 0.271484 0.0859375 0.141406 0.00010092
0 0.34375 0.770703 0.295312 0.361719 0.000104719
0 0.898047 0.654688 0.128906 0.260938 0.000105572
0 0.725 0.310156 0.121875 0.154687 0.000107451
0 0.951563 0.525391 0.0921875 0.549219 0.000107479
0 0.396875 0.628516 0.328125 0.355469 0.000108116
0 0.763672 0.528906 0.147656 0.195312 0.000110076
0 0.39375 0.286719 0.1125 0.154687 0.000115529
0 0.803125 0.673437 0.145313 0.164062 0.000115748
0 0.78125 0.332812 0.164062 0.215625 0.000115948
0 0.967578 0.640234 0.0648438 0.516406 0.000118915
0 0.21875 0.634766 0.090625 0.107031 0.000118948
0 0.378516 0.228516 0.0789063 0.0820312 0.00011921
0 0.385938 0.688672 0.11875 0.139844 0.000122895
0 0.703906 0.445703 0.190625 0.374219 0.000126784
0 0.396484 0.598047 0.132031 0.205469 0.000128388
0 0.71875 0.234375 0.065625 0.090625 0.000129363
0 0.0550781 0.392188 0.107031 0.642187 0.00013104
0 0.207031 0.492188 0.1875 0.440625 0.000132363
0 0.891016 0.757812 0.174219 0.290625 0.000136956
0 0.724609 0.469141 0.158594 0.171094 0.000138442
0 0.862891 0.573828 0.152344 0.210156 0.000153465
0 0.363672 0.866797 0.210156 0.266406 0.000154401
0 0.176563 0.642578 0.140625 0.200781 0.000161352
0 0.676172 0.299609 0.121094 0.132031 0.000178208
0 0.848047 0.692578 0.132031 0.146094 0.000180706
0 0.691406 0.553906 0.151562 0.226562 0.000209104
0 0.816797 0.757031 0.346094 0.378125 0.000224393
0 0.842188 0.473047 0.1375 0.228906 0.00024772
0 0.803516 0.405078 0.213281 0.333594 0.000260719
0 0.785547 0.613281 0.246094 0.220313 0.000271898
0 0.383203 0.652734 0.0882813 0.111719 0.000311309
0 0.721484 0.675391 0.203906 0.186719 0.000316928
0 0.977734 0.519922 0.0445312 0.466406 0.000378038
0 0.784766 0.488281 0.213281 0.190625 0.000391298
0 0.917969 0.638672 0.164062 0.491406 0.000418497
0 0.322656 0.631641 0.148438 0.161719 0.000441049
0 0.240625 0.558594 0.170312 0.225 0.000652056
0 0.844141 0.633203 0.185156 0.222656 0.00066663
0 0.707031 0.603125 0.21875 0.321875 0.000752956
0 0.226172 0.667969 0.211719 0.176563 0.00079357
0 0.854297 0.710938 0.189844 0.228125 0.000901207
0 0.801953 0.673828 0.257031 0.189844 0.000975713
0 0.384766 0.569922 0.182031 0.316406 0.00114098
0 0.825781 0.526172 0.176563 0.203906 0.00114985
0 0.340625 0.596875 0.217187 0.214062 0.00116411
0 0.74375 0.526563 0.232812 0.317187 0.00147018
0 0.303125 0.436719 0.334375 0.59375 0.0014819
0 0.258594 0.630078 0.15 0.160156 0.00171181
0 0.277344 0.699609 0.314063 0.238281 0.00220914
0 0.7625 0.676562 0.323438 0.292188 0.00392362
0 0.376953 0.64375 0.139844 0.167187 0.00416636
0 0.340625 0.667188 0.225 0.185937 0.0041844
0 0.211328 0.606641 0.177344 0.227344 0.00459616
0 0.766797 0.479688 0.300781 0.51875 0.00490719
0 0.875391 0.634766 0.191406 0.372656 0.0062125
0 0.842188 0.505078 0.207813 0.394531 0.00985587
0 0.281641 0.536328 0.280469 0.350781 0.0139625
0 0.803125 0.592969 0.29375 0.384375 0.246514
0 0.282031 0.630469 0.285937 0.220313 0.274031
