0 0.325 0.509375 0.1125 0.145313 0.000100845
0 0.132422 0.607813 0.175781 0.346875 0.00010095
0 0.649609 0.0660156 0.235156 0.132031 0.000102461
0 0.214453 0.63125 0.0882813 0.104687 0.000102898
0 0.510938 0.432422 0.223438 0.353906 0.000103494
0 0.134766 0.375391 0.249219 0.714844 0.000103662
0 0.289062 0.333203 0.15625 0.180469 0.000104768
0 0.8 0.0191406 0.207813 0.0382813 0.000105219
0 0.980859 0.0773437 0.0367187 0.154687 0.000106013
0 0.737891 0.400391 0.0773437 0.117969 0.000106183
0 0.138672 0.100781 0.277344 0.201562 0.000108734
0 0.336328 0.696875 0.135156 0.20625 0.000111274
0 0.984766 0.719141 0.0289063 0.216406 0.000112628
0 0.703906 0.757031 0.0890625 0.1125 0.000113602
0 0.695703 0.197266 0.260156 0.349219 0.000113697
0 0.324219 0.339063 0.0578125 0.084375 0.000114629
0 0.721484 0.370703 0.0710938 0.107031 0.000115415
0 0.722266 0.295312 0.0570313 0.0765625 0.000116056
0 0.985937 0.55 0.028125 0.229687 0.000118937
0 0.127734 0.765625 0.152344 0.278125 0.000126581
0 0.751172 0.723047 0.0898438 0.116406 0.000127524
0 0.577734 0.310156 0.0898438 0.175 0.000129496
0 0.984375 0.800391 0.03125 0.242969 0.000130771
0 0.975 0.148828 0.05 0.297656 0.000133285
0 0.613281 0.757031 0.0921875 0.104687 0.000136262
0 0.319531 0.653906 0.0859375 0.110937 0.000140085
0 0.594531 0.658203 0.08125 0.149219 0.000141994
0 0.893359 0.882422 0.213281 0.235156 0.000144496
0 0.696484 0.308594 0.0820312 0.115625 0.00014824
0 0.218359 0.427344 0.0914062 0.157813 0.000150033
0 0.338281 0.479688 0.142188 0.25 0.000150133
0 0.564062 0.430859 0.179688 0.464844 0.00015164
0 0.182422 0.571875 0.0835937 0.115625 0.000151945
0 0.292969 0.419531 0.35625 0.5125 0.000154536
0 0.985547 0.468359 0.0289063 0.224219 0.000154988
0 0.141016 0.0378906 0.264844 0.0757812 0.000161338
0 0.748828 0.477344 0.313281 0.453125 0.000162969
0 0.747266 0.473437 0.113281 0.164062 0.000165179
0 0.971875 0.439063 0.053125 0.509375 0.000167278
0 0.774609 0.78125 0.0835937 0.10625 0.000168968
0 0.969922 0.926562 0.0601562 0.146875 0.000174272
0 0.568359 0.628906 0.349219 0.626562 0.000183447
0 0.0433594 0.0636719 0.0867188 0.127344 0.000183519
0 0.320312 0.348437 0.0859375 0.115625 0.000185165
0 0.169531 0.746484 0.29375 0.358594 0.000185242
0 0.0707031 0.040625 0.141406 0.0796875 0.000187735
0 0.935547 0.0476562 0.128906 0.0953125 0.00019559
0 0.467578 0.298047 0.357031 0.594531 0.000196043
0 0.700781 0.364844 0.101562 0.184375 0.000198859
0 0.228906 0.405469 0.13125 0.21875 0.000198911
0 0.544141 0.0726563 0.314844 0.145313 0.000199257
0 0.857813 0.789062 0.246875 0.345313 0.000207872
0 0.3375 0.636328 0.117188 0.164844 0.000211645
0 0.678516 0.0332031 0.197656 0.0664062 0.000215964
0 0.660547 0.754687 0.150781 0.170312 0.000218133
0 0.707031 0.28125 0.0703125 0.0828125 0.000221027
0 0.926562 0.93125 0.140625 0.1375 0.00023598
0 0.065625 0.0953125 0.13125 0.190625 0.000239996
0 0.583984 0.652344 0.124219 0.290625 0.000240885
0 0.702344 0.701172 0.0859375 0.107031 0.00024378
0 0.962109 0.0730469 0.0742188 0.146094 0.000246362
0 0.231641 0.553906 0.136719 0.179688 0.000253369
0 0.240625 0.717188 0.148438 0.2125 0.000257252
0 0.982031 0.884375 0.0359375 0.229687 0.000264041
0 0.697266 0.104687 0.291406 0.209375 0.000267825
0 0.131641 0.605078 0.216406 0.589844 0.000281875
0 0.684766 0.525781 0.121094 0.146875 0.00028334
0 0.800391 0.0914062 0.363281 0.182812 0.000288611
0 0.337109 0.56875 0.155469 0.325 0.000291055
0 0.612891 0.679297 0.121094 0.221094 0.000296849
0 0.162109 0.78125 0.119531 0.15625 0.000304988
0 0.259375 0.614844 0.204688 0.214062 0.000310582
0 0.812109 0.0335938 0.264844 0.0671875 0.000325168
0 0.942187 0.855859 0.1125 0.288281 0.000325902
0 0.2125 0.571484 0.0875 0.111719 0.000327642
0 0.980078 0.516797 0.0398437 0.333594 0.000342166
0 0.971094 0.644922 0.05625 0.635156 0.000343095
0 0.717188 0.522266 0.0921875 0.114844 0.000348361
0 0.578516 0.307813 0.142969 0.246875 0.000349249
0 0.194141 0.610547 0.0914062 0.111719 0.000358325
0 0.303906 0.4875 0.19375 0.348437 0.000364438
0 0.168359 0.595312 0.122656 0.248437 0.00038945
0 0.170312 0.485547 0.1875 0.471094 0.000393184
0 0.201562 0.472266 0.117188 0.246094 0.00039696
0 0.751953 0.684375 0.127344 0.264062 0.000399491
0 0.596875 0.387891 0.15625 0.275781 0.000433457
0 0.929688 0.0902344 0.140625 0.180469 0.000434282
0 0.949219 0.698438 0.09375 0.603125 0.000459709
0 0.719531 0.0523437 0.282813 0.104687 0.000512635
0 0.744531 0.491016 0.084375 0.0882813 0.000523043
0 0.736328 0.700391 0.0851562 0.103906 0.000525027
0 0.108594 0.0628906 0.217187 0.124219 0.000533254
0 0.78125 0.735547 0.165625 0.266406 0.000545811
0 0.587891 0.763281 0.130469 0.165625 0.000565862
0 0.274219 0.407813 0.2 0.275 0.000566043
0 0.532812 0.289062 0.234375 0.454688 0.000590531
0 0.298828 0.754687 0.180469 0.204688 0.000591994
0 0.196094 0.55 0.0859375 0.0984375 0.000598939
0 0.525391 0.458984 0.302344 0.700781 0.000599376
0 0.182031 0.700391 0.128125 0.222656 0.000600149
0 0.539062 0.157422 0.29375 0.300781 0.000601145
0 0.705859 0.576563 0.138281 0.270312 0.000615955
0 0.683594 0.703516 0.14375 0.189844 0.000782673
0 0.975391 0.810547 0.0492188 0.378906 0.000798699
0 0.715234 0.398047 0.0695312 0.0945313 0.000820813
0 0.720703 0.721875 0.0898438 0.115625 0.000832314
0 0.333203 0.626172 0.361719 0.578906 0.000859016
0 0.773828 0.797266 0.138281 0.161719 0.000867585
0 0.875 0.0617188 0.25 0.123438 0.0010036
0 0.666406 0.485938 0.234375 0.398438 0.00100762
0 0.716406 0.797656 0.23125 0.196875 0.00103586
0 0.286719 0.694531 0.14375 0.232812 0.00104896
0 0.622266 0.647266 0.224219 0.360156 0.00113588
0 0.442187 0.533984 0.421875 0.888281 0.00129174
0 0.71875 0.399609 0.0453125 0.0617188 0.00134421
0 0.721484 0.439844 0.133594 0.221875 0.00142155
0 0.748438 0.569141 0.179688 0.485156 0.00142703
0 0.198828 0.534766 0.108594 0.160156 0.00152317
0 0.721875 0.687891 0.128125 0.171094 0.00163068
0 0.225 0.492578 0.15625 0.367969 0.00188125
0 0.190234 0.756641 0.175781 0.214844 0.0020827
0 0.214453 0.656641 0.141406 0.263281 0.00248697
0 0.740625 0.75625 0.090625 0.109375 0.0026124
0 0.663281 0.525781 0.278125 0.670313 0.00298736
0 0.316406 0.638672 0.157813 0.263281 0.00371705
0 0.616797 0.732422 0.174219 0.203906 0.00382261
0 0.690234 0.487891 0.169531 0.211719 0.00468828
0 0.198437 0.595312 0.11875 0.195312 0.00525626
0 0.731641 0.530469 0.142969 0.225 0.00581305
0 0.741016 0.771094 0.136719 0.157813 0.00760968
0 0.263672 0.530469 0.255469 0.545313 0.0106599
0 0.259766 0.712891 0.250781 0.286719 0.0106605
0 0.171094 0.68125 0.1625 0.367188 0.0138658
0 0.694141 0.727734 0.292969 0.292969 0.0301338
0 0.196484 0.575391 0.146094 0.353906 0.0307166
0 0.719922 0.496094 0.122656 0.110937 0.0418053
0 0.704297 0.637109 0.217969 0.382031 0.075598
0 0.221875 0.639453 0.214062 0.389844 0.163571
0 0.718359 0.737109 0.189844 0.203906 0.207545
