0 0.229687 0.388281 0.110937 0.140625 0.000102081
0 0.364062 0.390234 0.0875 0.108594 0.000102114
0 0.427344 0.447266 0.08125 0.0992187 0.000102156
0 0.385156 0.407422 0.0890625 0.107031 0.000102202
0 0.805859 0.425 0.119531 0.16875 0.000104106
0 0.857422 0.844531 0.253906 0.310937 0.000104369
0 0.125 0.710938 0.24375 0.535937 0.000113363
0 0.701172 0.1625 0.174219 0.182812 0.000119764
0 0.824609 0.513281 0.125781 0.214062 0.000122639
0 0.664844 0.184766 0.114063 0.108594 0.000122726
0 0.680859 0.554297 0.136719 0.189844 0.000122834
0 0.843359 0.0273438 0.219531 0.053125 0.000122969
0 0.703906 0.630078 0.146875 0.166406 0.000126345
0 0.452734 0.519922 0.107031 0.149219 0.000126655
0 0.364062 0.213281 0.06875 0.0796875 0.000128556
0 0.623828 0.610156 0.197656 0.228125 0.000130028
0 0.0605469 0.400781 0.121094 0.739062 0.000130984
0 0.470703 0.308203 0.133594 0.258594 0.000138818
0 0.0933594 0.551953 0.185156 0.705469 0.000145583
0 0.673828 0.23125 0.146094 0.18125 0.000147058
0 0.299609 0.390625 0.0914062 0.103125 0.000150507
0 0.244531 0.466406 0.229687 0.239063 0.000152936
0 0.259766 0.388672 0.297656 0.388281 0.000155814
0 0.797656 0.206641 0.195312 0.202344 0.000156701
0 0.825391 0.638281 0.0898438 0.107813 0.000159291
0 0.702344 0.203516 0.134375 0.155469 0.000172561
0 0.841797 0.425781 0.119531 0.235938 0.000186184
0 0.459766 0.404297 0.119531 0.247656 0.000189141
0 0.366406 0.441797 0.0875 0.0992187 0.00019241
0 0.744531 0.301172 0.0890625 0.102344 0.000200551
0 0.413672 0.516016 0.339844 0.453906 0.000201202
0 0.893359 0.712891 0.152344 0.347656 0.000205407
0 0.425 0.257422 0.153125 0.174219 0.000206404
0 0.285547 0.458984 0.210156 0.157031 0.000226791
0 0.803516 0.362891 0.138281 0.235156 0.000243942
0 0.431641 0.343359 0.0851562 0.0992187 0.000259917
0 0.227734 0.54375 0.333594 0.4875 0.000269738
0 0.778125 0.300391 0.0890625 0.108594 0.00027149
0 0.242969 0.420703 0.0828125 0.0914062 0.000286325
0 0.433594 0.204297 0.154687 0.169531 0.000293278
0 0.846484 0.695703 0.0882813 0.110156 0.000294217
0 0.680078 0.564062 0.313281 0.404687 0.00029521
0 0.341406 0.247656 0.179688 0.240625 0.000300237
0 0.285156 0.438672 0.1375 0.128906 0.000307103
0 0.323828 0.408203 0.0898438 0.0960938 0.00030944
0 0.407031 0.324609 0.146875 0.205469 0.000327524
0 0.405078 0.203516 0.125781 0.119531 0.000343079
0 0.814844 0.260938 0.0890625 0.096875 0.000353882
0 0.742969 0.339844 0.170312 0.19375 0.000385997
0 0.805859 0.575 0.139844 0.24375 0.000387338
0 0.877734 0.521094 0.175781 0.523438 0.000401916
0 0.843359 0.657812 0.0882813 0.110937 0.000406186
0 0.346484 0.425 0.0882813 0.096875 0.000414419
0 0.7 0.48125 0.19375 0.36875 0.000425128
0 0.426562 0.466797 0.126563 0.169531 0.00043015
0 0.367969 0.228906 0.0921875 0.125 0.000446981
0 0.272656 0.705469 0.346875 0.495313 0.000480998
0 0.778906 0.805859 0.33125 0.350781 0.000525153
0 0.368359 0.4625 0.146094 0.1625 0.000527796
0 0.761719 0.614453 0.142188 0.172656 0.000623982
0 0.285937 0.329688 0.157813 0.251563 0.000640509
0 0.866406 0.724219 0.125 0.198437 0.000681865
0 0.842969 0.480078 0.15 0.389844 0.000703159
0 0.774219 0.198047 0.289062 0.294531 0.000724835
0 0.710547 0.352344 0.196094 0.364062 0.00077242
0 0.722656 0.573828 0.145313 0.177344 0.000950819
0 0.25 0.421094 0.121875 0.13125 0.00115615
0 0.264844 0.371094 0.110937 0.151562 0.00115984
0 0.80625 0.653516 0.146875 0.163281 0.00119786
0 0.846484 0.760547 0.205469 0.297656 0.00121815
0 0.855469 0.659375 0.109375 0.178125 0.00123009
0 0.702344 0.675781 0.364062 0.242188 0.00125463
0 0.386328 0.387891 0.144531 0.186719 0.00131974
0 0.321094 0.514453 0.345313 0.363281 0.00148506
0 0.264062 0.402734 0.0859375 0.0914062 0.00151903
0 0.741406 0.277734 0.142188 0.202344 0.00192839
0 0.443359 0.344141 0.121094 0.213281 0.00196804
0 0.323438 0.371484 0.20625 0.175781 0.00204231
0 0.709375 0.398438 0.251563 0.623438 0.00211328
0 0.828125 0.311328 0.1625 0.252344 0.0024013
0 0.687109 0.627344 0.252344 0.23125 0.00241232
0 0.347266 0.425 0.138281 0.128125 0.00247095
0 0.800391 0.260547 0.155469 0.177344 0.00286592
0 0.711719 0.233984 0.1875 0.255469 0.00315167
0 0.834375 0.438281 0.210938 0.56875 0.00343705
0 0.778516 0.715625 0.292969 0.275 0.00346017
0 0.353125 0.310547 0.2875 0.422656 0.00368687
0 0.839844 0.610156 0.15 0.267188 0.00378886
0 0.778125 0.301562 0.159375 0.178125 0.00469791
0 0.369922 0.483984 0.239844 0.227344 0.0055499
0 0.778906 0.539062 0.29375 0.4625 0.0086833
0 0.732031 0.578125 0.253125 0.264062 0.00945342
0 0.834375 0.687891 0.165625 0.208594 0.0107236
0 0.407031 0.437891 0.19375 0.228906 0.0117606
0 0.283594 0.400391 0.159375 0.135156 0.0124263
0 0.417188 0.314453 0.189063 0.352344 0.0202672
0 0.321094 0.424609 0.220313 0.164844 0.0284915
0 0.782422 0.637891 0.250781 0.233594 0.0312381
0 0.379297 0.375781 0.211719 0.276563 0.0575815
0 0.776563 0.373828 0.253125 0.516406 0.0608978
0 0.770312 0.266797 0.209375 0.288281 0.0982978
