0 0.304297 0.953125 0.366406 0.09375 0.00010071
0 0.712109 0.25625 0.0757812 0.096875 0.000100717
0 0.307422 0.387109 0.0992187 0.214844 0.000100766
0 0.366797 0.319531 0.0726563 0.09375 0.000100872
0 0.45 0.204688 0.11875 0.165625 0.000101913
0 0.370703 0.241016 0.103906 0.150781 0.000102367
0 0.741797 0.405078 0.100781 0.166406 0.000102448
0 0.413672 0.219531 0.0710938 0.09375 0.00010431
0 0.835547 0.0488281 0.286719 0.0976562 0.000106073
0 0.801562 0.329688 0.0625 0.0796875 0.000107247
0 0.360547 0.387109 0.0976562 0.164844 0.000107694
0 0.925391 0.0183594 0.147656 0.0351562 0.000107804
0 0.317578 0.644531 0.336719 0.35 0.00011095
0 0.942969 0.0292969 0.110937 0.0585938 0.000112236
0 0.361328 0.573047 0.0851562 0.107031 0.000112722
0 0.671484 0.601953 0.182031 0.385156 0.00011602
0 0.262109 0.387891 0.255469 0.691406 0.000117373
0 0.845312 0.865234 0.229687 0.269531 0.000118886
0 0.388281 0.626953 0.1375 0.183594 0.000121221
0 0.280859 0.607813 0.0851562 0.104687 0.000121455
0 0.0261719 0.812109 0.0523437 0.374219 0.000124042
0 0.977734 0.727344 0.0445312 0.39375 0.000125668
0 0.819531 0.708984 0.276563 0.546094 0.000126171
0 0.809766 0.534766 0.0601562 0.0882813 0.000128012
0 0.344531 0.305859 0.08125 0.155469 0.000128809
0 0.767578 0.491016 0.102344 0.177344 0.000129307
0 0.780859 0.302734 0.0585938 0.0851562 0.000141083
0 0.382031 0.384766 0.10625 0.230469 0.000142457
0 0.0230469 0.480078 0.0460938 0.399219 0.000143393
0 0.755859 0.676562 0.0820312 0.0953125 0.000146302
0 0.738672 0.363672 0.0820312 0.107031 0.00014677
0 0.450781 0.257812 0.090625 0.10625 0.00014826
0 0.0308594 0.478516 0.0617188 0.602344 0.000152257
0 0.41875 0.571875 0.126563 0.225 0.000153511
0 0.6875 0.23125 0.129688 0.18125 0.000159611
0 0.885156 0.03125 0.229687 0.0625 0.00016075
0 0.760938 0.385156 0.0859375 0.115625 0.000165189
0 0.811328 0.572266 0.0820312 0.174219 0.00017231
0 0.499219 0.200391 0.14375 0.238281 0.000175674
0 0.724609 0.596094 0.138281 0.251563 0.000183131
0 0.795703 0.744141 0.102344 0.199219 0.000183659
0 0.168359 0.969531 0.188281 0.059375 0.000185076
0 0.788672 0.2625 0.0351562 0.071875 0.000190776
0 0.431641 0.239063 0.0867188 0.101562 0.000191678
0 0.458203 0.237109 0.282031 0.296094 0.0001936
0 0.301562 0.514453 0.08125 0.103906 0.000194614
0 0.362109 0.441797 0.0710938 0.0867188 0.00020743
0 0.757812 0.633984 0.08125 0.100781 0.000208385
0 0.919922 0.0535156 0.160156 0.107031 0.000209773
0 0.818359 0.347656 0.0539063 0.08125 0.000217612
0 0.794141 0.389453 0.0945313 0.158594 0.000220021
0 0.338281 0.552734 0.0859375 0.105469 0.0002214
0 0.782812 0.275 0.075 0.115625 0.000224611
0 0.413672 0.221094 0.100781 0.142188 0.000226728
0 0.407031 0.339063 0.104687 0.198437 0.000231435
0 0.723047 0.756641 0.157031 0.188281 0.000233661
0 0.735937 0.659766 0.0796875 0.0945313 0.000245964
0 0.0628906 0.904688 0.125781 0.190625 0.000249091
0 0.804297 0.355078 0.0835937 0.122656 0.000253863
0 0.501953 0.30625 0.163281 0.303125 0.000264806
0 0.450391 0.321484 0.135156 0.250781 0.000264881
0 0.0757812 0.980469 0.151562 0.0390625 0.000269143
0 0.328906 0.326953 0.10625 0.271094 0.00027336
0 0.762109 0.590234 0.0742188 0.111719 0.0002743
0 0.780078 0.609766 0.0820312 0.110156 0.000283358
0 0.795703 0.276563 0.0445312 0.0734375 0.000284609
0 0.298438 0.589844 0.0890625 0.114063 0.000288145
0 0.746484 0.828125 0.191406 0.273438 0.000296524
0 0.266406 0.554297 0.29375 0.414844 0.000300271
0 0.133594 0.980469 0.182812 0.0390625 0.000303617
0 0.766406 0.399219 0.154687 0.289062 0.000335449
0 0.309375 0.494531 0.109375 0.207813 0.000350017
0 0.307422 0.633594 0.203906 0.220313 0.000376049
0 0.688672 0.469531 0.219531 0.589063 0.000435813
0 0.728906 0.232031 0.114063 0.134375 0.000441706
0 0.394922 0.598437 0.297656 0.334375 0.000443278
0 0.777344 0.699219 0.117188 0.226562 0.000474006
0 0.411328 0.261719 0.130469 0.175 0.00050258
0 0.778516 0.570703 0.0835937 0.114844 0.000505795
0 0.360156 0.44375 0.0984375 0.15625 0.000508916
0 0.341406 0.427734 0.114063 0.230469 0.000509032
0 0.797266 0.535547 0.0867188 0.130469 0.000520732
0 0.369922 0.314453 0.110156 0.199219 0.000529397
0 0.757812 0.314844 0.157813 0.245312 0.000582872
0 0.79375 0.487891 0.1375 0.364844 0.000584607
0 0.130859 0.952344 0.217969 0.0953125 0.00059351
0 0.317187 0.533984 0.0859375 0.100781 0.00060832
0 0.796484 0.804297 0.121094 0.225781 0.000669301
0 0.413281 0.521484 0.1875 0.325781 0.000705985
0 0.0738281 0.948828 0.147656 0.102344 0.000736078
0 0.466016 0.391406 0.205469 0.509375 0.000833945
0 0.724609 0.676953 0.119531 0.197656 0.000850922
0 0.380078 0.536719 0.177344 0.215625 0.000983355
0 0.716406 0.274609 0.13125 0.221094 0.00103241
0 0.764063 0.404687 0.192188 0.476562 0.00122011
0 0.301562 0.554297 0.0859375 0.113281 0.00123528
0 0.391406 0.300391 0.0765625 0.114844 0.00134
0 0.764844 0.573438 0.104687 0.175 0.00139558
0 0.791016 0.534766 0.105469 0.214844 0.00143249
0 0.0996094 0.968359 0.188281 0.0632813 0.00149039
0 0.710938 0.686328 0.190625 0.278906 0.00167451
0 0.758203 0.633203 0.122656 0.246094 0.00191911
0 0.400781 0.303906 0.173438 0.26875 0.00205701
0 0.338672 0.493359 0.141406 0.275781 0.00214152
0 0.802344 0.699219 0.126563 0.38125 0.00216439
0 0.736328 0.687109 0.272656 0.402344 0.0022995
0 0.390625 0.404687 0.189063 0.415625 0.00258568
0 0.278906 0.596484 0.129688 0.213281 0.00312466
0 0.322656 0.409766 0.142188 0.396094 0.0032198
0 0.294531 0.483594 0.14375 0.379687 0.00436535
0 0.457812 0.248047 0.157813 0.194531 0.00452409
0 0.792578 0.60625 0.116406 0.265625 0.00461258
0 0.380859 0.417188 0.297656 0.573438 0.00649028
0 0.769141 0.751953 0.158594 0.269531 0.00701732
0 0.370313 0.595703 0.207813 0.205469 0.00985222
0 0.303125 0.556641 0.125 0.189844 0.0144563
0 0.738281 0.546875 0.196875 0.529688 0.0167933
0 0.766797 0.647656 0.163281 0.376563 0.0344934
0 0.352344 0.478516 0.210938 0.382031 0.0407788
0 0.326562 0.558203 0.195312 0.246094 0.0997312
