0 0.289062 0.4375 0.314063 0.51875 0.00010031
0 0.70625 0.521875 0.232812 0.340625 0.000104403
0 0.310156 0.237109 0.120312 0.167969 0.000106497
0 0.665234 0.619141 0.116406 0.210156 0.000108708
0 0.600391 0.955078 0.228906 0.0898438 0.000109269
0 0.621094 0.45 0.084375 0.110937 0.000110774
0 0.635547 0.615234 0.0914062 0.113281 0.000112335
0 0.194922 0.361328 0.0882813 0.111719 0.000113193
0 0.312109 0.24375 0.0804688 0.0953125 0.000116642
0 0.253516 0.637891 0.158594 0.180469 0.000123585
0 0.969922 0.071875 0.0539063 0.13125 0.00012612
0 0.675 0.691406 0.309375 0.54375 0.000141218
0 0.558984 0.266797 0.0882813 0.124219 0.00014181
0 0.556641 0.594922 0.147656 0.197656 0.000144181
0 0.102344 0.530859 0.125 0.266406 0.000145859
0 0.494141 0.637109 0.169531 0.196094 0.000149379
0 0.233984 0.614453 0.311719 0.338281 0.000156675
0 0.598047 0.325391 0.135156 0.235156 0.000158658
0 0.578125 0.46875 0.178125 0.19375 0.000176543
0 0.211328 0.380859 0.135156 0.194531 0.000182242
0 0.612891 0.767969 0.235156 0.43125 0.000201206
0 0.127344 0.366406 0.157813 0.276563 0.000205189
0 0.554297 0.292578 0.141406 0.183594 0.000214132
0 0.578125 0.553125 0.209375 0.226562 0.000227176
0 0.643359 0.412891 0.124219 0.314844 0.000238991
0 0.158984 0.362891 0.0835937 0.113281 0.000261193
0 0.215234 0.266016 0.110156 0.141406 0.000273921
0 0.200391 0.284766 0.0789063 0.0992187 0.000305679
0 0.528125 0.539062 0.2875 0.453125 0.000316108
0 0.178516 0.326953 0.0914062 0.119531 0.000352789
0 0.655469 0.673828 0.157813 0.310156 0.000438315
0 0.149219 0.641797 0.264062 0.274219 0.000498885
0 0.0949219 0.482422 0.167969 0.432031 0.00052172
0 0.301172 0.271875 0.0976562 0.109375 0.000640538
0 0.169531 0.323047 0.270312 0.349219 0.000656934
0 0.228125 0.522656 0.23125 0.389062 0.000663352
0 0.600781 0.657031 0.2875 0.376563 0.000715969
0 0.620313 0.472266 0.129688 0.252344 0.000767927
0 0.1375 0.452344 0.134375 0.3 0.000873642
0 0.652344 0.485547 0.278125 0.532031 0.0010015
0 0.631641 0.594922 0.130469 0.207031 0.00102609
0 0.110937 0.602344 0.160938 0.198437 0.00102935
0 0.283203 0.248047 0.127344 0.114844 0.00132275
0 0.541797 0.606641 0.238281 0.250781 0.00155543
0 0.204297 0.598437 0.230469 0.214062 0.00193168
0 0.226172 0.376563 0.233594 0.346875 0.00218499
0 0.262891 0.267188 0.185156 0.160938 0.00256896
0 0.166016 0.352344 0.139844 0.203125 0.00523434
0 0.655469 0.559766 0.1375 0.366406 0.00725362
0 0.573828 0.435937 0.232031 0.521875 0.00774382
0 0.601953 0.630859 0.210156 0.230469 0.00796384
0 0.196094 0.314063 0.153125 0.198437 0.029842
0 0.150391 0.567187 0.217969 0.25 0.0326236
0 0.607031 0.533203 0.189063 0.386719 0.371889
0 0.159766 0.455078 0.214844 0.453906 0.398933
