0 0.625 0.435156 0.0515625 0.0828125 0.000104967
0 0.65 0.503125 0.14375 0.204688 0.000111963
0 0.729688 0.491016 0.114063 0.196094 0.000117981
0 0.55625 0.820312 0.470313 0.359375 0.000121145
0 0.345313 0.471875 0.14375 0.196875 0.000131957
0 0.774219 0.514844 0.075 0.117188 0.000132344
0 0.401563 0.319922 0.132812 0.261719 0.000154148
0 0.745703 0.466797 0.0757812 0.103906 0.00016697
0 0.294922 0.470703 0.0835937 0.0882813 0.000169758
0 0.388672 0.523828 0.133594 0.200781 0.000193638
0 0.776563 0.621875 0.078125 0.109375 0.000194437
0 0.557031 0.946875 0.242188 0.103125 0.000197448
0 0.230859 0.492188 0.100781 0.215625 0.000203799
0 0.219531 0.590234 0.0796875 0.149219 0.000237218
0 0.569531 0.9 0.323438 0.2 0.000251363
0 0.644922 0.562891 0.108594 0.116406 0.000267444
0 0.760156 0.555469 0.0875 0.115625 0.000268357
0 0.300781 0.565234 0.207813 0.172656 0.000270588
0 0.259375 0.510547 0.0890625 0.113281 0.000280239
0 0.2625 0.412109 0.1 0.192969 0.000334682
0 0.759375 0.434375 0.0765625 0.129688 0.000346277
0 0.361719 0.530078 0.13125 0.130469 0.000451645
0 0.773047 0.587891 0.0945313 0.163281 0.000533894
0 0.386719 0.413281 0.134375 0.18125 0.000571735
0 0.276172 0.486719 0.0835937 0.104687 0.000587712
0 0.741406 0.575781 0.0875 0.107813 0.000608037
0 0.708203 0.532422 0.175781 0.214844 0.000709351
0 0.385547 0.467187 0.116406 0.16875 0.000712941
0 0.294141 0.471484 0.127344 0.163281 0.00107594
0 0.727344 0.573047 0.139062 0.138281 0.00122178
0 0.259766 0.467578 0.0820312 0.105469 0.00129347
0 0.307031 0.522266 0.276563 0.278906 0.00134373
0 0.760156 0.472656 0.096875 0.2 0.00148501
0 0.240625 0.558984 0.125 0.205469 0.00150062
0 0.305859 0.454688 0.200781 0.254687 0.00174295
0 0.402344 0.426562 0.09375 0.123438 0.00198416
0 0.333594 0.517187 0.198437 0.19375 0.00457747
0 0.260938 0.471094 0.109375 0.19375 0.00776323
0 0.755859 0.547656 0.113281 0.198437 0.00973871
0 0.272656 0.516016 0.159375 0.213281 0.028141
