0 0.68125 0.80625 0.225 0.1875 0.000100367
0 0.246875 0.611328 0.0921875 0.102344 0.000108719
0 0.364844 0.314063 0.173438 0.320312 0.000110179
0 0.639063 0.651953 0.165625 0.153906 0.000110459
0 0.169531 0.546875 0.16875 0.320312 0.000115467
0 0.727344 0.442969 0.21875 0.492188 0.000115717
0 0.660547 0.66875 0.282031 0.3375 0.000116615
0 0.360547 0.313281 0.0976562 0.132812 0.000117511
0 0.740234 0.928125 0.278906 0.14375 0.000118295
0 0.230859 0.264062 0.0648438 0.101562 0.000118366
0 0.971875 0.724219 0.0546875 0.528125 0.000128204
0 0.615625 0.209766 0.165625 0.250781 0.000129173
0 0.967969 0.555859 0.0640625 0.657031 0.000131342
0 0.392188 0.435937 0.209375 0.501562 0.000140505
0 0.01875 0.691406 0.0375 0.379687 0.000148819
0 0.228516 0.241016 0.0492188 0.0570313 0.000153397
0 0.574219 0.610547 0.278125 0.269531 0.000154809
0 0.468359 0.0355469 0.275781 0.0710938 0.000160017
0 0.784375 0.573047 0.1625 0.235156 0.0001615
0 0.653125 0.534766 0.19375 0.283594 0.000178971
0 0.189453 0.616016 0.138281 0.210156 0.000181384
0 0.322656 0.218359 0.229687 0.305469 0.000182033
0 0.341406 0.608203 0.0921875 0.111719 0.000184978
0 0.857031 0.198047 0.285937 0.396094 0.00018784
0 0.757031 0.613281 0.09375 0.110937 0.000189285
0 0.413672 0.618359 0.247656 0.250781 0.000191719
0 0.510547 0.142578 0.296094 0.285156 0.000199352
0 0.977344 0.601562 0.0453125 0.403125 0.000200625
0 0.448828 0.0699219 0.339844 0.139844 0.000219864
0 0.607031 0.868359 0.354688 0.255469 0.000223888
0 0.0496094 0.517187 0.0992187 0.707812 0.000227336
0 0.293359 0.298047 0.217969 0.335156 0.000232387
0 0.442969 0.564062 0.40625 0.532812 0.000249568
0 0.717188 0.646094 0.13125 0.128125 0.00025453
0 0.217578 0.334766 0.103906 0.188281 0.000255317
0 0.201953 0.483203 0.127344 0.249219 0.00026603
0 0.203906 0.401172 0.0984375 0.146094 0.000283253
0 0.301172 0.480859 0.200781 0.372656 0.000292434
0 0.373828 0.572266 0.185156 0.225781 0.000296281
0 0.61875 0.595703 0.142188 0.178906 0.000348148
0 0.651563 0.463281 0.2375 0.485938 0.000403679
0 0.514453 0.367969 0.346094 0.726562 0.000440202
0 0.208203 0.407031 0.117969 0.246875 0.000549703
0 0.729688 0.542188 0.179688 0.242188 0.000596486
0 0.6875 0.664062 0.192188 0.184375 0.000599554
0 0.447656 0.204297 0.359375 0.408594 0.000630017
0 0.302344 0.403906 0.273438 0.603125 0.000793823
0 0.303906 0.560938 0.1375 0.175 0.000801537
0 0.325 0.579297 0.0921875 0.102344 0.00084007
0 0.248047 0.610937 0.141406 0.15625 0.000979833
0 0.632812 0.928125 0.279687 0.14375 0.0009827
0 0.240234 0.644141 0.210156 0.213281 0.00101555
0 0.39375 0.369922 0.389062 0.711719 0.00109595
0 0.714063 0.6125 0.290625 0.275 0.00121367
0 0.234375 0.489453 0.179688 0.342969 0.00137467
0 0.326953 0.622266 0.299219 0.289844 0.00142141
0 0.281641 0.595312 0.0929687 0.10625 0.00152206
0 0.767187 0.634375 0.151562 0.182812 0.00178165
0 0.341016 0.63125 0.189844 0.196875 0.00196164
0 0.667969 0.608203 0.18125 0.174219 0.00287007
0 0.338672 0.580859 0.135156 0.142969 0.00314123
0 0.722656 0.596094 0.0875 0.104687 0.00402209
0 0.252344 0.578906 0.209375 0.198437 0.00590546
0 0.726953 0.607031 0.164844 0.1625 0.0430786
0 0.301172 0.601172 0.183594 0.163281 0.0674897
