0 0.713281 0.26875 0.10625 0.207813 0.000100329
0 0.235547 0.205859 0.0726563 0.136719 0.000104772
0 0.800781 0.709766 0.129688 0.277344 0.000105735
0 0.525 0.696484 0.385938 0.539844 0.000106953
0 0.374219 0.186328 0.276563 0.346094 0.000107684
0 0.710156 0.137891 0.05 0.0570313 0.000108553
0 0.202734 0.753906 0.114844 0.195312 0.000108751
0 0.258203 0.204688 0.0992187 0.175 0.000116193
0 0.603125 0.151562 0.115625 0.153125 0.000117069
0 0.764063 0.720312 0.0859375 0.104687 0.000126131
0 0.655859 0.151953 0.0914062 0.128906 0.000127894
0 0.214453 0.399219 0.0570313 0.096875 0.00013471
0 0.730078 0.407031 0.121094 0.217187 0.00013686
0 0.300781 0.618359 0.14375 0.222656 0.000139154
0 0.2375 0.223047 0.0515625 0.0710938 0.000141369
0 0.642969 0.388672 0.260938 0.622656 0.000142013
0 0.780078 0.606641 0.117969 0.364844 0.000161068
0 0.227734 0.24375 0.0742188 0.148438 0.000166524
0 0.2375 0.595703 0.128125 0.192969 0.000176344
0 0.751562 0.553516 0.11875 0.278906 0.000181452
0 0.492578 0.622266 0.221094 0.361719 0.00019187
0 0.666406 0.178125 0.053125 0.0890625 0.000202586
0 0.6625 0.183594 0.129688 0.160938 0.000209752
0 0.385156 0.677344 0.1375 0.209375 0.000213778
0 0.514453 0.435156 0.353906 0.803125 0.000240893
0 0.426562 0.717969 0.184375 0.223438 0.000248904
0 0.699609 0.202734 0.0898438 0.160156 0.00025777
0 0.676562 0.550781 0.29375 0.46875 0.000270246
0 0.235547 0.320703 0.121094 0.244531 0.00027183
0 0.710938 0.173438 0.0546875 0.0765625 0.000273103
0 0.701172 0.551953 0.125781 0.210156 0.000273454
0 0.229687 0.492578 0.123438 0.310156 0.000298775
0 0.430078 0.696484 0.322656 0.361719 0.000304084
0 0.241797 0.245312 0.0710938 0.103125 0.000338052
0 0.345703 0.6375 0.171094 0.20625 0.000341475
0 0.296094 0.727734 0.292188 0.286719 0.000358531
0 0.201172 0.630859 0.121094 0.335156 0.000360197
0 0.718359 0.666797 0.263281 0.339844 0.000389194
0 0.278516 0.675781 0.146094 0.217187 0.000392905
0 0.674609 0.473047 0.186719 0.389844 0.000428718
0 0.680469 0.191406 0.065625 0.0953125 0.000470884
0 0.401953 0.389062 0.342969 0.767187 0.000508002
0 0.225 0.300781 0.0859375 0.145313 0.000559141
0 0.736328 0.471094 0.0976562 0.142188 0.000561895
0 0.221875 0.658594 0.120312 0.214062 0.000622695
0 0.270312 0.262109 0.0796875 0.121094 0.000686694
0 0.689844 0.168359 0.0671875 0.0882813 0.000731408
0 0.285547 0.483984 0.222656 0.549219 0.000841084
0 0.433203 0.521094 0.244531 0.620313 0.00088771
0 0.703906 0.682031 0.173438 0.204688 0.000938857
0 0.723437 0.490625 0.140625 0.235938 0.0011407
0 0.427734 0.634766 0.202344 0.313281 0.00114936
0 0.671484 0.565625 0.144531 0.320312 0.00120538
0 0.779688 0.744531 0.0828125 0.125 0.00123498
0 0.359766 0.551562 0.280469 0.507812 0.00136774
0 0.231641 0.706641 0.161719 0.249219 0.00196988
0 0.233984 0.586719 0.142969 0.364062 0.00323358
0 0.350781 0.683594 0.248437 0.24375 0.00332286
0 0.761719 0.699609 0.1375 0.224219 0.00338334
0 0.24375 0.276172 0.0984375 0.139844 0.004329
0 0.721875 0.601172 0.176563 0.346094 0.0139587
0 0.272266 0.650781 0.216406 0.298438 0.0156868
