0 0.764453 0.679297 0.0867188 0.108594 0.000102307
0 0.288281 0.344141 0.0859375 0.175781 0.000103123
0 0.262109 0.477734 0.108594 0.388281 0.00010442
0 0.392578 0.690625 0.166406 0.178125 0.000123096
0 0.417969 0.260938 0.159375 0.182812 0.000126281
0 0.296094 0.676953 0.0890625 0.110156 0.000130815
0 0.309375 0.302344 0.103125 0.154687 0.000132056
0 0.326953 0.320312 0.0789063 0.0984375 0.000133095
0 0.778906 0.470313 0.0859375 0.201562 0.000133276
0 0.783984 0.658594 0.0820312 0.1125 0.000138268
0 0.783203 0.699609 0.0882813 0.111719 0.000138783
0 0.764453 0.344922 0.0664062 0.122656 0.000145816
0 0.762891 0.358984 0.0960938 0.185156 0.000146552
0 0.724609 0.573438 0.128906 0.254687 0.000147132
0 0.734766 0.282031 0.0554687 0.0828125 0.000147891
0 0.727344 0.675781 0.123438 0.160938 0.000150187
0 0.299609 0.489453 0.114844 0.269531 0.000153471
0 0.715234 0.265625 0.0726563 0.09375 0.000156761
0 0.698438 0.313672 0.065625 0.0757812 0.00016387
0 0.678125 0.678125 0.135937 0.18125 0.000170551
0 0.375391 0.569141 0.199219 0.332031 0.000172229
0 0.762891 0.508203 0.0992187 0.172656 0.000176974
0 0.802344 0.680859 0.078125 0.117969 0.000187882
0 0.338281 0.615234 0.146875 0.266406 0.000188931
0 0.653906 0.271094 0.132812 0.129688 0.000189812
0 0.679297 0.355859 0.166406 0.258594 0.000198585
0 0.682422 0.247656 0.139844 0.157813 0.000200854
0 0.703906 0.479297 0.221875 0.557031 0.000222307
0 0.728125 0.310937 0.0984375 0.153125 0.000228517
0 0.337109 0.732031 0.227344 0.225 0.000251792
0 0.266797 0.759766 0.0929687 0.164844 0.00025835
0 0.782422 0.552344 0.0929687 0.192188 0.000309498
0 0.283984 0.554297 0.100781 0.260156 0.000324547
0 0.820703 0.609766 0.0945313 0.338281 0.000345679
0 0.339453 0.317969 0.113281 0.14375 0.000418006
0 0.312891 0.348828 0.128906 0.239844 0.000433378
0 0.289062 0.4 0.115625 0.304688 0.000438337
0 0.767578 0.441797 0.113281 0.350781 0.000443466
0 0.688672 0.626953 0.177344 0.246094 0.000499025
0 0.723437 0.382422 0.160938 0.317969 0.000532326
0 0.691016 0.296484 0.141406 0.157031 0.000620159
0 0.798828 0.615625 0.0835937 0.223438 0.000754642
0 0.342969 0.478906 0.26875 0.584375 0.000779603
0 0.698047 0.287891 0.0820312 0.0929687 0.000798166
0 0.739062 0.627344 0.265625 0.346875 0.00080187
0 0.803516 0.7375 0.0945313 0.134375 0.000856297
0 0.752344 0.713281 0.18125 0.189063 0.000908601
0 0.284766 0.640234 0.111719 0.216406 0.000939153
0 0.748047 0.637109 0.132031 0.216406 0.000945373
0 0.791016 0.533594 0.103906 0.415625 0.000971736
0 0.319922 0.676562 0.160156 0.2 0.00100614
0 0.349609 0.379687 0.196094 0.36875 0.00108468
0 0.262109 0.605469 0.111719 0.359375 0.00123694
0 0.332031 0.640234 0.278125 0.366406 0.00144944
0 0.374609 0.285937 0.189844 0.226562 0.00246203
0 0.751562 0.571875 0.159375 0.364062 0.00360563
0 0.278906 0.711719 0.125 0.25625 0.00387216
0 0.800391 0.683203 0.113281 0.225781 0.00779422
0 0.303125 0.492969 0.14375 0.515625 0.00949847
0 0.778125 0.632812 0.139062 0.303125 0.023145
0 0.298438 0.6375 0.148438 0.326562 0.0242646
