0 0.726172 0.311719 0.111719 0.1375 0.000100434
0 0.639453 0.364453 0.316406 0.414844 0.000102
0 0.392969 0.477344 0.151562 0.298438 0.000102223
0 0.780469 0.676172 0.109375 0.175781 0.000103113
0 0.789844 0.610547 0.1 0.242969 0.000107836
0 0.396094 0.314453 0.148438 0.186719 0.000110482
0 0.798828 0.719922 0.110156 0.230469 0.000111451
0 0.717969 0.794531 0.1875 0.159375 0.000112462
0 0.816016 0.0359375 0.249219 0.071875 0.000120483
0 0.198828 0.741406 0.0773437 0.1 0.000120787
0 0.755859 0.359375 0.0742188 0.11875 0.000122878
0 0.324219 0.371484 0.217187 0.316406 0.000128119
0 0.374609 0.650391 0.124219 0.186719 0.000128263
0 0.390234 0.301172 0.271094 0.314844 0.000134729
0 0.294141 0.655469 0.280469 0.326562 0.000137317
0 0.721875 0.151953 0.435937 0.303906 0.000142559
0 0.645703 0.539062 0.205469 0.51875 0.000151507
0 0.767578 0.569922 0.128906 0.338281 0.000154191
0 0.919531 0.106641 0.160938 0.213281 0.000156321
0 0.539062 0.140625 0.45 0.26875 0.000159667
0 0.890234 0.0382813 0.219531 0.0734375 0.000178628
0 0.742578 0.656641 0.132031 0.180469 0.000182121
0 0.676562 0.301172 0.167187 0.213281 0.000183991
0 0.460547 0.201562 0.460156 0.403125 0.000184365
0 0.930078 0.0625 0.139844 0.125 0.000186282
0 0.658984 0.235156 0.169531 0.19375 0.000188019
0 0.757422 0.4625 0.125781 0.289062 0.000188971
0 0.239453 0.6125 0.147656 0.321875 0.000193949
0 0.356641 0.542969 0.186719 0.38125 0.000198979
0 0.458984 0.364062 0.335156 0.390625 0.000210526
0 0.749219 0.719531 0.276563 0.339063 0.000210947
0 0.797266 0.799219 0.110156 0.140625 0.000219513
0 0.725 0.0660156 0.367188 0.132031 0.000228365
0 0.722656 0.758203 0.0796875 0.0960938 0.000235064
0 0.385938 0.370313 0.190625 0.2625 0.000247179
0 0.636719 0.228125 0.13125 0.125 0.000264435
0 0.810938 0.114453 0.35625 0.227344 0.000276853
0 0.293359 0.558203 0.205469 0.402344 0.000287064
0 0.486719 0.471484 0.435937 0.683594 0.000310332
0 0.658594 0.697656 0.185937 0.225 0.00033231
0 0.558203 0.276953 0.352344 0.400781 0.000342027
0 0.696094 0.655078 0.192188 0.278906 0.000376292
0 0.718359 0.561719 0.202344 0.451562 0.000397421
0 0.648047 0.347656 0.178906 0.31875 0.000418801
0 0.339063 0.683203 0.171875 0.175781 0.0005036
0 0.861328 0.0644531 0.277344 0.128906 0.000520603
0 0.205859 0.732813 0.110156 0.159375 0.000578929
0 0.673828 0.757422 0.169531 0.167969 0.000579046
0 0.721094 0.758203 0.135937 0.142969 0.000854713
0 0.652344 0.26875 0.117188 0.146875 0.00099593
0 0.280469 0.666016 0.209375 0.217969 0.00100591
0 0.762109 0.665234 0.152344 0.291406 0.00108161
0 0.2375 0.704297 0.157813 0.208594 0.00147425
0 0.764844 0.760938 0.164062 0.190625 0.00220182
0 0.728125 0.725391 0.201562 0.221094 0.0028884
0 0.644531 0.248437 0.0859375 0.0984375 0.00564043
