0 0.753125 0.432813 0.18125 0.29375 0.000112713
0 0.340625 0.68125 0.0921875 0.114063 0.000114425
0 0.38125 0.553125 0.134375 0.246875 0.000119193
0 0.342187 0.446875 0.1 0.170312 0.000124498
0 0.924609 0.688672 0.144531 0.421094 0.000130114
0 0.442578 0.553125 0.113281 0.192188 0.000130886
0 0.425 0.551953 0.071875 0.0726563 0.000134392
0 0.444531 0.614062 0.139062 0.253125 0.000134639
0 0.919922 0.804297 0.0992187 0.132031 0.000134782
0 0.474219 0.313281 0.164062 0.240625 0.000135713
0 0.900781 0.801562 0.071875 0.090625 0.000139911
0 0.635938 0.0347656 0.278125 0.0695312 0.000143385
0 0.885547 0.401172 0.155469 0.450781 0.000151657
0 0.807031 0.807422 0.226562 0.169531 0.000155464
0 0.848047 0.344922 0.142969 0.261719 0.000158478
0 0.848437 0.570312 0.159375 0.204688 0.000158985
0 0.374219 0.287109 0.117188 0.110156 0.000165322
0 0.831641 0.506641 0.150781 0.207031 0.000177558
0 0.325781 0.510938 0.101562 0.265625 0.000199518
0 0.423438 0.552344 0.101562 0.126563 0.000266142
0 0.811719 0.449219 0.15 0.273438 0.000318464
0 0.4625 0.683984 0.190625 0.217969 0.000320848
0 0.401563 0.658594 0.148438 0.2125 0.00035022
0 0.359766 0.617578 0.149219 0.280469 0.000362112
0 0.311328 0.637109 0.122656 0.217969 0.000391391
0 0.400781 0.296484 0.16875 0.166406 0.000401541
0 0.768359 0.609766 0.217969 0.557031 0.000482361
0 0.880859 0.810547 0.130469 0.136719 0.00048426
0 0.4125 0.731641 0.254687 0.221094 0.000529794
0 0.441016 0.366016 0.157031 0.194531 0.000530892
0 0.780469 0.73125 0.2125 0.271875 0.000595722
0 0.348828 0.384766 0.121094 0.244531 0.000633432
0 0.846094 0.449219 0.13125 0.217187 0.000683939
0 0.283984 0.701172 0.128906 0.230469 0.000718164
0 0.405859 0.402734 0.146094 0.185156 0.000772311
0 0.461719 0.556641 0.260938 0.497656 0.000823795
0 0.853125 0.778125 0.196875 0.2 0.000860508
0 0.321094 0.716797 0.09375 0.111719 0.000996694
0 0.876172 0.524609 0.138281 0.280469 0.00108054
0 0.303516 0.524609 0.186719 0.607031 0.00113031
0 0.421875 0.434766 0.207813 0.372656 0.00143371
0 0.844141 0.708203 0.230469 0.327344 0.00151323
0 0.794531 0.405859 0.2375 0.399219 0.00162134
0 0.333984 0.49375 0.141406 0.4125 0.00188966
0 0.883984 0.589453 0.199219 0.524219 0.0019634
0 0.414844 0.649609 0.248437 0.274219 0.00354877
0 0.323047 0.714844 0.147656 0.171875 0.0105297
0 0.323828 0.605469 0.152344 0.36875 0.0118018
0 0.395312 0.357812 0.2 0.2625 0.0233642
0 0.824609 0.522266 0.275781 0.566406 0.0465508
0 0.354688 0.689062 0.215625 0.2375 0.0798
0 0.375391 0.517578 0.232031 0.533594 0.169344
0 0.849219 0.474609 0.179688 0.405469 0.327984
