0 0.334375 0.385547 0.10625 0.178906 0.00010049
0 0.275391 0.190625 0.128906 0.13125 0.000102317
0 0.150391 0.386328 0.286719 0.463281 0.000102551
0 0.219922 0.550781 0.139844 0.146875 0.00010578
0 0.2375 0.259766 0.107813 0.157031 0.000110416
0 0.678906 0.448047 0.148438 0.182031 0.000113274
0 0.173828 0.552344 0.136719 0.178125 0.000114246
0 0.0261719 0.517187 0.0492188 0.385938 0.000118721
0 0.219922 0.301562 0.110156 0.178125 0.000124512
0 0.719141 0.644141 0.308594 0.307031 0.000130329
0 0.655859 0.530859 0.132031 0.219531 0.000131639
0 0.174219 0.446875 0.114063 0.215625 0.000134662
0 0.0339844 0.319922 0.0664062 0.291406 0.000136576
0 0.620703 0.385156 0.136719 0.214062 0.000138705
0 0.0957031 0.630469 0.0914062 0.151562 0.000139369
0 0.302344 0.336328 0.123438 0.113281 0.000140038
0 0.678125 0.594531 0.135937 0.201562 0.000141574
0 0.216797 0.365625 0.113281 0.164062 0.000144286
0 0.744531 0.513281 0.13125 0.203125 0.000152092
0 0.623047 0.480469 0.144531 0.182812 0.000152235
0 0.830469 0.5625 0.221875 0.5375 0.000157042
0 0.265625 0.285547 0.285937 0.383594 0.000165672
0 0.308984 0.603906 0.122656 0.159375 0.000185359
0 0.678906 0.360938 0.16875 0.185937 0.000188561
0 0.0925781 0.539062 0.130469 0.328125 0.000189937
0 0.636719 0.301562 0.13125 0.178125 0.000190931
0 0.796484 0.614844 0.121094 0.204688 0.000196692
0 0.621875 0.563672 0.170312 0.252344 0.00020288
0 0.255859 0.407031 0.0851562 0.110937 0.000202912
0 0.7875 0.405078 0.164062 0.380469 0.000207586
0 0.797266 0.554297 0.0914062 0.196094 0.000214066
0 0.657031 0.627344 0.210938 0.217187 0.000220829
0 0.742578 0.385938 0.0804688 0.104687 0.000233128
0 0.633203 0.34375 0.108594 0.134375 0.000234728
0 0.0496094 0.435547 0.0992187 0.502344 0.000243262
0 0.719922 0.574219 0.138281 0.228125 0.000244763
0 0.299219 0.550391 0.0875 0.0820312 0.000245706
0 0.735547 0.303516 0.108594 0.214844 0.000251005
0 0.218359 0.492188 0.155469 0.1875 0.000284586
0 0.332422 0.197656 0.141406 0.184375 0.000292429
0 0.297266 0.488281 0.139844 0.220313 0.000315533
0 0.0707031 0.350391 0.136719 0.308594 0.000316217
0 0.249219 0.239844 0.167187 0.207813 0.000373962
0 0.195703 0.397656 0.155469 0.265625 0.000426686
0 0.025 0.395312 0.046875 0.38125 0.000434605
0 0.723828 0.427344 0.124219 0.225 0.000460679
0 0.721094 0.632031 0.179688 0.185937 0.000537457
0 0.659766 0.478125 0.202344 0.367188 0.000568432
0 0.116406 0.374219 0.192188 0.345313 0.000640233
0 0.739062 0.364453 0.101562 0.175781 0.000770655
0 0.326172 0.309375 0.124219 0.139062 0.000776627
0 0.235547 0.302344 0.172656 0.234375 0.00080704
0 0.333203 0.320312 0.0929687 0.0859375 0.000869482
0 0.136719 0.579687 0.160938 0.2125 0.000908767
0 0.803125 0.539453 0.14375 0.360156 0.000971413
0 0.282813 0.563281 0.142188 0.1375 0.00103904
0 0.294141 0.296094 0.180469 0.214062 0.00111622
0 0.778125 0.510938 0.103125 0.25625 0.00113289
0 0.218359 0.471875 0.294531 0.396875 0.00133177
0 0.275781 0.379297 0.201562 0.324219 0.00143751
0 0.757031 0.448828 0.109375 0.258594 0.00164682
0 0.2625 0.528906 0.170312 0.148438 0.00167118
0 0.164453 0.480469 0.172656 0.315625 0.00174572
0 0.671094 0.292578 0.201562 0.263281 0.0017821
0 0.696094 0.568359 0.226562 0.286719 0.00190707
0 0.70625 0.461328 0.289062 0.525781 0.00243843
0 0.260938 0.466016 0.195312 0.288281 0.00252792
0 0.727344 0.357422 0.140625 0.253906 0.00289635
0 0.214844 0.538281 0.25 0.201562 0.004222
0 0.7625 0.601172 0.173438 0.275781 0.00594009
0 0.713281 0.394531 0.1875 0.39375 0.00943573
0 0.758594 0.477734 0.146875 0.408594 0.0179014
