0 0.253125 0.482422 0.142188 0.361719 0.000100532
0 0.972266 0.510938 0.0554687 0.23125 0.000106399
0 0.435937 0.0417969 0.16875 0.0804688 0.000107363
0 0.408594 0.770312 0.25 0.357812 0.000107554
0 0.978516 0.814062 0.0429688 0.298438 0.000112366
0 0.740234 0.110937 0.111719 0.139062 0.000114073
0 0.973437 0.73125 0.0515625 0.38125 0.000114194
0 0.7 0.595703 0.135937 0.200781 0.00011439
0 0.285156 0.965625 0.245312 0.0671875 0.0001165
0 0.761328 0.230859 0.135156 0.305469 0.000121462
0 0.305078 0.309375 0.0867188 0.107813 0.000125679
0 0.985547 0.426953 0.0289063 0.233594 0.000125722
0 0.974609 0.603125 0.0507812 0.375 0.000125787
0 0.290234 0.342969 0.0851562 0.10625 0.000126169
0 0.543359 0.369531 0.396094 0.726562 0.000129957
0 0.389453 0.0515625 0.161719 0.103125 0.000135443
0 0.371875 0.914453 0.298438 0.167969 0.000136281
0 0.809766 0.275 0.235156 0.385938 0.000136347
0 0.723437 0.636719 0.14375 0.196875 0.000144872
0 0.885156 0.429688 0.201562 0.335938 0.000145496
0 0.652734 0.574219 0.119531 0.232812 0.000152557
0 0.257812 0.353906 0.185937 0.409375 0.000159326
0 0.327734 0.649609 0.147656 0.178906 0.000174019
0 0.367188 0.448438 0.140625 0.24375 0.000174692
0 0.341406 0.0917969 0.232812 0.180469 0.000177679
0 0.865234 0.613281 0.258594 0.58125 0.000186237
0 0.758594 0.189844 0.0671875 0.109375 0.000187137
0 0.786328 0.608203 0.169531 0.350781 0.000187204
0 0.323047 0.532812 0.144531 0.25 0.00019033
0 0.262891 0.636719 0.0773437 0.117188 0.000190793
0 0.70625 0.407422 0.15 0.247656 0.000195389
0 0.758594 0.556641 0.075 0.0914062 0.000204785
0 0.664453 0.317187 0.185156 0.471875 0.000206948
0 0.405078 0.403906 0.132031 0.23125 0.000211873
0 0.362891 0.966016 0.197656 0.0664062 0.000213139
0 0.759375 0.669922 0.15 0.217969 0.000214215
0 0.633594 0.437109 0.24375 0.733594 0.000215034
0 0.449219 0.176563 0.154687 0.317187 0.000249814
0 0.756641 0.348047 0.111719 0.163281 0.000260928
0 0.725781 0.554297 0.125 0.236719 0.000262939
0 0.363672 0.307031 0.185156 0.185937 0.000267779
0 0.741016 0.134766 0.141406 0.235156 0.000271181
0 0.757422 0.153906 0.0820312 0.148438 0.000300787
0 0.975391 0.440625 0.0492188 0.44375 0.000310911
0 0.292578 0.233984 0.194531 0.349219 0.00031541
0 0.30625 0.425781 0.135937 0.267188 0.000318999
0 0.660547 0.639844 0.178906 0.220313 0.000330775
0 0.758984 0.619922 0.330469 0.411719 0.000332948
0 0.361719 0.576563 0.184375 0.19375 0.000334378
0 0.260156 0.626172 0.298438 0.353906 0.000352843
0 0.845312 0.354297 0.223438 0.330469 0.000361689
0 0.301953 0.286328 0.125781 0.225781 0.00039371
0 0.333594 0.944922 0.228125 0.107031 0.000447722
0 0.957422 0.478125 0.0851562 0.789062 0.000463946
0 0.424219 0.0835937 0.176563 0.167187 0.000557209
0 0.308594 0.755078 0.309375 0.382031 0.000637814
0 0.722656 0.232422 0.190625 0.402344 0.000669701
0 0.878516 0.357031 0.242969 0.607813 0.000670803
0 0.758594 0.55625 0.0890625 0.192188 0.000684428
0 0.291406 0.342969 0.121875 0.184375 0.000706637
0 0.266016 0.375 0.324219 0.646875 0.000758109
0 0.399219 0.536328 0.184375 0.313281 0.000771437
0 0.285156 0.667578 0.1875 0.242969 0.000812373
0 0.666406 0.519141 0.23125 0.442969 0.000888824
0 0.416406 0.390625 0.175 0.36875 0.000932042
0 0.35 0.15 0.139062 0.178125 0.000998483
0 0.737109 0.385156 0.138281 0.182812 0.00102663
0 0.3625 0.383594 0.176563 0.207813 0.00118545
0 0.757031 0.606641 0.121875 0.244531 0.00135382
0 0.808203 0.43125 0.244531 0.498437 0.00144063
0 0.405859 0.175391 0.147656 0.221094 0.00149138
0 0.264844 0.616016 0.109375 0.191406 0.00159199
0 0.341406 0.669922 0.284375 0.302344 0.00166111
0 0.321094 0.329297 0.0859375 0.0945313 0.00170498
0 0.3375 0.180078 0.239063 0.291406 0.00181538
0 0.273047 0.560938 0.142969 0.292188 0.00187158
0 0.415234 0.391406 0.225781 0.58125 0.00188401
0 0.380078 0.639844 0.199219 0.207813 0.00197877
0 0.755078 0.516797 0.155469 0.413281 0.00198889
0 0.751953 0.357812 0.174219 0.29375 0.00217158
0 0.294141 0.437891 0.183594 0.407031 0.00221178
0 0.330859 0.555078 0.280469 0.366406 0.00386012
0 0.710547 0.610156 0.207031 0.278125 0.00449836
0 0.321875 0.34375 0.114063 0.14375 0.00510438
0 0.71875 0.441016 0.198437 0.394531 0.00972802
0 0.320312 0.357422 0.15 0.244531 0.012214
0 0.325781 0.321094 0.226562 0.379687 0.0172673
0 0.807031 0.4 0.339063 0.735937 0.019681
0 0.318359 0.614453 0.213281 0.219531 0.020718
0 0.351562 0.429688 0.242188 0.485938 0.0320483
0 0.391797 0.132422 0.213281 0.252344 0.104383
0 0.369922 0.282031 0.260156 0.557813 0.243659
0 0.714453 0.389844 0.232031 0.717188 0.308912
