0 0.911719 0.645703 0.14375 0.308594 0.000101193
0 0.319922 0.321484 0.108594 0.169531 0.00010558
0 0.364844 0.530859 0.1375 0.238281 0.000112302
0 0.114453 0.719531 0.228906 0.560938 0.000113445
0 0.410547 0.284375 0.107031 0.120312 0.000122476
0 0.248828 0.595703 0.117969 0.260156 0.000131372
0 0.674219 0.622656 0.4 0.525 0.00013405
0 0.782812 0.668359 0.15 0.158594 0.000140686
0 0.716016 0.205859 0.208594 0.166406 0.000145909
0 0.343359 0.677734 0.0914062 0.108594 0.000148695
0 0.8 0.34375 0.109375 0.232812 0.000151676
0 0.837891 0.473047 0.108594 0.210156 0.000153415
0 0.0660156 0.813281 0.127344 0.373437 0.00015407
0 0.298828 0.314063 0.0757812 0.129688 0.00015997
0 0.38125 0.470313 0.132812 0.167187 0.00016057
0 0.6875 0.542188 0.221875 0.382812 0.000162497
0 0.716016 0.272266 0.0773437 0.0898438 0.000162587
0 0.941797 0.774219 0.116406 0.451562 0.000163093
0 0.300391 0.408594 0.108594 0.226562 0.000165203
0 0.396484 0.623828 0.321094 0.455469 0.000178236
0 0.972656 0.798047 0.0546875 0.403906 0.000183677
0 0.409766 0.564453 0.144531 0.330469 0.000185867
0 0.551953 0.572656 0.516406 0.854688 0.00020006
0 0.764453 0.529688 0.142969 0.207813 0.000205194
0 0.880078 0.674219 0.0835937 0.1125 0.000219222
0 0.311328 0.288672 0.0820312 0.100781 0.000219887
0 0.721484 0.239063 0.291406 0.267188 0.000220828
0 0.246484 0.751953 0.357031 0.380469 0.000222217
0 0.379687 0.595703 0.134375 0.182031 0.000230546
0 0.237891 0.745703 0.153906 0.224219 0.000243611
0 0.269531 0.483594 0.298438 0.540625 0.000247346
0 0.217578 0.648438 0.177344 0.353125 0.000251506
0 0.889063 0.741016 0.19375 0.352344 0.00025363
0 0.758203 0.277344 0.178906 0.1875 0.000305719
0 0.413281 0.438281 0.154687 0.359375 0.000339255
0 0.855078 0.533984 0.113281 0.275781 0.000351592
0 0.303516 0.491406 0.124219 0.240625 0.000354291
0 0.722266 0.578516 0.182031 0.199219 0.000373348
0 0.302344 0.709766 0.151562 0.166406 0.000385204
0 0.284766 0.553516 0.125781 0.275781 0.000434142
0 0.321484 0.364453 0.161719 0.288281 0.000456593
0 0.764063 0.491406 0.21875 0.204688 0.000462653
0 0.705859 0.480469 0.158594 0.240625 0.00046455
0 0.4125 0.301172 0.140625 0.185156 0.000491776
0 0.811328 0.702344 0.285156 0.264062 0.000613663
0 0.805469 0.45 0.129688 0.25625 0.000682447
0 0.377344 0.321875 0.204688 0.254687 0.000818111
0 0.384766 0.694531 0.167969 0.2375 0.000881206
0 0.740234 0.635547 0.146094 0.177344 0.00088345
0 0.880078 0.673828 0.121094 0.166406 0.00110783
0 0.80625 0.530859 0.139062 0.247656 0.0011409
0 0.323438 0.616797 0.151562 0.233594 0.00121616
0 0.699219 0.257422 0.121875 0.107031 0.00124109
0 0.805078 0.617578 0.144531 0.192969 0.00126634
0 0.8 0.368359 0.164062 0.350781 0.0012851
0 0.694531 0.620313 0.15625 0.189063 0.00133807
0 0.309766 0.740234 0.278906 0.228906 0.00142496
0 0.257422 0.571875 0.164844 0.385938 0.00147441
0 0.282031 0.6375 0.140625 0.2375 0.0018139
0 0.288672 0.491016 0.169531 0.436719 0.00234769
0 0.828906 0.445312 0.145313 0.3875 0.00240542
0 0.860937 0.616797 0.129688 0.236719 0.00277756
0 0.741797 0.365234 0.236719 0.417969 0.00294954
0 0.371875 0.611719 0.176563 0.279687 0.00299906
0 0.745313 0.669141 0.259375 0.224219 0.00418847
0 0.355859 0.407813 0.222656 0.40625 0.00451996
0 0.254297 0.682422 0.167969 0.242969 0.00599394
0 0.709375 0.251172 0.160938 0.169531 0.00618045
0 0.750391 0.565234 0.247656 0.316406 0.00663517
0 0.339453 0.676953 0.207031 0.182031 0.0078135
0 0.848437 0.659375 0.192188 0.226562 0.0101766
0 0.835938 0.553906 0.179688 0.364062 0.0311282
0 0.333594 0.555859 0.226562 0.410156 0.0393911
0 0.783594 0.464844 0.225 0.4875 0.0500155
0 0.792578 0.623047 0.257031 0.252344 0.0764665
0 0.310547 0.652344 0.242969 0.284375 0.150567
