0 0.0242187 0.526172 0.0484375 0.492969 0.000100368
0 0.675 0.739844 0.084375 0.103125 0.000101362
0 0.279297 0.71875 0.136719 0.226562 0.000104059
0 0.95 0.722266 0.1 0.555469 0.000104672
0 0.280078 0.615625 0.135156 0.19375 0.000105475
0 0.302734 0.882031 0.257031 0.235938 0.00010713
0 0.483984 0.509766 0.133594 0.161719 0.000107931
0 0.783203 0.695703 0.0882813 0.105469 0.00010925
0 0.261328 0.34375 0.128906 0.214062 0.000111197
0 0.465625 0.451172 0.10625 0.191406 0.000115942
0 0.446484 0.532422 0.0882813 0.107031 0.000116739
0 0.523438 0.402734 0.192188 0.282031 0.000117875
0 0.236328 0.555078 0.157031 0.183594 0.000117927
0 0.426562 0.614844 0.0859375 0.1125 0.000118506
0 0.0429688 0.521875 0.0859375 0.710938 0.000120662
0 0.729297 0.355469 0.0726563 0.0796875 0.000124587
0 0.0285156 0.734766 0.0570313 0.516406 0.00012479
0 0.801562 0.716406 0.0875 0.1 0.000129442
0 0.712109 0.410547 0.169531 0.332031 0.000130097
0 0.627734 0.608594 0.183594 0.309375 0.000130675
0 0.178125 0.778516 0.135937 0.261719 0.000132413
0 0.0941406 0.0292969 0.180469 0.0570313 0.000136846
0 0.741406 0.750391 0.15 0.135156 0.000139672
0 0.685156 0.7875 0.1375 0.142188 0.00014365
0 0.969922 0.44375 0.0601562 0.596875 0.000150711
0 0.341406 0.801953 0.264062 0.205469 0.000151089
0 0.820703 0.660156 0.0898438 0.109375 0.000153199
0 0.761719 0.487891 0.184375 0.435156 0.000153738
0 0.51875 0.484766 0.304688 0.403906 0.000159336
0 0.759766 0.616016 0.150781 0.224219 0.000165402
0 0.719531 0.0277344 0.242188 0.0539063 0.000167308
0 0.445312 0.419531 0.171875 0.31875 0.000174936
0 0.293359 0.282031 0.289844 0.35625 0.000181512
0 0.225781 0.889453 0.259375 0.214844 0.00018457
0 0.676953 0.215625 0.0507812 0.0578125 0.000185306
0 0.839453 0.735156 0.119531 0.157813 0.00018686
0 0.426953 0.327734 0.0726563 0.107031 0.000190927
0 0.341797 0.272656 0.128906 0.160938 0.000206347
0 0.971484 0.765625 0.0570313 0.46875 0.000207071
0 0.0824219 0.713672 0.160156 0.536719 0.000209394
0 0.341797 0.165234 0.116406 0.102344 0.000221385
0 0.434766 0.357422 0.0789063 0.125781 0.000221832
0 0.196484 0.655078 0.0898438 0.107031 0.000225279
0 0.178906 0.552734 0.120312 0.211719 0.00023198
0 0.259375 0.405078 0.125 0.147656 0.000234867
0 0.819922 0.616797 0.128906 0.232031 0.000242179
0 0.369922 0.614844 0.150781 0.229687 0.000249909
0 0.163672 0.694922 0.142969 0.203906 0.000252987
0 0.503906 0.599219 0.2875 0.3375 0.00025456
0 0.978516 0.559766 0.0429688 0.414844 0.000255372
0 0.219141 0.673437 0.0898438 0.109375 0.000256628
0 0.364844 0.739062 0.260938 0.20625 0.000257622
0 0.801953 0.678125 0.0898438 0.107813 0.000258049
0 0.677344 0.574219 0.135937 0.1625 0.000290513
0 0.822266 0.695312 0.0882813 0.101562 0.000303586
0 0.657812 0.760156 0.11875 0.154687 0.000309617
0 0.444531 0.392578 0.0859375 0.136719 0.000316168
0 0.199609 0.408594 0.121094 0.189063 0.000328263
0 0.738281 0.787109 0.292188 0.225781 0.000330598
0 0.178516 0.447266 0.0945313 0.177344 0.00034652
0 0.260156 0.821094 0.232812 0.198437 0.000362155
0 0.473437 0.691016 0.179688 0.292969 0.000368752
0 0.800781 0.732031 0.140625 0.139062 0.000386765
0 0.21875 0.616406 0.142188 0.214062 0.000395972
0 0.287891 0.275 0.171094 0.2125 0.000398271
0 0.407422 0.754687 0.339844 0.382812 0.000402616
0 0.416016 0.577344 0.125781 0.229687 0.000432169
0 0.391016 0.692578 0.152344 0.205469 0.000456765
0 0.279687 0.657812 0.20625 0.196875 0.000490312
0 0.167578 0.852734 0.227344 0.282031 0.000500272
0 0.459766 0.553125 0.122656 0.178125 0.000503928
0 0.13125 0.647266 0.20625 0.560156 0.000505399
0 0.698828 0.486328 0.242969 0.528906 0.000519122
0 0.807422 0.708984 0.303906 0.358594 0.000532439
0 0.456641 0.614062 0.122656 0.204688 0.000574979
0 0.798828 0.571875 0.192969 0.367188 0.000601053
0 0.446484 0.714453 0.113281 0.222656 0.000629456
0 0.502734 0.484375 0.214844 0.24375 0.000659189
0 0.702734 0.619922 0.186719 0.210156 0.0006602
0 0.236719 0.395312 0.176563 0.2375 0.000705065
0 0.691016 0.699609 0.286719 0.303906 0.000746182
0 0.18125 0.636719 0.126563 0.201562 0.000783459
0 0.169141 0.568359 0.146094 0.357031 0.000817582
0 0.349609 0.399219 0.269531 0.454688 0.00093424
0 0.281641 0.780859 0.167969 0.196094 0.00102516
0 0.442969 0.489062 0.135937 0.25 0.001041
0 0.697656 0.753906 0.196875 0.1875 0.00106385
0 0.676172 0.568359 0.189844 0.335156 0.00108705
0 0.185937 0.479688 0.132812 0.278125 0.0010901
0 0.196484 0.490234 0.178906 0.430469 0.0013993
0 0.219922 0.739062 0.177344 0.2125 0.00141711
0 0.430469 0.578906 0.314063 0.470313 0.00142932
0 0.369531 0.654688 0.228125 0.207813 0.00146854
0 0.760156 0.694922 0.151562 0.161719 0.00158566
0 0.681641 0.696875 0.133594 0.204688 0.00172282
0 0.797266 0.749219 0.217969 0.184375 0.0020191
0 0.422656 0.735156 0.189063 0.28125 0.002046
0 0.819531 0.695703 0.13125 0.150781 0.0021309
0 0.273047 0.381641 0.208594 0.352344 0.00226307
0 0.719141 0.675391 0.149219 0.177344 0.00237719
0 0.309766 0.575 0.313281 0.371875 0.00302981
0 0.33125 0.223438 0.145313 0.189063 0.00324553
0 0.16875 0.688672 0.175 0.335156 0.00344873
0 0.459766 0.566016 0.166406 0.272656 0.0034805
0 0.277734 0.821875 0.361719 0.307813 0.0038631
0 0.219141 0.674219 0.163281 0.175 0.00458512
0 0.407422 0.575391 0.189844 0.305469 0.00488939
0 0.795703 0.660156 0.185156 0.184375 0.00684063
0 0.279297 0.494531 0.319531 0.659375 0.0125595
0 0.201953 0.761719 0.225781 0.335938 0.0137705
0 0.735937 0.616797 0.25625 0.311719 0.0146944
0 0.428906 0.646484 0.154687 0.278906 0.0222385
0 0.217578 0.642187 0.232031 0.48125 0.0574353
0 0.366797 0.644531 0.277344 0.348437 0.058177
0 0.292188 0.708594 0.364062 0.398438 0.0922054
0 0.746875 0.697266 0.254687 0.216406 0.12684
