0 0.717188 0.107422 0.425 0.214844 0.000107305
0 0.619922 0.228906 0.164844 0.195312 0.000109601
0 0.946875 0.211328 0.10625 0.422656 0.000116674
0 0.342187 0.489453 0.165625 0.182031 0.000119631
0 0.634766 0.342187 0.119531 0.195312 0.000121059
0 0.235156 0.507812 0.125 0.164062 0.000122073
0 0.834375 0.305078 0.265625 0.453906 0.000122867
0 0.233984 0.551172 0.174219 0.283594 0.000126266
0 0.783594 0.529688 0.192188 0.19375 0.000128951
0 0.280859 0.443359 0.146094 0.233594 0.000141282
0 0.676172 0.517578 0.225781 0.252344 0.000147197
0 0.387891 0.512109 0.175781 0.224219 0.000152836
0 0.672266 0.364062 0.139844 0.246875 0.000159276
0 0.969922 0.272266 0.0601562 0.461719 0.000162491
0 0.354297 0.277344 0.161719 0.173438 0.00016347
0 0.347656 0.281641 0.215625 0.264844 0.000177833
0 0.308203 0.551953 0.227344 0.249219 0.000188007
0 0.238672 0.0335938 0.271094 0.0671875 0.000192494
0 0.718359 0.233203 0.213281 0.192969 0.000193335
0 0.153516 0.121875 0.305469 0.24375 0.000206326
0 0.673437 0.301953 0.170312 0.182031 0.000209317
0 0.763281 0.326172 0.1375 0.246094 0.00021935
0 0.202344 0.0636719 0.371875 0.127344 0.000246747
0 0.364844 0.425391 0.132812 0.221094 0.000263196
0 0.278906 0.488281 0.20625 0.179688 0.000269893
0 0.205078 0.509375 0.166406 0.490625 0.000320474
0 0.705469 0.382812 0.254687 0.221875 0.000336234
0 0.757031 0.285547 0.210938 0.292969 0.000395127
0 0.719922 0.444922 0.253906 0.186719 0.000419443
0 0.840625 0.564453 0.171875 0.238281 0.000459586
0 0.663672 0.423047 0.227344 0.353906 0.000466105
0 0.734766 0.512109 0.303906 0.357031 0.000585048
0 0.375391 0.363672 0.180469 0.400781 0.000637113
0 0.240234 0.366797 0.132031 0.214844 0.000759194
0 0.282813 0.341406 0.209375 0.190625 0.000872585
0 0.219141 0.445703 0.121094 0.272656 0.000953907
0 0.653906 0.28125 0.196875 0.310937 0.00100116
0 0.344531 0.466406 0.226562 0.303125 0.00108894
0 0.283594 0.40625 0.245312 0.217187 0.00112852
0 0.7875 0.592188 0.264062 0.3375 0.00127377
0 0.276953 0.503516 0.267969 0.411719 0.00187407
0 0.801172 0.435937 0.236719 0.553125 0.00998669
0 0.242578 0.43125 0.182031 0.371875 0.0136127
0 0.719141 0.365625 0.308594 0.476562 0.477574
0 0.300781 0.3875 0.290625 0.434375 0.489121
