0 0.262109 0.607031 0.0898438 0.096875 0.000103107
0 0.194531 0.631641 0.126563 0.132031 0.000103973
0 0.290625 0.283984 0.140625 0.183594 0.000104991
0 0.314844 0.59375 0.0859375 0.107813 0.000106058
0 0.219922 0.392969 0.0882813 0.129688 0.000106854
0 0.336328 0.594922 0.127344 0.149219 0.000107151
0 0.224609 0.344922 0.0664062 0.0929687 0.000108384
0 0.167578 0.608984 0.117969 0.192969 0.000116393
0 0.652344 0.530859 0.14375 0.202344 0.000120656
0 0.146094 0.0648438 0.292188 0.126563 0.000121921
0 0.210547 0.433203 0.0851562 0.117969 0.000134416
0 0.823438 0.675781 0.0703125 0.096875 0.000137588
0 0.222266 0.482031 0.141406 0.21875 0.000138095
0 0.605859 0.225391 0.102344 0.119531 0.000150193
0 0.743359 0.651563 0.171094 0.153125 0.000155634
0 0.334375 0.530859 0.13125 0.172656 0.000161667
0 0.783203 0.59375 0.0882813 0.1125 0.000162826
0 0.780078 0.63125 0.0867188 0.1 0.000171805
0 0.8125 0.571484 0.0703125 0.111719 0.000194902
0 0.649609 0.646875 0.122656 0.13125 0.000195169
0 0.8 0.651563 0.121875 0.14375 0.000244424
0 0.697656 0.533594 0.16875 0.23125 0.000323713
0 0.745313 0.612891 0.13125 0.150781 0.000329262
0 0.723437 0.492578 0.209375 0.371094 0.000361959
0 0.723437 0.571484 0.284375 0.330469 0.000372397
0 0.822656 0.603125 0.0953125 0.210938 0.000440577
0 0.244531 0.564453 0.273438 0.300781 0.000468485
0 0.771484 0.539844 0.135156 0.201562 0.000594237
0 0.304688 0.614844 0.128125 0.134375 0.000607738
0 0.235938 0.617188 0.204688 0.160938 0.000804235
0 0.210547 0.570703 0.171094 0.211719 0.000815774
0 0.798437 0.558984 0.0890625 0.160156 0.000866689
0 0.277734 0.519922 0.183594 0.228906 0.00101853
0 0.678516 0.612109 0.153906 0.182031 0.00102339
0 0.282813 0.591797 0.090625 0.100781 0.00102781
0 0.308203 0.563672 0.147656 0.171094 0.00151496
0 0.738672 0.576953 0.197656 0.208594 0.00308441
0 0.783203 0.599219 0.139844 0.198437 0.0054655
0 0.276172 0.591406 0.163281 0.142188 0.0106259
