0 0.306641 0.362891 0.121094 0.216406 0.000100346
0 0.330078 0.442187 0.136719 0.329688 0.000102945
0 0.306641 0.716797 0.147656 0.163281 0.000102962
0 0.7625 0.678906 0.0921875 0.114063 0.000108908
0 0.704687 0.450781 0.1625 0.198437 0.000110414
0 0.973828 0.392578 0.0523437 0.367969 0.000110493
0 0.944531 0.14375 0.110937 0.2875 0.000110996
0 0.255859 0.233203 0.0835937 0.127344 0.000111844
0 0.286719 0.632031 0.0875 0.109375 0.000115305
0 0.369531 0.71875 0.1125 0.139062 0.000115379
0 0.781641 0.636719 0.0851562 0.114063 0.000117588
0 0.337891 0.757812 0.255469 0.282813 0.000120068
0 0.33125 0.309766 0.134375 0.199219 0.000120534
0 0.551562 0.693359 0.4125 0.613281 0.000122191
0 0.622266 0.718359 0.128906 0.208594 0.000124089
0 0.876172 0.271094 0.0757812 0.110937 0.000130899
0 0.655078 0.179688 0.0539063 0.075 0.000132313
0 0.635156 0.198828 0.0765625 0.0882813 0.000134182
0 0.582422 0.686328 0.242969 0.394531 0.000136645
0 0.304688 0.651953 0.0859375 0.107031 0.000138108
0 0.481641 0.512109 0.427344 0.816406 0.000138622
0 0.204297 0.490234 0.0742188 0.111719 0.000145394
0 0.213672 0.558203 0.0820312 0.116406 0.00014711
0 0.696484 0.232422 0.219531 0.277344 0.000149454
0 0.976953 0.229687 0.0460938 0.459375 0.00015212
0 0.291797 0.307031 0.0617188 0.065625 0.000152561
0 0.233594 0.614062 0.0875 0.1125 0.000155636
0 0.257031 0.260938 0.0609375 0.08125 0.000160584
0 0.654688 0.695312 0.134375 0.19375 0.000161806
0 0.638672 0.575 0.138281 0.192188 0.000161878
0 0.296484 0.235547 0.146094 0.205469 0.000162469
0 0.803125 0.476562 0.167187 0.521875 0.000165132
0 0.266797 0.26875 0.107031 0.164062 0.000165534
0 0.252734 0.445312 0.116406 0.1875 0.000168845
0 0.662891 0.214062 0.0523437 0.06875 0.000171434
0 0.797656 0.677734 0.0875 0.117969 0.00018116
0 0.728906 0.0964844 0.429688 0.188281 0.000183506
0 0.951563 0.261328 0.0953125 0.522656 0.000186361
0 0.738281 0.385547 0.0734375 0.103906 0.000190934
0 0.725781 0.3875 0.0765625 0.15625 0.000198619
0 0.289453 0.671875 0.144531 0.154687 0.000202305
0 0.773828 0.49375 0.108594 0.2 0.000245022
0 0.708984 0.200781 0.0492188 0.0734375 0.00024658
0 0.808984 0.624219 0.292969 0.375 0.000255149
0 0.444922 0.739453 0.494531 0.521094 0.000256397
0 0.365625 0.648828 0.120312 0.144531 0.000258886
0 0.686719 0.162891 0.309375 0.232031 0.000267339
0 0.335547 0.633594 0.0882813 0.110937 0.00026917
0 0.747656 0.280859 0.05 0.0898438 0.0002828
0 0.233203 0.257812 0.0632813 0.101562 0.000292293
0 0.757031 0.364844 0.075 0.165625 0.000297107
0 0.659766 0.198437 0.0726563 0.0890625 0.00029763
0 0.234375 0.406641 0.110937 0.146094 0.000305235
0 0.177734 0.621875 0.296094 0.395312 0.000322096
0 0.725 0.531641 0.146875 0.250781 0.0003224
0 0.795313 0.597266 0.103125 0.219531 0.000325044
0 0.217187 0.414062 0.0703125 0.101562 0.000339887
0 0.3375 0.579687 0.11875 0.198437 0.000359125
0 0.7 0.233594 0.109375 0.14375 0.000363273
0 0.329688 0.436719 0.196875 0.610937 0.000374988
0 0.238281 0.365234 0.142188 0.291406 0.000385388
0 0.681641 0.231641 0.0523437 0.117969 0.000399171
0 0.291797 0.313281 0.100781 0.167187 0.000416674
0 0.721875 0.672266 0.151562 0.183594 0.000421296
0 0.604688 0.182031 0.295312 0.364062 0.000426321
0 0.822266 0.607031 0.150781 0.357812 0.000438625
0 0.697656 0.235156 0.053125 0.0921875 0.000473892
0 0.660937 0.191797 0.15625 0.189844 0.000477729
0 0.611328 0.612109 0.180469 0.296094 0.000519952
0 0.648828 0.290234 0.242969 0.413281 0.000524311
0 0.728516 0.242188 0.0445312 0.0859375 0.000528345
0 0.723437 0.720312 0.3 0.2875 0.000537054
0 0.812891 0.676172 0.103906 0.192969 0.000551532
0 0.301562 0.316797 0.08125 0.102344 0.000554619
0 0.742969 0.297656 0.0640625 0.151562 0.000559606
0 0.205469 0.493359 0.0890625 0.210156 0.000628576
0 0.292969 0.306641 0.164062 0.246094 0.000640097
0 0.678906 0.597656 0.1875 0.20625 0.000647945
0 0.737109 0.261328 0.0460938 0.0851562 0.000649031
0 0.763672 0.556641 0.108594 0.216406 0.000665834
0 0.316016 0.624609 0.299219 0.299219 0.000705975
0 0.198047 0.636328 0.0898438 0.121094 0.000728166
0 0.741406 0.472266 0.126563 0.199219 0.000777057
0 0.716016 0.235547 0.0664062 0.114844 0.000857381
0 0.732813 0.264062 0.06875 0.126563 0.000861841
0 0.741797 0.408203 0.100781 0.238281 0.000882555
0 0.257422 0.573828 0.152344 0.225781 0.000886767
0 0.737109 0.314844 0.0960938 0.223438 0.000891202
0 0.1875 0.66875 0.157813 0.253125 0.000961361
0 0.335156 0.673437 0.151562 0.167187 0.00106879
0 0.719141 0.326172 0.146094 0.317969 0.00123949
0 0.271094 0.715234 0.253125 0.239844 0.00125923
0 0.689453 0.199609 0.0601562 0.0929687 0.00139943
0 0.212891 0.599219 0.0820312 0.109375 0.00164529
0 0.697656 0.398047 0.217187 0.469531 0.0016843
0 0.180469 0.562109 0.132812 0.358594 0.00171626
0 0.743359 0.617188 0.147656 0.23125 0.00183873
0 0.316406 0.615234 0.0875 0.105469 0.00200678
0 0.660547 0.673437 0.205469 0.259375 0.0023742
0 0.199219 0.480078 0.121875 0.347656 0.00248442
0 0.217187 0.448047 0.0890625 0.158594 0.00253562
0 0.755859 0.408203 0.124219 0.385156 0.00282216
0 0.214844 0.553906 0.101562 0.21875 0.00289168
0 0.689062 0.562109 0.257812 0.391406 0.00332527
0 0.765625 0.7 0.2 0.215625 0.00345146
0 0.228906 0.450391 0.114063 0.277344 0.00416331
0 0.317969 0.562891 0.175 0.289844 0.00417578
0 0.735156 0.483203 0.182812 0.460156 0.0150628
0 0.789453 0.644141 0.142969 0.263281 0.0167925
0 0.317578 0.625391 0.150781 0.171094 0.0178389
0 0.199609 0.608203 0.117969 0.217969 0.0270085
0 0.269922 0.471094 0.217969 0.471875 0.041144
0 0.766797 0.568359 0.161719 0.374219 0.0461111
0 0.266016 0.619141 0.221094 0.211719 0.0772783
0 0.227344 0.545703 0.151562 0.335156 0.107264
0 0.728516 0.638281 0.241406 0.282813 0.12418
