0 0.192188 0.836328 0.08125 0.0773437 0.000104517
0 0.894531 0.882031 0.140625 0.18125 0.00010588
0 0.863672 0.596094 0.139844 0.176563 0.000106555
0 0.9125 0.0761719 0.175 0.152344 0.000106621
0 0.906641 0.800391 0.142969 0.250781 0.000108358
0 0.961719 0.0261719 0.0765625 0.0523437 0.000109526
0 0.954687 0.819531 0.090625 0.254687 0.000110639
0 0.803906 0.0335938 0.28125 0.0671875 0.000111245
0 0.839453 0.448047 0.188281 0.327344 0.000115682
0 0.964453 0.944141 0.0710938 0.111719 0.000117757
0 0.273438 0.887891 0.370313 0.199219 0.000119305
0 0.237891 0.720312 0.149219 0.25625 0.000121614
0 0.9625 0.441016 0.075 0.599219 0.000122222
0 0.299219 0.548437 0.184375 0.1875 0.000124597
0 0.918359 0.0179687 0.163281 0.0359375 0.000126212
0 0.803516 0.0839844 0.371094 0.167969 0.000130863
0 0.383594 0.734766 0.210938 0.339844 0.000132858
0 0.926172 0.848047 0.0851562 0.108594 0.000134734
0 0.391797 0.318359 0.0648438 0.0835937 0.000135916
0 0.929297 0.0496094 0.141406 0.0992187 0.000137017
0 0.74375 0.475391 0.182812 0.296094 0.000138081
0 0.386328 0.840625 0.183594 0.173438 0.000140129
0 0.398047 0.318359 0.167969 0.189844 0.000144175
0 0.739062 0.805469 0.203125 0.251563 0.000152947
0 0.740234 0.356641 0.192969 0.257031 0.000194831
0 0.337891 0.840234 0.352344 0.274219 0.000195701
0 0.430469 0.357422 0.145313 0.235156 0.000218749
0 0.416406 0.454297 0.16875 0.274219 0.000221275
0 0.275391 0.489844 0.189844 0.31875 0.000254432
0 0.975 0.519922 0.05 0.444531 0.000266368
0 0.854688 0.0554687 0.290625 0.110937 0.000273287
0 0.0957031 0.551562 0.180469 0.682813 0.000294136
0 0.404687 0.3125 0.120312 0.128125 0.000308571
0 0.046875 0.471875 0.09375 0.359375 0.000316353
0 0.932031 0.56875 0.132812 0.529688 0.00033607
0 0.941406 0.928125 0.115625 0.139062 0.000340386
0 0.0304688 0.564844 0.0609375 0.492188 0.000390871
0 0.279687 0.760938 0.209375 0.210938 0.000399065
0 0.378516 0.381641 0.222656 0.311719 0.000399422
0 0.184375 0.841406 0.120312 0.107813 0.000405352
0 0.966016 0.642578 0.0679687 0.596094 0.000424872
0 0.748828 0.645312 0.241406 0.510938 0.000444389
0 0.891797 0.0328125 0.216406 0.065625 0.00046511
0 0.748828 0.485938 0.311719 0.695312 0.000483257
0 0.394141 0.625781 0.250781 0.579687 0.000487455
0 0.338281 0.525781 0.271875 0.33125 0.00053268
0 0.7875 0.397266 0.223438 0.335156 0.000565012
0 0.882422 0.658594 0.146094 0.276563 0.000574469
0 0.348828 0.807422 0.211719 0.210156 0.000587854
0 0.207031 0.766797 0.234375 0.303906 0.00063378
0 0.05 0.598047 0.1 0.711719 0.00075097
0 0.766016 0.775 0.322656 0.35625 0.000949793
0 0.816406 0.844531 0.329688 0.296875 0.000967751
0 0.210938 0.829297 0.203125 0.158594 0.00112053
0 0.184375 0.63125 0.278125 0.560938 0.00115258
0 0.930469 0.857422 0.135937 0.199219 0.00122581
0 0.346094 0.492188 0.320312 0.70625 0.00138628
0 0.803906 0.524609 0.253125 0.363281 0.00147677
0 0.913672 0.695312 0.164844 0.398438 0.00152309
0 0.894922 0.858203 0.205469 0.263281 0.0016308
0 0.274609 0.584766 0.225781 0.400781 0.00237975
0 0.3 0.764453 0.328125 0.305469 0.00578835
0 0.238281 0.683203 0.235938 0.403906 0.0102229
0 0.878906 0.614062 0.198437 0.51875 0.014173
0 0.859375 0.745703 0.271875 0.442969 0.0210621
0 0.816797 0.607422 0.308594 0.636719 0.289187
0 0.293359 0.622266 0.321094 0.577344 0.306008
