0 0.625781 0.491406 0.23125 0.378125 0.00010292
0 0.660547 0.592578 0.164844 0.185156 0.000104513
0 0.744922 0.683984 0.310156 0.383594 0.000108339
0 0.752344 0.594531 0.114063 0.2625 0.000113645
0 0.296094 0.550391 0.185937 0.196094 0.000115488
0 0.625391 0.450391 0.280469 0.630469 0.000155705
0 0.30625 0.344141 0.284375 0.294531 0.000201903
0 0.683984 0.451562 0.188281 0.325 0.000218305
0 0.327734 0.667969 0.125781 0.151562 0.000232334
0 0.746094 0.494531 0.242188 0.632812 0.000233178
0 0.705859 0.735156 0.205469 0.203125 0.000240652
0 0.584766 0.570312 0.211719 0.457812 0.000263614
0 0.282422 0.382031 0.139844 0.209375 0.00028549
0 0.237891 0.659375 0.214844 0.19375 0.000386062
0 0.600781 0.687109 0.18125 0.214844 0.000398869
0 0.195312 0.542578 0.18125 0.392969 0.000422782
0 0.750781 0.679297 0.142188 0.280469 0.000441495
0 0.698047 0.635547 0.167969 0.210156 0.00047381
0 0.236328 0.554688 0.147656 0.24375 0.000660129
0 0.717578 0.553516 0.139844 0.282031 0.000750543
0 0.322266 0.606641 0.171094 0.271094 0.000871983
0 0.280859 0.407813 0.199219 0.335938 0.00123717
0 0.310937 0.341016 0.185937 0.214844 0.0029209
0 0.653906 0.675781 0.3 0.2875 0.00365228
0 0.255078 0.591016 0.255469 0.322656 0.00858159
0 0.716797 0.629687 0.180469 0.360938 0.0109304
0 0.677344 0.555078 0.245312 0.488281 0.432267
0 0.284375 0.4875 0.278125 0.528125 0.450366
