0 0.914062 0.0441406 0.16875 0.0882813 0.000102763
0 0.421875 0.510938 0.084375 0.104687 0.000105471
0 0.0703125 0.0277344 0.140625 0.0554687 0.00011165
0 0.363672 0.648047 0.136719 0.124219 0.000112037
0 0.911719 0.858984 0.176563 0.282031 0.000112315
0 0.784766 0.567187 0.0835937 0.10625 0.000114368
0 0.845312 0.768359 0.30625 0.463281 0.000116673
0 0.836719 0.799219 0.0734375 0.128125 0.00011888
0 0.860156 0.0316406 0.246875 0.0601562 0.000119109
0 0.721094 0.491797 0.129688 0.235156 0.000120328
0 0.692969 0.2125 0.114063 0.126563 0.000124627
0 0.456641 0.283984 0.0789063 0.103906 0.000125255
0 0.819922 0.757422 0.0804688 0.113281 0.000133534
0 0.311719 0.552344 0.129688 0.267188 0.00014137
0 0.693359 0.284766 0.124219 0.189844 0.000143746
0 0.411328 0.358594 0.238281 0.514063 0.00014395
0 0.278516 0.61875 0.133594 0.232812 0.000147405
0 0.954297 0.850781 0.0914062 0.298438 0.00015488
0 0.718359 0.195312 0.108594 0.107813 0.000159062
0 0.776563 0.322656 0.08125 0.1125 0.00017056
0 0.764063 0.383984 0.125 0.227344 0.000184642
0 0.815234 0.61875 0.114844 0.214062 0.000201873
0 0.777734 0.796875 0.208594 0.257812 0.00020428
0 0.970703 0.886328 0.0585938 0.227344 0.0002069
0 0.421484 0.305469 0.172656 0.23125 0.00020815
0 0.426562 0.660156 0.139062 0.139062 0.00022356
0 0.327734 0.403125 0.111719 0.196875 0.000234619
0 0.403906 0.527344 0.0828125 0.09375 0.000249246
0 0.688281 0.635547 0.292188 0.363281 0.000251992
0 0.358203 0.328516 0.174219 0.314844 0.000263394
0 0.724609 0.574609 0.139844 0.246094 0.00028719
0 0.685156 0.674219 0.125 0.178125 0.000288047
0 0.369922 0.465625 0.177344 0.195312 0.000317367
0 0.946094 0.719922 0.107813 0.560156 0.000327532
0 0.745313 0.319922 0.1125 0.142969 0.000334258
0 0.799219 0.529297 0.08125 0.100781 0.000363274
0 0.733984 0.251563 0.146094 0.214062 0.000421589
0 0.719922 0.691797 0.141406 0.175781 0.000453173
0 0.799609 0.467578 0.105469 0.239844 0.000531043
0 0.738281 0.352734 0.189063 0.336719 0.000541931
0 0.973047 0.764063 0.0539063 0.471875 0.000554185
0 0.791797 0.350781 0.113281 0.2125 0.000606633
0 0.818359 0.719141 0.0773437 0.110156 0.000615295
0 0.763281 0.512891 0.146875 0.263281 0.000641013
0 0.366016 0.526563 0.146094 0.240625 0.000645118
0 0.420312 0.595703 0.176563 0.258594 0.000663243
0 0.383984 0.641406 0.196094 0.178125 0.000800787
0 0.829687 0.761328 0.0984375 0.191406 0.00087869
0 0.760547 0.654297 0.149219 0.211719 0.000900414
0 0.787891 0.717578 0.138281 0.178906 0.000932073
0 0.817969 0.623828 0.292188 0.533594 0.000932404
0 0.321875 0.635547 0.176563 0.185156 0.00116601
0 0.786328 0.529297 0.119531 0.182031 0.00117259
0 0.742969 0.7375 0.240625 0.2625 0.00130935
0 0.301953 0.478516 0.183594 0.492969 0.0015273
0 0.769141 0.309766 0.128906 0.210156 0.00165673
0 0.33125 0.405859 0.1375 0.322656 0.00181933
0 0.793359 0.446484 0.136719 0.383594 0.001859
0 0.404687 0.528125 0.128125 0.1875 0.00190866
0 0.717188 0.445703 0.21875 0.575781 0.00216955
0 0.408203 0.516406 0.213281 0.328125 0.00225758
0 0.825391 0.518359 0.171094 0.566406 0.00379197
0 0.783594 0.592969 0.139062 0.257812 0.0040631
0 0.708203 0.646484 0.185156 0.249219 0.00476302
0 0.357812 0.587891 0.232812 0.282031 0.00594381
0 0.815625 0.699609 0.128125 0.257031 0.0068874
0 0.772656 0.660156 0.203125 0.317187 0.0415794
0 0.766406 0.522266 0.198437 0.503906 0.193513
0 0.369531 0.461719 0.24375 0.495313 0.435218
