0 0.661719 0.529688 0.084375 0.1 0.000100025
0 0.200391 0.599219 0.0835937 0.117188 0.00010012
0 0.06875 0.388281 0.128125 0.332812 0.000101033
0 0.962109 0.944531 0.0757812 0.110937 0.000102677
0 0.709375 0.49375 0.0765625 0.107813 0.000107797
0 0.169922 0.623047 0.302344 0.578906 0.000110216
0 0.575 0.423047 0.121875 0.208594 0.000115936
0 0.730469 0.460938 0.285937 0.509375 0.000116479
0 0.207031 0.0636719 0.253125 0.122656 0.000118898
0 0.614062 0.223438 0.0828125 0.114063 0.000120388
0 0.970312 0.758203 0.059375 0.188281 0.000122089
0 0.596875 0.468359 0.13125 0.224219 0.000123156
0 0.983203 0.239063 0.0335938 0.2 0.00012373
0 0.0628906 0.857422 0.125781 0.285156 0.000124955
0 0.946094 0.922266 0.107813 0.155469 0.000130006
0 0.981641 0.779297 0.0367187 0.172656 0.000136573
0 0.0277344 0.478516 0.0554687 0.349219 0.000136626
0 0.188281 0.671094 0.0953125 0.1375 0.000137845
0 0.638672 0.316797 0.0804688 0.110156 0.000137853
0 0.0265625 0.356641 0.0515625 0.364844 0.000144791
0 0.225391 0.243359 0.125781 0.155469 0.000146899
0 0.601172 0.257812 0.0882813 0.1125 0.000147001
0 0.314844 0.258594 0.13125 0.201562 0.000148218
0 0.292969 0.0691406 0.285937 0.135156 0.000149094
0 0.186328 0.553906 0.0914062 0.192188 0.000157858
0 0.703125 0.605859 0.10625 0.114844 0.000158172
0 0.731641 0.594141 0.142969 0.253906 0.000158501
0 0.160156 0.401563 0.176563 0.210938 0.000167887
0 0.658203 0.385547 0.0820312 0.100781 0.000171528
0 0.978516 0.3125 0.0429688 0.3 0.00017217
0 0.259766 0.511719 0.135156 0.270312 0.000172674
0 0.73125 0.589063 0.0921875 0.13125 0.000174865
0 0.727344 0.512109 0.104687 0.238281 0.000179481
0 0.68125 0.471484 0.08125 0.110156 0.000180421
0 0.0492188 0.474609 0.0984375 0.539844 0.000186298
0 0.259375 0.262109 0.0828125 0.0992187 0.000189859
0 0.560547 0.171875 0.103906 0.0984375 0.000191882
0 0.116406 0.513281 0.223438 0.560938 0.00019605
0 0.0320312 0.644141 0.0609375 0.475781 0.00019622
0 0.255469 0.667578 0.207813 0.199219 0.000200321
0 0.622656 0.296094 0.0859375 0.110937 0.000201879
0 0.542188 0.350391 0.204688 0.319531 0.000203014
0 0.480078 0.298438 0.236719 0.275 0.000212274
0 0.932422 0.960938 0.135156 0.078125 0.00021346
0 0.201562 0.6375 0.0875 0.114063 0.00022003
0 0.115625 0.693359 0.18125 0.522656 0.000234594
0 0.276172 0.146094 0.308594 0.267188 0.000235544
0 0.240625 0.280859 0.0859375 0.0976562 0.000248142
0 0.287891 0.649219 0.311719 0.2875 0.00025009
0 0.358594 0.64375 0.173438 0.217187 0.00025074
0 0.980859 0.902734 0.0382813 0.194531 0.000256372
0 0.907031 0.817187 0.185937 0.365625 0.000259796
0 0.213281 0.241016 0.185937 0.241406 0.00026181
0 0.469531 0.461328 0.4875 0.803906 0.000269479
0 0.582422 0.589453 0.169531 0.183594 0.000271741
0 0.2125 0.382422 0.090625 0.111719 0.000284925
0 0.234375 0.401172 0.1375 0.178906 0.000286023
0 0.21875 0.303906 0.084375 0.103125 0.000288532
0 0.202344 0.466016 0.109375 0.278906 0.000300219
0 0.682031 0.551562 0.0828125 0.1125 0.000303475
0 0.315625 0.229297 0.207813 0.208594 0.000314887
0 0.619531 0.384375 0.139062 0.267188 0.0003193
0 0.298828 0.557031 0.147656 0.189063 0.000320497
0 0.233984 0.343359 0.0914062 0.107031 0.000363281
0 0.894922 0.935547 0.210156 0.128906 0.000376121
0 0.703125 0.56875 0.0796875 0.114063 0.000462876
0 0.175781 0.60625 0.10625 0.221875 0.000509132
0 0.948047 0.705859 0.100781 0.588281 0.000511458
0 0.0582031 0.681641 0.116406 0.636719 0.000540547
0 0.970703 0.640234 0.0585938 0.633594 0.000548821
0 0.169141 0.561328 0.166406 0.449219 0.000554711
0 0.665625 0.312891 0.284375 0.427344 0.000590952
0 0.682813 0.5125 0.0796875 0.104687 0.000638646
0 0.273047 0.321094 0.138281 0.182812 0.000650158
0 0.966797 0.888281 0.0664062 0.223438 0.000658764
0 0.344141 0.544531 0.355469 0.467187 0.000703635
0 0.642578 0.488281 0.141406 0.23125 0.000761127
0 0.934375 0.872266 0.129688 0.255469 0.000766327
0 0.203125 0.346875 0.0859375 0.120312 0.000856512
0 0.455469 0.460156 0.35 0.55 0.00086415
0 0.391016 0.614062 0.122656 0.2 0.000883893
0 0.273438 0.264844 0.309375 0.321875 0.000962858
0 0.698438 0.532031 0.08125 0.10625 0.00105208
0 0.260156 0.260547 0.126563 0.155469 0.00113164
0 0.173047 0.322266 0.192969 0.288281 0.00115975
0 0.346875 0.570312 0.209375 0.259375 0.00141611
0 0.297266 0.439453 0.225781 0.500781 0.00143423
0 0.278906 0.591797 0.126563 0.135156 0.00179509
0 0.655859 0.364062 0.103906 0.265625 0.0018514
0 0.246484 0.523047 0.286719 0.433594 0.00191826
0 0.158984 0.430859 0.216406 0.396094 0.00196516
0 0.632422 0.264453 0.0835937 0.113281 0.00199912
0 0.678125 0.447266 0.110937 0.255469 0.00207632
0 0.600781 0.536328 0.178125 0.222656 0.00216273
0 0.585938 0.426172 0.2625 0.577344 0.00228366
0 0.201953 0.634375 0.117969 0.185937 0.00236209
0 0.2 0.566406 0.132812 0.285937 0.0025726
0 0.573047 0.210547 0.191406 0.192969 0.0026065
0 0.701953 0.442187 0.133594 0.401563 0.00269273
0 0.640625 0.514844 0.290625 0.36875 0.00280216
0 0.644141 0.572656 0.194531 0.196875 0.00334092
0 0.3 0.600391 0.195312 0.186719 0.00352779
0 0.696484 0.510938 0.100781 0.182812 0.00364712
0 0.2625 0.271094 0.176563 0.229687 0.00405823
0 0.238281 0.353125 0.282813 0.378125 0.00457588
0 0.710938 0.557422 0.10625 0.175781 0.00525229
0 0.263672 0.557031 0.213281 0.279687 0.0106349
0 0.235156 0.608594 0.170312 0.2 0.0134805
0 0.644141 0.293359 0.124219 0.241406 0.0138151
0 0.596484 0.276172 0.199219 0.274219 0.0139648
0 0.202344 0.380078 0.134375 0.269531 0.0174304
0 0.683203 0.523828 0.150781 0.253906 0.0208074
0 0.616797 0.247656 0.139844 0.189063 0.0232931
0 0.220703 0.433594 0.158594 0.429688 0.0357211
0 0.640625 0.384766 0.185937 0.453906 0.105394
0 0.225781 0.319531 0.15 0.245312 0.125933
