0 0.342578 0.669531 0.200781 0.290625 0.000101817
0 0.811328 0.480078 0.136719 0.324219 0.000102716
0 0.759375 0.160938 0.040625 0.0609375 0.000107701
0 0.486328 0.265625 0.224219 0.379687 0.000108482
0 0.811328 0.385938 0.111719 0.225 0.000111746
0 0.789844 0.272266 0.084375 0.135156 0.000112451
0 0.263672 0.305078 0.152344 0.239844 0.000112831
0 0.762891 0.638281 0.0882813 0.11875 0.00011937
0 0.793359 0.318359 0.107031 0.186719 0.000129258
0 0.688672 0.712891 0.160156 0.303906 0.000130341
0 0.348828 0.198828 0.175781 0.147656 0.000132396
0 0.770312 0.178906 0.0546875 0.06875 0.000135118
0 0.785156 0.235938 0.0578125 0.096875 0.000136706
0 0.319531 0.219922 0.253125 0.283594 0.000142558
0 0.984766 0.405469 0.0304688 0.267188 0.00014361
0 0.538672 0.155859 0.336719 0.300781 0.000154046
0 0.743359 0.760547 0.0898438 0.105469 0.000155066
0 0.762109 0.677734 0.114844 0.199219 0.00016013
0 0.375 0.165234 0.259375 0.269531 0.000171628
0 0.805078 0.785937 0.169531 0.170312 0.000172726
0 0.760156 0.212891 0.0734375 0.0617188 0.00017385
0 0.80625 0.657812 0.142188 0.203125 0.000178662
0 0.986719 0.321875 0.0265625 0.246875 0.000190361
0 0.804688 0.260547 0.05625 0.102344 0.000199249
0 0.780078 0.216406 0.0507812 0.0578125 0.000204344
0 0.224219 0.739453 0.139062 0.169531 0.00020764
0 0.432422 0.209766 0.235156 0.311719 0.000225731
0 0.796484 0.224609 0.0507812 0.0617188 0.000231843
0 0.950781 0.36875 0.0984375 0.689062 0.000232936
0 0.975391 0.233594 0.0492188 0.467187 0.000238063
0 0.265234 0.661328 0.274219 0.316406 0.000256533
0 0.235938 0.349609 0.1125 0.171094 0.000268851
0 0.79375 0.745313 0.304688 0.260938 0.000286115
0 0.713672 0.733984 0.167969 0.188281 0.000286728
0 0.196094 0.657422 0.176563 0.292969 0.000332366
0 0.378516 0.225781 0.202344 0.226562 0.000335551
0 0.818359 0.615625 0.189844 0.30625 0.000359461
0 0.758594 0.197656 0.053125 0.0578125 0.000398716
0 0.970703 0.474219 0.0585938 0.63125 0.00044976
0 0.549219 0.277344 0.290625 0.496875 0.000449872
0 0.260938 0.757812 0.15625 0.14375 0.000535694
0 0.744141 0.772266 0.155469 0.146094 0.000542179
0 0.753516 0.666797 0.183594 0.253906 0.00055361
0 0.305859 0.725781 0.250781 0.242188 0.000699347
0 0.497656 0.396484 0.365625 0.749219 0.000816136
0 0.979688 0.354688 0.0390625 0.45 0.000885391
0 0.817578 0.712109 0.185156 0.241406 0.0015294
0 0.780078 0.758984 0.113281 0.122656 0.0020572
0 0.229297 0.726953 0.214844 0.227344 0.0021595
0 0.774609 0.740234 0.163281 0.182031 0.00538817
