0 0.711328 0.310547 0.149219 0.332031 0.000100784
0 0.952344 0.941797 0.0921875 0.114844 0.000102114
0 0.252344 0.223047 0.146875 0.236719 0.000107649
0 0.717188 0.157422 0.30625 0.267969 0.000108677
0 0.311719 0.296875 0.132812 0.226562 0.000109845
0 0.299609 0.607031 0.278906 0.179688 0.000110027
0 0.757422 0.221094 0.178906 0.196875 0.000113956
0 0.882031 0.979297 0.2 0.0414063 0.000114921
0 0.378125 0.948438 0.346875 0.103125 0.000115055
0 0.819531 0.908203 0.33125 0.175781 0.000123555
0 0.894922 0.858203 0.208594 0.280469 0.000127746
0 0.445312 0.264453 0.101562 0.149219 0.000129903
0 0.279297 0.280469 0.0882813 0.115625 0.000140505
0 0.232031 0.319531 0.134375 0.276563 0.000152274
0 0.918359 0.679688 0.157031 0.376563 0.000153185
0 0.942187 0.979297 0.114063 0.0414063 0.000153733
0 0.799609 0.447266 0.189844 0.202344 0.000157048
0 0.807813 0.339453 0.0859375 0.113281 0.000175923
0 0.167969 0.280078 0.296875 0.475781 0.000176072
0 0.187891 0.156641 0.366406 0.313281 0.000184994
0 0.676953 0.215234 0.116406 0.161719 0.00018577
0 0.967578 0.112891 0.0648438 0.221094 0.00018661
0 0.235547 0.585938 0.161719 0.165625 0.000187407
0 0.382422 0.551172 0.0757812 0.0976562 0.000187853
0 0.898828 0.283203 0.171094 0.494531 0.000195943
0 0.842578 0.423047 0.144531 0.282031 0.00019693
0 0.719141 0.451562 0.125781 0.157813 0.000201616
0 0.699609 0.25 0.127344 0.184375 0.000209928
0 0.276172 0.425781 0.111719 0.290625 0.000212901
0 0.712891 0.195703 0.0867188 0.108594 0.00022472
0 0.345313 0.533594 0.1375 0.132812 0.000225918
0 0.80625 0.402734 0.139062 0.200781 0.000230446
0 0.829297 0.598047 0.191406 0.180469 0.000236633
0 0.846875 0.695703 0.232812 0.189844 0.00024477
0 0.709375 0.351562 0.210938 0.514063 0.000246265
0 0.325781 0.495313 0.192188 0.189063 0.000266489
0 0.810938 0.963281 0.320312 0.0734375 0.000283866
0 0.884375 0.595312 0.1375 0.192188 0.00028443
0 0.345703 0.178516 0.153906 0.175781 0.000305448
0 0.939844 0.141406 0.120312 0.282813 0.00031452
0 0.685547 0.140234 0.149219 0.244531 0.000325029
0 0.322266 0.125391 0.253906 0.250781 0.000325728
0 0.265234 0.552344 0.161719 0.157813 0.000338066
0 0.308984 0.553516 0.138281 0.128906 0.000338398
0 0.212109 0.472266 0.172656 0.416406 0.00036681
0 0.241797 0.442969 0.122656 0.290625 0.000375643
0 0.386328 0.480859 0.163281 0.286719 0.000399062
0 0.772656 0.616016 0.282813 0.294531 0.000422599
0 0.837891 0.339453 0.0867188 0.116406 0.000444768
0 0.694922 0.175781 0.0804688 0.0921875 0.000455425
0 0.865234 0.640625 0.183594 0.201562 0.000463015
0 0.382031 0.553516 0.110937 0.138281 0.000505271
0 0.685938 0.457031 0.129688 0.351562 0.0005112
0 0.410156 0.364062 0.1625 0.35 0.000514881
0 0.926953 0.923437 0.142969 0.153125 0.000567579
0 0.872266 0.758984 0.246094 0.363281 0.000585148
0 0.792578 0.341016 0.147656 0.210156 0.000590458
0 0.316406 0.967578 0.290625 0.0648438 0.00071547
0 0.260547 0.360156 0.121094 0.270312 0.000760208
0 0.694531 0.1625 0.117188 0.153125 0.000766059
0 0.392578 0.140625 0.232031 0.26875 0.000773274
0 0.384375 0.350391 0.239063 0.558594 0.000779098
0 0.807422 0.25625 0.160156 0.254687 0.000794985
0 0.727344 0.506641 0.165625 0.197656 0.000818223
0 0.357031 0.573047 0.184375 0.163281 0.000868383
0 0.2375 0.417969 0.285937 0.539062 0.00104926
0 0.861328 0.313281 0.136719 0.271875 0.00112386
0 0.427344 0.262109 0.132812 0.235156 0.00120315
0 0.866406 0.946484 0.267188 0.103906 0.00144758
0 0.7875 0.553125 0.342187 0.579687 0.00161255
0 0.3 0.221484 0.173438 0.202344 0.0016184
0 0.925391 0.962109 0.135156 0.0757812 0.00162254
0 0.244922 0.519922 0.169531 0.261719 0.00180742
0 0.401172 0.216016 0.189844 0.244531 0.00193805
0 0.759375 0.508203 0.242188 0.305469 0.00212596
0 0.875391 0.476562 0.194531 0.53125 0.00215713
0 0.252734 0.221094 0.307031 0.373437 0.0022118
0 0.338672 0.445312 0.241406 0.382812 0.00250909
0 0.711719 0.202344 0.135937 0.167187 0.00316709
0 0.298828 0.541797 0.253906 0.202344 0.00394001
0 0.826172 0.305078 0.0835937 0.113281 0.00465836
0 0.864062 0.629687 0.2375 0.365625 0.00499718
0 0.276172 0.278516 0.121094 0.211719 0.00580081
0 0.308594 0.305469 0.290625 0.525 0.0184482
0 0.247266 0.383984 0.155469 0.483594 0.0292634
0 0.334766 0.213672 0.261719 0.285156 0.0297492
0 0.780078 0.316016 0.225781 0.424219 0.0387158
0 0.808984 0.428906 0.253906 0.517187 0.0647745
0 0.83125 0.315234 0.107813 0.205469 0.110098
0 0.275 0.298438 0.165625 0.370313 0.132799
0 0.822656 0.341016 0.151562 0.303906 0.224729
