0 0.824609 0.408984 0.117969 0.178906 0.000105685
0 0.780469 0.383984 0.178125 0.178906 0.000110832
0 0.365625 0.328516 0.182812 0.213281 0.000129653
0 0.341797 0.4125 0.133594 0.209375 0.000138837
0 0.341016 0.589063 0.339844 0.342187 0.000144436
0 0.709766 0.521875 0.186719 0.278125 0.000147158
0 0.846094 0.674609 0.207813 0.286719 0.000150197
0 0.968359 0.729688 0.0632813 0.540625 0.000154756
0 0.938672 0.723828 0.122656 0.552344 0.000173382
0 0.426562 0.530078 0.129688 0.163281 0.000174035
0 0.758984 0.488672 0.130469 0.180469 0.000177932
0 0.457812 0.558203 0.14375 0.177344 0.000189558
0 0.324219 0.489844 0.148438 0.232812 0.000189919
0 0.802734 0.452344 0.149219 0.240625 0.000205306
0 0.764063 0.592969 0.228125 0.2 0.00020774
0 0.739453 0.320703 0.228906 0.313281 0.000215945
0 0.418359 0.323438 0.205469 0.25625 0.000247697
0 0.975 0.438281 0.05 0.485938 0.000248668
0 0.325391 0.551953 0.191406 0.196094 0.000249107
0 0.364453 0.45 0.199219 0.207813 0.000298554
0 0.297656 0.44375 0.2375 0.407813 0.000309792
0 0.872266 0.558984 0.152344 0.294531 0.000371229
0 0.795703 0.364844 0.213281 0.3 0.000382564
0 0.823438 0.574219 0.171875 0.190625 0.00038763
0 0.389062 0.585547 0.28125 0.225781 0.000499524
0 0.84375 0.510156 0.132812 0.257812 0.000838091
0 0.796484 0.660156 0.342969 0.364062 0.000869017
0 0.781641 0.508594 0.216406 0.207813 0.000965415
0 0.421094 0.520703 0.201562 0.230469 0.00113868
0 0.805078 0.594531 0.249219 0.3 0.00392935
0 0.348437 0.517578 0.253125 0.303906 0.00492902
0 0.832422 0.479297 0.194531 0.380469 0.00514761
0 0.779297 0.45625 0.275781 0.501562 0.240582
0 0.377344 0.421094 0.285937 0.476562 0.372133
