0 0.271484 0.0628906 0.382031 0.125781 0.000101563
0 0.307031 0.248437 0.259375 0.25 0.000103844
0 0.277344 0.380078 0.08125 0.107031 0.000104767
0 0.8625 0.034375 0.275 0.06875 0.000111269
0 0.659766 0.445312 0.108594 0.210938 0.000111433
0 0.788672 0.346484 0.0695312 0.0898438 0.000114031
0 0.280469 0.554688 0.164062 0.192188 0.000119787
0 0.695312 0.450781 0.129688 0.1875 0.000121075
0 0.275781 0.487109 0.135937 0.267969 0.000128271
0 0.820312 0.551953 0.084375 0.105469 0.000128416
0 0.725781 0.191797 0.464063 0.383594 0.000131649
0 0.692578 0.666016 0.177344 0.199219 0.000131941
0 0.723047 0.0769531 0.444531 0.153906 0.000132196
0 0.783203 0.448047 0.0851562 0.103906 0.000137368
0 0.737109 0.383984 0.128906 0.141406 0.000138618
0 0.816406 0.472266 0.104687 0.199219 0.000141067
0 0.700781 0.532422 0.151562 0.207031 0.000147085
0 0.742188 0.447656 0.148438 0.179688 0.00014795
0 0.297266 0.405078 0.147656 0.197656 0.000150188
0 0.303516 0.303906 0.125781 0.167187 0.000150419
0 0.926172 0.0769531 0.147656 0.153906 0.000154184
0 0.961719 0.194922 0.0765625 0.389844 0.000157842
0 0.532031 0.540234 0.495313 0.871094 0.000158448
0 0.785156 0.404687 0.075 0.103125 0.000161864
0 0.371094 0.435547 0.242188 0.521094 0.000166918
0 0.395703 0.294922 0.169531 0.178906 0.000172345
0 0.813281 0.657422 0.175 0.160156 0.000180111
0 0.252734 0.319922 0.205469 0.330469 0.000182089
0 0.189063 0.605859 0.164062 0.477344 0.000182543
0 0.276953 0.343359 0.0820312 0.105469 0.000223474
0 0.667969 0.320703 0.175 0.214844 0.000226062
0 0.246094 0.467578 0.1125 0.202344 0.000226833
0 0.721484 0.595312 0.142969 0.195312 0.000241255
0 0.258984 0.634375 0.182031 0.190625 0.00024288
0 0.923437 0.353125 0.15 0.70625 0.00024522
0 0.739062 0.326953 0.1375 0.147656 0.000327285
0 0.780469 0.644922 0.309375 0.296094 0.000341505
0 0.666016 0.607031 0.164844 0.248437 0.000385507
0 0.666016 0.476172 0.180469 0.408594 0.00042793
0 0.239063 0.571484 0.125 0.205469 0.000439829
0 0.743359 0.530078 0.147656 0.258594 0.000453645
0 0.783984 0.466016 0.107031 0.172656 0.000496977
0 0.833594 0.532422 0.117188 0.258594 0.000506698
0 0.7625 0.595312 0.135937 0.151562 0.000531892
0 0.783984 0.405859 0.0976562 0.182031 0.000583944
0 0.347656 0.277734 0.190625 0.177344 0.000603044
0 0.762109 0.329297 0.0820312 0.0820312 0.000639737
0 0.301562 0.598828 0.257812 0.305469 0.000651227
0 0.242969 0.590625 0.31875 0.532812 0.000658071
0 0.875391 0.0925781 0.249219 0.185156 0.00068461
0 0.821484 0.464844 0.299219 0.560938 0.000686697
0 0.732031 0.364062 0.184375 0.232812 0.000690583
0 0.785937 0.551953 0.14375 0.221094 0.000907548
0 0.819531 0.146875 0.360938 0.29375 0.00092445
0 0.262891 0.407422 0.114844 0.252344 0.00103809
0 0.909766 0.149219 0.172656 0.298438 0.00110968
0 0.773047 0.353906 0.0882813 0.125 0.00119628
0 0.705078 0.403906 0.233594 0.385938 0.00128209
0 0.282031 0.347266 0.11875 0.191406 0.00134065
0 0.817187 0.291406 0.365625 0.570312 0.00143582
0 0.735156 0.630469 0.215625 0.20625 0.00171799
0 0.84375 0.635938 0.103125 0.123438 0.00179615
0 0.876953 0.215625 0.238281 0.43125 0.00199588
0 0.767969 0.410937 0.145313 0.270312 0.00231965
0 0.705078 0.560156 0.236719 0.334375 0.00244295
0 0.216016 0.438672 0.228906 0.625781 0.00292683
0 0.232812 0.585938 0.167187 0.332812 0.00299307
0 0.835938 0.603906 0.132812 0.203125 0.00343129
0 0.300391 0.337109 0.182031 0.261719 0.00395891
0 0.810938 0.476953 0.145313 0.352344 0.00731917
0 0.784766 0.587109 0.224219 0.255469 0.020348
0 0.249609 0.451562 0.152344 0.414062 0.0291922
0 0.755078 0.472656 0.250781 0.435937 0.0757324
0 0.292578 0.458594 0.252344 0.53125 0.381979
