0 0.176953 0.285547 0.0867188 0.130469 0.000102757
0 0.730859 0.221094 0.0960938 0.10625 0.000104882
0 0.454688 0.439453 0.220313 0.447656 0.000107239
0 0.683594 0.448047 0.14375 0.266406 0.000110004
0 0.399609 0.510547 0.146094 0.282031 0.00011623
0 0.141016 0.423828 0.0820312 0.149219 0.000116418
0 0.682813 0.300781 0.204688 0.292188 0.000119455
0 0.117188 0.053125 0.0484375 0.0796875 0.00011973
0 0.150391 0.401172 0.0617188 0.0960938 0.000119905
0 0.193359 0.893359 0.0398437 0.0648438 0.000127678
0 0.197656 0.169141 0.0453125 0.0414063 0.000129077
0 0.11875 0.0769531 0.06875 0.144531 0.000129559
0 0.802344 0.592969 0.146875 0.245312 0.00013156
0 0.0894531 0.0375 0.0835937 0.0625 0.000133742
0 0.3125 0.450391 0.120312 0.260156 0.000133808
0 0.136719 0.283203 0.0390625 0.0851562 0.000134838
0 0.307031 0.529688 0.0828125 0.0984375 0.000135813
0 0.741016 0.349219 0.146094 0.25 0.000136871
0 0.392188 0.283203 0.171875 0.196094 0.000136908
0 0.829297 0.678516 0.205469 0.336719 0.00013697
0 0.294531 0.602344 0.164062 0.276563 0.000144262
0 0.0191406 0.0316406 0.0382813 0.0632813 0.00014761
0 0.157031 0.328906 0.0609375 0.1 0.00015694
0 0.398438 0.251563 0.134375 0.120312 0.000157195
0 0.783203 0.632031 0.228906 0.2125 0.000167023
0 0.70625 0.388672 0.15 0.183594 0.000174436
0 0.401953 0.409766 0.139844 0.263281 0.000190856
0 0.147266 0.282813 0.0632813 0.145313 0.000192635
0 0.121875 0.0363281 0.04375 0.0398437 0.000205655
0 0.137891 0.238672 0.0273438 0.0492188 0.000226795
0 0.7875 0.363672 0.171875 0.347656 0.000228346
0 0.135937 0.260156 0.034375 0.0671875 0.000236001
0 0.763672 0.551172 0.191406 0.214844 0.000240644
0 0.724609 0.4875 0.183594 0.217187 0.000324268
0 0.345313 0.389062 0.134375 0.242188 0.000325461
0 0.0679687 0.0792969 0.135937 0.158594 0.000326139
0 0.139844 0.348047 0.05 0.0992187 0.000326408
0 0.744531 0.674609 0.292188 0.333594 0.000338859
0 0.298828 0.51875 0.136719 0.257812 0.000365454
0 0.161328 0.388281 0.0804688 0.151562 0.000374375
0 0.163281 0.317969 0.0859375 0.1625 0.000384042
0 0.310156 0.530859 0.107813 0.160156 0.000417145
0 0.298828 0.521094 0.207031 0.375 0.000459988
0 0.825 0.484766 0.173438 0.369531 0.000546289
0 0.135156 0.403516 0.0515625 0.128906 0.000683686
0 0.110547 0.0433594 0.100781 0.0804688 0.000692857
0 0.703906 0.595312 0.270312 0.371875 0.000711453
0 0.147656 0.360156 0.06875 0.142188 0.000936908
0 0.364062 0.451953 0.151562 0.274219 0.00102478
0 0.74375 0.428125 0.165625 0.198437 0.00142602
0 0.347266 0.530469 0.147656 0.220313 0.00177039
0 0.0539063 0.0449219 0.0953125 0.0789063 0.00252143
0 0.733594 0.369141 0.232812 0.446094 0.00269318
0 0.695312 0.466797 0.225 0.346094 0.00278361
0 0.777344 0.470313 0.15 0.285937 0.00278451
0 0.376172 0.351172 0.202344 0.352344 0.00290989
0 0.797656 0.591016 0.248437 0.444531 0.00361883
0 0.359766 0.591406 0.214844 0.285937 0.0115842
0 0.763281 0.492578 0.232812 0.403906 0.210797
0 0.366016 0.477344 0.214844 0.435937 0.309895
