0 0.262891 0.549219 0.0914062 0.10625 0.000103696
0 0.750391 0.282031 0.117969 0.214062 0.00011896
0 0.260156 0.404687 0.0921875 0.129688 0.00012213
0 0.738281 0.259766 0.046875 0.0757812 0.000124295
0 0.736719 0.28125 0.0734375 0.1125 0.000126317
0 0.683594 0.531641 0.196875 0.211719 0.000131245
0 0.78125 0.758594 0.310937 0.460938 0.000136789
0 0.334375 0.204297 0.0875 0.0898438 0.000146747
0 0.223828 0.624219 0.169531 0.154687 0.000150661
0 0.846875 0.144531 0.30625 0.289062 0.000152632
0 0.744141 0.466016 0.0882813 0.110156 0.000156337
0 0.339453 0.549609 0.0898438 0.114844 0.00015923
0 0.702734 0.592188 0.210156 0.2125 0.000178784
0 0.719531 0.302734 0.0625 0.0820312 0.000183735
0 0.821094 0.608594 0.253125 0.467187 0.000186625
0 0.661328 0.278516 0.200781 0.250781 0.000192315
0 0.758203 0.590625 0.147656 0.257812 0.000197342
0 0.341797 0.584766 0.149219 0.183594 0.000198083
0 0.702344 0.325781 0.154687 0.195312 0.000211361
0 0.399219 0.586328 0.18125 0.208594 0.000215043
0 0.775 0.0699219 0.45 0.139844 0.000228402
0 0.725 0.423828 0.0890625 0.107031 0.000230504
0 0.410547 0.44375 0.183594 0.342187 0.000230597
0 0.358984 0.221094 0.138281 0.132812 0.000235775
0 0.383203 0.474219 0.144531 0.204688 0.000254931
0 0.321875 0.322656 0.228125 0.329688 0.000268756
0 0.717578 0.304688 0.0835937 0.126563 0.000277527
0 0.239453 0.448828 0.116406 0.241406 0.000279215
0 0.246094 0.514453 0.142188 0.197656 0.000290953
0 0.678125 0.427734 0.145313 0.197656 0.000307955
0 0.673828 0.697656 0.382031 0.58125 0.000343045
0 0.775781 0.467969 0.0765625 0.110937 0.000370319
0 0.713672 0.137891 0.539844 0.275781 0.000398425
0 0.726562 0.389453 0.084375 0.107031 0.000474464
0 0.756641 0.374219 0.0820312 0.117188 0.000478285
0 0.198047 0.600781 0.0976562 0.128125 0.000539503
0 0.206641 0.56875 0.132031 0.173438 0.000611172
0 0.708594 0.24375 0.33125 0.346875 0.000635961
0 0.305078 0.619531 0.307031 0.265625 0.000652051
0 0.789453 0.448438 0.105469 0.214062 0.000690879
0 0.760547 0.444531 0.0835937 0.1125 0.000733833
0 0.302344 0.475 0.220313 0.225 0.00074615
0 0.253906 0.401953 0.282813 0.442969 0.000797204
0 0.267578 0.565625 0.150781 0.153125 0.000812622
0 0.771484 0.369531 0.0960938 0.1875 0.000838917
0 0.300781 0.534766 0.0921875 0.103906 0.000852676
0 0.670703 0.396484 0.216406 0.280469 0.0018132
0 0.248047 0.491406 0.199219 0.285937 0.00191266
0 0.374219 0.396484 0.254687 0.502344 0.00215789
0 0.705078 0.46875 0.180469 0.207813 0.0021815
0 0.250781 0.584766 0.24375 0.194531 0.00221616
0 0.738672 0.350781 0.122656 0.240625 0.00272547
0 0.783984 0.521484 0.146094 0.289844 0.00286295
0 0.730469 0.626562 0.253125 0.410937 0.0034007
0 0.716797 0.328125 0.194531 0.315625 0.00521275
0 0.702734 0.402344 0.277344 0.45 0.0064008
0 0.747266 0.405078 0.0804688 0.0992187 0.0068519
0 0.305859 0.548437 0.149219 0.142188 0.010699
0 0.367578 0.51875 0.203906 0.246875 0.0115677
0 0.755859 0.467187 0.130469 0.220313 0.012176
0 0.755078 0.405859 0.105469 0.155469 0.0261124
0 0.726172 0.409375 0.158594 0.234375 0.0514605
0 0.311719 0.474219 0.284375 0.385938 0.054472
0 0.728906 0.523438 0.209375 0.339063 0.1745
0 0.309375 0.546875 0.235938 0.196875 0.230885
