0 0.258984 0.514844 0.144531 0.20625 0.000105694
0 0.406641 0.375 0.142969 0.246875 0.000106535
0 0.403906 0.210156 0.204688 0.235938 0.000114178
0 0.769141 0.513672 0.175781 0.217969 0.000119505
0 0.259375 0.364062 0.096875 0.165625 0.000119735
0 0.269531 0.624219 0.259375 0.235938 0.000129601
0 0.213672 0.358594 0.153906 0.478125 0.000136179
0 0.733984 0.666797 0.211719 0.217969 0.000142352
0 0.305469 0.216797 0.0625 0.0742188 0.000144439
0 0.385547 0.439844 0.161719 0.282813 0.000148754
0 0.809375 0.343359 0.071875 0.0835937 0.000150767
0 0.782422 0.257031 0.0664062 0.0734375 0.000156151
0 0.807422 0.507031 0.0867188 0.096875 0.000158047
0 0.406641 0.213672 0.138281 0.139844 0.000174066
0 0.272656 0.319922 0.084375 0.0929687 0.000174934
0 0.303125 0.223438 0.298438 0.35 0.000181472
0 0.797266 0.300781 0.0570313 0.08125 0.000185961
0 0.733203 0.308984 0.274219 0.472656 0.000186319
0 0.319922 0.201172 0.0742188 0.0789063 0.000198902
0 0.241016 0.403906 0.310156 0.53125 0.000201814
0 0.780078 0.277344 0.0804688 0.129688 0.000208124
0 0.775391 0.242578 0.0507812 0.0554687 0.00021037
0 0.824219 0.360547 0.0859375 0.132031 0.000210514
0 0.80625 0.429297 0.132812 0.255469 0.00022911
0 0.707031 0.185156 0.351562 0.35625 0.000229457
0 0.776953 0.360156 0.174219 0.357812 0.000240409
0 0.763281 0.630859 0.139062 0.171094 0.00024903
0 0.300391 0.196875 0.0554687 0.0640625 0.000256864
0 0.312109 0.23125 0.192969 0.245312 0.000259109
0 0.362109 0.149219 0.357031 0.276563 0.000279566
0 0.710547 0.565625 0.261719 0.301562 0.0002815
0 0.317578 0.226562 0.102344 0.153125 0.000293876
0 0.864062 0.521484 0.160938 0.372656 0.000316964
0 0.798047 0.320312 0.0898438 0.125 0.00034496
0 0.3 0.274609 0.114063 0.167969 0.000367847
0 0.241406 0.569922 0.090625 0.0914062 0.00037554
0 0.221875 0.426172 0.117188 0.269531 0.000387845
0 0.364844 0.283594 0.196875 0.246875 0.000389859
0 0.783984 0.611328 0.0867188 0.108594 0.000406026
0 0.278516 0.555078 0.139844 0.136719 0.000428318
0 0.319531 0.585156 0.21875 0.192188 0.000444902
0 0.795313 0.336719 0.139062 0.223438 0.000456214
0 0.359766 0.198828 0.153906 0.146094 0.000460587
0 0.280859 0.314453 0.161719 0.291406 0.000462941
0 0.342187 0.396094 0.225 0.392188 0.000478031
0 0.193359 0.542578 0.163281 0.252344 0.000511469
0 0.686328 0.613672 0.169531 0.202344 0.000516336
0 0.250781 0.320312 0.090625 0.1375 0.000530307
0 0.833594 0.629297 0.182812 0.242969 0.000531193
0 0.239844 0.361719 0.120312 0.2875 0.000624456
0 0.824219 0.490625 0.0796875 0.1 0.000794213
0 0.274219 0.312891 0.121875 0.191406 0.000868968
0 0.303516 0.486328 0.266406 0.324219 0.00147907
0 0.244141 0.569922 0.132031 0.130469 0.00155462
0 0.266016 0.408984 0.180469 0.394531 0.00178437
0 0.836719 0.453516 0.135937 0.353906 0.00260521
0 0.788672 0.594141 0.132031 0.167969 0.00281952
0 0.826172 0.490234 0.114844 0.205469 0.00420479
0 0.233203 0.478125 0.172656 0.33125 0.00422627
0 0.761719 0.605078 0.221875 0.230469 0.0054432
0 0.764063 0.471484 0.246875 0.410156 0.00590042
0 0.269141 0.554297 0.219531 0.203906 0.00911003
0 0.808984 0.548828 0.183594 0.299219 0.0972471
