0 0.334766 0.510156 0.183594 0.201562 0.000103203
0 0.752734 0.183203 0.138281 0.124219 0.000104332
0 0.364844 0.278516 0.0953125 0.150781 0.000105883
0 0.351953 0.253516 0.0492188 0.0757812 0.000106652
0 0.925781 0.703516 0.148438 0.575781 0.000108161
0 0.745703 0.46875 0.141406 0.215625 0.000114059
0 0.327344 0.366016 0.065625 0.0945313 0.000115339
0 0.374219 0.598047 0.407813 0.510156 0.000119023
0 0.424609 0.444531 0.0882813 0.110937 0.000122793
0 0.426172 0.539844 0.194531 0.19375 0.000122807
0 0.405469 0.255859 0.0671875 0.0789063 0.000130411
0 0.830078 0.546094 0.144531 0.165625 0.000140816
0 0.767578 0.40625 0.133594 0.2125 0.00014923
0 0.403906 0.390234 0.0875 0.108594 0.000159145
0 0.423828 0.408203 0.0898438 0.108594 0.000164678
0 0.45 0.176563 0.153125 0.145313 0.000172784
0 0.0160156 0.301562 0.0320312 0.242188 0.000177535
0 0.371484 0.445703 0.0882813 0.107031 0.000179576
0 0.726953 0.833984 0.477344 0.332031 0.000179758
0 0.40625 0.464844 0.0875 0.109375 0.000181804
0 0.344141 0.326172 0.0945313 0.200781 0.00018506
0 0.0609375 0.375 0.121875 0.392188 0.000187238
0 0.453516 0.321094 0.130469 0.2 0.000193916
0 0.429297 0.261328 0.117969 0.167969 0.000195408
0 0.367578 0.389844 0.0882813 0.107813 0.000196599
0 0.0160156 0.465625 0.0320312 0.229687 0.00020907
0 0.460938 0.409375 0.1375 0.195312 0.000234934
0 0.491016 0.309766 0.125781 0.263281 0.000253
0 0.840234 0.328906 0.117969 0.23125 0.000253668
0 0.859766 0.698828 0.278906 0.558594 0.00026303
0 0.459375 0.508594 0.139062 0.1625 0.000289584
0 0.907031 0.604297 0.1375 0.319531 0.000298623
0 0.368359 0.240625 0.0726563 0.08125 0.000305473
0 0.724609 0.529688 0.119531 0.16875 0.000314463
0 0.389453 0.239453 0.0851562 0.103906 0.00031539
0 0.0226563 0.28125 0.0453125 0.378125 0.000349426
0 0.388672 0.482422 0.136719 0.152344 0.000383559
0 0.842578 0.405859 0.0929687 0.114844 0.000394209
0 0.327734 0.366406 0.0882813 0.189063 0.000397411
0 0.0375 0.476953 0.075 0.472656 0.000459395
0 0.388672 0.504687 0.219531 0.1625 0.000463511
0 0.886328 0.4 0.171094 0.4875 0.000499066
0 0.401563 0.235547 0.134375 0.132031 0.00052066
0 0.756641 0.225 0.163281 0.182812 0.000521472
0 0.857422 0.584375 0.174219 0.207813 0.000547579
0 0.330078 0.408203 0.124219 0.188281 0.000592954
0 0.404687 0.426562 0.0875 0.114063 0.000641868
0 0.015625 0.382812 0.03125 0.242188 0.000649823
0 0.386328 0.408594 0.0882813 0.109375 0.000698327
0 0.889063 0.583203 0.0984375 0.157031 0.000782943
0 0.0328125 0.355859 0.065625 0.377344 0.000784352
0 0.811328 0.578906 0.316406 0.467187 0.00098367
0 0.46875 0.303516 0.101562 0.127344 0.000985496
0 0.836719 0.329297 0.164062 0.355469 0.00109078
0 0.483203 0.179688 0.0914062 0.115625 0.00114006
0 0.844922 0.485938 0.139844 0.21875 0.0011938
0 0.753906 0.443359 0.190625 0.325781 0.00122496
0 0.807031 0.383984 0.157813 0.172656 0.00127253
0 0.721875 0.195703 0.0984375 0.113281 0.00145352
0 0.455859 0.350781 0.163281 0.329688 0.00174008
0 0.360938 0.451562 0.282813 0.314063 0.00176138
0 0.408594 0.266406 0.201562 0.320312 0.0019673
0 0.360547 0.317969 0.158594 0.3 0.00208074
0 0.765625 0.520703 0.1875 0.213281 0.00208443
0 0.0226563 0.432813 0.0453125 0.407813 0.0022357
0 0.457031 0.231641 0.153125 0.216406 0.00259178
0 0.816016 0.544141 0.241406 0.271094 0.00314549
0 0.369922 0.391016 0.139844 0.192969 0.00330249
0 0.874609 0.508203 0.146094 0.307031 0.00691279
0 0.841797 0.407813 0.135156 0.23125 0.0105339
0 0.407031 0.409766 0.14375 0.182031 0.0121653
0 0.362891 0.44375 0.186719 0.220313 0.0151817
0 0.423438 0.457812 0.195312 0.217187 0.0173854
0 0.412891 0.357422 0.269531 0.438281 0.0214527
0 0.791406 0.357812 0.239063 0.479688 0.0355543
0 0.400781 0.389453 0.204688 0.280469 0.146995
0 0.823047 0.449609 0.196094 0.341406 0.279239
