0 0.015625 0.510156 0.03125 0.23125 0.000100323
0 0.801172 0.307422 0.171094 0.374219 0.000100476
0 0.0472656 0.398828 0.0945313 0.614844 0.000101285
0 0.74375 0.515234 0.0875 0.102344 0.000101314
0 0.305469 0.431641 0.14375 0.211719 0.000101903
0 0.219531 0.342578 0.06875 0.103906 0.000107701
0 0.636328 0.216797 0.122656 0.177344 0.000112671
0 0.650391 0.257422 0.0710938 0.0804688 0.000119702
0 0.622266 0.255859 0.0820312 0.105469 0.000124038
0 0.324609 0.323047 0.0992187 0.182031 0.00012424
0 0.371875 0.316016 0.151562 0.413281 0.000127521
0 0.803906 0.582812 0.115625 0.117188 0.000128849
0 0.364453 0.257031 0.117969 0.154687 0.000130301
0 0.973437 0.730078 0.053125 0.333594 0.00013254
0 0.940234 0.732422 0.119531 0.367969 0.000133961
0 0.330469 0.451562 0.0828125 0.0921875 0.000134741
0 0.178906 0.479297 0.134375 0.327344 0.000140534
0 0.376563 0.528906 0.0828125 0.10625 0.000140765
0 0.277734 0.301172 0.161719 0.167969 0.000140885
0 0.510547 0.935547 0.138281 0.128906 0.000142571
0 0.806641 0.385156 0.272656 0.48125 0.000148768
0 0.630469 0.355078 0.139062 0.435156 0.000155383
0 0.676953 0.153125 0.0914062 0.115625 0.000158727
0 0.183984 0.303125 0.205469 0.464063 0.000163073
0 0.214844 0.511719 0.0828125 0.1125 0.000163125
0 0.933594 0.842188 0.132812 0.315625 0.000163356
0 0.658203 0.490625 0.0914062 0.109375 0.000170876
0 0.401563 0.591406 0.0859375 0.101562 0.000172881
0 0.833203 0.578906 0.132031 0.164062 0.000177177
0 0.675391 0.259375 0.133594 0.228125 0.000178441
0 0.729297 0.321094 0.0820312 0.107813 0.000181259
0 0.788672 0.497266 0.0867188 0.113281 0.000182086
0 0.700781 0.528516 0.142188 0.133594 0.00018478
0 0.673828 0.431641 0.116406 0.194531 0.00020171
0 0.340234 0.155469 0.147656 0.159375 0.000202291
0 0.724219 0.361328 0.145313 0.185156 0.000208892
0 0.787109 0.34375 0.119531 0.20625 0.000212466
0 0.0203125 0.523047 0.040625 0.442969 0.000213076
0 0.230859 0.445312 0.0804688 0.0984375 0.000231081
0 0.217187 0.471875 0.078125 0.115625 0.000238789
0 0.228125 0.555469 0.157813 0.176563 0.000263959
0 0.347266 0.545313 0.0851562 0.1 0.00027091
0 0.259375 0.212891 0.121875 0.210156 0.000273242
0 0.781641 0.429688 0.102344 0.21875 0.000285148
0 0.232031 0.386328 0.0953125 0.177344 0.000287672
0 0.742578 0.288672 0.0835937 0.111719 0.000288511
0 0.633594 0.113281 0.0875 0.101562 0.000299813
0 0.719531 0.493359 0.140625 0.155469 0.000299981
0 0.611328 0.18125 0.160156 0.207813 0.000304195
0 0.652734 0.257422 0.105469 0.146094 0.000307975
0 0.271094 0.158594 0.132812 0.160938 0.000320104
0 0.367969 0.584766 0.13125 0.135156 0.000337453
0 0.0269531 0.482812 0.0523437 0.678125 0.000342992
0 0.762891 0.364453 0.0882813 0.119531 0.000371308
0 0.766016 0.5625 0.188281 0.154687 0.000380018
0 0.700781 0.171875 0.08125 0.115625 0.000391045
0 0.657422 0.539453 0.171094 0.164844 0.000423418
0 0.764844 0.529688 0.0859375 0.096875 0.000440219
0 0.639453 0.45 0.113281 0.21875 0.000448123
0 0.821875 0.441797 0.140625 0.360156 0.000449867
0 0.351172 0.433594 0.0820312 0.0875 0.000474051
0 0.765234 0.382812 0.110156 0.203125 0.000524951
0 0.892578 0.785547 0.214844 0.428906 0.000543413
0 0.747656 0.530469 0.14375 0.120312 0.000576216
0 0.347266 0.215234 0.161719 0.225781 0.00060815
0 0.255078 0.469531 0.132031 0.165625 0.000614043
0 0.216797 0.320703 0.0914062 0.264844 0.000653288
0 0.223438 0.306641 0.0828125 0.150781 0.000692223
0 0.753906 0.514063 0.303125 0.2625 0.000965011
0 0.765625 0.49375 0.142188 0.176563 0.00102481
0 0.198047 0.38125 0.130469 0.398438 0.00119829
0 0.216016 0.424609 0.0726563 0.0929687 0.00120372
0 0.8125 0.492969 0.09375 0.196875 0.00130786
0 0.729297 0.305078 0.125781 0.182031 0.00133078
0 0.36875 0.449219 0.110937 0.210938 0.0014882
0 0.235547 0.266797 0.107031 0.213281 0.00149102
0 0.384766 0.527734 0.117969 0.185156 0.00173459
0 0.275781 0.2625 0.1875 0.298438 0.0018218
0 0.325391 0.540234 0.167969 0.171094 0.00183362
0 0.628906 0.119141 0.153125 0.155469 0.00194811
0 0.821484 0.553516 0.0835937 0.124219 0.00195679
0 0.352734 0.408594 0.139844 0.360938 0.0022413
0 0.205469 0.506641 0.107813 0.214844 0.00228255
0 0.346875 0.454297 0.103125 0.147656 0.0023088
0 0.345313 0.510938 0.084375 0.109375 0.00235693
0 0.758984 0.322656 0.0882813 0.115625 0.00240583
0 0.710547 0.175 0.111719 0.175 0.00246574
0 0.747656 0.241406 0.153125 0.296875 0.00264662
0 0.303516 0.476562 0.196094 0.189063 0.00281306
0 0.696875 0.442969 0.235938 0.296875 0.00317526
0 0.671875 0.321875 0.248437 0.50625 0.00333776
0 0.217187 0.426562 0.0890625 0.192188 0.00348638
0 0.239063 0.359766 0.140625 0.396094 0.00458579
0 0.672266 0.480469 0.169531 0.19375 0.00552742
0 0.289453 0.470703 0.289844 0.308594 0.0082893
0 0.803125 0.530469 0.08125 0.107813 0.00978892
0 0.690625 0.220313 0.2 0.28125 0.0119511
0 0.304297 0.170703 0.208594 0.217969 0.0158833
0 0.732031 0.518359 0.232812 0.163281 0.0176987
0 0.230078 0.464063 0.138281 0.254687 0.0190925
0 0.791016 0.527734 0.135156 0.149219 0.0320071
0 0.757031 0.318359 0.128125 0.260156 0.0334938
0 0.287109 0.354688 0.238281 0.50625 0.0456631
0 0.348437 0.495313 0.129688 0.198437 0.0468201
0 0.778906 0.435547 0.140625 0.330469 0.0595134
0 0.733594 0.359375 0.201562 0.465625 0.08233
0 0.668359 0.147266 0.194531 0.185156 0.0885518
