0 0.384375 0.632031 0.135937 0.146875 0.000101427
0 0.804688 0.0746094 0.301562 0.149219 0.000102543
0 0.472656 0.308984 0.23125 0.357031 0.00010295
0 0.987109 0.655859 0.0257812 0.244531 0.000103272
0 0.273438 0.361719 0.203125 0.328125 0.000104046
0 0.638672 0.200391 0.0851562 0.0820312 0.000105603
0 0.886719 0.0847656 0.2125 0.169531 0.000106259
0 0.650391 0.380859 0.108594 0.125781 0.000108458
0 0.210547 0.210547 0.367969 0.403906 0.000108615
0 0.965625 0.645703 0.0671875 0.605469 0.000111353
0 0.536719 0.360156 0.29375 0.498437 0.000112283
0 0.985156 0.737891 0.0296875 0.249219 0.00011484
0 0.562891 0.230859 0.105469 0.172656 0.00011523
0 0.335938 0.440625 0.154687 0.248437 0.000117435
0 0.364453 0.259375 0.0804688 0.084375 0.000118162
0 0.657031 0.615625 0.090625 0.110937 0.000124451
0 0.817969 0.0320312 0.251563 0.0640625 0.00013157
0 0.280859 0.272266 0.132031 0.142969 0.000133148
0 0.969922 0.806641 0.0570313 0.386719 0.000135111
0 0.384375 0.222266 0.123438 0.124219 0.000138662
0 0.723828 0.0484375 0.377344 0.096875 0.000140563
0 0.354297 0.0324219 0.321094 0.0648438 0.000140633
0 0.762891 0.614844 0.0882813 0.109375 0.000142653
0 0.224219 0.455078 0.115625 0.232031 0.00014667
0 0.328906 0.258203 0.110937 0.117969 0.000148855
0 0.388672 0.529297 0.167969 0.291406 0.00015349
0 0.830469 0.604297 0.170312 0.258594 0.000155461
0 0.221484 0.550781 0.0898438 0.117188 0.000166335
0 0.236328 0.0324219 0.328906 0.0648438 0.000167614
0 0.319531 0.304688 0.1875 0.203125 0.000169344
0 0.600781 0.228125 0.120312 0.14375 0.000171799
0 0.523438 0.114453 0.29375 0.228906 0.000173846
0 0.170312 0.526953 0.196875 0.453906 0.00017784
0 0.301562 0.426953 0.1125 0.124219 0.000184411
0 0.394531 0.344922 0.21875 0.266406 0.000185217
0 0.98125 0.6125 0.0375 0.401563 0.000188084
0 0.697266 0.649609 0.138281 0.138281 0.000190461
0 0.210547 0.451172 0.158594 0.367969 0.000192567
0 0.270312 0.720312 0.248437 0.215625 0.000193893
0 0.779688 0.649609 0.1375 0.147656 0.000197755
0 0.688672 0.369922 0.103906 0.116406 0.000200261
0 0.239063 0.650781 0.148438 0.160938 0.000204351
0 0.480078 0.475391 0.408594 0.674219 0.0002135
0 0.323047 0.219141 0.0960938 0.0757812 0.000215834
0 0.332812 0.678125 0.195312 0.19375 0.00021627
0 0.862891 0.0476562 0.247656 0.09375 0.000221471
0 0.446875 0.0585938 0.3375 0.117188 0.000225339
0 0.527344 0.215234 0.226562 0.316406 0.000230406
0 0.641406 0.596875 0.135937 0.16875 0.000236829
0 0.697266 0.357422 0.128906 0.191406 0.000250478
0 0.344531 0.220313 0.117188 0.110937 0.00025802
0 0.669531 0.306641 0.117188 0.150781 0.000300841
0 0.695703 0.285937 0.0976562 0.11875 0.000302179
0 0.664844 0.465625 0.232812 0.4125 0.000306737
0 0.790234 0.534375 0.142969 0.271875 0.000316646
0 0.294141 0.573438 0.236719 0.2125 0.000398453
0 0.288672 0.0519531 0.383594 0.103906 0.000412794
0 0.325 0.209766 0.309375 0.346094 0.000433557
0 0.671484 0.348828 0.0835937 0.0960938 0.000441194
0 0.977734 0.726172 0.0445312 0.374219 0.000445439
0 0.276172 0.614453 0.146094 0.149219 0.000468457
0 0.375391 0.142969 0.297656 0.278125 0.000476374
0 0.442187 0.203906 0.28125 0.382812 0.00047819
0 0.339063 0.606641 0.204688 0.174219 0.000481029
0 0.296875 0.439063 0.14375 0.201562 0.000495794
0 0.297266 0.102734 0.385156 0.205469 0.000497375
0 0.74375 0.632422 0.142188 0.146094 0.000505949
0 0.369531 0.3625 0.314063 0.479688 0.00059645
0 0.232812 0.511719 0.0859375 0.109375 0.000639074
0 0.360547 0.261719 0.152344 0.148438 0.000641736
0 0.728906 0.662891 0.232812 0.182031 0.000663148
0 0.373437 0.272656 0.235938 0.259375 0.000741285
0 0.321094 0.471875 0.242188 0.35625 0.000859021
0 0.691406 0.333594 0.09375 0.09375 0.00101938
0 0.655469 0.647656 0.139062 0.173438 0.00107153
0 0.748047 0.611719 0.283594 0.3 0.00117481
0 0.735547 0.541016 0.172656 0.230469 0.00127723
0 0.195312 0.605859 0.15625 0.278906 0.00134591
0 0.265234 0.455469 0.171094 0.276563 0.00136243
0 0.694922 0.614453 0.196094 0.189844 0.00376717
0 0.266797 0.629687 0.232031 0.209375 0.0056273
0 0.222656 0.532812 0.115625 0.190625 0.00589074
0 0.276563 0.551953 0.28125 0.358594 0.0083585
0 0.764844 0.601562 0.165625 0.23125 0.0110362
0 0.236328 0.551953 0.164844 0.292969 0.0622554
