0 0.894531 0.653516 0.210938 0.521094 0.000105177
0 0.821484 0.612109 0.128906 0.100781 0.000110724
0 0.320312 0.391406 0.153125 0.189063 0.000116155
0 0.799219 0.384766 0.0953125 0.175781 0.000125283
0 0.635156 0.220703 0.16875 0.205469 0.000128976
0 0.303906 0.263281 0.145313 0.170312 0.000134196
0 0.216406 0.364062 0.165625 0.2875 0.000134198
0 0.803516 0.487891 0.0867188 0.108594 0.0001343
0 0.710938 0.632031 0.279687 0.36875 0.000138233
0 0.226172 0.405859 0.103906 0.127344 0.000157575
0 0.937109 0.917578 0.124219 0.164844 0.000165141
0 0.942578 0.730078 0.114844 0.408594 0.00017212
0 0.217969 0.474219 0.0921875 0.114063 0.000173733
0 0.342187 0.444531 0.14375 0.234375 0.000178487
0 0.639844 0.366406 0.160938 0.173438 0.000179134
0 0.835938 0.550781 0.101562 0.2 0.000188103
0 0.801172 0.56875 0.138281 0.18125 0.00018894
0 0.621484 0.311328 0.166406 0.230469 0.000198768
0 0.801562 0.451172 0.0828125 0.0992187 0.00020121
0 0.976172 0.685547 0.0460938 0.272656 0.000201596
0 0.266016 0.263672 0.136719 0.144531 0.000207549
0 0.835156 0.601953 0.140625 0.196094 0.000214631
0 0.320703 0.321484 0.141406 0.216406 0.000219189
0 0.964453 0.805469 0.0710938 0.389062 0.000242575
0 0.20625 0.505859 0.0953125 0.132031 0.000246153
0 0.795703 0.323438 0.0820312 0.145313 0.000248183
0 0.801953 0.635938 0.219531 0.239063 0.000258509
0 0.263672 0.507422 0.219531 0.186719 0.000314282
0 0.703125 0.491797 0.190625 0.216406 0.000346581
0 0.760156 0.409766 0.178125 0.189844 0.000402407
0 0.279297 0.386719 0.152344 0.260938 0.000417409
0 0.740625 0.528906 0.146875 0.221875 0.000420789
0 0.742188 0.570312 0.21875 0.2 0.000457179
0 0.928516 0.848828 0.142969 0.302344 0.000482417
0 0.244531 0.390234 0.132812 0.196094 0.000498728
0 0.297656 0.444531 0.15 0.2 0.000532473
0 0.66875 0.552344 0.251563 0.323438 0.000569046
0 0.382031 0.274219 0.14375 0.176563 0.000608337
0 0.262109 0.494141 0.286719 0.289844 0.000612649
0 0.366797 0.355078 0.241406 0.410156 0.00066927
0 0.798828 0.451562 0.110156 0.170312 0.000718416
0 0.779297 0.346875 0.124219 0.1875 0.000732286
0 0.795703 0.691797 0.338281 0.474219 0.000745304
0 0.283203 0.302734 0.144531 0.178906 0.000746314
0 0.698828 0.40625 0.186719 0.201562 0.000922984
0 0.688281 0.239844 0.251563 0.271875 0.000936139
0 0.814453 0.510547 0.116406 0.202344 0.000966152
0 0.883203 0.796875 0.233594 0.40625 0.000989525
0 0.775 0.286719 0.096875 0.154687 0.00104118
0 0.782812 0.298047 0.0765625 0.0820312 0.00109038
0 0.255469 0.326562 0.176563 0.2625 0.00112797
0 0.658594 0.314453 0.226562 0.319531 0.00119065
0 0.698828 0.348437 0.224219 0.2 0.00135018
0 0.223438 0.469141 0.120312 0.188281 0.00168571
0 0.759766 0.473047 0.186719 0.203906 0.00179242
0 0.334375 0.465625 0.253125 0.276563 0.00212162
0 0.757812 0.319531 0.1875 0.334375 0.00220043
0 0.666016 0.44375 0.222656 0.33125 0.00229699
0 0.790234 0.405469 0.175781 0.409375 0.00282039
0 0.314453 0.283984 0.233594 0.225781 0.00412266
0 0.767578 0.562891 0.305469 0.344531 0.00646644
0 0.250391 0.439844 0.189844 0.264062 0.0110307
0 0.790234 0.520312 0.183594 0.259375 0.0163719
0 0.708984 0.338672 0.271094 0.466406 0.0311418
0 0.731641 0.472656 0.266406 0.360938 0.195031
0 0.293359 0.38125 0.255469 0.401563 0.373558
