0 0.433203 0.430078 0.0867188 0.0914062 0.000100156
0 0.439844 0.776563 0.379687 0.354688 0.000101638
0 0.107031 0.894141 0.210938 0.211719 0.000102962
0 0.589063 0.276172 0.0703125 0.0992187 0.000104027
0 0.983594 0.591016 0.0328125 0.183594 0.00010525
0 0.968359 0.807031 0.0632813 0.38125 0.000105592
0 0.723437 0.3375 0.071875 0.0984375 0.000110856
0 0.410547 0.405469 0.133594 0.201562 0.000112079
0 0.421875 0.241406 0.059375 0.0734375 0.00011224
0 0.595703 0.301172 0.0773437 0.0648438 0.000112478
0 0.781641 0.319531 0.342969 0.354688 0.000114809
0 0.983203 0.530469 0.0335938 0.190625 0.00011679
0 0.471094 0.649609 0.0796875 0.0898438 0.000119496
0 0.74375 0.547266 0.0890625 0.102344 0.000121021
0 0.820703 0.855078 0.358594 0.289844 0.000121099
0 0.451562 0.651172 0.13125 0.136719 0.000121509
0 0.795313 0.325391 0.215625 0.211719 0.000121903
0 0.817969 0.49375 0.0703125 0.110937 0.000127624
0 0.967578 0.435156 0.0648438 0.415625 0.000128075
0 0.489453 0.323438 0.0539063 0.0921875 0.000130757
0 0.489062 0.470313 0.30625 0.498437 0.000132635
0 0.801562 0.427734 0.053125 0.107031 0.000135021
0 0.599219 0.155859 0.0609375 0.114844 0.000137315
0 0.647266 0.128125 0.183594 0.23125 0.000138111
0 0.969531 0.638672 0.0609375 0.253906 0.00014731
0 0.688672 0.303906 0.161719 0.164062 0.000147879
0 0.449609 0.447656 0.0804688 0.0953125 0.00014802
0 0.942187 0.705078 0.115625 0.507031 0.000149386
0 0.590234 0.195312 0.0554687 0.129688 0.000149695
0 0.884766 0.300781 0.222656 0.340625 0.000150135
0 0.802734 0.470313 0.0648438 0.110937 0.000151616
0 0.494531 0.609375 0.329688 0.364062 0.00015597
0 0.337109 0.578125 0.139844 0.275 0.000157799
0 0.466406 0.428906 0.107813 0.15625 0.000159125
0 0.760547 0.567969 0.0898438 0.110937 0.000160663
0 0.273047 0.478516 0.213281 0.525781 0.000160811
0 0.384766 0.425391 0.136719 0.132031 0.000162134
0 0.971875 0.630469 0.0515625 0.140625 0.00016808
0 0.307422 0.471094 0.102344 0.209375 0.000174394
0 0.484766 0.668359 0.135156 0.146094 0.000175862
0 0.449609 0.595703 0.0867188 0.116406 0.000180521
0 0.289844 0.623047 0.0921875 0.214844 0.000181044
0 0.425391 0.707422 0.164844 0.149219 0.000187902
0 0.417578 0.275781 0.0945313 0.120312 0.000190225
0 0.353906 0.2625 0.065625 0.10625 0.000190592
0 0.283203 0.713281 0.0695312 0.1125 0.000195204
0 0.301953 0.640625 0.0820312 0.114063 0.00019628
0 0.582812 0.236719 0.0546875 0.140625 0.000199815
0 0.944922 0.435156 0.110156 0.589063 0.000204398
0 0.382812 0.313672 0.065625 0.0882813 0.000205016
0 0.489453 0.317578 0.0851562 0.139844 0.000207296
0 0.765625 0.380859 0.0671875 0.0898438 0.000208597
0 0.416406 0.3125 0.159375 0.210938 0.000219282
0 0.666016 0.683984 0.360156 0.394531 0.000223267
0 0.343359 0.403125 0.100781 0.15625 0.000232516
0 0.684375 0.363281 0.1875 0.242188 0.00024583
0 0.257812 0.652734 0.18125 0.427344 0.000255853
0 0.433594 0.554297 0.0796875 0.102344 0.000260349
0 0.774219 0.324609 0.1125 0.141406 0.000260435
0 0.709375 0.676953 0.240625 0.289844 0.000279057
0 0.382422 0.242188 0.0523437 0.075 0.000286909
0 0.761719 0.516797 0.0890625 0.0960938 0.000298858
0 0.250391 0.704297 0.310156 0.424219 0.000310128
0 0.396094 0.295312 0.05625 0.0765625 0.00031305
0 0.338672 0.654688 0.0898438 0.109375 0.000314972
0 0.828516 0.441016 0.161719 0.352344 0.000320245
0 0.448438 0.533203 0.08125 0.105469 0.000334023
0 0.140234 0.813281 0.258594 0.373437 0.000336303
0 0.958594 0.565234 0.0828125 0.430469 0.000337271
0 0.721094 0.493359 0.173438 0.188281 0.000372915
0 0.736328 0.2875 0.0710938 0.0890625 0.000380541
0 0.759766 0.342578 0.0710938 0.0992187 0.000383661
0 0.818359 0.564844 0.303906 0.448438 0.000395428
0 0.48125 0.631641 0.101562 0.149219 0.000401587
0 0.871875 0.766797 0.253125 0.452344 0.000402071
0 0.433594 0.448047 0.120312 0.174219 0.000413417
0 0.830078 0.552734 0.0601562 0.0820312 0.000429627
0 0.799219 0.514844 0.084375 0.101562 0.00043171
0 0.472266 0.398047 0.147656 0.286719 0.000435948
0 0.325 0.398438 0.125 0.24375 0.00044995
0 0.800391 0.671094 0.146094 0.2125 0.000475069
0 0.975 0.5625 0.05 0.273438 0.000482743
0 0.359766 0.690234 0.244531 0.196094 0.000498283
0 0.763281 0.382812 0.1 0.164062 0.000508622
0 0.396484 0.295312 0.0789063 0.114063 0.00050863
0 0.6875 0.462109 0.239063 0.394531 0.000538294
0 0.388281 0.255078 0.084375 0.111719 0.000594898
0 0.354297 0.3 0.0804688 0.123438 0.00060984
0 0.763281 0.43125 0.1375 0.276563 0.00063501
0 0.409375 0.596484 0.1375 0.191406 0.00064004
0 0.705469 0.285547 0.107813 0.111719 0.000678335
0 0.465625 0.491797 0.114063 0.189844 0.000707098
0 0.794531 0.388281 0.059375 0.109375 0.000808045
0 0.326953 0.447266 0.157031 0.425781 0.000815122
0 0.823828 0.532422 0.0835937 0.133594 0.000978993
0 0.355859 0.653516 0.141406 0.177344 0.000980858
0 0.492188 0.558984 0.153125 0.308594 0.000994477
0 0.738281 0.318359 0.06875 0.0992187 0.0010003
0 0.302734 0.680469 0.0898438 0.117188 0.00101201
0 0.742969 0.574219 0.146875 0.203125 0.00111009
0 0.360547 0.349609 0.147656 0.224219 0.00116992
0 0.793359 0.40625 0.0914062 0.232812 0.00121359
0 0.78125 0.363281 0.065625 0.117188 0.00132381
0 0.434766 0.532422 0.119531 0.232031 0.00153269
0 0.710547 0.567187 0.242969 0.315625 0.00154896
0 0.375781 0.3 0.115625 0.171875 0.00160472
0 0.772266 0.708984 0.275781 0.372656 0.00175522
0 0.779297 0.536328 0.0882813 0.0820312 0.00178381
0 0.292188 0.571094 0.142188 0.40625 0.00178634
0 0.738672 0.345703 0.147656 0.188281 0.00190358
0 0.280859 0.687109 0.147656 0.236719 0.00208385
0 0.816797 0.538672 0.0695312 0.0726563 0.00219068
0 0.832812 0.671484 0.2 0.299219 0.00241621
0 0.371484 0.276953 0.0773437 0.114844 0.00254236
0 0.287891 0.694531 0.0945313 0.179688 0.00272157
0 0.423047 0.408594 0.214844 0.398438 0.00283877
0 0.733594 0.310937 0.109375 0.134375 0.00297217
0 0.464844 0.490625 0.140625 0.323438 0.0033428
0 0.763281 0.515625 0.153125 0.15625 0.00360068
0 0.815625 0.575 0.0953125 0.140625 0.00418507
0 0.424219 0.633984 0.223438 0.225781 0.00433753
0 0.798437 0.480859 0.11875 0.235156 0.00497952
0 0.4625 0.596875 0.134375 0.215625 0.00616917
0 0.799609 0.551172 0.0867188 0.0851562 0.00636038
0 0.822656 0.613672 0.132812 0.236719 0.00825109
0 0.782031 0.552734 0.14375 0.132031 0.0156853
0 0.762109 0.479297 0.194531 0.396094 0.0228405
0 0.357422 0.615625 0.222656 0.2875 0.0248854
0 0.793359 0.575391 0.155469 0.230469 0.0266191
0 0.432031 0.547266 0.182812 0.361719 0.0416642
0 0.318359 0.658984 0.150781 0.216406 0.0823047
0 0.375781 0.510156 0.259375 0.5125 0.0952267
0 0.774219 0.626172 0.214062 0.267969 0.292452
