0 0.330078 0.276172 0.189844 0.166406 0.000101211
0 0.239844 0.410156 0.309375 0.521875 0.000101683
0 0.277344 0.487109 0.139062 0.200781 0.000107074
0 0.836719 0.528516 0.0875 0.111719 0.000107086
0 0.283203 0.652344 0.152344 0.175 0.000107314
0 0.361719 0.323047 0.289062 0.292969 0.000109232
0 0.983594 0.445703 0.0328125 0.210156 0.000112381
0 0.861328 0.791797 0.117969 0.155469 0.00011347
0 0.804297 0.545703 0.0804688 0.105469 0.000118809
0 0.755078 0.345313 0.0492188 0.078125 0.000118842
0 0.462109 0.511719 0.358594 0.723437 0.000122475
0 0.690625 0.497656 0.078125 0.0890625 0.000125722
0 0.839844 0.571875 0.117188 0.2125 0.00013304
0 0.28125 0.537891 0.178125 0.189844 0.000133502
0 0.744141 0.360938 0.0539063 0.06875 0.000139788
0 0.393359 0.532422 0.0835937 0.0945313 0.000141918
0 0.246094 0.363672 0.15 0.280469 0.000144472
0 0.203125 0.676562 0.1375 0.179688 0.000156
0 0.680469 0.574609 0.310937 0.392969 0.000175669
0 0.740234 0.299219 0.132031 0.157813 0.000178922
0 0.173828 0.643359 0.117969 0.233594 0.000180631
0 0.760547 0.636328 0.144531 0.242969 0.000191561
0 0.725781 0.253516 0.084375 0.0804688 0.000192175
0 0.224219 0.715234 0.190625 0.149219 0.000204332
0 0.216797 0.441016 0.169531 0.464844 0.000212676
0 0.684766 0.695312 0.328906 0.3375 0.000244109
0 0.804688 0.594531 0.15 0.21875 0.000249701
0 0.867969 0.567969 0.151562 0.515625 0.000254078
0 0.714063 0.533594 0.132812 0.159375 0.000256257
0 0.823438 0.705078 0.0890625 0.111719 0.000269632
0 0.259766 0.395312 0.105469 0.104687 0.000276734
0 0.40625 0.515625 0.114063 0.145313 0.000280719
0 0.891016 0.767187 0.132031 0.245312 0.00028393
0 0.785937 0.732422 0.151562 0.166406 0.00030191
0 0.304688 0.401953 0.19375 0.313281 0.000306131
0 0.267578 0.371484 0.121094 0.188281 0.00030763
0 0.242188 0.612891 0.15 0.210156 0.000318575
0 0.788672 0.514063 0.0773437 0.0828125 0.00034501
0 0.677734 0.713672 0.188281 0.182031 0.00034555
0 0.701563 0.286719 0.13125 0.148438 0.000383076
0 0.765234 0.511328 0.152344 0.132031 0.000393555
0 0.385938 0.554297 0.128125 0.174219 0.000417937
0 0.327734 0.561328 0.203906 0.196094 0.000486671
0 0.835938 0.491406 0.103125 0.157813 0.000538535
0 0.391016 0.361719 0.0867188 0.096875 0.000552164
0 0.405469 0.464453 0.148438 0.288281 0.000563021
0 0.819531 0.784375 0.2 0.209375 0.000569051
0 0.257422 0.426172 0.0867188 0.0929687 0.000597866
0 0.760156 0.572266 0.192188 0.213281 0.00060032
0 0.389844 0.616406 0.292188 0.339063 0.000606384
0 0.370313 0.302344 0.159375 0.184375 0.000638741
0 0.870703 0.694922 0.130469 0.292969 0.000761193
0 0.805469 0.451172 0.159375 0.347656 0.000800364
0 0.301953 0.600781 0.147656 0.18125 0.000814317
0 0.678516 0.514063 0.107031 0.151562 0.000941569
0 0.308594 0.70625 0.273438 0.24375 0.000999608
0 0.720312 0.680469 0.223438 0.20625 0.00102455
0 0.693359 0.495313 0.183594 0.378125 0.0012553
0 0.380078 0.375391 0.180469 0.296094 0.00171156
0 0.374219 0.669531 0.184375 0.24375 0.00177518
0 0.203906 0.607031 0.154687 0.2625 0.00181521
0 0.803125 0.682813 0.178125 0.210938 0.00189635
0 0.244531 0.672266 0.254687 0.224219 0.00195474
0 0.396484 0.350391 0.128906 0.152344 0.00206529
0 0.823047 0.705078 0.292969 0.342969 0.00210239
0 0.267969 0.421875 0.153125 0.23125 0.00246945
0 0.830078 0.737891 0.0898438 0.105469 0.00268446
0 0.346484 0.615625 0.150781 0.2 0.00299457
0 0.257422 0.431641 0.117969 0.142969 0.00329693
0 0.683203 0.549219 0.155469 0.2125 0.00347572
0 0.808984 0.512109 0.105469 0.119531 0.00370553
0 0.240625 0.474609 0.145313 0.272656 0.0046639
0 0.814844 0.521875 0.129688 0.221875 0.00582005
0 0.376953 0.578125 0.183594 0.289062 0.00593503
0 0.690234 0.623047 0.186719 0.288281 0.006881
0 0.244141 0.563672 0.216406 0.328906 0.00750254
0 0.331641 0.480469 0.277344 0.498437 0.0087188
0 0.856641 0.756641 0.0945313 0.121094 0.0100966
0 0.830078 0.571094 0.149219 0.379687 0.0104495
0 0.746484 0.489062 0.266406 0.559375 0.0110492
0 0.774219 0.724219 0.259375 0.2 0.0265233
0 0.834375 0.730469 0.145313 0.173438 0.0474138
0 0.769531 0.630859 0.270312 0.350781 0.14767
0 0.30625 0.616016 0.292188 0.282031 0.247802
