0 0.327734 0.257031 0.130469 0.148438 0.000101382
0 0.0148437 0.590625 0.0296875 0.253125 0.000102643
0 0.733203 0.569531 0.139844 0.21875 0.000109524
0 0.816406 0.399609 0.101562 0.149219 0.000111648
0 0.339453 0.241016 0.0789063 0.0945313 0.000118574
0 0.0492188 0.376172 0.0984375 0.702344 0.000120631
0 0.979688 0.519922 0.040625 0.460156 0.000123622
0 0.241797 0.79375 0.135156 0.1625 0.000132735
0 0.764453 0.785156 0.294531 0.326562 0.00013851
0 0.241797 0.761328 0.0898438 0.113281 0.000149093
0 0.358203 0.574609 0.183594 0.267969 0.000149992
0 0.310937 0.30625 0.109375 0.173438 0.00015174
0 0.286328 0.380859 0.119531 0.208594 0.000159581
0 0.253516 0.475 0.127344 0.192188 0.000191588
0 0.321875 0.660156 0.175 0.146875 0.000196935
0 0.389453 0.708594 0.141406 0.2625 0.000205763
0 0.0234375 0.644141 0.04375 0.400781 0.000207848
0 0.744922 0.635938 0.155469 0.217187 0.000213239
0 0.341797 0.775391 0.210156 0.192969 0.000253578
0 0.802734 0.721484 0.119531 0.197656 0.000265079
0 0.847266 0.505859 0.105469 0.153906 0.000267041
0 0.230469 0.567578 0.15 0.250781 0.000271649
0 0.291406 0.580469 0.2375 0.364062 0.000290139
0 0.286328 0.804297 0.291406 0.230469 0.000298037
0 0.319141 0.267188 0.0695312 0.090625 0.000318217
0 0.0386719 0.517969 0.0757812 0.609375 0.000332998
0 0.0265625 0.523438 0.05 0.432813 0.000377171
0 0.199609 0.792969 0.208594 0.223438 0.000382564
0 0.899609 0.846094 0.178906 0.23125 0.000393057
0 0.341016 0.720703 0.142969 0.192969 0.000412349
0 0.8375 0.458203 0.115625 0.196094 0.000559267
0 0.767187 0.719531 0.1625 0.260938 0.00057799
0 0.194141 0.726562 0.169531 0.2375 0.000586689
0 0.851562 0.523047 0.128125 0.255469 0.000726238
0 0.391797 0.817187 0.0804688 0.075 0.000759632
0 0.284375 0.721484 0.146875 0.191406 0.000804901
0 0.786719 0.805469 0.196875 0.229687 0.00101587
0 0.892969 0.725781 0.175 0.332812 0.00107147
0 0.335156 0.673828 0.214062 0.271094 0.00109822
0 0.844922 0.803906 0.130469 0.153125 0.00115803
0 0.859375 0.642578 0.185937 0.436719 0.00123876
0 0.386328 0.8 0.102344 0.123438 0.00132074
0 0.242969 0.672656 0.229687 0.329688 0.00167103
0 0.819531 0.743359 0.2 0.269531 0.00221029
0 0.241016 0.759375 0.188281 0.170312 0.00388132
0 0.862109 0.788672 0.207031 0.242969 0.0108746
0 0.286719 0.735547 0.248437 0.227344 0.0346587
