0 0.135937 0.754687 0.103125 0.15 0.000104722
0 0.198437 0.0632813 0.371875 0.126563 0.000104937
0 0.677734 0.635547 0.0898438 0.107031 0.000105205
0 0.297266 0.507422 0.116406 0.197656 0.00010565
0 0.235156 0.528516 0.08125 0.102344 0.000106373
0 0.772266 0.55625 0.121094 0.203125 0.000106577
0 0.655859 0.613672 0.0867188 0.103906 0.000107565
0 0.722266 0.592578 0.0851562 0.105469 0.000107685
0 0.258984 0.469922 0.0804688 0.0945313 0.000107744
0 0.260547 0.695312 0.138281 0.132812 0.000107863
0 0.2375 0.448438 0.0796875 0.10625 0.000110869
0 0.828906 0.648438 0.154687 0.21875 0.00011118
0 0.286328 0.3625 0.0882813 0.101562 0.00011232
0 0.115625 0.608594 0.18125 0.475 0.000116981
0 0.345703 0.574609 0.107031 0.224219 0.000117137
0 0.126953 0.690234 0.141406 0.277344 0.000119045
0 0.177734 0.717188 0.0914062 0.109375 0.000130945
0 0.796484 0.0566406 0.364844 0.110156 0.000134302
0 0.213672 0.726562 0.283594 0.260938 0.000141711
0 0.280469 0.614453 0.132812 0.236719 0.00014839
0 0.7 0.652344 0.090625 0.0984375 0.000148521
0 0.635547 0.655078 0.0851562 0.107031 0.000148893
0 0.259375 0.50625 0.0765625 0.09375 0.0001492
0 0.142969 0.143359 0.285937 0.282031 0.000154825
0 0.777344 0.613672 0.075 0.110156 0.000155581
0 0.601562 0.288672 0.126563 0.122656 0.000155694
0 0.187891 0.512109 0.0945313 0.214844 0.000157679
0 0.371094 0.564062 0.135937 0.403125 0.000161105
0 0.215625 0.509766 0.0828125 0.110156 0.000162748
0 0.34375 0.715234 0.14375 0.164844 0.000162783
0 0.615625 0.554688 0.104687 0.16875 0.000162939
0 0.244141 0.408984 0.122656 0.188281 0.00016297
0 0.794922 0.679688 0.0867188 0.104687 0.000164614
0 0.678516 0.444922 0.0820312 0.0960938 0.000168295
0 0.217578 0.470313 0.0773437 0.1 0.000171267
0 0.698047 0.425391 0.0835937 0.102344 0.000172731
0 0.714063 0.405469 0.0734375 0.101562 0.000174302
0 0.704687 0.551562 0.084375 0.09375 0.000176132
0 0.200391 0.535547 0.0804688 0.114844 0.000180346
0 0.191406 0.473828 0.165625 0.346094 0.000181125
0 0.727734 0.701563 0.232031 0.189063 0.000185739
0 0.616797 0.691016 0.160156 0.178906 0.000190347
0 0.760938 0.595703 0.08125 0.113281 0.000192719
0 0.746875 0.409375 0.157813 0.298438 0.00019534
0 0.180469 0.63125 0.271875 0.401563 0.000203699
0 0.661328 0.532031 0.136719 0.235938 0.000206515
0 0.255078 0.526172 0.110156 0.166406 0.000211236
0 0.337109 0.433984 0.142969 0.275781 0.000219686
0 0.662891 0.427734 0.133594 0.155469 0.000243449
0 0.235547 0.488672 0.0789063 0.102344 0.000252012
0 0.722266 0.5125 0.0851562 0.09375 0.00028511
0 0.680859 0.346094 0.157031 0.1875 0.000286966
0 0.763281 0.636328 0.0828125 0.107031 0.000304007
0 0.740625 0.657031 0.090625 0.1 0.000312069
0 0.276172 0.466016 0.122656 0.155469 0.000333463
0 0.624219 0.482031 0.232812 0.38125 0.000340301
0 0.194531 0.570703 0.075 0.0929687 0.000340683
0 0.289062 0.396484 0.275 0.357031 0.00034824
0 0.602344 0.635547 0.125 0.191406 0.000357894
0 0.713281 0.3875 0.101562 0.154687 0.00035977
0 0.232812 0.573828 0.128125 0.258594 0.000374347
0 0.213672 0.699219 0.135156 0.129688 0.000380087
0 0.806641 0.688281 0.128906 0.1625 0.000383357
0 0.330469 0.351953 0.159375 0.178906 0.000429197
0 0.219922 0.448438 0.0960938 0.170312 0.00043639
0 0.180859 0.619922 0.0992187 0.205469 0.000448905
0 0.285547 0.344531 0.133594 0.14375 0.000459555
0 0.682031 0.469531 0.125 0.210938 0.000482774
0 0.620703 0.326172 0.180469 0.197656 0.00050334
0 0.738672 0.570703 0.0820312 0.107031 0.000547069
0 0.764063 0.673437 0.0875 0.09375 0.000612288
0 0.261328 0.712109 0.242969 0.169531 0.00062556
0 0.75 0.5125 0.114063 0.2625 0.000655115
0 0.215625 0.528125 0.103125 0.178125 0.000758195
0 0.235547 0.488672 0.107031 0.163281 0.000767839
0 0.305859 0.682813 0.178906 0.176563 0.000878899
0 0.619141 0.574219 0.144531 0.25 0.00095254
0 0.786719 0.567969 0.151562 0.33125 0.000994871
0 0.657422 0.597656 0.166406 0.19375 0.00122911
0 0.719922 0.652734 0.144531 0.130469 0.00132314
0 0.692969 0.406641 0.145313 0.224219 0.00137858
0 0.336719 0.629687 0.142188 0.276563 0.00142606
0 0.196094 0.574219 0.0953125 0.220313 0.00145359
0 0.162891 0.723047 0.141406 0.175781 0.00145885
0 0.735156 0.533594 0.075 0.0828125 0.00148913
0 0.705469 0.551953 0.135937 0.207031 0.00180705
0 0.267578 0.437109 0.180469 0.263281 0.00195174
0 0.71875 0.469531 0.123438 0.267188 0.00221493
0 0.259766 0.650781 0.219531 0.221875 0.00237835
0 0.316016 0.535547 0.194531 0.452344 0.00255343
0 0.232812 0.486328 0.142188 0.261719 0.00294496
0 0.642578 0.651953 0.169531 0.185156 0.00326824
0 0.736328 0.534375 0.0929687 0.148438 0.00326873
0 0.288672 0.376563 0.180469 0.220313 0.00339799
0 0.767578 0.670703 0.142969 0.147656 0.00360449
0 0.707812 0.610937 0.284375 0.292188 0.00602947
0 0.738672 0.576172 0.121094 0.188281 0.00657692
0 0.192188 0.607813 0.139062 0.310937 0.00707364
0 0.685547 0.486328 0.288281 0.488281 0.00738971
0 0.692578 0.450391 0.186719 0.364844 0.00746459
0 0.198047 0.685156 0.175781 0.217187 0.0119018
0 0.697266 0.638281 0.213281 0.182812 0.0134442
0 0.236328 0.550391 0.199219 0.442969 0.0265386
0 0.747266 0.620313 0.163281 0.225 0.0267812
0 0.717969 0.533984 0.175 0.358594 0.0706837
