0 0.575391 0.190234 0.147656 0.163281 0.00010127
0 0.641406 0.297656 0.176563 0.192188 0.000101345
0 0.253906 0.489453 0.146875 0.271094 0.000108629
0 0.399219 0.454297 0.284375 0.558594 0.000109259
0 0.742188 0.510938 0.135937 0.24375 0.000110461
0 0.707812 0.654688 0.192188 0.215625 0.000112443
0 0.621484 0.189063 0.138281 0.15 0.000135055
0 0.183594 0.0367187 0.328125 0.0734375 0.000135065
0 0.278906 0.3 0.157813 0.182812 0.000136611
0 0.235938 0.413281 0.140625 0.25 0.000155992
0 0.0890625 0.124219 0.178125 0.248437 0.000156607
0 0.623438 0.504687 0.253125 0.532812 0.000156931
0 0.140625 0.280469 0.26875 0.551562 0.000159395
0 0.0980469 0.0421875 0.196094 0.084375 0.000165288
0 0.257422 0.278906 0.0992187 0.120312 0.000188383
0 0.207422 0.656641 0.202344 0.200781 0.000211951
0 0.587109 0.283203 0.225781 0.299219 0.000217003
0 0.703516 0.344531 0.139844 0.25 0.0002595
0 0.178125 0.120312 0.348437 0.240625 0.000276104
0 0.655078 0.199609 0.110156 0.127344 0.000286302
0 0.347266 0.271484 0.161719 0.232031 0.000306301
0 0.208203 0.373828 0.197656 0.375781 0.000325207
0 0.746094 0.591797 0.153125 0.257031 0.00032706
0 0.183984 0.530859 0.128906 0.253906 0.000410963
0 0.192188 0.592969 0.175 0.234375 0.00043025
0 0.133203 0.0660156 0.258594 0.132031 0.000438957
0 0.304688 0.253125 0.15 0.182812 0.000527569
0 0.279297 0.325781 0.213281 0.334375 0.000535592
0 0.629687 0.352734 0.257812 0.424219 0.000705247
0 0.630469 0.227734 0.185937 0.207031 0.000756473
0 0.680078 0.279297 0.205469 0.303906 0.00079154
0 0.70625 0.578516 0.24375 0.364844 0.000838442
0 0.336328 0.360938 0.199219 0.41875 0.000910707
0 0.753125 0.512891 0.278125 0.528906 0.00103802
0 0.324219 0.510938 0.248437 0.48125 0.00108186
0 0.262109 0.577344 0.275781 0.365625 0.00126788
0 0.739453 0.439453 0.172656 0.419531 0.00176308
0 0.213281 0.470313 0.1375 0.265625 0.00326163
0 0.219141 0.496875 0.202344 0.373437 0.0449293
0 0.264062 0.428516 0.276563 0.517969 0.314854
0 0.687891 0.430859 0.267969 0.567969 0.461404
