0 0.340625 0.635156 0.0734375 0.0890625 0.000104308
0 0.260156 0.326953 0.0625 0.0804688 0.000108484
0 0.741797 0.680469 0.0882813 0.103125 0.000109869
0 0.351172 0.327344 0.138281 0.176563 0.000116349
0 0.723047 0.640625 0.274219 0.342187 0.00012091
0 0.676172 0.321875 0.0929687 0.125 0.000121924
0 0.280078 0.326953 0.0898438 0.105469 0.000127989
0 0.364062 0.657812 0.0953125 0.142188 0.000129631
0 0.238281 0.507812 0.0796875 0.0921875 0.000130456
0 0.694922 0.523047 0.186719 0.358594 0.00013353
0 0.698047 0.638672 0.105469 0.194531 0.000134545
0 0.218359 0.688281 0.0992187 0.18125 0.000140263
0 0.721875 0.73125 0.18125 0.148438 0.000142676
0 0.657812 0.346875 0.167187 0.225 0.000152992
0 0.306641 0.329688 0.0804688 0.071875 0.000162023
0 0.219922 0.480469 0.0632813 0.142188 0.000168458
0 0.652344 0.299609 0.115625 0.133594 0.00017438
0 0.220703 0.724219 0.0851562 0.104687 0.000180375
0 0.3875 0.638672 0.114063 0.192969 0.000189674
0 0.742578 0.640625 0.139844 0.196875 0.000205605
0 0.324219 0.635156 0.1125 0.126563 0.000229575
0 0.311719 0.316797 0.1 0.132031 0.000235835
0 0.684375 0.308594 0.1375 0.171875 0.000256214
0 0.697266 0.611328 0.161719 0.267969 0.000257091
0 0.762109 0.478906 0.119531 0.226562 0.0002613
0 0.7625 0.694531 0.090625 0.1 0.000264482
0 0.390625 0.7 0.110937 0.151562 0.000287211
0 0.718359 0.385938 0.0960938 0.164062 0.000299732
0 0.782422 0.717188 0.122656 0.16875 0.000300579
0 0.267578 0.748828 0.136719 0.139844 0.000312644
0 0.259766 0.346484 0.0789063 0.128906 0.000319012
0 0.700781 0.353906 0.09375 0.154687 0.000333521
0 0.787891 0.653906 0.132031 0.225 0.000373348
0 0.259766 0.546484 0.138281 0.238281 0.000403977
0 0.348047 0.271875 0.142969 0.16875 0.000419029
0 0.242188 0.6375 0.129688 0.265625 0.000427193
0 0.238672 0.509375 0.0960938 0.15625 0.000433539
0 0.624219 0.271094 0.139062 0.1375 0.000487329
0 0.335156 0.692187 0.173438 0.182812 0.000498507
0 0.314063 0.299219 0.154687 0.195312 0.000503913
0 0.313672 0.648828 0.150781 0.189844 0.000511736
0 0.730078 0.437891 0.130469 0.253906 0.00053205
0 0.239844 0.724219 0.123438 0.145313 0.000548183
0 0.676953 0.685156 0.152344 0.154687 0.000621282
0 0.258984 0.383203 0.113281 0.203906 0.000633752
0 0.250391 0.454297 0.111719 0.211719 0.000682856
0 0.75625 0.555469 0.145313 0.36875 0.000836635
0 0.278125 0.703906 0.185937 0.18125 0.00123593
0 0.745313 0.694531 0.154687 0.153125 0.00353466
