0 0.821875 0.846484 0.0921875 0.105469 0.000100986
0 0.228516 0.0339844 0.358594 0.0679687 0.000106173
0 0.159375 0.699219 0.132812 0.285937 0.000107704
0 0.798828 0.516406 0.0820312 0.114063 0.000112944
0 0.652734 0.464453 0.324219 0.696094 0.000114499
0 0.835156 0.660547 0.140625 0.294531 0.000115124
0 0.0679687 0.05625 0.134375 0.1125 0.000115952
0 0.942969 0.109375 0.110937 0.21875 0.000122148
0 0.767969 0.721484 0.23125 0.221094 0.000127311
0 0.778125 0.369531 0.382812 0.723437 0.000128064
0 0.938281 0.0566406 0.123438 0.113281 0.000134138
0 0.857422 0.896094 0.185156 0.175 0.000136204
0 0.335938 0.449609 0.24375 0.367969 0.00013796
0 0.698438 0.872266 0.210938 0.182031 0.000144388
0 0.735547 0.208984 0.447656 0.417969 0.000146054
0 0.529297 0.610547 0.410156 0.778906 0.000150725
0 0.8125 0.533203 0.109375 0.174219 0.00015621
0 0.196094 0.0902344 0.38125 0.180469 0.000160582
0 0.196094 0.535547 0.110937 0.200781 0.000161681
0 0.112891 0.0375 0.225781 0.075 0.000170809
0 0.736719 0.574219 0.24375 0.390625 0.000175086
0 0.865625 0.205078 0.264062 0.410156 0.000177808
0 0.678516 0.839063 0.139844 0.178125 0.000186888
0 0.826172 0.532812 0.146094 0.4625 0.000194131
0 0.132422 0.691797 0.191406 0.575781 0.000200621
0 0.86875 0.0558594 0.259375 0.111719 0.000208714
0 0.254687 0.514453 0.192188 0.380469 0.000229491
0 0.277344 0.808203 0.207813 0.211719 0.000239529
0 0.320703 0.370313 0.200781 0.215625 0.000249338
0 0.181641 0.59375 0.122656 0.251563 0.000263746
0 0.142188 0.0589844 0.282813 0.114844 0.000272354
0 0.358984 0.620703 0.419531 0.721094 0.00028255
0 0.796484 0.124219 0.380469 0.248437 0.000324114
0 0.279297 0.455859 0.299219 0.496094 0.00035851
0 0.764844 0.819922 0.153125 0.180469 0.00038938
0 0.803906 0.597656 0.135937 0.275 0.000559392
0 0.260547 0.386719 0.178906 0.21875 0.000676301
0 0.798047 0.884766 0.225781 0.185156 0.00073044
0 0.253125 0.784766 0.289062 0.307031 0.000802601
0 0.864062 0.735547 0.201562 0.388281 0.000890444
0 0.685547 0.801562 0.208594 0.214062 0.000912125
0 0.230469 0.405469 0.096875 0.140625 0.00098791
0 0.804297 0.841016 0.149219 0.155469 0.000992503
0 0.191797 0.844141 0.149219 0.182031 0.00103864
0 0.259375 0.876562 0.31875 0.240625 0.00134019
0 0.132812 0.853516 0.151562 0.235156 0.0016482
0 0.787109 0.504687 0.127344 0.257812 0.00169171
0 0.19375 0.571875 0.176563 0.510938 0.00219441
0 0.216797 0.473047 0.132031 0.296094 0.00247083
0 0.737109 0.564844 0.316406 0.659375 0.00285782
0 0.247266 0.623828 0.285156 0.633594 0.00324409
0 0.833984 0.839453 0.189844 0.232031 0.0046669
0 0.159375 0.783203 0.182812 0.314844 0.00490531
0 0.823047 0.744141 0.142969 0.249219 0.00558061
0 0.752344 0.837109 0.310937 0.224219 0.0115128
0 0.751172 0.724609 0.307031 0.400781 0.0115136
0 0.196094 0.716016 0.226562 0.444531 0.0115611
0 0.808203 0.660156 0.185156 0.434375 0.0335867
0 0.192578 0.844141 0.236719 0.232031 0.0493663
0 0.803516 0.782812 0.221094 0.289062 0.180217
