0 0.0746094 0.288672 0.146094 0.575781 0.000105273
0 0.630469 0.151953 0.0546875 0.0617188 0.000106239
0 0.239844 0.536328 0.078125 0.110156 0.000107168
0 0.0699219 0.477344 0.139844 0.74375 0.000112941
0 0.173047 0.131641 0.341406 0.263281 0.000116307
0 0.246094 0.625781 0.273438 0.435937 0.000116954
0 0.152734 0.371094 0.289844 0.742188 0.0001186
0 0.758984 0.318359 0.0851562 0.133594 0.000119996
0 0.219531 0.525391 0.0921875 0.255469 0.0001209
0 0.707812 0.321484 0.1625 0.189844 0.000135036
0 0.321484 0.694531 0.135156 0.176563 0.000138046
0 0.977734 0.687109 0.0414063 0.388281 0.000145501
0 0.332422 0.466016 0.294531 0.642969 0.000154546
0 0.668359 0.537891 0.192969 0.475781 0.000156194
0 0.766406 0.358203 0.103125 0.160156 0.000172003
0 0.114063 0.201562 0.220313 0.403125 0.000173543
0 0.826172 0.705078 0.133594 0.235156 0.000176459
0 0.0679687 0.0699219 0.135937 0.139844 0.000178464
0 0.667578 0.446875 0.146094 0.314063 0.000179626
0 0.755469 0.486328 0.279687 0.555469 0.00018235
0 0.245703 0.470313 0.0820312 0.15625 0.000187648
0 0.799609 0.511328 0.124219 0.246094 0.000226876
0 0.278906 0.412891 0.175 0.442969 0.000228165
0 0.124609 0.0820312 0.242969 0.164062 0.000237603
0 0.646484 0.360938 0.114844 0.184375 0.000274555
0 0.0855469 0.130078 0.171094 0.260156 0.000292601
0 0.255859 0.360938 0.0585938 0.084375 0.000336892
0 0.264062 0.405859 0.114063 0.274219 0.000394972
0 0.327734 0.636328 0.164844 0.277344 0.000409347
0 0.258594 0.385156 0.0765625 0.135937 0.000420711
0 0.813672 0.623047 0.142969 0.316406 0.000423622
0 0.717578 0.725781 0.172656 0.190625 0.000488893
0 0.239063 0.575391 0.104687 0.253906 0.000588955
0 0.780859 0.424609 0.136719 0.308594 0.000606463
0 0.319531 0.547266 0.209375 0.432031 0.000657271
0 0.237891 0.639453 0.133594 0.255469 0.000722037
0 0.732422 0.633984 0.200781 0.313281 0.000908666
0 0.246875 0.487891 0.101562 0.264844 0.000914566
0 0.768359 0.697266 0.189844 0.244531 0.000918697
0 0.742969 0.470703 0.209375 0.367969 0.000946082
0 0.283594 0.683594 0.184375 0.225 0.0010048
0 0.786328 0.553125 0.164844 0.389062 0.00235842
0 0.265625 0.553516 0.148438 0.374219 0.00251843
