0 0.305469 0.7 0.121875 0.170312 0.000113272
0 0.228125 0.321875 0.123438 0.245312 0.000115764
0 0.272266 0.801172 0.197656 0.269531 0.000119063
0 0.271875 0.517578 0.245312 0.388281 0.000119243
0 0.283203 0.730469 0.283594 0.36875 0.000127997
0 0.310937 0.440234 0.198437 0.164844 0.000129989
0 0.784766 0.682813 0.105469 0.20625 0.000130556
0 0.700391 0.842188 0.0835937 0.104687 0.0001337
0 0.723047 0.655078 0.122656 0.144531 0.000133861
0 0.350781 0.406641 0.146875 0.208594 0.000136489
0 0.739453 0.508984 0.0960938 0.141406 0.000139815
0 0.936328 0.66875 0.125781 0.6625 0.000143825
0 0.791016 0.729688 0.166406 0.398438 0.000153702
0 0.349609 0.50625 0.122656 0.210938 0.00016193
0 0.215625 0.424219 0.0859375 0.0984375 0.000166047
0 0.338672 0.696875 0.139844 0.217187 0.000177198
0 0.952344 0.268359 0.0953125 0.435156 0.000190115
0 0.66875 0.808203 0.140625 0.219531 0.000198356
0 0.722266 0.793359 0.280469 0.358594 0.000203513
0 0.655859 0.204688 0.164844 0.146875 0.000247224
0 0.752344 0.392188 0.0984375 0.215625 0.000266233
0 0.708203 0.647266 0.172656 0.264844 0.000269474
0 0.296875 0.300781 0.221875 0.342187 0.000275933
0 0.216406 0.623047 0.15625 0.246094 0.000301579
0 0.357812 0.453516 0.11875 0.119531 0.000303989
0 0.255469 0.380078 0.182812 0.232031 0.000341685
0 0.751562 0.464063 0.1 0.20625 0.000348172
0 0.291016 0.637109 0.217969 0.364844 0.000355181
0 0.242969 0.707031 0.2 0.259375 0.000371123
0 0.961328 0.475781 0.0757812 0.684375 0.000438709
0 0.700781 0.736719 0.167187 0.3 0.000453777
0 0.198047 0.451172 0.0976562 0.178906 0.000472007
0 0.75 0.854688 0.173438 0.221875 0.000475449
0 0.911328 0.54375 0.177344 0.889063 0.000532652
0 0.761719 0.653516 0.110937 0.121094 0.000550031
0 0.252344 0.448828 0.189063 0.167969 0.000568674
0 0.209375 0.507031 0.128125 0.2625 0.000590008
0 0.334766 0.19375 0.147656 0.13125 0.000612823
0 0.744141 0.555859 0.127344 0.275781 0.000688633
0 0.303906 0.732813 0.184375 0.240625 0.000864227
0 0.705078 0.84375 0.130469 0.159375 0.000879225
0 0.755078 0.628125 0.127344 0.215625 0.00102927
0 0.75625 0.7 0.148438 0.298438 0.00113656
0 0.212109 0.407813 0.111719 0.167187 0.00139673
0 0.93125 0.367578 0.134375 0.661719 0.00142899
0 0.717969 0.807813 0.176563 0.240625 0.00200466
