0 0.025 0.433203 0.05 0.321094 0.00010168
0 0.976562 0.728125 0.046875 0.43125 0.000102009
0 0.308984 0.662891 0.247656 0.191406 0.000106062
0 0.423438 0.605078 0.175 0.155469 0.000106254
0 0.138281 0.310547 0.273438 0.525781 0.0001064
0 0.35625 0.317187 0.120312 0.134375 0.000106784
0 0.0578125 0.289844 0.114063 0.492188 0.000107977
0 0.774609 0.697656 0.169531 0.148438 0.000112489
0 0.228516 0.378125 0.133594 0.246875 0.000120769
0 0.312891 0.35625 0.103906 0.128125 0.000122706
0 0.743359 0.619922 0.146094 0.164844 0.000123283
0 0.0394531 0.390625 0.0757812 0.489062 0.000125935
0 0.603125 0.197266 0.260938 0.366406 0.00012944
0 0.969531 0.603906 0.0609375 0.596875 0.000130887
0 0.482031 0.215234 0.259375 0.330469 0.00014171
0 0.340625 0.559766 0.184375 0.163281 0.000143533
0 0.486719 0.475 0.248437 0.46875 0.000147417
0 0.521484 0.0347656 0.283594 0.0664062 0.000156421
0 0.722266 0.669141 0.136719 0.116406 0.000159681
0 0.0269531 0.3125 0.0539063 0.4125 0.000166894
0 0.271875 0.476172 0.134375 0.225781 0.00017575
0 0.642578 0.0296875 0.271094 0.059375 0.000192432
0 0.270312 0.619531 0.26875 0.292188 0.000193231
0 0.612891 0.0554687 0.308594 0.109375 0.000201321
0 0.371094 0.369922 0.179688 0.225781 0.000201524
0 0.116406 0.117969 0.228125 0.235938 0.000207429
0 0.666797 0.673047 0.199219 0.141406 0.000217335
0 0.434375 0.602734 0.25 0.244531 0.000220677
0 0.272266 0.439844 0.103906 0.145313 0.000247221
0 0.296484 0.39375 0.135156 0.195312 0.000249624
0 0.540625 0.282422 0.298438 0.528906 0.000250316
0 0.836719 0.674219 0.171875 0.167187 0.000261669
0 0.78125 0.674219 0.2875 0.276563 0.000268475
0 0.549609 0.101172 0.271094 0.202344 0.000272925
0 0.653125 0.631641 0.298438 0.230469 0.000277043
0 0.617578 0.5375 0.377344 0.44375 0.000284408
0 0.280859 0.629687 0.136719 0.11875 0.000316511
0 0.245703 0.635156 0.149219 0.151562 0.000338025
0 0.700391 0.639063 0.180469 0.151562 0.000358686
0 0.342187 0.555859 0.301562 0.322656 0.000375104
0 0.726172 0.591406 0.211719 0.242188 0.00044079
0 0.785937 0.605859 0.185937 0.219531 0.000512504
0 0.358984 0.610937 0.199219 0.135937 0.000515071
0 0.298047 0.492188 0.189844 0.33125 0.000633406
0 0.263281 0.56875 0.173438 0.235938 0.000752302
0 0.783594 0.657031 0.09375 0.0921875 0.000830435
0 0.523047 0.476562 0.430469 0.70625 0.00131585
0 0.745703 0.6625 0.197656 0.1625 0.00241763
0 0.304297 0.605469 0.216406 0.179688 0.00622197
0 0.789062 0.659375 0.160938 0.128125 0.0129168
