0 0.0144531 0.677734 0.0257812 0.257031 0.000100096
0 0.702344 0.775 0.221875 0.215625 0.000100175
0 0.371094 0.435547 0.145313 0.261719 0.000100441
0 0.183984 0.800781 0.0789063 0.103125 0.000100533
0 0.6 0.365234 0.15625 0.219531 0.000101874
0 0.0222656 0.551562 0.0398437 0.273438 0.000103569
0 0.717578 0.533203 0.125781 0.169531 0.00010435
0 0.983984 0.696484 0.0320312 0.242969 0.000106683
0 0.366016 0.532031 0.132031 0.207813 0.000106691
0 0.383203 0.698438 0.133594 0.221875 0.000107322
0 0.238281 0.490234 0.121875 0.186719 0.000110169
0 0.536328 0.430469 0.114844 0.184375 0.000112988
0 0.282813 0.467187 0.178125 0.184375 0.000119773
0 0.575391 0.528906 0.136719 0.234375 0.000120645
0 0.448828 0.482422 0.241406 0.360156 0.000124577
0 0.206641 0.593359 0.0914062 0.213281 0.000125106
0 0.735547 0.479297 0.147656 0.316406 0.000127043
0 0.975391 0.810156 0.0492188 0.373437 0.000130965
0 0.2375 0.53125 0.0828125 0.090625 0.000131236
0 0.636328 0.469922 0.171094 0.199219 0.000132217
0 0.678125 0.658984 0.190625 0.203906 0.000132841
0 0.951172 0.699219 0.0960938 0.49375 0.000135967
0 0.0152344 0.594531 0.0273438 0.2625 0.0001422
0 0.0375 0.562109 0.075 0.377344 0.000148319
0 0.975781 0.442578 0.0484375 0.500781 0.000153511
0 0.205078 0.676953 0.105469 0.235156 0.000154158
0 0.0195312 0.809766 0.0390625 0.349219 0.000155059
0 0.59375 0.592188 0.139062 0.248437 0.000155194
0 0.280469 0.635938 0.146875 0.271875 0.000159315
0 0.675781 0.550391 0.184375 0.169531 0.000165867
0 0.185547 0.740625 0.110156 0.229687 0.000169075
0 0.338281 0.369531 0.139062 0.157813 0.00018086
0 0.615234 0.657422 0.138281 0.224219 0.000192672
0 0.275781 0.528516 0.1625 0.147656 0.000203539
0 0.383203 0.760547 0.250781 0.242969 0.000204309
0 0.721094 0.596094 0.140625 0.235938 0.000205795
0 0.480078 0.6 0.378906 0.671875 0.000213999
0 0.745313 0.532812 0.196875 0.509375 0.000236761
0 0.969141 0.564453 0.0617188 0.575781 0.000241201
0 0.065625 0.553125 0.13125 0.578125 0.000260715
0 0.425391 0.694141 0.264844 0.360156 0.000265426
0 0.0464844 0.689844 0.0914062 0.546875 0.000281317
0 0.223828 0.822266 0.185156 0.196094 0.000283198
0 0.678516 0.413672 0.188281 0.260156 0.000285386
0 0.213672 0.526172 0.119531 0.307031 0.000285746
0 0.657812 0.720703 0.209375 0.210156 0.000301014
0 0.769922 0.826563 0.136719 0.223438 0.000302722
0 0.616016 0.529688 0.153906 0.189063 0.000315257
0 0.321875 0.68125 0.142188 0.20625 0.000317783
0 0.975 0.685547 0.05 0.363281 0.000327664
0 0.132812 0.625 0.220313 0.540625 0.000329823
0 0.569922 0.439844 0.158594 0.278125 0.000334012
0 0.237109 0.548437 0.116406 0.173438 0.000353021
0 0.756641 0.776172 0.299219 0.369531 0.000387756
0 0.783984 0.691016 0.160156 0.391406 0.00038955
0 0.582812 0.601953 0.201562 0.369531 0.000397764
0 0.740625 0.659766 0.139062 0.283594 0.000425498
0 0.173828 0.7125 0.186719 0.351562 0.000447981
0 0.371484 0.567969 0.177344 0.371875 0.000459582
0 0.198828 0.800391 0.117969 0.142969 0.000501423
0 0.808203 0.261719 0.383594 0.523438 0.000564553
0 0.235938 0.614062 0.135937 0.267188 0.000594083
0 0.302344 0.791406 0.320312 0.24375 0.000769735
0 0.672656 0.488672 0.228125 0.311719 0.000773489
0 0.0207031 0.686328 0.0414063 0.450781 0.000814365
0 0.239453 0.700781 0.150781 0.228125 0.000844722
0 0.280078 0.721484 0.149219 0.174219 0.000986184
0 0.312891 0.40625 0.171094 0.203125 0.00102733
0 0.583203 0.690234 0.383594 0.480469 0.00112212
0 0.376563 0.600391 0.246875 0.549219 0.00124936
0 0.261328 0.490625 0.197656 0.364062 0.00131748
0 0.608594 0.489062 0.209375 0.351562 0.00133383
0 0.337109 0.722656 0.207031 0.19375 0.00136098
0 0.0289063 0.564453 0.0578125 0.652344 0.00140763
0 0.241406 0.755859 0.2 0.194531 0.00226028
0 0.337891 0.492969 0.191406 0.396875 0.00233241
0 0.658594 0.746094 0.307813 0.310937 0.00304173
0 0.335938 0.646094 0.229687 0.365625 0.00306492
0 0.757422 0.758984 0.141406 0.275781 0.0031103
0 0.599609 0.554688 0.291406 0.525 0.00445898
0 0.244531 0.646484 0.198437 0.397656 0.00883481
0 0.71875 0.687109 0.214062 0.371094 0.0139033
0 0.288281 0.719922 0.264062 0.269531 0.0454445
0 0.677344 0.603906 0.292188 0.542188 0.264983
0 0.3 0.560938 0.271875 0.557813 0.300043
