0 0.432031 0.574219 0.0875 0.110937 0.000100779
0 0.259375 0.366797 0.164062 0.283594 0.000102833
0 0.831641 0.508203 0.208594 0.213281 0.000103018
0 0.388281 0.551562 0.176563 0.196875 0.000108281
0 0.214453 0.482812 0.172656 0.3375 0.000108861
0 0.455469 0.437109 0.120312 0.375781 0.00010977
0 0.693359 0.78125 0.117969 0.19375 0.000110249
0 0.744141 0.561719 0.208594 0.429688 0.000112909
0 0.761328 0.403516 0.136719 0.207031 0.000117598
0 0.433594 0.490234 0.126563 0.249219 0.000119376
0 0.774609 0.83125 0.346094 0.257812 0.000121151
0 0.782812 0.760547 0.142188 0.194531 0.000124034
0 0.959766 0.567578 0.0789063 0.563281 0.000125232
0 0.239844 0.739062 0.1375 0.20625 0.000126836
0 0.827344 0.816797 0.251563 0.183594 0.000131988
0 0.409766 0.613672 0.132031 0.219531 0.000146588
0 0.741016 0.475781 0.166406 0.2875 0.000156939
0 0.458594 0.438672 0.203125 0.557031 0.000159398
0 0.951953 0.770703 0.0960938 0.238281 0.000173475
0 0.282813 0.480469 0.0921875 0.109375 0.000180699
0 0.788281 0.655469 0.167187 0.167187 0.000188351
0 0.232031 0.847656 0.209375 0.226562 0.000189328
0 0.742969 0.69375 0.221875 0.303125 0.000189631
0 0.267578 0.43125 0.0898438 0.110937 0.000190926
0 0.735547 0.816406 0.189844 0.198437 0.000192494
0 0.365625 0.719922 0.145313 0.210156 0.000202474
0 0.885547 0.800781 0.0851562 0.090625 0.000204643
0 0.747266 0.473047 0.294531 0.550781 0.000205913
0 0.80625 0.426172 0.229687 0.202344 0.000208589
0 0.329688 0.315625 0.126563 0.15625 0.000217187
0 0.83125 0.721094 0.146875 0.1875 0.00022283
0 0.603125 0.596875 0.529688 0.80625 0.000225621
0 0.207422 0.642187 0.196094 0.578125 0.000238692
0 0.348437 0.285156 0.0671875 0.05625 0.000241661
0 0.263281 0.526563 0.159375 0.198437 0.000246459
0 0.432813 0.349219 0.15625 0.267188 0.000246896
0 0.886719 0.717578 0.0875 0.107031 0.000248253
0 0.369141 0.271484 0.150781 0.117969 0.000256216
0 0.360156 0.466406 0.25 0.182812 0.000278267
0 0.415234 0.724609 0.166406 0.288281 0.000281571
0 0.297266 0.833984 0.294531 0.271094 0.000294756
0 0.457422 0.292969 0.116406 0.134375 0.000296694
0 0.437109 0.278516 0.0898438 0.0882813 0.000303683
0 0.305859 0.720703 0.183594 0.186719 0.000389401
0 0.263281 0.398438 0.265625 0.378125 0.000390634
0 0.846875 0.681641 0.210938 0.200781 0.000428076
0 0.357031 0.294141 0.107813 0.103906 0.000442238
0 0.250781 0.469531 0.134375 0.209375 0.000442598
0 0.867188 0.449219 0.084375 0.103125 0.000459099
0 0.236328 0.686328 0.175781 0.346094 0.000578066
0 0.455469 0.557422 0.146875 0.435156 0.000595163
0 0.328906 0.444922 0.139062 0.160156 0.000614115
0 0.756641 0.363672 0.207031 0.260156 0.000759025
0 0.314844 0.504687 0.190625 0.196875 0.000775541
0 0.885547 0.797656 0.158594 0.15625 0.000885771
0 0.297656 0.413672 0.084375 0.108594 0.000890432
0 0.375781 0.333984 0.301562 0.342969 0.000927071
0 0.920703 0.797656 0.153906 0.209375 0.000954785
0 0.402344 0.460156 0.21875 0.414062 0.00134971
0 0.253516 0.772656 0.227344 0.259375 0.00135124
0 0.433203 0.564844 0.135156 0.209375 0.00141311
0 0.296484 0.391016 0.122656 0.207031 0.00148311
0 0.79375 0.6375 0.35 0.529688 0.0017266
0 0.882031 0.508984 0.135937 0.264844 0.00193666
0 0.8875 0.722656 0.1625 0.1875 0.00208417
0 0.388281 0.640234 0.2125 0.436719 0.00210478
0 0.783594 0.764063 0.275 0.259375 0.00214467
0 0.435937 0.264062 0.14375 0.148438 0.00299117
0 0.397266 0.289453 0.200781 0.185156 0.00332043
0 0.823828 0.689453 0.283594 0.322656 0.00344445
0 0.350391 0.751562 0.238281 0.267188 0.00392328
0 0.250781 0.516016 0.214062 0.478906 0.00412429
0 0.297266 0.447266 0.0929687 0.113281 0.00466506
0 0.888672 0.686328 0.222656 0.447656 0.00639107
0 0.814453 0.448828 0.266406 0.411719 0.00713694
0 0.858203 0.451562 0.161719 0.23125 0.00981559
0 0.309766 0.691406 0.292969 0.421875 0.0133531
0 0.86875 0.757031 0.251563 0.25 0.0155016
0 0.319922 0.392578 0.197656 0.288281 0.0202931
0 0.342187 0.539453 0.284375 0.594531 0.0360691
0 0.285937 0.499609 0.189063 0.316406 0.0669198
0 0.287109 0.446484 0.147656 0.197656 0.179307
0 0.861328 0.566406 0.242969 0.509375 0.282216
