0 0.445312 0.516797 0.370313 0.505469 0.000103389
0 0.653906 0.554688 0.0875 0.115625 0.000103675
0 0.584766 0.223047 0.163281 0.180469 0.000105651
0 0.233203 0.339844 0.122656 0.207813 0.000105939
0 0.680469 0.0289063 0.24375 0.0578125 0.000106826
0 0.308984 0.204297 0.0898438 0.105469 0.000111832
0 0.530859 0.273438 0.105469 0.178125 0.000112614
0 0.555078 0.387109 0.0835937 0.105469 0.000116492
0 0.263281 0.489062 0.0890625 0.109375 0.000117918
0 0.254297 0.280469 0.0882813 0.101562 0.000122321
0 0.387891 0.308984 0.203906 0.316406 0.000122847
0 0.295703 0.488281 0.0851562 0.107813 0.000123538
0 0.314844 0.175781 0.175 0.18125 0.00012936
0 0.237891 0.244922 0.0851562 0.113281 0.000132775
0 0.18125 0.453125 0.128125 0.210938 0.000134163
0 0.557031 0.633203 0.198437 0.202344 0.000134841
0 0.480859 0.29375 0.214844 0.265625 0.000140564
0 0.574219 0.347656 0.134375 0.242188 0.000147556
0 0.198828 0.365234 0.111719 0.233594 0.000149612
0 0.279297 0.510156 0.0898438 0.1125 0.000152456
0 0.5375 0.570703 0.171875 0.203906 0.000152889
0 0.339453 0.592969 0.189844 0.234375 0.000156793
0 0.303125 0.255469 0.0859375 0.103125 0.000156992
0 0.234766 0.313672 0.0632813 0.0851562 0.000166626
0 0.533984 0.205859 0.0898438 0.0804688 0.000179154
0 0.262109 0.447266 0.0867188 0.0945313 0.000179807
0 0.328906 0.450781 0.295312 0.490625 0.000181162
0 0.196094 0.295703 0.154687 0.257031 0.000188826
0 0.323828 0.232031 0.272656 0.275 0.000189645
0 0.279687 0.469141 0.0859375 0.108594 0.000191354
0 0.305859 0.590234 0.0757812 0.0914062 0.000205011
0 0.151562 0.568359 0.1375 0.146094 0.000205374
0 0.548047 0.228125 0.128906 0.14375 0.000243569
0 0.234766 0.313672 0.0898438 0.133594 0.000250371
0 0.566016 0.282813 0.180469 0.289062 0.000251023
0 0.36875 0.229687 0.135937 0.167187 0.000252165
0 0.632812 0.412109 0.126563 0.180469 0.000273667
0 0.338281 0.205469 0.0875 0.1 0.000287858
0 0.49375 0.378906 0.2875 0.429688 0.000310713
0 0.655469 0.392188 0.298438 0.59375 0.00032173
0 0.219141 0.430469 0.142969 0.267188 0.000353676
0 0.698828 0.524219 0.175781 0.446875 0.000358381
0 0.335938 0.298828 0.139062 0.236719 0.000380613
0 0.33125 0.481641 0.164062 0.325781 0.00042593
0 0.669531 0.721094 0.2125 0.395312 0.000442915
0 0.309375 0.586719 0.104687 0.140625 0.000445342
0 0.323828 0.235938 0.0914062 0.109375 0.000447724
0 0.219922 0.527344 0.147656 0.165625 0.000454168
0 0.505859 0.619141 0.399219 0.458594 0.0004747
0 0.174609 0.403125 0.172656 0.382812 0.000485323
0 0.330078 0.355469 0.174219 0.426562 0.000503688
0 0.557813 0.407031 0.117188 0.184375 0.000503787
0 0.672656 0.573828 0.125 0.207031 0.00056707
0 0.299609 0.273047 0.152344 0.155469 0.00057595
0 0.616016 0.655078 0.216406 0.208594 0.000607463
0 0.295312 0.474609 0.123438 0.192969 0.000644414
0 0.572656 0.748047 0.348437 0.419531 0.000725023
0 0.222266 0.280078 0.0789063 0.108594 0.000776974
0 0.579297 0.531641 0.196094 0.214844 0.000868346
0 0.209375 0.305859 0.10625 0.167969 0.000929096
0 0.545313 0.482031 0.201562 0.335938 0.000967383
0 0.594531 0.411328 0.145313 0.228906 0.000983712
0 0.220313 0.557031 0.28125 0.267188 0.000986185
0 0.596094 0.591797 0.2 0.207031 0.00103818
0 0.167578 0.521875 0.157031 0.20625 0.00118504
0 0.541406 0.560938 0.267188 0.328125 0.00138405
0 0.262891 0.450391 0.138281 0.208594 0.00144384
0 0.297656 0.549219 0.1375 0.207813 0.00165389
0 0.336328 0.207813 0.128906 0.140625 0.00205469
0 0.292578 0.436719 0.161719 0.378125 0.00261904
0 0.632422 0.553516 0.167969 0.208594 0.00355764
0 0.238281 0.266016 0.125 0.163281 0.00410504
0 0.665234 0.599219 0.174219 0.35 0.00425391
0 0.614453 0.474219 0.147656 0.279687 0.00582644
0 0.661328 0.488281 0.146094 0.325 0.00691178
0 0.602344 0.408984 0.204688 0.444531 0.0099174
0 0.208203 0.485938 0.227344 0.26875 0.0100689
0 0.608594 0.638672 0.260938 0.388281 0.0158075
0 0.296484 0.230469 0.186719 0.18125 0.0242809
0 0.277344 0.286719 0.221875 0.304688 0.0259722
0 0.262891 0.513281 0.185156 0.234375 0.0361212
0 0.242969 0.386719 0.239063 0.4625 0.0811421
0 0.614453 0.534375 0.214844 0.364062 0.188705
