0 0.833984 0.354297 0.219531 0.472656 0.00010073
0 0.611719 0.138281 0.179688 0.160938 0.000106105
0 0.862891 0.630859 0.197656 0.264844 0.000106706
0 0.533984 0.45 0.122656 0.245312 0.000110869
0 0.635547 0.473437 0.0851562 0.0890625 0.000114389
0 0.196484 0.195312 0.0773437 0.10625 0.000117139
0 0.612109 0.0675781 0.205469 0.135156 0.000118787
0 0.693359 0.0492188 0.241406 0.0953125 0.000119954
0 0.798047 0.270703 0.213281 0.296094 0.000123638
0 0.261719 0.153516 0.164062 0.163281 0.00012931
0 0.321094 0.0476562 0.223438 0.0953125 0.000129877
0 0.874609 0.0535156 0.163281 0.107031 0.000138108
0 0.710938 0.324219 0.115625 0.245312 0.000139784
0 0.591797 0.980469 0.183594 0.0375 0.000140572
0 0.680469 0.322656 0.084375 0.10625 0.000141925
0 0.261328 0.363281 0.164844 0.176563 0.00014563
0 0.241406 0.257422 0.1875 0.185156 0.000146056
0 0.934375 0.465234 0.13125 0.636719 0.00014685
0 0.69375 0.453125 0.08125 0.101562 0.00014698
0 0.116797 0.448047 0.114844 0.266406 0.000147099
0 0.56875 0.116797 0.153125 0.171094 0.000148035
0 0.714453 0.638672 0.160156 0.185156 0.000157119
0 0.848828 0.215625 0.211719 0.35625 0.000160664
0 0.3375 0.102734 0.175 0.180469 0.000161863
0 0.786719 0.669922 0.195312 0.210156 0.000162959
0 0.684766 0.951563 0.341406 0.0953125 0.00016329
0 0.549219 0.386719 0.0796875 0.0890625 0.000168122
0 0.06875 0.311328 0.132812 0.366406 0.000173261
0 0.0640625 0.104687 0.126563 0.209375 0.000174355
0 0.569531 0.159766 0.123438 0.158594 0.000179027
0 0.226562 0.0414063 0.346875 0.0828125 0.000180651
0 0.79375 0.4375 0.171875 0.373437 0.000180864
0 0.711719 0.553516 0.115625 0.255469 0.000181566
0 0.972656 0.359375 0.0484375 0.459375 0.000186446
0 0.738281 0.426172 0.129688 0.266406 0.000192401
0 0.861328 0.117188 0.0882813 0.15625 0.000194734
0 0.299219 0.383984 0.129688 0.166406 0.000194973
0 0.0832031 0.560938 0.108594 0.209375 0.000195247
0 0.860937 0.538281 0.2625 0.517187 0.000198477
0 0.0296875 0.227344 0.0578125 0.398438 0.000204025
0 0.951172 0.605078 0.0929687 0.341406 0.000212144
0 0.314453 0.524219 0.180469 0.292188 0.000217842
0 0.6375 0.300391 0.15625 0.177344 0.000222
0 0.870703 0.176953 0.113281 0.211719 0.000226808
0 0.0804688 0.439844 0.135937 0.3875 0.000233683
0 0.174609 0.341797 0.169531 0.191406 0.000234753
0 0.308594 0.376563 0.307813 0.63125 0.00024046
0 0.844531 0.0320312 0.195312 0.0640625 0.000242877
0 0.758984 0.0195312 0.233594 0.0390625 0.000249437
0 0.661328 0.638281 0.205469 0.228125 0.000261457
0 0.596875 0.453516 0.201562 0.208594 0.000263064
0 0.151562 0.53125 0.184375 0.176563 0.000277344
0 0.135547 0.366016 0.124219 0.253906 0.000282948
0 0.651953 0.107031 0.310156 0.214062 0.000311476
0 0.0359375 0.352344 0.071875 0.646875 0.000311542
0 0.617969 0.386328 0.2 0.183594 0.000318427
0 0.217578 0.530469 0.161719 0.159375 0.000320461
0 0.262891 0.405078 0.127344 0.144531 0.000336451
0 0.270312 0.541406 0.146875 0.189063 0.000343082
0 0.597266 0.965625 0.271094 0.0671875 0.0003471
0 0.240625 0.490234 0.146875 0.182031 0.000356886
0 0.225 0.187109 0.207813 0.235156 0.000360855
0 0.550391 0.3875 0.113281 0.146875 0.000382971
0 0.676562 0.469531 0.0859375 0.090625 0.000386215
0 0.637109 0.192578 0.207031 0.247656 0.000399379
0 0.966016 0.481641 0.0679687 0.611719 0.000415612
0 0.195703 0.196484 0.128906 0.167969 0.000428233
0 0.0796875 0.203125 0.159375 0.398438 0.000443928
0 0.298047 0.222656 0.191406 0.265625 0.000473908
0 0.171875 0.286328 0.129688 0.255469 0.00051808
0 0.560156 0.945312 0.33125 0.109375 0.000521833
0 0.767578 0.0378906 0.266406 0.0757812 0.000561863
0 0.618359 0.492969 0.136719 0.192188 0.000562486
0 0.546484 0.360156 0.139844 0.254687 0.000592322
0 0.693359 0.448828 0.113281 0.203906 0.000614482
0 0.304688 0.140234 0.201562 0.213281 0.000620514
0 0.577344 0.276172 0.20625 0.375781 0.000627136
0 0.808594 0.0632813 0.2125 0.125 0.000652186
0 0.266406 0.0691406 0.345313 0.138281 0.000684792
0 0.146094 0.0773437 0.278125 0.151562 0.000686898
0 0.122656 0.317969 0.192188 0.390625 0.0007403
0 0.715234 0.273438 0.183594 0.26875 0.000749425
0 0.542578 0.517187 0.163281 0.20625 0.00075369
0 0.716406 0.602344 0.204688 0.289062 0.000804188
0 0.674609 0.530078 0.146094 0.255469 0.000825735
0 0.796875 0.473047 0.2625 0.692969 0.000833838
0 0.2875 0.358984 0.171875 0.352344 0.000887244
0 0.644922 0.217187 0.330469 0.3625 0.00103154
0 0.574219 0.197656 0.16875 0.228125 0.00103526
0 0.677344 0.365234 0.121875 0.252344 0.00105296
0 0.0832031 0.392578 0.157031 0.674219 0.00110311
0 0.110937 0.516406 0.142188 0.242188 0.00117615
0 0.730859 0.0714844 0.325781 0.142969 0.00127702
0 0.841406 0.144531 0.160938 0.251563 0.00129054
0 0.159766 0.215625 0.308594 0.43125 0.00153887
0 0.758984 0.360156 0.182031 0.40625 0.00172372
0 0.657812 0.471094 0.135937 0.214062 0.00172586
0 0.758594 0.283984 0.334375 0.499219 0.00200203
0 0.186719 0.508984 0.298438 0.285156 0.00215092
0 0.675781 0.274609 0.13125 0.219531 0.00235688
0 0.641406 0.277734 0.184375 0.302344 0.00261909
0 0.2625 0.210547 0.290625 0.358594 0.00291118
0 0.210547 0.125391 0.385156 0.249219 0.00307515
0 0.270703 0.475781 0.166406 0.26875 0.0034392
0 0.74375 0.522266 0.248437 0.483594 0.00348433
0 0.185156 0.286328 0.207813 0.377344 0.006724
0 0.671875 0.362891 0.1625 0.397656 0.00974704
0 0.150781 0.421875 0.21875 0.4375 0.0101474
0 0.254297 0.440625 0.244531 0.378125 0.0102424
0 0.600391 0.525391 0.263281 0.271094 0.0107036
0 0.766406 0.141016 0.310937 0.275781 0.0121682
0 0.711328 0.399609 0.216406 0.533594 0.0157365
0 0.670313 0.525 0.226562 0.360938 0.0317151
0 0.624219 0.389453 0.271875 0.575781 0.303697
0 0.208594 0.353125 0.321875 0.575 0.430529
