0 0.653516 0.401172 0.174219 0.203906 0.000101192
0 0.223047 0.814844 0.152344 0.14375 0.000103563
0 0.810547 0.0539063 0.344531 0.107813 0.000107463
0 0.243359 0.797656 0.0914062 0.109375 0.000110256
0 0.595703 0.973437 0.217969 0.053125 0.000111025
0 0.15625 0.68125 0.123438 0.209375 0.000113385
0 0.239844 0.383594 0.10625 0.120312 0.000114866
0 0.699609 0.937891 0.361719 0.124219 0.000115989
0 0.658984 0.719531 0.188281 0.209375 0.000116104
0 0.849219 0.895703 0.301562 0.205469 0.000116132
0 0.763672 0.761719 0.0851562 0.115625 0.000121982
0 0.309766 0.784375 0.308594 0.267188 0.000125555
0 0.719531 0.698828 0.0765625 0.0992187 0.000127886
0 0.616016 0.835156 0.155469 0.179688 0.000132412
0 0.91875 0.198047 0.1625 0.367969 0.000135284
0 0.657031 0.614062 0.159375 0.182812 0.000137676
0 0.292969 0.764453 0.0921875 0.105469 0.000140706
0 0.905859 0.0144531 0.185156 0.0273438 0.000146638
0 0.739062 0.718359 0.08125 0.105469 0.00015483
0 0.7375 0.129688 0.432813 0.257812 0.000157745
0 0.312109 0.764844 0.158594 0.15625 0.000161637
0 0.797266 0.841016 0.103906 0.133594 0.000166062
0 0.727344 0.486328 0.134375 0.247656 0.000173487
0 0.573047 0.955859 0.342969 0.0882813 0.000173607
0 0.240234 0.745313 0.0898438 0.10625 0.0001795
0 0.766406 0.879297 0.28125 0.213281 0.000182473
0 0.221094 0.762109 0.0890625 0.111719 0.000183176
0 0.220313 0.439844 0.109375 0.203125 0.000195101
0 0.894922 0.0242187 0.199219 0.0484375 0.000200304
0 0.623047 0.606641 0.164844 0.252344 0.000200443
0 0.176172 0.614844 0.122656 0.275 0.000217719
0 0.680078 0.658594 0.180469 0.20625 0.000220752
0 0.262109 0.454688 0.194531 0.29375 0.000223664
0 0.298438 0.353125 0.160938 0.157813 0.000231394
0 0.782031 0.801953 0.0828125 0.111719 0.00024715
0 0.196875 0.489844 0.103125 0.210938 0.000268666
0 0.244531 0.395703 0.14375 0.185156 0.000275209
0 0.658203 0.572266 0.222656 0.357031 0.000341186
0 0.820312 0.785156 0.296875 0.367188 0.000347899
0 0.676172 0.779297 0.146094 0.227344 0.000349699
0 0.738281 0.617188 0.132812 0.259375 0.000433407
0 0.118359 0.798437 0.124219 0.175 0.000451568
0 0.625 0.692187 0.220313 0.329688 0.000454416
0 0.180078 0.757422 0.150781 0.178906 0.000460649
0 0.696094 0.498437 0.217187 0.379687 0.000543536
0 0.846875 0.230078 0.30625 0.460156 0.000553605
0 0.722266 0.679297 0.141406 0.202344 0.000580533
0 0.189453 0.526563 0.135156 0.334375 0.00059258
0 0.252344 0.566797 0.24375 0.517969 0.000658922
0 0.222656 0.745703 0.146875 0.149219 0.000726975
0 0.132812 0.652344 0.146875 0.396875 0.000735184
0 0.622266 0.772656 0.188281 0.25 0.00100947
0 0.805469 0.727344 0.1875 0.35 0.00113802
0 0.758984 0.680469 0.128906 0.275 0.00132798
0 0.139453 0.7375 0.125781 0.234375 0.00138219
0 0.260938 0.775781 0.0921875 0.103125 0.00141728
0 0.226172 0.827344 0.300781 0.207813 0.00149506
0 0.1625 0.796484 0.220313 0.197656 0.00165463
0 0.722266 0.741406 0.169531 0.210938 0.00195841
0 0.259766 0.705078 0.239844 0.277344 0.00237273
0 0.790625 0.801562 0.128125 0.21875 0.00243004
0 0.182031 0.616016 0.173438 0.428906 0.00265444
0 0.283984 0.798047 0.186719 0.172656 0.00294236
0 0.751172 0.617969 0.163281 0.485938 0.00406535
0 0.692578 0.596875 0.291406 0.554688 0.00431915
0 0.711719 0.811328 0.264062 0.255469 0.00802217
0 0.179297 0.723047 0.221094 0.272656 0.0124676
0 0.262109 0.764453 0.141406 0.138281 0.0220255
0 0.760547 0.763281 0.166406 0.28125 0.0247824
0 0.71875 0.717578 0.232812 0.358594 0.12425
0 0.234766 0.772266 0.236719 0.180469 0.145759
