0 0.696875 0.509375 0.0875 0.1125 0.000102157
0 0.751562 0.240625 0.096875 0.129688 0.000107903
0 0.772656 0.218359 0.046875 0.0507812 0.0001151
0 0.639453 0.426172 0.111719 0.169531 0.000116011
0 0.129297 0.778125 0.216406 0.379687 0.000116708
0 0.747266 0.275781 0.0757812 0.0796875 0.000121286
0 0.817578 0.628516 0.285156 0.435156 0.000122954
0 0.772266 0.219141 0.0632813 0.0789063 0.000123209
0 0.639844 0.658984 0.125 0.238281 0.000123991
0 0.736328 0.566797 0.142969 0.144531 0.000127516
0 0.697656 0.569531 0.0984375 0.1 0.000135644
0 0.236719 0.5 0.0828125 0.096875 0.000137431
0 0.684766 0.711328 0.300781 0.353906 0.000137511
0 0.276563 0.387891 0.139062 0.152344 0.000139332
0 0.225391 0.772656 0.305469 0.354688 0.000141687
0 0.835938 0.717578 0.120312 0.203906 0.000154999
0 0.840625 0.617188 0.084375 0.20625 0.000160558
0 0.822656 0.533594 0.101562 0.159375 0.000166114
0 0.656641 0.569922 0.138281 0.141406 0.000172361
0 0.164453 0.680859 0.189844 0.271094 0.000173126
0 0.74375 0.735547 0.19375 0.174219 0.000173489
0 0.766797 0.294922 0.0851562 0.122656 0.00017628
0 0.177734 0.485547 0.194531 0.394531 0.000186565
0 0.755469 0.526172 0.148438 0.185156 0.000195079
0 0.191406 0.474219 0.310937 0.510938 0.00019718
0 0.380469 0.407422 0.115625 0.149219 0.000197847
0 0.253906 0.508203 0.15625 0.158594 0.000198943
0 0.765234 0.735937 0.114844 0.129688 0.000203447
0 0.647656 0.373047 0.157813 0.282031 0.000205895
0 0.612891 0.454688 0.135156 0.25625 0.000224938
0 0.803125 0.385547 0.103125 0.174219 0.000236968
0 0.601172 0.549219 0.0914062 0.114063 0.000245891
0 0.767969 0.330078 0.179688 0.342969 0.000265369
0 0.800391 0.732031 0.0835937 0.109375 0.000332171
0 0.800391 0.490234 0.130469 0.167969 0.000337992
0 0.832422 0.528906 0.122656 0.351562 0.000346427
0 0.635156 0.396484 0.090625 0.102344 0.000396563
0 0.236328 0.413281 0.163281 0.201562 0.00041898
0 0.238281 0.595312 0.189063 0.207813 0.000437153
0 0.772266 0.276563 0.0585938 0.0671875 0.00045983
0 0.654297 0.597266 0.192969 0.314844 0.000493736
0 0.696875 0.548047 0.135937 0.157031 0.00050236
0 0.319141 0.674609 0.205469 0.222656 0.000518395
0 0.773828 0.305469 0.114844 0.215625 0.000526257
0 0.821875 0.655859 0.114063 0.260156 0.000685354
0 0.800391 0.405469 0.142969 0.29375 0.000721499
0 0.761719 0.687891 0.3 0.285156 0.000721761
0 0.773828 0.259375 0.0757812 0.110937 0.000755658
0 0.332812 0.603125 0.26875 0.348437 0.00078257
0 0.621875 0.525 0.129688 0.173438 0.000828882
0 0.201172 0.511328 0.139844 0.213281 0.000836733
0 0.353906 0.436719 0.18125 0.203125 0.000930711
0 0.265625 0.405078 0.246875 0.296094 0.00123678
0 0.800781 0.732031 0.120312 0.153125 0.00147412
0 0.337109 0.477344 0.222656 0.36875 0.00147665
0 0.785937 0.230859 0.0546875 0.0726563 0.0015867
0 0.755859 0.493359 0.228906 0.202344 0.00170452
0 0.678516 0.702734 0.172656 0.221094 0.0019313
0 0.240625 0.655078 0.223438 0.211719 0.00200808
0 0.798047 0.482812 0.211719 0.385938 0.0020332
0 0.303516 0.410547 0.305469 0.628906 0.00265399
0 0.802734 0.609375 0.163281 0.360938 0.00320171
0 0.754687 0.410937 0.260938 0.371875 0.00320648
0 0.657031 0.469531 0.14375 0.265625 0.00350796
0 0.219141 0.475 0.0929687 0.090625 0.00414637
0 0.789844 0.703516 0.179688 0.208594 0.00559311
0 0.237891 0.653125 0.299219 0.31875 0.00689747
0 0.696484 0.510938 0.186719 0.204688 0.0129853
0 0.725781 0.587891 0.267188 0.402344 0.01302
0 0.229297 0.476953 0.214844 0.302344 0.0177698
0 0.209766 0.573828 0.202344 0.353906 0.0202301
0 0.225391 0.477344 0.152344 0.125 0.0242711
0 0.706641 0.476172 0.261719 0.297656 0.165789
0 0.268359 0.550391 0.294531 0.442969 0.285638
