0 0.0945313 0.474219 0.176563 0.407813 0.000106286
0 0.232422 0.281641 0.107031 0.197656 0.000110243
0 0.666406 0.171484 0.084375 0.117969 0.000131583
0 0.296484 0.118359 0.0882813 0.108594 0.000133424
0 0.701172 0.491406 0.0773437 0.107813 0.000139313
0 0.157031 0.514453 0.190625 0.327344 0.000144209
0 0.287891 0.367578 0.0820312 0.0976562 0.000144652
0 0.8125 0.0277344 0.229687 0.0554687 0.000144807
0 0.260547 0.546875 0.257031 0.25625 0.000145431
0 0.590625 0.44375 0.114063 0.204688 0.000148504
0 0.636328 0.522266 0.183594 0.167969 0.000149929
0 0.694922 0.197266 0.0882813 0.166406 0.000151904
0 0.300391 0.0484375 0.127344 0.0875 0.000153168
0 0.0320312 0.355859 0.0609375 0.397656 0.000153367
0 0.685156 0.303125 0.128125 0.254687 0.000156556
0 0.675781 0.0660156 0.125 0.114844 0.000156901
0 0.699609 0.107031 0.0632813 0.114063 0.000159244
0 0.727734 0.263672 0.0882813 0.197656 0.000160788
0 0.335547 0.175781 0.136719 0.221875 0.000163968
0 0.725391 0.553906 0.153906 0.1625 0.00016532
0 0.317187 0.422266 0.0859375 0.105469 0.000174692
0 0.184375 0.408984 0.078125 0.117969 0.000186987
0 0.977344 0.353125 0.0453125 0.367188 0.000186995
0 0.247656 0.0992187 0.096875 0.146875 0.00018929
0 0.323047 0.3875 0.314844 0.439063 0.000193104
0 0.753516 0.528906 0.102344 0.167187 0.000194802
0 0.236328 0.348828 0.153906 0.214844 0.00019511
0 0.0558594 0.435156 0.100781 0.310937 0.000198731
0 0.665625 0.183984 0.128125 0.214844 0.000212272
0 0.615234 0.489062 0.0867188 0.107813 0.000214471
0 0.612891 0.0511719 0.142969 0.102344 0.000218837
0 0.258203 0.173047 0.0867188 0.108594 0.000219262
0 0.335938 0.423828 0.123438 0.178906 0.000240767
0 0.289062 0.14375 0.265625 0.2875 0.000242904
0 0.294141 0.155859 0.0851562 0.102344 0.000245289
0 0.177734 0.315625 0.149219 0.459375 0.000250338
0 0.344922 0.0523437 0.161719 0.104687 0.000261837
0 0.282422 0.0792969 0.139844 0.152344 0.000292608
0 0.719922 0.426172 0.110156 0.221094 0.000297488
0 0.21875 0.239063 0.0875 0.185937 0.000306474
0 0.619141 0.317578 0.217969 0.536719 0.000339764
0 0.282031 0.354688 0.129688 0.228125 0.000347329
0 0.184375 0.446484 0.0796875 0.107031 0.00035702
0 0.642969 0.0992187 0.159375 0.170312 0.000414216
0 0.332422 0.363281 0.138281 0.242188 0.000420612
0 0.685156 0.151172 0.0859375 0.135156 0.000425627
0 0.301562 0.389844 0.0859375 0.115625 0.000451903
0 0.679688 0.490234 0.11875 0.158594 0.000505887
0 0.613281 0.400391 0.121875 0.292969 0.000521064
0 0.738672 0.315234 0.108594 0.332031 0.000542091
0 0.681641 0.408203 0.132031 0.286719 0.0005726
0 0.294141 0.170312 0.128906 0.176563 0.000573506
0 0.696094 0.4375 0.273438 0.364062 0.000613572
0 0.201953 0.326562 0.108594 0.279687 0.000614384
0 0.718359 0.321484 0.105469 0.227344 0.000730545
0 0.295703 0.462109 0.214844 0.235156 0.000940977
0 0.184766 0.446094 0.102344 0.170312 0.00116999
0 0.742969 0.436328 0.120312 0.311719 0.00120774
0 0.212109 0.239844 0.108594 0.3125 0.0013443
0 0.616016 0.480469 0.117969 0.1625 0.00157854
0 0.2625 0.139453 0.0875 0.108594 0.00194566
0 0.294141 0.242969 0.202344 0.459375 0.0020565
0 0.303906 0.117969 0.151562 0.203125 0.00241845
0 0.226172 0.480469 0.210156 0.25625 0.00246451
0 0.676562 0.304297 0.184375 0.457031 0.00344975
0 0.708203 0.251563 0.114844 0.298438 0.00361084
0 0.657812 0.470703 0.1875 0.210156 0.00440047
0 0.716016 0.495703 0.163281 0.197656 0.00479964
0 0.24375 0.177344 0.117188 0.21875 0.00491707
0 0.301172 0.403125 0.144531 0.173438 0.00850631
0 0.201172 0.401953 0.133594 0.219531 0.00888047
0 0.267969 0.142188 0.120312 0.164062 0.0138123
0 0.715234 0.382031 0.138281 0.379687 0.0154861
0 0.258594 0.401172 0.2125 0.227344 0.0409224
0 0.235547 0.291406 0.171094 0.426562 0.0719089
