0 0.386328 0.369531 0.132031 0.2375 0.000101865
0 0.98125 0.64375 0.0375 0.423438 0.000102102
0 0.629297 0.344141 0.172656 0.289844 0.000107393
0 0.900391 0.701172 0.132031 0.239844 0.000108289
0 0.374219 0.526953 0.178125 0.397656 0.000109019
0 0.299609 0.632031 0.130469 0.23125 0.000109542
0 0.0386719 0.64375 0.0742188 0.68125 0.000110899
0 0.321094 0.248047 0.159375 0.119531 0.000112398
0 0.803516 0.512891 0.136719 0.225781 0.00011798
0 0.743359 0.614844 0.255469 0.2125 0.000118689
0 0.227734 0.739453 0.332031 0.342969 0.000119553
0 0.291406 0.278125 0.167187 0.1625 0.000120647
0 0.175391 0.655469 0.111719 0.196875 0.000121607
0 0.260156 0.549219 0.198437 0.203125 0.000122512
0 0.181641 0.50625 0.113281 0.254687 0.000122526
0 0.217969 0.366797 0.139062 0.194531 0.000140563
0 0.739062 0.510547 0.248437 0.203906 0.000142893
0 0.825 0.697656 0.145313 0.190625 0.00015368
0 0.0226563 0.647656 0.0390625 0.467187 0.000156789
0 0.797266 0.401563 0.182031 0.284375 0.000163344
0 0.803906 0.778125 0.259375 0.185937 0.000167697
0 0.894141 0.0535156 0.211719 0.105469 0.000170412
0 0.219141 0.697656 0.132031 0.145313 0.000172545
0 0.702344 0.657031 0.195312 0.201562 0.00017844
0 0.780469 0.551953 0.217187 0.191406 0.000181719
0 0.261719 0.612109 0.140625 0.261719 0.000195397
0 0.166406 0.647266 0.139062 0.321094 0.000197469
0 0.844141 0.617188 0.136719 0.267188 0.000220837
0 0.823047 0.660937 0.211719 0.209375 0.000226359
0 0.705859 0.758594 0.272656 0.285937 0.000229307
0 0.666406 0.560156 0.20625 0.410937 0.00022967
0 0.157422 0.728516 0.119531 0.189844 0.00023353
0 0.398438 0.627344 0.1875 0.335938 0.0002766
0 0.648828 0.277344 0.157031 0.164062 0.000328124
0 0.237109 0.466406 0.171094 0.201562 0.000352619
0 0.259375 0.679297 0.178125 0.178906 0.000414033
0 0.348437 0.677734 0.220313 0.250781 0.000415226
0 0.864062 0.719922 0.132812 0.185156 0.000421996
0 0.268359 0.358984 0.249219 0.327344 0.000433103
0 0.335547 0.444141 0.208594 0.483594 0.00051566
0 0.8875 0.762891 0.178125 0.202344 0.00068444
0 0.762891 0.698047 0.269531 0.207031 0.000686708
0 0.816406 0.795703 0.348437 0.288281 0.000882893
0 0.684766 0.308984 0.222656 0.241406 0.000929259
0 0.333594 0.294922 0.178125 0.210156 0.000979829
0 0.201953 0.686719 0.191406 0.210938 0.00102653
0 0.880078 0.652344 0.222656 0.384375 0.00103936
0 0.706641 0.64375 0.289844 0.360938 0.00144301
0 0.205469 0.639453 0.235938 0.388281 0.00158966
0 0.339844 0.600391 0.2625 0.446094 0.00182393
0 0.752344 0.442187 0.267188 0.4 0.00196214
0 0.689453 0.460156 0.282031 0.542188 0.00343825
0 0.845703 0.726172 0.250781 0.253906 0.00358496
0 0.837891 0.565625 0.233594 0.475 0.00425108
0 0.277734 0.666797 0.296094 0.292969 0.00506007
0 0.199609 0.443359 0.144531 0.292969 0.00578473
0 0.210156 0.521094 0.19375 0.464063 0.0122382
0 0.788281 0.685156 0.340625 0.35625 0.0319145
0 0.767578 0.525 0.358594 0.607813 0.189482
0 0.273047 0.506641 0.303906 0.588281 0.273296
