0 0.806641 0.935938 0.202344 0.121875 0.00010041
0 0.801172 0.679297 0.0867188 0.107031 0.000105239
0 0.101953 0.0378906 0.203906 0.0726563 0.000107565
0 0.703516 0.520312 0.108594 0.13125 0.000111844
0 0.725391 0.492578 0.172656 0.246094 0.00011785
0 0.972266 0.520312 0.0523437 0.707812 0.000118538
0 0.303906 0.636719 0.142188 0.16875 0.000121054
0 0.982031 0.482031 0.0359375 0.496875 0.000123553
0 0.3 0.03125 0.2875 0.0625 0.000125024
0 0.815234 0.522266 0.130469 0.274219 0.000127395
0 0.034375 0.677344 0.065625 0.645312 0.000135051
0 0.0757812 0.11875 0.151562 0.232812 0.000138971
0 0.678906 0.555078 0.1375 0.197656 0.000142074
0 0.0695312 0.0585938 0.139062 0.117188 0.000153297
0 0.211328 0.107422 0.411719 0.203906 0.000170084
0 0.0167969 0.382812 0.0335938 0.271875 0.000170711
0 0.268359 0.710938 0.278906 0.210938 0.000174373
0 0.863672 0.739844 0.111719 0.15 0.000176588
0 0.161719 0.625 0.179688 0.40625 0.000183547
0 0.863672 0.0574219 0.272656 0.110156 0.000183731
0 0.838281 0.658203 0.120312 0.191406 0.000184284
0 0.386719 0.630469 0.123438 0.217187 0.000192675
0 0.782812 0.639844 0.15625 0.195312 0.000195859
0 0.0472656 0.230859 0.0914062 0.447656 0.000205349
0 0.773438 0.575781 0.30625 0.467187 0.000218308
0 0.200391 0.465625 0.117969 0.226562 0.000237235
0 0.0152344 0.466016 0.0304688 0.272656 0.00023844
0 0.305859 0.572266 0.197656 0.286719 0.000275903
0 0.273828 0.065625 0.394531 0.13125 0.000281189
0 0.142969 0.0664062 0.285937 0.129688 0.0003279
0 0.0664062 0.379297 0.132812 0.710156 0.000345022
0 0.338281 0.676172 0.153125 0.177344 0.000369715
0 0.737891 0.725781 0.188281 0.178125 0.000428429
0 0.742188 0.694141 0.129688 0.153906 0.000428494
0 0.341406 0.609766 0.146875 0.217969 0.000436752
0 0.196875 0.647656 0.160938 0.217187 0.000506935
0 0.0273438 0.558203 0.05 0.489844 0.000590565
0 0.801953 0.681641 0.130469 0.150781 0.00062526
0 0.685547 0.626562 0.150781 0.223438 0.000636988
0 0.0488281 0.532422 0.0976562 0.722656 0.000731474
0 0.786719 0.58125 0.204688 0.348437 0.000767266
0 0.790234 0.694531 0.300781 0.284375 0.000807799
0 0.234375 0.579687 0.204688 0.290625 0.000818812
0 0.0296875 0.435937 0.059375 0.365625 0.00091154
0 0.827344 0.65 0.185937 0.276563 0.000975934
0 0.840625 0.720312 0.170312 0.196875 0.00101964
0 0.733594 0.653516 0.2 0.227344 0.00217612
0 0.274609 0.641406 0.241406 0.221875 0.00256254
0 0.0335938 0.398438 0.0640625 0.665625 0.0027105
0 0.791016 0.696484 0.213281 0.191406 0.00526382
