0 0.659766 0.493359 0.139844 0.211719 0.000100799
0 0.369531 0.635156 0.121875 0.146875 0.000101451
0 0.658984 0.625391 0.144531 0.164844 0.000102178
0 0.231641 0.272656 0.0898438 0.159375 0.000102821
0 0.215234 0.366016 0.0960938 0.232031 0.000102898
0 0.244141 0.198437 0.0507812 0.0734375 0.000108211
0 0.241016 0.224609 0.0679687 0.114844 0.000110155
0 0.18125 0.607031 0.107813 0.125 0.000110256
0 0.278125 0.147656 0.078125 0.103125 0.000110557
0 0.926953 0.146484 0.138281 0.292969 0.000111533
0 0.747266 0.198828 0.0710938 0.0945313 0.000114243
0 0.964844 0.0726563 0.0703125 0.145313 0.000115882
0 0.953516 0.232812 0.0929687 0.465625 0.000117829
0 0.198437 0.429297 0.0703125 0.111719 0.000119248
0 0.700781 0.591016 0.090625 0.111719 0.000119669
0 0.759766 0.611328 0.0898438 0.108594 0.000120996
0 0.371875 0.39375 0.109375 0.176563 0.000125031
0 0.216016 0.513672 0.0851562 0.113281 0.000126361
0 0.972656 0.476562 0.0546875 0.514063 0.000127251
0 0.760156 0.573438 0.0875 0.114063 0.000128987
0 0.799609 0.972266 0.177344 0.0523437 0.000129939
0 0.3 0.469531 0.120312 0.160938 0.000131403
0 0.762109 0.261719 0.0742188 0.14375 0.000131541
0 0.258203 0.186719 0.0679687 0.110937 0.000133075
0 0.422656 0.126172 0.0875 0.107031 0.000135763
0 0.74375 0.410937 0.120312 0.210938 0.000141957
0 0.580078 0.560156 0.221094 0.253125 0.000142531
0 0.619141 0.397656 0.128906 0.185937 0.000143077
0 0.046875 0.435937 0.09375 0.778125 0.000148925
0 0.221484 0.680859 0.349219 0.474219 0.000149449
0 0.758594 0.511328 0.0828125 0.110156 0.000155384
0 0.264062 0.603906 0.145313 0.146875 0.000161333
0 0.765625 0.662109 0.16875 0.202344 0.000161516
0 0.720312 0.574219 0.0875 0.110937 0.0001618
0 0.755859 0.664453 0.319531 0.405469 0.000162814
0 0.760938 0.362891 0.096875 0.213281 0.000175164
0 0.974219 0.269922 0.0515625 0.480469 0.000178144
0 0.305469 0.178906 0.123438 0.1375 0.000184814
0 0.934766 0.0617188 0.130469 0.123438 0.000186453
0 0.282422 0.555859 0.0835937 0.113281 0.000187327
0 0.645703 0.360547 0.160156 0.200781 0.000193308
0 0.781641 0.444141 0.108594 0.333594 0.000193399
0 0.303906 0.403125 0.190625 0.35 0.000196634
0 0.238281 0.568359 0.090625 0.110156 0.00019714
0 0.351953 0.15 0.138281 0.140625 0.00020475
0 0.741016 0.591406 0.0882813 0.1125 0.000220715
0 0.183203 0.537109 0.278906 0.467969 0.000224454
0 0.367188 0.563672 0.128125 0.214844 0.00022932
0 0.728516 0.366797 0.153906 0.375781 0.00023938
0 0.324219 0.596094 0.31875 0.323438 0.000239592
0 0.351172 0.393359 0.135156 0.277344 0.000244926
0 0.321875 0.592188 0.0890625 0.110937 0.000257266
0 0.169141 0.550781 0.107031 0.221875 0.000267515
0 0.301172 0.575391 0.0882813 0.110156 0.000270993
0 0.344531 0.3125 0.2 0.432813 0.000280446
0 0.227734 0.323438 0.119531 0.382812 0.000289453
0 0.759375 0.225391 0.059375 0.0898438 0.000291111
0 0.620313 0.486328 0.175 0.267969 0.000314808
0 0.957812 0.396875 0.084375 0.604688 0.00032172
0 0.799609 0.544141 0.136719 0.366406 0.000336361
0 0.394531 0.165625 0.134375 0.159375 0.000344861
0 0.217187 0.551953 0.090625 0.116406 0.000359391
0 0.967969 0.150781 0.0640625 0.301562 0.000370783
0 0.654688 0.403125 0.198437 0.328125 0.000384535
0 0.182422 0.570703 0.0851562 0.114844 0.000412941
0 0.722266 0.623828 0.149219 0.150781 0.000469838
0 0.201172 0.451562 0.0867188 0.204688 0.00056194
0 0.789062 0.632812 0.104687 0.1625 0.000586592
0 0.757422 0.470313 0.105469 0.214062 0.000600131
0 0.337891 0.4875 0.161719 0.320312 0.000616565
0 0.177734 0.442969 0.133594 0.440625 0.00063677
0 0.279297 0.494141 0.144531 0.258594 0.000683194
0 0.619141 0.571484 0.166406 0.180469 0.000707704
0 0.721484 0.494531 0.161719 0.210938 0.000710177
0 0.660937 0.535937 0.198437 0.203125 0.000847254
0 0.272266 0.617969 0.257031 0.201562 0.00131841
0 0.266797 0.3625 0.211719 0.567187 0.0018161
0 0.711719 0.634375 0.245312 0.203125 0.00277126
0 0.325781 0.601562 0.170312 0.167187 0.0035603
0 0.200391 0.579687 0.150781 0.1875 0.00441422
0 0.757812 0.589063 0.140625 0.195312 0.00544507
0 0.271484 0.490625 0.271094 0.364062 0.00593664
0 0.667188 0.593359 0.225 0.192969 0.00700011
0 0.226953 0.419531 0.150781 0.395312 0.00819889
0 0.687109 0.482031 0.236719 0.340625 0.00840922
0 0.294531 0.562891 0.1875 0.197656 0.014562
0 0.755078 0.496875 0.139844 0.33125 0.0201284
0 0.201172 0.483984 0.122656 0.302344 0.0231839
0 0.235938 0.536328 0.19375 0.246094 0.0951598
0 0.716016 0.561328 0.216406 0.235156 0.149377
