0 0.239063 0.596484 0.0875 0.113281 0.000100034
0 0.316406 0.573438 0.0796875 0.101562 0.000107765
0 0.034375 0.675781 0.06875 0.25625 0.000108273
0 0.841016 0.534375 0.122656 0.189063 0.00010875
0 0.805859 0.549219 0.0804688 0.107813 0.000113279
0 0.666016 0.299219 0.180469 0.246875 0.000116183
0 0.0195312 0.861719 0.0390625 0.251563 0.000119236
0 0.26875 0.302344 0.11875 0.190625 0.000120097
0 0.304688 0.259766 0.132812 0.178906 0.000120819
0 0.773828 0.276953 0.0664062 0.100781 0.000121137
0 0.763672 0.514063 0.186719 0.190625 0.000121275
0 0.302734 0.384766 0.0898438 0.111719 0.000123378
0 0.281641 0.574609 0.0882813 0.102344 0.000128066
0 0.748047 0.273828 0.0742188 0.0992187 0.000136118
0 0.375391 0.636328 0.194531 0.253906 0.000136506
0 0.341406 0.5125 0.135937 0.25625 0.000141841
0 0.718359 0.555078 0.136719 0.216406 0.000145032
0 0.317969 0.469141 0.139062 0.160156 0.00014564
0 0.633203 0.599219 0.191406 0.279687 0.000145915
0 0.657812 0.436719 0.117188 0.192188 0.00014664
0 0.283203 0.407031 0.0882813 0.109375 0.000149349
0 0.302344 0.344531 0.0890625 0.109375 0.000152422
0 0.359766 0.364062 0.167969 0.2 0.00015358
0 0.732422 0.357031 0.203906 0.40625 0.000169037
0 0.801562 0.639063 0.084375 0.114063 0.000171081
0 0.334375 0.196875 0.13125 0.121875 0.000180704
0 0.0324219 0.928906 0.0648438 0.142188 0.000190287
0 0.800781 0.667969 0.115625 0.146875 0.00019257
0 0.382422 0.300781 0.142969 0.2 0.000193726
0 0.283594 0.366016 0.0875 0.113281 0.000217705
0 0.867188 0.604297 0.151562 0.253906 0.00022276
0 0.833594 0.447266 0.15 0.410156 0.000227784
0 0.419531 0.307031 0.190625 0.275 0.000228304
0 0.2625 0.617969 0.090625 0.115625 0.00023083
0 0.803906 0.470703 0.120312 0.261719 0.000232864
0 0.0417969 0.437109 0.0835937 0.578906 0.000236306
0 0.0183594 0.779688 0.0367187 0.232812 0.000237415
0 0.237109 0.65625 0.305469 0.34375 0.000241755
0 0.401172 0.219531 0.171094 0.19375 0.000274397
0 0.735547 0.2125 0.114844 0.13125 0.000277943
0 0.390625 0.536719 0.185937 0.40625 0.000280349
0 0.690234 0.437891 0.199219 0.347656 0.000290707
0 0.0273438 0.440625 0.0515625 0.38125 0.000298494
0 0.245703 0.471094 0.105469 0.245312 0.0003027
0 0.0621094 0.909766 0.124219 0.180469 0.000309303
0 0.362109 0.239844 0.144531 0.154687 0.000315979
0 0.661328 0.53125 0.177344 0.315625 0.00032291
0 0.771484 0.35 0.139844 0.31875 0.000325478
0 0.0324219 0.761719 0.0648438 0.235938 0.000356281
0 0.299609 0.597656 0.0898438 0.114063 0.000367914
0 0.217578 0.485547 0.171094 0.516406 0.000370295
0 0.0960938 0.554297 0.192188 0.758594 0.000386493
0 0.761719 0.576172 0.140625 0.224219 0.000393994
0 0.225 0.532031 0.101562 0.259375 0.000448044
0 0.266016 0.426953 0.116406 0.196094 0.000455875
0 0.737109 0.632422 0.139844 0.177344 0.000461907
0 0.0816406 0.727734 0.160156 0.544531 0.000503348
0 0.280078 0.647266 0.141406 0.171094 0.00052154
0 0.665234 0.663281 0.185156 0.198437 0.000595397
0 0.835547 0.648828 0.157031 0.192969 0.000609839
0 0.770312 0.301953 0.10625 0.189844 0.000616858
0 0.298438 0.514063 0.140625 0.282813 0.000668218
0 0.746484 0.261328 0.130469 0.185156 0.000690364
0 0.0328125 0.571875 0.0640625 0.523438 0.000713187
0 0.339063 0.303516 0.135937 0.217969 0.000713864
0 0.265625 0.557813 0.14375 0.203125 0.000831725
0 0.375 0.353906 0.214062 0.339063 0.000903705
0 0.805469 0.553906 0.132812 0.1875 0.000951187
0 0.216797 0.605859 0.114844 0.224219 0.000983335
0 0.0332031 0.853125 0.0664062 0.289062 0.00112898
0 0.730469 0.662109 0.25 0.221094 0.00118176
0 0.258203 0.401563 0.144531 0.34375 0.00119081
0 0.0375 0.730859 0.0734375 0.463281 0.00145605
0 0.317969 0.596875 0.13125 0.184375 0.00163482
0 0.801562 0.617578 0.135937 0.197656 0.00168452
0 0.737109 0.532031 0.252344 0.307813 0.00183991
0 0.0558594 0.815625 0.111719 0.346875 0.00185021
0 0.367969 0.435547 0.273438 0.591406 0.00188361
0 0.236719 0.64375 0.173438 0.215625 0.00198141
0 0.286328 0.346094 0.122656 0.2 0.00209254
0 0.755469 0.244531 0.0796875 0.114063 0.00222288
0 0.354297 0.253906 0.189844 0.242188 0.00227294
0 0.301172 0.406641 0.139844 0.233594 0.00342858
0 0.334375 0.565234 0.217187 0.321094 0.00393567
0 0.826953 0.564844 0.167969 0.284375 0.0041818
0 0.777734 0.469141 0.228906 0.467969 0.00439769
0 0.692969 0.606641 0.215625 0.227344 0.00568175
0 0.0523437 0.606641 0.104687 0.780469 0.00569789
0 0.253906 0.523047 0.154687 0.377344 0.00867263
0 0.316797 0.315234 0.189844 0.313281 0.017047
0 0.775 0.610937 0.240625 0.235938 0.0221167
0 0.278906 0.604297 0.195312 0.228906 0.0585245
0 0.292188 0.455078 0.215625 0.507031 0.199033
