0 0.328906 0.177344 0.071875 0.0640625 0.000100035
0 0.177734 0.553125 0.0867188 0.11875 0.000102168
0 0.258984 0.239453 0.0632813 0.0742188 0.000104872
0 0.620313 0.143359 0.260938 0.238281 0.000105347
0 0.758984 0.589844 0.0773437 0.0890625 0.000105926
0 0.686719 0.425391 0.307813 0.413281 0.000109556
0 0.758203 0.979688 0.163281 0.040625 0.000109775
0 0.350391 0.283594 0.158594 0.228125 0.000110493
0 0.310547 0.907031 0.233594 0.171875 0.000110908
0 0.565625 0.231641 0.090625 0.127344 0.000112419
0 0.357812 0.548828 0.128125 0.142969 0.000116218
0 0.216406 0.315625 0.078125 0.145313 0.00011822
0 0.184375 0.472266 0.104687 0.249219 0.000118633
0 0.616797 0.534375 0.0851562 0.103125 0.000120068
0 0.241797 0.247266 0.0726563 0.0992187 0.000120651
0 0.255469 0.279297 0.084375 0.127344 0.000122475
0 0.688672 0.625781 0.242969 0.295312 0.000124404
0 0.359766 0.493359 0.119531 0.192969 0.000126345
0 0.720312 0.193359 0.0484375 0.0648438 0.000126943
0 0.743359 0.795313 0.202344 0.3875 0.000128592
0 0.727734 0.178906 0.0429688 0.0578125 0.000131079
0 0.739453 0.568359 0.0898438 0.108594 0.000134788
0 0.696484 0.564453 0.0882813 0.102344 0.000137022
0 0.270703 0.317187 0.186719 0.342187 0.000138296
0 0.604688 0.293359 0.148438 0.224219 0.000139255
0 0.273438 0.235547 0.090625 0.108594 0.000139918
0 0.634375 0.567187 0.090625 0.1 0.000140314
0 0.660156 0.494531 0.0859375 0.09375 0.000142509
0 0.530078 0.141797 0.296094 0.263281 0.0001436
0 0.343359 0.951953 0.214844 0.0914062 0.000143716
0 0.357812 0.168359 0.165625 0.160156 0.00015266
0 0.303516 0.494141 0.0882813 0.100781 0.000153619
0 0.601172 0.223438 0.150781 0.171875 0.000153893
0 0.21875 0.383594 0.0890625 0.151562 0.000159071
0 0.655078 0.805859 0.277344 0.310156 0.00016245
0 0.260156 0.979688 0.207813 0.040625 0.00016823
0 0.337109 0.548047 0.0898438 0.0976562 0.000175902
0 0.800391 0.965234 0.174219 0.0695312 0.000176102
0 0.604688 0.472656 0.121875 0.210938 0.000181577
0 0.531641 0.219922 0.189844 0.255469 0.000181794
0 0.738281 0.190234 0.0375 0.0617188 0.000187293
0 0.354297 0.175 0.0757812 0.075 0.000191115
0 0.603125 0.568359 0.107813 0.124219 0.000206007
0 0.220703 0.472656 0.135156 0.20625 0.000212101
0 0.318359 0.530078 0.288281 0.286719 0.000218203
0 0.157031 0.593359 0.0796875 0.136719 0.000235133
0 0.206641 0.401172 0.108594 0.296094 0.000246485
0 0.315234 0.229297 0.139844 0.153906 0.000252536
0 0.326172 0.194922 0.0960938 0.0960938 0.000267327
0 0.241797 0.286719 0.0570313 0.0796875 0.000290075
0 0.659375 0.532031 0.090625 0.109375 0.000296627
0 0.305469 0.531641 0.090625 0.110156 0.00030267
0 0.595312 0.951953 0.09375 0.0960938 0.000307201
0 0.694141 0.891406 0.300781 0.207813 0.000313137
0 0.728125 0.965234 0.225 0.0695312 0.000330823
0 0.2 0.967578 0.223438 0.0648438 0.000330989
0 0.2375 0.321875 0.10625 0.204688 0.000344562
0 0.651563 0.966016 0.246875 0.0679687 0.000348708
0 0.230078 0.580859 0.233594 0.216406 0.000353563
0 0.300781 0.969141 0.209375 0.0617188 0.000357356
0 0.609766 0.930078 0.252344 0.139844 0.000365664
0 0.2375 0.307422 0.078125 0.121094 0.000392198
0 0.689062 0.708594 0.296875 0.528125 0.000395888
0 0.717969 0.548437 0.0921875 0.10625 0.000427624
0 0.595312 0.979688 0.151562 0.040625 0.000466996
0 0.716016 0.582812 0.189844 0.15625 0.000467862
0 0.691797 0.433203 0.197656 0.316406 0.00049696
0 0.291016 0.546875 0.139844 0.15 0.000517624
0 0.282031 0.419141 0.3 0.421094 0.000534126
0 0.766016 0.940625 0.199219 0.11875 0.000540674
0 0.285937 0.494141 0.140625 0.175781 0.000601058
0 0.680859 0.944531 0.307031 0.110937 0.000602209
0 0.179688 0.582812 0.121875 0.182812 0.000695628
0 0.697656 0.530859 0.0921875 0.103906 0.000697969
0 0.677344 0.513281 0.0890625 0.101562 0.000733802
0 0.723828 0.494141 0.147656 0.214844 0.000842128
0 0.255859 0.955078 0.271094 0.0898438 0.000904273
0 0.303125 0.455469 0.18125 0.2875 0.00109914
0 0.235547 0.45 0.183594 0.31875 0.00153596
0 0.744922 0.557813 0.124219 0.159375 0.00179462
0 0.626562 0.530469 0.134375 0.16875 0.0018866
0 0.656641 0.576953 0.189844 0.153906 0.00251897
0 0.688281 0.541406 0.279687 0.25625 0.00345839
0 0.195703 0.527344 0.146094 0.225 0.00355217
0 0.592969 0.953516 0.1875 0.0929687 0.00387563
0 0.330078 0.523828 0.139844 0.161719 0.00396994
0 0.664062 0.498047 0.185937 0.208594 0.00471979
0 0.277734 0.528125 0.233594 0.190625 0.0206229
0 0.692187 0.541016 0.195312 0.169531 0.0760234
