0 0.105859 0.231641 0.211719 0.463281 0.000100582
0 0.260156 0.366797 0.084375 0.113281 0.000100791
0 0.286719 0.262109 0.115625 0.141406 0.000103084
0 0.0378906 0.228516 0.0757812 0.457031 0.000110267
0 0.892969 0.191406 0.207813 0.382812 0.000119183
0 0.719141 0.472266 0.0898438 0.114844 0.0001361
0 0.693359 0.405469 0.0835937 0.101562 0.000137021
0 0.719141 0.590625 0.0914062 0.104687 0.00013818
0 0.167969 0.60625 0.176563 0.328125 0.000140929
0 0.319141 0.254297 0.0742188 0.0835937 0.000141092
0 0.938672 0.0730469 0.122656 0.146094 0.000153272
0 0.762109 0.633203 0.0867188 0.111719 0.000159223
0 0.229297 0.403906 0.122656 0.245312 0.000163498
0 0.258984 0.322656 0.0710938 0.1 0.000166788
0 0.639063 0.264844 0.128125 0.175 0.000170484
0 0.25 0.424609 0.090625 0.107031 0.000179561
0 0.719922 0.552344 0.0882813 0.103125 0.000180564
0 0.301562 0.460156 0.0890625 0.109375 0.000185844
0 0.658203 0.345313 0.135156 0.203125 0.000195626
0 0.0769531 0.0472656 0.153906 0.0945313 0.000195641
0 0.770703 0.555859 0.0960938 0.192969 0.00020006
0 0.335156 0.387109 0.15 0.208594 0.000204798
0 0.720703 0.510938 0.0882813 0.103125 0.000206858
0 0.676953 0.387891 0.0757812 0.103906 0.000225378
0 0.262109 0.307813 0.0976562 0.178125 0.000251573
0 0.282813 0.391797 0.09375 0.113281 0.00025596
0 0.192578 0.667578 0.136719 0.191406 0.000257628
0 0.300781 0.326172 0.140625 0.214844 0.000267163
0 0.627734 0.557813 0.172656 0.226562 0.000270798
0 0.248047 0.654297 0.308594 0.307031 0.00029249
0 0.738281 0.532031 0.0859375 0.107813 0.000308039
0 0.366797 0.64375 0.130469 0.165625 0.000315847
0 0.966797 0.148438 0.0664062 0.296875 0.000324253
0 0.220703 0.59375 0.128906 0.248437 0.000325943
0 0.784766 0.524609 0.189844 0.522656 0.000329405
0 0.317969 0.25625 0.110937 0.1125 0.000332462
0 0.738672 0.572656 0.0898438 0.104687 0.000348954
0 0.733594 0.451953 0.10625 0.194531 0.000373648
0 0.36875 0.522266 0.15625 0.355469 0.000380984
0 0.608984 0.450391 0.133594 0.274219 0.000381772
0 0.697266 0.708594 0.253906 0.2375 0.000396094
0 0.718359 0.651953 0.150781 0.186719 0.000412162
0 0.751953 0.514063 0.0976562 0.19375 0.000416539
0 0.934375 0.143359 0.129688 0.286719 0.000425319
0 0.722266 0.308594 0.128906 0.215625 0.000440466
0 0.661719 0.429688 0.15625 0.20625 0.000486677
0 0.244922 0.508984 0.138281 0.283594 0.000525645
0 0.625 0.277734 0.195312 0.247656 0.000528529
0 0.758594 0.594531 0.084375 0.107813 0.000539802
0 0.211719 0.439844 0.242188 0.445312 0.000541951
0 0.325391 0.253906 0.147656 0.189063 0.00054651
0 0.695703 0.345313 0.121094 0.235938 0.000578195
0 0.782422 0.567969 0.136719 0.3375 0.000617707
0 0.680469 0.489844 0.146875 0.24375 0.000633903
0 0.322266 0.552344 0.122656 0.223438 0.000672952
0 0.632812 0.472656 0.201562 0.376563 0.000720557
0 0.677734 0.388672 0.108594 0.174219 0.000768028
0 0.611328 0.375391 0.169531 0.299219 0.000796426
0 0.308594 0.667969 0.229687 0.1875 0.0008333
0 0.282813 0.598437 0.196875 0.2125 0.000883995
0 0.267188 0.465625 0.146875 0.182812 0.000947344
0 0.314453 0.422656 0.0914062 0.0984375 0.00106949
0 0.741797 0.401563 0.161719 0.41875 0.0014264
0 0.669922 0.639453 0.208594 0.236719 0.00155131
0 0.680078 0.280078 0.175781 0.221094 0.00157701
0 0.680469 0.575391 0.190625 0.196094 0.00170054
0 0.208594 0.558594 0.171875 0.382812 0.00170842
0 0.239063 0.6375 0.2125 0.223438 0.00209197
0 0.3375 0.605859 0.178125 0.244531 0.00243979
0 0.758594 0.613281 0.121875 0.196875 0.00261403
0 0.699609 0.430078 0.135156 0.257031 0.00268914
0 0.301172 0.488672 0.142969 0.252344 0.00280186
0 0.317969 0.441797 0.139062 0.149219 0.00312791
0 0.719531 0.513281 0.135937 0.245312 0.0034911
0 0.754297 0.654297 0.194531 0.255469 0.00404479
0 0.736328 0.574609 0.147656 0.189844 0.00487807
0 0.25625 0.362891 0.140625 0.253906 0.00686135
0 0.746094 0.526563 0.146875 0.351562 0.008963
0 0.307813 0.334375 0.214062 0.31875 0.0111164
0 0.658984 0.363672 0.233594 0.411719 0.014136
0 0.285547 0.576563 0.250781 0.340625 0.0218728
0 0.283594 0.423438 0.135937 0.121875 0.036119
0 0.714844 0.599219 0.217187 0.295312 0.0800325
0 0.289844 0.404297 0.175 0.189844 0.11117
0 0.698828 0.461328 0.214844 0.482031 0.138102
0 0.285937 0.472266 0.210938 0.394531 0.155279
