0 0.277344 0.466016 0.084375 0.0976562 0.000100095
0 0.384766 0.220703 0.152344 0.146094 0.000101758
0 0.896094 0.680078 0.184375 0.353906 0.000104651
0 0.737109 0.347656 0.158594 0.278125 0.000106229
0 0.88125 0.444922 0.179688 0.350781 0.000107413
0 0.361719 0.342578 0.19375 0.178906 0.000111723
0 0.828125 0.592969 0.0890625 0.1125 0.000115861
0 0.310156 0.591016 0.273438 0.178906 0.000117573
0 0.862891 0.612109 0.0882813 0.113281 0.00011823
0 0.873438 0.53125 0.0765625 0.1 0.000119319
0 0.426953 0.348828 0.172656 0.264844 0.000124036
0 0.878516 0.606641 0.242969 0.341406 0.000127475
0 0.712109 0.637109 0.219531 0.232031 0.000129478
0 0.325781 0.239063 0.090625 0.103125 0.000133099
0 0.261328 0.384766 0.291406 0.500781 0.000137099
0 0.711719 0.525391 0.229687 0.302344 0.0001389
0 0.260938 0.446875 0.0859375 0.104687 0.000139996
0 0.922266 0.475 0.150781 0.46875 0.000157435
0 0.373437 0.189063 0.34375 0.29375 0.000163284
0 0.739062 0.276953 0.14375 0.175781 0.000164522
0 0.794141 0.722266 0.307031 0.267969 0.000173892
0 0.840234 0.454688 0.125781 0.245312 0.000190393
0 0.761328 0.610937 0.149219 0.173438 0.000211289
0 0.242969 0.489062 0.129688 0.257812 0.000215663
0 0.295312 0.467578 0.11875 0.161719 0.000225523
0 0.3 0.341797 0.121875 0.178906 0.000289699
0 0.414844 0.45625 0.15 0.320312 0.000310221
0 0.828906 0.528516 0.0890625 0.107031 0.000323362
0 0.764063 0.514844 0.214062 0.182812 0.000343101
0 0.347266 0.553125 0.222656 0.173438 0.0003544
0 0.414062 0.542188 0.134375 0.198437 0.000382932
0 0.348437 0.477734 0.248437 0.328906 0.000405126
0 0.236719 0.558203 0.135937 0.196094 0.000426604
0 0.41875 0.2625 0.198437 0.20625 0.000426694
0 0.847266 0.573047 0.0882813 0.113281 0.000431932
0 0.295703 0.234766 0.185156 0.214844 0.000459965
0 0.805078 0.628906 0.152344 0.182812 0.00053665
0 0.321875 0.300781 0.135937 0.225 0.00060638
0 0.785547 0.396875 0.232031 0.385938 0.000904147
0 0.858594 0.517578 0.1125 0.152344 0.0011004
0 0.742969 0.575391 0.223438 0.191406 0.00115091
0 0.387891 0.210938 0.271094 0.16875 0.00137285
0 0.842969 0.664453 0.210938 0.272656 0.00137835
0 0.341406 0.237109 0.175 0.152344 0.00174535
0 0.353516 0.355469 0.308594 0.425 0.00193079
0 0.286719 0.522656 0.2125 0.228125 0.00233199
0 0.268359 0.434766 0.133594 0.238281 0.00242906
0 0.808594 0.535547 0.145313 0.171094 0.00243941
0 0.79375 0.507422 0.273438 0.414844 0.00478563
0 0.292188 0.366016 0.176563 0.358594 0.00647434
0 0.355469 0.260938 0.239063 0.234375 0.0112683
0 0.846875 0.523438 0.15 0.239063 0.0126758
0 0.865625 0.596484 0.145313 0.274219 0.013589
0 0.782422 0.626953 0.282031 0.267969 0.014401
0 0.815625 0.576563 0.201562 0.242188 0.18003
