0 0.901563 0.380078 0.0828125 0.108594 0.000104592
0 0.740234 0.220703 0.180469 0.155469 0.000105323
0 0.807031 0.21875 0.0859375 0.1 0.000107144
0 0.453125 0.430469 0.123438 0.151562 0.000116219
0 0.763281 0.515234 0.325 0.247656 0.000122887
0 0.274609 0.373828 0.283594 0.296094 0.000126538
0 0.476172 0.3625 0.175781 0.192188 0.000131054
0 0.365234 0.132812 0.174219 0.139062 0.000137076
0 0.3 0.157422 0.084375 0.100781 0.000143624
0 0.882422 0.401953 0.0914062 0.105469 0.000146286
0 0.722266 0.344922 0.153906 0.152344 0.000147983
0 0.916406 0.364453 0.1125 0.185156 0.000149278
0 0.262109 0.246094 0.0820312 0.114063 0.000151895
0 0.898438 0.792188 0.203125 0.415625 0.000159621
0 0.244531 0.346484 0.0796875 0.103906 0.000165579
0 0.876172 0.368359 0.247656 0.335156 0.0001709
0 0.865234 0.199609 0.127344 0.172656 0.000171154
0 0.952344 0.811328 0.0953125 0.377344 0.000181097
0 0.391406 0.196094 0.195312 0.253125 0.000210713
0 0.314063 0.160938 0.157813 0.142188 0.000214312
0 0.240625 0.383984 0.10625 0.124219 0.000227067
0 0.865625 0.383203 0.0875 0.105469 0.000239352
0 0.896484 0.506641 0.189844 0.216406 0.000274655
0 0.897656 0.325391 0.1125 0.186719 0.000278538
0 0.251172 0.282422 0.0976562 0.174219 0.000304977
0 0.738672 0.386328 0.180469 0.158594 0.000324198
0 0.826172 0.363672 0.149219 0.152344 0.000325716
0 0.279297 0.233984 0.124219 0.205469 0.000333916
0 0.283203 0.189063 0.0851562 0.0921875 0.000336705
0 0.363672 0.398828 0.147656 0.150781 0.000376099
0 0.342969 0.289844 0.232812 0.204688 0.000376843
0 0.384766 0.366797 0.0867188 0.0992187 0.000382452
0 0.802344 0.262891 0.204688 0.199219 0.000560625
0 0.841016 0.217969 0.0820312 0.1 0.0005811
0 0.288281 0.383203 0.225 0.155469 0.000705401
0 0.260938 0.345313 0.13125 0.153125 0.000781043
0 0.901953 0.440625 0.167969 0.226562 0.000813833
0 0.344141 0.344922 0.147656 0.146094 0.000905089
0 0.883984 0.350391 0.0882813 0.103906 0.00102761
0 0.319531 0.457422 0.320312 0.213281 0.00108139
0 0.795313 0.188281 0.223438 0.1875 0.00110229
0 0.425391 0.382812 0.197656 0.189063 0.00113482
0 0.846094 0.470313 0.278125 0.24375 0.00147601
0 0.753516 0.352344 0.264844 0.2375 0.00162808
0 0.777734 0.198828 0.303906 0.314844 0.00184095
0 0.384766 0.364844 0.138281 0.145313 0.00261247
0 0.825781 0.216016 0.142188 0.141406 0.00285688
0 0.287891 0.321484 0.191406 0.217969 0.00309074
0 0.379297 0.419922 0.261719 0.213281 0.00333279
0 0.404297 0.322656 0.200781 0.259375 0.00367798
0 0.88125 0.385156 0.146875 0.171875 0.00652244
0 0.820703 0.345313 0.239844 0.192188 0.00744104
0 0.846875 0.251172 0.179688 0.292969 0.00975611
0 0.875391 0.309375 0.160156 0.273438 0.0113392
0 0.344531 0.269531 0.28125 0.364062 0.0121518
0 0.808984 0.405078 0.305469 0.230469 0.0177108
0 0.346094 0.370703 0.267188 0.199219 0.117175
0 0.803906 0.296484 0.278125 0.339844 0.22248
