0 0.698047 0.633984 0.0914062 0.114844 0.000102567
0 0.363281 0.128516 0.4875 0.250781 0.000104185
0 0.165234 0.620703 0.313281 0.546094 0.000106702
0 0.870703 0.609375 0.150781 0.423438 0.000110138
0 0.638672 0.425781 0.0789063 0.109375 0.000110959
0 0.194922 0.632422 0.0929687 0.105469 0.000116038
0 0.371875 0.573438 0.139062 0.2 0.000116114
0 0.0316406 0.851562 0.0632813 0.296875 0.000116211
0 0.0667969 0.929688 0.130469 0.140625 0.000117656
0 0.754297 0.388672 0.180469 0.194531 0.000117682
0 0.841406 0.621875 0.0859375 0.11875 0.000119672
0 0.573438 0.591797 0.432813 0.741406 0.000122314
0 0.353516 0.642578 0.146094 0.146094 0.000132087
0 0.63125 0.633984 0.135937 0.155469 0.000143225
0 0.871875 0.674219 0.065625 0.0953125 0.000146854
0 0.196484 0.144922 0.392969 0.289844 0.000148653
0 0.765234 0.501172 0.303906 0.433594 0.000149138
0 0.0324219 0.698438 0.0632813 0.603125 0.00015198
0 0.805078 0.468359 0.105469 0.178906 0.000154255
0 0.235547 0.393359 0.138281 0.152344 0.000156708
0 0.153125 0.663672 0.0765625 0.0960938 0.000158765
0 0.0707031 0.548047 0.139844 0.644531 0.000166349
0 0.819141 0.616406 0.303906 0.304688 0.000173403
0 0.782812 0.617969 0.0875 0.101562 0.00017436
0 0.215625 0.55625 0.139062 0.210938 0.00017766
0 0.208984 0.059375 0.417969 0.115625 0.000198865
0 0.805469 0.372656 0.096875 0.14375 0.000206726
0 0.851172 0.698047 0.0960938 0.111719 0.00021949
0 0.0949219 0.383203 0.189844 0.558594 0.000223233
0 0.814844 0.404687 0.0796875 0.110937 0.00023779
0 0.0847656 0.863672 0.169531 0.272656 0.000259877
0 0.2375 0.614844 0.148438 0.128125 0.000269117
0 0.228125 0.655078 0.321875 0.324219 0.000287713
0 0.142188 0.463281 0.2125 0.378125 0.000289926
0 0.739844 0.648047 0.140625 0.155469 0.000300113
0 0.218359 0.648828 0.219531 0.161719 0.000304526
0 0.0636719 0.777734 0.127344 0.444531 0.000313203
0 0.278516 0.594141 0.150781 0.142969 0.000349224
0 0.298828 0.560156 0.217969 0.192188 0.000388701
0 0.684375 0.629687 0.29375 0.307813 0.000403923
0 0.803125 0.633203 0.0890625 0.105469 0.000426933
0 0.199219 0.480859 0.135937 0.247656 0.000453627
0 0.837109 0.599609 0.105469 0.203906 0.00047605
0 0.761328 0.601172 0.141406 0.169531 0.000506098
0 0.0941406 0.695703 0.172656 0.591406 0.000515526
0 0.206641 0.433594 0.111719 0.145313 0.00059708
0 0.657031 0.581641 0.179688 0.236719 0.000627444
0 0.800781 0.417188 0.1125 0.157813 0.000683296
0 0.169141 0.642578 0.102344 0.133594 0.000703768
0 0.806641 0.671094 0.169531 0.148438 0.00074085
0 0.176953 0.552344 0.158594 0.290625 0.000789029
0 0.337891 0.601953 0.171094 0.163281 0.000983386
0 0.232031 0.532812 0.215625 0.289062 0.00132869
0 0.800391 0.491016 0.136719 0.307031 0.00139893
0 0.215234 0.405078 0.0992187 0.0789063 0.0014617
0 0.845312 0.671484 0.078125 0.0882813 0.00221495
0 0.735547 0.582812 0.246094 0.242188 0.00276596
0 0.195703 0.609375 0.161719 0.171875 0.002852
0 0.805859 0.576953 0.172656 0.250781 0.00311445
0 0.839063 0.651563 0.114063 0.126563 0.0062042
0 0.697656 0.630469 0.203125 0.175 0.00957572
0 0.269141 0.604688 0.252344 0.173438 0.0139258
0 0.770312 0.628125 0.229687 0.16875 0.0320058
