0 0.223047 0.407422 0.100781 0.167969 0.000112264
0 0.233594 0.345313 0.0765625 0.0828125 0.00011283
0 0.257031 0.45 0.120312 0.217187 0.000146399
0 0.727344 0.370313 0.148438 0.20625 0.000153213
0 0.761328 0.289844 0.210156 0.303125 0.000156218
0 0.221484 0.46875 0.116406 0.23125 0.000157415
0 0.254297 0.383203 0.0992187 0.130469 0.000161724
0 0.264062 0.312109 0.15625 0.222656 0.000162586
0 0.305078 0.492578 0.139844 0.152344 0.000169337
0 0.676172 0.53125 0.0914062 0.110937 0.000173359
0 0.695703 0.573828 0.210156 0.196094 0.000183079
0 0.336719 0.199609 0.210938 0.166406 0.000191439
0 0.764063 0.446094 0.08125 0.114063 0.000196099
0 0.832812 0.532031 0.107813 0.165625 0.00019981
0 0.219922 0.552734 0.119531 0.127344 0.000201356
0 0.30625 0.544531 0.220313 0.14375 0.000218446
0 0.675 0.473047 0.13125 0.219531 0.000228665
0 0.825391 0.503125 0.288281 0.4375 0.000232745
0 0.387109 0.533594 0.119531 0.192188 0.000238386
0 0.801562 0.566016 0.128125 0.142969 0.000240121
0 0.355078 0.301562 0.183594 0.184375 0.00024029
0 0.666016 0.575391 0.119531 0.127344 0.000245158
0 0.813672 0.365625 0.150781 0.195312 0.000247623
0 0.392969 0.30625 0.11875 0.129688 0.000262538
0 0.332422 0.269531 0.272656 0.315625 0.000262668
0 0.406641 0.228906 0.132031 0.164062 0.000277565
0 0.746875 0.487109 0.140625 0.221094 0.000287198
0 0.234375 0.359375 0.096875 0.139062 0.000318615
0 0.391016 0.366406 0.121094 0.235938 0.000324929
0 0.387109 0.460156 0.125781 0.254687 0.000343891
0 0.694922 0.283984 0.239844 0.338281 0.00035974
0 0.659375 0.530078 0.11875 0.164844 0.000362933
0 0.764844 0.405469 0.08125 0.115625 0.00036946
0 0.678906 0.251563 0.175 0.2125 0.000481348
0 0.347266 0.442187 0.149219 0.228125 0.000505923
0 0.671875 0.442969 0.1875 0.33125 0.000525426
0 0.239063 0.395312 0.134375 0.265625 0.000620093
0 0.773438 0.558984 0.207813 0.191406 0.000666257
0 0.778906 0.364453 0.0859375 0.111719 0.000671479
0 0.655078 0.20625 0.141406 0.154687 0.000810088
0 0.341016 0.512891 0.157031 0.157031 0.000829046
0 0.246875 0.520703 0.16875 0.182031 0.00110784
0 0.723828 0.426562 0.211719 0.21875 0.00125816
0 0.821875 0.404687 0.198437 0.360938 0.00160707
0 0.301953 0.377344 0.253906 0.417188 0.0018779
0 0.806641 0.533203 0.105469 0.114844 0.00191145
0 0.286719 0.476562 0.229687 0.229687 0.00237319
0 0.802344 0.515234 0.151562 0.208594 0.00264286
0 0.766016 0.350391 0.144531 0.196094 0.00267393
0 0.375391 0.247266 0.157031 0.217969 0.00287205
0 0.696484 0.520703 0.175781 0.197656 0.00516525
0 0.779688 0.407813 0.126563 0.21875 0.0107742
0 0.732422 0.506641 0.255469 0.277344 0.0132041
0 0.734766 0.398828 0.288281 0.469531 0.0219867
0 0.773047 0.435937 0.172656 0.325 0.325244
