0 0.675 0.472266 0.1125 0.177344 0.000101419
0 0.0519531 0.602344 0.0773437 0.15625 0.000101528
0 0.355859 0.706641 0.416406 0.494531 0.000102267
0 0.314844 0.608984 0.190625 0.228906 0.00010322
0 0.191406 0.468359 0.192188 0.175781 0.000105856
0 0.711719 0.517578 0.1125 0.191406 0.000110684
0 0.216797 0.361328 0.205469 0.197656 0.000111475
0 0.719141 0.490234 0.172656 0.355469 0.000112346
0 0.679688 0.533203 0.0875 0.0960938 0.000112602
0 0.716406 0.675391 0.08125 0.0851562 0.000114973
0 0.257422 0.4 0.300781 0.404687 0.000120772
0 0.676172 0.887891 0.421094 0.221094 0.00012519
0 0.075 0.611719 0.0828125 0.096875 0.000128271
0 0.113672 0.508984 0.0867188 0.0992187 0.000131077
0 0.586719 0.865234 0.335938 0.269531 0.000133873
0 0.635938 0.491016 0.178125 0.199219 0.000151459
0 0.121094 0.448047 0.0828125 0.0992187 0.000155086
0 0.658203 0.592969 0.0851562 0.107813 0.000158702
0 0.714844 0.716406 0.171875 0.176563 0.000166205
0 0.0800781 0.683203 0.153906 0.191406 0.000178551
0 0.215234 0.553516 0.171094 0.188281 0.000179666
0 0.970703 0.596875 0.0585938 0.317187 0.000180792
0 0.289453 0.524219 0.153906 0.260938 0.000180817
0 0.697656 0.554688 0.0890625 0.1125 0.000184088
0 0.591797 0.403125 0.146094 0.157813 0.000184461
0 0.172266 0.633984 0.135156 0.119531 0.000184948
0 0.554297 0.9625 0.249219 0.075 0.000193582
0 0.0871094 0.449219 0.167969 0.36875 0.000194526
0 0.954687 0.601953 0.090625 0.527344 0.000196819
0 0.219531 0.595703 0.128125 0.146094 0.000197767
0 0.641406 0.765625 0.348437 0.335938 0.000199692
0 0.0898438 0.555859 0.0875 0.103906 0.000201813
0 0.742969 0.6375 0.13125 0.204688 0.000209541
0 0.154297 0.446484 0.0804688 0.0929687 0.000209837
0 0.61875 0.633594 0.145313 0.178125 0.000218058
0 0.617969 0.69375 0.184375 0.157813 0.000233588
0 0.566406 0.903906 0.421875 0.178125 0.000237931
0 0.260938 0.575781 0.142188 0.189063 0.000272072
0 0.715625 0.598047 0.08125 0.116406 0.000294632
0 0.153125 0.596094 0.140625 0.14375 0.000296771
0 0.623438 0.554688 0.207813 0.214062 0.000302908
0 0.725781 0.608594 0.30625 0.334375 0.000324264
0 0.644922 0.735937 0.263281 0.203125 0.000327963
0 0.679297 0.574609 0.0914062 0.108594 0.000327979
0 0.737891 0.569141 0.149219 0.283594 0.000369548
0 0.154687 0.405859 0.151562 0.163281 0.000391431
0 0.600781 0.703906 0.239063 0.314063 0.000397042
0 0.0730469 0.575 0.0773437 0.101562 0.000411825
0 0.149219 0.529297 0.140625 0.217969 0.000471526
0 0.7125 0.677344 0.135937 0.153125 0.00047289
0 0.138672 0.753125 0.272656 0.320312 0.000510548
0 0.0964844 0.613281 0.146094 0.140625 0.00053953
0 0.263672 0.634766 0.163281 0.194531 0.000653221
0 0.100391 0.514453 0.128906 0.207031 0.000667232
0 0.578125 0.393359 0.240625 0.253906 0.000727032
0 0.579297 0.444531 0.286719 0.428125 0.000868233
0 0.178125 0.4125 0.240625 0.290625 0.000896378
0 0.259375 0.524219 0.254687 0.446875 0.000945904
0 0.642187 0.592969 0.146875 0.167187 0.00106594
0 0.118359 0.654688 0.205469 0.153125 0.00113182
0 0.135156 0.447656 0.14375 0.1875 0.00140405
0 0.597266 0.942969 0.335156 0.114063 0.00194139
0 0.675 0.675781 0.215625 0.195312 0.00201438
0 0.220703 0.604688 0.250781 0.225 0.00275696
0 0.0820312 0.565625 0.123438 0.192188 0.00294664
0 0.627344 0.635547 0.239063 0.219531 0.00345322
0 0.174609 0.667188 0.314844 0.214062 0.00359126
0 0.712109 0.596094 0.122656 0.19375 0.00378601
0 0.680078 0.535156 0.142969 0.267188 0.00506995
0 0.138672 0.599219 0.241406 0.235938 0.0238079
0 0.116406 0.518359 0.18125 0.305469 0.0285083
0 0.674609 0.597656 0.194531 0.246875 0.104229
0 0.173438 0.507031 0.290625 0.410937 0.132634
0 0.639844 0.518359 0.251563 0.422656 0.277914
