0 0.447266 0.781641 0.139844 0.271094 0.000100601
0 0.699219 0.7375 0.0890625 0.104687 0.000102959
0 0.621875 0.475 0.165625 0.321875 0.000104177
0 0.823828 0.611719 0.0773437 0.0984375 0.000114509
0 0.25625 0.887109 0.0921875 0.0976562 0.000116469
0 0.625781 0.726953 0.176563 0.202344 0.000119517
0 0.176563 0.645703 0.142188 0.424219 0.000120867
0 0.212891 0.929688 0.169531 0.140625 0.000121255
0 0.644922 0.163281 0.280469 0.242188 0.000121719
0 0.679297 0.301562 0.125781 0.239063 0.000123251
0 0.196094 0.373047 0.10625 0.266406 0.000126123
0 0.341797 0.569922 0.169531 0.310156 0.000130995
0 0.342578 0.440625 0.244531 0.670313 0.000133481
0 0.204688 0.692578 0.10625 0.180469 0.00013379
0 0.427344 0.908984 0.2875 0.167969 0.000135433
0 0.776172 0.15625 0.405469 0.310937 0.000135893
0 0.757422 0.301562 0.338281 0.425 0.000142253
0 0.679688 0.680078 0.135937 0.239844 0.000143586
0 0.517969 0.801172 0.425 0.397656 0.000145806
0 0.217187 0.321484 0.075 0.103906 0.000147213
0 0.341016 0.763672 0.128906 0.238281 0.000158993
0 0.221484 0.385547 0.0992187 0.180469 0.000159113
0 0.261328 0.696094 0.164844 0.203125 0.000162484
0 0.245312 0.783594 0.151562 0.29375 0.000165234
0 0.678516 0.235156 0.141406 0.151562 0.000175742
0 0.605469 0.171484 0.185937 0.182031 0.000178084
0 0.7375 0.28125 0.120312 0.2125 0.00018695
0 0.655078 0.520312 0.203906 0.465625 0.000191151
0 0.876562 0.803125 0.101562 0.148438 0.000196152
0 0.268359 0.480469 0.202344 0.301562 0.000203923
0 0.235156 0.6 0.103125 0.146875 0.00022128
0 0.759375 0.425 0.1125 0.234375 0.000227659
0 0.649609 0.395703 0.188281 0.272656 0.000238243
0 0.598047 0.360938 0.149219 0.273438 0.000238342
0 0.424609 0.532031 0.430469 0.934375 0.000245714
0 0.205078 0.477344 0.146094 0.41875 0.000259826
0 0.856641 0.841797 0.167969 0.142969 0.000279001
0 0.262109 0.941016 0.182031 0.117969 0.000281172
0 0.726172 0.819141 0.241406 0.185156 0.000291331
0 0.302344 0.785547 0.145313 0.244531 0.000295649
0 0.682031 0.784766 0.359375 0.292969 0.000296405
0 0.857031 0.764453 0.125 0.199219 0.000303219
0 0.666016 0.795703 0.185156 0.203906 0.000303604
0 0.240625 0.260156 0.125 0.175 0.00030594
0 0.291797 0.175391 0.310156 0.297656 0.000307188
0 0.421094 0.705469 0.189063 0.429688 0.000315189
0 0.822266 0.679297 0.147656 0.202344 0.000323585
0 0.307422 0.522266 0.207031 0.441406 0.000326653
0 0.823047 0.6125 0.103906 0.173438 0.000327768
0 0.666016 0.349219 0.289844 0.451562 0.000339553
0 0.758594 0.723047 0.146875 0.139844 0.00034135
0 0.694922 0.226953 0.333594 0.330469 0.000368591
0 0.717578 0.255078 0.0835937 0.113281 0.00037514
0 0.422266 0.650391 0.275781 0.664844 0.000434173
0 0.335156 0.201172 0.151562 0.161719 0.000451819
0 0.740234 0.7625 0.150781 0.179688 0.000505236
0 0.232031 0.389062 0.14375 0.329688 0.000537038
0 0.238672 0.637109 0.138281 0.196094 0.000563809
0 0.834375 0.614844 0.142188 0.36875 0.000578405
0 0.744531 0.683203 0.271875 0.208594 0.000599863
0 0.733984 0.566797 0.253906 0.427344 0.000612794
0 0.700391 0.740234 0.136719 0.164844 0.000633091
0 0.782422 0.815234 0.152344 0.157031 0.000650959
0 0.219141 0.321484 0.102344 0.203906 0.000698822
0 0.760547 0.3625 0.0898438 0.145313 0.000707439
0 0.248047 0.8875 0.135156 0.171875 0.000714141
0 0.424219 0.844531 0.239063 0.2625 0.000728844
0 0.675 0.2375 0.217187 0.20625 0.000769996
0 0.675391 0.642187 0.227344 0.357812 0.000804154
0 0.768359 0.439453 0.164844 0.410156 0.000835342
0 0.272656 0.614062 0.217187 0.345313 0.000952171
0 0.604688 0.216016 0.15 0.171094 0.000970664
0 0.74375 0.351172 0.120312 0.214844 0.00101196
0 0.196484 0.783203 0.178906 0.407031 0.00127536
0 0.208984 0.653516 0.136719 0.282031 0.00127675
0 0.208984 0.608594 0.208594 0.632812 0.00131733
0 0.238281 0.476172 0.18125 0.596094 0.00137142
0 0.273828 0.361328 0.213281 0.425781 0.00141913
0 0.301953 0.826172 0.241406 0.221094 0.00148303
0 0.632812 0.285156 0.209375 0.301562 0.00159219
0 0.797656 0.723437 0.225 0.1875 0.00167897
0 0.699219 0.304297 0.2125 0.299219 0.00186386
0 0.731641 0.367578 0.169531 0.305469 0.00188844
0 0.801562 0.563281 0.210938 0.545313 0.00199905
0 0.24375 0.297656 0.154687 0.285937 0.00201533
0 0.3375 0.655078 0.24375 0.546094 0.00211573
0 0.797656 0.766797 0.15 0.160156 0.00228164
0 0.832031 0.729688 0.196875 0.296875 0.0030631
0 0.284766 0.905078 0.225781 0.188281 0.00315624
0 0.351172 0.878516 0.352344 0.233594 0.00318735
0 0.833984 0.803125 0.189844 0.165625 0.0036951
0 0.703906 0.735547 0.245312 0.233594 0.00467271
0 0.297266 0.225 0.189844 0.204688 0.00488307
0 0.799219 0.838672 0.273438 0.191406 0.00700397
0 0.378516 0.775781 0.302344 0.360938 0.00799511
0 0.245312 0.701172 0.189063 0.374219 0.00910681
0 0.253516 0.842969 0.219531 0.3125 0.0102065
0 0.729297 0.532812 0.311719 0.695312 0.0154814
0 0.282813 0.562109 0.282813 0.803906 0.0217316
0 0.773828 0.673047 0.286719 0.386719 0.0257912
0 0.292578 0.767969 0.274219 0.43125 0.300392
0 0.779688 0.777734 0.275 0.222656 0.311869
