0 0.635938 0.44375 0.117188 0.207813 0.00010998
0 0.0609375 0.653516 0.121875 0.692969 0.000111358
0 0.616797 0.261719 0.153906 0.175 0.000113901
0 0.312109 0.66875 0.196094 0.190625 0.000127158
0 0.868359 0.483203 0.153906 0.380469 0.000141374
0 0.838672 0.403516 0.130469 0.271094 0.000142133
0 0.342969 0.572266 0.114063 0.178906 0.000142424
0 0.735156 0.225781 0.210938 0.207813 0.000144303
0 0.710156 0.173047 0.365625 0.285156 0.00014692
0 0.885547 0.681641 0.161719 0.255469 0.000158959
0 0.778516 0.787109 0.307031 0.189844 0.000159568
0 0.3625 0.383984 0.134375 0.175781 0.000160393
0 0.164062 0.607813 0.310937 0.732813 0.000162087
0 0.264062 0.28125 0.18125 0.203125 0.000168621
0 0.241406 0.346484 0.15625 0.211719 0.000169216
0 0.679688 0.713672 0.1875 0.255469 0.000174897
0 0.655469 0.434766 0.176563 0.314844 0.000179423
0 0.303125 0.596484 0.117188 0.139844 0.000181128
0 0.352344 0.257422 0.192188 0.205469 0.000207203
0 0.219922 0.405859 0.135156 0.260156 0.000219684
0 0.0730469 0.878125 0.146094 0.24375 0.000239424
0 0.8375 0.760938 0.189063 0.148438 0.000259984
0 0.729297 0.701172 0.186719 0.166406 0.000265046
0 0.793359 0.716406 0.322656 0.278125 0.000272767
0 0.610156 0.225391 0.121875 0.111719 0.00028999
0 0.784375 0.599219 0.25625 0.385938 0.00031511
0 0.110937 0.704687 0.201562 0.489062 0.000318264
0 0.740234 0.651953 0.236719 0.249219 0.000323159
0 0.701172 0.475391 0.225781 0.439844 0.00032886
0 0.190234 0.683594 0.117969 0.207813 0.000382212
0 0.338672 0.388281 0.213281 0.235938 0.000409174
0 0.345313 0.516797 0.184375 0.432031 0.000497747
0 0.835547 0.701563 0.191406 0.196875 0.000632697
0 0.334375 0.61875 0.153125 0.204688 0.000706533
0 0.666016 0.236328 0.238281 0.239844 0.00076594
0 0.196875 0.6 0.151562 0.373437 0.000821615
0 0.816406 0.342187 0.135937 0.2875 0.000936117
0 0.790234 0.736719 0.252344 0.164062 0.00118412
0 0.321094 0.308203 0.245312 0.278906 0.00128038
0 0.851172 0.605469 0.169531 0.345313 0.00128538
0 0.6875 0.353906 0.275 0.404687 0.00141404
0 0.281641 0.605859 0.247656 0.296094 0.00153077
0 0.705859 0.280469 0.203906 0.198437 0.00192188
0 0.777734 0.3 0.194531 0.214062 0.00197084
0 0.842188 0.509766 0.196875 0.597656 0.00621096
0 0.245703 0.360938 0.208594 0.340625 0.00769415
0 0.208203 0.503906 0.202344 0.570312 0.0108126
0 0.799609 0.358594 0.214844 0.389062 0.0212086
0 0.736719 0.278516 0.290625 0.296094 0.0583823
0 0.770312 0.448047 0.309375 0.605469 0.36895
0 0.277734 0.458203 0.280469 0.586719 0.504879
