0 0.367969 0.221094 0.0421875 0.059375 0.00010144
0 0.415625 0.685938 0.125 0.190625 0.000102654
0 0.382031 0.224609 0.0484375 0.0679687 0.000109061
0 0.814062 0.344922 0.0484375 0.0679687 0.000111881
0 0.328516 0.468359 0.114844 0.208594 0.000113776
0 0.783594 0.581641 0.0875 0.121094 0.00011628
0 0.966406 0.560938 0.0671875 0.75 0.000118747
0 0.508203 0.0960938 0.0476562 0.0359375 0.000123145
0 0.281641 0.657812 0.125781 0.254687 0.000124683
0 0.641016 0.212109 0.0867188 0.127344 0.000126259
0 0.110156 0.780078 0.220313 0.430469 0.000128698
0 0.68125 0.816797 0.084375 0.103906 0.000131401
0 0.748438 0.266406 0.103125 0.109375 0.000135583
0 0.723047 0.766797 0.152344 0.188281 0.000140768
0 0.683594 0.269922 0.071875 0.0695312 0.000148681
0 0.440234 0.809766 0.107031 0.144531 0.000149353
0 0.475391 0.143359 0.0523437 0.0445312 0.000156408
0 0.470703 0.210938 0.0867188 0.096875 0.000156777
0 0.757031 0.1875 0.101562 0.10625 0.000158298
0 0.952734 0.768359 0.0945313 0.463281 0.000159398
0 0.514063 0.126172 0.0765625 0.0882813 0.000159783
0 0.797656 0.360547 0.053125 0.0773437 0.000164002
0 0.345313 0.634375 0.121875 0.139062 0.000169711
0 0.530859 0.182031 0.0570313 0.107813 0.000176167
0 0.780469 0.823828 0.0890625 0.110156 0.000189781
0 0.769531 0.360938 0.0484375 0.06875 0.000195855
0 0.341406 0.426562 0.090625 0.146875 0.000198571
0 0.78125 0.678906 0.0953125 0.140625 0.000202291
0 0.491797 0.127344 0.0726563 0.0765625 0.000208912
0 0.970703 0.8125 0.0585938 0.375 0.000213851
0 0.827344 0.736328 0.1375 0.366406 0.000216678
0 0.65625 0.18125 0.1 0.132812 0.000229701
0 0.365234 0.740234 0.133594 0.185156 0.000236679
0 0.657031 0.810156 0.1 0.126563 0.000241685
0 0.8 0.7625 0.121875 0.215625 0.000243
0 0.321875 0.762109 0.142188 0.175781 0.000247293
0 0.382031 0.658203 0.173438 0.221094 0.000266991
0 0.374609 0.241406 0.0445312 0.078125 0.000271066
0 0.348437 0.617188 0.173438 0.203125 0.000272801
0 0.334766 0.39375 0.0710938 0.09375 0.000288557
0 0.259375 0.778516 0.292188 0.319531 0.000299928
0 0.504297 0.209766 0.105469 0.153906 0.000303104
0 0.721094 0.279297 0.0828125 0.0882813 0.000311037
0 0.311328 0.497266 0.0835937 0.130469 0.000315332
0 0.680469 0.241797 0.0984375 0.107031 0.000317225
0 0.76875 0.794141 0.2875 0.289844 0.000352144
0 0.800391 0.615625 0.0960938 0.154687 0.000352792
0 0.520312 0.158984 0.0671875 0.0617188 0.000374973
0 0.401172 0.78125 0.158594 0.1625 0.000393686
0 0.299219 0.521484 0.0625 0.102344 0.000405048
0 0.264453 0.720703 0.121094 0.246094 0.000418406
0 0.794531 0.332812 0.0453125 0.0484375 0.00042324
0 0.784766 0.344531 0.0507812 0.0671875 0.000445074
0 0.821094 0.842969 0.153125 0.225 0.000446298
0 0.307813 0.558594 0.101562 0.176563 0.000451494
0 0.686328 0.799609 0.132031 0.164844 0.000495209
0 0.442187 0.204688 0.1125 0.13125 0.000508546
0 0.467969 0.15625 0.075 0.065625 0.000524408
0 0.312109 0.612109 0.160156 0.302344 0.000534527
0 0.742188 0.217578 0.090625 0.119531 0.000534561
0 0.750781 0.166406 0.053125 0.0703125 0.000569204
0 0.490625 0.148828 0.0546875 0.0554687 0.000622242
0 0.350781 0.789453 0.2375 0.200781 0.000837624
0 0.683984 0.208203 0.122656 0.149219 0.000844567
0 0.723437 0.820703 0.167187 0.144531 0.000861056
0 0.792578 0.668359 0.124219 0.250781 0.000891477
0 0.761719 0.210156 0.0609375 0.090625 0.00110187
0 0.382422 0.733984 0.202344 0.257031 0.00143316
0 0.271484 0.770312 0.172656 0.2375 0.00179416
0 0.384766 0.253906 0.0445312 0.0671875 0.00201192
0 0.445312 0.1625 0.0640625 0.071875 0.00212374
0 0.495313 0.158203 0.084375 0.0664062 0.0021973
0 0.766797 0.180469 0.0460938 0.046875 0.00221202
0 0.758594 0.740234 0.18125 0.299219 0.00224984
0 0.719531 0.244922 0.103125 0.111719 0.00239574
0 0.483594 0.185156 0.107813 0.117188 0.00254659
0 0.706641 0.262891 0.0867188 0.0710938 0.00294184
0 0.763672 0.184766 0.0539063 0.0804688 0.00311297
0 0.775391 0.805859 0.169531 0.188281 0.00860575
0 0.313281 0.726953 0.214062 0.278906 0.0103678
