0 0.285937 0.56875 0.0921875 0.09375 0.000100759
0 0.432422 0.03125 0.119531 0.0625 0.000100837
0 0.345313 0.622266 0.18125 0.171094 0.00010215
0 0.427734 0.375781 0.0492188 0.06875 0.000105317
0 0.637109 0.535547 0.0882813 0.0960938 0.000105656
0 0.260156 0.365625 0.05 0.06875 0.000108557
0 0.616406 0.352344 0.117188 0.135937 0.00011354
0 0.653516 0.615234 0.221094 0.166406 0.000114327
0 0.36875 0.0363281 0.1375 0.0726563 0.000114869
0 0.341797 0.519922 0.0804688 0.0960938 0.000116544
0 0.35625 0.366016 0.0765625 0.0851562 0.000119813
0 0.0308594 0.015625 0.0554687 0.03125 0.000120851
0 0.223828 0.453125 0.0601562 0.0828125 0.000127016
0 0.691016 0.433203 0.297656 0.388281 0.000135698
0 0.276563 0.373828 0.0859375 0.0992187 0.000144322
0 0.522656 0.0855469 0.25 0.171094 0.000144333
0 0.0351562 0.0488281 0.05 0.0976562 0.000147758
0 0.241016 0.485547 0.0742188 0.0851562 0.000148129
0 0.253125 0.404687 0.09375 0.125 0.000149209
0 0.773047 0.494922 0.0851562 0.178906 0.000152092
0 0.229297 0.813672 0.300781 0.364844 0.000154261
0 0.925391 0.0207031 0.149219 0.0414063 0.000158094
0 0.662109 0.413281 0.0820312 0.0953125 0.000160346
0 0.241406 0.55625 0.0890625 0.103125 0.000162437
0 0.313672 0.445312 0.105469 0.114063 0.000166365
0 0.692187 0.411719 0.0828125 0.096875 0.000167371
0 0.798437 0.5625 0.110937 0.190625 0.000174502
0 0.629687 0.323438 0.0953125 0.0859375 0.000181308
0 0.218359 0.482812 0.0695312 0.129688 0.000189912
0 0.291797 0.702734 0.294531 0.344531 0.000193346
0 0.763672 0.605469 0.133594 0.160938 0.000200374
0 0.763281 0.538281 0.084375 0.107813 0.00020766
0 0.222656 0.574609 0.084375 0.105469 0.000211828
0 0.969141 0.0871094 0.0617188 0.174219 0.000211845
0 0.516016 0.0453125 0.247656 0.0890625 0.000223877
0 0.927734 0.071875 0.144531 0.14375 0.000233841
0 0.472266 0.01875 0.132031 0.0375 0.00025488
0 0.570703 0.0289063 0.214844 0.0578125 0.000256281
0 0.331641 0.434375 0.139844 0.185937 0.000257699
0 0.269922 0.406641 0.0570313 0.0757812 0.000260852
0 0.649609 0.364062 0.124219 0.1375 0.000262523
0 0.697266 0.567578 0.0914062 0.0914062 0.000267854
0 0.658594 0.554688 0.09375 0.104687 0.000278024
0 0.339844 0.382031 0.075 0.06875 0.000278797
0 0.283984 0.392969 0.0617188 0.065625 0.000279255
0 0.419531 0.0453125 0.20625 0.090625 0.000281799
0 0.625391 0.485938 0.141406 0.192188 0.000303127
0 0.687891 0.372656 0.116406 0.1125 0.000308208
0 0.303125 0.391406 0.075 0.0546875 0.000314462
0 0.980859 0.0328125 0.0382813 0.065625 0.000322003
0 0.297656 0.449219 0.075 0.05625 0.000322325
0 0.530469 0.0171875 0.201562 0.034375 0.000370159
0 0.467187 0.0664062 0.226562 0.132812 0.000376762
0 0.262109 0.465625 0.0726563 0.06875 0.000387354
0 0.365234 0.534375 0.124219 0.157813 0.000405316
0 0.745703 0.467969 0.111719 0.173438 0.000422374
0 0.743359 0.56875 0.0882813 0.0921875 0.000450422
0 0.904688 0.0347656 0.190625 0.0695312 0.000457256
0 0.207813 0.601953 0.071875 0.117969 0.00045951
0 0.309375 0.550781 0.09375 0.09375 0.000522603
0 0.246875 0.450391 0.0953125 0.113281 0.000550296
0 0.613281 0.55625 0.1125 0.145313 0.000599047
0 0.757422 0.466406 0.0742188 0.117188 0.000600492
0 0.343359 0.583203 0.0851562 0.0992187 0.000611404
0 0.339844 0.333594 0.06875 0.05625 0.000620032
0 0.224609 0.554688 0.105469 0.182812 0.000677648
0 0.279687 0.451562 0.0859375 0.08125 0.000710711
0 0.280469 0.619141 0.234375 0.194531 0.000719267
0 0.964844 0.0351562 0.06875 0.0703125 0.000742961
0 0.297266 0.416016 0.128906 0.158594 0.000787164
0 0.287109 0.409766 0.0820312 0.0945313 0.000826889
0 0.357031 0.587891 0.1375 0.146094 0.000836283
0 0.657031 0.537109 0.139062 0.142969 0.000848973
0 0.658984 0.414453 0.136719 0.177344 0.000959364
0 0.325781 0.367578 0.0875 0.0992187 0.00103447
0 0.698047 0.575 0.285156 0.245312 0.00109542
0 0.489062 0.028125 0.2125 0.05625 0.00111197
0 0.311328 0.401172 0.0992187 0.0914062 0.0011443
0 0.949609 0.0488281 0.100781 0.0976562 0.00116713
0 0.31875 0.518359 0.15 0.167969 0.00127121
0 0.248437 0.488672 0.126563 0.180469 0.00128734
0 0.278906 0.446094 0.107813 0.13125 0.00134928
0 0.712109 0.444531 0.152344 0.19375 0.00159467
0 0.286719 0.553906 0.276563 0.285937 0.00177951
0 0.24375 0.589063 0.159375 0.159375 0.00202604
0 0.678516 0.431641 0.0835937 0.0710938 0.0020535
0 0.789453 0.590234 0.0585938 0.0992187 0.00239416
0 0.680859 0.436719 0.113281 0.1125 0.00383878
0 0.691797 0.492188 0.200781 0.229687 0.00452591
0 0.761719 0.534375 0.117188 0.184375 0.00491106
0 0.65 0.574609 0.173438 0.138281 0.00512531
0 0.277344 0.499609 0.19375 0.247656 0.00516888
0 0.773047 0.573047 0.0929687 0.114844 0.0154012
0 0.337891 0.559375 0.114844 0.11875 0.0178508
0 0.705469 0.560547 0.210938 0.144531 0.0313799
0 0.298438 0.560938 0.185937 0.146875 0.0486417
