0 0.351562 0.585547 0.129688 0.161719 0.000100634
0 0.697266 0.250781 0.0539063 0.0625 0.000102513
0 0.348828 0.565234 0.0835937 0.103906 0.000102685
0 0.341406 0.387891 0.0828125 0.0804688 0.000103307
0 0.719922 0.364062 0.0523437 0.084375 0.000108522
0 0.271484 0.583984 0.161719 0.138281 0.000116981
0 0.427344 0.363672 0.0796875 0.0992187 0.00012161
0 0.941797 0.475391 0.116406 0.652344 0.0001219
0 0.383594 0.494141 0.0875 0.110156 0.000125681
0 0.949609 0.605859 0.100781 0.361719 0.000127111
0 0.758594 0.407813 0.053125 0.142188 0.000130809
0 0.275781 0.0972656 0.532812 0.186719 0.000131204
0 0.348828 0.284766 0.0664062 0.0960938 0.000132752
0 0.428516 0.260156 0.0742188 0.0921875 0.00013283
0 0.783594 0.487891 0.0984375 0.330469 0.000134489
0 0.291797 0.407422 0.100781 0.197656 0.0001347
0 0.73125 0.346875 0.0578125 0.096875 0.000141541
0 0.666406 0.615625 0.11875 0.240625 0.000142082
0 0.306641 0.423438 0.0789063 0.0828125 0.00014483
0 0.321484 0.365625 0.0820312 0.110937 0.000152204
0 0.468359 0.355078 0.130469 0.177344 0.000158774
0 0.252344 0.485547 0.151562 0.292969 0.000164566
0 0.369531 0.251953 0.196875 0.158594 0.000165646
0 0.761328 0.469922 0.0570313 0.100781 0.000166585
0 0.71875 0.346094 0.075 0.140625 0.000177248
0 0.689453 0.324609 0.147656 0.232031 0.000177387
0 0.694141 0.389453 0.119531 0.227344 0.000198061
0 0.761328 0.535156 0.0664062 0.115625 0.000198076
0 0.685156 0.694141 0.120312 0.164844 0.000214947
0 0.682422 0.425391 0.0695312 0.0992187 0.00022411
0 0.446875 0.432422 0.182812 0.514844 0.000238027
0 0.267188 0.458984 0.314063 0.442969 0.000256019
0 0.688281 0.627344 0.279687 0.409375 0.00026531
0 0.273438 0.391797 0.210938 0.383594 0.000278972
0 0.863281 0.550781 0.235938 0.573438 0.000278988
0 0.247656 0.560156 0.10625 0.146875 0.00028523
0 0.760156 0.453125 0.065625 0.198437 0.000310688
0 0.363281 0.383594 0.15 0.153125 0.000332231
0 0.322656 0.407422 0.084375 0.0882813 0.000333627
0 0.309375 0.362109 0.1 0.182031 0.000340869
0 0.967188 0.607422 0.065625 0.624219 0.000363789
0 0.283203 0.49375 0.107031 0.19375 0.000427104
0 0.388672 0.406641 0.139844 0.280469 0.00044245
0 0.758594 0.685938 0.301562 0.325 0.000477516
0 0.886719 0.708594 0.21875 0.534375 0.00047872
0 0.401172 0.492969 0.119531 0.245312 0.000509447
0 0.760547 0.597656 0.0820312 0.2125 0.00051989
0 0.424609 0.261328 0.125781 0.147656 0.000553123
0 0.682031 0.445703 0.090625 0.175781 0.000567679
0 0.348437 0.3 0.123438 0.178125 0.000571165
0 0.939062 0.703516 0.120312 0.592969 0.000575057
0 0.364844 0.533984 0.090625 0.111719 0.000579791
0 0.35625 0.562109 0.279687 0.280469 0.000630745
0 0.426562 0.360547 0.125 0.160156 0.000646128
0 0.769922 0.726562 0.132031 0.195312 0.000655945
0 0.324609 0.403516 0.111719 0.141406 0.000698863
0 0.332031 0.55 0.142188 0.153125 0.00081526
0 0.367188 0.471484 0.129688 0.246094 0.000821389
0 0.721875 0.553125 0.134375 0.285937 0.000822752
0 0.673828 0.439453 0.122656 0.267969 0.000831098
0 0.325391 0.448828 0.136719 0.247656 0.000937507
0 0.747266 0.446484 0.130469 0.353906 0.000950641
0 0.675781 0.5625 0.148438 0.40625 0.000966793
0 0.757422 0.657422 0.103906 0.214844 0.0010768
0 0.389453 0.577344 0.158594 0.195312 0.00119553
0 0.701563 0.490625 0.125 0.273438 0.00127382
0 0.758984 0.512109 0.0789063 0.233594 0.0013489
0 0.448828 0.308984 0.141406 0.214844 0.00152193
0 0.784375 0.605859 0.109375 0.385156 0.00201501
0 0.733203 0.480469 0.269531 0.59375 0.00221918
0 0.694531 0.407031 0.175 0.390625 0.00236816
0 0.289453 0.525781 0.174219 0.201562 0.00253776
0 0.330469 0.358984 0.157813 0.244531 0.00264536
0 0.730859 0.704297 0.174219 0.197656 0.00270851
0 0.702734 0.652344 0.169531 0.24375 0.00622534
0 0.326953 0.475 0.217969 0.329688 0.0136738
0 0.746484 0.622266 0.146094 0.332031 0.020724
0 0.398047 0.307813 0.202344 0.239063 0.0212108
0 0.365625 0.530859 0.173438 0.217969 0.0412739
0 0.719141 0.527734 0.169531 0.466406 0.103168
0 0.371094 0.4125 0.239063 0.464063 0.201934
