0 0.385547 0.189063 0.449219 0.378125 0.000102609
0 0.611328 0.0644531 0.347656 0.124219 0.000104341
0 0.635547 0.0898438 0.210156 0.157813 0.000107044
0 0.474609 0.792578 0.425781 0.414844 0.000110871
0 0.289453 0.555859 0.180469 0.163281 0.000114049
0 0.661328 0.586719 0.102344 0.1 0.000114814
0 0.736328 0.676172 0.110156 0.138281 0.000127011
0 0.31875 0.0644531 0.340625 0.128906 0.000128245
0 0.279687 0.408594 0.176563 0.1875 0.00013646
0 0.436719 0.034375 0.35625 0.0671875 0.000136686
0 0.664844 0.532812 0.104687 0.146875 0.000137244
0 0.660937 0.698047 0.254687 0.367969 0.000139067
0 0.199609 0.593359 0.130469 0.175781 0.000141157
0 0.30625 0.115234 0.421875 0.230469 0.000143677
0 0.255469 0.553125 0.125 0.121875 0.000150273
0 0.675781 0.547266 0.182812 0.280469 0.000150895
0 0.696094 0.7625 0.248437 0.209375 0.000154071
0 0.697656 0.614062 0.104687 0.1625 0.000157006
0 0.872656 0.130469 0.05625 0.078125 0.000161691
0 0.454297 0.125391 0.447656 0.242969 0.000250853
0 0.559766 0.853125 0.380469 0.290625 0.000300462
0 0.458594 0.0632813 0.428125 0.123438 0.000314029
0 0.541406 0.601562 0.479688 0.796875 0.000328954
0 0.280078 0.497656 0.203906 0.20625 0.000336439
0 0.726953 0.641797 0.157031 0.185156 0.000349889
0 0.715234 0.569922 0.132031 0.152344 0.000359421
0 0.64375 0.634766 0.328125 0.583594 0.000439121
0 0.683203 0.56875 0.0976562 0.114063 0.000726459
0 0.758594 0.732813 0.248437 0.357812 0.000762372
0 0.706641 0.639844 0.203906 0.30625 0.0010527
0 0.230469 0.561328 0.171875 0.174219 0.00125701
0 0.699219 0.798047 0.340625 0.394531 0.00636473
