0 0.244531 0.299609 0.167187 0.221094 0.000101205
0 0.776563 0.75625 0.245312 0.148438 0.000105604
0 0.266797 0.780469 0.403906 0.404687 0.000108223
0 0.822266 0.292578 0.150781 0.214844 0.000109377
0 0.968359 0.723437 0.0617188 0.290625 0.000109775
0 0.7 0.533984 0.201562 0.289844 0.000110142
0 0.846875 0.658594 0.090625 0.104687 0.000110176
0 0.758984 0.633984 0.147656 0.171094 0.000112432
0 0.138281 0.407813 0.084375 0.101562 0.000114147
0 0.15625 0.491406 0.14375 0.2625 0.000123438
0 0.704297 0.726562 0.214844 0.173438 0.000136937
0 0.338672 0.652344 0.197656 0.235938 0.000143844
0 0.803516 0.509766 0.157031 0.157031 0.000152286
0 0.305859 0.969531 0.0945313 0.0609375 0.000165353
0 0.884766 0.535937 0.150781 0.242188 0.000172175
0 0.719141 0.652344 0.142969 0.170312 0.000181806
0 0.829297 0.690234 0.147656 0.150781 0.000212847
0 0.925781 0.736719 0.146875 0.26875 0.000224704
0 0.776563 0.448828 0.25625 0.486719 0.000227374
0 0.325 0.592578 0.0875 0.105469 0.000230629
0 0.303906 0.958594 0.151562 0.0828125 0.000242915
0 0.365234 0.565234 0.141406 0.208594 0.000248841
0 0.342969 0.497266 0.1625 0.275781 0.000255907
0 0.284375 0.608203 0.146875 0.144531 0.000283541
0 0.21875 0.517578 0.2125 0.217969 0.000290526
0 0.140625 0.385156 0.109375 0.195312 0.000318326
0 0.886719 0.672266 0.09375 0.107031 0.000327212
0 0.856641 0.749219 0.278906 0.26875 0.000354624
0 0.252344 0.405078 0.2875 0.536719 0.000355368
0 0.184766 0.279687 0.132031 0.204688 0.000382254
0 0.130469 0.435156 0.173438 0.526563 0.000395909
0 0.264844 0.571094 0.148438 0.153125 0.000413703
0 0.721094 0.594531 0.184375 0.203125 0.000421142
0 0.0484375 0.749219 0.0515625 0.09375 0.000460304
0 0.832031 0.632812 0.148438 0.192188 0.00050477
0 0.218359 0.555078 0.146094 0.157031 0.000537292
0 0.920313 0.6125 0.139062 0.253125 0.000610159
0 0.828906 0.553906 0.2 0.2125 0.000671978
0 0.176953 0.573047 0.149219 0.160156 0.000869075
0 0.126953 0.56875 0.192969 0.239063 0.00100193
0 0.343359 0.608203 0.150781 0.171094 0.00128094
0 0.748438 0.716406 0.307813 0.246875 0.00132056
0 0.216406 0.659375 0.376563 0.335938 0.00190114
0 0.279687 0.517187 0.24375 0.26875 0.00253577
0 0.269141 0.626172 0.280469 0.230469 0.00272239
0 0.742969 0.644922 0.242188 0.250781 0.00280028
0 0.871484 0.611328 0.155469 0.222656 0.0032601
0 0.160156 0.367188 0.14375 0.354688 0.00358898
0 0.853125 0.4875 0.232812 0.498437 0.00424195
0 0.191016 0.472266 0.233594 0.403906 0.0063879
0 0.787891 0.573047 0.328906 0.332031 0.010197
0 0.309766 0.567187 0.192969 0.190625 0.0108532
0 0.223047 0.574219 0.297656 0.198437 0.0263143
0 0.889453 0.673437 0.199219 0.184375 0.032613
0 0.820703 0.671094 0.336719 0.246875 0.0362317
0 0.863672 0.608203 0.239844 0.291406 0.201236
