0 0.356641 0.034375 0.350781 0.06875 0.000101777
0 0.216797 0.427344 0.0914062 0.110937 0.000104529
0 0.696484 0.3625 0.0789063 0.101562 0.000105557
0 0.967578 0.0207031 0.0648438 0.0414063 0.000106141
0 0.283594 0.4625 0.090625 0.10625 0.000106509
0 0.738281 0.405078 0.120312 0.285156 0.000106982
0 0.854297 0.970312 0.291406 0.059375 0.000112367
0 0.124609 0.508984 0.130469 0.158594 0.00011673
0 0.9625 0.103125 0.071875 0.20625 0.00011745
0 0.679688 0.453125 0.0875 0.101562 0.000118139
0 0.578125 0.489453 0.0921875 0.108594 0.000123473
0 0.215234 0.28125 0.119531 0.234375 0.000134219
0 0.459375 0.0574219 0.401563 0.114844 0.000139398
0 0.711328 0.36875 0.0945313 0.179688 0.000141917
0 0.110937 0.182031 0.221875 0.364062 0.000142621
0 0.571094 0.191016 0.090625 0.100781 0.00014336
0 0.760547 0.0324219 0.149219 0.0632813 0.000146199
0 0.322266 0.955078 0.199219 0.0898438 0.000150047
0 0.590625 0.199609 0.164062 0.157031 0.00015074
0 0.680469 0.340625 0.0859375 0.096875 0.000163259
0 0.176563 0.428516 0.09375 0.108594 0.000168912
0 0.640234 0.388281 0.139844 0.253125 0.000173369
0 0.560547 0.489453 0.130469 0.172656 0.000181536
0 0.980859 0.0355469 0.0382813 0.0710938 0.000194623
0 0.260547 0.430078 0.0929687 0.108594 0.000195959
0 0.078125 0.0214844 0.15625 0.0429688 0.000197095
0 0.885156 0.0203125 0.229687 0.040625 0.000202111
0 0.73125 0.468359 0.28125 0.330469 0.000205126
0 0.573828 0.103125 0.367969 0.20625 0.000211263
0 0.606641 0.0359375 0.341406 0.071875 0.00021182
0 0.648047 0.239844 0.107031 0.14375 0.000217638
0 0.357031 0.0957031 0.423438 0.191406 0.000235075
0 0.212891 0.371484 0.150781 0.257031 0.000280061
0 0.576563 0.408984 0.157813 0.261719 0.000289766
0 0.245312 0.216797 0.120312 0.139844 0.000291874
0 0.885156 0.137109 0.223438 0.274219 0.00029454
0 0.217187 0.476953 0.154687 0.163281 0.000302472
0 0.0566406 0.0359375 0.111719 0.06875 0.000313225
0 0.614453 0.488281 0.0929687 0.107813 0.000359905
0 0.96875 0.05625 0.0625 0.1125 0.000361124
0 0.60625 0.477734 0.267188 0.292969 0.000362037
0 0.716016 0.453125 0.0804688 0.110937 0.000366862
0 0.675 0.598047 0.30625 0.377344 0.000374538
0 0.930078 0.0953125 0.139844 0.190625 0.000379623
0 0.217969 0.536328 0.321875 0.242969 0.000384603
0 0.312109 0.464453 0.117969 0.161719 0.000390761
0 0.211328 0.223828 0.0945313 0.149219 0.00039291
0 0.644922 0.213672 0.233594 0.292969 0.000402439
0 0.142578 0.467187 0.132031 0.182812 0.000420529
0 0.651563 0.279687 0.1625 0.214062 0.000517509
0 0.678906 0.344922 0.121875 0.183594 0.000528339
0 0.307813 0.400391 0.142188 0.233594 0.000537427
0 0.93125 0.0347656 0.1375 0.0695312 0.000537925
0 0.679297 0.486328 0.0929687 0.105469 0.00054669
0 0.288672 0.323047 0.197656 0.378906 0.000562501
0 0.226562 0.283203 0.1875 0.322656 0.000592868
0 0.0917969 0.096875 0.183594 0.19375 0.000610176
0 0.075 0.0542969 0.15 0.108594 0.000634465
0 0.680078 0.315234 0.333594 0.577344 0.000663129
0 0.240234 0.411328 0.152344 0.166406 0.000695528
0 0.276172 0.48125 0.196094 0.182812 0.000736662
0 0.176172 0.021875 0.286719 0.0421875 0.000763229
0 0.261328 0.0636719 0.397656 0.127344 0.00079349
0 0.758984 0.021875 0.250781 0.0421875 0.000849656
0 0.224609 0.216016 0.0710938 0.0976562 0.000898028
0 0.660937 0.451562 0.148438 0.178125 0.00104502
0 0.297656 0.432422 0.0875 0.111719 0.00108957
0 0.192969 0.198047 0.325 0.380469 0.001135
0 0.178125 0.298828 0.242188 0.467969 0.00114137
0 0.163672 0.498828 0.216406 0.208594 0.00115276
0 0.713672 0.432031 0.105469 0.209375 0.00130709
0 0.643359 0.553125 0.278906 0.207813 0.00136372
0 0.732813 0.523438 0.0921875 0.117188 0.00144129
0 0.889844 0.0601562 0.220313 0.120312 0.00146319
0 0.858203 0.0359375 0.260156 0.0703125 0.00148187
0 0.659375 0.0617188 0.4 0.121875 0.00151768
0 0.718359 0.491016 0.0882813 0.114844 0.00187015
0 0.783203 0.177734 0.408594 0.355469 0.00203298
0 0.219141 0.0335938 0.363281 0.0671875 0.0022042
0 0.198047 0.430859 0.152344 0.155469 0.00226651
0 0.597656 0.471094 0.159375 0.167187 0.00256399
0 0.695703 0.521484 0.188281 0.169531 0.00269242
0 0.116406 0.0347656 0.232812 0.0695312 0.0027394
0 0.172266 0.408984 0.178906 0.241406 0.00334219
0 0.647656 0.345703 0.223438 0.408594 0.00435607
0 0.766797 0.034375 0.305469 0.06875 0.00447227
0 0.603125 0.517187 0.198437 0.167187 0.00466792
0 0.189063 0.096875 0.378125 0.19375 0.00485867
0 0.734766 0.104297 0.421094 0.205469 0.00519457
0 0.156641 0.0542969 0.313281 0.107031 0.0076369
0 0.276563 0.433594 0.146875 0.153125 0.00816905
0 0.793359 0.0648438 0.377344 0.128125 0.00930364
0 0.228125 0.359766 0.24375 0.333594 0.0152289
0 0.682813 0.407813 0.1625 0.298438 0.0201538
0 0.710938 0.485156 0.13125 0.160938 0.0213235
0 0.653906 0.489062 0.223438 0.175 0.0868091
0 0.218359 0.455469 0.255469 0.2 0.250998
