0 0.742969 0.403906 0.146875 0.251563 0.000100541
0 0.676562 0.490234 0.176563 0.196094 0.000102337
0 0.184375 0.571094 0.123438 0.170312 0.000106603
0 0.6875 0.805469 0.203125 0.298438 0.0001114
0 0.364062 0.469922 0.123438 0.210156 0.000112518
0 0.263672 0.589844 0.149219 0.184375 0.000113483
0 0.546094 0.970312 0.25625 0.059375 0.000114364
0 0.515625 0.0335938 0.360938 0.0671875 0.000115175
0 0.301172 0.361328 0.157031 0.169531 0.000126584
0 0.258984 0.366016 0.0601562 0.0835937 0.000129278
0 0.949609 0.476172 0.0992187 0.388281 0.000130374
0 0.313281 0.229297 0.33125 0.285156 0.000131041
0 0.577344 0.685156 0.25625 0.257812 0.000132302
0 0.666016 0.323828 0.0539063 0.0742188 0.000140974
0 0.716797 0.765625 0.133594 0.203125 0.000142802
0 0.93125 0.391016 0.132812 0.697656 0.000147723
0 0.975781 0.600781 0.0484375 0.48125 0.000150216
0 0.304297 0.573047 0.142969 0.210156 0.000157711
0 0.28125 0.40625 0.175 0.18125 0.000166264
0 0.326562 0.31875 0.170312 0.184375 0.000169561
0 0.640234 0.677734 0.211719 0.202344 0.000170458
0 0.453125 0.622266 0.395312 0.603906 0.000176042
0 0.258203 0.305078 0.0710938 0.102344 0.000194077
0 0.769922 0.685547 0.328906 0.600781 0.000195976
0 0.657031 0.330078 0.13125 0.152344 0.000207777
0 0.298047 0.28125 0.113281 0.135937 0.000211448
0 0.717969 0.532031 0.120312 0.251563 0.000218348
0 0.579687 0.709766 0.354688 0.444531 0.000220383
0 0.297656 0.46875 0.192188 0.20625 0.000220821
0 0.338281 0.636328 0.145313 0.202344 0.00022334
0 0.679688 0.737891 0.176563 0.197656 0.000234558
0 0.237109 0.628906 0.289844 0.275 0.000244049
0 0.892969 0.544141 0.209375 0.616406 0.000247892
0 0.278125 0.319922 0.109375 0.150781 0.00025344
0 0.654688 0.323438 0.0859375 0.0953125 0.000263806
0 0.743359 0.603125 0.133594 0.421875 0.000271433
0 0.377344 0.0976562 0.520312 0.195312 0.000278705
0 0.205078 0.512891 0.125781 0.208594 0.000296103
0 0.28125 0.319141 0.246875 0.305469 0.000300619
0 0.732422 0.394141 0.0757812 0.158594 0.000331415
0 0.338672 0.598047 0.336719 0.439844 0.000338549
0 0.390234 0.248828 0.135156 0.133594 0.000343256
0 0.258594 0.380859 0.109375 0.157031 0.000350147
0 0.642187 0.746094 0.25 0.278125 0.000360908
0 0.436719 0.0511719 0.495313 0.102344 0.000369165
0 0.392969 0.453516 0.229687 0.489844 0.000383127
0 0.735547 0.383594 0.0585938 0.101562 0.00040031
0 0.698047 0.677344 0.130469 0.246875 0.000465899
0 0.969141 0.440625 0.0617188 0.564062 0.000483506
0 0.942187 0.609766 0.110937 0.685156 0.000485494
0 0.261719 0.535937 0.190625 0.192188 0.000669868
0 0.656641 0.416797 0.191406 0.369531 0.00078158
0 0.716797 0.451562 0.161719 0.370313 0.000835778
0 0.240234 0.468359 0.135156 0.260156 0.00089201
0 0.2125 0.411328 0.257812 0.446094 0.00100457
0 0.60625 0.608203 0.25625 0.447656 0.00103735
0 0.338672 0.523438 0.203906 0.376563 0.00105434
0 0.366797 0.280078 0.161719 0.171094 0.00106547
0 0.205859 0.555469 0.200781 0.240625 0.00121258
0 0.197266 0.468359 0.161719 0.349219 0.00141999
0 0.302734 0.594922 0.224219 0.269531 0.00153198
0 0.744141 0.5625 0.210156 0.642187 0.00229242
0 0.682422 0.675391 0.200781 0.396094 0.00286495
0 0.342969 0.3625 0.254687 0.38125 0.0029339
0 0.703516 0.566406 0.155469 0.41875 0.0045323
0 0.244922 0.516016 0.249219 0.355469 0.0112898
0 0.667188 0.539844 0.232812 0.579687 0.43673
0 0.291016 0.446484 0.289844 0.522656 0.472045
