0 0.436719 0.266016 0.21875 0.444531 0.000101099
0 0.724609 0.226562 0.0476562 0.0578125 0.000108666
0 0.877344 0.0664062 0.234375 0.132812 0.000108879
0 0.028125 0.649219 0.05625 0.360938 0.000113013
0 0.369531 0.253906 0.0828125 0.0875 0.000115993
0 0.941016 0.141797 0.117969 0.280469 0.000116333
0 0.610156 0.195703 0.328125 0.350781 0.000116744
0 0.467578 0.755859 0.175781 0.205469 0.000123618
0 0.654688 0.216406 0.10625 0.129688 0.000127418
0 0.0144531 0.469531 0.0273438 0.223438 0.000129769
0 0.0527344 0.232812 0.105469 0.465625 0.000134977
0 0.671094 0.608984 0.192188 0.297656 0.000136011
0 0.378125 0.0691406 0.371875 0.138281 0.000137605
0 0.822656 0.699609 0.0875 0.107031 0.000139793
0 0.31875 0.773828 0.1375 0.182031 0.000143372
0 0.298438 0.124609 0.403125 0.249219 0.0001446
0 0.658984 0.510156 0.121094 0.209375 0.000149635
0 0.296484 0.486719 0.125781 0.132812 0.000158891
0 0.664453 0.689062 0.163281 0.25625 0.000165472
0 0.937109 0.0695312 0.125781 0.139062 0.000165606
0 0.0296875 0.948438 0.0578125 0.103125 0.000167089
0 0.533984 0.141797 0.371094 0.283594 0.000172949
0 0.739062 0.242969 0.0625 0.084375 0.000174865
0 0.515625 0.319531 0.3375 0.639063 0.000182307
0 0.516406 0.623828 0.301562 0.496094 0.000182435
0 0.305078 0.683984 0.150781 0.263281 0.000182554
0 0.348047 0.639453 0.172656 0.194531 0.00018704
0 0.716406 0.613672 0.0890625 0.102344 0.00019228
0 0.351562 0.811719 0.248437 0.24375 0.000194486
0 0.666406 0.777344 0.396875 0.35 0.000205044
0 0.777734 0.601562 0.216406 0.2 0.000210104
0 0.656641 0.485938 0.0929687 0.128125 0.000211854
0 0.249219 0.801562 0.132812 0.220313 0.000213757
0 0.29375 0.262891 0.059375 0.0882813 0.000221194
0 0.0265625 0.439453 0.0515625 0.635156 0.000226119
0 0.0277344 0.230078 0.0539063 0.460156 0.000234201
0 0.834766 0.619531 0.214844 0.345313 0.000239639
0 0.0488281 0.768359 0.0914062 0.463281 0.000240467
0 0.742969 0.695703 0.15625 0.211719 0.000244
0 0.317578 0.278125 0.160156 0.209375 0.000249227
0 0.844922 0.721484 0.0945313 0.107031 0.000252493
0 0.697656 0.737891 0.153125 0.199219 0.000255891
0 0.416406 0.764453 0.31875 0.308594 0.000264024
0 0.0183594 0.399219 0.0367187 0.378125 0.000265608
0 0.0300781 0.883594 0.0601562 0.232812 0.000267188
0 0.805469 0.773828 0.15 0.183594 0.000271231
0 0.0613281 0.623047 0.114844 0.753906 0.000272167
0 0.264062 0.720703 0.132812 0.252344 0.00027442
0 0.623047 0.44375 0.422656 0.835938 0.000283648
0 0.263672 0.402734 0.125781 0.222656 0.000285708
0 0.404297 0.597266 0.133594 0.292969 0.000294199
0 0.735937 0.236719 0.0421875 0.0609375 0.000300484
0 0.8375 0.662109 0.170312 0.205469 0.00030689
0 0.0128906 0.552734 0.0257812 0.236719 0.000308257
0 0.360156 0.204688 0.145313 0.204688 0.000310251
0 0.304688 0.245703 0.0671875 0.0835937 0.000313177
0 0.649219 0.547656 0.296875 0.546875 0.000314126
0 0.374609 0.212109 0.217969 0.297656 0.00031913
0 0.465625 0.644531 0.184375 0.373437 0.000369522
0 0.697266 0.528125 0.202344 0.398438 0.000415174
0 0.321484 0.241797 0.105469 0.119531 0.00042789
0 0.878516 0.792578 0.186719 0.247656 0.000484165
0 0.436719 0.184375 0.373437 0.36875 0.000502871
0 0.865234 0.739453 0.0945313 0.113281 0.000538169
0 0.777734 0.657422 0.153906 0.208594 0.000588296
0 0.0179687 0.5625 0.0359375 0.404687 0.000588511
0 0.277344 0.569531 0.165625 0.378125 0.000594322
0 0.342969 0.717969 0.153125 0.23125 0.000694042
0 0.304688 0.414844 0.21875 0.532812 0.000699107
0 0.248437 0.475 0.1 0.165625 0.000723842
0 0.449219 0.447266 0.3375 0.817969 0.000884798
0 0.0300781 0.6375 0.0601562 0.725 0.000911862
0 0.360938 0.2375 0.123438 0.115625 0.000953946
0 0.422656 0.547656 0.19375 0.526563 0.0010563
0 0.762891 0.528906 0.286719 0.573438 0.00109809
0 0.417578 0.720703 0.197656 0.230469 0.00119525
0 0.271875 0.474609 0.14375 0.264844 0.00120403
0 0.706641 0.721875 0.264844 0.289062 0.00162535
0 0.877734 0.754687 0.136719 0.160938 0.00226887
0 0.710156 0.613281 0.154687 0.209375 0.00246195
0 0.382812 0.68125 0.159375 0.2 0.00249511
0 0.802734 0.698828 0.150781 0.182031 0.00259119
0 0.291016 0.646094 0.242969 0.467187 0.00275897
0 0.286719 0.7625 0.204688 0.257812 0.00385659
0 0.809375 0.792969 0.276563 0.285937 0.00672437
0 0.384766 0.651953 0.202344 0.338281 0.0077784
0 0.741406 0.621875 0.223438 0.307813 0.00852371
0 0.343359 0.542188 0.258594 0.60625 0.0105657
0 0.836719 0.732031 0.190625 0.190625 0.0331869
0 0.346875 0.71875 0.254687 0.282813 0.0610076
0 0.783984 0.698438 0.285156 0.284375 0.302293
