0 0.594141 0.322656 0.105469 0.115625 0.000100589
0 0.837891 0.532422 0.125781 0.257031 0.00010085
0 0.803906 0.529297 0.128125 0.174219 0.00010133
0 0.301953 0.206641 0.397656 0.403906 0.000101789
0 0.528906 0.287891 0.364062 0.369531 0.000104604
0 0.260156 0.551172 0.129688 0.217969 0.000108518
0 0.377344 0.183984 0.215625 0.260156 0.000108713
0 0.840234 0.636328 0.133594 0.247656 0.000109006
0 0.844141 0.690234 0.0835937 0.0851562 0.000109338
0 0.0578125 0.640625 0.115625 0.629687 0.000110617
0 0.619141 0.348047 0.155469 0.186719 0.00011123
0 0.363281 0.425 0.0890625 0.115625 0.000113704
0 0.34375 0.371484 0.090625 0.103906 0.000116346
0 0.612109 0.218359 0.330469 0.367969 0.00012
0 0.761328 0.444141 0.174219 0.194531 0.000122598
0 0.806641 0.741016 0.0898438 0.0992187 0.0001312
0 0.294141 0.810547 0.269531 0.211719 0.000133225
0 0.698438 0.738672 0.140625 0.189844 0.000135577
0 0.763281 0.719922 0.148438 0.164844 0.000152702
0 0.200781 0.482422 0.34375 0.422656 0.000152892
0 0.856641 0.685938 0.103906 0.135937 0.000153176
0 0.750781 0.344531 0.0859375 0.0921875 0.000153862
0 0.304688 0.551953 0.142188 0.236719 0.000155515
0 0.283203 0.616016 0.139844 0.167969 0.000161869
0 0.680078 0.403906 0.136719 0.198437 0.000162625
0 0.688281 0.294141 0.223438 0.224219 0.000165326
0 0.867969 0.519531 0.20625 0.667188 0.000170636
0 0.756641 0.615625 0.0804688 0.090625 0.000175324
0 0.327344 0.408203 0.0921875 0.114844 0.000180309
0 0.421484 0.314063 0.188281 0.25 0.000180502
0 0.242188 0.720703 0.140625 0.191406 0.000189567
0 0.697266 0.529688 0.141406 0.232812 0.000194866
0 0.751562 0.344531 0.3125 0.323438 0.00019699
0 0.787891 0.373437 0.175781 0.245312 0.000200699
0 0.344531 0.637109 0.129688 0.236719 0.00020094
0 0.201562 0.526953 0.178125 0.342969 0.00020477
0 0.412109 0.527344 0.328906 0.673437 0.000210133
0 0.345703 0.482422 0.136719 0.255469 0.000223605
0 0.304688 0.484766 0.190625 0.196094 0.000230913
0 0.139844 0.8 0.0875 0.128125 0.000235766
0 0.700391 0.311719 0.185156 0.132812 0.000237033
0 0.183203 0.638281 0.100781 0.19375 0.000241986
0 0.467578 0.185937 0.292969 0.3375 0.000247189
0 0.372266 0.691797 0.155469 0.330469 0.000262666
0 0.778125 0.833984 0.3625 0.269531 0.000285131
0 0.803125 0.592578 0.145313 0.271094 0.000321433
0 0.844141 0.769531 0.0914062 0.103125 0.000334933
0 0.129688 0.6875 0.173438 0.403125 0.000336853
0 0.221484 0.573047 0.110156 0.214844 0.000350623
0 0.325 0.352344 0.221875 0.167187 0.000375944
0 0.880078 0.726172 0.114844 0.124219 0.000390499
0 0.884375 0.771484 0.145313 0.192969 0.000434034
0 0.423828 0.292188 0.258594 0.385938 0.000435774
0 0.34375 0.721875 0.13125 0.23125 0.000439608
0 0.305859 0.678516 0.142969 0.250781 0.00050571
0 0.261719 0.656641 0.135937 0.263281 0.000534486
0 0.819141 0.685547 0.189844 0.155469 0.000567147
0 0.311719 0.355469 0.35 0.348437 0.000628645
0 0.351172 0.792188 0.149219 0.182812 0.000671346
0 0.425 0.148828 0.192188 0.228906 0.000688272
0 0.817969 0.486719 0.096875 0.171875 0.000706864
0 0.703906 0.729297 0.225 0.247656 0.00074359
0 0.759766 0.615625 0.124219 0.185937 0.000906759
0 0.721875 0.341406 0.0796875 0.0875 0.000914037
0 0.871484 0.737109 0.0789063 0.0773437 0.000940502
0 0.168359 0.608984 0.177344 0.464844 0.000944492
0 0.850781 0.810156 0.214062 0.24375 0.000952491
0 0.374609 0.507422 0.171094 0.403906 0.00108104
0 0.691016 0.619922 0.221094 0.455469 0.00118469
0 0.672656 0.357422 0.207813 0.217969 0.00124539
0 0.762109 0.658594 0.186719 0.2 0.00128509
0 0.155078 0.762891 0.122656 0.203906 0.001409
0 0.828125 0.70625 0.13125 0.1125 0.00143722
0 0.390234 0.431641 0.288281 0.342969 0.00161346
0 0.3125 0.388672 0.146875 0.177344 0.00174626
0 0.216406 0.655469 0.129688 0.271875 0.00176383
0 0.381641 0.372656 0.196094 0.196875 0.00186471
0 0.800391 0.436719 0.133594 0.253125 0.00211619
0 0.344922 0.639453 0.188281 0.505469 0.003075
0 0.817187 0.482031 0.178125 0.403125 0.00327376
0 0.315234 0.758984 0.200781 0.219531 0.00334343
0 0.694922 0.466797 0.232031 0.391406 0.00394202
0 0.214844 0.744141 0.229687 0.250781 0.00466976
0 0.846094 0.771484 0.175 0.146094 0.00629532
0 0.275391 0.447266 0.239844 0.302344 0.00669524
0 0.725391 0.342578 0.127344 0.117969 0.006993
0 0.174609 0.705859 0.139844 0.296094 0.00725059
0 0.767969 0.76875 0.3 0.2125 0.00767007
0 0.854297 0.721875 0.0851562 0.071875 0.00782353
0 0.819141 0.613281 0.217969 0.428125 0.00859307
0 0.757031 0.433984 0.228125 0.319531 0.009109
0 0.280078 0.706641 0.253906 0.302344 0.0150892
0 0.234766 0.623438 0.228906 0.432813 0.0187026
0 0.776172 0.689062 0.277344 0.270312 0.0199292
0 0.726172 0.379297 0.208594 0.207031 0.0297718
0 0.296094 0.548828 0.265625 0.535156 0.0395998
0 0.810156 0.737891 0.203125 0.152344 0.0700028
0 0.842969 0.739453 0.126563 0.107031 0.0780113
0 0.351562 0.420703 0.203125 0.242969 0.149747
0 0.755469 0.529297 0.284375 0.553906 0.31768
