0 0.319141 0.288672 0.0914062 0.0992187 0.000100275
0 0.376953 0.323828 0.0976562 0.189844 0.000103855
0 0.330859 0.651172 0.0882813 0.105469 0.000104674
0 0.208594 0.532422 0.0875 0.157031 0.000106365
0 0.308594 0.303906 0.05 0.0484375 0.000107992
0 0.293359 0.428516 0.0992187 0.102344 0.000112301
0 0.745313 0.709375 0.0859375 0.0984375 0.000112512
0 0.980859 0.685547 0.0382813 0.382031 0.000115744
0 0.353906 0.282031 0.090625 0.115625 0.000120836
0 0.4 0.435937 0.117188 0.18125 0.000125992
0 0.273438 0.411328 0.0765625 0.0882813 0.000128535
0 0.777734 0.707422 0.0867188 0.0914062 0.000138967
0 0.763672 0.531641 0.194531 0.414844 0.000146025
0 0.702344 0.567187 0.145313 0.260938 0.000164552
0 0.388672 0.632812 0.139844 0.192188 0.000182222
0 0.322266 0.316406 0.0570313 0.0671875 0.000182787
0 0.332031 0.641797 0.28125 0.311719 0.000193574
0 0.398047 0.405078 0.0601562 0.0945313 0.000198503
0 0.322656 0.317578 0.0796875 0.102344 0.000206758
0 0.783203 0.683984 0.282031 0.282031 0.000253733
0 0.321875 0.354688 0.140625 0.18125 0.000266899
0 0.260547 0.712109 0.222656 0.166406 0.000294328
0 0.346094 0.323438 0.110937 0.157813 0.000295292
0 0.798437 0.615625 0.189063 0.264062 0.000304077
0 0.688281 0.694141 0.165625 0.155469 0.00033012
0 0.226172 0.491016 0.114844 0.214844 0.000346331
0 0.2125 0.566016 0.115625 0.247656 0.000379748
0 0.391406 0.4 0.090625 0.129688 0.000398213
0 0.347266 0.461328 0.194531 0.400781 0.000490129
0 0.360938 0.374219 0.129688 0.19375 0.000490864
0 0.296484 0.497266 0.299219 0.549219 0.000509113
0 0.726953 0.716797 0.160156 0.142969 0.00073811
0 0.275781 0.405859 0.1375 0.157031 0.000768865
0 0.736328 0.616406 0.171094 0.25625 0.000919594
0 0.218359 0.7125 0.0914062 0.0921875 0.00108619
0 0.348828 0.634375 0.0851562 0.0984375 0.00125835
0 0.338281 0.580469 0.167187 0.285937 0.00134072
0 0.260938 0.435547 0.1 0.128906 0.00148931
0 0.805078 0.694922 0.171094 0.169531 0.00173764
0 0.225781 0.694531 0.135937 0.135937 0.0018616
0 0.258594 0.48125 0.145313 0.271875 0.00216627
0 0.228906 0.644922 0.170312 0.236719 0.00324386
0 0.282422 0.555078 0.213281 0.375781 0.00362642
0 0.762891 0.678906 0.0867188 0.104687 0.00429364
0 0.349219 0.644922 0.125 0.178906 0.00461781
0 0.303125 0.642578 0.203125 0.211719 0.00586596
0 0.764844 0.682813 0.129688 0.140625 0.017993
