0 0.869531 0.469141 0.21875 0.625781 0.000100253
0 0.942578 0.105078 0.114844 0.174219 0.00010047
0 0.136719 0.0527344 0.273438 0.0882813 0.000101304
0 0.536328 0.374219 0.274219 0.515625 0.00010138
0 0.795703 0.360938 0.192969 0.328125 0.000102091
0 0.710547 0.280469 0.227344 0.309375 0.000104428
0 0.196484 0.279297 0.357031 0.525781 0.000104821
0 0.343359 0.836719 0.152344 0.190625 0.000108744
0 0.803906 0.283984 0.259375 0.314844 0.0001104
0 0.390234 0.364844 0.227344 0.389062 0.000111536
0 0.922656 0.147656 0.14375 0.276563 0.000112935
0 0.792188 0.107813 0.392188 0.198437 0.000115874
0 0.802344 0.819141 0.15 0.161719 0.000123298
0 0.686328 0.799219 0.171094 0.196875 0.000125846
0 0.825391 0.781641 0.0929687 0.100781 0.000131121
0 0.864844 0.065625 0.259375 0.120312 0.000140888
0 0.932031 0.625391 0.128125 0.605469 0.000142354
0 0.966406 0.193359 0.065625 0.349219 0.000143043
0 0.919531 0.866406 0.153125 0.221875 0.00014507
0 0.336719 0.723047 0.242188 0.357031 0.000146445
0 0.467187 0.375781 0.223438 0.425 0.000151954
0 0.978125 0.475391 0.04375 0.421094 0.000152304
0 0.886328 0.905859 0.189844 0.128906 0.000152515
0 0.883984 0.652344 0.191406 0.46875 0.000156573
0 0.160156 0.809766 0.192188 0.207031 0.000161099
0 0.220313 0.398047 0.167187 0.328906 0.000161582
0 0.889453 0.210547 0.211719 0.369531 0.000167623
0 0.523047 0.519141 0.353906 0.727344 0.000180074
0 0.861719 0.764063 0.148438 0.19375 0.000180215
0 0.0246094 0.602734 0.0460938 0.485156 0.000181966
0 0.803906 0.743359 0.20625 0.192969 0.000199777
0 0.741797 0.858594 0.197656 0.184375 0.000207698
0 0.046875 0.432813 0.0890625 0.7 0.000215775
0 0.971875 0.433203 0.05625 0.646094 0.000217818
0 0.253125 0.475391 0.185937 0.352344 0.000219009
0 0.941016 0.228906 0.117969 0.40625 0.000226493
0 0.808203 0.878906 0.288281 0.184375 0.000253976
0 0.746484 0.735156 0.275781 0.30625 0.000257995
0 0.123438 0.541406 0.234375 0.721875 0.000278349
0 0.199609 0.520312 0.171094 0.415625 0.000295259
0 0.903516 0.794922 0.172656 0.260156 0.000331554
0 0.302344 0.805078 0.235938 0.232031 0.000348021
0 0.174609 0.716406 0.216406 0.3625 0.000493167
0 0.0304688 0.560938 0.059375 0.76875 0.000503686
0 0.219922 0.488281 0.144531 0.251563 0.000515391
0 0.773828 0.521094 0.317969 0.75625 0.000551759
0 0.276563 0.554688 0.328125 0.717188 0.000711406
0 0.826563 0.78125 0.140625 0.145313 0.000951416
0 0.804297 0.657031 0.267969 0.442187 0.00114065
0 0.742969 0.802734 0.175 0.167969 0.00116887
0 0.223047 0.646484 0.247656 0.489844 0.00138937
0 0.226172 0.784375 0.269531 0.25625 0.00232439
0 0.847266 0.745313 0.236719 0.298438 0.00309158
0 0.805859 0.802344 0.261719 0.196875 0.00971429
