0 0.803516 0.469922 0.0898438 0.116406 0.00010063
0 0.300781 0.615625 0.142188 0.235938 0.000102255
0 0.0253906 0.864453 0.0507812 0.202344 0.000102404
0 0.302734 0.465625 0.157031 0.160938 0.000103755
0 0.257031 0.594922 0.0859375 0.0992187 0.000103808
0 0.976953 0.647266 0.0460938 0.527344 0.000106505
0 0.127734 0.560547 0.227344 0.603906 0.000109252
0 0.701172 0.323438 0.142969 0.154687 0.000110337
0 0.723047 0.834766 0.203906 0.167969 0.000114176
0 0.726953 0.280859 0.158594 0.188281 0.000125538
0 0.0171875 0.889844 0.034375 0.0921875 0.00012889
0 0.833203 0.400781 0.288281 0.459375 0.000135413
0 0.639063 0.506641 0.084375 0.107031 0.000138292
0 0.250391 0.293359 0.280469 0.258594 0.000141562
0 0.86875 0.519531 0.209375 0.595312 0.000143003
0 0.739062 0.762109 0.0890625 0.111719 0.000144965
0 0.757031 0.782422 0.0859375 0.0960938 0.000149778
0 0.786328 0.571484 0.142969 0.203906 0.000150076
0 0.641797 0.549219 0.116406 0.18125 0.000151819
0 0.730078 0.817578 0.299219 0.266406 0.000153365
0 0.264062 0.799609 0.104687 0.119531 0.000153603
0 0.679297 0.381641 0.278906 0.419531 0.000155629
0 0.328516 0.766406 0.289844 0.289062 0.000157027
0 0.71875 0.573438 0.182812 0.170312 0.000159611
0 0.840234 0.636328 0.108594 0.242969 0.000167987
0 0.278906 0.757422 0.0859375 0.0992187 0.000172524
0 0.175781 0.402734 0.148438 0.283594 0.000177408
0 0.676562 0.591797 0.0859375 0.102344 0.000180667
0 0.326953 0.403516 0.142969 0.242969 0.00018328
0 0.348047 0.448438 0.132031 0.171875 0.000191236
0 0.0308594 0.93125 0.0601562 0.125 0.000196638
0 0.782422 0.678125 0.147656 0.246875 0.000222421
0 0.201953 0.798437 0.138281 0.19375 0.000225305
0 0.201953 0.696875 0.130469 0.273438 0.00024734
0 0.824609 0.698047 0.138281 0.241406 0.00025088
0 0.769922 0.464063 0.157031 0.207813 0.000253161
0 0.698438 0.635156 0.139062 0.245312 0.000262573
0 0.345313 0.801953 0.189063 0.192969 0.000266961
0 0.371484 0.604297 0.124219 0.258594 0.000276103
0 0.833594 0.489453 0.140625 0.208594 0.000286603
0 0.179297 0.679688 0.292969 0.601562 0.00030155
0 0.376563 0.730078 0.146875 0.205469 0.000304944
0 0.28125 0.675781 0.139062 0.23125 0.000310725
0 0.658984 0.759375 0.147656 0.182812 0.000314532
0 0.204688 0.591406 0.140625 0.278125 0.000325028
0 0.821094 0.769141 0.298438 0.346094 0.000328606
0 0.841016 0.803516 0.183594 0.221094 0.000338635
0 0.803906 0.529297 0.090625 0.110156 0.000350013
0 0.757422 0.798828 0.127344 0.127344 0.000393507
0 0.341406 0.655469 0.126563 0.20625 0.000509277
0 0.282813 0.341016 0.146875 0.213281 0.000509934
0 0.254297 0.594922 0.128906 0.183594 0.000543233
0 0.234375 0.549609 0.139062 0.236719 0.000601645
0 0.271094 0.795313 0.176563 0.170312 0.000605606
0 0.261328 0.738281 0.127344 0.157813 0.00060565
0 0.219531 0.388281 0.142188 0.265625 0.00061249
0 0.341797 0.473828 0.171094 0.289844 0.0006564
0 0.676953 0.592969 0.125781 0.148438 0.000669881
0 0.707031 0.337891 0.201562 0.242969 0.000686652
0 0.776953 0.364453 0.164844 0.232031 0.000767068
0 0.237891 0.655078 0.139844 0.266406 0.000818475
0 0.342578 0.608203 0.167969 0.361719 0.000977764
0 0.175 0.560547 0.167187 0.411719 0.00100125
0 0.739844 0.722266 0.1375 0.211719 0.00120984
0 0.670703 0.387109 0.180469 0.255469 0.00125442
0 0.182422 0.467187 0.108594 0.2375 0.00130437
0 0.648047 0.488281 0.144531 0.21875 0.00136623
0 0.823828 0.40625 0.114844 0.245312 0.00137923
0 0.311328 0.294922 0.189844 0.191406 0.00158964
0 0.307422 0.763281 0.185156 0.189063 0.00160445
0 0.81875 0.571484 0.139062 0.280469 0.00165985
0 0.788672 0.509375 0.133594 0.176563 0.00189695
0 0.7625 0.800781 0.19375 0.173438 0.00214131
0 0.802734 0.7625 0.208594 0.220313 0.00274431
0 0.318359 0.462891 0.253906 0.430469 0.00292178
0 0.684766 0.717578 0.167969 0.252344 0.00294985
0 0.232812 0.753125 0.179688 0.23125 0.00309715
0 0.326562 0.705469 0.189063 0.242188 0.00322627
0 0.702734 0.647656 0.217969 0.395312 0.00335633
0 0.299219 0.598828 0.234375 0.488281 0.0035732
0 0.734766 0.401953 0.242969 0.308594 0.00379847
0 0.673047 0.538672 0.174219 0.272656 0.00407599
0 0.835938 0.636719 0.173438 0.475 0.00459458
0 0.207813 0.678516 0.178125 0.469531 0.00460201
0 0.730859 0.484375 0.289844 0.582812 0.0085647
0 0.271484 0.694922 0.224219 0.299219 0.00993991
0 0.723437 0.766797 0.2 0.203906 0.0103406
0 0.202734 0.478125 0.155469 0.365625 0.0122599
0 0.28125 0.363281 0.242188 0.3 0.0145529
0 0.775781 0.689844 0.234375 0.345313 0.0202945
0 0.805078 0.466016 0.146094 0.310156 0.0575993
0 0.790234 0.547656 0.199219 0.515625 0.102871
0 0.230859 0.546484 0.211719 0.580469 0.249109
