0 0.951563 0.688672 0.09375 0.622656 0.000100685
0 0.379687 0.439063 0.1875 0.4375 0.000101792
0 0.675 0.218359 0.173438 0.224219 0.000101835
0 0.654297 0.283984 0.116406 0.141406 0.000102167
0 0.973437 0.229687 0.053125 0.453125 0.000102345
0 0.636328 0.637891 0.132031 0.257031 0.000102737
0 0.237109 0.675391 0.0898438 0.108594 0.000103523
0 0.175781 0.528906 0.1375 0.335938 0.000105077
0 0.733203 0.720312 0.0648438 0.1125 0.000108041
0 0.321875 0.2375 0.1375 0.115625 0.000110001
0 0.0722656 0.0511719 0.139844 0.100781 0.000110419
0 0.371484 0.71875 0.152344 0.210938 0.000112015
0 0.603125 0.118359 0.18125 0.0945313 0.000113472
0 0.277734 0.447266 0.130469 0.227344 0.000114482
0 0.926953 0.0535156 0.146094 0.107031 0.000115043
0 0.71875 0.740625 0.084375 0.114063 0.000115761
0 0.824609 0.0464844 0.324219 0.0914062 0.000115862
0 0.58125 0.648047 0.195312 0.369531 0.000117731
0 0.296484 0.635547 0.0789063 0.113281 0.000118288
0 0.732031 0.676172 0.0625 0.110156 0.000120235
0 0.219922 0.513281 0.0867188 0.201562 0.000122822
0 0.160547 0.733984 0.0726563 0.0992187 0.000124675
0 0.751562 0.596484 0.101562 0.208594 0.000127795
0 0.642969 0.150781 0.189063 0.157813 0.000131147
0 0.685547 0.0300781 0.338281 0.0601562 0.000131714
0 0.620703 0.26875 0.142969 0.173438 0.000133973
0 0.217578 0.616406 0.0867188 0.110937 0.000136601
0 0.651172 0.427734 0.0820312 0.102344 0.000136724
0 0.676953 0.323828 0.124219 0.160156 0.000137175
0 0.657422 0.196875 0.116406 0.142188 0.000139418
0 0.719531 0.698047 0.071875 0.110156 0.000140534
0 0.594922 0.619141 0.308594 0.507031 0.000141298
0 0.764453 0.814453 0.147656 0.200781 0.000142552
0 0.200391 0.638672 0.0789063 0.110156 0.000148622
0 0.258984 0.594531 0.0835937 0.1 0.000149538
0 0.237891 0.637109 0.0867188 0.111719 0.000150488
0 0.189453 0.748047 0.155469 0.157031 0.000154222
0 0.30625 0.749219 0.23125 0.198437 0.000156962
0 0.735547 0.428125 0.0617188 0.107813 0.00016074
0 0.280859 0.285937 0.0695312 0.08125 0.000163837
0 0.294922 0.404687 0.0726563 0.0828125 0.000166124
0 0.889844 0.0359375 0.220313 0.071875 0.000191651
0 0.570703 0.175 0.166406 0.175 0.00019558
0 0.357812 0.234375 0.142188 0.153125 0.000199541
0 0.273828 0.0476562 0.446094 0.0921875 0.000203279
0 0.375781 0.646875 0.178125 0.314063 0.000205482
0 0.187109 0.633984 0.272656 0.385156 0.000207763
0 0.239453 0.450391 0.0960938 0.241406 0.000210359
0 0.626562 0.402344 0.126563 0.248437 0.00021168
0 0.659375 0.553516 0.134375 0.271094 0.000212442
0 0.883594 0.0683594 0.214062 0.136719 0.000216645
0 0.751172 0.679297 0.107031 0.213281 0.000219373
0 0.719141 0.619531 0.0757812 0.115625 0.000233308
0 0.675 0.466797 0.128125 0.164844 0.000235944
0 0.217578 0.657812 0.0882813 0.110937 0.000237154
0 0.639453 0.450781 0.0648438 0.104687 0.000245413
0 0.71875 0.407422 0.103125 0.182031 0.000248952
0 0.197656 0.680859 0.0875 0.116406 0.00024928
0 0.202734 0.555469 0.0929687 0.204688 0.000260399
0 0.972266 0.478906 0.0554687 0.66875 0.000264147
0 0.698047 0.491406 0.130469 0.248437 0.000282279
0 0.625391 0.213672 0.158594 0.202344 0.000284479
0 0.101562 0.0320312 0.203125 0.0640625 0.000301082
0 0.733594 0.554688 0.0875 0.196875 0.000312967
0 0.251172 0.402734 0.303906 0.547656 0.000316311
0 0.629687 0.479297 0.1125 0.250781 0.000318064
0 0.19375 0.0714844 0.371875 0.142969 0.000320301
0 0.7875 0.604688 0.170312 0.46875 0.000347111
0 0.337891 0.281641 0.171094 0.217969 0.000373207
0 0.639453 0.466406 0.0867188 0.159375 0.00038859
0 0.700781 0.776172 0.139062 0.186719 0.000391016
0 0.719531 0.655469 0.0703125 0.107813 0.000414625
0 0.260156 0.325391 0.06875 0.105469 0.000419938
0 0.735547 0.449219 0.0820312 0.19375 0.000452469
0 0.321484 0.692578 0.302344 0.319531 0.000454198
0 0.296094 0.382422 0.115625 0.141406 0.000463104
0 0.280859 0.6125 0.0789063 0.1 0.000492725
0 0.275391 0.404297 0.0945313 0.108594 0.000513683
0 0.179297 0.716797 0.0945313 0.111719 0.000523685
0 0.255859 0.557031 0.133594 0.278125 0.000528164
0 0.65625 0.428516 0.115625 0.188281 0.000543456
0 0.144141 0.046875 0.283594 0.0921875 0.000543593
0 0.282031 0.291797 0.096875 0.128906 0.000546843
0 0.648828 0.314063 0.160156 0.248437 0.000554816
0 0.746094 0.80625 0.0828125 0.167187 0.000578631
0 0.597656 0.759375 0.182812 0.185937 0.000580982
0 0.627344 0.566797 0.170312 0.446094 0.000647049
0 0.187109 0.614844 0.110156 0.26875 0.000678896
0 0.732422 0.719922 0.0976562 0.208594 0.000790554
0 0.701563 0.659766 0.117188 0.202344 0.000898028
0 0.338672 0.562891 0.211719 0.461719 0.00103032
0 0.336719 0.684766 0.16875 0.232031 0.00118852
0 0.656641 0.441406 0.178906 0.415625 0.00124272
0 0.702344 0.575781 0.121875 0.289062 0.00126286
0 0.250391 0.389453 0.0898438 0.169531 0.0014124
0 0.621875 0.696875 0.1875 0.2375 0.00142928
0 0.220703 0.599219 0.116406 0.207813 0.00168422
0 0.307813 0.396484 0.20625 0.388281 0.00177042
0 0.73125 0.6375 0.0890625 0.23125 0.00180251
0 0.241797 0.450781 0.130469 0.367188 0.00187001
0 0.296094 0.616406 0.1125 0.214062 0.00211345
0 0.725391 0.481641 0.128906 0.369531 0.00214252
0 0.689062 0.400781 0.159375 0.271875 0.00258519
0 0.240234 0.708984 0.225781 0.196094 0.0026521
0 0.296875 0.330469 0.159375 0.220313 0.00280531
0 0.661719 0.739453 0.192188 0.192969 0.00283481
0 0.269922 0.357422 0.103906 0.172656 0.002931
0 0.677344 0.750391 0.290625 0.297656 0.00305072
0 0.732422 0.770703 0.133594 0.255469 0.00386938
0 0.742578 0.566016 0.111719 0.386719 0.00394154
0 0.663672 0.650391 0.197656 0.344531 0.00435262
0 0.202734 0.678906 0.141406 0.185937 0.00520804
0 0.676562 0.55 0.278125 0.60625 0.00599717
0 0.212891 0.530078 0.125781 0.427344 0.00614388
0 0.293359 0.648828 0.182031 0.230469 0.00892417
0 0.723437 0.647656 0.11875 0.357812 0.0174079
0 0.696484 0.711719 0.175781 0.290625 0.0432472
0 0.271094 0.521094 0.214062 0.482812 0.065428
0 0.69375 0.557031 0.165625 0.485938 0.0679149
0 0.237109 0.634375 0.186719 0.270312 0.0716341
