0 0.328906 0.276172 0.115625 0.164844 0.000100896
0 0.799609 0.383984 0.0789063 0.111719 0.000102688
0 0.0535156 0.558984 0.107031 0.785156 0.000103563
0 0.639453 0.572266 0.121094 0.163281 0.000105702
0 0.394531 0.464063 0.125 0.260938 0.000109971
0 0.309375 0.620703 0.178125 0.149219 0.000112896
0 0.382422 0.555469 0.0960938 0.139062 0.000113038
0 0.736719 0.591016 0.282813 0.289844 0.000114943
0 0.767578 0.402734 0.102344 0.174219 0.000117569
0 0.817969 0.613672 0.0828125 0.107031 0.000118544
0 0.675 0.369141 0.114063 0.157031 0.000125972
0 0.3125 0.339063 0.0796875 0.1 0.000126337
0 0.065625 0.0613281 0.129688 0.122656 0.000131108
0 0.744141 0.360938 0.113281 0.148438 0.00013231
0 0.0257812 0.398047 0.0484375 0.430469 0.000136996
0 0.21875 0.0953125 0.4375 0.185937 0.000139044
0 0.285547 0.05625 0.411719 0.1125 0.000141416
0 0.314063 0.488672 0.109375 0.214844 0.000143146
0 0.308984 0.242188 0.0960938 0.121875 0.000143254
0 0.323438 0.0335938 0.245312 0.0671875 0.000146099
0 0.749609 0.312109 0.146094 0.185156 0.000151344
0 0.739062 0.285937 0.0875 0.0875 0.000152693
0 0.0515625 0.271094 0.103125 0.501562 0.000152751
0 0.323047 0.392969 0.141406 0.278125 0.000154924
0 0.780859 0.284766 0.0648438 0.0820312 0.000157922
0 0.283984 0.308594 0.0804688 0.1125 0.00015874
0 0.817969 0.555859 0.0890625 0.182031 0.000162536
0 0.69375 0.479297 0.1625 0.297656 0.000162593
0 0.781641 0.624219 0.0851562 0.090625 0.000167055
0 0.319141 0.537109 0.277344 0.355469 0.000175105
0 0.795313 0.34375 0.075 0.107813 0.00017612
0 0.294922 0.425 0.0992187 0.195312 0.000179644
0 0.813672 0.46875 0.0929687 0.270312 0.000191431
0 0.699219 0.619922 0.182812 0.141406 0.000203483
0 0.0730469 0.126563 0.146094 0.253125 0.000210315
0 0.0289063 0.233594 0.0546875 0.45 0.000223032
0 0.767578 0.339453 0.0742188 0.100781 0.000226449
0 0.739453 0.301562 0.0648438 0.065625 0.000228823
0 0.764844 0.301172 0.0671875 0.0820312 0.00023496
0 0.760938 0.691797 0.0640625 0.121094 0.000242162
0 0.755469 0.661719 0.123438 0.1625 0.000243115
0 0.140234 0.0675781 0.280469 0.133594 0.000287074
0 0.25625 0.626562 0.078125 0.125 0.000291439
0 0.395703 0.563281 0.130469 0.204688 0.000318977
0 0.264844 0.320703 0.090625 0.182031 0.00032422
0 0.744141 0.316016 0.0898438 0.114844 0.000340888
0 0.278906 0.383203 0.0796875 0.111719 0.000346444
0 0.313672 0.360156 0.113281 0.167187 0.000379362
0 0.266797 0.423828 0.0914062 0.236719 0.000406979
0 0.796094 0.596094 0.0890625 0.1 0.000425802
0 0.676953 0.550781 0.127344 0.167187 0.000453773
0 0.739062 0.441016 0.210938 0.447656 0.000454998
0 0.756641 0.372656 0.157031 0.220313 0.000468138
0 0.332031 0.440234 0.189063 0.416406 0.000477732
0 0.280078 0.508594 0.102344 0.229687 0.000501535
0 0.778906 0.304688 0.084375 0.146875 0.000569309
0 0.805859 0.541406 0.135156 0.257812 0.000663268
0 0.680078 0.597266 0.122656 0.122656 0.000867205
0 0.273047 0.595703 0.111719 0.167969 0.000916067
0 0.800781 0.625391 0.128125 0.144531 0.000948741
0 0.28125 0.345703 0.0796875 0.113281 0.000990752
0 0.764063 0.607422 0.0875 0.0851562 0.00103122
0 0.798437 0.390625 0.1 0.23125 0.00115819
0 0.340625 0.572656 0.182812 0.153125 0.00116978
0 0.780469 0.349609 0.0984375 0.166406 0.00122897
0 0.304688 0.309766 0.117188 0.185156 0.00208943
0 0.75 0.601953 0.145313 0.117969 0.00230976
0 0.739844 0.569531 0.189063 0.175 0.00246619
0 0.294922 0.548047 0.153906 0.221094 0.00308146
0 0.285156 0.434375 0.135937 0.34375 0.00395147
0 0.789453 0.460156 0.127344 0.365625 0.00406379
0 0.785937 0.587891 0.139062 0.153906 0.00719152
0 0.28125 0.360547 0.104687 0.228906 0.0123131
