0 0.791016 0.392188 0.350781 0.779688 0.000102168
0 0.776563 0.791797 0.151562 0.189844 0.000102292
0 0.283594 0.221484 0.0390625 0.0570313 0.000102955
0 0.649219 0.482812 0.151562 0.2875 0.000106147
0 0.225391 0.595312 0.196094 0.201562 0.00011655
0 0.703125 0.295703 0.279687 0.392969 0.000120143
0 0.618359 0.773047 0.114844 0.130469 0.000121857
0 0.571875 0.628125 0.353125 0.620313 0.000125765
0 0.652344 0.576563 0.134375 0.2625 0.000132815
0 0.617578 0.2875 0.327344 0.451562 0.000141225
0 0.788281 0.402344 0.21875 0.6125 0.000143972
0 0.83125 0.690625 0.171875 0.364062 0.000151589
0 0.780469 0.576172 0.125 0.192969 0.000151871
0 0.378906 0.535547 0.173438 0.199219 0.000162194
0 0.677734 0.638672 0.139844 0.258594 0.000165599
0 0.616406 0.966797 0.210938 0.0664062 0.000170877
0 0.642969 0.699609 0.140625 0.246094 0.000176043
0 0.241406 0.860547 0.375 0.278906 0.000178611
0 0.383984 0.216406 0.385156 0.417188 0.000180741
0 0.810547 0.759766 0.139844 0.235156 0.000181139
0 0.608984 0.908594 0.422656 0.182812 0.000187483
0 0.303125 0.517969 0.235938 0.203125 0.000193404
0 0.529688 0.451562 0.392188 0.592188 0.000196525
0 0.285156 0.558203 0.153125 0.203906 0.000234449
0 0.940234 0.198828 0.117969 0.397656 0.000239867
0 0.208594 0.608594 0.296875 0.28125 0.000248709
0 0.319531 0.676172 0.282813 0.208594 0.000251297
0 0.796875 0.680469 0.129688 0.276563 0.000251801
0 0.410547 0.470313 0.178906 0.234375 0.000254237
0 0.3625 0.932422 0.21875 0.135156 0.000266809
0 0.771094 0.489062 0.1625 0.40625 0.000271218
0 0.905078 0.287109 0.188281 0.574219 0.000291079
0 0.304297 0.757812 0.325781 0.407813 0.000298327
0 0.353906 0.899609 0.334375 0.200781 0.000298965
0 0.657422 0.473437 0.207031 0.45 0.000341513
0 0.4875 0.306641 0.360938 0.542969 0.000383474
0 0.798828 0.569531 0.132031 0.303125 0.000404849
0 0.389062 0.612109 0.339063 0.363281 0.00046606
0 0.305078 0.404687 0.321094 0.534375 0.00047736
0 0.7625 0.611328 0.114063 0.128906 0.00049198
0 0.640234 0.941406 0.338281 0.1125 0.000543469
0 0.694922 0.698828 0.149219 0.217969 0.000547198
0 0.757422 0.660937 0.138281 0.253125 0.000590338
0 0.303906 0.609766 0.153125 0.208594 0.000653953
0 0.250781 0.5375 0.290625 0.3125 0.000795066
0 0.717969 0.483203 0.265625 0.614844 0.000891978
0 0.657812 0.748438 0.221875 0.248437 0.00118225
0 0.657422 0.616016 0.189844 0.392969 0.00159923
0 0.383984 0.612109 0.202344 0.261719 0.00188218
0 0.762891 0.613281 0.197656 0.410937 0.00223696
0 0.342969 0.575391 0.148438 0.191406 0.0024856
0 0.765625 0.733984 0.196875 0.280469 0.00315122
0 0.260938 0.669922 0.33125 0.344531 0.00421425
0 0.344531 0.521484 0.246875 0.310156 0.00521645
0 0.707031 0.701953 0.253125 0.289844 0.0494193
0 0.308203 0.599219 0.291406 0.275 0.32195
