0 0.598047 0.530078 0.0742188 0.108594 0.000101113
0 0.616016 0.105469 0.397656 0.210938 0.00010349
0 0.280859 0.576172 0.0851562 0.105469 0.000105524
0 0.258984 0.59375 0.0882813 0.109375 0.000106079
0 0.296875 0.403516 0.0984375 0.136719 0.000106735
0 0.720312 0.819141 0.08125 0.111719 0.000107776
0 0.724609 0.0464844 0.321094 0.0929687 0.00010806
0 0.679688 0.715234 0.0890625 0.105469 0.000108462
0 0.700781 0.799609 0.0859375 0.114844 0.000109383
0 0.387891 0.548828 0.125781 0.217969 0.000115758
0 0.300781 0.594141 0.0875 0.111719 0.000116331
0 0.39375 0.222266 0.189063 0.316406 0.000120188
0 0.580078 0.572656 0.133594 0.207813 0.000122085
0 0.689062 0.367969 0.05625 0.0984375 0.000124388
0 0.653906 0.471875 0.109375 0.157813 0.000125819
0 0.700391 0.760938 0.0835937 0.1125 0.000127151
0 0.670703 0.492578 0.117969 0.246094 0.000127272
0 0.199609 0.656641 0.0898438 0.0976562 0.000132527
0 0.386719 0.612891 0.117188 0.189844 0.000134188
0 0.700391 0.486719 0.138281 0.50625 0.000134224
0 0.528125 0.389844 0.259375 0.328125 0.000139663
0 0.698047 0.437109 0.0539063 0.128906 0.000140557
0 0.244922 0.442187 0.128906 0.276563 0.000144527
0 0.203125 0.710156 0.253125 0.204688 0.000144755
0 0.246484 0.362109 0.0867188 0.136719 0.000147169
0 0.699609 0.486719 0.0929687 0.348437 0.000148647
0 0.596094 0.289453 0.153125 0.135156 0.000155162
0 0.613281 0.550391 0.0796875 0.108594 0.000155467
0 0.729297 0.0253906 0.264844 0.0507812 0.000159533
0 0.697656 0.638672 0.078125 0.116406 0.000162155
0 0.373437 0.48125 0.165625 0.3875 0.000170274
0 0.633203 0.335547 0.0773437 0.0929687 0.000171464
0 0.678906 0.658203 0.0890625 0.114844 0.000173847
0 0.984375 0.738672 0.03125 0.255469 0.000175808
0 0.300391 0.360547 0.114844 0.138281 0.00017588
0 0.976953 0.612109 0.0460938 0.455469 0.000177075
0 0.532422 0.0558594 0.352344 0.110156 0.000183634
0 0.260938 0.404297 0.0890625 0.128906 0.000185322
0 0.175391 0.646094 0.110156 0.182812 0.00018741
0 0.736719 0.851562 0.1875 0.267188 0.000188795
0 0.599609 0.515625 0.108594 0.201562 0.000197213
0 0.466406 0.203906 0.2375 0.370313 0.000200968
0 0.426562 0.03125 0.16875 0.0625 0.000207189
0 0.615234 0.451172 0.127344 0.263281 0.000211946
0 0.905859 0.851172 0.180469 0.296094 0.000212323
0 0.268359 0.753125 0.314844 0.303125 0.000230417
0 0.566406 0.2875 0.226562 0.2375 0.00023178
0 0.353516 0.289844 0.158594 0.159375 0.000239094
0 0.691016 0.407422 0.0539063 0.107031 0.000248614
0 0.441797 0.120703 0.221094 0.236719 0.000251018
0 0.966797 0.878516 0.0664062 0.242969 0.000255869
0 0.738672 0.649609 0.110156 0.396094 0.000261093
0 0.607422 0.782422 0.296094 0.332031 0.000279539
0 0.672266 0.348828 0.0632813 0.0898438 0.000280141
0 0.617578 0.414453 0.277344 0.414844 0.000281582
0 0.514453 0.271875 0.239844 0.428125 0.000298981
0 0.616406 0.316797 0.0890625 0.0929687 0.000304205
0 0.981641 0.839453 0.0367187 0.213281 0.000306331
0 0.2625 0.385938 0.120312 0.2125 0.000310182
0 0.601562 0.717578 0.159375 0.192969 0.000325313
0 0.718359 0.738672 0.0710938 0.107031 0.000357962
0 0.283203 0.321094 0.111719 0.117188 0.000359992
0 0.952344 0.650391 0.0859375 0.644531 0.000361576
0 0.677344 0.385547 0.0625 0.116406 0.000372552
0 0.720312 0.781641 0.0765625 0.116406 0.000373523
0 0.439453 0.05625 0.200781 0.109375 0.00038067
0 0.699219 0.679297 0.0875 0.119531 0.000428371
0 0.282422 0.542188 0.210156 0.207813 0.000433417
0 0.317969 0.673828 0.195312 0.172656 0.000450064
0 0.258203 0.673437 0.152344 0.15 0.000454836
0 0.741016 0.717188 0.299219 0.423438 0.000454976
0 0.924609 0.712891 0.149219 0.574219 0.000456061
0 0.345703 0.513672 0.132031 0.233594 0.000480654
0 0.674609 0.398438 0.0914062 0.173438 0.000482192
0 0.635547 0.298828 0.105469 0.0992187 0.000554477
0 0.659375 0.361719 0.09375 0.1375 0.000566176
0 0.657031 0.579297 0.134375 0.199219 0.00066531
0 0.715625 0.699609 0.0734375 0.114844 0.000704483
0 0.633984 0.516406 0.125781 0.25625 0.000717961
0 0.314453 0.325 0.152344 0.15 0.00076205
0 0.728125 0.742188 0.084375 0.2 0.000801286
0 0.310156 0.675781 0.290625 0.301562 0.000855118
0 0.334375 0.389062 0.18125 0.290625 0.000858896
0 0.611328 0.774609 0.202344 0.227344 0.00089181
0 0.20625 0.672266 0.160938 0.152344 0.000907725
0 0.591406 0.639844 0.14375 0.246875 0.00102017
0 0.652734 0.393359 0.135156 0.258594 0.00118722
0 0.597656 0.370313 0.164062 0.232812 0.00120013
0 0.31875 0.631641 0.140625 0.192969 0.00125147
0 0.94375 0.805469 0.1125 0.389062 0.00131683
0 0.244922 0.578516 0.149219 0.188281 0.00153507
0 0.719141 0.798437 0.116406 0.175 0.00155185
0 0.973047 0.773047 0.0539063 0.435156 0.00176315
0 0.639063 0.676562 0.179688 0.195312 0.00186603
0 0.616797 0.576563 0.127344 0.254687 0.00207343
0 0.303516 0.577344 0.144531 0.176563 0.00213693
0 0.2125 0.610156 0.164062 0.21875 0.00220066
0 0.619141 0.325 0.142969 0.148438 0.00220401
0 0.706641 0.614844 0.119531 0.334375 0.00391875
0 0.714063 0.677734 0.0921875 0.213281 0.00416757
0 0.277734 0.6125 0.149219 0.185937 0.00464297
0 0.619141 0.482812 0.177344 0.4375 0.00489749
0 0.334375 0.567969 0.182812 0.260938 0.00494541
0 0.676953 0.638281 0.136719 0.25 0.00808196
0 0.683203 0.794531 0.194531 0.235938 0.00921501
0 0.251172 0.674609 0.239844 0.197656 0.0102444
0 0.292578 0.494141 0.247656 0.397656 0.0120042
0 0.708984 0.730469 0.124219 0.278125 0.0201907
0 0.646484 0.579297 0.185156 0.372656 0.0476273
0 0.658984 0.695703 0.200781 0.330469 0.118548
0 0.275781 0.612891 0.248437 0.235156 0.260389
