0 0.196094 0.594141 0.0859375 0.107031 0.000100425
0 0.0585938 0.449609 0.117188 0.689844 0.000102335
0 0.798828 0.594531 0.0882813 0.1125 0.00010765
0 0.375781 0.231641 0.107813 0.166406 0.000110274
0 0.677734 0.428125 0.121094 0.232812 0.000113342
0 0.0167969 0.444141 0.0335938 0.260156 0.000114964
0 0.798828 0.449219 0.111719 0.24375 0.000120747
0 0.336719 0.569141 0.139062 0.228906 0.00012153
0 0.717188 0.301953 0.139062 0.177344 0.000121641
0 0.375781 0.355078 0.1625 0.364844 0.000125094
0 0.259375 0.605469 0.14375 0.164062 0.000130667
0 0.752734 0.319531 0.133594 0.178125 0.000130956
0 0.377344 0.312891 0.117188 0.210156 0.000136048
0 0.814453 0.541797 0.283594 0.403906 0.000140571
0 0.106641 0.389844 0.171094 0.48125 0.000142754
0 0.0253906 0.771484 0.0476562 0.363281 0.000143568
0 0.392188 0.621094 0.14375 0.240625 0.000151203
0 0.290234 0.275 0.152344 0.18125 0.000158683
0 0.717188 0.364062 0.146875 0.184375 0.000163921
0 0.349219 0.641797 0.145313 0.172656 0.000166214
0 0.675 0.555469 0.0859375 0.109375 0.000167069
0 0.296875 0.550781 0.0875 0.114063 0.000167493
0 0.172266 0.524609 0.135156 0.363281 0.000175227
0 0.696484 0.253125 0.183594 0.203125 0.000177283
0 0.759766 0.389062 0.130469 0.232812 0.000178414
0 0.759766 0.594922 0.0882813 0.102344 0.000181336
0 0.0429688 0.318359 0.0859375 0.452344 0.000185106
0 0.633984 0.593359 0.128906 0.205469 0.00019616
0 0.610937 0.5375 0.117188 0.234375 0.000200214
0 0.219531 0.385938 0.125 0.164062 0.000206956
0 0.716406 0.451562 0.140625 0.264062 0.000208848
0 0.318359 0.242969 0.128906 0.1375 0.000244936
0 0.278516 0.514453 0.0835937 0.110156 0.000258911
0 0.760156 0.472656 0.142188 0.26875 0.000267583
0 0.015625 0.362891 0.03125 0.271094 0.000268904
0 0.800391 0.632031 0.149219 0.173438 0.000286124
0 0.674219 0.342969 0.140625 0.171875 0.000299607
0 0.650391 0.278125 0.158594 0.234375 0.000325908
0 0.632031 0.478125 0.198437 0.5 0.000358543
0 0.178906 0.593359 0.10625 0.163281 0.000361597
0 0.700781 0.588281 0.15 0.15625 0.000362809
0 0.828516 0.567187 0.146094 0.292188 0.000377697
0 0.658594 0.492578 0.134375 0.257031 0.00039671
0 0.752344 0.369141 0.182812 0.349219 0.000530404
0 0.242188 0.365234 0.189063 0.289844 0.000534984
0 0.0265625 0.608984 0.046875 0.497656 0.000568586
0 0.368359 0.433984 0.205469 0.596094 0.000593629
0 0.284766 0.471484 0.144531 0.266406 0.000611865
0 0.0390625 0.604297 0.075 0.686719 0.000635277
0 0.682422 0.326172 0.199219 0.274219 0.000706962
0 0.272656 0.617969 0.267188 0.259375 0.000822002
0 0.342578 0.286719 0.157031 0.234375 0.000838396
0 0.316406 0.513672 0.14375 0.210156 0.000917225
0 0.262891 0.553125 0.0851562 0.114063 0.000922786
0 0.702344 0.619141 0.273438 0.224219 0.000960378
0 0.7 0.512109 0.146875 0.224219 0.000963941
0 0.242188 0.492578 0.145313 0.267969 0.00103036
0 0.778906 0.532031 0.139062 0.239063 0.00111159
0 0.742188 0.552734 0.146875 0.185156 0.00137135
0 0.206641 0.592578 0.169531 0.210156 0.00142433
0 0.0308594 0.433203 0.0585938 0.592969 0.0014667
0 0.663281 0.362891 0.225 0.489844 0.00164968
0 0.776953 0.594141 0.164844 0.174219 0.00283173
0 0.79375 0.482812 0.16875 0.4 0.00311049
0 0.214844 0.482031 0.192188 0.401563 0.00329834
0 0.667188 0.559375 0.184375 0.214062 0.00578098
0 0.325 0.523438 0.21875 0.30625 0.00590681
0 0.282813 0.551562 0.139062 0.179688 0.0117678
0 0.740234 0.544922 0.249219 0.272656 0.0449054
0 0.260156 0.54375 0.221875 0.267188 0.0794666
0 0.714063 0.441797 0.264062 0.466406 0.135341
0 0.279297 0.443359 0.253906 0.467969 0.192827
