0 0.76875 0.721094 0.09375 0.215625 0.000100114
0 0.263281 0.633984 0.0796875 0.114844 0.000100618
0 0.342969 0.887109 0.15 0.203906 0.000101423
0 0.151172 0.308984 0.263281 0.338281 0.000101973
0 0.616406 0.376953 0.090625 0.105469 0.000102279
0 0.676172 0.822656 0.0914062 0.10625 0.000103076
0 0.362891 0.402344 0.207031 0.24375 0.000103849
0 0.626562 0.648047 0.123438 0.228906 0.000105918
0 0.704687 0.855469 0.090625 0.103125 0.000110503
0 0.146484 0.448828 0.277344 0.666406 0.000113249
0 0.892187 0.0382813 0.215625 0.0703125 0.000115041
0 0.242188 0.963281 0.167187 0.071875 0.000115582
0 0.232422 0.801172 0.0789063 0.108594 0.000119834
0 0.660937 0.698047 0.128125 0.233594 0.000121396
0 0.5625 0.796875 0.382812 0.351562 0.000121517
0 0.304297 0.510938 0.110156 0.214062 0.000122185
0 0.699219 0.476172 0.071875 0.0992187 0.000122345
0 0.363672 0.568359 0.0898438 0.103906 0.00012484
0 0.265625 0.571875 0.065625 0.101562 0.000125026
0 0.73125 0.493359 0.05625 0.0773437 0.000131889
0 0.407422 0.796484 0.252344 0.266406 0.000133493
0 0.541797 0.18125 0.488281 0.3625 0.000135928
0 0.627734 0.736719 0.157031 0.282813 0.000136693
0 0.712109 0.182031 0.453906 0.359375 0.000137152
0 0.916797 0.121484 0.164844 0.242969 0.000140641
0 0.695703 0.584375 0.286719 0.617188 0.000143226
0 0.74375 0.526172 0.0640625 0.111719 0.000143639
0 0.720703 0.637891 0.0867188 0.107031 0.00014414
0 0.465234 0.127734 0.444531 0.242969 0.000148246
0 0.701563 0.501562 0.114063 0.151562 0.000153473
0 0.368359 0.0683594 0.436719 0.136719 0.000153546
0 0.268359 0.229297 0.250781 0.385156 0.000155381
0 0.624609 0.428906 0.130469 0.190625 0.000155919
0 0.0726563 0.0632813 0.145313 0.123438 0.000163024
0 0.703125 0.616797 0.109375 0.167969 0.00016819
0 0.225781 0.0601562 0.403125 0.120312 0.000170362
0 0.379687 0.425391 0.0828125 0.108594 0.00017127
0 0.185937 0.189844 0.259375 0.353125 0.000174924
0 0.1125 0.230078 0.225 0.399219 0.000178102
0 0.702734 0.742578 0.161719 0.222656 0.000189353
0 0.381641 0.568359 0.241406 0.428906 0.000191383
0 0.341797 0.554297 0.0992187 0.107031 0.000195353
0 0.930469 0.0605469 0.139062 0.121094 0.000203618
0 0.259375 0.741016 0.117188 0.205469 0.000206307
0 0.544922 0.0691406 0.416406 0.138281 0.000207226
0 0.216016 0.69375 0.163281 0.379687 0.000209316
0 0.278906 0.592578 0.0828125 0.113281 0.000238915
0 0.782031 0.882422 0.0921875 0.142969 0.000240095
0 0.282031 0.557813 0.075 0.1 0.000247609
0 0.211719 0.933203 0.101562 0.132031 0.000250766
0 0.358203 0.182422 0.417969 0.364844 0.000258201
0 0.760547 0.807813 0.0789063 0.115625 0.000267013
0 0.743359 0.569141 0.0773437 0.196094 0.000268791
0 0.318359 0.559766 0.0757812 0.0867188 0.000269516
0 0.376172 0.850391 0.147656 0.177344 0.000269855
0 0.797266 0.109375 0.374219 0.215625 0.000283205
0 0.0976562 0.0320312 0.195312 0.0625 0.000287056
0 0.760156 0.873828 0.0890625 0.105469 0.000291803
0 0.249609 0.553125 0.227344 0.479688 0.000304635
0 0.280469 0.803906 0.165625 0.19375 0.000304817
0 0.378516 0.648828 0.138281 0.352344 0.000321979
0 0.625781 0.125 0.4375 0.245312 0.000322775
0 0.722656 0.519922 0.078125 0.127344 0.000327499
0 0.322266 0.762891 0.164844 0.182031 0.000338663
0 0.264844 0.386328 0.403125 0.614844 0.000347736
0 0.305078 0.480469 0.217969 0.31875 0.000349332
0 0.7125 0.493359 0.06875 0.0882813 0.000354536
0 0.723828 0.881641 0.185156 0.153906 0.000369963
0 0.236719 0.801953 0.0984375 0.178906 0.000370854
0 0.749609 0.842188 0.294531 0.278125 0.000375842
0 0.2625 0.943359 0.214062 0.113281 0.000379073
0 0.351953 0.470703 0.172656 0.239844 0.000444892
0 0.196094 0.789062 0.165625 0.3875 0.000448881
0 0.609375 0.407422 0.0859375 0.0992187 0.000450074
0 0.294141 0.675781 0.122656 0.25 0.000460603
0 0.710938 0.0648438 0.4125 0.129688 0.000470372
0 0.439453 0.636719 0.466406 0.678125 0.000476606
0 0.704687 0.676562 0.128125 0.228125 0.000534517
0 0.134766 0.117578 0.267969 0.233594 0.00055313
0 0.721094 0.828906 0.0890625 0.096875 0.000554086
0 0.736328 0.638672 0.0960938 0.172656 0.000563583
0 0.858984 0.0585938 0.282031 0.117188 0.000574207
0 0.223828 0.865625 0.0960938 0.210938 0.000578109
0 0.379297 0.733203 0.117969 0.235156 0.000590463
0 0.302344 0.573438 0.0734375 0.084375 0.000596691
0 0.338672 0.568359 0.161719 0.250781 0.000601901
0 0.675391 0.5625 0.180469 0.390625 0.000618895
0 0.246094 0.676953 0.115625 0.264844 0.000621246
0 0.285156 0.125 0.401563 0.25 0.000680003
0 0.374219 0.812109 0.109375 0.135156 0.000713902
0 0.751953 0.714844 0.280469 0.476562 0.000746302
0 0.128516 0.0507812 0.257031 0.101562 0.000826815
0 0.738281 0.700391 0.109375 0.217969 0.000915506
0 0.778906 0.730859 0.11875 0.424219 0.000925643
0 0.250391 0.719922 0.283594 0.508594 0.00092845
0 0.199609 0.273828 0.352344 0.503906 0.000951081
0 0.330078 0.922266 0.241406 0.153906 0.00100733
0 0.640625 0.823828 0.123438 0.150781 0.00118661
0 0.757812 0.780859 0.101562 0.211719 0.00128391
0 0.779688 0.813672 0.103125 0.216406 0.00130174
0 0.346094 0.814453 0.16875 0.196094 0.00148884
0 0.771484 0.846484 0.0773437 0.113281 0.0014939
0 0.239844 0.915625 0.139062 0.164062 0.00156153
0 0.305078 0.569141 0.117969 0.138281 0.0016116
0 0.659766 0.783984 0.171094 0.227344 0.00195198
0 0.701172 0.775391 0.260156 0.324219 0.00200958
0 0.741797 0.842969 0.0898438 0.096875 0.00298469
0 0.729688 0.618359 0.110937 0.299219 0.00315448
0 0.322266 0.795703 0.222656 0.297656 0.00390594
0 0.274609 0.614062 0.121094 0.226562 0.00419617
0 0.238281 0.809375 0.134375 0.328125 0.00468192
0 0.323828 0.630859 0.214844 0.447656 0.00475619
0 0.70625 0.648438 0.170312 0.454688 0.00660696
0 0.684766 0.845312 0.202344 0.151562 0.00856758
0 0.289062 0.880469 0.232812 0.239063 0.0129997
0 0.750781 0.850391 0.132812 0.138281 0.0259522
0 0.270312 0.714844 0.153125 0.385938 0.0265602
0 0.735156 0.719531 0.140625 0.342187 0.0430469
0 0.723828 0.804688 0.171094 0.21875 0.0439474
