0 0.750391 0.44375 0.107031 0.190625 0.000100091
0 0.296875 0.612109 0.11875 0.183594 0.000106977
0 0.0472656 0.648047 0.0945313 0.485156 0.000109187
0 0.305078 0.791797 0.0898438 0.0976562 0.000115601
0 0.802344 0.396484 0.140625 0.227344 0.000117464
0 0.396875 0.363672 0.2875 0.322656 0.000119028
0 0.678516 0.795313 0.139844 0.15 0.000122809
0 0.714844 0.326562 0.15 0.165625 0.000125623
0 0.313672 0.445703 0.122656 0.221094 0.000132968
0 0.292969 0.55 0.114063 0.204688 0.000137445
0 0.0269531 0.6 0.0539063 0.232812 0.000141187
0 0.257812 0.366797 0.16875 0.280469 0.000144252
0 0.389844 0.301562 0.0859375 0.103125 0.00014657
0 0.627344 0.288281 0.110937 0.1125 0.000151861
0 0.296484 0.40625 0.0835937 0.114063 0.000156725
0 0.841016 0.835156 0.135156 0.129688 0.000157201
0 0.248828 0.592969 0.0757812 0.101562 0.000158159
0 0.716406 0.295312 0.26875 0.209375 0.000158203
0 0.359766 0.725 0.153906 0.14375 0.000159312
0 0.664453 0.657812 0.163281 0.314063 0.000162182
0 0.65625 0.469531 0.107813 0.171875 0.000178926
0 0.380078 0.469922 0.113281 0.211719 0.000182613
0 0.746484 0.8125 0.149219 0.132812 0.000184405
0 0.254297 0.395312 0.275781 0.410937 0.000187801
0 0.797266 0.551562 0.100781 0.279687 0.000194984
0 0.65625 0.515625 0.134375 0.36875 0.000201941
0 0.722266 0.681641 0.147656 0.196094 0.000204167
0 0.751562 0.403125 0.08125 0.110937 0.000211538
0 0.2125 0.736719 0.148438 0.207813 0.000247135
0 0.336719 0.596484 0.179688 0.467969 0.000251486
0 0.792578 0.445312 0.107031 0.2 0.000260141
0 0.278906 0.426953 0.0828125 0.114844 0.000276628
0 0.658594 0.516797 0.198437 0.527344 0.00027785
0 0.780859 0.779688 0.0914062 0.110937 0.000301643
0 0.291797 0.793359 0.138281 0.135156 0.000312439
0 0.643359 0.760547 0.127344 0.191406 0.000315537
0 0.328516 0.724609 0.269531 0.302344 0.000320272
0 0.740234 0.530078 0.186719 0.408594 0.000327299
0 0.744922 0.374219 0.319531 0.342187 0.000365427
0 0.305078 0.724609 0.138281 0.139844 0.000419141
0 0.744531 0.365234 0.125 0.180469 0.000426357
0 0.353125 0.818359 0.348437 0.363281 0.000428485
0 0.259766 0.608594 0.0960938 0.160938 0.000438909
0 0.384375 0.425 0.164062 0.317187 0.000445475
0 0.214844 0.560547 0.184375 0.544531 0.000473632
0 0.322266 0.343359 0.125781 0.171094 0.000485667
0 0.330078 0.799219 0.249219 0.154687 0.000489689
0 0.829297 0.601562 0.175781 0.54375 0.000516733
0 0.363672 0.770312 0.141406 0.145313 0.000650202
0 0.799219 0.701563 0.14375 0.253125 0.000651378
0 0.724219 0.775781 0.151562 0.151562 0.000704745
0 0.400391 0.304297 0.127344 0.142969 0.000748717
0 0.267188 0.447656 0.096875 0.201562 0.00082868
0 0.269141 0.756641 0.127344 0.110156 0.000856422
0 0.338281 0.759375 0.0953125 0.09375 0.00090537
0 0.678906 0.7375 0.146875 0.201562 0.000930874
0 0.659375 0.411328 0.146875 0.255469 0.00108829
0 0.260938 0.549219 0.0953125 0.189063 0.00116889
0 0.295312 0.576172 0.290625 0.633594 0.0011814
0 0.807031 0.720703 0.28125 0.342969 0.00136479
0 0.778516 0.483984 0.130469 0.358594 0.00148783
0 0.285937 0.817578 0.246875 0.247656 0.00172935
0 0.266797 0.650391 0.141406 0.289844 0.00178711
0 0.825 0.772266 0.16875 0.194531 0.00196162
0 0.309375 0.703516 0.195312 0.205469 0.00196576
0 0.759766 0.719531 0.152344 0.207813 0.00204512
0 0.773828 0.826563 0.225781 0.185937 0.0020814
0 0.404297 0.352344 0.166406 0.221875 0.00221155
0 0.661719 0.322266 0.170312 0.185156 0.00305564
0 0.258984 0.721484 0.174219 0.207031 0.00306946
0 0.736719 0.811719 0.33125 0.257812 0.00324243
0 0.305469 0.758984 0.0921875 0.0898438 0.00336106
0 0.335547 0.436328 0.272656 0.413281 0.00346378
0 0.254297 0.516406 0.119531 0.35 0.00393914
0 0.364844 0.326172 0.171875 0.174219 0.00400266
0 0.727344 0.560156 0.282813 0.6 0.00469811
0 0.706641 0.705078 0.233594 0.255469 0.00496166
0 0.780469 0.778516 0.146875 0.160156 0.00527881
0 0.283203 0.402734 0.111719 0.210156 0.0056366
0 0.690234 0.777344 0.210156 0.217187 0.00645226
0 0.770312 0.398438 0.101562 0.167187 0.00666354
0 0.711328 0.360156 0.219531 0.229687 0.00839189
0 0.277734 0.56875 0.161719 0.529688 0.0102356
0 0.334375 0.372656 0.2 0.260938 0.0187543
0 0.778906 0.613672 0.178125 0.469531 0.0187679
0 0.279687 0.452734 0.128125 0.371094 0.0674425
0 0.319141 0.767187 0.153906 0.120312 0.0693507
0 0.764063 0.762109 0.23125 0.221094 0.101159
