0 0.242578 0.359766 0.149219 0.157031 0.000101496
0 0.199219 0.557031 0.09375 0.110937 0.000105879
0 0.0207031 0.522656 0.0414063 0.4125 0.000110426
0 0.240625 0.628906 0.15 0.179688 0.000113056
0 0.182031 0.305859 0.0875 0.142969 0.000115489
0 0.850781 0.963672 0.265625 0.0726563 0.000118036
0 0.501562 0.366016 0.20625 0.285156 0.000130401
0 0.508984 0.611719 0.303906 0.323438 0.000130576
0 0.173828 0.45 0.105469 0.223438 0.000132926
0 0.658594 0.404297 0.289062 0.489844 0.00013653
0 0.142188 0.653516 0.0671875 0.0898438 0.000140901
0 0.189453 0.381641 0.0835937 0.122656 0.000142248
0 0.282422 0.490234 0.124219 0.261719 0.000148809
0 0.496484 0.302344 0.164844 0.228125 0.000159719
0 0.258203 0.592188 0.0898438 0.1125 0.000160157
0 0.599219 0.387109 0.171875 0.171094 0.000161462
0 0.148047 0.594922 0.100781 0.186719 0.000173019
0 0.179297 0.595703 0.0929687 0.117969 0.000176879
0 0.163281 0.650781 0.146875 0.157813 0.000182345
0 0.672656 0.666406 0.185937 0.240625 0.00019013
0 0.634375 0.469922 0.121875 0.222656 0.000195196
0 0.232422 0.282422 0.125781 0.133594 0.000197892
0 0.533203 0.397656 0.321094 0.523438 0.000206986
0 0.330859 0.566406 0.127344 0.254687 0.000216623
0 0.602734 0.287109 0.132031 0.163281 0.000218477
0 0.651172 0.616016 0.0835937 0.117969 0.000226682
0 0.640625 0.373047 0.0875 0.117969 0.000262926
0 0.546094 0.525391 0.21875 0.361719 0.000263502
0 0.298438 0.627344 0.170312 0.1875 0.000280558
0 0.298438 0.391797 0.1125 0.241406 0.0002831
0 0.291406 0.357812 0.0921875 0.115625 0.000348183
0 0.599609 0.473047 0.147656 0.282031 0.000352878
0 0.158594 0.634375 0.0875 0.110937 0.000357529
0 0.667188 0.369531 0.1 0.164062 0.000435125
0 0.265625 0.319922 0.142188 0.175781 0.000533263
0 0.2125 0.322656 0.135937 0.157813 0.00054848
0 0.650781 0.558984 0.120312 0.219531 0.000573316
0 0.584375 0.312891 0.192188 0.225781 0.000616644
0 0.186719 0.391016 0.10625 0.197656 0.000628883
0 0.188281 0.396484 0.160938 0.353906 0.000644652
0 0.292969 0.442187 0.171875 0.4375 0.000699836
0 0.175391 0.353516 0.0789063 0.116406 0.000741052
0 0.21875 0.590234 0.0890625 0.108594 0.000785882
0 0.169531 0.527734 0.145313 0.325781 0.00116867
0 0.58125 0.573047 0.15 0.233594 0.00117145
0 0.222266 0.639453 0.282031 0.275781 0.00165966
0 0.219531 0.535156 0.15 0.251563 0.00176272
0 0.628906 0.338281 0.148438 0.21875 0.00193121
0 0.287891 0.567969 0.167969 0.220313 0.00204624
0 0.648438 0.616406 0.278125 0.321875 0.00212154
0 0.183594 0.609766 0.1375 0.174219 0.00222562
0 0.652734 0.403516 0.100781 0.146094 0.00291696
0 0.587109 0.632031 0.214844 0.221875 0.00445633
0 0.643359 0.4 0.128906 0.23125 0.00714241
0 0.660547 0.522266 0.133594 0.378906 0.00833814
0 0.633984 0.451172 0.157031 0.389844 0.010119
0 0.602734 0.487109 0.271094 0.494531 0.0118852
0 0.642187 0.614062 0.1625 0.2375 0.0246543
0 0.228906 0.476562 0.2125 0.410937 0.0326136
0 0.223828 0.586328 0.216406 0.205469 0.131439
0 0.614844 0.553125 0.1875 0.325 0.255369
