0 0.682813 0.428906 0.107813 0.2 0.000102442
0 0.311719 0.326953 0.0859375 0.141406 0.000104379
0 0.268359 0.531641 0.0789063 0.110156 0.000107543
0 0.760547 0.471484 0.0648438 0.103906 0.000110443
0 0.550781 0.0304688 0.165625 0.0609375 0.000110699
0 0.266406 0.592969 0.096875 0.190625 0.000111762
0 0.25625 0.442578 0.175 0.391406 0.000113661
0 0.343359 0.792188 0.227344 0.217187 0.000116694
0 0.685156 0.344141 0.0640625 0.0773437 0.000117116
0 0.398047 0.70625 0.289844 0.334375 0.000121295
0 0.328906 0.301953 0.0640625 0.0882813 0.000128351
0 0.405469 0.749219 0.154687 0.201562 0.000129221
0 0.319531 0.405078 0.0703125 0.0929687 0.00013584
0 0.381641 0.316016 0.116406 0.142969 0.000137337
0 0.353906 0.266406 0.0828125 0.09375 0.000137668
0 0.298047 0.492969 0.0820312 0.110937 0.000137896
0 0.681641 0.301172 0.119531 0.121094 0.000139178
0 0.721875 0.510938 0.0875 0.096875 0.000142697
0 0.336328 0.404687 0.100781 0.165625 0.000153009
0 0.3875 0.635156 0.115625 0.173438 0.000156216
0 0.791797 0.451953 0.160156 0.335156 0.000156519
0 0.396094 0.223047 0.078125 0.0742188 0.000164737
0 0.524609 0.0441406 0.255469 0.0882813 0.000170212
0 0.306641 0.382031 0.0710938 0.0984375 0.000179507
0 0.300781 0.657812 0.139062 0.2625 0.000181548
0 0.357422 0.339453 0.0976562 0.142969 0.000186817
0 0.699219 0.359375 0.0765625 0.0796875 0.000197294
0 0.741797 0.408203 0.0835937 0.161719 0.000197708
0 0.740625 0.495313 0.08125 0.1 0.000204833
0 0.248437 0.717969 0.1 0.25 0.000205825
0 0.700391 0.298438 0.0585938 0.0703125 0.000207527
0 0.41875 0.65 0.153125 0.284375 0.000207831
0 0.392578 0.373047 0.188281 0.297656 0.000210512
0 0.716797 0.323828 0.0492188 0.0726563 0.000212018
0 0.761328 0.548437 0.0867188 0.109375 0.000221848
0 0.716406 0.342187 0.0625 0.0828125 0.000230227
0 0.676953 0.28125 0.0601562 0.05625 0.000236443
0 0.678906 0.687891 0.33125 0.417969 0.000253004
0 0.737891 0.386719 0.0664062 0.096875 0.000259613
0 0.681641 0.514063 0.125781 0.189063 0.000269613
0 0.720703 0.366406 0.0679687 0.0734375 0.00027426
0 0.346484 0.298438 0.0914062 0.128125 0.000313906
0 0.383594 0.567969 0.20625 0.434375 0.000319422
0 0.337891 0.342578 0.0679687 0.0882813 0.00033503
0 0.669531 0.483984 0.221875 0.363281 0.000344318
0 0.824609 0.691406 0.269531 0.4875 0.000368693
0 0.771875 0.473437 0.1 0.235938 0.000370175
0 0.684766 0.555469 0.171094 0.2 0.00037366
0 0.720312 0.384766 0.0953125 0.142969 0.000376427
0 0.703125 0.471484 0.139062 0.213281 0.000382436
0 0.743359 0.530078 0.0882813 0.105469 0.000387654
0 0.808203 0.551953 0.283594 0.411719 0.000398325
0 0.269141 0.529688 0.0976562 0.18125 0.000405717
0 0.703125 0.613281 0.15 0.2125 0.000427353
0 0.697266 0.321484 0.0773437 0.110156 0.000464516
0 0.730859 0.741406 0.261719 0.2875 0.000466419
0 0.314844 0.488672 0.120312 0.208594 0.000469443
0 0.689062 0.382422 0.154687 0.242969 0.000475056
0 0.699609 0.355859 0.111719 0.150781 0.000513665
0 0.24375 0.804688 0.075 0.159375 0.000520294
0 0.295703 0.527734 0.103906 0.147656 0.000592199
0 0.687109 0.684766 0.217969 0.272656 0.000614945
0 0.354297 0.471094 0.286719 0.525 0.00064291
0 0.305859 0.408203 0.102344 0.210156 0.000644312
0 0.323828 0.359375 0.0695312 0.0921875 0.000650753
0 0.337891 0.478125 0.183594 0.373437 0.000684165
0 0.739062 0.451562 0.121875 0.23125 0.00069994
0 0.340625 0.739062 0.189063 0.178125 0.000719749
0 0.673047 0.601953 0.253906 0.299219 0.000931738
0 0.339063 0.323828 0.114063 0.208594 0.00115358
0 0.324219 0.362109 0.0921875 0.149219 0.00131528
0 0.759766 0.512891 0.0789063 0.100781 0.00135237
0 0.725781 0.514844 0.140625 0.204688 0.00160438
0 0.330469 0.642969 0.278125 0.451562 0.00172731
0 0.373047 0.269141 0.116406 0.133594 0.0017609
0 0.38125 0.691797 0.173438 0.244531 0.00179775
0 0.757422 0.63125 0.199219 0.203125 0.00198357
0 0.272656 0.6375 0.134375 0.385938 0.00250674
0 0.274219 0.762109 0.140625 0.225781 0.00274562
0 0.284375 0.48125 0.11875 0.25625 0.00275946
0 0.798437 0.551562 0.145313 0.30625 0.00308933
0 0.308203 0.415625 0.139844 0.325 0.0035176
0 0.396094 0.246875 0.09375 0.090625 0.00523918
0 0.725391 0.453516 0.183594 0.360156 0.0060085
0 0.298438 0.557031 0.15625 0.471875 0.00704068
0 0.759375 0.651172 0.253125 0.349219 0.0095607
0 0.761328 0.534766 0.122656 0.225781 0.0101845
0 0.308203 0.707812 0.203906 0.303125 0.0152068
0 0.737891 0.566406 0.211719 0.3 0.212289
