0 0.8625 0.560938 0.2625 0.8125 0.00010003
0 0.0265625 0.31875 0.05 0.4375 0.000101786
0 0.737109 0.0324219 0.277344 0.0632813 0.000101845
0 0.650781 0.450391 0.129688 0.202344 0.000108945
0 0.814453 0.0398437 0.249219 0.0765625 0.000115665
0 0.0324219 0.886328 0.0648438 0.227344 0.000115684
0 0.278125 0.0632813 0.482812 0.126563 0.000119006
0 0.966406 0.240625 0.0671875 0.48125 0.000121874
0 0.0574219 0.441797 0.111719 0.441406 0.00012235
0 0.0253906 0.438672 0.0460938 0.372656 0.000123027
0 0.237109 0.803516 0.119531 0.141406 0.000123439
0 0.0515625 0.762109 0.101562 0.175781 0.000124277
0 0.0527344 0.0355469 0.105469 0.0664062 0.000125994
0 0.156641 0.405469 0.230469 0.217187 0.000128525
0 0.917578 0.0789063 0.164844 0.157813 0.00012924
0 0.973828 0.393359 0.0523437 0.513281 0.00013474
0 0.0605469 0.278906 0.121094 0.557813 0.00013491
0 0.685156 0.183984 0.28125 0.360156 0.000135979
0 0.519141 0.559375 0.289844 0.560938 0.000142164
0 0.576172 0.678906 0.274219 0.41875 0.00014455
0 0.530469 0.385156 0.159375 0.164062 0.000146827
0 0.259766 0.730469 0.180469 0.320312 0.000148966
0 0.657031 0.635938 0.164062 0.167187 0.000154102
0 0.278516 0.366016 0.113281 0.153906 0.000155842
0 0.108984 0.892969 0.208594 0.204688 0.000157006
0 0.634766 0.846484 0.186719 0.183594 0.000158638
0 0.573828 0.0351562 0.232031 0.0703125 0.000163685
0 0.19375 0.314453 0.357812 0.347656 0.000164692
0 0.603125 0.360938 0.35 0.335938 0.000169136
0 0.633203 0.0207031 0.249219 0.0414063 0.000170425
0 0.560547 0.367969 0.252344 0.207813 0.000175264
0 0.592578 0.445703 0.210156 0.205469 0.000180529
0 0.812891 0.189063 0.283594 0.365625 0.000183528
0 0.0335938 0.811719 0.0671875 0.254687 0.000183684
0 0.975391 0.604688 0.0492188 0.54375 0.000200982
0 0.946484 0.354688 0.105469 0.651563 0.000201011
0 0.496484 0.108594 0.319531 0.217187 0.000204021
0 0.155859 0.571094 0.235156 0.1875 0.000219373
0 0.724609 0.0652344 0.264844 0.128906 0.000230799
0 0.712891 0.770703 0.203906 0.411719 0.000239522
0 0.0382813 0.566797 0.0765625 0.549219 0.000252608
0 0.0597656 0.850781 0.119531 0.25625 0.000266444
0 0.224219 0.841797 0.1875 0.161719 0.000269132
0 0.733594 0.640234 0.35 0.653906 0.000282511
0 0.155469 0.489062 0.23125 0.217187 0.000296378
0 0.921094 0.226953 0.157813 0.453906 0.000306233
0 0.145703 0.190234 0.291406 0.380469 0.000326354
0 0.686328 0.889063 0.188281 0.1875 0.000333661
0 0.930859 0.527344 0.138281 0.93125 0.000344701
0 0.0839844 0.103906 0.167969 0.207813 0.000345153
0 0.108984 0.0414063 0.217969 0.08125 0.000348207
0 0.857031 0.0644531 0.2625 0.125781 0.000350226
0 0.0695312 0.0566406 0.1375 0.113281 0.00035129
0 0.201953 0.0953125 0.403906 0.190625 0.00035479
0 0.708203 0.351172 0.478906 0.532031 0.00036819
0 0.575 0.798437 0.25 0.29375 0.000434836
0 0.967188 0.48125 0.0609375 0.878125 0.00044386
0 0.180859 0.853125 0.289844 0.23125 0.000449863
0 0.255859 0.473437 0.182031 0.325 0.000460159
0 0.645312 0.0410156 0.279687 0.0804688 0.000478421
0 0.186328 0.726562 0.250781 0.328125 0.000482517
0 0.567187 0.199219 0.382812 0.398438 0.000497291
0 0.225391 0.777344 0.180469 0.215625 0.000555633
0 0.576563 0.0632813 0.29375 0.126563 0.000608118
0 0.512891 0.448047 0.182031 0.257031 0.000660875
0 0.116016 0.53125 0.172656 0.20625 0.000678297
0 0.861719 0.271484 0.276563 0.542969 0.00068824
0 0.2625 0.384766 0.170312 0.211719 0.000791703
0 0.852344 0.115234 0.295312 0.228906 0.00083447
0 0.65 0.463672 0.209375 0.260156 0.000838615
0 0.135937 0.0675781 0.271875 0.132031 0.000850539
0 0.0710938 0.778125 0.142188 0.260938 0.000905139
0 0.633594 0.85625 0.26875 0.260938 0.000920251
0 0.0832031 0.565625 0.155469 0.335938 0.000930564
0 0.208984 0.421484 0.263281 0.296094 0.0015367
0 0.133594 0.785156 0.265625 0.284375 0.0017569
0 0.249219 0.60625 0.207813 0.540625 0.00185799
0 0.717188 0.0761719 0.451562 0.152344 0.00221114
0 0.663672 0.127734 0.439844 0.250781 0.00270898
0 0.600391 0.564844 0.271094 0.4 0.0035242
0 0.676953 0.677734 0.213281 0.533594 0.00449698
0 0.564062 0.474219 0.264062 0.342187 0.00465928
0 0.105859 0.616016 0.211719 0.547656 0.0070627
0 0.718359 0.203516 0.527344 0.407031 0.0076702
0 0.154297 0.492969 0.267969 0.38125 0.0167419
0 0.182422 0.583594 0.353906 0.645312 0.385799
0 0.605859 0.626562 0.350781 0.673437 0.517586
