0 0.185547 0.841406 0.111719 0.19375 0.000101354
0 0.201562 0.928125 0.23125 0.140625 0.000102203
0 0.604688 0.590625 0.0796875 0.1 0.000107926
0 0.264453 0.0242187 0.216406 0.0484375 0.000115973
0 0.448438 0.882422 0.45 0.235156 0.000117605
0 0.662109 0.555859 0.0632813 0.111719 0.000118818
0 0.707031 0.842578 0.075 0.108594 0.000126014
0 0.705859 0.740234 0.160156 0.277344 0.000129705
0 0.0246094 0.64375 0.0492188 0.129688 0.000129838
0 0.236328 0.547656 0.0617188 0.08125 0.000132819
0 0.279297 0.779297 0.0820312 0.107031 0.000133033
0 0.935156 0.800391 0.125 0.394531 0.000140556
0 0.590234 0.651172 0.0773437 0.0992187 0.000151883
0 0.6125 0.923047 0.279687 0.152344 0.000154486
0 0.689062 0.785547 0.078125 0.103906 0.000156609
0 0.261328 0.548437 0.0648438 0.1 0.000159508
0 0.259375 0.761719 0.0875 0.109375 0.000159896
0 0.255859 0.565234 0.169531 0.383594 0.000161244
0 0.590234 0.499219 0.0664062 0.0828125 0.000165257
0 0.335547 0.779688 0.121094 0.20625 0.000172765
0 0.214062 0.653125 0.132812 0.385938 0.000175069
0 0.560547 0.657031 0.124219 0.246875 0.00017792
0 0.794922 0.323828 0.0351562 0.0523437 0.000181066
0 0.611719 0.532422 0.0765625 0.116406 0.000184927
0 0.634766 0.819141 0.0898438 0.108594 0.000191807
0 0.587109 0.615625 0.0820312 0.109375 0.000205532
0 0.650391 0.762109 0.0867188 0.108594 0.000207962
0 0.319922 0.431641 0.0726563 0.0726563 0.000215064
0 0.2375 0.554688 0.0828125 0.135937 0.000216929
0 0.612891 0.741797 0.0851562 0.105469 0.000220557
0 0.329688 0.850781 0.248437 0.226562 0.000222096
0 0.590234 0.504687 0.119531 0.160938 0.000240386
0 0.262891 0.497266 0.0679687 0.102344 0.000241124
0 0.301172 0.928125 0.339844 0.142188 0.000272961
0 0.281641 0.53125 0.0632813 0.090625 0.000273062
0 0.308984 0.551562 0.0585938 0.075 0.000273537
0 0.596875 0.7625 0.0859375 0.114063 0.000275327
0 0.675 0.571484 0.053125 0.0929687 0.000278069
0 0.250391 0.550781 0.125781 0.248437 0.00030678
0 0.703906 0.885547 0.165625 0.217969 0.000307467
0 0.669922 0.60625 0.100781 0.285937 0.000308696
0 0.598047 0.799219 0.0882813 0.109375 0.0003101
0 0.280078 0.491797 0.100781 0.141406 0.000321909
0 0.607813 0.594531 0.107813 0.16875 0.000345882
0 0.225781 0.726172 0.125 0.199219 0.000346941
0 0.335156 0.561328 0.115625 0.199219 0.000349913
0 0.551953 0.729297 0.149219 0.283594 0.000380546
0 0.705859 0.823828 0.102344 0.167969 0.000428492
0 0.614453 0.683203 0.130469 0.207031 0.000472998
0 0.322266 0.551562 0.0929687 0.1125 0.000475282
0 0.338672 0.687891 0.155469 0.375781 0.000481458
0 0.655078 0.801172 0.0898438 0.108594 0.00050621
0 0.248437 0.526563 0.0671875 0.090625 0.000520684
0 0.285156 0.602344 0.292188 0.557813 0.000647605
0 0.632422 0.576172 0.192969 0.399219 0.000653798
0 0.591406 0.637891 0.109375 0.199219 0.000658674
0 0.661328 0.657422 0.149219 0.358594 0.000661988
0 0.586719 0.516406 0.034375 0.071875 0.000687685
0 0.674609 0.821484 0.0914062 0.110156 0.00070536
0 0.260156 0.836328 0.154687 0.174219 0.000789535
0 0.615234 0.78125 0.0898438 0.107813 0.000823297
0 0.314063 0.567969 0.165625 0.351562 0.00088739
0 0.20625 0.800391 0.13125 0.211719 0.000967822
0 0.588281 0.842578 0.196875 0.210156 0.00104612
0 0.587109 0.535156 0.0492188 0.115625 0.0010495
0 0.320312 0.446875 0.096875 0.1125 0.00106949
0 0.315625 0.478906 0.120312 0.185937 0.00122812
0 0.687109 0.785937 0.114844 0.189063 0.00127257
0 0.212109 0.840625 0.200781 0.223438 0.00138443
0 0.58125 0.575391 0.11875 0.246094 0.00139151
0 0.210547 0.743359 0.175781 0.285156 0.00139536
0 0.631641 0.663281 0.269531 0.428125 0.00159079
0 0.296484 0.782812 0.142969 0.175 0.00167179
0 0.58125 0.78125 0.160938 0.2 0.00186989
0 0.583984 0.565625 0.0742188 0.145313 0.00241499
0 0.649219 0.745313 0.140625 0.2125 0.00243938
0 0.591016 0.569922 0.0617188 0.0851562 0.00274194
0 0.309375 0.724609 0.173438 0.249219 0.00306001
0 0.260938 0.747656 0.15 0.196875 0.00325467
0 0.673437 0.839063 0.142188 0.165625 0.00618751
0 0.264453 0.876172 0.255469 0.225781 0.0069226
0 0.594141 0.650781 0.158594 0.351562 0.00776546
0 0.644531 0.874609 0.21875 0.225781 0.011712
0 0.274609 0.699609 0.219531 0.367969 0.013943
0 0.634375 0.802344 0.271875 0.304688 0.0178475
0 0.6125 0.736328 0.178125 0.277344 0.0340655
0 0.636719 0.802344 0.19375 0.204688 0.221071
0 0.262891 0.789453 0.221094 0.232031 0.322767
