0 0.214062 0.0722656 0.392188 0.144531 0.000102838
0 0.0949219 0.272266 0.188281 0.544531 0.000103082
0 0.663672 0.214844 0.152344 0.198437 0.000103248
0 0.282031 0.443359 0.129688 0.255469 0.00010377
0 0.559375 0.065625 0.351562 0.13125 0.000104234
0 0.283594 0.119531 0.43125 0.239063 0.000104474
0 0.734766 0.197656 0.147656 0.179688 0.000105765
0 0.383984 0.590234 0.185156 0.174219 0.000107123
0 0.302734 0.383203 0.138281 0.191406 0.000107159
0 0.210156 0.192969 0.398438 0.385938 0.000110038
0 0.320312 0.507812 0.134375 0.1625 0.000112462
0 0.358594 0.300781 0.192188 0.1875 0.000114653
0 0.935156 0.477734 0.129688 0.491406 0.00011933
0 0.677734 0.612109 0.133594 0.207031 0.000120244
0 0.919922 0.53125 0.136719 0.298438 0.000126013
0 0.901172 0.304688 0.175781 0.575 0.000127111
0 0.720703 0.448828 0.150781 0.167969 0.000129176
0 0.246484 0.529297 0.135156 0.266406 0.000132851
0 0.723437 0.0371094 0.332812 0.0742188 0.000134448
0 0.141016 0.136328 0.278906 0.272656 0.00013712
0 0.341797 0.384766 0.141406 0.233594 0.00014214
0 0.849219 0.592578 0.0875 0.0945313 0.000142799
0 0.74375 0.365625 0.228125 0.2 0.000144734
0 0.872266 0.108594 0.255469 0.217187 0.000150082
0 0.881641 0.5125 0.132031 0.220313 0.000156279
0 0.803906 0.550781 0.134375 0.139062 0.000163787
0 0.317969 0.430469 0.075 0.0828125 0.000164385
0 0.383984 0.364453 0.138281 0.236719 0.000164915
0 0.341797 0.433594 0.0789063 0.078125 0.000165944
0 0.842188 0.445312 0.13125 0.2625 0.000166535
0 0.415625 0.269922 0.157813 0.277344 0.000170505
0 0.445703 0.119141 0.266406 0.233594 0.000171263
0 0.885938 0.625781 0.164062 0.164062 0.000171648
0 0.802734 0.46875 0.136719 0.209375 0.000178829
0 0.68125 0.191797 0.0890625 0.113281 0.000188816
0 0.376953 0.468359 0.0820312 0.0976562 0.00019964
0 0.916797 0.594141 0.113281 0.138281 0.00020032
0 0.686719 0.533203 0.1375 0.230469 0.000207652
0 0.414844 0.196094 0.204688 0.275 0.000210787
0 0.688672 0.448047 0.157031 0.264844 0.000215969
0 0.764063 0.278906 0.221875 0.196875 0.000217829
0 0.784375 0.428125 0.196875 0.190625 0.000220701
0 0.726953 0.0757812 0.339844 0.146875 0.000221204
0 0.378906 0.430469 0.110937 0.160938 0.000224588
0 0.853125 0.340625 0.115625 0.254687 0.000228349
0 0.0320312 0.476172 0.0625 0.685156 0.000237914
0 0.659375 0.142969 0.309375 0.279687 0.000240645
0 0.268359 0.364062 0.116406 0.273438 0.000246788
0 0.828125 0.239063 0.285937 0.3625 0.00028371
0 0.414844 0.39375 0.198437 0.510938 0.000288092
0 0.320312 0.326562 0.142188 0.259375 0.000293976
0 0.696875 0.256641 0.139062 0.249219 0.000313887
0 0.287109 0.286719 0.127344 0.226562 0.000337029
0 0.0265625 0.313281 0.05 0.442187 0.00038515
0 0.864062 0.316406 0.16875 0.364062 0.000415444
0 0.759375 0.469922 0.165625 0.177344 0.000449418
0 0.823047 0.514844 0.200781 0.19375 0.000453373
0 0.385156 0.509375 0.140625 0.182812 0.000479265
0 0.0457031 0.273438 0.0882813 0.546875 0.000507888
0 0.321094 0.428125 0.125 0.157813 0.000544599
0 0.256641 0.570312 0.111719 0.125 0.000545946
0 0.348047 0.46875 0.0773437 0.08125 0.000559906
0 0.319141 0.249219 0.199219 0.264062 0.00058728
0 0.342969 0.555469 0.225 0.178125 0.000619444
0 0.803125 0.238672 0.14375 0.194531 0.000633956
0 0.80625 0.369531 0.140625 0.215625 0.000683156
0 0.849609 0.573047 0.132031 0.113281 0.000699918
0 0.694141 0.164062 0.0882813 0.103125 0.00072304
0 0.687109 0.125 0.208594 0.196875 0.000733059
0 0.393359 0.451953 0.175781 0.288281 0.000847885
0 0.286719 0.573828 0.179688 0.160156 0.000869061
0 0.373828 0.280859 0.224219 0.383594 0.000910468
0 0.740234 0.551562 0.191406 0.239063 0.000972401
0 0.897656 0.556641 0.1 0.138281 0.000987944
0 0.747656 0.151953 0.265625 0.227344 0.00103959
0 0.25625 0.425391 0.182812 0.508594 0.001064
0 0.359375 0.467187 0.117188 0.135937 0.00148995
0 0.826172 0.592578 0.263281 0.188281 0.0024995
0 0.744531 0.477734 0.242188 0.353906 0.00285805
0 0.305859 0.514844 0.225781 0.270312 0.00310685
0 0.711719 0.309766 0.254687 0.449219 0.003327
0 0.351172 0.472266 0.155469 0.208594 0.0033691
0 0.823438 0.303125 0.125 0.2625 0.00534951
0 0.882031 0.590234 0.110937 0.110156 0.00694277
0 0.862891 0.5625 0.174219 0.179688 0.00843346
0 0.843359 0.425 0.213281 0.453125 0.00846389
0 0.693359 0.173438 0.150781 0.165625 0.012192
0 0.288281 0.329688 0.167187 0.384375 0.0124581
0 0.801953 0.527344 0.280469 0.2875 0.0125556
0 0.719531 0.212891 0.20625 0.263281 0.0154597
0 0.808594 0.321094 0.18125 0.3875 0.033133
0 0.780078 0.367969 0.280469 0.525 0.305478
0 0.326562 0.370313 0.260938 0.509375 0.415313
