0 0.122656 0.0546875 0.245312 0.107813 0.000108483
0 0.758984 0.717969 0.164844 0.215625 0.000120506
0 0.295703 0.524609 0.136719 0.242969 0.000122289
0 0.373047 0.533203 0.0851562 0.111719 0.000122723
0 0.709766 0.407031 0.146094 0.217187 0.00012378
0 0.71875 0.633203 0.0875 0.110156 0.000124195
0 0.726562 0.288672 0.0765625 0.0789063 0.00013944
0 0.408203 0.494922 0.0882813 0.110156 0.000146795
0 0.398828 0.100781 0.299219 0.201562 0.000150037
0 0.721875 0.772266 0.21875 0.330469 0.000152374
0 0.498047 0.272656 0.211719 0.364062 0.000160834
0 0.741797 0.671094 0.125781 0.173438 0.000172807
0 0.524609 0.396484 0.364844 0.677344 0.000173298
0 0.383594 0.0535156 0.390625 0.107031 0.000192325
0 0.420312 0.552344 0.0875 0.107813 0.000216732
0 0.438281 0.401953 0.310937 0.553906 0.00022216
0 0.726172 0.618359 0.285156 0.291406 0.000234419
0 0.758984 0.529297 0.0695312 0.0867188 0.000241217
0 0.403125 0.357422 0.185937 0.233594 0.00024352
0 0.366406 0.403125 0.154687 0.251563 0.00025526
0 0.662109 0.05 0.296094 0.1 0.000264958
0 0.727734 0.505469 0.153906 0.253125 0.000299666
0 0.459375 0.205078 0.192188 0.342969 0.000312233
0 0.701172 0.673047 0.183594 0.236719 0.000312578
0 0.680469 0.561328 0.1625 0.247656 0.000312677
0 0.488281 0.0332031 0.3125 0.0648438 0.000325339
0 0.455078 0.517187 0.211719 0.3125 0.000358009
0 0.367578 0.569922 0.122656 0.146094 0.000401318
0 0.574219 0.0207031 0.190625 0.0382813 0.000431808
0 0.791406 0.569531 0.13125 0.221875 0.000487895
0 0.489844 0.110547 0.278125 0.219531 0.000492571
0 0.377734 0.530469 0.285156 0.296875 0.000520347
0 0.79375 0.642578 0.13125 0.191406 0.000521675
0 0.592578 0.1 0.257031 0.2 0.00055882
0 0.448828 0.29375 0.153906 0.242188 0.000584236
0 0.761719 0.530078 0.101562 0.169531 0.000689154
0 0.419531 0.495703 0.126563 0.196094 0.000696276
0 0.405469 0.53125 0.0890625 0.109375 0.000766999
0 0.335156 0.55625 0.176563 0.20625 0.000905757
0 0.598437 0.0328125 0.229687 0.0640625 0.000911832
0 0.435937 0.399609 0.175 0.369531 0.00120919
0 0.426953 0.567969 0.138281 0.16875 0.00130694
0 0.552734 0.0570313 0.277344 0.114063 0.00149462
0 0.705078 0.612109 0.155469 0.189844 0.0015407
0 0.352734 0.481641 0.174219 0.283594 0.00194892
0 0.398828 0.452734 0.155469 0.321094 0.00204807
0 0.753125 0.624609 0.160938 0.197656 0.00401951
0 0.396484 0.534766 0.142969 0.203906 0.0162579
