0 0.364844 0.386328 0.11875 0.183594 0.000100644
0 0.776953 0.718359 0.107031 0.216406 0.000102629
0 0.989453 0.362109 0.0210938 0.203906 0.000102869
0 0.741797 0.489453 0.0882813 0.142969 0.000103349
0 0.739062 0.614844 0.084375 0.114063 0.000107844
0 0.384375 0.472656 0.114063 0.242188 0.000110159
0 0.587891 0.601562 0.161719 0.235938 0.000112566
0 0.344531 0.238672 0.0921875 0.113281 0.000115071
0 0.343359 0.422266 0.133594 0.149219 0.000115468
0 0.614453 0.596875 0.0820312 0.1125 0.000116765
0 0.973047 0.561719 0.0539063 0.640625 0.000120272
0 0.630469 0.163281 0.1125 0.123438 0.000124668
0 0.283203 0.574219 0.0882813 0.107813 0.000132913
0 0.260547 0.552734 0.0820312 0.0992187 0.000133243
0 0.678125 0.237109 0.0875 0.110156 0.000135295
0 0.303125 0.557031 0.0890625 0.109375 0.00013772
0 0.98125 0.562109 0.0375 0.374219 0.000139942
0 0.280469 0.532422 0.084375 0.0945313 0.000140713
0 0.266016 0.349609 0.0882813 0.147656 0.000140862
0 0.694531 0.350391 0.090625 0.103906 0.000142633
0 0.599609 0.55625 0.100781 0.189063 0.000143419
0 0.982422 0.394531 0.0351562 0.303125 0.000149138
0 0.699609 0.258594 0.0835937 0.10625 0.00015173
0 0.302734 0.591797 0.0867188 0.105469 0.000160502
0 0.213672 0.602734 0.149219 0.310156 0.000161777
0 0.344922 0.679297 0.308594 0.378906 0.000168989
0 0.321094 0.294922 0.084375 0.0976562 0.000171291
0 0.325 0.537109 0.0859375 0.103906 0.000174278
0 0.634766 0.611719 0.0898438 0.110937 0.00018496
0 0.559766 0.397656 0.353906 0.642187 0.000185851
0 0.649609 0.668359 0.199219 0.239844 0.000185902
0 0.367969 0.283984 0.0875 0.105469 0.00019113
0 0.289844 0.241797 0.071875 0.0914062 0.000202571
0 0.752344 0.485156 0.096875 0.248437 0.00020455
0 0.658984 0.257031 0.130469 0.15 0.000205361
0 0.265625 0.514844 0.109375 0.214062 0.000209875
0 0.648047 0.487109 0.155469 0.328906 0.000223026
0 0.610547 0.201562 0.121094 0.167187 0.000234044
0 0.242969 0.631641 0.107813 0.163281 0.000235368
0 0.277344 0.4 0.0671875 0.0796875 0.000238706
0 0.404687 0.273047 0.1125 0.188281 0.000238884
0 0.7375 0.380859 0.129688 0.333594 0.000255962
0 0.698438 0.218359 0.0828125 0.0960938 0.000257653
0 0.611328 0.527734 0.147656 0.325781 0.000261209
0 0.322656 0.3625 0.146875 0.25 0.00026383
0 0.684766 0.354688 0.158594 0.323438 0.000266326
0 0.565625 0.617188 0.373437 0.660937 0.000275104
0 0.280078 0.446875 0.125781 0.228125 0.00030635
0 0.730859 0.221484 0.0710938 0.0882813 0.000311714
0 0.729688 0.280469 0.114063 0.207813 0.000313235
0 0.407422 0.344141 0.0929687 0.158594 0.000313762
0 0.421875 0.397266 0.320312 0.613281 0.000315836
0 0.393359 0.597656 0.147656 0.1875 0.000340445
0 0.397656 0.448438 0.176563 0.41875 0.000363154
0 0.643359 0.195703 0.0882813 0.100781 0.000388611
0 0.596875 0.61875 0.226562 0.445312 0.000396845
0 0.344922 0.489844 0.141406 0.270312 0.000434081
0 0.751953 0.575 0.105469 0.2125 0.000448736
0 0.291797 0.276953 0.0898438 0.119531 0.000469504
0 0.342969 0.622266 0.20625 0.228906 0.000491169
0 0.655078 0.166406 0.0882813 0.0875 0.000496932
0 0.721875 0.574609 0.08125 0.0929687 0.000565825
0 0.347266 0.31875 0.147656 0.179688 0.000580286
0 0.325391 0.572656 0.0882813 0.103125 0.00059433
0 0.657422 0.382031 0.214844 0.478125 0.000650497
0 0.616406 0.595703 0.120312 0.175781 0.000688149
0 0.391797 0.360156 0.127344 0.278125 0.000697362
0 0.692969 0.619141 0.28125 0.328906 0.000721293
0 0.2625 0.383203 0.0765625 0.0835937 0.000891395
0 0.299219 0.237109 0.1125 0.152344 0.00092946
0 0.303125 0.536719 0.134375 0.189063 0.00100411
0 0.396484 0.320703 0.0773437 0.0851562 0.0010061
0 0.717578 0.238281 0.0976562 0.129688 0.00105266
0 0.291797 0.314844 0.133594 0.221875 0.00121
0 0.702734 0.468359 0.188281 0.446094 0.00124395
0 0.725391 0.537109 0.139844 0.255469 0.0013159
0 0.342187 0.280859 0.265625 0.344531 0.00142188
0 0.344531 0.178125 0.096875 0.0859375 0.00150413
0 0.278125 0.388281 0.107813 0.15625 0.00156359
0 0.750781 0.639453 0.129688 0.241406 0.00161888
0 0.694531 0.237109 0.132812 0.175781 0.00169411
0 0.253906 0.573828 0.125 0.221094 0.00170396
0 0.307422 0.276953 0.0789063 0.0773437 0.00181993
0 0.373828 0.532422 0.122656 0.197656 0.00189817
0 0.285937 0.485938 0.179688 0.34375 0.00207297
0 0.360156 0.55625 0.084375 0.103125 0.00211335
0 0.721484 0.596875 0.119531 0.1625 0.00241304
0 0.275391 0.620703 0.172656 0.207031 0.00248655
0 0.3125 0.562891 0.279687 0.327344 0.00314814
0 0.653125 0.587891 0.159375 0.214844 0.00354629
0 0.323047 0.265234 0.119531 0.121094 0.00380125
0 0.385547 0.310937 0.108594 0.121875 0.00430797
0 0.34375 0.20625 0.134375 0.14375 0.0058207
0 0.663672 0.196094 0.127344 0.139062 0.00625274
0 0.708203 0.616797 0.178906 0.221094 0.00895334
0 0.349219 0.566406 0.135937 0.15625 0.0147183
0 0.328906 0.392969 0.217187 0.479688 0.0234384
0 0.351953 0.258594 0.169531 0.239063 0.0240977
0 0.308203 0.573828 0.197656 0.205469 0.0284056
