0 0.303516 0.482031 0.0898438 0.101562 0.000101737
0 0.0257812 0.518359 0.0484375 0.503906 0.000102686
0 0.723437 0.304297 0.084375 0.110156 0.000103013
0 0.620703 0.3625 0.125781 0.159375 0.000103947
0 0.233203 0.2625 0.0804688 0.109375 0.000104845
0 0.0367187 0.113281 0.0734375 0.226562 0.000105099
0 0.285937 0.410156 0.0828125 0.0953125 0.000107315
0 0.410156 0.396875 0.18125 0.360938 0.000107602
0 0.364062 0.506641 0.08125 0.0914062 0.000113551
0 0.739844 0.326562 0.0796875 0.109375 0.000115377
0 0.205469 0.40625 0.06875 0.104687 0.000115698
0 0.107031 0.309375 0.214062 0.5625 0.000115807
0 0.219141 0.2 0.0617188 0.075 0.000116446
0 0.362109 0.239063 0.0945313 0.120312 0.000118169
0 0.261719 0.451953 0.0875 0.0960938 0.000119039
0 0.777344 0.558594 0.215625 0.246875 0.000120036
0 0.729297 0.0375 0.452344 0.0734375 0.000121226
0 0.847266 0.203125 0.305469 0.40625 0.000121774
0 0.730859 0.240234 0.0835937 0.171094 0.000123583
0 0.528516 0.105078 0.250781 0.202344 0.000126106
0 0.741797 0.469531 0.0882813 0.109375 0.000131492
0 0.0648438 0.0707031 0.129688 0.139844 0.000133509
0 0.222266 0.555078 0.155469 0.167969 0.000135839
0 0.25625 0.305469 0.0828125 0.0890625 0.000140394
0 0.203125 0.364844 0.071875 0.115625 0.000141221
0 0.229687 0.153516 0.434375 0.277344 0.00014192
0 0.784375 0.363281 0.134375 0.4 0.000143536
0 0.237891 0.194141 0.111719 0.136719 0.000143571
0 0.217578 0.217187 0.0804688 0.129688 0.000148791
0 0.171484 0.378125 0.310156 0.617188 0.000148794
0 0.596094 0.278906 0.126563 0.189063 0.000148924
0 0.217969 0.428125 0.08125 0.109375 0.0001502
0 0.927344 0.0769531 0.145313 0.147656 0.000151378
0 0.948047 0.616016 0.100781 0.736719 0.000153354
0 0.412109 0.521875 0.178906 0.246875 0.000154367
0 0.579687 0.298828 0.171875 0.297656 0.000155408
0 0.723828 0.348437 0.0835937 0.101562 0.000159194
0 0.790234 0.408594 0.0992187 0.228125 0.000165121
0 0.360547 0.283594 0.105469 0.176563 0.000166347
0 0.535547 0.60625 0.521094 0.7875 0.000173678
0 0.754297 0.328906 0.0835937 0.18125 0.000173786
0 0.841016 0.457812 0.183594 0.446875 0.000174782
0 0.629297 0.221484 0.0835937 0.105469 0.000178199
0 0.632812 0.116797 0.204688 0.189844 0.00017834
0 0.355469 0.540234 0.151562 0.146094 0.000178896
0 0.0269531 0.355078 0.0523437 0.496094 0.000188455
0 0.472656 0.0722656 0.440625 0.144531 0.000190229
0 0.355469 0.146094 0.296875 0.234375 0.000194001
0 0.342969 0.484375 0.0890625 0.101562 0.000195652
0 0.760547 0.507812 0.0898438 0.114063 0.000195714
0 0.258203 0.366797 0.122656 0.199219 0.000204667
0 0.969922 0.392188 0.0601562 0.354688 0.000206249
0 0.742969 0.425 0.0859375 0.107813 0.000209517
0 0.725 0.385547 0.0859375 0.0960938 0.000209761
0 0.237109 0.470703 0.0867188 0.107031 0.000213645
0 0.670313 0.540625 0.114063 0.148438 0.00021845
0 0.658594 0.346875 0.159375 0.179688 0.000232311
0 0.677344 0.302734 0.148438 0.172656 0.000237994
0 0.541016 0.221875 0.233594 0.326562 0.000251598
0 0.0324219 0.228906 0.0648438 0.440625 0.000251902
0 0.716797 0.217578 0.0742188 0.0820312 0.000266353
0 0.176172 0.516406 0.157031 0.301562 0.000267418
0 0.202734 0.528906 0.0789063 0.1625 0.000271685
0 0.280078 0.322656 0.127344 0.20625 0.0002743
0 0.565234 0.360938 0.394531 0.632812 0.000276125
0 0.204688 0.267969 0.065625 0.110937 0.00028263
0 0.247656 0.499219 0.29375 0.321875 0.000283574
0 0.231641 0.194531 0.271094 0.234375 0.000285248
0 0.188672 0.490234 0.0992187 0.230469 0.000287597
0 0.676562 0.512891 0.314063 0.397656 0.000291324
0 0.899219 0.144141 0.201562 0.288281 0.000302366
0 0.346094 0.40625 0.0890625 0.110937 0.000303499
0 0.178906 0.395703 0.129688 0.441406 0.000309202
0 0.775 0.469141 0.075 0.113281 0.000311365
0 0.935547 0.383984 0.128906 0.767969 0.00031466
0 0.676172 0.237109 0.153906 0.167969 0.00031487
0 0.219141 0.493359 0.0789063 0.116406 0.000324367
0 0.283594 0.465625 0.090625 0.1 0.000326272
0 0.678125 0.3875 0.148438 0.164062 0.000327168
0 0.712109 0.192188 0.155469 0.2125 0.000329103
0 0.344141 0.493359 0.307031 0.317969 0.000346766
0 0.342578 0.448047 0.0898438 0.107031 0.000347582
0 0.124609 0.0824219 0.249219 0.164844 0.000351254
0 0.362109 0.346484 0.110156 0.203906 0.000355771
0 0.762109 0.445312 0.0757812 0.10625 0.000366391
0 0.747656 0.206641 0.210938 0.322656 0.000377758
0 0.214062 0.338281 0.084375 0.110937 0.000391207
0 0.206641 0.426953 0.0820312 0.199219 0.000399982
0 0.377344 0.507422 0.134375 0.153906 0.000412918
0 0.775781 0.0644531 0.448438 0.124219 0.000423365
0 0.478516 0.186328 0.413281 0.342969 0.000434617
0 0.416016 0.398047 0.269531 0.608594 0.000446683
0 0.0578125 0.290234 0.115625 0.555469 0.000456145
0 0.699609 0.217187 0.100781 0.114063 0.000458822
0 0.622266 0.351953 0.167969 0.275781 0.000467851
0 0.30625 0.388281 0.15625 0.2125 0.000479673
0 0.65 0.195703 0.182812 0.186719 0.000506015
0 0.254687 0.302344 0.117188 0.135937 0.000506302
0 0.593359 0.223438 0.0835937 0.10625 0.000510907
0 0.721094 0.55 0.19375 0.151562 0.000521329
0 0.780078 0.124609 0.439844 0.247656 0.000536846
0 0.0753906 0.146484 0.150781 0.292969 0.000538145
0 0.703125 0.345703 0.135937 0.216406 0.000538889
0 0.331641 0.322656 0.132031 0.271875 0.000560074
0 0.301172 0.182812 0.172656 0.164062 0.000588348
0 0.797266 0.525391 0.127344 0.171094 0.000592665
0 0.756641 0.389062 0.0710938 0.107813 0.000601524
0 0.322266 0.464844 0.0914062 0.103125 0.000616969
0 0.952734 0.277734 0.0914062 0.555469 0.000619141
0 0.0433594 0.475 0.0867188 0.8125 0.000658673
0 0.320312 0.430859 0.090625 0.0992187 0.000704881
0 0.744922 0.393359 0.300781 0.483594 0.000736588
0 0.625 0.0894531 0.40625 0.167969 0.000739256
0 0.159375 0.290625 0.215625 0.389062 0.000779235
0 0.236328 0.408594 0.107031 0.210938 0.000839138
0 0.229687 0.30625 0.0859375 0.0953125 0.000846733
0 0.630078 0.236719 0.130469 0.15625 0.000861425
0 0.719922 0.282813 0.113281 0.246875 0.00090985
0 0.771875 0.408984 0.075 0.169531 0.000963885
0 0.203906 0.362891 0.084375 0.200781 0.000990434
0 0.389844 0.446875 0.14375 0.215625 0.00100324
0 0.968359 0.394141 0.0617188 0.699219 0.00106202
0 0.617969 0.305078 0.229687 0.424219 0.00114291
0 0.328906 0.235156 0.146875 0.207813 0.0011702
0 0.740625 0.368359 0.096875 0.150781 0.00128991
0 0.142188 0.182031 0.284375 0.364062 0.00138453
0 0.227344 0.245312 0.129688 0.207813 0.00153499
0 0.302734 0.447656 0.0851562 0.0890625 0.00156974
0 0.722656 0.410547 0.1375 0.180469 0.001968
0 0.592188 0.223047 0.115625 0.155469 0.00197711
0 0.368359 0.322266 0.141406 0.369531 0.00233269
0 0.219141 0.489062 0.0992187 0.1875 0.00243839
0 0.288281 0.245312 0.210938 0.264062 0.00248645
0 0.683984 0.510156 0.166406 0.1875 0.00266841
0 0.2875 0.430469 0.140625 0.14375 0.00289663
0 0.207031 0.305469 0.0796875 0.128125 0.0029884
0 0.664062 0.441016 0.182812 0.263281 0.00319621
0 0.272656 0.494922 0.201562 0.172656 0.0032803
0 0.774609 0.46875 0.105469 0.217187 0.00369895
0 0.585156 0.145703 0.271875 0.274219 0.00440652
0 0.757812 0.50625 0.159375 0.175 0.00486957
0 0.20625 0.431641 0.107813 0.307031 0.00558675
0 0.35 0.479688 0.148438 0.171875 0.00587744
0 0.598047 0.204297 0.161719 0.236719 0.00618615
0 0.755469 0.407813 0.115625 0.245312 0.00712349
0 0.321094 0.450781 0.15 0.148438 0.00777232
0 0.723828 0.357812 0.146094 0.3625 0.00778916
0 0.232031 0.354297 0.132812 0.344531 0.0107687
0 0.223828 0.314453 0.107031 0.185156 0.0112997
0 0.346875 0.399609 0.153125 0.263281 0.0199443
0 0.24375 0.444141 0.1625 0.250781 0.0209663
0 0.641406 0.192188 0.226562 0.304688 0.0214529
0 0.683984 0.308984 0.236719 0.505469 0.0316075
0 0.304297 0.453906 0.213281 0.210938 0.0481728
0 0.726953 0.464453 0.183594 0.250781 0.0695323
0 0.295312 0.351562 0.235938 0.420312 0.0863805
