0 0.286328 0.595312 0.244531 0.226562 0.000102216
0 0.801562 0.492188 0.0765625 0.115625 0.000102778
0 0.342187 0.477344 0.0828125 0.0921875 0.000104398
0 0.208594 0.392188 0.0875 0.101562 0.000106805
0 0.352734 0.620703 0.435156 0.596094 0.000107759
0 0.761328 0.5125 0.0898438 0.107813 0.000110869
0 0.660937 0.302734 0.159375 0.210156 0.000113945
0 0.241406 0.349609 0.248437 0.217969 0.000119368
0 0.744531 0.545313 0.142188 0.135937 0.000122121
0 0.680469 0.258984 0.0734375 0.0929687 0.000126639
0 0.315625 0.204688 0.195312 0.209375 0.000139815
0 0.704297 0.387109 0.0867188 0.100781 0.000143032
0 0.664453 0.367578 0.189844 0.197656 0.000147673
0 0.133594 0.409766 0.19375 0.263281 0.000150006
0 0.435547 0.460938 0.350781 0.629687 0.000151416
0 0.617578 0.427734 0.116406 0.163281 0.000156223
0 0.203906 0.530078 0.235938 0.185156 0.000167788
0 0.360547 0.283984 0.132031 0.171094 0.000173874
0 0.784375 0.530078 0.0875 0.107031 0.000179604
0 0.830078 0.594141 0.103906 0.174219 0.000183692
0 0.148438 0.4125 0.148438 0.167187 0.000207429
0 0.656641 0.558594 0.224219 0.214062 0.00023984
0 0.34375 0.323438 0.090625 0.0921875 0.000247482
0 0.398438 0.439453 0.201562 0.377344 0.000251726
0 0.703516 0.274219 0.324219 0.3375 0.000258759
0 0.283984 0.407422 0.153906 0.191406 0.000259679
0 0.623438 0.401563 0.198437 0.276563 0.000263412
0 0.630078 0.355469 0.283594 0.426562 0.00026568
0 0.674609 0.507812 0.147656 0.154687 0.000295816
0 0.359375 0.408984 0.090625 0.116406 0.000299475
0 0.373437 0.386719 0.115625 0.214062 0.000315967
0 0.731641 0.581641 0.332031 0.280469 0.000336152
0 0.230859 0.445703 0.153906 0.163281 0.000351244
0 0.202344 0.665625 0.323438 0.342187 0.000385529
0 0.196094 0.481641 0.146875 0.191406 0.000385943
0 0.784766 0.366406 0.183594 0.39375 0.000422801
0 0.361328 0.471484 0.103906 0.135156 0.000437029
0 0.796875 0.451953 0.107813 0.211719 0.000454976
0 0.738281 0.422656 0.084375 0.10625 0.000461063
0 0.686328 0.244531 0.110156 0.134375 0.000509632
0 0.1625 0.439453 0.0921875 0.110156 0.000688454
0 0.180469 0.398047 0.0921875 0.0976562 0.000697595
0 0.794531 0.565625 0.159375 0.185937 0.000713466
0 0.294141 0.506641 0.228906 0.232031 0.000745756
0 0.698438 0.267969 0.192188 0.228125 0.000809544
0 0.717578 0.346875 0.177344 0.210938 0.000842815
0 0.620703 0.485156 0.163281 0.215625 0.000901299
0 0.801172 0.465234 0.160156 0.291406 0.000915667
0 0.816797 0.553516 0.0835937 0.127344 0.00101447
0 0.330859 0.321875 0.136719 0.164062 0.00114204
0 0.171484 0.401172 0.303906 0.375781 0.00116967
0 0.315625 0.281641 0.185937 0.232031 0.00123059
0 0.698828 0.464453 0.149219 0.214844 0.00140151
0 0.723437 0.403125 0.0859375 0.09375 0.0016569
0 0.752344 0.390234 0.1375 0.230469 0.00170258
0 0.739844 0.525781 0.221875 0.175 0.00262682
0 0.798828 0.521094 0.124219 0.178125 0.00279123
0 0.232812 0.551953 0.307813 0.288281 0.0029314
0 0.686328 0.430859 0.232031 0.214844 0.00316117
0 0.345313 0.44375 0.0828125 0.110937 0.00323145
0 0.186328 0.377734 0.175781 0.224219 0.00360577
0 0.164453 0.481641 0.222656 0.274219 0.00469435
0 0.315625 0.460156 0.173438 0.192188 0.00738738
0 0.721094 0.404297 0.151562 0.161719 0.0105601
0 0.343359 0.354297 0.155469 0.283594 0.0129761
0 0.266406 0.326172 0.298438 0.408594 0.0132385
0 0.191797 0.424609 0.0945313 0.110156 0.0171794
0 0.69375 0.503516 0.275 0.246094 0.017833
0 0.750781 0.444531 0.184375 0.271875 0.0315935
0 0.230469 0.467578 0.282813 0.219531 0.0361719
0 0.346094 0.419141 0.129688 0.211719 0.0607227
0 0.294141 0.395312 0.235156 0.257812 0.125502
0 0.70625 0.384375 0.251563 0.407813 0.22987
0 0.1875 0.431641 0.151562 0.147656 0.332797
