0 0.0144531 0.507812 0.0273438 0.251563 0.000106534
0 0.256641 0.646875 0.188281 0.465625 0.000106897
0 0.982422 0.480078 0.0351562 0.425781 0.000107567
0 0.761719 0.357812 0.120312 0.190625 0.000113078
0 0.225391 0.279687 0.400781 0.559375 0.000114168
0 0.700391 0.529688 0.141406 0.182812 0.000115708
0 0.785156 0.635156 0.0828125 0.101562 0.000115779
0 0.319141 0.4875 0.0851562 0.114063 0.000117029
0 0.2625 0.434766 0.145313 0.316406 0.000118387
0 0.866016 0.649609 0.178906 0.417969 0.000118543
0 0.424219 0.240234 0.132812 0.136719 0.000119677
0 0.802734 0.617969 0.0867188 0.107813 0.000121698
0 0.316406 0.369531 0.0859375 0.114063 0.000124634
0 0.637891 0.03125 0.241406 0.0625 0.000126487
0 0.358594 0.4875 0.126563 0.235938 0.000130753
0 0.422656 0.385547 0.1 0.153906 0.00013239
0 0.780469 0.474219 0.117188 0.19375 0.000137316
0 0.45625 0.648047 0.15 0.241406 0.000137534
0 0.733203 0.302734 0.163281 0.211719 0.000139193
0 0.304297 0.659375 0.0867188 0.114063 0.000142893
0 0.375781 0.257422 0.332812 0.336719 0.00014417
0 0.0320312 0.151562 0.0640625 0.303125 0.000145328
0 0.370313 0.727734 0.25 0.233594 0.000145635
0 0.382031 0.363672 0.1625 0.191406 0.00014837
0 0.788672 0.702344 0.0820312 0.109375 0.000150662
0 0.814062 0.533594 0.0765625 0.104687 0.000150836
0 0.0636719 0.149609 0.127344 0.299219 0.00015087
0 0.259766 0.478516 0.197656 0.527344 0.000153852
0 0.0625 0.459375 0.125 0.665625 0.000156913
0 0.864453 0.729297 0.146094 0.249219 0.00015734
0 0.802344 0.571875 0.0859375 0.110937 0.000162547
0 0.823047 0.562109 0.277344 0.524219 0.000166362
0 0.257422 0.537109 0.325781 0.669531 0.000170656
0 0.458203 0.607422 0.178906 0.482031 0.000173224
0 0.819531 0.657031 0.08125 0.10625 0.00017398
0 0.333984 0.427344 0.0898438 0.110937 0.000180552
0 0.798047 0.0210938 0.278906 0.0421875 0.000183369
0 0.373828 0.0632813 0.477344 0.120312 0.000201873
0 0.659375 0.0546875 0.359375 0.10625 0.000212799
0 0.746875 0.529688 0.139062 0.176563 0.000222031
0 0.455859 0.517187 0.235156 0.764063 0.000223935
0 0.385156 0.654688 0.0875 0.103125 0.00022653
0 0.130859 0.189063 0.261719 0.378125 0.000233842
0 0.819922 0.700391 0.0851562 0.114844 0.000243763
0 0.294531 0.390234 0.0703125 0.117969 0.000256298
0 0.286719 0.713672 0.128125 0.228906 0.000270194
0 0.26875 0.0425781 0.354688 0.0851562 0.000274473
0 0.0445312 0.313281 0.0875 0.626562 0.00027579
0 0.714063 0.263281 0.13125 0.14375 0.000280126
0 0.846875 0.0355469 0.30625 0.0710938 0.000295355
0 0.268359 0.138672 0.516406 0.267969 0.00030322
0 0.0941406 0.0675781 0.188281 0.135156 0.000306664
0 0.146484 0.0402344 0.286719 0.0804688 0.000310771
0 0.835156 0.74375 0.0859375 0.114063 0.000315547
0 0.721484 0.735156 0.125781 0.167187 0.000320775
0 0.0421875 0.598828 0.0828125 0.691406 0.000333807
0 0.782812 0.7875 0.23125 0.2625 0.000334603
0 0.419531 0.347266 0.128125 0.252344 0.000343228
0 0.746094 0.572656 0.184375 0.210938 0.000363776
0 0.698438 0.0199219 0.248437 0.0398437 0.000377183
0 0.677344 0.305078 0.201562 0.233594 0.000378205
0 0.0246094 0.564062 0.0460938 0.41875 0.000391082
0 0.327734 0.285547 0.128906 0.174219 0.000410535
0 0.0289063 0.273047 0.053125 0.503906 0.000417976
0 0.0328125 0.440234 0.0625 0.628906 0.000457618
0 0.320703 0.507422 0.114844 0.199219 0.000502086
0 0.360547 0.571875 0.124219 0.271875 0.000509469
0 0.743359 0.0886719 0.447656 0.175781 0.000523021
0 0.816016 0.596875 0.105469 0.209375 0.000531772
0 0.709766 0.520312 0.207031 0.354688 0.000543658
0 0.838672 0.773828 0.116406 0.150781 0.000586632
0 0.785156 0.530859 0.0859375 0.103906 0.000597294
0 0.402734 0.639063 0.122656 0.16875 0.000641297
0 0.623438 0.235156 0.11875 0.125 0.00069245
0 0.727344 0.0355469 0.328125 0.0710938 0.000736119
0 0.693359 0.7 0.133594 0.214062 0.000736472
0 0.279297 0.620313 0.124219 0.326562 0.000771298
0 0.157422 0.111328 0.314844 0.213281 0.000788694
0 0.792188 0.0550781 0.404687 0.107031 0.000828346
0 0.303906 0.614844 0.10625 0.221875 0.00094975
0 0.357031 0.405469 0.182812 0.179688 0.000977253
0 0.805078 0.735547 0.0882813 0.110156 0.00105407
0 0.394531 0.265234 0.164062 0.180469 0.00113225
0 0.408203 0.677734 0.174219 0.192969 0.00124062
0 0.819141 0.661719 0.103906 0.203125 0.00127837
0 0.711719 0.650781 0.19375 0.307813 0.00128792
0 0.334766 0.444922 0.146094 0.169531 0.00129542
0 0.693359 0.4 0.241406 0.45 0.00133727
0 0.784766 0.617578 0.128906 0.213281 0.00138245
0 0.204688 0.0652344 0.396875 0.130469 0.00141557
0 0.313281 0.409766 0.0875 0.116406 0.00149129
0 0.641406 0.259375 0.160938 0.190625 0.00152287
0 0.333594 0.601172 0.290625 0.439844 0.00163024
0 0.765625 0.488672 0.15625 0.308594 0.00198102
0 0.362891 0.657422 0.174219 0.163281 0.00219823
0 0.782812 0.530469 0.121875 0.15 0.0024492
0 0.303516 0.441797 0.0804688 0.111719 0.00275739
0 0.341406 0.376563 0.301562 0.439063 0.00298549
0 0.39375 0.533594 0.214062 0.459375 0.00306117
0 0.787891 0.735156 0.136719 0.1625 0.00339805
0 0.797266 0.529688 0.127344 0.25 0.00436952
0 0.750781 0.720312 0.21875 0.225 0.00585445
0 0.319141 0.670313 0.161719 0.207813 0.00585764
0 0.825 0.615234 0.128125 0.372656 0.00606847
0 0.297266 0.472656 0.117969 0.310937 0.00827795
0 0.318359 0.553516 0.144531 0.394531 0.0146184
0 0.826563 0.727344 0.128125 0.2 0.0154016
0 0.353516 0.620703 0.203906 0.285156 0.0180219
0 0.357031 0.327344 0.204688 0.314063 0.021952
0 0.298438 0.431641 0.0984375 0.183594 0.0224067
0 0.735156 0.526563 0.245312 0.584375 0.0246228
0 0.782812 0.586328 0.167187 0.392969 0.0376803
0 0.34375 0.460547 0.189063 0.508594 0.0686138
0 0.313281 0.382812 0.11875 0.260938 0.0742595
0 0.796484 0.685547 0.164844 0.280469 0.0935513
