0 0.211719 0.233984 0.104687 0.128906 0.000110025
0 0.756641 0.573047 0.0851562 0.107031 0.00011011
0 0.170312 0.601172 0.295312 0.416406 0.000119091
0 0.652344 0.415234 0.1875 0.253906 0.000119907
0 0.935938 0.0671875 0.128125 0.134375 0.000120665
0 0.146484 0.283203 0.0507812 0.0710938 0.000130416
0 0.854688 0.059375 0.290625 0.11875 0.000135916
0 0.222656 0.629687 0.285937 0.253125 0.000159094
0 0.213672 0.504687 0.275781 0.370313 0.000187264
0 0.189453 0.403906 0.175781 0.4125 0.000188602
0 0.701953 0.583984 0.139844 0.119531 0.000195185
0 0.189844 0.265234 0.110937 0.124219 0.000238402
0 0.160156 0.277734 0.0734375 0.102344 0.000245724
0 0.694141 0.570703 0.296094 0.283594 0.000259368
0 0.719141 0.569531 0.0898438 0.0984375 0.000298939
0 0.251953 0.564062 0.188281 0.1875 0.000367589
0 0.728906 0.493359 0.148438 0.275781 0.00036762
0 0.675781 0.2 0.078125 0.084375 0.000387143
0 0.160938 0.495313 0.151562 0.292188 0.000456666
0 0.614453 0.536719 0.177344 0.16875 0.000515598
0 0.164844 0.592578 0.140625 0.153906 0.000598129
0 0.742188 0.586328 0.132812 0.150781 0.000851613
0 0.667578 0.488672 0.207031 0.260156 0.000933622
0 0.655078 0.571484 0.199219 0.157031 0.00123032
0 0.197656 0.555469 0.221875 0.226562 0.00251603
0 0.705078 0.549219 0.188281 0.178125 0.00717753
