0 0.765234 0.678125 0.103906 0.179688 0.00010415
0 0.281641 0.4875 0.0929687 0.13125 0.000105958
0 0.659766 0.648047 0.177344 0.457031 0.00011075
0 0.287891 0.507422 0.0617188 0.0882813 0.000112707
0 0.163281 0.85 0.214062 0.260938 0.000114386
0 0.844922 0.650391 0.185156 0.385156 0.000115371
0 0.303516 0.633984 0.0992187 0.172656 0.00011734
0 0.767969 0.474609 0.104687 0.239844 0.000124659
0 0.782031 0.617578 0.0890625 0.191406 0.000124691
0 0.677344 0.786719 0.129688 0.229687 0.000126714
0 0.542578 0.208984 0.524219 0.417969 0.000131754
0 0.802344 0.8625 0.08125 0.115625 0.000136556
0 0.755859 0.427734 0.0820312 0.178906 0.000138175
0 0.779297 0.551172 0.0804688 0.185156 0.00014173
0 0.688672 0.565625 0.164844 0.382812 0.000142049
0 0.152344 0.224609 0.304688 0.449219 0.0001429
0 0.242188 0.678906 0.101562 0.2 0.000150635
0 0.421875 0.650781 0.2 0.451562 0.000151485
0 0.638281 0.563281 0.301562 0.542188 0.000154203
0 0.932422 0.367578 0.135156 0.728906 0.000156083
0 0.362109 0.370703 0.480469 0.741406 0.00016338
0 0.223828 0.742578 0.108594 0.210156 0.000164962
0 0.432031 0.201172 0.410937 0.402344 0.000167948
0 0.887891 0.848828 0.217969 0.302344 0.000168946
0 0.904297 0.517969 0.191406 0.509375 0.000171162
0 0.282031 0.722266 0.1875 0.219531 0.000171813
0 0.525391 0.566016 0.416406 0.805469 0.000176522
0 0.721484 0.880859 0.236719 0.214844 0.000181343
0 0.365234 0.682031 0.127344 0.20625 0.000189422
0 0.10625 0.517578 0.2125 0.752344 0.000190503
0 0.812109 0.459375 0.375781 0.901563 0.000191667
0 0.734375 0.453125 0.145313 0.235938 0.00019694
0 0.278906 0.611719 0.1 0.146875 0.000201967
0 0.96875 0.566797 0.0625 0.717969 0.000206332
0 0.927344 0.196094 0.142188 0.392188 0.000216804
0 0.917188 0.764453 0.159375 0.471094 0.000238809
0 0.305078 0.780078 0.149219 0.194531 0.0002412
0 0.299219 0.517578 0.084375 0.155469 0.000241711
0 0.142188 0.698047 0.259375 0.553906 0.000253937
0 0.816406 0.700391 0.090625 0.196094 0.00025866
0 0.251953 0.611328 0.117969 0.267969 0.000263115
0 0.256641 0.799609 0.138281 0.178906 0.00027764
0 0.71875 0.573828 0.351562 0.722656 0.000282438
0 0.753516 0.387109 0.0679687 0.107031 0.000301082
0 0.764453 0.742578 0.135156 0.271094 0.000315129
0 0.742969 0.857422 0.146875 0.183594 0.000335372
0 0.309766 0.159375 0.461719 0.31875 0.00038005
0 0.715234 0.248437 0.569531 0.496875 0.000394592
0 0.830859 0.801562 0.292969 0.354688 0.00039472
0 0.192578 0.524609 0.378906 0.869531 0.000421278
0 0.298438 0.565234 0.375 0.727344 0.000435854
0 0.658984 0.782812 0.213281 0.298438 0.000449235
0 0.803516 0.764063 0.110156 0.2125 0.000450716
0 0.775391 0.565625 0.110156 0.317187 0.00047564
0 0.869141 0.307422 0.260156 0.614844 0.000489559
0 0.328125 0.701563 0.135937 0.270312 0.00050582
0 0.35625 0.576953 0.239063 0.482031 0.000513217
0 0.799609 0.660156 0.100781 0.228125 0.000518897
0 0.277344 0.250781 0.553125 0.501562 0.000522631
0 0.309766 0.827344 0.292969 0.251563 0.000555734
0 0.274609 0.566016 0.122656 0.221094 0.000568896
0 0.384375 0.801172 0.134375 0.199219 0.000597539
0 0.728516 0.573047 0.219531 0.514844 0.000633879
0 0.938672 0.603906 0.121094 0.75 0.000717375
0 0.210156 0.808203 0.140625 0.217969 0.000824319
0 0.833594 0.184375 0.332812 0.36875 0.00087878
0 0.533594 0.850781 0.398438 0.298438 0.00105798
0 0.284375 0.573828 0.15625 0.350781 0.00121761
0 0.790625 0.580859 0.18125 0.591406 0.00129956
0 0.242969 0.696484 0.15 0.336719 0.00138391
0 0.863672 0.623438 0.241406 0.714063 0.00160062
0 0.654688 0.799219 0.360938 0.367188 0.00161409
0 0.778906 0.653516 0.1375 0.374219 0.00203462
0 0.38125 0.7 0.170312 0.317187 0.00212995
0 0.801172 0.859766 0.136719 0.194531 0.0024624
0 0.827344 0.813672 0.135937 0.292969 0.00293283
0 0.601562 0.703125 0.40625 0.59375 0.00302809
0 0.454297 0.712891 0.338281 0.513281 0.00457203
0 0.416016 0.78125 0.238281 0.346875 0.00493946
0 0.304688 0.664844 0.229687 0.4 0.00504633
0 0.700781 0.825 0.201562 0.20625 0.00514381
0 0.802734 0.739062 0.130469 0.357812 0.00654196
0 0.250781 0.78125 0.195312 0.254687 0.00680116
0 0.746484 0.723047 0.211719 0.422656 0.00971679
0 0.353906 0.769531 0.207813 0.267188 0.0230332
0 0.776563 0.815625 0.192188 0.257812 0.0393895
