0 0.639453 0.803125 0.0632813 0.065625 0.0001009
0 0.162109 0.760938 0.149219 0.19375 0.000105565
0 0.78125 0.322266 0.253125 0.264844 0.000106817
0 0.925 0.769141 0.14375 0.330469 0.000107496
0 0.379687 0.394141 0.207813 0.228906 0.000108464
0 0.183203 0.680469 0.136719 0.253125 0.000110283
0 0.850391 0.692969 0.0867188 0.0921875 0.000112402
0 0.8125 0.342969 0.09375 0.084375 0.000115528
0 0.409375 0.555078 0.16875 0.310156 0.000117299
0 0.758203 0.657422 0.142969 0.178906 0.000117567
0 0.807813 0.403906 0.2 0.210938 0.000118389
0 0.698047 0.735156 0.167969 0.176563 0.000121802
0 0.304688 0.308203 0.0796875 0.0710938 0.000123796
0 0.867188 0.732031 0.171875 0.148438 0.000137439
0 0.850781 0.508984 0.154687 0.197656 0.000140134
0 0.562109 0.0425781 0.246094 0.0835937 0.000141026
0 0.167969 0.649609 0.210938 0.447656 0.000160261
0 0.259375 0.424219 0.084375 0.117188 0.00016317
0 0.704297 0.658984 0.139844 0.210156 0.000165577
0 0.186328 0.78125 0.297656 0.29375 0.000170668
0 0.384375 0.680859 0.139062 0.155469 0.000170682
0 0.278125 0.353516 0.0875 0.111719 0.000177116
0 0.901172 0.578516 0.122656 0.211719 0.000180907
0 0.292188 0.383984 0.0921875 0.0992187 0.00018179
0 0.2375 0.617188 0.134375 0.234375 0.0001994
0 0.917578 0.862891 0.152344 0.274219 0.000206674
0 0.242969 0.401563 0.295312 0.332812 0.000208018
0 0.884375 0.60625 0.23125 0.40625 0.000219561
0 0.245312 0.765234 0.142188 0.153906 0.000220856
0 0.305859 0.885156 0.367969 0.225 0.000222962
0 0.775 0.754297 0.346875 0.307031 0.00022942
0 0.803516 0.675 0.138281 0.145313 0.000233988
0 0.871484 0.709766 0.0867188 0.0867188 0.000236902
0 0.305859 0.337891 0.330469 0.347656 0.000242387
0 0.304688 0.308203 0.10625 0.110156 0.000289972
0 0.377734 0.726953 0.186719 0.191406 0.000297144
0 0.839453 0.316016 0.0445312 0.0585938 0.000331519
0 0.2375 0.530859 0.121875 0.235156 0.000339644
0 0.570703 0.0734375 0.292969 0.146875 0.000349166
0 0.85 0.573047 0.132812 0.217969 0.000363793
0 0.382031 0.649609 0.176563 0.258594 0.000372911
0 0.847656 0.655469 0.140625 0.154687 0.000376397
0 0.906641 0.444141 0.166406 0.472656 0.000428212
0 0.240234 0.683203 0.177344 0.203906 0.000478645
0 0.832031 0.326562 0.084375 0.104687 0.000512346
0 0.817187 0.339063 0.151562 0.167187 0.000538929
0 0.890625 0.665625 0.0875 0.101562 0.000549199
0 0.319922 0.329688 0.141406 0.179688 0.000563558
0 0.214062 0.482031 0.1625 0.440625 0.000620682
0 0.742578 0.611719 0.228906 0.325 0.00064412
0 0.878125 0.740234 0.215625 0.250781 0.000715838
0 0.753125 0.520703 0.31875 0.550781 0.000794178
0 0.846875 0.616406 0.190625 0.195312 0.000833527
0 0.911719 0.711328 0.126563 0.128906 0.000849877
0 0.844141 0.351953 0.0851562 0.124219 0.00100073
0 0.224219 0.800781 0.232812 0.171875 0.0011773
0 0.279297 0.341016 0.128906 0.171094 0.00120912
0 0.912891 0.649219 0.128906 0.198437 0.00161751
0 0.324609 0.441016 0.225781 0.271094 0.00168362
0 0.834766 0.327734 0.0664062 0.0664062 0.00172911
0 0.200391 0.730859 0.205469 0.257031 0.00209831
0 0.882422 0.469141 0.127344 0.275781 0.00217888
0 0.330078 0.636719 0.255469 0.335938 0.00260397
0 0.858984 0.414453 0.144531 0.266406 0.0029931
0 0.308594 0.383984 0.171875 0.182031 0.00364845
0 0.737891 0.694531 0.208594 0.217187 0.00379313
0 0.81875 0.68125 0.265625 0.198437 0.00394203
0 0.812109 0.432031 0.250781 0.41875 0.00475652
0 0.303516 0.803125 0.299219 0.204688 0.00499521
0 0.231641 0.627344 0.205469 0.407813 0.00580695
0 0.275391 0.550781 0.233594 0.478125 0.00627747
0 0.888672 0.691016 0.113281 0.107031 0.00835278
0 0.889453 0.596094 0.166406 0.317187 0.00874631
0 0.248828 0.427344 0.122656 0.225 0.0101356
0 0.260938 0.386719 0.084375 0.0984375 0.0148206
0 0.283984 0.733203 0.294531 0.264844 0.0180664
0 0.884375 0.684375 0.16875 0.14375 0.0182465
0 0.817578 0.600391 0.285156 0.371094 0.0215187
0 0.269141 0.388281 0.121094 0.151562 0.0345824
0 0.863281 0.513672 0.2 0.449219 0.207833
