0 0.727734 0.314453 0.160156 0.232031 0.00010026
0 0.9 0.630078 0.110937 0.261719 0.000101951
0 0.738672 0.491406 0.102344 0.167187 0.000110903
0 0.9125 0.480859 0.151562 0.536719 0.000114211
0 0.340234 0.407031 0.171094 0.296875 0.000116014
0 0.300781 0.769141 0.185937 0.274219 0.000119213
0 0.448438 0.484375 0.196875 0.404687 0.000120871
0 0.366016 0.485156 0.0914062 0.115625 0.000122273
0 0.761328 0.574219 0.127344 0.167187 0.000123254
0 0.353516 0.411328 0.102344 0.172656 0.000124596
0 0.382422 0.758203 0.0929687 0.114844 0.000125756
0 0.385156 0.388281 0.10625 0.167187 0.000142362
0 0.789062 0.328906 0.220313 0.264062 0.000148296
0 0.846094 0.590625 0.178125 0.195312 0.00015415
0 0.846875 0.71875 0.232812 0.221875 0.000156292
0 0.366016 0.448047 0.0867188 0.117969 0.000157111
0 0.746484 0.382812 0.200781 0.29375 0.000167252
0 0.361719 0.741406 0.09375 0.114063 0.000174696
0 0.398438 0.505078 0.134375 0.185156 0.00017666
0 0.334766 0.702344 0.0914062 0.245312 0.000176878
0 0.807031 0.553125 0.2 0.207813 0.000177676
0 0.367969 0.571484 0.129688 0.288281 0.000183375
0 0.773047 0.616016 0.292969 0.489844 0.000189064
0 0.382031 0.791406 0.148438 0.195312 0.000190924
0 0.449609 0.345703 0.164844 0.238281 0.000199062
0 0.430469 0.803516 0.270312 0.228906 0.000204084
0 0.480469 0.624219 0.203125 0.41875 0.000209749
0 0.924609 0.634375 0.141406 0.428125 0.000252797
0 0.860547 0.363281 0.0554687 0.084375 0.000264535
0 0.857813 0.372266 0.0765625 0.122656 0.000287014
0 0.399609 0.430078 0.152344 0.205469 0.000320073
0 0.367578 0.685938 0.142969 0.28125 0.000320514
0 0.830078 0.462891 0.133594 0.186719 0.000341939
0 0.292969 0.559375 0.321875 0.678125 0.000427196
0 0.403516 0.703516 0.147656 0.210156 0.000447276
0 0.346484 0.777734 0.0835937 0.114844 0.000541491
0 0.780078 0.687891 0.152344 0.214844 0.000581945
0 0.790625 0.447656 0.239063 0.375 0.000586179
0 0.747656 0.526953 0.153125 0.280469 0.000617088
0 0.883594 0.566797 0.120312 0.264844 0.000659213
0 0.440234 0.739062 0.144531 0.16875 0.000659802
0 0.768359 0.604297 0.171094 0.289844 0.000824288
0 0.448828 0.485547 0.249219 0.641406 0.000974226
0 0.333203 0.691016 0.153906 0.363281 0.00132952
0 0.853125 0.415234 0.117188 0.202344 0.00134829
0 0.452344 0.734766 0.225 0.219531 0.00159752
0 0.812109 0.658203 0.221094 0.307031 0.00197241
0 0.344531 0.565234 0.154687 0.425781 0.00205885
0 0.36875 0.468359 0.123438 0.207031 0.00286687
0 0.403516 0.415234 0.196094 0.338281 0.00307726
0 0.851953 0.454688 0.157031 0.309375 0.00410937
0 0.879687 0.585547 0.159375 0.430469 0.00589552
0 0.341406 0.763281 0.11875 0.207813 0.00602489
0 0.40625 0.727344 0.284375 0.3125 0.0175597
0 0.36875 0.482812 0.160938 0.342187 0.0243793
0 0.391016 0.750781 0.205469 0.207813 0.123866
0 0.393359 0.557813 0.210156 0.554688 0.374186
0 0.830078 0.538281 0.233594 0.45625 0.42888
