0 0.744141 0.491016 0.192969 0.192969 0.000100079
0 0.153906 0.203125 0.30625 0.40625 0.000101654
0 0.764453 0.161719 0.183594 0.239063 0.000102519
0 0.95 0.0691406 0.0984375 0.138281 0.000103132
0 0.761328 0.384766 0.180469 0.189844 0.000104014
0 0.741016 0.281641 0.196094 0.205469 0.000104909
0 0.444141 0.383984 0.463281 0.767969 0.000105056
0 0.922656 0.680078 0.121875 0.314844 0.000105171
0 0.770312 0.707031 0.167187 0.14375 0.000107209
0 0.783984 0.652734 0.0882813 0.0914062 0.000109721
0 0.975391 0.476562 0.0492188 0.545313 0.000119652
0 0.973828 0.807422 0.0523437 0.385156 0.000120616
0 0.147266 0.0761719 0.294531 0.152344 0.000121742
0 0.18125 0.550781 0.290625 0.4125 0.000122814
0 0.841016 0.489453 0.0914062 0.100781 0.000124623
0 0.9625 0.125 0.075 0.25 0.0001285
0 0.257812 0.532812 0.142188 0.165625 0.00014069
0 0.0449219 0.433594 0.0882813 0.7375 0.000143986
0 0.690234 0.542188 0.144531 0.229687 0.000149572
0 0.783594 0.342187 0.146875 0.167187 0.000150744
0 0.667969 0.431641 0.148438 0.255469 0.000157635
0 0.985937 0.424219 0.0265625 0.240625 0.00016444
0 0.974609 0.266797 0.0507812 0.533594 0.000172042
0 0.318359 0.526563 0.0789063 0.0953125 0.000172454
0 0.307031 0.0882813 0.326562 0.175 0.000176621
0 0.759766 0.596484 0.142969 0.180469 0.000180615
0 0.345703 0.583203 0.150781 0.192969 0.00018503
0 0.783203 0.448438 0.169531 0.192188 0.000190167
0 0.339063 0.278516 0.220313 0.196094 0.000199493
0 0.717578 0.715625 0.0976562 0.132812 0.000199838
0 0.383203 0.117188 0.196094 0.214062 0.000200385
0 0.176172 0.488281 0.103906 0.195312 0.000214974
0 0.190625 0.365625 0.303125 0.670313 0.000218541
0 0.688672 0.692187 0.147656 0.195312 0.000219354
0 0.346484 0.432422 0.257031 0.599219 0.000221219
0 0.698828 0.144531 0.225781 0.254687 0.000224048
0 0.783594 0.674219 0.123438 0.123438 0.000243116
0 0.3625 0.157813 0.15 0.134375 0.000247344
0 0.249609 0.221094 0.139844 0.257812 0.000254429
0 0.280078 0.56875 0.213281 0.190625 0.00025694
0 0.828906 0.310937 0.285937 0.575 0.000259274
0 0.742188 0.633594 0.132812 0.140625 0.000279691
0 0.266016 0.282031 0.194531 0.203125 0.000301411
0 0.818359 0.648438 0.0820312 0.0875 0.000303001
0 0.983984 0.434375 0.0320312 0.421875 0.000327505
0 0.824609 0.387109 0.136719 0.263281 0.000335372
0 0.660937 0.348828 0.157813 0.282031 0.000340532
0 0.909766 0.521484 0.132031 0.430469 0.000352072
0 0.785547 0.532031 0.142969 0.2375 0.000371243
0 0.942187 0.282813 0.115625 0.565625 0.00038348
0 0.707031 0.523438 0.2125 0.325 0.000412514
0 0.383984 0.199609 0.219531 0.332031 0.000421393
0 0.901563 0.632812 0.101562 0.18125 0.000431539
0 0.216797 0.551172 0.141406 0.180469 0.000471224
0 0.807031 0.4875 0.0828125 0.096875 0.000514027
0 0.807422 0.299609 0.127344 0.197656 0.000610037
0 0.735156 0.673828 0.1625 0.172656 0.000615166
0 0.167969 0.557031 0.146875 0.25 0.000616292
0 0.826953 0.571484 0.139844 0.219531 0.00061876
0 0.328906 0.466797 0.16875 0.302344 0.000646732
0 0.265234 0.487109 0.241406 0.310156 0.000667414
0 0.257812 0.157422 0.31875 0.314844 0.000722736
0 0.707031 0.600781 0.160938 0.214062 0.000763394
0 0.881641 0.535547 0.116406 0.208594 0.000808008
0 0.86875 0.405859 0.173438 0.525781 0.000842991
0 0.794531 0.648828 0.323438 0.267969 0.000949617
0 0.324609 0.157031 0.208594 0.176563 0.00103322
0 0.698828 0.392969 0.224219 0.378125 0.0012021
0 0.803906 0.633203 0.129688 0.103906 0.0012601
0 0.242969 0.312891 0.221875 0.422656 0.00132835
0 0.768359 0.355469 0.232031 0.370313 0.00147084
0 0.308203 0.529297 0.155469 0.172656 0.00153714
0 0.80625 0.487109 0.129688 0.152344 0.00181171
0 0.728125 0.232422 0.259375 0.392969 0.00199493
0 0.301953 0.236328 0.222656 0.216406 0.00210848
0 0.844141 0.489453 0.132031 0.241406 0.00242759
0 0.823047 0.305078 0.171094 0.324219 0.00252757
0 0.840234 0.635156 0.174219 0.173438 0.00256226
0 0.783984 0.247656 0.186719 0.289062 0.0027746
0 0.224609 0.545703 0.222656 0.230469 0.00548126
0 0.220313 0.449219 0.21875 0.448438 0.00556914
0 0.780469 0.637109 0.210938 0.185156 0.00607435
0 0.883984 0.59375 0.147656 0.2625 0.0073354
0 0.782812 0.561719 0.259375 0.282813 0.0120548
0 0.747656 0.378906 0.3 0.592188 0.0193832
0 0.850391 0.539453 0.191406 0.339844 0.0499265
0 0.285547 0.338281 0.325781 0.603125 0.0649868
0 0.810938 0.458203 0.242188 0.463281 0.0686728
0 0.309766 0.222656 0.271094 0.35625 0.320858
