0 0.759766 0.592578 0.161719 0.188281 0.00010028
0 0.668359 0.890625 0.277344 0.21875 0.000101597
0 0.802344 0.698047 0.139062 0.280469 0.000101982
0 0.68125 0.726172 0.348437 0.525781 0.000104364
0 0.815625 0.514063 0.08125 0.167187 0.000112149
0 0.258984 0.735937 0.0898438 0.110937 0.000114148
0 0.40625 0.693359 0.125 0.203906 0.000123599
0 0.323438 0.773828 0.148438 0.166406 0.000126092
0 0.737891 0.349609 0.194531 0.286719 0.000127316
0 0.7 0.2875 0.09375 0.0828125 0.000131045
0 0.823828 0.940625 0.194531 0.11875 0.000132558
0 0.914062 0.861719 0.171875 0.276563 0.000137988
0 0.673828 0.566797 0.0789063 0.111719 0.000140556
0 0.259766 0.685547 0.163281 0.199219 0.000142997
0 0.760156 0.512891 0.0890625 0.103906 0.000145665
0 0.694141 0.471875 0.146094 0.1875 0.000158673
0 0.720703 0.571094 0.153906 0.167187 0.000167682
0 0.425391 0.428125 0.108594 0.207813 0.000171817
0 0.275781 0.833984 0.260938 0.261719 0.000174791
0 0.240625 0.523438 0.170312 0.476562 0.000182151
0 0.366016 0.562109 0.180469 0.235156 0.000187017
0 0.797266 0.551953 0.122656 0.178906 0.000188022
0 0.715625 0.282422 0.13125 0.125781 0.000191073
0 0.773828 0.343359 0.127344 0.221094 0.000205165
0 0.762891 0.766016 0.191406 0.210156 0.000205979
0 0.681641 0.604297 0.142969 0.266406 0.000215168
0 0.269141 0.354688 0.128906 0.220313 0.000220786
0 0.743359 0.909766 0.250781 0.180469 0.000238411
0 0.779297 0.300781 0.0851562 0.15625 0.000268046
0 0.742578 0.861328 0.150781 0.225781 0.000268615
0 0.35 0.446875 0.253125 0.457812 0.000292516
0 0.298828 0.722656 0.152344 0.1875 0.000319376
0 0.753516 0.476172 0.291406 0.461719 0.000330337
0 0.380469 0.804297 0.171875 0.194531 0.000335047
0 0.759766 0.473828 0.130469 0.174219 0.000335797
0 0.408594 0.553906 0.126563 0.139062 0.000354392
0 0.419531 0.352344 0.125 0.265625 0.000389819
0 0.398438 0.617188 0.139062 0.228125 0.000418351
0 0.249609 0.441406 0.135156 0.296875 0.00044025
0 0.280859 0.773828 0.146094 0.192969 0.00045526
0 0.199219 0.728516 0.170312 0.249219 0.000488621
0 0.832031 0.654688 0.190625 0.584375 0.000493624
0 0.785547 0.881641 0.150781 0.217969 0.000497926
0 0.753125 0.288672 0.159375 0.174219 0.000532854
0 0.885156 0.916406 0.217187 0.167187 0.000611818
0 0.685547 0.728516 0.185156 0.319531 0.000650817
0 0.802344 0.807813 0.148438 0.273438 0.000785219
0 0.708984 0.524609 0.153906 0.161719 0.000966347
0 0.340234 0.290234 0.224219 0.214844 0.00109505
0 0.792969 0.4875 0.123438 0.229687 0.00112552
0 0.840625 0.826953 0.117188 0.277344 0.00140423
0 0.797266 0.5625 0.157031 0.417188 0.00159894
0 0.767578 0.4375 0.174219 0.342187 0.00162631
0 0.299609 0.557422 0.266406 0.563281 0.00178299
0 0.339063 0.792969 0.254687 0.264062 0.00183488
0 0.375 0.727734 0.171875 0.225781 0.00217764
0 0.744141 0.610156 0.227344 0.520312 0.00221449
0 0.239063 0.668359 0.173438 0.339844 0.00244551
0 0.838672 0.782031 0.158594 0.409375 0.00281653
0 0.333594 0.661719 0.254687 0.334375 0.00374334
0 0.236328 0.782422 0.211719 0.252344 0.00612393
0 0.241406 0.742969 0.146875 0.198437 0.00627167
0 0.705859 0.819141 0.224219 0.310156 0.00695579
0 0.759375 0.530469 0.189063 0.203125 0.0102238
0 0.836719 0.882031 0.18125 0.235938 0.0113086
0 0.780078 0.729688 0.235156 0.492188 0.0221837
0 0.291016 0.742188 0.278906 0.235938 0.108096
0 0.776953 0.852734 0.264844 0.294531 0.153572
