0 0.182812 0.442969 0.084375 0.120312 0.000100758
0 0.193359 0.746094 0.246094 0.25625 0.000102233
0 0.783594 0.732031 0.145313 0.178125 0.000102357
0 0.368359 0.609375 0.153906 0.248437 0.000106851
0 0.781641 0.661328 0.0882813 0.110156 0.000107183
0 0.726953 0.357812 0.207031 0.328125 0.000108289
0 0.240234 0.350391 0.0757812 0.107031 0.000111641
0 0.728906 0.311328 0.104687 0.144531 0.000113992
0 0.760156 0.354688 0.0984375 0.151562 0.000115012
0 0.708203 0.280859 0.291406 0.313281 0.000118741
0 0.14375 0.0625 0.2875 0.125 0.000121203
0 0.891797 0.0617188 0.216406 0.120312 0.000123977
0 0.835938 0.698047 0.0875 0.114844 0.000126536
0 0.192578 0.467187 0.117969 0.184375 0.000127048
0 0.642578 0.209375 0.280469 0.292188 0.00013156
0 0.730859 0.0398437 0.292969 0.078125 0.000139939
0 0.696875 0.26875 0.101562 0.115625 0.00014402
0 0.664844 0.612109 0.175 0.250781 0.000159368
0 0.878516 0.285156 0.242969 0.570312 0.00016408
0 0.742578 0.714063 0.146094 0.16875 0.000170606
0 0.978516 0.520312 0.0429688 0.479688 0.000175123
0 0.695703 0.745313 0.261719 0.209375 0.000180442
0 0.282031 0.672266 0.148438 0.164844 0.000181472
0 0.342969 0.578516 0.142188 0.157031 0.000188573
0 0.233984 0.58125 0.244531 0.292188 0.000199522
0 0.969141 0.354688 0.0601562 0.69375 0.000208607
0 0.649219 0.0644531 0.379687 0.125781 0.000214011
0 0.700781 0.574219 0.164062 0.225 0.000235697
0 0.863672 0.116797 0.272656 0.230469 0.000246981
0 0.941797 0.366406 0.116406 0.732813 0.000248449
0 0.164844 0.619531 0.157813 0.254687 0.000267668
0 0.773438 0.478906 0.170312 0.389062 0.000315175
0 0.721484 0.1125 0.410156 0.217187 0.00032308
0 0.729297 0.199219 0.464844 0.38125 0.000335868
0 0.803516 0.68125 0.0914062 0.1125 0.000379376
0 0.241016 0.657422 0.150781 0.180469 0.000425016
0 0.792188 0.0667969 0.367188 0.128906 0.000449325
0 0.774219 0.741406 0.246875 0.232812 0.00045816
0 0.332812 0.674609 0.210938 0.211719 0.000481157
0 0.834766 0.661328 0.117969 0.197656 0.000499962
0 0.269141 0.722266 0.302344 0.221094 0.00052327
0 0.801953 0.641016 0.135156 0.210156 0.00121099
0 0.742969 0.642578 0.190625 0.203906 0.00141383
0 0.688281 0.695312 0.19375 0.214062 0.00165262
0 0.830469 0.715234 0.142188 0.196094 0.00268429
0 0.78125 0.598828 0.190625 0.310156 0.00282417
0 0.184375 0.688281 0.195312 0.21875 0.00326256
0 0.301953 0.623828 0.227344 0.224219 0.00361386
0 0.746484 0.658594 0.278906 0.295312 0.00456153
0 0.242578 0.656641 0.282031 0.228906 0.0372733
0 0.784766 0.684766 0.196094 0.203906 0.0453401
