0 0.116016 0.932813 0.232031 0.128125 0.000101388
0 0.441016 0.234375 0.135156 0.121875 0.000108596
0 0.330469 0.411719 0.071875 0.0984375 0.000118398
0 0.358984 0.337109 0.0804688 0.111719 0.00012002
0 0.410547 0.557813 0.139844 0.215625 0.000121424
0 0.155469 0.778906 0.310937 0.442187 0.000126082
0 0.357422 0.303125 0.0742188 0.084375 0.000127577
0 0.818359 0.490234 0.285156 0.508594 0.000129258
0 0.86875 0.406641 0.134375 0.303906 0.000129556
0 0.710938 0.148828 0.101562 0.0992187 0.000132465
0 0.352734 0.664844 0.207031 0.176563 0.000136464
0 0.365625 0.63125 0.14375 0.13125 0.000142381
0 0.377734 0.217578 0.0523437 0.0570313 0.000143875
0 0.854297 0.553906 0.0804688 0.0875 0.000144832
0 0.466016 0.164062 0.358594 0.2375 0.000148532
0 0.0714844 0.6125 0.142969 0.471875 0.000154643
0 0.860156 0.263281 0.0609375 0.0875 0.000155495
0 0.819922 0.294141 0.0835937 0.111719 0.000161289
0 0.806641 0.158984 0.0867188 0.103906 0.000165963
0 0.848828 0.655859 0.0898438 0.0976562 0.000165985
0 0.387891 0.232422 0.0679687 0.0929687 0.000185696
0 0.420703 0.254297 0.0648438 0.0664062 0.000192326
0 0.348437 0.612891 0.278125 0.311719 0.000198828
0 0.283594 0.692578 0.040625 0.0820312 0.000207883
0 0.428906 0.610937 0.0875 0.110937 0.000213975
0 0.34375 0.319922 0.065625 0.0867188 0.000222144
0 0.850781 0.382031 0.110937 0.15 0.00023166
0 0.420703 0.251172 0.172656 0.216406 0.000247052
0 0.833203 0.195703 0.0554687 0.0789063 0.000247403
0 0.812891 0.20625 0.135156 0.210938 0.000248763
0 0.374219 0.403125 0.146875 0.220313 0.000259708
0 0.338281 0.485156 0.0859375 0.109375 0.000261807
0 0.810547 0.237109 0.0554687 0.0898438 0.000280424
0 0.114063 0.865625 0.228125 0.26875 0.00028163
0 0.910547 0.567969 0.125781 0.321875 0.000282137
0 0.406641 0.255859 0.0914062 0.102344 0.000293813
0 0.741016 0.161719 0.147656 0.145313 0.000301442
0 0.760156 0.601562 0.129688 0.196875 0.000311288
0 0.789062 0.172656 0.151562 0.132812 0.000311937
0 0.3625 0.575 0.139062 0.201562 0.000322908
0 0.364844 0.279687 0.096875 0.140625 0.000325623
0 0.883203 0.512109 0.0914062 0.203906 0.000334024
0 0.869531 0.714844 0.135937 0.120312 0.00033404
0 0.903906 0.681641 0.0828125 0.113281 0.000340876
0 0.0777344 0.775391 0.155469 0.449219 0.000348466
0 0.319531 0.653516 0.1125 0.133594 0.000362073
0 0.840625 0.652734 0.2875 0.272656 0.000368707
0 0.883203 0.597656 0.0804688 0.11875 0.000388184
0 0.35 0.356641 0.1 0.183594 0.000400898
0 0.455469 0.637109 0.117188 0.169531 0.000403887
0 0.299219 0.672266 0.0734375 0.116406 0.000404784
0 0.444531 0.576563 0.114063 0.153125 0.000432605
0 0.8375 0.260156 0.08125 0.117188 0.000438052
0 0.331641 0.450781 0.0835937 0.115625 0.000510535
0 0.881641 0.430078 0.0851562 0.147656 0.000517184
0 0.324609 0.507031 0.102344 0.171875 0.000549294
0 0.882422 0.6375 0.0835937 0.115625 0.000616737
0 0.870313 0.572266 0.078125 0.100781 0.000628932
0 0.489844 0.153906 0.235938 0.170312 0.000665539
0 0.388281 0.246875 0.115625 0.15 0.000670741
0 0.853906 0.55625 0.125 0.18125 0.000701651
0 0.821484 0.239063 0.0742188 0.1375 0.000735685
0 0.105859 0.630859 0.211719 0.738281 0.000856648
0 0.435937 0.184766 0.196875 0.161719 0.000995749
0 0.872656 0.403906 0.08125 0.0859375 0.00101216
0 0.820703 0.189453 0.0804688 0.113281 0.00102933
0 0.342969 0.415234 0.09375 0.157031 0.00104655
0 0.830859 0.671875 0.192969 0.154687 0.0011004
0 0.40625 0.213281 0.128125 0.132812 0.00112172
0 0.389844 0.530078 0.217187 0.302344 0.00118399
0 0.898047 0.631641 0.0945313 0.171094 0.0012833
0 0.428906 0.612109 0.129688 0.155469 0.00184762
0 0.323438 0.605859 0.13125 0.221094 0.0018612
0 0.39375 0.207422 0.075 0.0695312 0.00208934
0 0.872266 0.505859 0.117969 0.321094 0.00259846
0 0.883203 0.676172 0.0882813 0.0882813 0.00293395
0 0.821484 0.582812 0.214844 0.2625 0.0029842
0 0.328906 0.523438 0.135937 0.282813 0.00368057
0 0.778906 0.642578 0.192188 0.192969 0.00626818
0 0.337109 0.461719 0.114844 0.189063 0.00713249
0 0.884375 0.579687 0.109375 0.229687 0.00728707
0 0.387109 0.611328 0.221094 0.191406 0.00801602
0 0.867578 0.676562 0.135156 0.115625 0.0132002
0 0.85625 0.628906 0.16875 0.201562 0.0342251
