0 0.0195312 0.728125 0.0390625 0.298438 0.000101166
0 0.683984 0.262891 0.172656 0.178906 0.000102007
0 0.347656 0.198828 0.132812 0.158594 0.000102425
0 0.325781 0.11875 0.18125 0.139062 0.000103028
0 0.485938 0.15 0.332812 0.3 0.000104526
0 0.760938 0.137109 0.065625 0.0945313 0.000106632
0 0.679297 0.6375 0.142969 0.204688 0.000112435
0 0.691797 0.171484 0.335156 0.294531 0.000114104
0 0.719141 0.514063 0.130469 0.220313 0.000114575
0 0.376172 0.160156 0.330469 0.257812 0.000118751
0 0.0128906 0.654297 0.0242187 0.227344 0.000125647
0 0.796875 0.679688 0.0703125 0.090625 0.000126829
0 0.303516 0.666016 0.197656 0.196094 0.000131861
0 0.741797 0.653906 0.0835937 0.101562 0.000135912
0 0.388281 0.405469 0.121875 0.148438 0.000140043
0 0.300781 0.321875 0.123438 0.209375 0.000140338
0 0.735937 0.285156 0.0875 0.0984375 0.000144283
0 0.786328 0.481641 0.142969 0.489844 0.000151551
0 0.283203 0.5125 0.149219 0.20625 0.000151668
0 0.766016 0.195312 0.0945313 0.165625 0.000152193
0 0.739453 0.719141 0.175781 0.158594 0.000154237
0 0.260156 0.671484 0.13125 0.150781 0.000156433
0 0.425391 0.356641 0.203906 0.499219 0.000168094
0 0.422266 0.389453 0.153906 0.291406 0.000173709
0 0.773047 0.130078 0.0414063 0.0710938 0.000174629
0 0.738672 0.14375 0.0867188 0.110937 0.000182467
0 0.757812 0.34375 0.132812 0.189063 0.000188056
0 0.299219 0.427344 0.121875 0.221875 0.000190026
0 0.669922 0.48125 0.185156 0.396875 0.000190048
0 0.303125 0.157422 0.078125 0.0898438 0.000197282
0 0.487109 0.387891 0.475781 0.760156 0.000198459
0 0.720703 0.3875 0.135156 0.234375 0.000202945
0 0.69375 0.108203 0.109375 0.117969 0.000209341
0 0.742578 0.15 0.0429688 0.0625 0.000211405
0 0.742578 0.576172 0.138281 0.257031 0.000212995
0 0.6 0.184766 0.376563 0.369531 0.000216054
0 0.319922 0.158203 0.114844 0.125781 0.000239877
0 0.71875 0.340625 0.0859375 0.0953125 0.000243912
0 0.758594 0.134766 0.040625 0.0648438 0.000260342
0 0.267188 0.406641 0.115625 0.283594 0.000288351
0 0.301953 0.573438 0.147656 0.240625 0.000290877
0 0.384375 0.226562 0.192188 0.310937 0.000297728
0 0.796875 0.676953 0.096875 0.139844 0.00034164
0 0.664844 0.609375 0.2125 0.303125 0.000365044
0 0.387891 0.54375 0.147656 0.223438 0.000377777
0 0.385156 0.433203 0.171875 0.321094 0.000388007
0 0.340625 0.627344 0.20625 0.229687 0.000429554
0 0.737891 0.264062 0.121094 0.15625 0.000431114
0 0.726172 0.635547 0.130469 0.180469 0.000462041
0 0.344141 0.532031 0.139844 0.228125 0.000557251
0 0.283984 0.31875 0.132031 0.340625 0.000591552
0 0.699609 0.160156 0.169531 0.2625 0.000613599
0 0.741406 0.244922 0.146875 0.257031 0.00063984
0 0.321484 0.226953 0.169531 0.282031 0.000730124
0 0.363672 0.153906 0.189844 0.20625 0.000756448
0 0.787891 0.614062 0.141406 0.270312 0.000777105
0 0.689844 0.375391 0.2 0.330469 0.000805354
0 0.695312 0.238281 0.201562 0.309375 0.000853389
0 0.721094 0.321484 0.125 0.150781 0.000898326
0 0.698047 0.680469 0.213281 0.2125 0.00112643
0 0.347266 0.308984 0.219531 0.424219 0.00165074
0 0.746875 0.379687 0.159375 0.360938 0.00232429
0 0.265625 0.473437 0.15625 0.40625 0.0024558
0 0.764844 0.675391 0.159375 0.196094 0.00257465
0 0.265234 0.610156 0.175781 0.279687 0.00266406
0 0.721094 0.310156 0.16875 0.228125 0.00436718
0 0.303906 0.395312 0.190625 0.509375 0.00471509
0 0.722656 0.473437 0.209375 0.498437 0.00575087
0 0.733594 0.632031 0.209375 0.264062 0.00943296
0 0.302734 0.555859 0.225781 0.330469 0.0151829
