0 0.687109 0.792578 0.308594 0.292969 0.000100414
0 0.891797 0.850781 0.196094 0.23125 0.000102592
0 0.782031 0.398438 0.0765625 0.11875 0.000103753
0 0.832812 0.786328 0.06875 0.105469 0.000104228
0 0.787109 0.344531 0.0382813 0.0625 0.00010581
0 0.239453 0.761719 0.0929687 0.1125 0.000108377
0 0.655469 0.6875 0.115625 0.125 0.000113371
0 0.737109 0.589063 0.0789063 0.0921875 0.00011882
0 0.321484 0.704687 0.150781 0.190625 0.000124182
0 0.827734 0.742969 0.125781 0.275 0.000127746
0 0.975391 0.730859 0.0492188 0.360156 0.000135385
0 0.740234 0.605078 0.152344 0.214844 0.000136484
0 0.651563 0.359375 0.08125 0.096875 0.000139535
0 0.2375 0.610156 0.125 0.29375 0.000145639
0 0.787109 0.835938 0.138281 0.126563 0.000172437
0 0.401172 0.779297 0.128906 0.142969 0.000183681
0 0.819141 0.834766 0.0835937 0.103906 0.000218204
0 0.677734 0.705859 0.169531 0.192969 0.000218204
0 0.725391 0.546875 0.205469 0.329688 0.000230097
0 0.304297 0.805469 0.310156 0.257812 0.00023132
0 0.247266 0.532031 0.119531 0.164062 0.000232421
0 0.743359 0.764063 0.146094 0.18125 0.00024631
0 0.785937 0.783594 0.0890625 0.109375 0.000291228
0 0.241406 0.701172 0.129688 0.249219 0.000371653
0 0.273828 0.568359 0.207031 0.392969 0.000379083
0 0.835156 0.834375 0.103125 0.151562 0.000392313
0 0.769531 0.665234 0.190625 0.388281 0.000392773
0 0.378516 0.723828 0.147656 0.192969 0.000448177
0 0.778125 0.817187 0.298438 0.242188 0.000479225
0 0.323828 0.761328 0.0882813 0.0992187 0.000483765
0 0.279687 0.723047 0.151562 0.186719 0.000521162
0 0.709375 0.800391 0.195312 0.192969 0.000627163
0 0.305469 0.773047 0.14375 0.128906 0.00108281
0 0.797266 0.766406 0.119531 0.192188 0.00191416
0 0.307422 0.663281 0.271094 0.34375 0.00207432
0 0.741406 0.745313 0.228125 0.259375 0.00217036
0 0.248437 0.760547 0.159375 0.163281 0.00256403
0 0.343359 0.758594 0.142969 0.1375 0.00315371
0 0.34375 0.784766 0.214062 0.169531 0.00424116
0 0.815625 0.802344 0.103125 0.148438 0.00536802
0 0.776563 0.795313 0.185937 0.175 0.022777
0 0.305469 0.744141 0.253125 0.191406 0.0691047
