0 0.180859 0.487891 0.0882813 0.114844 0.000100845
0 0.0296875 0.432422 0.059375 0.599219 0.000101834
0 0.516797 0.437109 0.369531 0.510156 0.000105282
0 0.0808594 0.134766 0.161719 0.269531 0.000106488
0 0.946875 0.900391 0.104687 0.199219 0.000109608
0 0.673828 0.586328 0.0835937 0.0976562 0.000112396
0 0.761719 0.637891 0.14375 0.241406 0.000113605
0 0.385938 0.352344 0.31875 0.475 0.000114431
0 0.263281 0.071875 0.459375 0.135937 0.000114951
0 0.963281 0.676172 0.0734375 0.647656 0.000117991
0 0.615625 0.480469 0.14375 0.251563 0.000119477
0 0.0761719 0.716797 0.150781 0.307031 0.000119537
0 0.319141 0.446484 0.110156 0.177344 0.00013034
0 0.941797 0.555859 0.116406 0.816406 0.000130909
0 0.921484 0.0339844 0.157031 0.0679687 0.000135297
0 0.445312 0.600781 0.467187 0.798437 0.000140001
0 0.305078 0.364844 0.124219 0.195312 0.000154297
0 0.559766 0.631641 0.363281 0.721094 0.000157466
0 0.0609375 0.373828 0.121875 0.692969 0.000158177
0 0.244531 0.307422 0.2125 0.241406 0.000162547
0 0.286719 0.600781 0.198437 0.38125 0.000163371
0 0.614844 0.480469 0.195312 0.390625 0.000163699
0 0.797266 0.469922 0.0960938 0.197656 0.000166044
0 0.744141 0.294141 0.233594 0.260156 0.000173103
0 0.963672 0.847266 0.0726563 0.305469 0.000173771
0 0.8 0.553125 0.103125 0.196875 0.000176963
0 0.609766 0.710938 0.146094 0.15625 0.000180967
0 0.134375 0.188281 0.26875 0.376563 0.000187391
0 0.653516 0.396484 0.213281 0.407031 0.00019213
0 0.798828 0.188672 0.402344 0.377344 0.000198543
0 0.654297 0.240234 0.297656 0.246094 0.00020152
0 0.121875 0.472266 0.13125 0.233594 0.00021695
0 0.326953 0.535156 0.186719 0.4 0.000221216
0 0.577734 0.638281 0.200781 0.454688 0.000221954
0 0.115234 0.655469 0.146094 0.226562 0.000223137
0 0.285547 0.239063 0.416406 0.3125 0.00022962
0 0.890234 0.0597656 0.219531 0.119531 0.000244516
0 0.173047 0.0359375 0.283594 0.0703125 0.000247553
0 0.714063 0.299609 0.129688 0.177344 0.000256708
0 0.655859 0.56875 0.0851562 0.103125 0.000268175
0 0.234766 0.466406 0.0882813 0.0984375 0.000282415
0 0.595703 0.696875 0.150781 0.271875 0.000293563
0 0.230859 0.59375 0.125781 0.242188 0.00029756
0 0.638672 0.553906 0.121094 0.160938 0.000300657
0 0.691016 0.710547 0.267969 0.191406 0.000301923
0 0.71875 0.239453 0.470313 0.316406 0.000314665
0 0.716406 0.554688 0.167187 0.167187 0.000332834
0 0.198828 0.374219 0.199219 0.29375 0.000348362
0 0.908203 0.675781 0.178906 0.648438 0.000348444
0 0.695312 0.614453 0.18125 0.210156 0.000350956
0 0.278906 0.467578 0.142188 0.163281 0.000379096
0 0.158594 0.635547 0.146875 0.224219 0.000383109
0 0.844922 0.0390625 0.310156 0.078125 0.000384067
0 0.232031 0.510938 0.151562 0.20625 0.000385147
0 0.202734 0.572266 0.0789063 0.0976562 0.000404761
0 0.807422 0.714063 0.158594 0.184375 0.000436178
0 0.781641 0.511328 0.108594 0.161719 0.000448487
0 0.728125 0.112109 0.539062 0.224219 0.000477897
0 0.848437 0.694141 0.19375 0.339844 0.000483582
0 0.622656 0.608984 0.160938 0.267969 0.000522138
0 0.748438 0.399219 0.176563 0.351562 0.000522362
0 0.168359 0.408203 0.294531 0.482031 0.00052605
0 0.196484 0.116016 0.392969 0.224219 0.000531004
0 0.0988281 0.534375 0.125781 0.257812 0.000608005
0 0.0964844 0.470703 0.172656 0.511719 0.000626693
0 0.776953 0.0644531 0.446094 0.124219 0.00064651
0 0.939844 0.805859 0.120312 0.388281 0.000679582
0 0.813672 0.615625 0.141406 0.307813 0.000680874
0 0.149219 0.0632813 0.298438 0.126563 0.000746889
0 0.133203 0.572656 0.147656 0.260938 0.000839899
0 0.29375 0.264844 0.2 0.189063 0.000860093
0 0.177734 0.434375 0.135156 0.165625 0.000910484
0 0.673828 0.570312 0.135156 0.146875 0.000931592
0 0.313672 0.308594 0.144531 0.19375 0.00101489
0 0.773438 0.487109 0.140625 0.274219 0.00106476
0 0.235156 0.452734 0.1375 0.141406 0.00110389
0 0.177734 0.693359 0.196094 0.172656 0.00114144
0 0.675781 0.291016 0.21875 0.227344 0.00119212
0 0.200391 0.463281 0.0898438 0.101562 0.00120745
0 0.304297 0.425 0.161719 0.245312 0.00149748
0 0.645703 0.673047 0.203906 0.216406 0.00150003
0 0.0875 0.604688 0.159375 0.346875 0.0019709
0 0.159375 0.423828 0.195312 0.269531 0.00237312
0 0.771875 0.677734 0.21875 0.236719 0.00272593
0 0.200391 0.55 0.121094 0.239063 0.00292336
0 0.662891 0.557031 0.172656 0.245312 0.00302936
0 0.127734 0.493359 0.194531 0.333594 0.00310566
0 0.711719 0.469141 0.25625 0.469531 0.00446746
0 0.773047 0.569531 0.185156 0.3625 0.00502074
0 0.197266 0.467578 0.136719 0.135156 0.00580941
0 0.212891 0.640625 0.200781 0.270312 0.00677299
0 0.717969 0.630859 0.260938 0.294531 0.00816715
0 0.226562 0.45 0.189063 0.246875 0.00818114
0 0.265234 0.382812 0.219531 0.310937 0.00983758
0 0.136328 0.657812 0.252344 0.285937 0.0144195
0 0.242969 0.533984 0.221875 0.421094 0.0188412
0 0.187109 0.486719 0.175781 0.234375 0.0230472
0 0.171094 0.554688 0.232812 0.370313 0.110575
