0 0.703516 0.59375 0.111719 0.19375 0.000103441
0 0.790625 0.783203 0.0796875 0.114844 0.000112922
0 0.957812 0.0367187 0.084375 0.0734375 0.000113339
0 0.04375 0.603906 0.0875 0.670313 0.000113711
0 0.898828 0.0636719 0.202344 0.127344 0.000115692
0 0.179297 0.449609 0.0835937 0.114844 0.000118203
0 0.228125 0.336328 0.129688 0.135156 0.000119176
0 0.210547 0.447656 0.128906 0.165625 0.000120185
0 0.924219 0.0214844 0.151562 0.0429688 0.000120518
0 0.24375 0.572656 0.13125 0.264062 0.000122027
0 0.653906 0.659766 0.146875 0.207031 0.000145906
0 0.703906 0.266016 0.0765625 0.113281 0.000149475
0 0.126172 0.652734 0.155469 0.352344 0.000150818
0 0.0683594 0.715625 0.116406 0.517187 0.000162325
0 0.716406 0.324609 0.101562 0.191406 0.000164579
0 0.299219 0.716797 0.157813 0.142969 0.000164993
0 0.336719 0.542188 0.360938 0.645312 0.000165614
0 0.585156 0.231641 0.0859375 0.0976562 0.0001692
0 0.241406 0.692187 0.134375 0.142188 0.000181979
0 0.201562 0.591406 0.134375 0.275 0.000182591
0 0.685547 0.445703 0.141406 0.183594 0.000185282
0 0.339453 0.457031 0.113281 0.2 0.000186076
0 0.220703 0.711719 0.217969 0.165625 0.000199879
0 0.272266 0.297266 0.311719 0.469531 0.000204081
0 0.316797 0.209375 0.0882813 0.109375 0.000207645
0 0.0230469 0.606641 0.0445312 0.486719 0.000209408
0 0.742578 0.370313 0.128906 0.315625 0.000210286
0 0.614844 0.472656 0.11875 0.1625 0.000212812
0 0.733984 0.410156 0.0804688 0.117188 0.000222238
0 0.286719 0.553125 0.132812 0.18125 0.000233675
0 0.801172 0.786328 0.132031 0.222656 0.000257677
0 0.311328 0.448047 0.175781 0.385156 0.000258446
0 0.773828 0.723828 0.113281 0.219531 0.000262946
0 0.761719 0.764453 0.084375 0.116406 0.000269788
0 0.662891 0.79375 0.324219 0.242188 0.000270118
0 0.31875 0.575781 0.078125 0.0984375 0.000279938
0 0.251172 0.268359 0.214844 0.235156 0.000306581
0 0.723437 0.485547 0.0890625 0.114844 0.000311367
0 0.653516 0.71875 0.135156 0.170312 0.000321104
0 0.626953 0.601562 0.213281 0.434375 0.000333213
0 0.741406 0.592578 0.121875 0.278906 0.000342599
0 0.137109 0.716406 0.124219 0.16875 0.00035988
0 0.792188 0.835547 0.0875 0.119531 0.000383565
0 0.261328 0.636719 0.138281 0.201562 0.000402257
0 0.932031 0.0480469 0.135937 0.0960938 0.000405485
0 0.179688 0.632031 0.271875 0.4375 0.000416492
0 0.339453 0.510156 0.0835937 0.107813 0.000433726
0 0.662109 0.475781 0.221094 0.273438 0.000453512
0 0.708594 0.506641 0.13125 0.247656 0.000470634
0 0.165234 0.562891 0.167969 0.397656 0.000479457
0 0.613281 0.661719 0.1625 0.259375 0.000488385
0 0.300391 0.590625 0.0789063 0.0859375 0.000494297
0 0.733594 0.391797 0.0984375 0.197656 0.000535684
0 0.219531 0.657812 0.125 0.170312 0.000560177
0 0.750391 0.769531 0.286719 0.296875 0.00058487
0 0.566406 0.752344 0.123438 0.132812 0.000589469
0 0.709766 0.247266 0.0601562 0.0726563 0.000655122
0 0.725391 0.721094 0.138281 0.240625 0.000685141
0 0.312109 0.610937 0.158594 0.273438 0.000797275
0 0.762891 0.814844 0.0835937 0.0984375 0.000856473
0 0.748438 0.507812 0.134375 0.273438 0.00111877
0 0.726172 0.448438 0.0882813 0.11875 0.00115258
0 0.772656 0.467578 0.29375 0.599219 0.00121715
0 0.180078 0.420703 0.105469 0.230469 0.00153722
0 0.2125 0.285937 0.115625 0.164062 0.00200705
0 0.60625 0.731641 0.178125 0.171094 0.00203725
0 0.303516 0.594531 0.119531 0.167187 0.00223578
0 0.684766 0.386328 0.192969 0.292969 0.00227296
0 0.248828 0.3875 0.207031 0.417188 0.00238294
0 0.170703 0.687109 0.185156 0.211719 0.00251599
0 0.781641 0.607031 0.194531 0.573438 0.0027811
0 0.260938 0.676562 0.207813 0.198437 0.00303058
0 0.324219 0.525781 0.11875 0.201562 0.0034531
0 0.775 0.8 0.109375 0.164062 0.00560381
0 0.657422 0.715625 0.255469 0.242188 0.00564818
0 0.706641 0.682031 0.288281 0.414062 0.00690443
0 0.282031 0.541797 0.209375 0.352344 0.007691
0 0.686719 0.478516 0.207813 0.549219 0.00769662
0 0.212891 0.644531 0.225781 0.253125 0.0083216
0 0.194141 0.428906 0.135156 0.376563 0.00951413
0 0.221094 0.528906 0.239063 0.485938 0.0108544
0 0.198047 0.316797 0.0945313 0.116406 0.0117416
0 0.192188 0.355859 0.107813 0.224219 0.0172492
0 0.746875 0.772266 0.165625 0.199219 0.0191281
0 0.759766 0.696875 0.146094 0.3625 0.028178
0 0.730859 0.446484 0.125781 0.250781 0.0677248
0 0.730469 0.560156 0.173438 0.560938 0.125756
