0 0.84375 0.550391 0.265625 0.719531 0.000100315
0 0.364062 0.532812 0.101562 0.148438 0.00010805
0 0.657031 0.352734 0.196875 0.282031 0.000110096
0 0.158984 0.410547 0.282031 0.571094 0.000111419
0 0.398828 0.901953 0.292969 0.194531 0.000112264
0 0.08125 0.470313 0.151562 0.560938 0.00011456
0 0.257812 0.295703 0.173438 0.199219 0.000115276
0 0.197656 0.797656 0.257812 0.1875 0.000118187
0 0.176172 0.657031 0.146094 0.18125 0.000118895
0 0.284375 0.530078 0.173438 0.150781 0.000121064
0 0.721094 0.738281 0.170312 0.179688 0.000123169
0 0.580469 0.290625 0.1125 0.160938 0.000124004
0 0.924609 0.0425781 0.144531 0.0476562 0.00012697
0 0.782422 0.843359 0.130469 0.185156 0.000128882
0 0.01875 0.716797 0.0359375 0.147656 0.000130515
0 0.294922 0.769922 0.124219 0.153906 0.000131276
0 0.658594 0.821094 0.135937 0.1625 0.000131445
0 0.269922 0.398047 0.239844 0.382031 0.000133316
0 0.721094 0.967969 0.257812 0.0640625 0.000138553
0 0.823438 0.954297 0.128125 0.0367187 0.000139474
0 0.633594 0.287109 0.190625 0.207031 0.000146323
0 0.866406 0.907031 0.0875 0.110937 0.000146518
0 0.835156 0.817578 0.185937 0.289844 0.0001476
0 0.673047 0.385938 0.302344 0.489062 0.000157
0 0.191797 0.939453 0.357031 0.121094 0.000159954
0 0.267969 0.964063 0.295312 0.071875 0.000165021
0 0.355859 0.940625 0.267969 0.11875 0.000165786
0 0.262109 0.695312 0.130469 0.189063 0.00016799
0 0.767578 0.380859 0.0804688 0.117969 0.000170694
0 0.154687 0.697266 0.148438 0.160156 0.000174477
0 0.297266 0.725 0.163281 0.221875 0.000179471
0 0.821484 0.721484 0.292969 0.474219 0.000180793
0 0.805469 0.930859 0.123438 0.0726563 0.000188693
0 0.860937 0.941016 0.104687 0.0585938 0.000192437
0 0.759375 0.696484 0.165625 0.194531 0.000193578
0 0.934766 0.0621094 0.124219 0.0898438 0.000196259
0 0.219141 0.676953 0.139844 0.174219 0.000205409
0 0.707812 0.320312 0.173438 0.210938 0.000209032
0 0.691406 0.937891 0.303125 0.116406 0.000210759
0 0.314453 0.283984 0.138281 0.205469 0.000218577
0 0.780859 0.739453 0.128906 0.192969 0.000230268
0 0.115625 0.717188 0.146875 0.1375 0.00023835
0 0.752734 0.392578 0.139844 0.211719 0.000241137
0 0.815625 0.0695312 0.3625 0.115625 0.000242694
0 0.153516 0.489844 0.216406 0.335938 0.000248711
0 0.0921875 0.657031 0.135937 0.19375 0.000253895
0 0.841016 0.870313 0.141406 0.182812 0.000272152
0 0.884766 0.0503906 0.214844 0.0664062 0.00027784
0 0.658203 0.689844 0.242969 0.33125 0.000279216
0 0.0339844 0.655859 0.0679687 0.235156 0.000279338
0 0.0386719 0.722266 0.0742188 0.158594 0.000326192
0 0.7625 0.782812 0.125 0.159375 0.00033658
0 0.265625 0.911328 0.304688 0.161719 0.000342965
0 0.717969 0.844141 0.209375 0.175781 0.000347535
0 0.778906 0.931641 0.25 0.0960938 0.000367015
0 0.804297 0.944531 0.191406 0.0578125 0.000386598
0 0.801172 0.0511719 0.267969 0.0710938 0.000412638
0 0.694922 0.893359 0.255469 0.160156 0.00042262
0 0.325 0.474219 0.1875 0.303125 0.000435983
0 0.699609 0.564844 0.250781 0.335938 0.000474556
0 0.307031 0.6 0.18125 0.245312 0.000481449
0 0.158594 0.636719 0.259375 0.2125 0.000498834
0 0.0722656 0.742578 0.133594 0.160156 0.000500645
0 0.195312 0.869922 0.367188 0.232031 0.000505725
0 0.276172 0.522656 0.214844 0.334375 0.0005241
0 0.715625 0.389844 0.215625 0.33125 0.000533029
0 0.0742188 0.612891 0.142188 0.321094 0.000547836
0 0.258594 0.764063 0.235938 0.2375 0.000700218
0 0.761719 0.607031 0.190625 0.332812 0.000701693
0 0.328906 0.548047 0.164062 0.189844 0.000825802
0 0.817969 0.906641 0.159375 0.117969 0.000861104
0 0.796875 0.689844 0.178125 0.378125 0.00086759
0 0.196484 0.717578 0.257031 0.180469 0.000928881
0 0.844141 0.923437 0.116406 0.0890625 0.000960517
0 0.258984 0.683594 0.203906 0.240625 0.00108047
0 0.258984 0.442578 0.338281 0.578906 0.00126757
0 0.752734 0.482031 0.192969 0.390625 0.00127847
0 0.115625 0.569531 0.215625 0.407813 0.00127974
0 0.0652344 0.689844 0.128906 0.19375 0.00133216
0 0.262891 0.60625 0.277344 0.38125 0.00134897
0 0.673828 0.800391 0.238281 0.269531 0.00147428
0 0.773047 0.769141 0.186719 0.289844 0.00169439
0 0.778125 0.860547 0.234375 0.222656 0.00191019
0 0.117188 0.688281 0.21875 0.214062 0.00278529
0 0.151953 0.758594 0.285156 0.207813 0.00395224
0 0.728906 0.714453 0.253125 0.399219 0.00662212
0 0.712109 0.555078 0.294531 0.753906 0.0103135
0 0.177734 0.692969 0.332031 0.284375 0.0226534
0 0.195703 0.55 0.355469 0.515625 0.0301391
