0 0.792188 0.386328 0.298438 0.380469 0.000103527
0 0.804688 0.613281 0.146875 0.153125 0.0001037
0 0.819141 0.0324219 0.311719 0.0648438 0.000107598
0 0.242578 0.518359 0.338281 0.630469 0.000108098
0 0.970703 0.160156 0.0585938 0.320312 0.000112224
0 0.350781 0.383984 0.090625 0.111719 0.000113533
0 0.846875 0.462109 0.0765625 0.103906 0.000114212
0 0.801953 0.780078 0.144531 0.153906 0.0001154
0 0.438672 0.366016 0.146094 0.205469 0.000122682
0 0.680469 0.351562 0.135937 0.217187 0.000123118
0 0.836328 0.101562 0.327344 0.203125 0.000123414
0 0.251172 0.604297 0.205469 0.475781 0.000124664
0 0.409766 0.614453 0.119531 0.214844 0.000133254
0 0.253125 0.726562 0.142188 0.235938 0.000135044
0 0.761328 0.644141 0.296094 0.477344 0.000141519
0 0.882031 0.762891 0.0890625 0.108594 0.000142336
0 0.810547 0.427734 0.0835937 0.121094 0.000147628
0 0.812109 0.327734 0.110156 0.121094 0.000147872
0 0.0816406 0.0886719 0.163281 0.177344 0.000150918
0 0.86875 0.282031 0.23125 0.5125 0.000150948
0 0.694531 0.320703 0.09375 0.0960938 0.000153256
0 0.739844 0.568359 0.11875 0.213281 0.000154388
0 0.781641 0.657031 0.135156 0.232812 0.000154487
0 0.4 0.348828 0.0890625 0.108594 0.000156408
0 0.528906 0.520312 0.475 0.689062 0.000176824
0 0.327344 0.74375 0.303125 0.289062 0.000177296
0 0.843359 0.346484 0.0757812 0.105469 0.000179118
0 0.304688 0.618359 0.11875 0.208594 0.000182935
0 0.827344 0.463672 0.0953125 0.153906 0.000183154
0 0.369922 0.351562 0.0929687 0.1125 0.000183217
0 0.183594 0.0394531 0.335938 0.0789063 0.000191584
0 0.921875 0.126563 0.15625 0.253125 0.000194445
0 0.846094 0.388672 0.071875 0.111719 0.000199637
0 0.898828 0.763672 0.107031 0.186719 0.000201852
0 0.754687 0.314063 0.15625 0.148438 0.000219809
0 0.860937 0.466406 0.0921875 0.164062 0.000224083
0 0.758594 0.593359 0.090625 0.119531 0.000227471
0 0.864844 0.399609 0.0875 0.163281 0.000236623
0 0.384375 0.640625 0.207813 0.203125 0.000243847
0 0.448828 0.716406 0.128906 0.126563 0.000247166
0 0.463281 0.520312 0.225 0.590625 0.000248984
0 0.892578 0.633203 0.147656 0.399219 0.00025427
0 0.745703 0.446484 0.177344 0.324219 0.000265151
0 0.301953 0.552344 0.105469 0.189063 0.00027465
0 0.861328 0.599219 0.114844 0.171875 0.000276948
0 0.827344 0.657812 0.160938 0.203125 0.000281951
0 0.307031 0.487109 0.114063 0.246094 0.000298619
0 0.453906 0.650391 0.14375 0.180469 0.00029897
0 0.802344 0.721875 0.13125 0.145313 0.000312375
0 0.383594 0.745313 0.257812 0.185937 0.000350482
0 0.418359 0.417969 0.178906 0.185937 0.000357214
0 0.774609 0.574219 0.155469 0.264062 0.000364581
0 0.827734 0.426953 0.0742188 0.0898438 0.000367572
0 0.475391 0.301172 0.158594 0.166406 0.000429095
0 0.880469 0.658594 0.110937 0.234375 0.000444714
0 0.431641 0.610156 0.180469 0.2875 0.000448323
0 0.867578 0.0597656 0.264844 0.119531 0.000453552
0 0.291016 0.476562 0.235156 0.407813 0.000487237
0 0.275 0.631641 0.140625 0.299219 0.000487314
0 0.710547 0.728906 0.127344 0.159375 0.00048819
0 0.364453 0.695312 0.147656 0.123438 0.000495105
0 0.269922 0.0910156 0.502344 0.182031 0.000551758
0 0.422266 0.691406 0.0851562 0.0890625 0.000566345
0 0.748047 0.799609 0.197656 0.197656 0.000609699
0 0.346484 0.444922 0.147656 0.264844 0.000659005
0 0.130469 0.0597656 0.260938 0.119531 0.000720384
0 0.421484 0.473437 0.197656 0.417188 0.000737413
0 0.846484 0.452344 0.122656 0.26875 0.00076395
0 0.850391 0.568359 0.142969 0.347656 0.000804215
0 0.844141 0.614453 0.113281 0.110156 0.00088808
0 0.881641 0.807813 0.157031 0.20625 0.00103596
0 0.833203 0.389844 0.124219 0.203125 0.00109249
0 0.421875 0.325781 0.207813 0.210938 0.00110269
0 0.779688 0.654688 0.20625 0.30625 0.00117726
0 0.308984 0.727734 0.191406 0.178906 0.00137505
0 0.707812 0.311719 0.132812 0.153125 0.00140611
0 0.31875 0.558984 0.151562 0.363281 0.00147698
0 0.846875 0.430469 0.096875 0.140625 0.00157163
0 0.845703 0.759375 0.182031 0.170312 0.00160234
0 0.815625 0.562891 0.201562 0.500781 0.00164858
0 0.356641 0.330078 0.192969 0.216406 0.00208378
0 0.385938 0.383203 0.0921875 0.107031 0.00235072
0 0.876953 0.728516 0.146094 0.271094 0.00278663
0 0.814844 0.804688 0.271875 0.225 0.00295357
0 0.363281 0.64375 0.292188 0.339063 0.00308751
0 0.420312 0.691016 0.153125 0.132031 0.00330996
0 0.761328 0.723047 0.180469 0.197656 0.00415381
0 0.851562 0.664453 0.165625 0.319531 0.00455652
0 0.322266 0.649219 0.189844 0.257812 0.00604276
0 0.360156 0.521094 0.226562 0.471875 0.00843332
0 0.808594 0.728125 0.24375 0.26875 0.0125303
0 0.391406 0.371484 0.290625 0.300781 0.013205
0 0.361719 0.698438 0.235938 0.1625 0.014761
0 0.3875 0.376953 0.16875 0.183594 0.256466
