0 0.668359 0.671875 0.153906 0.129688 0.000104068
0 0.078125 0.709766 0.15625 0.561719 0.000104576
0 0.280469 0.626562 0.276563 0.298438 0.000126137
0 0.973047 0.560156 0.0539063 0.623438 0.000126974
0 0.487109 0.473437 0.435156 0.714063 0.000127546
0 0.789062 0.658984 0.295312 0.291406 0.000148423
0 0.764063 0.59375 0.132812 0.145313 0.000150646
0 0.817578 0.672656 0.128906 0.1 0.00015192
0 0.398828 0.365234 0.0742188 0.0851562 0.000153118
0 0.781641 0.512891 0.183594 0.297656 0.000168288
0 0.680469 0.616406 0.165625 0.165625 0.000171295
0 0.979688 0.518359 0.040625 0.396094 0.000173439
0 0.369922 0.567187 0.0867188 0.1 0.000174378
0 0.555859 0.317969 0.416406 0.635938 0.000196288
0 0.302734 0.483203 0.207031 0.346094 0.00022014
0 0.03125 0.639453 0.0625 0.721094 0.000224329
0 0.335547 0.361328 0.174219 0.157031 0.000225017
0 0.801172 0.634766 0.132031 0.127344 0.000251018
0 0.220703 0.654688 0.161719 0.201562 0.000258948
0 0.84375 0.644922 0.159375 0.157031 0.000396793
0 0.244922 0.577344 0.172656 0.245312 0.000435085
0 0.805859 0.576563 0.194531 0.23125 0.000471323
0 0.382812 0.353125 0.110937 0.1375 0.000495685
0 0.114063 0.230469 0.228125 0.460938 0.000535791
0 0.736719 0.580469 0.201562 0.220313 0.000546274
0 0.331641 0.6 0.142969 0.146875 0.000605245
0 0.285547 0.611328 0.200781 0.177344 0.00112418
0 0.716797 0.645703 0.175781 0.149219 0.00143854
0 0.780078 0.626172 0.207031 0.175781 0.0024535
