0 0.766406 0.754687 0.320312 0.34375 0.000102086
0 0.634375 0.381641 0.090625 0.107031 0.000102688
0 0.720312 0.592578 0.204688 0.196094 0.000103647
0 0.614062 0.364453 0.0953125 0.107031 0.000105297
0 0.385938 0.0183594 0.148438 0.0367187 0.00010559
0 0.416406 0.538281 0.348437 0.6875 0.000106639
0 0.219141 0.65625 0.191406 0.217187 0.000110027
0 0.951953 0.466797 0.0960938 0.233594 0.000113742
0 0.399219 0.312109 0.282813 0.289844 0.000116291
0 0.396875 0.142188 0.276563 0.279687 0.000117001
0 0.243359 0.453516 0.205469 0.353906 0.000118741
0 0.983984 0.466406 0.0320312 0.234375 0.00012008
0 0.314453 0.115234 0.274219 0.208594 0.000123098
0 0.397266 0.610937 0.252344 0.432813 0.000123602
0 0.350391 0.389844 0.347656 0.61875 0.000125765
0 0.613281 0.0179687 0.13125 0.0359375 0.000126391
0 0.8875 0.527734 0.121875 0.164844 0.000129394
0 0.0554687 0.113281 0.110937 0.192188 0.000130069
0 0.839063 0.523438 0.1875 0.34375 0.000133245
0 0.349219 0.0550781 0.160938 0.105469 0.000133864
0 0.326172 0.574219 0.142969 0.2625 0.00013688
0 0.469531 0.0195312 0.1875 0.0375 0.000138099
0 0.985547 0.549609 0.0289063 0.238281 0.000146064
0 0.553125 0.01875 0.223438 0.0359375 0.000147794
0 0.574219 0.322266 0.220313 0.250781 0.000153353
0 0.34375 0.397266 0.167187 0.230469 0.000155658
0 0.29375 0.208984 0.371875 0.375781 0.000157272
0 0.973047 0.355469 0.0539063 0.35625 0.000157479
0 0.897656 0.46875 0.167187 0.290625 0.000159159
0 0.949609 0.408984 0.0992187 0.455469 0.000161446
0 0.737109 0.428516 0.122656 0.203906 0.000161481
0 0.0796875 0.184766 0.15625 0.299219 0.000168025
0 0.453516 0.360156 0.342969 0.432813 0.000176755
0 0.237109 0.402344 0.292969 0.504687 0.000185238
0 0.762891 0.634766 0.189844 0.221094 0.000189594
0 0.944531 0.697656 0.109375 0.596875 0.000198247
0 0.516406 0.141797 0.303125 0.275781 0.000198338
0 0.765234 0.555078 0.139844 0.275781 0.000203632
0 0.178125 0.191016 0.326562 0.314844 0.000204753
0 0.218359 0.59375 0.144531 0.25 0.000205953
0 0.173438 0.680859 0.203125 0.327344 0.000213942
0 0.448047 0.0324219 0.166406 0.0648438 0.000227048
0 0.639453 0.344531 0.296094 0.315625 0.000231278
0 0.388281 0.539844 0.164062 0.414062 0.000232311
0 0.654688 0.684375 0.19375 0.207813 0.000241556
0 0.176563 0.0953125 0.198437 0.132812 0.000242667
0 0.138672 0.0691406 0.0773437 0.0726563 0.000243464
0 0.653906 0.0207031 0.1125 0.0414063 0.000251076
0 0.975391 0.642187 0.0492188 0.440625 0.00025176
0 0.298828 0.677344 0.205469 0.20625 0.000252964
0 0.672266 0.334766 0.238281 0.197656 0.000260059
0 0.65625 0.421094 0.2 0.189063 0.000290129
0 0.601953 0.532812 0.260156 0.428125 0.000299085
0 0.601172 0.444141 0.208594 0.275781 0.000300675
0 0.517187 0.0683594 0.26875 0.136719 0.000306448
0 0.608203 0.0242187 0.194531 0.0484375 0.000307607
0 0.757422 0.451953 0.174219 0.310156 0.000352861
0 0.535547 0.277734 0.316406 0.361719 0.000357043
0 0.341797 0.445312 0.200781 0.410937 0.000375616
0 0.397266 0.0367187 0.171094 0.071875 0.000388228
0 0.135156 0.136328 0.259375 0.217969 0.000395716
0 0.659375 0.639844 0.25 0.335938 0.000475613
0 0.265234 0.709766 0.297656 0.319531 0.000522371
0 0.449219 0.0550781 0.25 0.110156 0.000539499
0 0.521094 0.03125 0.2625 0.0625 0.000554169
0 0.275391 0.576563 0.224219 0.214062 0.000570606
0 0.710156 0.396875 0.195312 0.209375 0.00057262
0 0.95625 0.557422 0.0875 0.466406 0.000586954
0 0.455078 0.105469 0.266406 0.210938 0.000622131
0 0.467969 0.215625 0.334375 0.409375 0.000687705
0 0.802734 0.680078 0.169531 0.263281 0.000695172
0 0.971875 0.480469 0.05625 0.384375 0.000738743
0 0.60625 0.339844 0.173438 0.159375 0.00085272
0 0.377734 0.0804688 0.180469 0.160938 0.000879742
0 0.137109 0.071875 0.144531 0.1 0.00109276
0 0.727734 0.676172 0.292969 0.313281 0.00129155
0 0.0933594 0.0921875 0.177344 0.153125 0.00135026
0 0.335547 0.602734 0.207031 0.363281 0.00218506
0 0.210547 0.607031 0.228906 0.373437 0.00278315
0 0.658594 0.444141 0.273438 0.352344 0.00318417
0 0.635938 0.373047 0.195312 0.163281 0.0108622
0 0.785937 0.558984 0.185937 0.435156 0.0223849
0 0.274219 0.548828 0.290625 0.500781 0.36163
0 0.710547 0.534766 0.302344 0.497656 0.460582
