0 0.240234 0.2 0.0851562 0.110937 0.0001025
0 0.592578 0.216406 0.117969 0.171875 0.000102546
0 0.736328 0.408984 0.102344 0.177344 0.000103733
0 0.426172 0.382422 0.335156 0.666406 0.000105481
0 0.301172 0.195312 0.0804688 0.096875 0.000110479
0 0.346484 0.404687 0.177344 0.379687 0.000115221
0 0.697656 0.533203 0.0875 0.105469 0.000116551
0 0.698438 0.303906 0.09375 0.170312 0.000121721
0 0.675781 0.253516 0.075 0.0976562 0.000128853
0 0.177344 0.530469 0.084375 0.114063 0.000134035
0 0.258594 0.320312 0.11875 0.217187 0.000141105
0 0.735156 0.312891 0.195312 0.436719 0.000142604
0 0.636719 0.153125 0.110937 0.157813 0.0001448
0 0.182031 0.43125 0.110937 0.254687 0.00014495
0 0.199609 0.385156 0.100781 0.203125 0.00015697
0 0.660156 0.254297 0.090625 0.158594 0.000161034
0 0.834766 0.105469 0.330469 0.210938 0.000164781
0 0.3625 0.536719 0.153125 0.209375 0.000166843
0 0.589844 0.523438 0.126563 0.228125 0.000168899
0 0.341406 0.225391 0.145313 0.227344 0.000169214
0 0.199219 0.592969 0.0890625 0.110937 0.00016957
0 0.265234 0.162109 0.124219 0.130469 0.000179338
0 0.282813 0.224219 0.285937 0.3125 0.000182933
0 0.598828 0.592188 0.132031 0.179688 0.000191223
0 0.577344 0.185937 0.192188 0.303125 0.000200187
0 0.200391 0.646875 0.175781 0.175 0.000203603
0 0.331641 0.189063 0.100781 0.13125 0.000204248
0 0.573047 0.0769531 0.211719 0.149219 0.000205016
0 0.607422 0.425781 0.0820312 0.0890625 0.000210189
0 0.233203 0.516016 0.149219 0.269531 0.000212541
0 0.709766 0.317187 0.127344 0.257812 0.00021723
0 0.773438 0.537109 0.167187 0.217969 0.000223587
0 0.218359 0.612109 0.0882813 0.102344 0.000225668
0 0.134375 0.561719 0.1875 0.409375 0.00023238
0 0.841406 0.0378906 0.317187 0.0742188 0.000238018
0 0.688281 0.238672 0.0921875 0.147656 0.000241657
0 0.681641 0.586328 0.152344 0.182031 0.000260125
0 0.316016 0.141797 0.146094 0.217969 0.000265484
0 0.584766 0.400781 0.122656 0.251563 0.000266623
0 0.694531 0.363672 0.101562 0.155469 0.000266643
0 0.623047 0.216016 0.292969 0.402344 0.000275105
0 0.632422 0.0777344 0.196094 0.116406 0.000304726
0 0.233594 0.657812 0.292188 0.232812 0.000309574
0 0.301172 0.538672 0.202344 0.221094 0.000310438
0 0.716406 0.553125 0.0875 0.109375 0.000346852
0 0.226562 0.199609 0.129688 0.171094 0.000357326
0 0.732813 0.395703 0.301562 0.553906 0.000362518
0 0.803125 0.6125 0.11875 0.1625 0.000393748
0 0.220703 0.322266 0.116406 0.253906 0.000403265
0 0.244531 0.326953 0.284375 0.513281 0.000417546
0 0.632422 0.110937 0.0835937 0.107813 0.000456404
0 0.678516 0.116406 0.275781 0.221875 0.000456711
0 0.301562 0.594141 0.148438 0.185156 0.000465302
0 0.169922 0.399609 0.185156 0.513281 0.000469298
0 0.166797 0.513281 0.110156 0.25 0.000471511
0 0.719922 0.453125 0.127344 0.240625 0.000488788
0 0.610937 0.428125 0.115625 0.153125 0.000520265
0 0.789453 0.0621094 0.411719 0.124219 0.000565492
0 0.239063 0.257031 0.121875 0.21875 0.000608831
0 0.678516 0.266797 0.113281 0.250781 0.000618829
0 0.324609 0.3 0.180469 0.292188 0.000653137
0 0.618359 0.105859 0.127344 0.142969 0.000699494
0 0.222656 0.235156 0.09375 0.145313 0.000705356
0 0.258594 0.609375 0.146875 0.159375 0.000740419
0 0.606641 0.385547 0.180469 0.380469 0.00078924
0 0.295703 0.187109 0.136719 0.144531 0.000817902
0 0.683594 0.318359 0.15625 0.366406 0.000829914
0 0.657422 0.196484 0.111719 0.189844 0.00083837
0 0.367188 0.598047 0.1875 0.227344 0.000932372
0 0.611328 0.134766 0.188281 0.233594 0.00110349
0 0.642187 0.213672 0.167187 0.285156 0.00115255
0 0.198437 0.538281 0.126563 0.20625 0.00137706
0 0.620313 0.48125 0.16875 0.279687 0.00157806
0 0.674219 0.221484 0.071875 0.0882813 0.00163036
0 0.323438 0.391016 0.260938 0.597656 0.00171776
0 0.697266 0.620703 0.288281 0.233594 0.00204363
0 0.701172 0.496875 0.192969 0.220313 0.00226518
0 0.753125 0.589844 0.20625 0.19375 0.00285007
0 0.345703 0.529688 0.211719 0.325 0.00289195
0 0.265625 0.209766 0.151562 0.197656 0.0029438
0 0.64375 0.555469 0.203125 0.204688 0.00294791
0 0.235156 0.310547 0.160938 0.382031 0.00296929
0 0.647656 0.359375 0.2625 0.607813 0.00364993
0 0.217578 0.587891 0.142969 0.202344 0.00473677
0 0.173828 0.591797 0.147656 0.282031 0.00591737
0 0.746875 0.491016 0.2 0.338281 0.00635356
0 0.717188 0.553906 0.145313 0.170312 0.00845216
0 0.195703 0.491406 0.150781 0.390625 0.0114144
0 0.296875 0.598437 0.285937 0.248437 0.0191227
0 0.264844 0.467969 0.264062 0.457812 0.020588
0 0.674609 0.477734 0.263281 0.342969 0.0265542
0 0.229297 0.564844 0.224219 0.278125 0.114666
0 0.704297 0.55 0.252344 0.246875 0.212423
