0 0.228125 0.408594 0.071875 0.0828125 0.000101375
0 0.239063 0.533984 0.13125 0.169531 0.000102164
0 0.237891 0.676172 0.0898438 0.113281 0.000104248
0 0.346484 0.342578 0.133594 0.196094 0.000106706
0 0.738281 0.548047 0.175 0.180469 0.000114336
0 0.310547 0.0347656 0.244531 0.0648438 0.000115013
0 0.882031 0.0332031 0.225 0.0664062 0.000122217
0 0.827344 0.608594 0.196875 0.398438 0.000125054
0 0.305469 0.613281 0.148438 0.242188 0.000130775
0 0.168359 0.659375 0.127344 0.196875 0.000131113
0 0.727734 0.444141 0.199219 0.280469 0.000131559
0 0.970312 0.605078 0.059375 0.750781 0.000133049
0 0.392969 0.698828 0.215625 0.321094 0.000134135
0 0.35 0.750781 0.190625 0.246875 0.000134817
0 0.923437 0.193359 0.153125 0.385156 0.000136219
0 0.0714844 0.0953125 0.142969 0.189063 0.00013882
0 0.777344 0.0605469 0.34375 0.121094 0.000144262
0 0.764844 0.676172 0.1375 0.197656 0.000144302
0 0.924609 0.101172 0.147656 0.199219 0.000177992
0 0.291406 0.315234 0.259375 0.238281 0.00019109
0 0.348437 0.594922 0.129688 0.186719 0.000192455
0 0.257812 0.575781 0.209375 0.209375 0.000196645
0 0.944922 0.520703 0.110156 0.724219 0.000203216
0 0.736719 0.38125 0.10625 0.153125 0.000209048
0 0.325 0.2875 0.173438 0.175 0.000229436
0 0.197266 0.677344 0.0929687 0.114063 0.000230706
0 0.371094 0.273047 0.165625 0.157031 0.000231525
0 0.367969 0.478125 0.221875 0.5625 0.000232523
0 0.192578 0.137891 0.385156 0.275781 0.000233474
0 0.0277344 0.60625 0.0554687 0.526563 0.000235625
0 0.742969 0.630469 0.170312 0.198437 0.000244321
0 0.855078 0.105469 0.280469 0.210938 0.000250334
0 0.682031 0.707031 0.225 0.365625 0.000252061
0 0.046875 0.603125 0.09375 0.66875 0.000279777
0 0.277734 0.528906 0.136719 0.139062 0.000295429
0 0.807813 0.382031 0.365625 0.66875 0.000305227
0 0.372266 0.720312 0.136719 0.16875 0.000313315
0 0.668359 0.560547 0.228906 0.508594 0.000319263
0 0.671094 0.793359 0.184375 0.211719 0.000331444
0 0.266797 0.0851562 0.400781 0.170312 0.000349116
0 0.236719 0.412891 0.228125 0.361719 0.000351087
0 0.798828 0.477734 0.0882813 0.135156 0.000364312
0 0.78125 0.615234 0.142188 0.260156 0.000364677
0 0.352734 0.0515625 0.388281 0.103125 0.000377905
0 0.732422 0.81875 0.207031 0.203125 0.000379479
0 0.217187 0.0367187 0.240625 0.0671875 0.00039137
0 0.140234 0.0925781 0.275781 0.183594 0.000397126
0 0.762891 0.386328 0.185156 0.252344 0.000419236
0 0.894141 0.0652344 0.211719 0.130469 0.000432117
0 0.0910156 0.053125 0.182031 0.104687 0.000440154
0 0.847266 0.242578 0.297656 0.474219 0.000458019
0 0.183984 0.710547 0.155469 0.194531 0.000465062
0 0.222266 0.419922 0.158594 0.208594 0.000516498
0 0.191016 0.633203 0.272656 0.444531 0.000523762
0 0.218359 0.433594 0.102344 0.14375 0.000585563
0 0.301953 0.691406 0.144531 0.160938 0.000694956
0 0.793359 0.520703 0.135156 0.261719 0.000768827
0 0.769922 0.768359 0.289844 0.344531 0.000848366
0 0.356641 0.351953 0.197656 0.272656 0.000872761
0 0.236328 0.636328 0.153906 0.216406 0.000932518
0 0.345313 0.658203 0.1375 0.194531 0.00105459
0 0.831641 0.603516 0.241406 0.683594 0.00112328
0 0.208203 0.423828 0.0726563 0.0820312 0.00129275
0 0.180469 0.0550781 0.360938 0.108594 0.00145603
0 0.240234 0.726953 0.303906 0.291406 0.00167642
0 0.341797 0.603906 0.210156 0.404687 0.00235315
0 0.755859 0.527734 0.210156 0.377344 0.0026026
0 0.210547 0.530859 0.194531 0.482031 0.00462639
0 0.783203 0.771875 0.180469 0.276563 0.0047073
0 0.321484 0.691016 0.224219 0.214844 0.00668404
0 0.192188 0.636719 0.159375 0.290625 0.00972475
0 0.773438 0.659766 0.207813 0.497656 0.023254
0 0.239844 0.679297 0.220313 0.185156 0.0246907
0 0.267578 0.624219 0.282031 0.325 0.109232
0 0.276172 0.507812 0.313281 0.584375 0.296822
0 0.726172 0.566406 0.299219 0.68125 0.348949
