0 0.950391 0.692578 0.0992187 0.536719 0.00010132
0 0.196094 0.1125 0.239063 0.225 0.000102874
0 0.899219 0.852344 0.201562 0.295312 0.000103064
0 0.616406 0.670703 0.103125 0.0992187 0.000103864
0 0.472266 0.406641 0.175781 0.191406 0.000104197
0 0.393359 0.222266 0.439844 0.414844 0.000104686
0 0.194922 0.270312 0.255469 0.489062 0.00010563
0 0.0613281 0.411719 0.116406 0.221875 0.000107771
0 0.651172 0.673437 0.0835937 0.13125 0.00011074
0 0.810938 0.789844 0.365625 0.420312 0.000111724
0 0.547656 0.669531 0.134375 0.104687 0.000115408
0 0.540234 0.0671875 0.500781 0.126563 0.000115654
0 0.703125 0.0703125 0.501562 0.1375 0.000117848
0 0.364062 0.11875 0.414062 0.23125 0.000118648
0 0.555469 0.660547 0.320312 0.335156 0.000122923
0 0.401563 0.294531 0.2375 0.279687 0.00012818
0 0.427344 0.3 0.1 0.13125 0.000133569
0 0.126563 0.323047 0.226562 0.444531 0.000138058
0 0.205078 0.441797 0.144531 0.211719 0.000139587
0 0.0652344 0.675391 0.0914062 0.107031 0.000142238
0 0.0671875 0.638672 0.0890625 0.110156 0.000142436
0 0.153516 0.638281 0.177344 0.195312 0.000147008
0 0.970312 0.605859 0.0578125 0.653906 0.000150199
0 0.534375 0.190625 0.514063 0.38125 0.000155612
0 0.408984 0.433203 0.180469 0.249219 0.000155914
0 0.0882813 0.449609 0.090625 0.113281 0.000158156
0 0.0511719 0.534375 0.0851562 0.1125 0.000166081
0 0.199219 0.508203 0.125 0.235156 0.000166428
0 0.0472656 0.597266 0.0835937 0.108594 0.000167184
0 0.113281 0.597266 0.148438 0.192969 0.000173111
0 0.907422 0.710156 0.185156 0.578125 0.000186524
0 0.513672 0.621484 0.0820312 0.105469 0.000189373
0 0.449609 0.448828 0.127344 0.200781 0.000190484
0 0.532422 0.366406 0.0742188 0.096875 0.000190699
0 0.0347656 0.641406 0.0664062 0.117188 0.000198069
0 0.0195312 0.595312 0.0390625 0.226562 0.00020519
0 0.285937 0.0605469 0.325 0.116406 0.000205984
0 0.111328 0.653125 0.124219 0.15 0.00022205
0 0.448047 0.320703 0.157031 0.169531 0.000225059
0 0.266016 0.15 0.308594 0.3 0.000239973
0 0.235156 0.621484 0.15625 0.282031 0.000243765
0 0.635938 0.654688 0.0640625 0.090625 0.000256411
0 0.592188 0.571094 0.126563 0.239063 0.000258538
0 0.492969 0.549219 0.134375 0.257812 0.000259093
0 0.497656 0.619141 0.104687 0.153906 0.000267713
0 0.521484 0.345313 0.366406 0.326562 0.000277716
0 0.473047 0.489453 0.157031 0.194531 0.00030624
0 0.117969 0.388672 0.1375 0.172656 0.000316139
0 0.547266 0.405859 0.125781 0.182031 0.000318959
0 0.0878906 0.553906 0.128906 0.189063 0.000320769
0 0.633594 0.126172 0.553125 0.242969 0.000325631
0 0.730078 0.188281 0.477344 0.376563 0.000328259
0 0.626562 0.569531 0.160938 0.31875 0.000345156
0 0.498437 0.664062 0.096875 0.117188 0.000361686
0 0.432813 0.525 0.253125 0.426562 0.00038174
0 0.0335938 0.679688 0.065625 0.120312 0.000396368
0 0.154297 0.464844 0.142969 0.242188 0.000434674
0 0.568359 0.509375 0.133594 0.232812 0.000436812
0 0.632422 0.645312 0.0929687 0.1375 0.00045748
0 0.06875 0.505469 0.0890625 0.104687 0.000474802
0 0.0527344 0.707031 0.105469 0.1875 0.000488474
0 0.0441406 0.467969 0.0867188 0.215625 0.000499483
0 0.497656 0.592969 0.314063 0.376563 0.000505066
0 0.529297 0.367969 0.110156 0.135937 0.000513362
0 0.021875 0.658984 0.04375 0.197656 0.000529539
0 0.203906 0.520312 0.16875 0.351562 0.000658569
0 0.594922 0.661328 0.163281 0.127344 0.00066513
0 0.550781 0.617969 0.120312 0.120312 0.000665903
0 0.0699219 0.597656 0.110156 0.210938 0.000686567
0 0.0699219 0.469531 0.0898438 0.1125 0.000780836
0 0.109766 0.483594 0.144531 0.204688 0.000867675
0 0.512109 0.45 0.175781 0.204688 0.00090929
0 0.195703 0.666406 0.188281 0.210938 0.000923041
0 0.1625 0.403516 0.179688 0.216406 0.000980272
0 0.0398437 0.555078 0.0796875 0.252344 0.00100229
0 0.559766 0.399219 0.189844 0.26875 0.00116173
0 0.455859 0.401953 0.238281 0.333594 0.00153108
0 0.528516 0.508594 0.174219 0.179688 0.00158016
0 0.516797 0.366797 0.182031 0.210156 0.00207437
0 0.576563 0.623438 0.171875 0.167187 0.00244387
0 0.174609 0.594922 0.246094 0.363281 0.0025977
0 0.58125 0.517578 0.217187 0.394531 0.00296102
0 0.520703 0.64375 0.122656 0.126563 0.00440417
0 0.0398437 0.647266 0.0796875 0.228906 0.00511462
0 0.0898438 0.642969 0.176563 0.21875 0.0055099
0 0.529297 0.608203 0.172656 0.191406 0.00855098
0 0.0734375 0.477344 0.139062 0.259375 0.021763
0 0.0640625 0.581641 0.128125 0.374219 0.0235446
0 0.110937 0.435937 0.198437 0.257812 0.0574179
0 0.512891 0.473047 0.269531 0.463281 0.263518
0 0.119531 0.523047 0.235938 0.461719 0.288279
