0 0.780469 0.401953 0.18125 0.342969 0.000101331
0 0.219141 0.714453 0.186719 0.185156 0.000101922
0 0.158203 0.523438 0.117969 0.278125 0.000101997
0 0.820312 0.244141 0.0625 0.107031 0.000102025
0 0.803906 0.239844 0.0546875 0.0859375 0.000102272
0 0.875781 0.564453 0.14375 0.416406 0.000106432
0 0.487891 0.228516 0.233594 0.432031 0.000106773
0 0.241406 0.179688 0.0625 0.0765625 0.000106988
0 0.218359 0.365234 0.125781 0.213281 0.000107393
0 0.232812 0.729688 0.307813 0.3 0.00010853
0 0.821484 0.425391 0.0679687 0.0929687 0.000108907
0 0.292969 0.382422 0.159375 0.269531 0.000109195
0 0.674609 0.20625 0.188281 0.242188 0.00010946
0 0.679297 0.709375 0.324219 0.320312 0.000111361
0 0.778516 0.2375 0.0601562 0.090625 0.00011476
0 0.49375 0.399219 0.432813 0.789062 0.000125134
0 0.855469 0.348047 0.075 0.183594 0.000140875
0 0.739453 0.178516 0.0867188 0.0929687 0.000146532
0 0.702734 0.197656 0.127344 0.153125 0.000152327
0 0.844141 0.403906 0.0851562 0.107813 0.000153727
0 0.777734 0.484375 0.0867188 0.09375 0.000164868
0 0.373047 0.569531 0.114844 0.140625 0.000165355
0 0.745703 0.198828 0.0601562 0.0773437 0.000170093
0 0.241016 0.198437 0.0835937 0.09375 0.000177454
0 0.776563 0.166406 0.0703125 0.0796875 0.000179835
0 0.857813 0.426172 0.0984375 0.205469 0.00018104
0 0.742578 0.574609 0.178906 0.194531 0.000187104
0 0.762109 0.180469 0.0507812 0.071875 0.000187144
0 0.712891 0.167969 0.182031 0.225 0.000191437
0 0.432422 0.233594 0.128906 0.304688 0.000199114
0 0.75625 0.476562 0.28125 0.535937 0.000210624
0 0.799219 0.230078 0.0765625 0.127344 0.000220228
0 0.817187 0.269922 0.0890625 0.149219 0.000220414
0 0.384375 0.287109 0.157813 0.260156 0.000222258
0 0.7625 0.530078 0.128125 0.222656 0.000225667
0 0.794922 0.165625 0.0492188 0.05625 0.000228853
0 0.354688 0.726562 0.148438 0.185937 0.000231226
0 0.193359 0.567578 0.185156 0.375781 0.000232541
0 0.816016 0.558594 0.274219 0.439063 0.000244321
0 0.297656 0.181641 0.1375 0.116406 0.000284883
0 0.802734 0.7625 0.0898438 0.084375 0.000285924
0 0.794922 0.193359 0.0476562 0.0726563 0.00028616
0 0.823047 0.425781 0.0960938 0.1625 0.000289845
0 0.737109 0.258203 0.0882813 0.0945313 0.000306197
0 0.262891 0.197266 0.0976562 0.119531 0.000327273
0 0.348828 0.590625 0.103906 0.104687 0.000328207
0 0.254297 0.280078 0.121094 0.222656 0.000371768
0 0.758594 0.216016 0.0546875 0.0820312 0.00039918
0 0.675391 0.537891 0.132031 0.202344 0.000438866
0 0.698047 0.597656 0.135156 0.203125 0.000450485
0 0.802344 0.310937 0.148438 0.248437 0.000471332
0 0.754297 0.224609 0.0773437 0.125781 0.000542108
0 0.272656 0.583984 0.25625 0.366406 0.000550645
0 0.785937 0.177344 0.046875 0.065625 0.000555712
0 0.353906 0.602734 0.13125 0.178906 0.000587247
0 0.750391 0.485547 0.203906 0.363281 0.000591253
0 0.770312 0.197656 0.06875 0.0921875 0.000611619
0 0.803125 0.480469 0.159375 0.25 0.000614366
0 0.182422 0.700391 0.177344 0.294531 0.00069095
0 0.835156 0.720703 0.18125 0.266406 0.000721723
0 0.838672 0.463281 0.136719 0.326562 0.000725901
0 0.2625 0.678125 0.173438 0.170312 0.000777247
0 0.778516 0.482422 0.130469 0.147656 0.000789844
0 0.735937 0.737891 0.23125 0.221094 0.000797279
0 0.730859 0.233984 0.122656 0.175781 0.000889262
0 0.283984 0.237109 0.135156 0.207031 0.000896665
0 0.681641 0.702734 0.178906 0.239844 0.000919605
0 0.804688 0.764453 0.151562 0.135156 0.000992736
0 0.837891 0.382031 0.105469 0.24375 0.00127269
0 0.344141 0.658594 0.180469 0.257812 0.00140394
0 0.230859 0.652344 0.242969 0.298438 0.00170347
0 0.825 0.609375 0.1375 0.192188 0.00182539
0 0.800391 0.616797 0.0914062 0.0882813 0.0029934
0 0.805469 0.570312 0.19375 0.295312 0.00307593
0 0.290234 0.6875 0.246094 0.245312 0.0052573
0 0.765625 0.627344 0.201562 0.201562 0.00655932
0 0.7875 0.6875 0.214062 0.270312 0.0104877
0 0.786328 0.613281 0.149219 0.128125 0.0140411
