0 0.315234 0.403906 0.289844 0.653125 0.000104732
0 0.0289063 0.657422 0.0546875 0.508594 0.00010512
0 0.720703 0.265625 0.0820312 0.096875 0.000105477
0 0.736328 0.421875 0.119531 0.192188 0.000108256
0 0.257812 0.302734 0.0828125 0.136719 0.000123238
0 0.298047 0.489844 0.114844 0.176563 0.000125099
0 0.0621094 0.627734 0.124219 0.744531 0.000126891
0 0.411719 0.625781 0.314063 0.378125 0.000138722
0 0.271484 0.229687 0.0960938 0.182812 0.000140407
0 0.300781 0.591016 0.0796875 0.0945313 0.000143033
0 0.241406 0.667578 0.0921875 0.127344 0.000147718
0 0.741406 0.315625 0.107813 0.259375 0.000148784
0 0.971875 0.9625 0.0546875 0.071875 0.000151012
0 0.255078 0.514063 0.0804688 0.103125 0.000157759
0 0.0195312 0.884375 0.0390625 0.225 0.000157914
0 0.666797 0.360156 0.160156 0.282813 0.0001594
0 0.619531 0.634375 0.3375 0.467187 0.000159614
0 0.0484375 0.98125 0.096875 0.0375 0.000169754
0 0.326172 0.533203 0.130469 0.257031 0.00017563
0 0.718359 0.478516 0.191406 0.496094 0.000178849
0 0.415234 0.680078 0.135156 0.172656 0.000198559
0 0.201953 0.51875 0.200781 0.49375 0.00020091
0 0.253906 0.615234 0.304688 0.402344 0.000227311
0 0.0199219 0.946094 0.0398437 0.10625 0.000227782
0 0.974219 0.933203 0.0515625 0.133594 0.000229965
0 0.046875 0.948047 0.09375 0.103906 0.000230102
0 0.364453 0.555469 0.125781 0.24375 0.000235007
0 0.349219 0.632422 0.142188 0.183594 0.000240562
0 0.266406 0.302344 0.10625 0.235938 0.000254679
0 0.657422 0.442187 0.155469 0.207813 0.000265212
0 0.278125 0.669141 0.2125 0.205469 0.0002798
0 0.693359 0.569922 0.278906 0.416406 0.000306896
0 0.262891 0.574219 0.119531 0.192188 0.000307042
0 0.657031 0.532422 0.1875 0.307031 0.000320007
0 0.248047 0.637891 0.125781 0.199219 0.000379137
0 0.0335938 0.96875 0.065625 0.059375 0.000459991
0 0.04375 0.769141 0.0859375 0.461719 0.00046752
0 0.251172 0.394141 0.108594 0.333594 0.000467637
0 0.359766 0.672266 0.203906 0.191406 0.000492037
0 0.691797 0.432031 0.167969 0.298438 0.000492961
0 0.0292969 0.926953 0.0585938 0.142969 0.000549016
0 0.257812 0.490234 0.1 0.188281 0.000588803
0 0.725781 0.277344 0.101562 0.159375 0.000609757
0 0.0308594 0.850391 0.0601562 0.299219 0.000748654
0 0.323047 0.594922 0.155469 0.174219 0.000946524
0 0.310937 0.488672 0.196875 0.414844 0.00096621
0 0.268359 0.486719 0.127344 0.307813 0.00119107
0 0.718359 0.364062 0.141406 0.279687 0.00198997
0 0.383203 0.612109 0.169531 0.253906 0.00204425
0 0.276953 0.563672 0.164844 0.289844 0.00233205
0 0.691016 0.608594 0.200781 0.26875 0.00240901
0 0.316016 0.614062 0.225781 0.242188 0.00480433
