0 0.675 0.555469 0.179688 0.196875 0.000100183
0 0.451562 0.207031 0.382812 0.3875 0.000103007
0 0.760938 0.241406 0.0984375 0.11875 0.00010349
0 0.718359 0.736719 0.194531 0.182812 0.000104403
0 0.383594 0.649219 0.189063 0.25 0.000104891
0 0.760547 0.340625 0.144531 0.173438 0.000105586
0 0.837891 0.449609 0.0789063 0.157031 0.000108318
0 0.196484 0.654297 0.0882813 0.107031 0.000108591
0 0.546484 0.714063 0.433594 0.521875 0.000108951
0 0.283203 0.735937 0.169531 0.134375 0.000108984
0 0.8375 0.807813 0.165625 0.221875 0.000109145
0 0.303125 0.695703 0.120312 0.163281 0.000111911
0 0.654297 0.264062 0.0976562 0.142188 0.000111945
0 0.169141 0.617188 0.0898438 0.190625 0.000114495
0 0.757812 0.2625 0.0640625 0.0890625 0.000115277
0 0.0230469 0.687109 0.0445312 0.480469 0.000120213
0 0.985547 0.592969 0.0289063 0.254687 0.000120982
0 0.619531 0.683984 0.251563 0.324219 0.000121704
0 0.320312 0.617969 0.145313 0.192188 0.000123618
0 0.111719 0.806641 0.215625 0.346094 0.000124995
0 0.592188 0.471875 0.126563 0.226562 0.000126542
0 0.433984 0.437891 0.219531 0.422656 0.000126781
0 0.0511719 0.622266 0.0992187 0.624219 0.00012813
0 0.237109 0.469922 0.130469 0.227344 0.000132283
0 0.944922 0.7 0.105469 0.451562 0.000133425
0 0.283594 0.299609 0.0796875 0.111719 0.000133474
0 0.210547 0.445312 0.180469 0.423438 0.000139192
0 0.339453 0.721094 0.180469 0.209375 0.000142381
0 0.823047 0.535156 0.285156 0.628125 0.000143239
0 0.833984 0.680859 0.100781 0.219531 0.000166907
0 0.966406 0.719141 0.065625 0.261719 0.000178392
0 0.158594 0.482422 0.28125 0.686719 0.000178943
0 0.762891 0.717969 0.142969 0.170312 0.00018139
0 0.529297 0.519141 0.355469 0.635156 0.000182957
0 0.675 0.616406 0.19375 0.190625 0.000190179
0 0.379687 0.238281 0.209375 0.245312 0.000191394
0 0.822656 0.698828 0.078125 0.110156 0.000192982
0 0.778906 0.798828 0.19375 0.225781 0.000194455
0 0.28125 0.636328 0.142188 0.199219 0.000197975
0 0.213281 0.773828 0.317187 0.296094 0.000206228
0 0.657812 0.760938 0.329688 0.334375 0.000206489
0 0.570312 0.607813 0.276563 0.392188 0.000221827
0 0.386719 0.564844 0.309375 0.376563 0.000222099
0 0.961719 0.558203 0.0765625 0.600781 0.000239766
0 0.696094 0.676562 0.19375 0.189063 0.000239803
0 0.657812 0.305859 0.228125 0.342969 0.000244399
0 0.719141 0.250391 0.167969 0.189844 0.000244564
0 0.571094 0.387891 0.229687 0.449219 0.00024899
0 0.569531 0.595312 0.14375 0.228125 0.000251771
0 0.764844 0.277734 0.117188 0.166406 0.00027754
0 0.574219 0.527344 0.128125 0.223438 0.000278496
0 0.217969 0.537891 0.134375 0.266406 0.000280182
0 0.438281 0.287109 0.264062 0.347656 0.000281232
0 0.826172 0.321875 0.0835937 0.14375 0.000296233
0 0.284375 0.324219 0.132812 0.210938 0.000316217
0 0.974219 0.646094 0.0515625 0.346875 0.000331905
0 0.239844 0.428125 0.104687 0.1375 0.000333796
0 0.015625 0.571484 0.0296875 0.221094 0.000344164
0 0.237109 0.653125 0.146094 0.176563 0.000365519
0 0.18125 0.671875 0.121875 0.192188 0.000374993
0 0.836719 0.603516 0.145313 0.497656 0.000381107
0 0.426953 0.398047 0.372656 0.583594 0.000383356
0 0.0296875 0.486719 0.0578125 0.589063 0.000452568
0 0.978125 0.524609 0.04375 0.461719 0.000478559
0 0.762109 0.763281 0.313281 0.315625 0.000506871
0 0.263672 0.716797 0.235156 0.194531 0.000516393
0 0.834375 0.390234 0.1125 0.261719 0.00052454
0 0.173438 0.570312 0.184375 0.46875 0.000533494
0 0.0210938 0.522656 0.0421875 0.38125 0.000564216
0 0.609375 0.562109 0.198437 0.266406 0.000571932
0 0.256641 0.598828 0.216406 0.217969 0.000612105
0 0.614062 0.480469 0.245312 0.514063 0.000667258
0 0.809375 0.758594 0.140625 0.192188 0.000699229
0 0.3875 0.556641 0.409375 0.602344 0.000700773
0 0.807813 0.654688 0.154687 0.301562 0.000702211
0 0.303125 0.677734 0.201562 0.211719 0.000789409
0 0.310937 0.326172 0.210938 0.297656 0.000794737
0 0.723047 0.303906 0.221094 0.28125 0.000830353
0 0.803125 0.7 0.126563 0.170312 0.000871733
0 0.8 0.328516 0.135937 0.214844 0.00119776
0 0.825781 0.464844 0.146875 0.428125 0.00125399
0 0.696484 0.687109 0.267969 0.285156 0.00132522
0 0.270703 0.394922 0.180469 0.244531 0.00133083
0 0.350391 0.359766 0.263281 0.450781 0.00142276
0 0.677344 0.617969 0.353125 0.484375 0.0014486
0 0.276172 0.398047 0.246094 0.360156 0.00179687
0 0.199219 0.614844 0.13125 0.24375 0.00181977
0 0.658594 0.614844 0.2625 0.309375 0.00221904
0 0.323438 0.616797 0.28125 0.319531 0.00296977
0 0.778125 0.386719 0.195312 0.371875 0.00305108
0 0.770703 0.712109 0.210156 0.233594 0.00494709
0 0.758984 0.626562 0.246094 0.389062 0.00508578
0 0.223828 0.657422 0.213281 0.250781 0.00866977
0 0.721094 0.474219 0.314063 0.609375 0.0166739
0 0.243359 0.551562 0.230469 0.417188 0.0393618
0 0.302344 0.466016 0.339063 0.603906 0.0632653
