0 0.244141 0.325781 0.130469 0.235938 0.00010393
0 0.10625 0.0378906 0.2125 0.0757812 0.000107581
0 0.967188 0.434375 0.065625 0.5375 0.000115281
0 0.593359 0.216797 0.135156 0.219531 0.000120815
0 0.06875 0.0644531 0.1375 0.128906 0.00012707
0 0.216797 0.447266 0.114844 0.217969 0.000146492
0 0.278906 0.508203 0.145313 0.163281 0.000147192
0 0.698438 0.303906 0.129688 0.25 0.000151362
0 0.0886719 0.117578 0.177344 0.235156 0.000154398
0 0.350781 0.165234 0.1625 0.172656 0.000160694
0 0.176563 0.13125 0.353125 0.2625 0.00016755
0 0.263281 0.260547 0.135937 0.239844 0.000169006
0 0.672656 0.193359 0.171875 0.241406 0.000180968
0 0.238672 0.403516 0.127344 0.249219 0.000184008
0 0.584375 0.346094 0.173438 0.501562 0.000185713
0 0.939844 0.321484 0.117188 0.642969 0.000189073
0 0.342187 0.438281 0.204688 0.326562 0.000190674
0 0.339844 0.479297 0.154687 0.210156 0.000193304
0 0.683594 0.384766 0.132812 0.205469 0.000197297
0 0.860156 0.375391 0.279687 0.563281 0.00020503
0 0.229687 0.507422 0.153125 0.185156 0.000221757
0 0.754297 0.439453 0.192969 0.325781 0.000223302
0 0.640625 0.488281 0.223438 0.2125 0.000226142
0 0.369141 0.348047 0.214844 0.532031 0.000329457
0 0.748828 0.51875 0.102344 0.1125 0.00034104
0 0.612891 0.436719 0.146094 0.195312 0.000372919
0 0.605469 0.154297 0.179688 0.205469 0.000392076
0 0.729297 0.478516 0.147656 0.211719 0.000408569
0 0.137109 0.0800781 0.274219 0.160156 0.00042949
0 0.197266 0.369922 0.164844 0.480469 0.000446027
0 0.615625 0.232422 0.221875 0.316406 0.0007184
0 0.279687 0.496875 0.25 0.234375 0.000740437
0 0.248828 0.283203 0.194531 0.350781 0.000798116
0 0.751172 0.386328 0.286719 0.505469 0.00080295
0 0.325781 0.2125 0.209375 0.245312 0.000867955
0 0.238281 0.427344 0.1875 0.3625 0.00117424
0 0.685547 0.426562 0.224219 0.310937 0.00188577
0 0.702734 0.319922 0.157031 0.419531 0.0196458
0 0.65625 0.317187 0.271875 0.50625 0.37478
0 0.286719 0.348437 0.270312 0.507812 0.535718
