0 0.0398437 0.932813 0.0796875 0.134375 0.000101636
0 0.071875 0.0671875 0.14375 0.134375 0.000108997
0 0.855469 0.034375 0.26875 0.0640625 0.000109173
0 0.986719 0.677344 0.0265625 0.25625 0.000111189
0 0.0296875 0.564062 0.059375 0.685938 0.0001124
0 0.0222656 0.563672 0.0429688 0.480469 0.000114233
0 0.176953 0.677734 0.146094 0.194531 0.00011651
0 0.210938 0.258984 0.114063 0.135156 0.000118397
0 0.0238281 0.775 0.0476562 0.395312 0.000119201
0 0.441406 0.552344 0.453125 0.871875 0.000119771
0 0.697656 0.021875 0.198437 0.040625 0.000119944
0 0.280078 0.719922 0.142969 0.225781 0.000127001
0 0.936328 0.0671875 0.127344 0.134375 0.000128047
0 0.263672 0.385938 0.139844 0.185937 0.000129638
0 0.150781 0.553516 0.126563 0.225781 0.000135269
0 0.768359 0.478906 0.113281 0.25625 0.000135727
0 0.214062 0.632812 0.18125 0.157813 0.000136463
0 0.735156 0.325391 0.0859375 0.110156 0.000136739
0 0.759766 0.393359 0.0914062 0.130469 0.000137902
0 0.759375 0.763281 0.159375 0.217187 0.000142716
0 0.183984 0.0339844 0.261719 0.0679687 0.000142743
0 0.195703 0.799219 0.0898438 0.114063 0.000144398
0 0.952734 0.786328 0.0945313 0.427344 0.000147985
0 0.702734 0.636719 0.158594 0.19375 0.000150836
0 0.721094 0.845703 0.0875 0.113281 0.00015095
0 0.678906 0.697656 0.115625 0.171875 0.000151803
0 0.599219 0.850391 0.151562 0.189844 0.000166007
0 0.659766 0.48125 0.213281 0.36875 0.000166601
0 0.305469 0.364062 0.134375 0.23125 0.000166798
0 0.0238281 0.895312 0.0476562 0.209375 0.000170757
0 0.0703125 0.85625 0.135937 0.278125 0.000197522
0 0.808984 0.0527344 0.363281 0.105469 0.00019961
0 0.326953 0.616797 0.250781 0.567969 0.000200931
0 0.246484 0.231641 0.174219 0.153906 0.000202417
0 0.664453 0.609375 0.210156 0.426562 0.000206601
0 0.234375 0.815234 0.148438 0.202344 0.000210687
0 0.719922 0.679297 0.0820312 0.0929687 0.000211371
0 0.105078 0.0328125 0.210156 0.065625 0.000225484
0 0.745703 0.360547 0.102344 0.125781 0.00022683
0 0.226953 0.525391 0.249219 0.386719 0.000232446
0 0.721484 0.889063 0.214844 0.209375 0.00024387
0 0.974609 0.767187 0.0507812 0.417188 0.00024594
0 0.0871094 0.553125 0.150781 0.717188 0.000246022
0 0.762891 0.601562 0.0851562 0.0984375 0.00024678
0 0.146484 0.741797 0.144531 0.269531 0.000259771
0 0.308203 0.606641 0.172656 0.274219 0.000269443
0 0.242188 0.269922 0.223438 0.258594 0.000279206
0 0.622656 0.78125 0.164062 0.235938 0.000284776
0 0.154687 0.614844 0.14375 0.189063 0.00029802
0 0.248828 0.395312 0.180469 0.3125 0.000298068
0 0.71875 0.739844 0.134375 0.24375 0.00031122
0 0.981641 0.652344 0.0367187 0.425 0.000311587
0 0.312109 0.785937 0.194531 0.276563 0.00032432
0 0.129297 0.0542969 0.258594 0.107031 0.000345144
0 0.767969 0.527344 0.139062 0.420312 0.000357161
0 0.179688 0.835156 0.140625 0.196875 0.000362188
0 0.215234 0.7 0.150781 0.276563 0.00038578
0 0.790234 0.880078 0.163281 0.214844 0.000392467
0 0.741016 0.0304688 0.238281 0.0578125 0.000401936
0 0.129688 0.608203 0.145313 0.285156 0.000471276
0 0.296875 0.692578 0.229687 0.332031 0.000487356
0 0.715625 0.499609 0.209375 0.494531 0.00048783
0 0.786719 0.607422 0.126563 0.196094 0.000515942
0 0.660937 0.736719 0.16875 0.248437 0.000551998
0 0.30625 0.438281 0.228125 0.553125 0.000598657
0 0.178516 0.762109 0.0851562 0.107031 0.000620193
0 0.805859 0.794531 0.155469 0.321875 0.000620641
0 0.720703 0.677734 0.124219 0.150781 0.000746784
0 0.104687 0.717188 0.176563 0.432813 0.000808402
0 0.295312 0.230469 0.203125 0.201562 0.000933544
0 0.25625 0.763281 0.204688 0.20625 0.00115948
0 0.164062 0.514844 0.170312 0.44375 0.00126683
0 0.761328 0.613281 0.121094 0.140625 0.00145118
0 0.705078 0.687109 0.230469 0.410156 0.00159202
0 0.29375 0.342969 0.192188 0.328125 0.00172468
0 0.729688 0.586719 0.173438 0.290625 0.00177162
0 0.251563 0.823438 0.257812 0.264062 0.00181623
0 0.759766 0.84375 0.0804688 0.104687 0.00197617
0 0.669922 0.838281 0.205469 0.207813 0.00229315
0 0.156641 0.827344 0.210156 0.26875 0.00286923
0 0.758594 0.644922 0.164062 0.236719 0.00455103
0 0.180859 0.742969 0.132031 0.2125 0.00492473
0 0.760547 0.726953 0.189844 0.374219 0.0108608
0 0.761328 0.841797 0.160156 0.175781 0.0130979
0 0.157422 0.653125 0.200781 0.45625 0.0143461
0 0.221875 0.694922 0.254687 0.378906 0.0166626
0 0.728125 0.806641 0.204688 0.235156 0.0187159
0 0.229687 0.535937 0.304688 0.721875 0.0417041
0 0.196484 0.778516 0.203906 0.249219 0.125449
