0 0.0941406 0.383203 0.188281 0.413281 0.000100711
0 0.741406 0.612891 0.0890625 0.0929687 0.000100779
0 0.382422 0.361328 0.249219 0.361719 0.000101056
0 0.651563 0.182031 0.123438 0.167187 0.000105005
0 0.978516 0.267969 0.0429688 0.476562 0.000105178
0 0.279687 0.025 0.209375 0.05 0.000108342
0 0.925391 0.0199219 0.149219 0.0398437 0.000110123
0 0.308203 0.237891 0.144531 0.136719 0.000110257
0 0.242969 0.0167969 0.15625 0.0335938 0.000113671
0 0.268359 0.285156 0.103906 0.115625 0.000113875
0 0.821875 0.05 0.307813 0.1 0.000117769
0 0.979297 0.0519531 0.0414063 0.0992187 0.000118056
0 0.755078 0.255859 0.124219 0.164844 0.000122752
0 0.767969 0.962891 0.295312 0.0742188 0.00012296
0 0.310547 0.277734 0.291406 0.330469 0.000124262
0 0.174609 0.590625 0.232031 0.320312 0.000125637
0 0.280859 0.412109 0.250781 0.219531 0.000129164
0 0.718359 0.628906 0.0757812 0.0734375 0.000133276
0 0.762891 0.535937 0.144531 0.189063 0.000134825
0 0.763672 0.594531 0.0898438 0.109375 0.000148371
0 0.719531 0.238281 0.15 0.159375 0.000149245
0 0.947656 0.140625 0.101562 0.28125 0.000149549
0 0.0609375 0.242188 0.121875 0.160938 0.000149594
0 0.849609 0.624219 0.0898438 0.104687 0.000155358
0 0.216797 0.453125 0.0914062 0.114063 0.000166942
0 0.847266 0.685547 0.294531 0.394531 0.00017428
0 0.720312 0.592578 0.123438 0.163281 0.000175698
0 0.806641 0.397656 0.161719 0.28125 0.000184975
0 0.263672 0.714844 0.452344 0.496875 0.00018589
0 0.241406 0.303516 0.065625 0.0882813 0.000190396
0 0.237109 0.485938 0.0882813 0.10625 0.000200514
0 0.616406 0.276172 0.159375 0.257031 0.000208925
0 0.202344 0.942187 0.390625 0.1125 0.000218296
0 0.683984 0.619141 0.149219 0.236719 0.000228643
0 0.244922 0.319531 0.107031 0.167187 0.000228703
0 0.680078 0.534766 0.174219 0.285156 0.000234927
0 0.965625 0.0976562 0.06875 0.195312 0.000254187
0 0.792578 0.782812 0.374219 0.40625 0.000260422
0 0.706641 0.633984 0.125781 0.111719 0.000265546
0 0.910547 0.0839844 0.172656 0.167969 0.000279352
0 0.219141 0.392188 0.132031 0.270312 0.000293392
0 0.269922 0.882812 0.491406 0.234375 0.000302365
0 0.739062 0.526172 0.201562 0.300781 0.000338934
0 0.218359 0.565234 0.249219 0.174219 0.000354686
0 0.382812 0.507422 0.221875 0.235156 0.000359508
0 0.769922 0.308984 0.144531 0.205469 0.000366787
0 0.903906 0.0371094 0.192188 0.0742188 0.00037822
0 0.965234 0.0410156 0.0695312 0.0820312 0.000438345
0 0.276172 0.470703 0.147656 0.158594 0.000504687
0 0.250781 0.341406 0.201562 0.321875 0.000509502
0 0.165234 0.380078 0.228906 0.346094 0.000521687
0 0.650781 0.352344 0.185937 0.290625 0.000526763
0 0.884766 0.641016 0.127344 0.185156 0.000596436
0 0.778906 0.660547 0.248437 0.160156 0.000598289
0 0.848437 0.666016 0.146875 0.122656 0.000601665
0 0.675391 0.235547 0.144531 0.216406 0.000629489
0 0.197656 0.488281 0.090625 0.107813 0.000668555
0 0.0820312 0.280859 0.154687 0.217969 0.000722859
0 0.941797 0.0582031 0.116406 0.116406 0.000761762
0 0.712891 0.378906 0.241406 0.4 0.000775614
0 0.192188 0.471484 0.26875 0.311719 0.00084749
0 0.840234 0.575781 0.185156 0.235938 0.000861697
0 0.762109 0.595312 0.130469 0.151562 0.000893001
0 0.741797 0.630859 0.171094 0.142969 0.000968193
0 0.794922 0.610937 0.294531 0.30625 0.000998152
0 0.688672 0.291797 0.189844 0.282031 0.00104196
0 0.791016 0.480859 0.221094 0.400781 0.00120865
0 0.342187 0.447656 0.25625 0.251563 0.00155921
0 0.777734 0.578516 0.196094 0.202344 0.002331
0 0.271875 0.555859 0.364062 0.263281 0.00399796
0 0.236328 0.486719 0.149219 0.167187 0.00423797
0 0.303125 0.398047 0.33125 0.388281 0.00589111
0 0.196094 0.517969 0.189063 0.195312 0.00675979
0 0.819922 0.627344 0.199219 0.146875 0.0152304
0 0.205078 0.453906 0.175781 0.21875 0.015424
0 0.866406 0.646094 0.0984375 0.107813 0.0201544
0 0.260938 0.484766 0.279687 0.213281 0.174453
