0 0.758594 0.45 0.121875 0.2375 0.000108394
0 0.232812 0.383203 0.0953125 0.160156 0.000112577
0 0.0371094 0.883984 0.0742188 0.232031 0.000113704
0 0.344531 0.742578 0.167187 0.182031 0.000116033
0 0.869141 0.0519531 0.261719 0.100781 0.000117953
0 0.282813 0.597266 0.140625 0.246094 0.000118784
0 0.313672 0.635547 0.289844 0.305469 0.000119771
0 0.194531 0.491016 0.0890625 0.141406 0.000119837
0 0.700781 0.5125 0.19375 0.1875 0.000123213
0 0.194141 0.745313 0.271094 0.189063 0.000123378
0 0.678906 0.576563 0.148438 0.225 0.00012535
0 0.319922 0.472656 0.186719 0.445312 0.000126862
0 0.320312 0.208984 0.140625 0.141406 0.000128966
0 0.780469 0.512109 0.125 0.238281 0.000130002
0 0.231641 0.342969 0.0726563 0.08125 0.000135031
0 0.664453 0.710547 0.216406 0.196094 0.00013508
0 0.134375 0.569922 0.123438 0.371094 0.000139818
0 0.609766 0.617969 0.114844 0.160938 0.000151563
0 0.836719 0.578125 0.1125 0.273438 0.000160037
0 0.737109 0.342578 0.100781 0.211719 0.000165699
0 0.220703 0.0597656 0.392969 0.117969 0.00016663
0 0.104297 0.795313 0.208594 0.39375 0.000167211
0 0.201172 0.427344 0.0914062 0.198437 0.000171849
0 0.706641 0.309766 0.302344 0.410156 0.000175366
0 0.021875 0.521484 0.0390625 0.428906 0.000194312
0 0.824609 0.640234 0.0835937 0.113281 0.000197938
0 0.280078 0.410547 0.300781 0.605469 0.000201349
0 0.801562 0.58125 0.132812 0.214062 0.000209194
0 0.0308594 0.440625 0.0570313 0.679688 0.000210024
0 0.678516 0.653906 0.142969 0.1625 0.0002265
0 0.804297 0.661328 0.0898438 0.110156 0.000232818
0 0.667969 0.393359 0.2 0.497656 0.000264901
0 0.258594 0.742188 0.359375 0.3 0.000280653
0 0.724609 0.358984 0.171094 0.297656 0.000281274
0 0.0578125 0.815625 0.114063 0.36875 0.000282742
0 0.388672 0.712109 0.125781 0.169531 0.000292189
0 0.628125 0.254297 0.0984375 0.108594 0.000303801
0 0.233594 0.324219 0.132812 0.207813 0.000310575
0 0.743359 0.554688 0.233594 0.201562 0.000316773
0 0.178516 0.5125 0.0992187 0.21875 0.000318234
0 0.159375 0.597656 0.107813 0.20625 0.000320055
0 0.240625 0.638281 0.146875 0.171875 0.0003216
0 0.840625 0.710938 0.0875 0.1125 0.000336013
0 0.1375 0.674609 0.107813 0.169531 0.000348926
0 0.340234 0.717188 0.121094 0.121875 0.000361105
0 0.3875 0.642187 0.132812 0.226562 0.000368601
0 0.719922 0.633203 0.147656 0.182031 0.000418255
0 0.332812 0.577344 0.148438 0.2875 0.000456316
0 0.301172 0.657422 0.138281 0.147656 0.000467864
0 0.347266 0.253906 0.138281 0.157813 0.000470276
0 0.762891 0.65625 0.149219 0.157813 0.000503819
0 0.691406 0.292578 0.204688 0.261719 0.000560348
0 0.246875 0.387109 0.178125 0.380469 0.000569621
0 0.179688 0.693359 0.215625 0.180469 0.000574807
0 0.292578 0.266016 0.186719 0.186719 0.000612381
0 0.852734 0.660937 0.110156 0.2125 0.000619059
0 0.758984 0.44375 0.182031 0.38125 0.000623682
0 0.196484 0.654297 0.147656 0.169531 0.000639364
0 0.825781 0.685547 0.279687 0.286719 0.000661244
0 0.218359 0.348437 0.0867188 0.135937 0.000742133
0 0.186719 0.489844 0.134375 0.359375 0.000772942
0 0.644531 0.232812 0.14375 0.151562 0.000799775
0 0.211719 0.372266 0.110937 0.225781 0.000915619
0 0.666016 0.636719 0.207031 0.239063 0.00141268
0 0.325 0.696094 0.173438 0.170312 0.00144378
0 0.825 0.68125 0.0921875 0.110937 0.00255201
0 0.262109 0.709375 0.286719 0.185937 0.00269106
0 0.838672 0.712109 0.130469 0.166406 0.00276351
0 0.295312 0.65 0.209375 0.2 0.00385524
0 0.800391 0.578906 0.174219 0.33125 0.00396602
0 0.700391 0.580859 0.250781 0.292969 0.00436918
0 0.220313 0.489453 0.2125 0.474219 0.00447953
0 0.820312 0.638281 0.120312 0.220313 0.00461196
0 0.162109 0.641797 0.149219 0.225781 0.00492004
0 0.1875 0.575781 0.16875 0.315625 0.00527245
0 0.740234 0.70625 0.314844 0.221875 0.00600007
0 0.725 0.465625 0.267188 0.542188 0.00849204
0 0.809766 0.683984 0.163281 0.164844 0.0332887
0 0.230078 0.648828 0.272656 0.235156 0.0512527
0 0.761328 0.639453 0.261719 0.255469 0.108112
