0 0.678516 0.389844 0.311719 0.559375 0.000102878
0 0.538281 0.0515625 0.357812 0.101562 0.000105516
0 0.342578 0.698828 0.0945313 0.0929687 0.000107202
0 0.803906 0.686719 0.0921875 0.096875 0.000107795
0 0.207813 0.0945313 0.395312 0.189063 0.000111622
0 0.660547 0.633984 0.375781 0.599219 0.000112388
0 0.428125 0.0203125 0.235938 0.0390625 0.000114114
0 0.663281 0.475 0.217187 0.38125 0.000115013
0 0.659375 0.479297 0.109375 0.171094 0.000116028
0 0.410156 0.708984 0.340625 0.469531 0.000116657
0 0.474219 0.0320312 0.246875 0.0640625 0.000117823
0 0.275 0.388672 0.0828125 0.111719 0.000118848
0 0.973828 0.768359 0.0523437 0.463281 0.000121236
0 0.837109 0.762109 0.297656 0.403906 0.000126107
0 0.841406 0.687109 0.090625 0.0945313 0.00012751
0 0.162891 0.716797 0.178906 0.244531 0.000129489
0 0.760938 0.671875 0.0921875 0.103125 0.000131171
0 0.76875 0.439063 0.13125 0.175 0.000135447
0 0.670313 0.295312 0.16875 0.195312 0.000136801
0 0.447266 0.0824219 0.335156 0.164844 0.000139864
0 0.382422 0.693359 0.0867188 0.0945313 0.000140214
0 0.102734 0.236719 0.205469 0.473437 0.000145939
0 0.259766 0.678516 0.147656 0.155469 0.000151044
0 0.382031 0.5875 0.078125 0.0953125 0.000152438
0 0.313281 0.0527344 0.375 0.105469 0.000153529
0 0.78125 0.327344 0.114063 0.179688 0.000154703
0 0.294922 0.486328 0.164844 0.197656 0.000155512
0 0.826953 0.394531 0.289844 0.564062 0.000156813
0 0.342969 0.596875 0.151562 0.1875 0.000164169
0 0.743359 0.640234 0.147656 0.152344 0.000173333
0 0.729297 0.277344 0.100781 0.13125 0.000173851
0 0.259375 0.468359 0.090625 0.110156 0.000176648
0 0.203516 0.649609 0.178906 0.283594 0.000179878
0 0.789062 0.597266 0.151562 0.246094 0.000180409
0 0.192969 0.533984 0.282813 0.610156 0.000185376
0 0.1 0.805469 0.196875 0.365625 0.000189958
0 0.703906 0.396875 0.23125 0.353125 0.000195741
0 0.321875 0.0332031 0.285937 0.0664062 0.000198244
0 0.276563 0.325 0.0875 0.14375 0.000207048
0 0.196484 0.751562 0.139844 0.148438 0.000214053
0 0.071875 0.135937 0.14375 0.271875 0.000216929
0 0.274219 0.303906 0.065625 0.0875 0.000231056
0 0.382422 0.75 0.221094 0.201562 0.000235593
0 0.351953 0.328906 0.203906 0.21875 0.000242016
0 0.415625 0.690234 0.14375 0.210156 0.00025651
0 0.825391 0.620313 0.0914062 0.110937 0.000279024
0 0.867188 0.733984 0.182812 0.241406 0.000294878
0 0.219922 0.483594 0.183594 0.390625 0.000318451
0 0.8 0.427734 0.0890625 0.117969 0.000319407
0 0.429297 0.0464844 0.263281 0.0882813 0.000328613
0 0.867188 0.564844 0.1625 0.385938 0.000331319
0 0.303516 0.699219 0.149219 0.126563 0.000332424
0 0.785547 0.657422 0.0945313 0.108594 0.000350469
0 0.819922 0.402344 0.113281 0.242188 0.00037827
0 0.344531 0.658203 0.142188 0.180469 0.000388348
0 0.703906 0.561328 0.229687 0.355469 0.000395861
0 0.256641 0.531641 0.133594 0.278906 0.000412837
0 0.719922 0.674609 0.0898438 0.105469 0.000419608
0 0.288672 0.426953 0.139844 0.196094 0.000423208
0 0.260156 0.430859 0.090625 0.113281 0.000504162
0 0.234766 0.402344 0.292969 0.459375 0.000554945
0 0.854688 0.654688 0.0875 0.114063 0.000558572
0 0.276563 0.787891 0.360938 0.261719 0.000604164
0 0.384766 0.591797 0.116406 0.217969 0.000648758
0 0.195703 0.720312 0.107031 0.1125 0.000651723
0 0.221094 0.720312 0.164062 0.151562 0.000655226
0 0.700781 0.640234 0.15625 0.177344 0.000694642
0 0.818359 0.491016 0.122656 0.294531 0.000793499
0 0.742188 0.721484 0.257812 0.196094 0.000810047
0 0.753906 0.360547 0.1625 0.219531 0.000826789
0 0.864062 0.676172 0.134375 0.164844 0.000846801
0 0.384375 0.567578 0.170312 0.325781 0.000934056
0 0.28125 0.360938 0.121875 0.248437 0.000961422
0 0.692578 0.688281 0.141406 0.15 0.000961539
0 0.282422 0.660547 0.238281 0.197656 0.00104654
0 0.240625 0.751562 0.234375 0.189063 0.00108122
0 0.781641 0.389453 0.0898438 0.113281 0.0011529
0 0.382031 0.565625 0.246875 0.451562 0.00125242
0 0.250391 0.447656 0.113281 0.195312 0.00148849
0 0.823828 0.685547 0.142969 0.135156 0.00186453
0 0.360156 0.698828 0.190625 0.149219 0.00195477
0 0.317578 0.392188 0.216406 0.339063 0.00245051
0 0.243359 0.590625 0.217969 0.426562 0.00349878
0 0.825 0.656641 0.0953125 0.108594 0.00492574
0 0.743359 0.675 0.213281 0.146875 0.00498368
0 0.34375 0.649219 0.240625 0.270312 0.00530502
0 0.838281 0.620313 0.142188 0.210938 0.00975489
0 0.739844 0.485938 0.275 0.553125 0.00990074
0 0.781641 0.429688 0.152344 0.3125 0.0145028
0 0.780078 0.646875 0.286719 0.271875 0.0208854
0 0.789844 0.394531 0.123438 0.192188 0.0295717
0 0.268359 0.440625 0.138281 0.310937 0.0451562
0 0.301172 0.719141 0.299219 0.211719 0.0467459
0 0.798828 0.523828 0.194531 0.419531 0.102055
0 0.798047 0.658594 0.208594 0.1625 0.186626
0 0.291797 0.515625 0.258594 0.515625 0.275128
