0 0.338672 0.634766 0.114844 0.219531 0.000100306
0 0.292969 0.532031 0.0609375 0.10625 0.000101959
0 0.657422 0.646094 0.155469 0.214062 0.00010217
0 0.980469 0.923047 0.0390625 0.153906 0.000104277
0 0.059375 0.627734 0.11875 0.744531 0.00010573
0 0.86875 0.493359 0.125 0.297656 0.000108165
0 0.370313 0.678516 0.134375 0.285156 0.000115882
0 0.840234 0.108984 0.319531 0.217969 0.000117827
0 0.957031 0.823047 0.0859375 0.314844 0.000122531
0 0.424609 0.532812 0.105469 0.220313 0.000123182
0 0.778906 0.361719 0.114063 0.115625 0.000127
0 0.316406 0.591406 0.084375 0.10625 0.000129339
0 0.644141 0.0539063 0.416406 0.0984375 0.000130602
0 0.762109 0.771094 0.289844 0.345313 0.00013539
0 0.332812 0.4875 0.0640625 0.0890625 0.000137965
0 0.424219 0.428125 0.104687 0.151562 0.000146248
0 0.337891 0.571484 0.111719 0.160156 0.000147197
0 0.780078 0.175391 0.439844 0.350781 0.000148779
0 0.825391 0.445312 0.155469 0.235938 0.000155153
0 0.363672 0.465625 0.286719 0.40625 0.000155468
0 0.829687 0.445703 0.101562 0.178906 0.000155896
0 0.805469 0.0648438 0.389062 0.129688 0.000158814
0 0.248828 0.705078 0.325781 0.549219 0.000158892
0 0.302734 0.445703 0.107031 0.211719 0.000159944
0 0.447266 0.733984 0.142969 0.277344 0.00016824
0 0.512109 0.846094 0.346094 0.307813 0.000172225
0 0.83125 0.470313 0.0484375 0.0875 0.000172972
0 0.387109 0.777344 0.0867188 0.1125 0.000180357
0 0.439453 0.835938 0.157031 0.171875 0.00019318
0 0.336719 0.448047 0.104687 0.197656 0.000193232
0 0.315625 0.551562 0.0796875 0.10625 0.000194447
0 0.805859 0.655078 0.139844 0.217969 0.000194703
0 0.844922 0.448828 0.0664062 0.121094 0.000203748
0 0.898047 0.658984 0.122656 0.210156 0.000207809
0 0.781641 0.615625 0.139844 0.151562 0.000210605
0 0.844531 0.741016 0.139062 0.157031 0.000213639
0 0.372656 0.362891 0.134375 0.138281 0.00022205
0 0.305078 0.655469 0.110156 0.246875 0.000233908
0 0.333203 0.508203 0.0835937 0.155469 0.000238609
0 0.7375 0.679688 0.129688 0.23125 0.000239859
0 0.902734 0.739062 0.142969 0.2 0.000255194
0 0.691797 0.603906 0.180469 0.276563 0.000264226
0 0.2875 0.842969 0.10625 0.185937 0.00026786
0 0.809766 0.534375 0.0960938 0.225 0.000272979
0 0.823438 0.512109 0.075 0.138281 0.00027339
0 0.845312 0.841016 0.295312 0.280469 0.000275917
0 0.888281 0.922656 0.203125 0.154687 0.000291108
0 0.305469 0.741797 0.114063 0.275781 0.000299166
0 0.667969 0.473437 0.1625 0.248437 0.000319797
0 0.389062 0.827344 0.225 0.21875 0.000335433
0 0.722266 0.0996094 0.499219 0.194531 0.000336314
0 0.688281 0.698047 0.146875 0.189844 0.000339428
0 0.943359 0.958203 0.113281 0.0835937 0.000342174
0 0.274219 0.791406 0.159375 0.285937 0.000365292
0 0.839844 0.488281 0.0671875 0.129688 0.000373625
0 0.711719 0.755859 0.125 0.191406 0.000414441
0 0.276563 0.625391 0.165625 0.471094 0.000422638
0 0.660547 0.549219 0.147656 0.179688 0.000469376
0 0.308984 0.510156 0.0648438 0.1125 0.00052643
0 0.959375 0.926562 0.08125 0.146875 0.000548608
0 0.367969 0.796094 0.148438 0.184375 0.000575667
0 0.807813 0.574219 0.142188 0.204688 0.000606545
0 0.412891 0.458203 0.130469 0.242969 0.000622327
0 0.865234 0.695312 0.147656 0.215625 0.00062255
0 0.391797 0.400391 0.152344 0.217969 0.000636095
0 0.305469 0.592969 0.096875 0.176563 0.000639776
0 0.722266 0.365234 0.244531 0.224219 0.000709997
0 0.78125 0.756641 0.226562 0.161719 0.000715561
0 0.724219 0.460938 0.245312 0.321875 0.000796578
0 0.844141 0.491406 0.0960938 0.196875 0.000816989
0 0.735937 0.648828 0.234375 0.349219 0.00097835
0 0.921484 0.804688 0.157031 0.385938 0.00131534
0 0.407813 0.698828 0.114063 0.242969 0.00133093
0 0.850391 0.758203 0.238281 0.205469 0.00134683
0 0.389844 0.738281 0.0765625 0.0984375 0.00140354
0 0.365625 0.451953 0.170312 0.258594 0.00155197
0 0.317578 0.471094 0.0742188 0.15 0.00175441
0 0.847266 0.635938 0.157031 0.198437 0.00179192
0 0.876562 0.594141 0.128125 0.253906 0.00236544
0 0.416797 0.642187 0.146094 0.473437 0.00272148
0 0.930469 0.892187 0.139062 0.215625 0.00283039
0 0.324609 0.803125 0.174219 0.220313 0.00326958
0 0.325781 0.6875 0.18125 0.410937 0.00348363
0 0.310937 0.51875 0.090625 0.196875 0.00372617
0 0.742969 0.720703 0.195312 0.203906 0.00386253
0 0.315234 0.5625 0.122656 0.295312 0.00417969
0 0.389844 0.741797 0.104687 0.153906 0.00425679
0 0.894141 0.691406 0.178906 0.329688 0.00442194
0 0.827344 0.533203 0.190625 0.388281 0.00516411
0 0.846875 0.557422 0.13125 0.247656 0.00614038
0 0.414844 0.771875 0.142188 0.195312 0.00765699
0 0.820703 0.691406 0.244531 0.289062 0.0151821
0 0.812891 0.615625 0.302344 0.489062 0.0166975
0 0.371875 0.741406 0.196875 0.271875 0.0282873
0 0.365625 0.603516 0.221875 0.558594 0.0646811
0 0.858203 0.623828 0.178906 0.364844 0.0809637
