0 0.717578 0.637109 0.0882813 0.113281 0.000101225
0 0.701953 0.467969 0.113281 0.176563 0.000103833
0 0.185156 0.61875 0.117188 0.267188 0.000104618
0 0.726953 0.955469 0.283594 0.0859375 0.000112234
0 0.735937 0.98125 0.145313 0.034375 0.0001134
0 0.873438 0.691406 0.253125 0.617188 0.000122601
0 0.301562 0.266016 0.126563 0.138281 0.000140309
0 0.642969 0.525781 0.0703125 0.0875 0.000143004
0 0.244922 0.616016 0.297656 0.352344 0.000150384
0 0.257422 0.273047 0.175781 0.183594 0.000150898
0 0.735937 0.552344 0.110937 0.2 0.0001535
0 0.679688 0.61875 0.0765625 0.1125 0.000155127
0 0.718359 0.970703 0.174219 0.0570313 0.000176219
0 0.340234 0.469922 0.175781 0.322656 0.000179473
0 0.324609 0.287109 0.0820312 0.0976562 0.000183137
0 0.355078 0.286328 0.122656 0.139844 0.000183338
0 0.321484 0.628906 0.157031 0.15625 0.000193591
0 0.300391 0.328906 0.0914062 0.110937 0.000218447
0 0.701172 0.669922 0.0835937 0.0929687 0.000225499
0 0.278125 0.308984 0.0890625 0.107031 0.00024787
0 0.210547 0.433594 0.144531 0.328125 0.000280001
0 0.382422 0.357422 0.139844 0.196094 0.000285534
0 0.343359 0.326172 0.0898438 0.108594 0.000300429
0 0.232031 0.632812 0.184375 0.201562 0.000337195
0 0.681641 0.651953 0.0820312 0.0960938 0.000352643
0 0.727734 0.405078 0.102344 0.183594 0.000353032
0 0.655859 0.532031 0.103906 0.175 0.000374756
0 0.697266 0.608594 0.278906 0.321875 0.000422752
0 0.313281 0.580078 0.134375 0.166406 0.000480025
0 0.310547 0.255078 0.189844 0.185156 0.000533679
0 0.629297 0.6 0.146094 0.225 0.000585763
0 0.242969 0.310156 0.090625 0.107813 0.00058586
0 0.233203 0.566797 0.171094 0.224219 0.000655563
0 0.728125 0.470313 0.11875 0.254687 0.000697897
0 0.746094 0.64375 0.142188 0.21875 0.000719584
0 0.698047 0.484375 0.158594 0.342187 0.000753157
0 0.340234 0.376953 0.177344 0.191406 0.00124155
0 0.651953 0.649609 0.160156 0.169531 0.00125952
0 0.280859 0.60625 0.208594 0.182812 0.00145216
0 0.695312 0.663281 0.13125 0.142188 0.0018869
0 0.229687 0.340625 0.117188 0.148438 0.00206443
0 0.275391 0.509766 0.246094 0.430469 0.00208008
0 0.729297 0.553516 0.141406 0.316406 0.00220413
0 0.667969 0.568359 0.167187 0.263281 0.00300786
0 0.244922 0.378125 0.178906 0.245312 0.00346821
0 0.299609 0.307422 0.150781 0.164844 0.00405399
0 0.342578 0.326562 0.146094 0.159375 0.00461679
0 0.284375 0.398828 0.282813 0.321094 0.00534456
0 0.701953 0.617188 0.169531 0.226562 0.00927037
0 0.263281 0.324609 0.14375 0.136719 0.0146958
0 0.292578 0.339453 0.228906 0.186719 0.267768
