0 0.657031 0.59375 0.153125 0.2 0.000100759
0 0.757812 0.48125 0.307813 0.526563 0.000104915
0 0.136719 0.818359 0.125 0.247656 0.000107034
0 0.715234 0.46875 0.0851562 0.117188 0.00011123
0 0.217969 0.822656 0.0890625 0.107813 0.00011595
0 0.130859 0.689062 0.208594 0.540625 0.000120623
0 0.722266 0.853906 0.219531 0.16875 0.000124046
0 0.319922 0.549609 0.0976562 0.124219 0.000124566
0 0.698438 0.449219 0.0859375 0.117188 0.000125175
0 0.738672 0.680859 0.0898438 0.114844 0.000126515
0 0.278906 0.4 0.128125 0.170312 0.000134347
0 0.176563 0.808984 0.0875 0.113281 0.000134523
0 0.630469 0.324609 0.146875 0.138281 0.00013912
0 0.239453 0.719531 0.150781 0.276563 0.00014491
0 0.721875 0.737891 0.084375 0.103906 0.000153425
0 0.765625 0.823047 0.314063 0.292969 0.00015997
0 0.674609 0.397656 0.302344 0.359375 0.000163394
0 0.329688 0.561719 0.123438 0.260938 0.000166623
0 0.253516 0.56875 0.0867188 0.103125 0.000170173
0 0.591406 0.691406 0.123438 0.28125 0.00017136
0 0.683594 0.489453 0.115625 0.196094 0.000174628
0 0.211328 0.492188 0.160156 0.301562 0.000177383
0 0.592188 0.774219 0.135937 0.2125 0.000183924
0 0.305078 0.617969 0.135156 0.246875 0.000187657
0 0.751953 0.658594 0.114844 0.204688 0.000200809
0 0.195703 0.840234 0.0929687 0.103906 0.000202367
0 0.679688 0.635156 0.146875 0.18125 0.000219169
0 0.260156 0.81875 0.0875 0.103125 0.000221377
0 0.615234 0.7 0.113281 0.1625 0.000222497
0 0.139453 0.851953 0.0882813 0.141406 0.000228617
0 0.616797 0.614844 0.122656 0.221875 0.00022862
0 0.704297 0.591797 0.124219 0.210156 0.000232086
0 0.172656 0.570312 0.209375 0.578125 0.00023308
0 0.745313 0.484766 0.145313 0.255469 0.000238708
0 0.159766 0.874609 0.113281 0.128906 0.000255945
0 0.739062 0.719531 0.0828125 0.109375 0.000256606
0 0.660156 0.697656 0.142188 0.23125 0.000263635
0 0.297266 0.782422 0.0851562 0.107031 0.000286509
0 0.606641 0.460156 0.166406 0.33125 0.00028722
0 0.600391 0.362109 0.144531 0.200781 0.000303309
0 0.276172 0.531641 0.169531 0.169531 0.000318371
0 0.680859 0.426562 0.125781 0.18125 0.000373586
0 0.317969 0.679688 0.10625 0.23125 0.000388765
0 0.221875 0.553906 0.0875 0.11875 0.000392778
0 0.716797 0.507422 0.103906 0.185156 0.000400063
0 0.163281 0.78125 0.117188 0.25625 0.000492288
0 0.722266 0.817969 0.146094 0.159375 0.000570438
0 0.305859 0.710938 0.299219 0.464063 0.00061658
0 0.324219 0.808984 0.148438 0.205469 0.000625003
0 0.328516 0.649609 0.160156 0.428906 0.000669291
0 0.279297 0.802734 0.0867188 0.108594 0.000706024
0 0.253516 0.566797 0.133594 0.142969 0.000765125
0 0.189844 0.779688 0.276563 0.370313 0.000809263
0 0.203125 0.759766 0.145313 0.271094 0.000827077
0 0.676953 0.799219 0.141406 0.153125 0.000847095
0 0.647266 0.390625 0.203906 0.260938 0.000924842
0 0.707031 0.678125 0.142188 0.242188 0.000970878
0 0.782812 0.728516 0.170312 0.421094 0.000995978
0 0.298047 0.74375 0.121094 0.2375 0.00102926
0 0.713672 0.447266 0.110156 0.185156 0.00118646
0 0.258203 0.86875 0.286719 0.209375 0.00130718
0 0.622656 0.60625 0.18125 0.432813 0.00136425
0 0.158594 0.844531 0.08125 0.10625 0.00148317
0 0.621875 0.735937 0.159375 0.254687 0.00169986
0 0.199219 0.658594 0.121875 0.282813 0.00170358
0 0.747656 0.536328 0.171875 0.466406 0.00177851
0 0.271484 0.487109 0.199219 0.291406 0.00221158
0 0.761328 0.842969 0.110156 0.126563 0.00227902
0 0.733203 0.594531 0.122656 0.2875 0.00245026
0 0.208203 0.571094 0.130469 0.234375 0.00270726
0 0.232031 0.53125 0.13125 0.190625 0.00311617
0 0.751562 0.685547 0.284375 0.511719 0.00342903
0 0.219141 0.819922 0.152344 0.166406 0.0037116
0 0.707422 0.499219 0.146094 0.326562 0.00521859
0 0.755859 0.801562 0.139844 0.215625 0.0053138
0 0.738672 0.719141 0.122656 0.261719 0.00576563
0 0.294141 0.721875 0.189844 0.354688 0.00579837
0 0.658984 0.801562 0.217969 0.2 0.00674687
0 0.174219 0.720703 0.153125 0.417969 0.00831056
0 0.232422 0.569922 0.158594 0.352344 0.00907866
0 0.180469 0.844531 0.146875 0.15625 0.0100681
0 0.276953 0.805859 0.161719 0.177344 0.0119374
0 0.662109 0.566797 0.252344 0.600781 0.0273087
0 0.265625 0.589844 0.24375 0.585938 0.02829
0 0.711719 0.766797 0.201562 0.266406 0.0459589
0 0.227344 0.803125 0.221875 0.239063 0.0965151
0 0.716016 0.625781 0.174219 0.492188 0.239665
0 0.228516 0.689844 0.210156 0.421875 0.243431
