0 0.692187 0.810938 0.198437 0.264062 0.000102705
0 0.421875 0.349219 0.20625 0.30625 0.000103225
0 0.231641 0.766016 0.355469 0.222656 0.000103314
0 0.809766 0.259766 0.0851562 0.124219 0.000103625
0 0.441406 0.0660156 0.240625 0.128906 0.000106437
0 0.160156 0.698828 0.207813 0.277344 0.000113962
0 0.823047 0.6125 0.132031 0.195312 0.000118982
0 0.0421875 0.223438 0.0828125 0.446875 0.000119596
0 0.664062 0.270703 0.134375 0.194531 0.000126887
0 0.220313 0.573828 0.160938 0.174219 0.000134711
0 0.777734 0.240234 0.142969 0.142969 0.000135939
0 0.0667969 0.0769531 0.133594 0.153906 0.000147748
0 0.164062 0.605859 0.248437 0.413281 0.000156364
0 0.733203 0.4 0.246094 0.395312 0.00015827
0 0.663672 0.370313 0.150781 0.25 0.000166129
0 0.345313 0.204297 0.15 0.150781 0.000167934
0 0.769531 0.269922 0.196875 0.232031 0.000171421
0 0.309375 0.730859 0.304688 0.271094 0.000171879
0 0.680078 0.464844 0.210156 0.385938 0.000184471
0 0.328125 0.200781 0.278125 0.25625 0.000187554
0 0.186328 0.0703125 0.369531 0.140625 0.000187999
0 0.24375 0.354688 0.221875 0.28125 0.000192726
0 0.770312 0.865625 0.292188 0.23125 0.000195866
0 0.780078 0.597266 0.169531 0.166406 0.000230105
0 0.835547 0.570703 0.163281 0.422656 0.000232541
0 0.0652344 0.152344 0.130469 0.304688 0.000237563
0 0.347656 0.228906 0.0703125 0.090625 0.000264758
0 0.15 0.3875 0.290625 0.775 0.000278959
0 0.271094 0.146094 0.434375 0.289062 0.00029365
0 0.113672 0.200391 0.222656 0.400781 0.000316455
0 0.708984 0.3 0.202344 0.273438 0.000353047
0 0.827734 0.761719 0.216406 0.364062 0.000355261
0 0.346875 0.603906 0.257812 0.482812 0.000385147
0 0.808594 0.254687 0.059375 0.0671875 0.000390962
0 0.795313 0.4875 0.21875 0.534375 0.000398463
0 0.39375 0.148438 0.295312 0.28125 0.000415396
0 0.227344 0.678906 0.31875 0.332812 0.000473171
0 0.689453 0.708594 0.225781 0.390625 0.000499833
0 0.760938 0.653516 0.210938 0.207031 0.000505337
0 0.218359 0.276563 0.385156 0.507812 0.00056714
0 0.416406 0.207422 0.217187 0.267969 0.000599956
0 0.665625 0.595703 0.254687 0.699219 0.000632821
0 0.830469 0.607031 0.229687 0.614062 0.000738791
0 0.371484 0.243359 0.166406 0.213281 0.000816236
0 0.396484 0.393359 0.253906 0.564844 0.0012448
0 0.366406 0.307422 0.209375 0.292969 0.00155749
0 0.231641 0.596094 0.235156 0.325 0.00161547
0 0.353906 0.238672 0.101562 0.130469 0.00165516
0 0.308594 0.327344 0.25 0.367188 0.00177919
0 0.742188 0.566406 0.279687 0.404687 0.00281753
0 0.297656 0.485938 0.3 0.41875 0.00567556
0 0.210156 0.479688 0.253125 0.570312 0.0075104
0 0.767187 0.688281 0.264062 0.442187 0.025739
0 0.747656 0.548047 0.310937 0.783594 0.326566
0 0.292578 0.458984 0.378906 0.672656 0.504699
