0 0.837109 0.474219 0.103906 0.198437 0.000102399
0 0.805469 0.472656 0.0828125 0.103125 0.00010534
0 0.978906 0.478516 0.0421875 0.458594 0.000106302
0 0.896875 0.0644531 0.203125 0.128906 0.000108124
0 0.616406 0.235938 0.11875 0.120312 0.000109473
0 0.959766 0.186719 0.0804688 0.36875 0.000109991
0 0.194922 0.6375 0.0851562 0.114063 0.0001113
0 0.777734 0.0230469 0.289844 0.0445312 0.000113251
0 0.775781 0.311719 0.378125 0.478125 0.000117751
0 0.317578 0.758203 0.319531 0.236719 0.000121962
0 0.621875 0.206641 0.248437 0.228906 0.000123947
0 0.642187 0.553906 0.1125 0.176563 0.000128132
0 0.117188 0.605859 0.19375 0.541406 0.000130772
0 0.692187 0.595312 0.090625 0.10625 0.000137883
0 0.414062 0.775391 0.251563 0.242969 0.000137919
0 0.940625 0.113281 0.115625 0.226562 0.000144345
0 0.361328 0.755469 0.203906 0.184375 0.000145738
0 0.273828 0.485938 0.105469 0.185937 0.000149931
0 0.216406 0.411719 0.0828125 0.107813 0.000150021
0 0.283984 0.295703 0.0742188 0.0914062 0.000153588
0 0.84375 0.626953 0.078125 0.0835937 0.000154156
0 0.489453 0.177344 0.392969 0.354688 0.000154879
0 0.338672 0.258203 0.178906 0.163281 0.000159886
0 0.0472656 0.438672 0.0945313 0.627344 0.000160298
0 0.414844 0.608594 0.215625 0.539062 0.000161611
0 0.763672 0.49375 0.150781 0.25 0.000161756
0 0.804688 0.594531 0.0890625 0.1 0.000167181
0 0.800391 0.430078 0.110156 0.222656 0.000176081
0 0.178906 0.659766 0.0875 0.117969 0.000176759
0 0.258594 0.279687 0.09375 0.101562 0.00018356
0 0.649219 0.281641 0.182812 0.208594 0.000186267
0 0.320312 0.635938 0.0875 0.110937 0.00020707
0 0.862891 0.528125 0.138281 0.325 0.0002077
0 0.636328 0.480859 0.152344 0.333594 0.000217408
0 0.104687 0.774219 0.203125 0.434375 0.000221503
0 0.558594 0.0378906 0.334375 0.0742188 0.000222368
0 0.655859 0.44375 0.0898438 0.1 0.000230622
0 0.664062 0.665234 0.360938 0.411719 0.000237774
0 0.823828 0.611719 0.0835937 0.0859375 0.000242188
0 0.283203 0.632031 0.0882813 0.107813 0.000245476
0 0.383203 0.615234 0.130469 0.233594 0.000248553
0 0.478906 0.0640625 0.35 0.125 0.000252263
0 0.325781 0.669922 0.139062 0.158594 0.000265488
0 0.0613281 0.622266 0.119531 0.714844 0.000267224
0 0.899609 0.185547 0.200781 0.371094 0.000274434
0 0.838281 0.0378906 0.323438 0.0757812 0.000290269
0 0.173828 0.487891 0.164844 0.363281 0.00029097
0 0.781641 0.179297 0.436719 0.358594 0.000294702
0 0.739062 0.0371094 0.295312 0.0726563 0.000294883
0 0.841016 0.574609 0.0835937 0.119531 0.000301072
0 0.693359 0.660156 0.255469 0.228125 0.000315002
0 0.234766 0.367188 0.141406 0.248437 0.00031697
0 0.323438 0.577344 0.134375 0.242188 0.000323079
0 0.0300781 0.558984 0.0585938 0.699219 0.00032454
0 0.410156 0.726172 0.120312 0.161719 0.000330598
0 0.711328 0.320703 0.257031 0.282031 0.000331972
0 0.226953 0.705469 0.244531 0.2375 0.000338822
0 0.805859 0.630469 0.130469 0.104687 0.000362911
0 0.235547 0.446875 0.0851562 0.1125 0.000364119
0 0.658203 0.594141 0.0914062 0.103906 0.000365441
0 0.823047 0.554688 0.0851562 0.11875 0.000375586
0 0.547656 0.107031 0.367188 0.207813 0.000387983
0 0.657422 0.508984 0.124219 0.203906 0.000423005
0 0.816016 0.781641 0.294531 0.410156 0.0004395
0 0.826172 0.592188 0.292969 0.373437 0.000444209
0 0.762109 0.592188 0.144531 0.135937 0.000459705
0 0.279687 0.578125 0.164062 0.209375 0.000499771
0 0.332031 0.676953 0.301562 0.285156 0.000500326
0 0.799609 0.412109 0.199219 0.375781 0.000505751
0 0.714844 0.595312 0.145313 0.154687 0.000548552
0 0.302734 0.615234 0.0867188 0.103906 0.000572444
0 0.819531 0.512891 0.08125 0.108594 0.000608017
0 0.255859 0.466016 0.0945313 0.116406 0.000684287
0 0.329688 0.378125 0.2 0.292188 0.000702997
0 0.846875 0.691016 0.2 0.377344 0.000711799
0 0.164844 0.675391 0.10625 0.213281 0.000738001
0 0.842578 0.633594 0.153906 0.229687 0.00074437
0 0.234766 0.552344 0.139844 0.221875 0.000750328
0 0.628516 0.0621094 0.450781 0.119531 0.000767585
0 0.183594 0.620703 0.289062 0.439844 0.000778409
0 0.308203 0.293359 0.171094 0.186719 0.000799352
0 0.269141 0.392969 0.202344 0.332812 0.000867976
0 0.841406 0.607422 0.104687 0.138281 0.000957449
0 0.205859 0.445312 0.0976562 0.157813 0.00104867
0 0.385547 0.688281 0.147656 0.196875 0.00120158
0 0.184766 0.576953 0.113281 0.277344 0.00126021
0 0.666406 0.410547 0.189063 0.289844 0.00126529
0 0.288672 0.275 0.111719 0.117188 0.00132376
0 0.805078 0.495313 0.124219 0.185937 0.00137873
0 0.2375 0.617578 0.15 0.185156 0.00140242
0 0.673437 0.577344 0.132812 0.184375 0.00167305
0 0.723437 0.104297 0.55 0.207031 0.00167742
0 0.780859 0.648438 0.283594 0.239063 0.0017452
0 0.658203 0.441406 0.136719 0.192188 0.002019
0 0.788672 0.552734 0.144531 0.191406 0.00209674
0 0.80625 0.628125 0.175 0.1625 0.00209912
0 0.772656 0.0632813 0.454688 0.125 0.00217587
0 0.341406 0.517578 0.201562 0.455469 0.00222355
0 0.302734 0.632812 0.135156 0.154687 0.00274056
0 0.205078 0.511328 0.124219 0.271094 0.00310751
0 0.654688 0.626562 0.1625 0.1875 0.00341392
0 0.226953 0.448438 0.132031 0.225 0.00403348
0 0.807422 0.496094 0.155469 0.3 0.00996556
0 0.671094 0.550391 0.18125 0.294531 0.01338
0 0.327344 0.631641 0.209375 0.211719 0.0137714
0 0.196875 0.641016 0.159375 0.244531 0.0183179
0 0.833203 0.559766 0.124219 0.205469 0.0193044
0 0.721875 0.596094 0.275 0.21875 0.0278881
0 0.273438 0.478125 0.260938 0.523438 0.0475248
0 0.732031 0.4625 0.289062 0.446875 0.0563553
0 0.258984 0.624609 0.247656 0.247656 0.0663839
0 0.776563 0.55 0.234375 0.260938 0.0995432
0 0.223828 0.552344 0.186719 0.375 0.108658
