0 0.319531 0.408203 0.140625 0.196094 0.000103825
0 0.98125 0.696875 0.0375 0.2 0.000110663
0 0.462109 0.55625 0.253906 0.339063 0.000111169
0 0.260547 0.522266 0.302344 0.502344 0.000114369
0 0.373047 0.178906 0.138281 0.167187 0.000116172
0 0.522266 0.376172 0.389844 0.599219 0.00012384
0 0.401953 0.278125 0.211719 0.20625 0.000125141
0 0.271094 0.383984 0.123438 0.269531 0.000130824
0 0.805859 0.118359 0.291406 0.228906 0.000136194
0 0.49375 0.434375 0.134375 0.2 0.000151311
0 0.496484 0.226953 0.161719 0.228906 0.000156432
0 0.892969 0.259766 0.117188 0.196094 0.000159261
0 0.423828 0.180469 0.0867188 0.0921875 0.000164415
0 0.961328 0.344531 0.0773437 0.251563 0.000164983
0 0.251563 0.514063 0.164062 0.284375 0.000181425
0 0.503125 0.311719 0.232812 0.50625 0.000187567
0 0.260547 0.317578 0.236719 0.635156 0.000202385
0 0.959375 0.519141 0.08125 0.391406 0.00020763
0 0.965625 0.687109 0.06875 0.346094 0.000214165
0 0.580859 0.964453 0.105469 0.0710938 0.000219006
0 0.762109 0.466797 0.263281 0.561719 0.000219809
0 0.445312 0.46875 0.0890625 0.1 0.000228599
0 0.298828 0.464063 0.141406 0.248437 0.00024796
0 0.314063 0.549219 0.271875 0.310937 0.00025253
0 0.444531 0.220313 0.148438 0.176563 0.000262812
0 0.617578 0.39375 0.441406 0.7875 0.000266958
0 0.874609 0.344141 0.196094 0.210156 0.000303528
0 0.888672 0.591016 0.217969 0.296094 0.000307404
0 0.944141 0.692187 0.108594 0.457812 0.000308564
0 0.297266 0.239844 0.207031 0.4125 0.000329843
0 0.905469 0.205469 0.117188 0.2125 0.000330574
0 0.930859 0.464844 0.133594 0.220313 0.000333083
0 0.794141 0.325781 0.402344 0.651563 0.000374154
0 0.458984 0.157422 0.197656 0.267969 0.00050417
0 0.363281 0.242188 0.15 0.228125 0.000539043
0 0.377344 0.15625 0.207813 0.24375 0.000565854
0 0.9125 0.399219 0.151562 0.259375 0.000846827
0 0.468359 0.396875 0.175781 0.3625 0.000878069
0 0.463281 0.271875 0.201562 0.351562 0.000967591
0 0.863672 0.246094 0.253906 0.404687 0.00106941
0 0.761328 0.600781 0.174219 0.192188 0.00113573
0 0.396484 0.509766 0.252344 0.235156 0.00113577
0 0.423438 0.178906 0.15625 0.1625 0.00120105
0 0.448047 0.469922 0.130469 0.144531 0.00128472
0 0.324609 0.284766 0.141406 0.232031 0.00145363
0 0.949219 0.390234 0.101562 0.435156 0.00170264
0 0.303516 0.343359 0.136719 0.285156 0.00200563
0 0.926172 0.498828 0.147656 0.442969 0.00279086
0 0.821484 0.546484 0.289844 0.299219 0.00415127
0 0.435547 0.466016 0.192969 0.208594 0.00417735
0 0.924219 0.299609 0.142188 0.286719 0.00581156
0 0.361719 0.241797 0.234375 0.330469 0.00670031
0 0.276172 0.440625 0.180469 0.382812 0.00676357
0 0.353125 0.427734 0.317187 0.449219 0.00822408
0 0.422656 0.216016 0.229687 0.239844 0.00905801
0 0.850391 0.436719 0.297656 0.55625 0.0103922
0 0.404297 0.304297 0.307031 0.497656 0.0195439
0 0.311719 0.364062 0.196875 0.453125 0.156793
0 0.899219 0.353516 0.201562 0.460156 0.324356
