0 0.839844 0.637109 0.078125 0.102344 0.000100544
0 0.430078 0.409375 0.0742188 0.103125 0.00010256
0 0.858594 0.242969 0.0703125 0.1 0.000104727
0 0.453516 0.562891 0.157031 0.294531 0.000106047
0 0.0277344 0.355859 0.0554687 0.372656 0.000107388
0 0.3875 0.572656 0.0765625 0.09375 0.000107532
0 0.377344 0.744922 0.276563 0.258594 0.000110225
0 0.870703 0.274219 0.111719 0.207813 0.000111645
0 0.387891 0.401563 0.117969 0.171875 0.000113626
0 0.915234 0.44375 0.147656 0.303125 0.000115028
0 0.921875 0.552344 0.115625 0.253125 0.000116398
0 0.408984 0.429297 0.0742188 0.0960938 0.000117508
0 0.284375 0.709766 0.117188 0.141406 0.000122774
0 0.748438 0.717188 0.214062 0.239063 0.000125155
0 0.892969 0.0289063 0.214062 0.0546875 0.00013323
0 0.386719 0.241406 0.196875 0.2 0.000134473
0 0.743359 0.65625 0.158594 0.182812 0.000144965
0 0.0210938 0.731641 0.0421875 0.428906 0.000145494
0 0.464453 0.388672 0.108594 0.172656 0.000147846
0 0.948047 0.879687 0.102344 0.240625 0.000155089
0 0.802734 0.614453 0.124219 0.207031 0.000160197
0 0.0304688 0.608594 0.0578125 0.685938 0.000167666
0 0.461328 0.408594 0.0773437 0.0984375 0.000178863
0 0.306641 0.616797 0.132031 0.222656 0.000185749
0 0.794531 0.152734 0.121875 0.157031 0.000204426
0 0.885938 0.386719 0.114063 0.157813 0.000211015
0 0.462109 0.463281 0.105469 0.134375 0.000217547
0 0.966016 0.814844 0.0679687 0.348437 0.000222556
0 0.820312 0.826563 0.348437 0.328125 0.000223723
0 0.403516 0.553125 0.117969 0.184375 0.000235323
0 0.746875 0.394922 0.215625 0.524219 0.000236965
0 0.967188 0.602734 0.0625 0.447656 0.000243218
0 0.05 0.451172 0.090625 0.772656 0.000243852
0 0.0226563 0.479297 0.04375 0.478906 0.000245814
0 0.402344 0.360156 0.159375 0.18125 0.00025828
0 0.8875 0.511719 0.146875 0.271875 0.000271303
0 0.843359 0.464063 0.164844 0.167187 0.000298617
0 0.458203 0.350391 0.180469 0.286719 0.000304759
0 0.863672 0.593359 0.155469 0.175781 0.000305094
0 0.429688 0.447656 0.0796875 0.0984375 0.000344096
0 0.340234 0.650391 0.150781 0.180469 0.000352308
0 0.280859 0.646094 0.107031 0.178125 0.000400605
0 0.93125 0.810156 0.1375 0.339063 0.00040779
0 0.845312 0.312891 0.198437 0.282031 0.000410248
0 0.90625 0.614062 0.1375 0.254687 0.000456324
0 0.886719 0.71875 0.165625 0.1875 0.000498648
0 0.765625 0.192969 0.2 0.23125 0.000506962
0 0.411328 0.447656 0.113281 0.160938 0.00051403
0 0.0304688 0.361328 0.059375 0.714844 0.000521256
0 0.423438 0.232422 0.234375 0.332031 0.000578769
0 0.285156 0.666016 0.0796875 0.0945313 0.00058821
0 0.749219 0.275 0.1875 0.292188 0.000592949
0 0.409766 0.667578 0.216406 0.205469 0.000615155
0 0.386328 0.596484 0.136719 0.182031 0.000627785
0 0.840625 0.637109 0.139062 0.188281 0.000631028
0 0.883984 0.4 0.150781 0.253125 0.000670586
0 0.447656 0.428516 0.104687 0.147656 0.000671877
0 0.342578 0.692578 0.207031 0.161719 0.000732675
0 0.328125 0.351953 0.160938 0.250781 0.000863511
0 0.802734 0.676172 0.189844 0.188281 0.000866603
0 0.453125 0.437109 0.153125 0.249219 0.00111429
0 0.770703 0.63125 0.221094 0.284375 0.00128327
0 0.798828 0.292578 0.255469 0.380469 0.00182025
0 0.452734 0.434375 0.228906 0.489062 0.00209083
0 0.396484 0.56875 0.177344 0.2875 0.00218155
0 0.813672 0.479297 0.269531 0.378906 0.00219344
0 0.332422 0.508594 0.216406 0.501562 0.00257522
0 0.869141 0.753906 0.253906 0.323438 0.00261612
0 0.893359 0.480859 0.196094 0.532031 0.00273703
0 0.300781 0.678906 0.121875 0.125 0.00374348
0 0.891406 0.678906 0.190625 0.326562 0.00488556
0 0.819141 0.683594 0.280469 0.289062 0.00498192
0 0.364453 0.311328 0.194531 0.239844 0.0050075
0 0.366016 0.629297 0.232031 0.235156 0.00545806
0 0.389453 0.446484 0.239844 0.399219 0.00987064
0 0.391797 0.319141 0.249219 0.375781 0.0158741
0 0.860547 0.594531 0.253906 0.467187 0.0632945
0 0.814844 0.459766 0.329688 0.752344 0.300403
0 0.386719 0.43125 0.3 0.660937 0.437223
