0 0.785547 0.594922 0.146094 0.192969 0.0001028
0 0.557813 0.954687 0.0921875 0.090625 0.000105996
0 0.741406 0.361328 0.182812 0.208594 0.000107404
0 0.426953 0.344531 0.0867188 0.1125 0.000108881
0 0.941016 0.296875 0.117969 0.59375 0.00011302
0 0.906641 0.0308594 0.160156 0.0601562 0.000117271
0 0.325781 0.682422 0.3375 0.441406 0.000122665
0 0.0167969 0.321875 0.0320312 0.223438 0.000124273
0 0.821484 0.841797 0.311719 0.316406 0.0001263
0 0.805859 0.651563 0.149219 0.175 0.000126923
0 0.0273438 0.927344 0.0546875 0.145313 0.000127406
0 0.886719 0.215234 0.210938 0.360156 0.000128618
0 0.592188 0.0738281 0.246875 0.147656 0.000130672
0 0.0515625 0.932422 0.101562 0.135156 0.000131182
0 0.864453 0.633594 0.0835937 0.09375 0.000134856
0 0.96875 0.690234 0.0625 0.549219 0.000138205
0 0.460547 0.380859 0.169531 0.182031 0.000141011
0 0.880469 0.576172 0.142188 0.199219 0.000144805
0 0.735937 0.239844 0.31875 0.317187 0.000145947
0 0.946484 0.929297 0.107031 0.141406 0.000154642
0 0.946484 0.034375 0.103906 0.065625 0.000159454
0 0.801172 0.383203 0.188281 0.202344 0.000160062
0 0.321484 0.466406 0.125781 0.184375 0.000161202
0 0.385938 0.572656 0.129688 0.178125 0.000166844
0 0.400781 0.0429688 0.309375 0.0859375 0.000170277
0 0.844922 0.469141 0.141406 0.233594 0.000170673
0 0.753516 0.675391 0.274219 0.285156 0.000173411
0 0.939453 0.141016 0.121094 0.272656 0.000176201
0 0.0363281 0.355469 0.0726563 0.485938 0.000176639
0 0.323828 0.194922 0.242969 0.389844 0.000178808
0 0.801172 0.466797 0.177344 0.188281 0.000185865
0 0.359766 0.672266 0.261719 0.249219 0.000188321
0 0.708594 0.392188 0.220313 0.35625 0.000188724
0 0.428906 0.593359 0.1375 0.182031 0.000189441
0 0.025 0.433594 0.0484375 0.41875 0.000216114
0 0.925 0.520703 0.146875 0.566406 0.000224578
0 0.305469 0.636328 0.117188 0.174219 0.000246956
0 0.780859 0.319531 0.185156 0.185937 0.000254663
0 0.966797 0.101953 0.0664062 0.196094 0.000261385
0 0.800391 0.241406 0.194531 0.21875 0.000277632
0 0.708594 0.313672 0.18125 0.224219 0.000289091
0 0.580078 0.196484 0.286719 0.349219 0.000290773
0 0.429297 0.282813 0.188281 0.198437 0.00029172
0 0.96875 0.905078 0.0625 0.189844 0.000299652
0 0.823438 0.553906 0.185937 0.207813 0.000303849
0 0.939844 0.0699219 0.120312 0.139844 0.000310435
0 0.899609 0.655859 0.119531 0.186719 0.000312275
0 0.410156 0.403906 0.209375 0.190625 0.000321084
0 0.366016 0.445703 0.194531 0.185156 0.000322555
0 0.289453 0.525 0.172656 0.398438 0.000323019
0 0.465625 0.489062 0.139062 0.232812 0.000333843
0 0.845312 0.402344 0.146875 0.16875 0.000350442
0 0.489453 0.0375 0.186719 0.075 0.000357868
0 0.021875 0.314453 0.04375 0.382031 0.000358058
0 0.985547 0.883594 0.0289063 0.228125 0.000403167
0 0.545703 0.303516 0.227344 0.417969 0.000445032
0 0.510938 0.243359 0.125 0.203906 0.000461982
0 0.326953 0.385547 0.105469 0.164844 0.000462516
0 0.827734 0.316797 0.297656 0.457031 0.000464483
0 0.296875 0.0695312 0.415625 0.139062 0.000481031
0 0.408203 0.533203 0.192969 0.210156 0.000507105
0 0.825391 0.611719 0.141406 0.167187 0.000523462
0 0.490625 0.433594 0.248437 0.564062 0.000543648
0 0.0425781 0.857813 0.0851562 0.279687 0.000547564
0 0.426172 0.465625 0.177344 0.179688 0.000580431
0 0.736328 0.257031 0.202344 0.207813 0.000588533
0 0.432813 0.632422 0.214062 0.207031 0.000589989
0 0.509766 0.0644531 0.191406 0.128906 0.000634178
0 0.950781 0.851172 0.0984375 0.297656 0.000708515
0 0.323438 0.603516 0.173438 0.238281 0.000825345
0 0.821484 0.717578 0.310156 0.380469 0.000866091
0 0.871484 0.480859 0.200781 0.391406 0.000955707
0 0.866797 0.633594 0.136719 0.170312 0.000967524
0 0.34375 0.292188 0.35 0.539062 0.00106277
0 0.885938 0.782422 0.226562 0.405469 0.0010796
0 0.494922 0.302734 0.133594 0.261719 0.00110084
0 0.930469 0.723828 0.135937 0.466406 0.00118842
0 0.367969 0.342187 0.182812 0.198437 0.00119692
0 0.973047 0.812891 0.0539063 0.371094 0.00151998
0 0.899609 0.632422 0.147656 0.344531 0.00166022
0 0.332422 0.397266 0.146094 0.244531 0.00169848
0 0.836328 0.397656 0.208594 0.310937 0.00172116
0 0.459766 0.555859 0.172656 0.261719 0.00174618
0 0.511719 0.139844 0.273438 0.276563 0.00177327
0 0.448047 0.078125 0.294531 0.15625 0.00209449
0 0.427344 0.342187 0.16875 0.184375 0.00223278
0 0.453125 0.473437 0.209375 0.382812 0.00244276
0 0.332812 0.437891 0.220313 0.419531 0.00246075
0 0.789062 0.601953 0.260938 0.285156 0.0026865
0 0.503516 0.222266 0.182031 0.316406 0.00309891
0 0.398047 0.138672 0.349219 0.277344 0.00310314
0 0.371875 0.355859 0.225 0.325781 0.00495127
0 0.848047 0.641016 0.219531 0.253906 0.00527657
0 0.782812 0.323828 0.235938 0.297656 0.00528759
0 0.439063 0.226562 0.335938 0.417188 0.00640417
0 0.390625 0.585547 0.270312 0.283594 0.00799793
0 0.838672 0.599219 0.269531 0.417188 0.01665
0 0.44375 0.309375 0.240625 0.314063 0.028956
0 0.405469 0.436328 0.292188 0.528906 0.295906
0 0.802344 0.459375 0.30625 0.5625 0.370869
