0 0.746875 0.576953 0.142188 0.282031 0.000102373
0 0.651953 0.316016 0.188281 0.425781 0.000102802
0 0.404687 0.15625 0.109375 0.121875 0.00010294
0 0.691016 0.0378906 0.371094 0.0757812 0.000104234
0 0.0808594 0.132422 0.161719 0.264844 0.000105542
0 0.306641 0.19375 0.0773437 0.120312 0.000105548
0 0.330078 0.653516 0.144531 0.213281 0.000107855
0 0.257031 0.341797 0.0765625 0.108594 0.000116208
0 0.771484 0.407422 0.0773437 0.117969 0.000117602
0 0.345313 0.450781 0.142188 0.28125 0.000117634
0 0.200391 0.637891 0.0804688 0.119531 0.000118258
0 0.973828 0.641797 0.0507812 0.653906 0.000120366
0 0.284375 0.242188 0.096875 0.153125 0.000122012
0 0.970312 0.229297 0.059375 0.458594 0.000123101
0 0.254687 0.280859 0.06875 0.163281 0.000123968
0 0.796875 0.620313 0.103125 0.214062 0.000125704
0 0.980078 0.641797 0.0398437 0.419531 0.000128756
0 0.800391 0.748438 0.133594 0.245312 0.000137443
0 0.381641 0.719531 0.300781 0.342187 0.000138654
0 0.675781 0.632031 0.128125 0.16875 0.000143063
0 0.549609 0.0675781 0.419531 0.135156 0.00014579
0 0.380469 0.575 0.135937 0.246875 0.000149179
0 0.783594 0.659375 0.0890625 0.115625 0.000149277
0 0.346875 0.510938 0.0875 0.101562 0.000157708
0 0.191016 0.0972656 0.377344 0.194531 0.000157918
0 0.298047 0.364453 0.135156 0.225781 0.000158115
0 0.287891 0.760547 0.311719 0.382031 0.000158446
0 0.279687 0.576172 0.151562 0.219531 0.000159319
0 0.611719 0.565625 0.239063 0.36875 0.00016756
0 0.744922 0.3875 0.0882813 0.115625 0.000167845
0 0.084375 0.0671875 0.167187 0.134375 0.000168195
0 0.935547 0.204297 0.128906 0.408594 0.000169075
0 0.665625 0.684375 0.30625 0.351562 0.000174976
0 0.358594 0.235547 0.2125 0.325781 0.000178865
0 0.8125 0.547656 0.2625 0.539062 0.000192321
0 0.217187 0.670703 0.134375 0.194531 0.000195899
0 0.160156 0.685156 0.21875 0.442187 0.00020851
0 0.175391 0.641797 0.124219 0.242969 0.000210696
0 0.813672 0.0367187 0.330469 0.0734375 0.000214498
0 0.797656 0.697266 0.0734375 0.116406 0.000223292
0 0.936719 0.10625 0.126563 0.2125 0.000225159
0 0.727734 0.323047 0.153906 0.286719 0.000231789
0 0.792578 0.512109 0.121094 0.297656 0.000246921
0 0.848828 0.189453 0.302344 0.378906 0.000252713
0 0.448438 0.707031 0.470313 0.585938 0.000270538
0 0.732813 0.728906 0.221875 0.248437 0.000297473
0 0.557813 0.553125 0.4 0.58125 0.000304445
0 0.5375 0.289062 0.38125 0.557813 0.000342566
0 0.703516 0.400391 0.185156 0.257031 0.000360529
0 0.630078 0.113281 0.467969 0.226562 0.000389129
0 0.442969 0.191797 0.354688 0.383594 0.000401038
0 0.661328 0.480859 0.202344 0.425781 0.00040297
0 0.777734 0.405078 0.346094 0.632031 0.000425117
0 0.728125 0.386328 0.128125 0.164844 0.000430338
0 0.310156 0.280859 0.165625 0.307031 0.000462794
0 0.377344 0.445312 0.171875 0.390625 0.000475261
0 0.735547 0.201172 0.455469 0.402344 0.000518656
0 0.858594 0.0699219 0.28125 0.139844 0.00053427
0 0.720312 0.0703125 0.470313 0.140625 0.000550032
0 0.782031 0.403906 0.110937 0.246875 0.000568671
0 0.720312 0.311328 0.220313 0.403906 0.000614189
0 0.792578 0.121484 0.407031 0.239844 0.000698991
0 0.251172 0.359375 0.108594 0.242188 0.000715939
0 0.412891 0.6125 0.257031 0.3125 0.000717099
0 0.360156 0.513672 0.125 0.186719 0.000776516
0 0.667578 0.617578 0.211719 0.239844 0.000888
0 0.377344 0.642578 0.16875 0.233594 0.000935786
0 0.649219 0.379297 0.3 0.647656 0.000955072
0 0.377734 0.356641 0.263281 0.586719 0.00095517
0 0.273438 0.31875 0.115625 0.2125 0.000980483
0 0.204297 0.614062 0.110156 0.207813 0.00121827
0 0.461719 0.443359 0.4 0.713281 0.00132639
0 0.197656 0.547656 0.145313 0.384375 0.00143541
0 0.21875 0.555078 0.11875 0.258594 0.00143866
0 0.803516 0.620313 0.141406 0.404687 0.00175691
0 0.275391 0.361328 0.155469 0.352344 0.00176477
0 0.757422 0.407031 0.107031 0.184375 0.00209526
0 0.720703 0.5375 0.272656 0.482812 0.00230798
0 0.739453 0.648047 0.199219 0.257031 0.00296879
0 0.348828 0.528516 0.178906 0.269531 0.00319396
0 0.289453 0.653906 0.274219 0.273438 0.00342731
0 0.239453 0.484375 0.161719 0.414062 0.00620299
0 0.336719 0.605078 0.2125 0.274219 0.00627843
0 0.746875 0.445312 0.140625 0.3125 0.00712461
0 0.783984 0.680078 0.135156 0.258594 0.0104731
0 0.302734 0.402344 0.252344 0.553125 0.0150232
0 0.229297 0.607813 0.167969 0.273438 0.0204748
0 0.281641 0.553516 0.244531 0.341406 0.0318356
0 0.770703 0.536719 0.139844 0.434375 0.0462341
