0 0.785547 0.39375 0.125781 0.23125 0.000100865
0 0.110547 0.0507812 0.221094 0.1 0.000101638
0 0.385547 0.715234 0.130469 0.171094 0.000104527
0 0.678516 0.470703 0.119531 0.199219 0.000106484
0 0.741016 0.796484 0.228906 0.203906 0.00011236
0 0.798047 0.595312 0.0773437 0.110937 0.000114225
0 0.385156 0.648828 0.0796875 0.0992187 0.000116472
0 0.732813 0.285547 0.107813 0.119531 0.000118159
0 0.632812 0.639844 0.189063 0.251563 0.000120023
0 0.260156 0.451953 0.0875 0.119531 0.000122415
0 0.698828 0.848047 0.332031 0.303906 0.000127976
0 0.779297 0.352344 0.0773437 0.142188 0.000128529
0 0.812109 0.597266 0.0976562 0.191406 0.000130331
0 0.662109 0.342969 0.127344 0.21875 0.000134345
0 0.404687 0.541797 0.359375 0.567969 0.000137749
0 0.071875 0.0296875 0.14375 0.059375 0.000144898
0 0.396094 0.683203 0.190625 0.224219 0.000148335
0 0.702734 0.310547 0.289844 0.311719 0.000151298
0 0.739844 0.532031 0.146875 0.179688 0.000155558
0 0.898828 0.0957031 0.200781 0.172656 0.000156724
0 0.346094 0.296094 0.121875 0.14375 0.000162637
0 0.700781 0.359766 0.132812 0.178906 0.000164426
0 0.754297 0.387109 0.302344 0.467969 0.000166763
0 0.275 0.704297 0.296875 0.278906 0.000176364
0 0.384766 0.553125 0.119531 0.164062 0.00018081
0 0.905859 0.0339844 0.186719 0.0648438 0.000193488
0 0.963672 0.0515625 0.0679687 0.09375 0.000198441
0 0.659766 0.532812 0.132031 0.207813 0.000198519
0 0.323047 0.573828 0.149219 0.232031 0.000203012
0 0.298828 0.426172 0.144531 0.164844 0.000203797
0 0.7625 0.677344 0.0875 0.114063 0.00020561
0 0.7 0.5125 0.134375 0.209375 0.000205659
0 0.869141 0.0589844 0.255469 0.117969 0.000213036
0 0.241016 0.489062 0.0851562 0.10625 0.000213895
0 0.194531 0.480859 0.20625 0.507031 0.000225238
0 0.273828 0.507031 0.138281 0.175 0.000250802
0 0.636719 0.243359 0.134375 0.116406 0.000254393
0 0.324219 0.324219 0.30625 0.348437 0.000255019
0 0.379297 0.396094 0.239844 0.370313 0.000268113
0 0.383984 0.614062 0.0851562 0.10625 0.00026848
0 0.783984 0.716406 0.0835937 0.1125 0.000271705
0 0.784375 0.635547 0.08125 0.110156 0.000272739
0 0.759766 0.449609 0.110156 0.216406 0.000284665
0 0.742188 0.594531 0.16875 0.204688 0.000296796
0 0.397266 0.652734 0.116406 0.199219 0.00030688
0 0.195312 0.672656 0.159375 0.19375 0.00031169
0 0.698047 0.572656 0.169531 0.2 0.000319269
0 0.678516 0.636328 0.167969 0.202344 0.000331252
0 0.779688 0.532812 0.117188 0.235938 0.000333965
0 0.826172 0.565234 0.158594 0.564844 0.000359275
0 0.760156 0.362109 0.0734375 0.107031 0.000397371
0 0.404687 0.357812 0.1625 0.207813 0.000416212
0 0.65625 0.279297 0.16875 0.191406 0.000564535
0 0.669922 0.757031 0.271094 0.28125 0.000566176
0 0.661328 0.695312 0.185156 0.198437 0.00060712
0 0.377344 0.521875 0.192188 0.432813 0.000647046
0 0.818359 0.699609 0.297656 0.452344 0.000672258
0 0.66875 0.442578 0.232812 0.535156 0.000709344
0 0.936328 0.0523437 0.125781 0.101562 0.000725785
0 0.258203 0.592578 0.142969 0.213281 0.00078494
0 0.799609 0.678516 0.0820312 0.119531 0.000789187
0 0.666406 0.526953 0.167187 0.392969 0.000790726
0 0.333594 0.318359 0.204688 0.246094 0.000834401
0 0.722656 0.694922 0.151562 0.210156 0.000998883
0 0.757422 0.441016 0.153906 0.336719 0.00107798
0 0.301562 0.632812 0.146875 0.184375 0.00117382
0 0.262109 0.453125 0.125781 0.210938 0.00121801
0 0.24375 0.650781 0.196875 0.196875 0.00136874
0 0.389062 0.303516 0.170312 0.202344 0.00143767
0 0.752344 0.326953 0.090625 0.141406 0.00148311
0 0.277734 0.410547 0.196094 0.347656 0.00152683
0 0.240625 0.532422 0.1375 0.275781 0.00157458
0 0.722656 0.736719 0.232812 0.20625 0.00164405
0 0.764844 0.796875 0.248437 0.357812 0.00169286
0 0.820312 0.647656 0.120312 0.328125 0.00176366
0 0.698438 0.309766 0.173438 0.203906 0.00183996
0 0.753125 0.364844 0.125 0.209375 0.00189868
0 0.211328 0.604297 0.186719 0.296094 0.00228602
0 0.378516 0.60625 0.133594 0.19375 0.0032206
0 0.797266 0.753516 0.157031 0.286719 0.00381505
0 0.721875 0.370313 0.171875 0.28125 0.00403302
0 0.782422 0.617188 0.117969 0.254687 0.00412908
0 0.345703 0.654297 0.205469 0.219531 0.00413168
0 0.763281 0.569922 0.1625 0.389844 0.00802461
0 0.693359 0.636328 0.230469 0.314844 0.00864271
0 0.797656 0.676172 0.107813 0.227344 0.0143441
0 0.739453 0.699609 0.288281 0.374219 0.0225862
0 0.289062 0.611328 0.267188 0.280469 0.0457882
0 0.249609 0.531641 0.219531 0.419531 0.0530759
0 0.726562 0.530859 0.23125 0.557031 0.0861182
0 0.766016 0.688281 0.178906 0.289062 0.115651
0 0.306641 0.472266 0.313281 0.552344 0.252023
