0 0.470703 0.244922 0.260156 0.346094 0.000104025
0 0.250781 0.791797 0.117188 0.171094 0.000105189
0 0.736328 0.618359 0.117969 0.210156 0.000105564
0 0.981641 0.603125 0.0367187 0.38125 0.0001062
0 0.464453 0.246875 0.153906 0.146875 0.000108562
0 0.428125 0.433203 0.146875 0.302344 0.000109185
0 0.75 0.386328 0.0515625 0.0789063 0.000110061
0 0.726562 0.341406 0.0421875 0.0734375 0.000110664
0 0.795313 0.739844 0.090625 0.1125 0.000111213
0 0.428906 0.339453 0.104687 0.178906 0.000112751
0 0.774219 0.488672 0.120312 0.278906 0.00011339
0 0.299609 0.359766 0.0820312 0.163281 0.000116687
0 0.686719 0.771484 0.29375 0.314844 0.000118975
0 0.6375 0.447266 0.103125 0.225781 0.000120444
0 0.321094 0.469922 0.0984375 0.160156 0.00012226
0 0.0320312 0.805469 0.0640625 0.389062 0.000122932
0 0.046875 0.644922 0.0859375 0.332031 0.000123254
0 0.658203 0.310547 0.182031 0.302344 0.000126433
0 0.671484 0.764063 0.169531 0.214062 0.000126736
0 0.427734 0.26875 0.0898438 0.104687 0.000128726
0 0.702734 0.680078 0.133594 0.233594 0.000128755
0 0.0472656 0.519141 0.0945313 0.610156 0.000129769
0 0.340234 0.366406 0.0882813 0.14375 0.000129813
0 0.7875 0.366016 0.0578125 0.0914062 0.000131742
0 0.267578 0.793359 0.0804688 0.103906 0.000132312
0 0.364453 0.446484 0.0898438 0.121094 0.000132484
0 0.7375 0.660937 0.071875 0.084375 0.000132763
0 0.776953 0.698438 0.0835937 0.0984375 0.000133326
0 0.282813 0.701563 0.0859375 0.109375 0.000135559
0 0.800781 0.506641 0.0625 0.0960938 0.000140657
0 0.253906 0.720312 0.107813 0.225 0.00014083
0 0.654297 0.530469 0.111719 0.214062 0.000144399
0 0.735156 0.302344 0.0484375 0.071875 0.000144848
0 0.643359 0.367578 0.0554687 0.0882813 0.000144935
0 0.717969 0.576563 0.2875 0.49375 0.000145758
0 0.793359 0.619922 0.146094 0.417969 0.000149229
0 0.794141 0.780078 0.0898438 0.113281 0.000150167
0 0.778125 0.35 0.0484375 0.075 0.000150475
0 0.770312 0.386719 0.0765625 0.117188 0.000150941
0 0.755859 0.327344 0.0632813 0.096875 0.000152469
0 0.812109 0.769922 0.275781 0.317969 0.000167131
0 0.484766 0.391797 0.308594 0.377344 0.00016864
0 0.719141 0.639844 0.0929687 0.139062 0.000172192
0 0.619141 0.302344 0.0867188 0.13125 0.000172425
0 0.329688 0.330078 0.117188 0.197656 0.000172697
0 0.595312 0.235156 0.254687 0.396875 0.000174226
0 0.985937 0.879297 0.028125 0.241406 0.000178741
0 0.756641 0.678906 0.0835937 0.0875 0.000179206
0 0.344531 0.426953 0.104687 0.167969 0.000179667
0 0.3875 0.480859 0.126563 0.188281 0.00018519
0 0.980859 0.805859 0.0382813 0.388281 0.000186955
0 0.975781 0.436719 0.046875 0.451562 0.000191228
0 0.3875 0.322656 0.084375 0.120312 0.000194742
0 0.028125 0.563281 0.053125 0.404687 0.000200447
0 0.741797 0.698438 0.0789063 0.09375 0.000201468
0 0.0503906 0.7125 0.100781 0.54375 0.0002054
0 0.737891 0.325391 0.0523437 0.0742188 0.00021139
0 0.419531 0.7375 0.11875 0.146875 0.000221344
0 0.321875 0.342187 0.0734375 0.121875 0.000225414
0 0.287891 0.517969 0.108594 0.265625 0.000225713
0 0.340625 0.754297 0.090625 0.105469 0.000227663
0 0.267578 0.722656 0.282031 0.329688 0.000235877
0 0.357031 0.314844 0.117188 0.140625 0.000241961
0 0.777734 0.686328 0.125781 0.175781 0.000245439
0 0.405078 0.555078 0.186719 0.414844 0.000253242
0 0.762891 0.399219 0.0445312 0.06875 0.000255037
0 0.300391 0.797656 0.166406 0.15625 0.000268895
0 0.744922 0.359766 0.0476562 0.0757812 0.000276811
0 0.291797 0.441797 0.0882813 0.186719 0.000282581
0 0.323438 0.666016 0.160938 0.216406 0.00031436
0 0.299609 0.721875 0.0914062 0.1125 0.000316477
0 0.810938 0.758203 0.128125 0.210156 0.00032863
0 0.346875 0.479297 0.140625 0.227344 0.000333612
0 0.315234 0.396875 0.113281 0.192188 0.000365007
0 0.677344 0.628125 0.175 0.304688 0.000386875
0 0.636719 0.532031 0.189063 0.30625 0.000387162
0 0.569922 0.429688 0.247656 0.392188 0.00038909
0 0.462891 0.279687 0.114844 0.123438 0.000399362
0 0.774219 0.383984 0.053125 0.0757812 0.000425799
0 0.392969 0.280469 0.107813 0.126563 0.000440378
0 0.629297 0.321484 0.100781 0.252344 0.000477004
0 0.647266 0.384766 0.113281 0.235156 0.000501193
0 0.312891 0.51875 0.160156 0.439063 0.000504429
0 0.7625 0.367188 0.053125 0.084375 0.000511582
0 0.440625 0.350391 0.171875 0.249219 0.00051934
0 0.319141 0.738281 0.0914062 0.10625 0.000537213
0 0.309375 0.466406 0.123438 0.271875 0.000542224
0 0.412891 0.297656 0.0820312 0.0984375 0.000555014
0 0.369922 0.370703 0.158594 0.242969 0.000560611
0 0.403125 0.699609 0.15625 0.197656 0.000581054
0 0.758984 0.722266 0.0867188 0.114844 0.000587279
0 0.635156 0.367578 0.0734375 0.160156 0.00076599
0 0.534766 0.294531 0.271094 0.390625 0.000825118
0 0.762891 0.776953 0.0867188 0.111719 0.00090469
0 0.723828 0.774609 0.141406 0.175781 0.000914473
0 0.742969 0.682813 0.120312 0.210938 0.00096619
0 0.607813 0.375 0.15625 0.31875 0.00116112
0 0.2875 0.663281 0.145313 0.314063 0.00147125
0 0.28125 0.759375 0.090625 0.114063 0.00166161
0 0.358203 0.71875 0.141406 0.18125 0.0016897
0 0.351562 0.610547 0.217187 0.392969 0.00183597
0 0.428906 0.288281 0.129688 0.145313 0.00253192
0 0.372266 0.755859 0.197656 0.166406 0.00294639
0 0.739453 0.661719 0.192969 0.339063 0.00298451
0 0.778125 0.792578 0.132812 0.158594 0.00304303
0 0.278125 0.758984 0.126563 0.177344 0.00519107
0 0.342969 0.722656 0.271875 0.2625 0.00722924
0 0.713672 0.732031 0.188281 0.232812 0.00727835
0 0.767969 0.74375 0.165625 0.214062 0.0997281
0 0.314063 0.733203 0.176563 0.192969 0.114271
