0 0.296094 0.153906 0.370313 0.270312 0.000100037
0 0.418359 0.541797 0.517969 0.916406 0.00010714
0 0.666797 0.801953 0.332031 0.349219 0.000108116
0 0.782422 0.679297 0.207031 0.188281 0.000108695
0 0.782422 0.407813 0.0773437 0.107813 0.000110302
0 0.626953 0.516016 0.147656 0.224219 0.000111699
0 0.653906 0.323047 0.14375 0.213281 0.000116604
0 0.65 0.256641 0.173438 0.147656 0.000124866
0 0.125 0.606641 0.192188 0.333594 0.000131248
0 0.377734 0.592578 0.422656 0.421094 0.000136983
0 0.224609 0.385547 0.110156 0.183594 0.0001442
0 0.303516 0.221875 0.121094 0.121875 0.000145029
0 0.363672 0.384766 0.138281 0.219531 0.000146866
0 0.624219 0.3875 0.1375 0.210938 0.000148039
0 0.242188 0.342187 0.0796875 0.096875 0.000153349
0 0.170703 0.441406 0.264844 0.603125 0.000153364
0 0.737891 0.303125 0.136719 0.146875 0.000157769
0 0.414844 0.433984 0.25 0.422656 0.000163836
0 0.304297 0.344531 0.149219 0.210938 0.000166368
0 0.25 0.267188 0.06875 0.0984375 0.000181057
0 0.680859 0.410937 0.172656 0.198437 0.000181305
0 0.240625 0.577344 0.225 0.210938 0.000186036
0 0.854688 0.941016 0.290625 0.117969 0.000188201
0 0.867969 0.883594 0.253125 0.232812 0.000194509
0 0.367578 0.192578 0.158594 0.142969 0.000202783
0 0.302734 0.553906 0.244531 0.204688 0.000206367
0 0.701563 0.323438 0.176563 0.190625 0.00021256
0 0.24375 0.302344 0.0765625 0.110937 0.000228171
0 0.619141 0.312891 0.128906 0.169531 0.000231628
0 0.666016 0.682031 0.271094 0.323438 0.00024343
0 0.796875 0.450781 0.104687 0.225 0.000246664
0 0.8 0.850781 0.348437 0.275 0.000250646
0 0.260156 0.512109 0.209375 0.196094 0.000258532
0 0.759766 0.326172 0.182031 0.232031 0.000267989
0 0.700781 0.635547 0.221875 0.194531 0.000268039
0 0.392969 0.44375 0.190625 0.270312 0.000269631
0 0.743359 0.389844 0.138281 0.223438 0.000301311
0 0.342969 0.428906 0.192188 0.204688 0.000305505
0 0.239844 0.655469 0.246875 0.198437 0.000308987
0 0.161328 0.666016 0.199219 0.294531 0.000313822
0 0.658594 0.468359 0.14375 0.232031 0.000322669
0 0.682031 0.574609 0.20625 0.203906 0.000332104
0 0.180469 0.612891 0.1375 0.232031 0.000336083
0 0.801172 0.613672 0.152344 0.196094 0.000347335
0 0.778906 0.409375 0.103125 0.182812 0.000446788
0 0.392188 0.225391 0.140625 0.158594 0.000454887
0 0.346094 0.326172 0.140625 0.230469 0.000455133
0 0.322266 0.492188 0.217969 0.207813 0.000509266
0 0.224219 0.448047 0.134375 0.260156 0.000575193
0 0.833594 0.689062 0.248437 0.5375 0.000607629
0 0.3 0.388672 0.204688 0.192969 0.000616757
0 0.244531 0.344922 0.109375 0.199219 0.00063766
0 0.701172 0.509375 0.189844 0.209375 0.000665194
0 0.798437 0.6875 0.220313 0.339063 0.000677793
0 0.829297 0.601953 0.163281 0.367969 0.00071863
0 0.760938 0.470703 0.14375 0.249219 0.000727028
0 0.390625 0.289062 0.176563 0.271875 0.000860627
0 0.792188 0.407031 0.203125 0.36875 0.000896305
0 0.741797 0.594141 0.227344 0.210156 0.00111195
0 0.737891 0.726562 0.333594 0.471875 0.00119356
0 0.71875 0.450781 0.178125 0.2 0.0012239
0 0.283203 0.450781 0.211719 0.209375 0.00123285
0 0.765234 0.549609 0.146094 0.239844 0.00130017
0 0.261719 0.28125 0.110937 0.134375 0.00141235
0 0.802734 0.553125 0.121094 0.20625 0.00153136
0 0.251172 0.317578 0.180469 0.286719 0.00178782
0 0.208984 0.441016 0.185156 0.402344 0.00181845
0 0.267578 0.655469 0.319531 0.307813 0.00186756
0 0.369531 0.351953 0.226562 0.432031 0.00199592
0 0.280859 0.275781 0.160156 0.192188 0.00208839
0 0.195703 0.601953 0.221094 0.313281 0.00215101
0 0.336328 0.516797 0.275781 0.336719 0.00233673
0 0.669141 0.480469 0.210156 0.345313 0.00251842
0 0.34375 0.234766 0.192188 0.178906 0.00355734
0 0.703516 0.342969 0.250781 0.29375 0.00368139
0 0.707031 0.596094 0.271875 0.323438 0.00467541
0 0.313672 0.282813 0.233594 0.26875 0.0109536
0 0.795313 0.522266 0.159375 0.344531 0.0119226
0 0.247656 0.517969 0.282813 0.4875 0.0235724
0 0.761328 0.592188 0.269531 0.46875 0.0295746
0 0.722656 0.470703 0.260938 0.466406 0.196799
0 0.295312 0.396484 0.289062 0.519531 0.235401
