0 0.690625 0.482031 0.30625 0.753125 0.000100142
0 0.152734 0.872656 0.155469 0.125 0.000101123
0 0.737891 0.30625 0.0648438 0.0796875 0.000107776
0 0.194531 0.0710938 0.265625 0.090625 0.000108245
0 0.740234 0.0789063 0.155469 0.0703125 0.000108387
0 0.785156 0.807813 0.0875 0.103125 0.00010945
0 0.732422 0.314063 0.102344 0.14375 0.000112885
0 0.760156 0.441406 0.139062 0.215625 0.000118815
0 0.782422 0.894922 0.278906 0.158594 0.000118967
0 0.200391 0.734766 0.0820312 0.0882813 0.000125714
0 0.716406 0.0554687 0.175 0.0703125 0.00013162
0 0.270312 0.894141 0.225 0.121094 0.00013301
0 0.852734 0.805078 0.107031 0.171094 0.000138819
0 0.272656 0.0683594 0.2125 0.0804688 0.000151498
0 0.180469 0.531641 0.184375 0.477344 0.000153783
0 0.119531 0.561719 0.221875 0.74375 0.000165973
0 0.720312 0.81875 0.140625 0.146875 0.000172919
0 0.30625 0.861328 0.148438 0.124219 0.000199275
0 0.2375 0.776953 0.139062 0.185156 0.000200757
0 0.3 0.783203 0.146875 0.213281 0.000203244
0 0.786719 0.838672 0.0890625 0.0882813 0.000231207
0 0.763281 0.677344 0.154687 0.173438 0.000231786
0 0.193359 0.880469 0.297656 0.165625 0.000238254
0 0.121094 0.8375 0.171875 0.215625 0.000245153
0 0.823828 0.851172 0.0851562 0.0851562 0.000247369
0 0.707031 0.523438 0.234375 0.475 0.000252129
0 0.175391 0.842969 0.111719 0.104687 0.000276042
0 0.838281 0.741406 0.128125 0.259375 0.00028088
0 0.855078 0.878906 0.0851562 0.0953125 0.00028783
0 0.873047 0.890625 0.0523437 0.0546875 0.000321567
0 0.194531 0.799609 0.135937 0.185156 0.000329231
0 0.728125 0.378516 0.165625 0.250781 0.000343992
0 0.783203 0.616016 0.141406 0.230469 0.000345355
0 0.76875 0.527734 0.178125 0.310156 0.000451292
0 0.744141 0.779297 0.141406 0.167969 0.000468817
0 0.838672 0.562891 0.244531 0.710156 0.000542128
0 0.155469 0.719922 0.146875 0.252344 0.000563283
0 0.26875 0.836719 0.215625 0.164062 0.00058752
0 0.800781 0.678516 0.129688 0.225781 0.000602712
0 0.204297 0.564453 0.305469 0.705469 0.000605939
0 0.851562 0.843359 0.0859375 0.103906 0.000625856
0 0.195703 0.739062 0.133594 0.145313 0.00063051
0 0.700781 0.762109 0.18125 0.183594 0.000696158
0 0.175391 0.842188 0.167969 0.142188 0.000761852
0 0.785547 0.741406 0.144531 0.239063 0.000776164
0 0.708203 0.840234 0.272656 0.202344 0.000784567
0 0.109766 0.720312 0.172656 0.365625 0.000805202
0 0.811719 0.864062 0.15 0.123438 0.000866723
0 0.217187 0.738672 0.204688 0.241406 0.00100692
0 0.785937 0.803906 0.142188 0.142188 0.00105435
0 0.798437 0.614844 0.175 0.376563 0.00116856
0 0.767578 0.497656 0.214844 0.678125 0.00150169
0 0.707422 0.739453 0.249219 0.285156 0.00165029
0 0.191406 0.730078 0.29375 0.374219 0.00246296
0 0.217969 0.808203 0.267188 0.210156 0.00316645
0 0.151172 0.650391 0.186719 0.475781 0.00450452
0 0.745703 0.646484 0.294531 0.500781 0.00688953
0 0.816016 0.792188 0.147656 0.196875 0.00717319
0 0.777734 0.837891 0.200781 0.132031 0.00799019
0 0.153125 0.783594 0.201562 0.267188 0.0120207
0 0.751562 0.791797 0.25 0.216406 0.0215802
0 0.817187 0.827344 0.120312 0.103125 0.0226492
0 0.778906 0.714063 0.209375 0.35 0.035657
