0 0.557422 0.196875 0.122656 0.24375 0.000103625
0 0.0332031 0.6375 0.0664062 0.725 0.000108531
0 0.217578 0.100781 0.292969 0.201562 0.000115748
0 0.675391 0.276953 0.160156 0.205469 0.000118677
0 0.288281 0.239063 0.078125 0.104687 0.000135075
0 0.832812 0.460547 0.289062 0.560156 0.00014005
0 0.783203 0.948047 0.408594 0.103906 0.000140494
0 0.577344 0.394141 0.207813 0.436719 0.000147001
0 0.284766 0.598437 0.183594 0.340625 0.00014984
0 0.3125 0.689062 0.253125 0.570312 0.000150349
0 0.550391 0.126953 0.0789063 0.0851562 0.000152839
0 0.253125 0.353906 0.215625 0.35 0.000156205
0 0.658594 0.388672 0.190625 0.196094 0.000168188
0 0.441797 0.610937 0.442969 0.75625 0.000182743
0 0.634766 0.320703 0.135156 0.157031 0.000190319
0 0.5 0.148438 0.196875 0.284375 0.000192468
0 0.488672 0.264453 0.286719 0.325781 0.000215381
0 0.678906 0.182812 0.19375 0.223438 0.00021833
0 0.307422 0.160156 0.139844 0.2125 0.000218974
0 0.562109 0.28125 0.324219 0.423438 0.000228297
0 0.286719 0.0820312 0.273438 0.159375 0.000228753
0 0.34375 0.34375 0.203125 0.198437 0.000255692
0 0.423438 0.227344 0.20625 0.329688 0.000259305
0 0.764453 0.608203 0.219531 0.324219 0.000262587
0 0.619531 0.235938 0.134375 0.15625 0.000263154
0 0.343359 0.559766 0.217969 0.397656 0.00027134
0 0.703125 0.230469 0.146875 0.201562 0.000276651
0 0.584766 0.117969 0.110156 0.0859375 0.00028996
0 0.619141 0.476562 0.272656 0.395312 0.000293119
0 0.549609 0.0925781 0.171094 0.166406 0.000299726
0 0.569922 0.2625 0.150781 0.242188 0.000332247
0 0.644141 0.594922 0.288281 0.428906 0.000342671
0 0.749219 0.444141 0.171875 0.413281 0.000387847
0 0.240625 0.551562 0.354688 0.896875 0.000440712
0 0.425781 0.262109 0.353125 0.452344 0.000468559
0 0.369141 0.346875 0.222656 0.35 0.000475894
0 0.238672 0.2375 0.386719 0.475 0.000511386
0 0.558203 0.134375 0.139844 0.140625 0.000550652
0 0.340625 0.276953 0.154687 0.236719 0.00058338
0 0.577344 0.514844 0.425 0.734375 0.000608827
0 0.614062 0.192969 0.2 0.251563 0.000818984
0 0.416016 0.144141 0.314844 0.288281 0.000848224
0 0.280078 0.15625 0.297656 0.3125 0.000887557
0 0.354297 0.132422 0.191406 0.219531 0.000934067
0 0.708594 0.319141 0.207813 0.396094 0.00113375
0 0.289062 0.469141 0.207813 0.494531 0.00114052
0 0.550781 0.209766 0.214062 0.289844 0.00127144
0 0.671094 0.226172 0.10625 0.138281 0.00134329
0 0.751172 0.501562 0.261719 0.559375 0.00144964
0 0.651563 0.229297 0.157813 0.208594 0.00180681
0 0.306641 0.238672 0.133594 0.211719 0.00209217
0 0.649609 0.274609 0.213281 0.319531 0.00324651
0 0.296484 0.268359 0.189844 0.308594 0.00460933
0 0.343359 0.514844 0.311719 0.804688 0.0049148
0 0.346484 0.197656 0.153906 0.242188 0.0054391
0 0.673828 0.408594 0.249219 0.417188 0.0079403
0 0.322656 0.348437 0.239063 0.559375 0.0372587
0 0.346484 0.225781 0.219531 0.35 0.196428
0 0.675391 0.424219 0.313281 0.676562 0.369607
