0 0.739453 0.471094 0.199219 0.171875 0.000100593
0 0.257031 0.695703 0.0796875 0.0882813 0.000101048
0 0.976172 0.649219 0.0476562 0.453125 0.000102173
0 0.141406 0.855859 0.282813 0.288281 0.000104448
0 0.346875 0.408203 0.239063 0.307031 0.000108011
0 0.757031 0.404687 0.270312 0.31875 0.000116961
0 0.0976562 0.553125 0.19375 0.592188 0.000119859
0 0.880469 0.659375 0.123438 0.179688 0.000125004
0 0.0269531 0.696484 0.0539063 0.246094 0.000125417
0 0.705469 0.68125 0.18125 0.21875 0.000134694
0 0.827344 0.532812 0.135937 0.254687 0.000137161
0 0.39375 0.309766 0.154687 0.169531 0.00013908
0 0.760938 0.532812 0.28125 0.223438 0.000140028
0 0.140234 0.19375 0.260156 0.3875 0.000145787
0 0.323828 0.576563 0.150781 0.248437 0.000156888
0 0.411328 0.366797 0.157031 0.233594 0.00015955
0 0.108594 0.921094 0.217187 0.15625 0.000172195
0 0.238281 0.713281 0.120312 0.154687 0.000173892
0 0.645703 0.292578 0.166406 0.217969 0.000176481
0 0.665234 0.364062 0.208594 0.328125 0.000187343
0 0.260938 0.575781 0.140625 0.26875 0.000193478
0 0.0152344 0.652734 0.0304688 0.246094 0.000212086
0 0.0292969 0.489844 0.0539063 0.45 0.00021917
0 0.216406 0.658984 0.0734375 0.111719 0.000230886
0 0.209375 0.716797 0.110937 0.227344 0.000232791
0 0.847266 0.679297 0.133594 0.166406 0.00024884
0 0.277344 0.7125 0.15 0.134375 0.000265854
0 0.234375 0.677344 0.0890625 0.101562 0.00031823
0 0.384375 0.671875 0.176563 0.196875 0.000332919
0 0.034375 0.813672 0.06875 0.369531 0.000337173
0 0.0699219 0.860937 0.139844 0.278125 0.000342613
0 0.709766 0.640625 0.261719 0.334375 0.000355403
0 0.380469 0.615234 0.153125 0.191406 0.000373723
0 0.0492188 0.528516 0.0953125 0.574219 0.000378351
0 0.319141 0.650391 0.144531 0.150781 0.000382542
0 0.84375 0.592969 0.132812 0.251563 0.00041539
0 0.418359 0.564453 0.194531 0.424219 0.000425548
0 0.341797 0.709766 0.336719 0.277344 0.000463065
0 0.783984 0.638281 0.286719 0.209375 0.000476316
0 0.255469 0.674609 0.125 0.139844 0.000571661
0 0.281641 0.636719 0.142969 0.182812 0.000604831
0 0.110156 0.7125 0.220313 0.575 0.000612889
0 0.0566406 0.698828 0.113281 0.577344 0.000648579
0 0.879297 0.65 0.207031 0.3625 0.000661575
0 0.700781 0.445312 0.257812 0.465625 0.000722667
0 0.252344 0.681641 0.325 0.392969 0.000729733
0 0.381641 0.449609 0.235156 0.521094 0.000796781
0 0.269531 0.707031 0.20625 0.223438 0.000810458
0 0.779297 0.719141 0.271094 0.266406 0.000943902
0 0.857813 0.763281 0.264062 0.310937 0.000959619
0 0.0324219 0.643359 0.0617188 0.541406 0.000972079
0 0.217969 0.658203 0.09375 0.178906 0.000983652
0 0.847656 0.6875 0.198437 0.234375 0.00193226
0 0.377734 0.607422 0.216406 0.280469 0.00225014
0 0.250391 0.571094 0.189844 0.401563 0.00271865
0 0.838672 0.569141 0.233594 0.411719 0.00311661
0 0.240625 0.64375 0.151562 0.24375 0.00525464
0 0.792969 0.664062 0.348437 0.428125 0.0145241
0 0.310937 0.634766 0.26875 0.278906 0.0232537
0 0.323047 0.531641 0.313281 0.483594 0.240926
0 0.764453 0.526563 0.347656 0.532812 0.322148
