0 0.846094 0.495313 0.139062 0.251563 0.000104376
0 0.803125 0.445312 0.229687 0.201562 0.000112055
0 0.923437 0.523047 0.15 0.552344 0.000134192
0 0.866797 0.572266 0.138281 0.275781 0.000138497
0 0.892187 0.726953 0.192188 0.367969 0.000150953
0 0.467969 0.214062 0.160938 0.223438 0.000158421
0 0.453125 0.148438 0.084375 0.090625 0.00016827
0 0.452734 0.471875 0.191406 0.501562 0.000178858
0 0.363281 0.492578 0.245312 0.219531 0.000205306
0 0.745703 0.399609 0.217969 0.364844 0.000206337
0 0.983594 0.364453 0.0328125 0.260156 0.000267318
0 0.969141 0.432813 0.0617188 0.539062 0.000318687
0 0.788281 0.319531 0.228125 0.323438 0.000346327
0 0.295312 0.444531 0.2375 0.448438 0.000378596
0 0.978125 0.321094 0.04375 0.417188 0.000405869
0 0.426172 0.324219 0.286719 0.473437 0.00042629
0 0.389453 0.591797 0.213281 0.277344 0.000542434
0 0.780469 0.678516 0.339063 0.361719 0.000582959
0 0.832812 0.445703 0.220313 0.375781 0.000739121
0 0.848047 0.676562 0.266406 0.503125 0.000978173
0 0.777734 0.369922 0.294531 0.563281 0.000995725
0 0.334766 0.546094 0.283594 0.4 0.00343707
0 0.872656 0.564453 0.190625 0.483594 0.00807614
0 0.800391 0.526953 0.302344 0.567969 0.334254
0 0.373828 0.441406 0.302344 0.523438 0.389455
