0 0.735547 0.237109 0.0648438 0.0882813 0.000101566
0 0.707812 0.132812 0.378125 0.265625 0.000103937
0 0.403125 0.123828 0.08125 0.110156 0.000107243
0 0.641406 0.159375 0.13125 0.173438 0.000107568
0 0.369922 0.597656 0.161719 0.192188 0.000109174
0 0.236719 0.246484 0.09375 0.150781 0.000109499
0 0.796094 0.0566406 0.389062 0.113281 0.000110913
0 0.491797 0.0351562 0.260156 0.0703125 0.000112584
0 0.761719 0.614453 0.0890625 0.103906 0.000112923
0 0.736328 0.351562 0.152344 0.239063 0.000113492
0 0.653516 0.404687 0.0851562 0.1 0.000114746
0 0.628906 0.432813 0.11875 0.204688 0.000115675
0 0.518359 0.274609 0.266406 0.549219 0.000121521
0 0.660156 0.385156 0.309375 0.628125 0.000121667
0 0.619531 0.258594 0.103125 0.176563 0.000125747
0 0.216016 0.349219 0.105469 0.179688 0.000127286
0 0.384766 0.146094 0.232031 0.253125 0.000129224
0 0.213281 0.313281 0.0796875 0.115625 0.000137849
0 0.352734 0.297266 0.107031 0.167969 0.000142598
0 0.970312 0.393359 0.0578125 0.658594 0.000150503
0 0.239453 0.569922 0.0914062 0.107031 0.000156931
0 0.321875 0.515234 0.135937 0.228906 0.000166404
0 0.978516 0.644531 0.0429688 0.4375 0.00016936
0 0.602344 0.0570313 0.348437 0.114063 0.000174621
0 0.620703 0.363672 0.107031 0.150781 0.00017578
0 0.51875 0.105859 0.30625 0.207031 0.000179904
0 0.727734 0.659766 0.210156 0.185156 0.000185444
0 0.728516 0.235156 0.0945313 0.121875 0.000190326
0 0.682031 0.226562 0.134375 0.140625 0.000198048
0 0.765234 0.653906 0.283594 0.325 0.000199195
0 0.633203 0.2375 0.0867188 0.115625 0.000205519
0 0.738281 0.269922 0.0984375 0.135156 0.000207072
0 0.326172 0.200391 0.121094 0.136719 0.000219855
0 0.797656 0.445703 0.117188 0.294531 0.000228797
0 0.758594 0.304297 0.104687 0.160156 0.000239815
0 0.720703 0.557031 0.146094 0.209375 0.000241473
0 0.163281 0.648828 0.107813 0.239844 0.000242752
0 0.626953 0.603125 0.128906 0.170312 0.000243319
0 0.467578 0.193359 0.300781 0.366406 0.000246823
0 0.804688 0.513281 0.0953125 0.182812 0.000258494
0 0.204297 0.535937 0.139844 0.210938 0.0002597
0 0.717969 0.630078 0.14375 0.139844 0.000269875
0 0.639453 0.297266 0.142969 0.305469 0.000294493
0 0.611328 0.132422 0.219531 0.246094 0.000309997
0 0.561328 0.191016 0.246094 0.349219 0.000311137
0 0.707031 0.290234 0.164062 0.210156 0.000315124
0 0.658203 0.644922 0.171094 0.142969 0.000337203
0 0.658203 0.575 0.160156 0.185937 0.000358388
0 0.204688 0.444531 0.11875 0.229687 0.0003625
0 0.233203 0.284375 0.0773437 0.096875 0.000365492
0 0.317578 0.266406 0.158594 0.154687 0.000423735
0 0.814453 0.611719 0.132031 0.19375 0.000441539
0 0.276563 0.492969 0.159375 0.221875 0.000454288
0 0.280078 0.552734 0.0914062 0.108594 0.000522233
0 0.78125 0.628125 0.134375 0.142188 0.000532108
0 0.641406 0.221094 0.120312 0.16875 0.000534861
0 0.765625 0.408594 0.148438 0.373437 0.000539324
0 0.311719 0.557813 0.285937 0.290625 0.000605263
0 0.651563 0.390625 0.135937 0.201562 0.000735617
0 0.287109 0.408594 0.228906 0.465625 0.00083295
0 0.266797 0.621875 0.277344 0.270312 0.000920005
0 0.70625 0.412891 0.232812 0.410156 0.000924954
0 0.664844 0.451172 0.165625 0.274219 0.000981572
0 0.354688 0.244141 0.104687 0.160156 0.00136533
0 0.800391 0.533203 0.135156 0.278906 0.00136912
0 0.330469 0.564062 0.182812 0.1875 0.00146277
0 0.20625 0.595703 0.167187 0.213281 0.0024004
0 0.236719 0.496094 0.190625 0.292188 0.0035002
0 0.700391 0.601562 0.214844 0.192188 0.00375969
0 0.279687 0.553125 0.1375 0.154687 0.00457942
0 0.734375 0.523047 0.2375 0.311719 0.00471292
0 0.765234 0.598047 0.200781 0.210156 0.0148145
0 0.263672 0.562891 0.222656 0.205469 0.0331055
