0 0.350781 0.508594 0.120312 0.220313 0.000103014
0 0.365234 0.439063 0.133594 0.307813 0.000103964
0 0.609375 0.471875 0.084375 0.110937 0.000105066
0 0.0648438 0.94375 0.125 0.1125 0.000105558
0 0.208984 0.201953 0.133594 0.144531 0.000106263
0 0.236719 0.217578 0.0828125 0.105469 0.000106609
0 0.195312 0.427344 0.0828125 0.10625 0.000110195
0 0.659766 0.3 0.107031 0.204688 0.00011688
0 0.590234 0.153906 0.108594 0.10625 0.000117486
0 0.215234 0.278516 0.0789063 0.105469 0.000120053
0 0.221094 0.239453 0.0828125 0.105469 0.000124639
0 0.575781 0.489453 0.0921875 0.113281 0.000129997
0 0.235938 0.34375 0.0875 0.101562 0.000139963
0 0.260156 0.55 0.146875 0.142188 0.000146253
0 0.200781 0.324609 0.075 0.110156 0.000147979
0 0.227734 0.616406 0.263281 0.223438 0.000148185
0 0.930859 0.964453 0.138281 0.0664062 0.000159921
0 0.746484 0.401563 0.128906 0.351562 0.000169634
0 0.298438 0.221875 0.173438 0.185937 0.000170215
0 0.274609 0.24375 0.286719 0.370313 0.00017127
0 0.717188 0.427734 0.0640625 0.105469 0.000189433
0 0.917969 0.939453 0.164062 0.116406 0.000194233
0 0.333984 0.576953 0.142969 0.174219 0.000225355
0 0.635938 0.410547 0.167187 0.191406 0.00022648
0 0.699609 0.386719 0.0945313 0.1875 0.000234438
0 0.324219 0.508203 0.0859375 0.108594 0.000241203
0 0.561719 0.470703 0.128125 0.213281 0.000248242
0 0.637891 0.255859 0.0882813 0.110156 0.000252895
0 0.690625 0.278516 0.0890625 0.174219 0.000253265
0 0.211719 0.511719 0.0890625 0.103125 0.000253885
0 0.312109 0.307422 0.183594 0.375781 0.000280531
0 0.212891 0.366797 0.0867188 0.103906 0.000282381
0 0.635547 0.559766 0.321094 0.336719 0.000283953
0 0.197266 0.385938 0.0851562 0.0953125 0.000288147
0 0.196094 0.474219 0.0875 0.114063 0.000290959
0 0.590234 0.194922 0.130469 0.172656 0.00030517
0 0.187891 0.460547 0.286719 0.402344 0.000308379
0 0.65 0.507812 0.146875 0.170312 0.000316127
0 0.874219 0.853125 0.125 0.135937 0.000321004
0 0.609375 0.384766 0.282813 0.524219 0.000334203
0 0.176953 0.546094 0.0898438 0.096875 0.000344363
0 0.309375 0.174609 0.159375 0.136719 0.000384293
0 0.283203 0.429688 0.147656 0.25625 0.000385169
0 0.168359 0.492578 0.0898438 0.164844 0.000404597
0 0.303906 0.382031 0.279687 0.509375 0.000416534
0 0.262109 0.197656 0.149219 0.139062 0.000444419
0 0.605859 0.289844 0.163281 0.257812 0.000459494
0 0.895703 0.900391 0.178906 0.186719 0.000530353
0 0.238281 0.510156 0.148438 0.148438 0.000537675
0 0.675 0.45 0.159375 0.198437 0.000578198
0 0.594531 0.508594 0.0921875 0.109375 0.000596042
0 0.693359 0.558594 0.183594 0.142188 0.00061034
0 0.182031 0.568359 0.153125 0.155469 0.00061722
0 0.735156 0.533594 0.0734375 0.114063 0.00065673
0 0.235547 0.325 0.135156 0.203125 0.000659481
0 0.65 0.233984 0.145313 0.161719 0.000760862
0 0.716016 0.428125 0.0867188 0.214062 0.000782655
0 0.719141 0.553906 0.0976562 0.10625 0.000881411
0 0.661719 0.239063 0.090625 0.104687 0.000906517
0 0.236719 0.407031 0.14375 0.267188 0.000922952
0 0.201172 0.362891 0.100781 0.164844 0.000990479
0 0.710938 0.362891 0.109375 0.305469 0.00100948
0 0.610547 0.453125 0.141406 0.195312 0.00105902
0 0.676953 0.259375 0.0835937 0.1125 0.00108701
0 0.178906 0.5125 0.0875 0.1 0.00117957
0 0.631641 0.553906 0.232031 0.201562 0.00152425
0 0.303125 0.526172 0.167187 0.177344 0.00184812
0 0.678906 0.321484 0.1375 0.322656 0.00217423
0 0.723828 0.477344 0.119531 0.245312 0.00226443
0 0.228516 0.241406 0.136719 0.19375 0.00243063
0 0.607813 0.390625 0.185937 0.339063 0.002545
0 0.203906 0.323047 0.126563 0.282031 0.00280686
0 0.59375 0.505859 0.140625 0.163281 0.00651901
0 0.194922 0.521094 0.142969 0.164062 0.00781692
0 0.665234 0.385156 0.208594 0.39375 0.00800812
0 0.319141 0.466797 0.164844 0.266406 0.0103166
0 0.197266 0.435156 0.135156 0.278125 0.0115379
0 0.241016 0.551953 0.261719 0.205469 0.0125639
0 0.241016 0.364453 0.205469 0.410156 0.0282769
0 0.625 0.485547 0.221875 0.230469 0.0548376
0 0.263281 0.463281 0.254687 0.314063 0.10734
