0 0.403516 0.304688 0.128906 0.217187 0.000106802
0 0.869922 0.603516 0.192969 0.553906 0.000109839
0 0.802734 0.591797 0.0882813 0.0945313 0.000113096
0 0.331641 0.280078 0.127344 0.132031 0.000118424
0 0.832031 0.447266 0.232812 0.613281 0.000118714
0 0.353906 0.244922 0.078125 0.0789063 0.000131062
0 0.263281 0.693359 0.129688 0.119531 0.000136829
0 0.373437 0.674219 0.182812 0.26875 0.000154559
0 0.323828 0.516406 0.158594 0.192188 0.00015489
0 0.7 0.530469 0.15 0.198437 0.000161961
0 0.838672 0.715234 0.138281 0.158594 0.000170581
0 0.70625 0.341406 0.071875 0.084375 0.000185571
0 0.222266 0.616406 0.144531 0.25625 0.000190916
0 0.694531 0.291406 0.196875 0.240625 0.000195809
0 0.398438 0.617188 0.340625 0.471875 0.000198892
0 0.38125 0.278516 0.10625 0.139844 0.000219635
0 0.182031 0.686328 0.160938 0.230469 0.000238955
0 0.757031 0.362891 0.121875 0.186719 0.000246843
0 0.671875 0.482812 0.14375 0.340625 0.000247806
0 0.742188 0.3125 0.078125 0.110937 0.000265589
0 0.267578 0.557031 0.147656 0.265625 0.000277314
0 0.285937 0.451172 0.201562 0.380469 0.000278429
0 0.345313 0.361719 0.125 0.15 0.000325139
0 0.745313 0.593359 0.209375 0.207031 0.000338613
0 0.304297 0.651172 0.142969 0.186719 0.000360251
0 0.673437 0.480078 0.2125 0.492969 0.000444335
0 0.261719 0.69375 0.201562 0.167187 0.000473012
0 0.796094 0.450391 0.1625 0.382031 0.0004758
0 0.394141 0.459375 0.186719 0.329688 0.000495208
0 0.305859 0.710156 0.278906 0.273438 0.000517725
0 0.682422 0.68125 0.164844 0.192188 0.000528389
0 0.809375 0.709766 0.203125 0.216406 0.000553112
0 0.4 0.366016 0.151562 0.228906 0.000565322
0 0.820312 0.657812 0.148438 0.214062 0.000613704
0 0.689453 0.374609 0.174219 0.246094 0.000634315
0 0.368359 0.266797 0.0757812 0.0960938 0.000819423
0 0.212891 0.56875 0.280469 0.434375 0.00101683
0 0.805469 0.594141 0.1375 0.238281 0.00116394
0 0.730078 0.404687 0.207031 0.382812 0.00139072
0 0.367188 0.329688 0.145313 0.228125 0.00167853
0 0.367578 0.567187 0.208594 0.360938 0.00173628
0 0.725 0.342187 0.132812 0.154687 0.00214327
0 0.831641 0.605469 0.174219 0.378125 0.00257357
0 0.358594 0.392969 0.198437 0.375 0.00266069
0 0.242969 0.670313 0.275 0.270312 0.00288179
0 0.323438 0.576172 0.182812 0.213281 0.00293402
0 0.728516 0.335156 0.0835937 0.107813 0.00323989
0 0.707422 0.602734 0.255469 0.344531 0.00419784
0 0.284766 0.614844 0.221094 0.21875 0.00748528
0 0.774609 0.649609 0.267969 0.297656 0.0194312
0 0.330078 0.482812 0.274219 0.551562 0.0219671
0 0.755859 0.530078 0.277344 0.502344 0.256949
0 0.297656 0.601562 0.289062 0.348437 0.264737
