0 0.401953 0.35625 0.0867188 0.110937 0.000100213
0 0.982422 0.444531 0.0351562 0.25 0.000105695
0 0.321094 0.680078 0.090625 0.0960938 0.00010923
0 0.363281 0.424219 0.08125 0.084375 0.000111127
0 0.742969 0.45 0.08125 0.110937 0.000111312
0 0.321875 0.463672 0.078125 0.0882813 0.000114257
0 0.521875 0.0546875 0.271875 0.109375 0.000115956
0 0.113672 0.615625 0.227344 0.692187 0.000121299
0 0.303516 0.364844 0.0773437 0.109375 0.000121717
0 0.715625 0.305859 0.15 0.141406 0.000123728
0 0.323047 0.426953 0.0835937 0.100781 0.000124395
0 0.661328 0.551562 0.110156 0.234375 0.000127588
0 0.699609 0.449219 0.111719 0.175 0.000127874
0 0.138281 0.944531 0.267188 0.110937 0.000128362
0 0.280078 0.661719 0.0929687 0.090625 0.000128813
0 0.813281 0.641406 0.289062 0.345313 0.000129436
0 0.717188 0.656641 0.0859375 0.110156 0.000129652
0 0.0667969 0.771094 0.133594 0.285937 0.000135488
0 0.319922 0.708984 0.146094 0.0976562 0.000137301
0 0.303125 0.446094 0.078125 0.10625 0.000137721
0 0.302344 0.40625 0.08125 0.110937 0.00013868
0 0.760547 0.442969 0.0882813 0.165625 0.000142312
0 0.716016 0.612891 0.0804688 0.0835937 0.000142639
0 0.719922 0.361719 0.0632813 0.0765625 0.000143226
0 0.279297 0.550781 0.0851562 0.096875 0.000143495
0 0.696484 0.554688 0.116406 0.1875 0.000145415
0 0.743359 0.405469 0.0789063 0.117188 0.000152159
0 0.06875 0.861328 0.1375 0.277344 0.000152395
0 0.695703 0.593359 0.0820312 0.0835937 0.000156481
0 0.971094 0.325 0.0578125 0.273438 0.000163962
0 0.342969 0.445312 0.0828125 0.0890625 0.000167987
0 0.230078 0.678516 0.0757812 0.114844 0.000170538
0 0.189063 0.51875 0.320312 0.692187 0.000170589
0 0.735547 0.328125 0.0929687 0.110937 0.000171134
0 0.459375 0.516406 0.3125 0.642187 0.000180805
0 0.0613281 0.515234 0.122656 0.689844 0.000184162
0 0.266406 0.3875 0.154687 0.2375 0.000189316
0 0.402344 0.569141 0.0828125 0.100781 0.000191618
0 0.762891 0.46875 0.0679687 0.0984375 0.000198455
0 0.699219 0.680859 0.0890625 0.114844 0.000211181
0 0.963672 0.432422 0.0726563 0.277344 0.00021297
0 0.305859 0.346875 0.116406 0.157813 0.000214333
0 0.802734 0.662109 0.0835937 0.110156 0.000217173
0 0.367188 0.335938 0.310937 0.289062 0.000227386
0 0.685156 0.636328 0.289062 0.350781 0.000227461
0 0.774219 0.733984 0.321875 0.266406 0.000238248
0 0.809766 0.738672 0.133594 0.139844 0.000245049
0 0.758203 0.576953 0.146094 0.269531 0.000245145
0 0.380469 0.688281 0.209375 0.176563 0.000245272
0 0.345313 0.650391 0.0890625 0.103906 0.000248598
0 0.370313 0.338281 0.090625 0.103125 0.000250415
0 0.735937 0.387891 0.148438 0.222656 0.000252323
0 0.366797 0.490234 0.135156 0.258594 0.000257593
0 0.300781 0.693359 0.09375 0.0820312 0.000260788
0 0.303516 0.721484 0.203906 0.144531 0.000265195
0 0.384375 0.598437 0.0890625 0.1125 0.000265298
0 0.982813 0.347266 0.0328125 0.183594 0.000286617
0 0.396875 0.635938 0.0875 0.110937 0.000309306
0 0.347656 0.307031 0.15625 0.142188 0.00033435
0 0.322656 0.466406 0.1125 0.182812 0.000347765
0 0.737891 0.360938 0.0664062 0.0984375 0.000384735
0 0.246484 0.700781 0.100781 0.101562 0.000413259
0 0.692578 0.443359 0.189844 0.363281 0.000424474
0 0.283594 0.491797 0.1125 0.267969 0.000456834
0 0.345313 0.427734 0.11875 0.144531 0.000547036
0 0.3 0.555859 0.125 0.203906 0.000547493
0 0.684375 0.714453 0.110937 0.135156 0.000547855
0 0.825781 0.655859 0.101562 0.224219 0.000550337
0 0.717578 0.351562 0.125781 0.129688 0.000555359
0 0.267578 0.623438 0.305469 0.3875 0.000571141
0 0.388281 0.557422 0.123438 0.191406 0.000586494
0 0.683203 0.614844 0.121094 0.265625 0.000688083
0 0.403906 0.404687 0.117188 0.21875 0.000716214
0 0.804297 0.697656 0.0882813 0.110937 0.000753638
0 0.261328 0.680078 0.0914062 0.0820312 0.000758713
0 0.662109 0.317187 0.150781 0.151562 0.000778016
0 0.305078 0.404687 0.113281 0.185937 0.000805437
0 0.975781 0.391797 0.0484375 0.210156 0.00083218
0 0.397656 0.612891 0.296875 0.310156 0.000869306
0 0.348047 0.575781 0.149219 0.232812 0.000911811
0 0.267578 0.553906 0.107031 0.257812 0.000972779
0 0.719531 0.621094 0.135937 0.195312 0.00116579
0 0.688672 0.355078 0.160156 0.186719 0.00153119
0 0.828125 0.718359 0.0859375 0.125781 0.00156831
0 0.405859 0.639453 0.142969 0.188281 0.00162598
0 0.760938 0.7125 0.235938 0.170312 0.00174735
0 0.253906 0.648828 0.110937 0.174219 0.00201983
0 0.795703 0.614453 0.142969 0.297656 0.00251885
0 0.687891 0.549219 0.160156 0.34375 0.00274131
0 0.366016 0.635938 0.0898438 0.103125 0.00310637
0 0.284766 0.692187 0.155469 0.107813 0.00394759
0 0.340625 0.370313 0.16875 0.214062 0.00410325
0 0.289062 0.492969 0.154687 0.407813 0.00439089
0 0.399609 0.324609 0.122656 0.103906 0.00496924
0 0.703125 0.677344 0.145313 0.1875 0.00576748
0 0.395703 0.553516 0.158594 0.308594 0.00690449
0 0.283984 0.607813 0.166406 0.229687 0.00953639
0 0.799219 0.689062 0.1375 0.171875 0.0110546
0 0.377344 0.342578 0.157813 0.161719 0.0123674
0 0.734375 0.527344 0.226562 0.478125 0.0150148
0 0.369141 0.636328 0.133594 0.146094 0.0181868
0 0.319141 0.675 0.227344 0.159375 0.0206348
0 0.350781 0.4875 0.229687 0.442187 0.0505164
0 0.740234 0.64375 0.216406 0.245312 0.0522325
0 0.351172 0.624219 0.217969 0.217187 0.104201
