0 0.696875 0.792578 0.209375 0.296094 0.000103486
0 0.681641 0.0765625 0.100781 0.114063 0.000103617
0 0.382422 0.516797 0.397656 0.552344 0.000104189
0 0.655078 0.382031 0.289844 0.601562 0.000105355
0 0.0328125 0.230078 0.0640625 0.444531 0.000109216
0 0.360156 0.0574219 0.292188 0.114844 0.000111121
0 0.660156 0.383594 0.110937 0.204688 0.000112045
0 0.629687 0.187109 0.173438 0.261719 0.000116404
0 0.645703 0.178906 0.107031 0.201562 0.000124153
0 0.676172 0.341406 0.0757812 0.103125 0.000126829
0 0.69375 0.238281 0.10625 0.164062 0.000126856
0 0.307813 0.403516 0.0921875 0.105469 0.000132075
0 0.220313 0.390234 0.13125 0.121094 0.000137908
0 0.342187 0.0296875 0.2375 0.05625 0.0001384
0 0.748047 0.558594 0.280469 0.434375 0.000140459
0 0.725391 0.078125 0.0773437 0.0890625 0.000144391
0 0.156641 0.389062 0.139844 0.1875 0.000151581
0 0.758984 0.129688 0.0554687 0.06875 0.000153227
0 0.751172 0.0738281 0.113281 0.121094 0.000154835
0 0.269531 0.587891 0.195312 0.247656 0.000155911
0 0.682813 0.100391 0.0765625 0.0882813 0.000159311
0 0.675391 0.172656 0.0742188 0.1125 0.000159493
0 0.713672 0.869141 0.146094 0.166406 0.000167579
0 0.0601562 0.0507812 0.120312 0.101562 0.00017155
0 0.68125 0.958594 0.185937 0.0828125 0.000171876
0 0.974219 0.802344 0.0515625 0.395312 0.000175856
0 0.187891 0.323438 0.135156 0.21875 0.000176078
0 0.333594 0.115625 0.275 0.229687 0.000185036
0 0.330469 0.554297 0.145313 0.194531 0.000194543
0 0.428516 0.0320312 0.172656 0.0609375 0.000197384
0 0.6375 0.573438 0.140625 0.189063 0.000202146
0 0.475 0.349219 0.40625 0.692187 0.000211727
0 0.667578 0.119141 0.0679687 0.0867188 0.000223847
0 0.767187 0.262109 0.0890625 0.141406 0.000231742
0 0.725391 0.555859 0.128906 0.246094 0.000234053
0 0.300781 0.507422 0.132812 0.186719 0.000237156
0 0.617188 0.487109 0.159375 0.275781 0.000242164
0 0.662891 0.301953 0.100781 0.172656 0.000242926
0 0.756641 0.132031 0.0726563 0.109375 0.000245275
0 0.785937 0.198047 0.05 0.0976562 0.000249557
0 0.717969 0.227734 0.159375 0.246094 0.00025759
0 0.598828 0.611328 0.185156 0.211719 0.000260705
0 0.637891 0.944141 0.225781 0.111719 0.000266643
0 0.776563 0.228516 0.0796875 0.110156 0.000267362
0 0.366406 0.240625 0.120312 0.142188 0.000272061
0 0.510547 0.132031 0.332031 0.264062 0.000274223
0 0.659766 0.237891 0.110156 0.219531 0.000283243
0 0.693359 0.680078 0.233594 0.214844 0.000286504
0 0.278516 0.31875 0.292969 0.498437 0.000298974
0 0.758203 0.576563 0.119531 0.201562 0.000334122
0 0.746484 0.304688 0.128906 0.23125 0.000341736
0 0.444531 0.0699219 0.228125 0.139844 0.000358914
0 0.348047 0.224609 0.213281 0.346094 0.000369124
0 0.704687 0.101562 0.117188 0.114063 0.000393705
0 0.653125 0.438281 0.185937 0.403125 0.000418821
0 0.753516 0.390625 0.139844 0.353125 0.000419103
0 0.410937 0.277344 0.1375 0.2125 0.000419457
0 0.751172 0.0765625 0.0601562 0.0796875 0.000428996
0 0.0863281 0.520312 0.153906 0.235938 0.000442024
0 0.240625 0.40625 0.201562 0.157813 0.000457249
0 0.366016 0.428125 0.157031 0.2125 0.000491934
0 0.435937 0.207422 0.309375 0.394531 0.00050951
0 0.0875 0.380859 0.160938 0.517969 0.000542912
0 0.729297 0.107031 0.0679687 0.0984375 0.000552332
0 0.726562 0.631641 0.129688 0.157031 0.000565209
0 0.7625 0.664453 0.151562 0.210156 0.000577446
0 0.786328 0.605078 0.117969 0.249219 0.00058066
0 0.7375 0.122656 0.046875 0.0609375 0.000650644
0 0.373437 0.237891 0.151562 0.227344 0.000651054
0 0.157813 0.432031 0.19375 0.214062 0.000657328
0 0.275781 0.376953 0.220313 0.241406 0.00067939
0 0.159766 0.560938 0.285156 0.3 0.000806138
0 0.679688 0.344922 0.114063 0.186719 0.000808509
0 0.340625 0.4 0.090625 0.107813 0.000842658
0 0.699219 0.613672 0.296875 0.283594 0.000870043
0 0.123828 0.410156 0.200781 0.353125 0.00089234
0 0.372656 0.300781 0.3 0.485938 0.00103696
0 0.762109 0.524609 0.132031 0.371094 0.00104157
0 0.238672 0.509766 0.147656 0.180469 0.00107309
0 0.7 0.371875 0.16875 0.329688 0.00117978
0 0.319922 0.453125 0.311719 0.360938 0.00129156
0 0.685156 0.908203 0.171875 0.183594 0.00130432
0 0.740625 0.102344 0.05 0.065625 0.00144818
0 0.686719 0.287109 0.135937 0.249219 0.00153304
0 0.679688 0.188281 0.114063 0.221875 0.00159966
0 0.196875 0.523828 0.145313 0.167969 0.00160036
0 0.188672 0.368359 0.263281 0.392969 0.00165067
0 0.323438 0.319531 0.2125 0.35 0.00185847
0 0.651953 0.556641 0.221094 0.269531 0.00189878
0 0.714453 0.474609 0.197656 0.419531 0.0021748
0 0.353125 0.367969 0.171875 0.220313 0.00229109
0 0.423047 0.207422 0.174219 0.342969 0.00238688
0 0.300391 0.509766 0.200781 0.247656 0.00240016
0 0.698047 0.120703 0.0773437 0.0742188 0.00245754
0 0.680078 0.137109 0.0757812 0.105469 0.00261345
0 0.726562 0.112109 0.05 0.0523437 0.00265641
0 0.382812 0.300781 0.195312 0.303125 0.00436224
0 0.730859 0.61875 0.189844 0.217187 0.004943
0 0.221094 0.539844 0.240625 0.215625 0.0061932
0 0.139844 0.510156 0.20625 0.19375 0.00838671
0 0.271094 0.45 0.248437 0.245312 0.00871274
0 0.314453 0.415625 0.175781 0.18125 0.0138254
0 0.188672 0.48125 0.282031 0.260938 0.101604
