0 0.675781 0.426953 0.109375 0.180469 0.000104002
0 0.766016 0.308203 0.0585938 0.0789063 0.000107096
0 0.625391 0.566797 0.183594 0.291406 0.000110302
0 0.802734 0.449219 0.0679687 0.0875 0.000110325
0 0.828516 0.448047 0.199219 0.519531 0.000116253
0 0.678906 0.577344 0.201562 0.209375 0.000122212
0 0.404687 0.194531 0.146875 0.2 0.000123971
0 0.533984 0.113281 0.450781 0.223438 0.000125869
0 0.667578 0.271484 0.167969 0.299219 0.000138385
0 0.530859 0.703906 0.305469 0.417188 0.000144565
0 0.649609 0.687891 0.421094 0.439844 0.000159041
0 0.449219 0.644141 0.401563 0.508594 0.000162143
0 0.728906 0.140234 0.357812 0.278906 0.000167087
0 0.721094 0.201172 0.110937 0.155469 0.000178258
0 0.446875 0.0636719 0.428125 0.125781 0.000180292
0 0.758203 0.317578 0.175781 0.252344 0.000181283
0 0.802734 0.452344 0.102344 0.1625 0.000184704
0 0.784375 0.548047 0.0875 0.0960938 0.000195638
0 0.666797 0.44375 0.160156 0.384375 0.00020285
0 0.745313 0.573047 0.153125 0.238281 0.000211083
0 0.265625 0.446094 0.1375 0.259375 0.000220198
0 0.308594 0.0363281 0.328125 0.0726563 0.000228863
0 0.761328 0.471484 0.186719 0.200781 0.00023065
0 0.279687 0.591016 0.309375 0.299219 0.000237685
0 0.539844 0.466797 0.417188 0.694531 0.000240688
0 0.763281 0.321094 0.310937 0.4875 0.000254753
0 0.289453 0.184375 0.407031 0.36875 0.000258792
0 0.760547 0.320312 0.0835937 0.110937 0.000259565
0 0.323828 0.467187 0.199219 0.2125 0.00026579
0 0.657422 0.633594 0.277344 0.232812 0.000276592
0 0.386328 0.225781 0.207031 0.285937 0.000336969
0 0.210156 0.438672 0.328125 0.621094 0.000349206
0 0.408203 0.455469 0.344531 0.585938 0.000392375
0 0.35 0.114844 0.38125 0.229687 0.000399582
0 0.805859 0.671875 0.189844 0.296875 0.000402434
0 0.694531 0.230078 0.1375 0.182031 0.000457872
0 0.280859 0.065625 0.389844 0.13125 0.000625958
0 0.247656 0.510156 0.229687 0.38125 0.000672223
0 0.301172 0.405078 0.166406 0.202344 0.000704103
0 0.344531 0.547656 0.23125 0.342187 0.000878162
0 0.372656 0.360156 0.2375 0.498437 0.000938242
0 0.686719 0.398438 0.240625 0.553125 0.000949263
0 0.814844 0.511328 0.115625 0.258594 0.000992374
0 0.710547 0.307813 0.182031 0.314063 0.00119621
0 0.286719 0.376172 0.196875 0.346094 0.0012756
0 0.723437 0.641797 0.30625 0.305469 0.00166821
0 0.783984 0.531641 0.147656 0.192969 0.00171347
0 0.801562 0.593359 0.146875 0.257031 0.00267357
0 0.692187 0.544531 0.270312 0.334375 0.00387346
0 0.794141 0.496875 0.163281 0.367188 0.00606667
0 0.773828 0.572656 0.230469 0.328125 0.0696254
0 0.75 0.464453 0.259375 0.513281 0.196464
0 0.313281 0.451172 0.289062 0.500781 0.438254
