0 0.438281 0.686328 0.403125 0.627344 0.000100122
0 0.629687 0.307813 0.267188 0.432813 0.000101562
0 0.263672 0.598828 0.0914062 0.108594 0.000102454
0 0.269531 0.368359 0.234375 0.336719 0.00010333
0 0.117188 0.399219 0.2125 0.404687 0.000103599
0 0.735937 0.410937 0.1125 0.148438 0.000104264
0 0.228125 0.368359 0.16875 0.238281 0.000105584
0 0.223438 0.364453 0.120312 0.158594 0.000105777
0 0.615625 0.530078 0.13125 0.221094 0.000106638
0 0.422266 0.601953 0.286719 0.464844 0.000108814
0 0.575391 0.708984 0.325781 0.547656 0.000111132
0 0.685547 0.366406 0.236719 0.298438 0.000115771
0 0.760547 0.595312 0.0929687 0.1125 0.000118247
0 0.240234 0.529688 0.0898438 0.10625 0.000120228
0 0.801953 0.0949219 0.375781 0.189844 0.000122043
0 0.535156 0.287891 0.314063 0.532031 0.00012646
0 0.723828 0.816406 0.366406 0.278125 0.000131446
0 0.676562 0.735937 0.146875 0.201562 0.00013886
0 0.763672 0.739453 0.0867188 0.105469 0.000147397
0 0.200391 0.508984 0.0945313 0.114844 0.000149287
0 0.321875 0.617969 0.0921875 0.101562 0.000151267
0 0.483984 0.515234 0.425781 0.728906 0.000155041
0 0.930078 0.0671875 0.139844 0.134375 0.000155364
0 0.219922 0.630859 0.155469 0.208594 0.000155509
0 0.779297 0.614453 0.0882813 0.111719 0.000157583
0 0.986328 0.488281 0.0273438 0.242188 0.000165471
0 0.0175781 0.470313 0.0351562 0.253125 0.000172011
0 0.973437 0.600391 0.053125 0.572656 0.000176158
0 0.814062 0.739844 0.1 0.171875 0.000196996
0 0.759375 0.535156 0.123438 0.19375 0.000203038
0 0.871094 0.0582031 0.257812 0.116406 0.000204875
0 0.344531 0.635547 0.09375 0.110156 0.000211815
0 0.74375 0.407813 0.15625 0.285937 0.000224314
0 0.798828 0.742578 0.0867188 0.108594 0.000231747
0 0.621875 0.482031 0.2 0.29375 0.000232276
0 0.677734 0.638281 0.141406 0.245312 0.000235961
0 0.721094 0.508984 0.185937 0.213281 0.000237881
0 0.321875 0.557031 0.151562 0.276563 0.00023971
0 0.626172 0.720312 0.139844 0.204688 0.000248813
0 0.554297 0.460547 0.342969 0.510156 0.000287283
0 0.782812 0.773828 0.117188 0.121094 0.000314959
0 0.639063 0.469531 0.103125 0.1375 0.000317582
0 0.658594 0.508203 0.15 0.194531 0.000328946
0 0.80625 0.629687 0.273438 0.460938 0.000338336
0 0.0351562 0.394922 0.0703125 0.535156 0.000359406
0 0.622656 0.601172 0.207813 0.358594 0.000373209
0 0.274219 0.536719 0.15 0.260938 0.000408181
0 0.725391 0.576172 0.138281 0.244531 0.000408866
0 0.330469 0.670703 0.309375 0.338281 0.00041541
0 0.71875 0.444531 0.15 0.153125 0.000426221
0 0.218359 0.489453 0.0945313 0.105469 0.00043446
0 0.380078 0.485547 0.266406 0.535156 0.000440691
0 0.980469 0.479297 0.0390625 0.402344 0.000451511
0 0.0285156 0.564062 0.0570313 0.5375 0.000528604
0 0.719141 0.695312 0.150781 0.214062 0.000662651
0 0.177734 0.486328 0.152344 0.263281 0.000758674
0 0.217187 0.452734 0.135937 0.200781 0.000858591
0 0.282813 0.630859 0.0921875 0.100781 0.000862571
0 0.372656 0.608984 0.151562 0.263281 0.000936577
0 0.0214844 0.436328 0.0429688 0.402344 0.000964142
0 0.163672 0.675781 0.111719 0.121875 0.001031
0 0.68125 0.467187 0.170312 0.159375 0.00114347
0 0.181641 0.670703 0.158594 0.172656 0.00130517
0 0.169141 0.604688 0.167969 0.30625 0.0014265
0 0.774219 0.596094 0.123438 0.204688 0.00179517
0 0.689844 0.452344 0.2125 0.28125 0.00184832
0 0.664844 0.686719 0.204688 0.246875 0.00218402
0 0.264453 0.616016 0.139844 0.158594 0.00277956
0 0.769141 0.751562 0.174219 0.179688 0.00301611
0 0.339844 0.652344 0.178125 0.207813 0.00359166
0 0.2375 0.571484 0.148438 0.241406 0.00369432
0 0.746875 0.635547 0.15 0.264844 0.00394042
0 0.696094 0.487891 0.259375 0.471094 0.00534949
0 0.302344 0.633203 0.145313 0.141406 0.00603193
0 0.229297 0.648438 0.277344 0.259375 0.00771152
0 0.723828 0.729688 0.269531 0.251563 0.00909643
0 0.217578 0.511328 0.158594 0.186719 0.00910472
0 0.289453 0.482422 0.264844 0.477344 0.0101207
0 0.758594 0.540234 0.154687 0.369531 0.0106488
0 0.227734 0.456641 0.191406 0.335156 0.0107509
0 0.785937 0.648828 0.15625 0.327344 0.0184762
0 0.299219 0.610547 0.220313 0.232031 0.034115
0 0.232031 0.555078 0.220313 0.338281 0.187378
0 0.728906 0.610156 0.232812 0.417188 0.240655
