0 0.369922 0.216016 0.0664062 0.0851562 0.000102241
0 0.9625 0.278906 0.075 0.557813 0.000108029
0 0.679297 0.769922 0.338281 0.460156 0.000108067
0 0.783594 0.777734 0.0609375 0.117969 0.000108538
0 0.664453 0.621484 0.138281 0.250781 0.000109099
0 0.811719 0.352734 0.376563 0.694531 0.0001093
0 0.186328 0.630078 0.178906 0.377344 0.00011462
0 0.709375 0.510938 0.0875 0.132812 0.000116221
0 0.276953 0.332031 0.0898438 0.140625 0.000120863
0 0.699609 0.279687 0.0429688 0.0609375 0.000122358
0 0.0160156 0.381641 0.0320312 0.110156 0.000129027
0 0.296875 0.344141 0.0671875 0.0992187 0.000129359
0 0.371484 0.677734 0.141406 0.188281 0.000131697
0 0.719531 0.717188 0.0859375 0.110937 0.000131815
0 0.641016 0.712891 0.116406 0.164844 0.00014229
0 0.249219 0.367188 0.0421875 0.06875 0.00014778
0 0.309766 0.318359 0.158594 0.250781 0.000151712
0 0.979688 0.467187 0.040625 0.248437 0.000159986
0 0.403125 0.216797 0.0859375 0.121094 0.000161325
0 0.680078 0.754297 0.235156 0.311719 0.000163128
0 0.987109 0.44375 0.0257812 0.178125 0.000163298
0 0.705859 0.558984 0.113281 0.197656 0.000164717
0 0.278516 0.574609 0.122656 0.244531 0.000178244
0 0.260156 0.692187 0.1375 0.15 0.000179555
0 0.305859 0.701172 0.203906 0.196094 0.00018042
0 0.751172 0.577734 0.0992187 0.208594 0.000181053
0 0.627734 0.657031 0.117969 0.201562 0.000185856
0 0.247656 0.383594 0.065625 0.132812 0.000195248
0 0.347266 0.191406 0.0851562 0.096875 0.000199604
0 0.344141 0.366797 0.153906 0.186719 0.000200644
0 0.385547 0.193359 0.0585938 0.0742188 0.000204531
0 0.0300781 0.363281 0.0570313 0.11875 0.000210648
0 0.899609 0.431641 0.200781 0.305469 0.000213054
0 0.780859 0.650391 0.153906 0.342969 0.00022132
0 0.312109 0.383203 0.0617188 0.0757812 0.000239364
0 0.361328 0.174219 0.0804688 0.0734375 0.000243692
0 0.323047 0.652344 0.0835937 0.10625 0.000244869
0 0.976172 0.401953 0.0476562 0.227344 0.000247564
0 0.246875 0.427344 0.0859375 0.179688 0.000247603
0 0.371094 0.612891 0.13125 0.211719 0.000251526
0 0.766016 0.754297 0.110156 0.157031 0.000252044
0 0.276172 0.342578 0.0601562 0.0882813 0.000255197
0 0.719531 0.598047 0.0859375 0.110156 0.000262375
0 0.716797 0.655078 0.0867188 0.113281 0.000262956
0 0.371094 0.272266 0.165625 0.263281 0.000275639
0 0.271484 0.402344 0.121094 0.190625 0.000285059
0 0.385547 0.194531 0.0867188 0.1125 0.000316874
0 0.932813 0.371094 0.132812 0.38125 0.000338974
0 0.703516 0.594531 0.269531 0.41875 0.000368621
0 0.7 0.732813 0.160938 0.1625 0.000369223
0 0.260938 0.365234 0.0625 0.0898438 0.000369346
0 0.195703 0.728125 0.0804688 0.139062 0.0003712
0 0.367578 0.214844 0.127344 0.1375 0.000457625
0 0.292578 0.569141 0.275781 0.430469 0.000467229
0 0.2375 0.532422 0.10625 0.228906 0.000487106
0 0.733594 0.513672 0.078125 0.111719 0.000516411
0 0.277344 0.400391 0.0625 0.0773437 0.000536862
0 0.292578 0.388281 0.0773437 0.09375 0.000591527
0 0.305469 0.616797 0.134375 0.207031 0.000603208
0 0.751562 0.639063 0.117188 0.207813 0.00063487
0 0.894922 0.285547 0.210156 0.571094 0.000763212
0 0.209766 0.684375 0.117969 0.21875 0.000769729
0 0.251563 0.470313 0.117188 0.253125 0.000904307
0 0.700781 0.632812 0.075 0.103125 0.00105402
0 0.335938 0.573828 0.167187 0.299219 0.00116608
0 0.271484 0.396094 0.0867188 0.11875 0.00124063
0 0.736719 0.690234 0.284375 0.294531 0.00125176
0 0.2625 0.527734 0.1625 0.374219 0.00163113
0 0.75 0.710938 0.145313 0.225 0.00283769
0 0.337891 0.648438 0.139844 0.18125 0.00305114
0 0.702734 0.619922 0.113281 0.186719 0.00341769
0 0.2375 0.613672 0.142188 0.274219 0.0035156
0 0.671094 0.685938 0.182812 0.207813 0.00757435
0 0.725781 0.583984 0.125 0.299219 0.00849403
0 0.28125 0.648047 0.2125 0.216406 0.0133326
0 0.715625 0.660547 0.160938 0.255469 0.119904
