0 0.970703 0.520312 0.0585938 0.607813 0.000102009
0 0.699219 0.632422 0.090625 0.105469 0.000105772
0 0.792578 0.303906 0.369531 0.560938 0.000106347
0 0.442969 0.519141 0.425 0.653906 0.000107397
0 0.808984 0.408203 0.0851562 0.164844 0.000108831
0 0.796484 0.137891 0.378906 0.267969 0.000112991
0 0.224219 0.34375 0.0609375 0.0890625 0.000114373
0 0.234375 0.424219 0.0875 0.110937 0.000123754
0 0.963672 0.107031 0.0710938 0.214062 0.000128711
0 0.323828 0.626953 0.142969 0.186719 0.000134619
0 0.809375 0.0671875 0.38125 0.134375 0.000138572
0 0.669531 0.349609 0.165625 0.253906 0.000140885
0 0.765625 0.385547 0.078125 0.102344 0.000145749
0 0.195703 0.101953 0.388281 0.203906 0.00014704
0 0.735547 0.301562 0.0773437 0.096875 0.0001514
0 0.96875 0.703906 0.0625 0.592188 0.000152686
0 0.650391 0.279297 0.0835937 0.0992187 0.000158647
0 0.687891 0.298047 0.152344 0.147656 0.000163776
0 0.834766 0.672656 0.289844 0.401563 0.000168762
0 0.697656 0.513672 0.195312 0.189844 0.00016951
0 0.776172 0.331641 0.164844 0.261719 0.000173302
0 0.335547 0.474219 0.213281 0.420312 0.000181658
0 0.236328 0.365625 0.0789063 0.109375 0.000184879
0 0.288672 0.278125 0.116406 0.10625 0.000188477
0 0.930078 0.0804688 0.136719 0.160938 0.00019468
0 0.177734 0.636719 0.0882813 0.101562 0.000195066
0 0.219922 0.388672 0.0835937 0.114844 0.000202457
0 0.344141 0.54375 0.160156 0.226562 0.000215932
0 0.350781 0.266797 0.125 0.117969 0.000216908
0 0.855859 0.634766 0.152344 0.180469 0.000217708
0 0.260938 0.314453 0.110937 0.147656 0.000223441
0 0.753125 0.329688 0.1 0.14375 0.000231399
0 0.303906 0.589844 0.09375 0.101562 0.0002321
0 0.883984 0.110937 0.228906 0.221875 0.000252656
0 0.321484 0.251563 0.113281 0.09375 0.000257942
0 0.195312 0.648828 0.140625 0.139844 0.000291906
0 0.158594 0.667578 0.135937 0.180469 0.000293827
0 0.321875 0.611719 0.289062 0.282813 0.000318157
0 0.801562 0.491797 0.123438 0.285156 0.000342185
0 0.342578 0.591797 0.0898438 0.110156 0.000370784
0 0.679297 0.574609 0.141406 0.233594 0.000393003
0 0.198828 0.387109 0.117969 0.257031 0.000401025
0 0.260938 0.607031 0.15 0.145313 0.000422411
0 0.808594 0.666406 0.090625 0.090625 0.000437196
0 0.216016 0.612109 0.152344 0.177344 0.000457842
0 0.742578 0.400391 0.182031 0.322656 0.000465686
0 0.309766 0.286328 0.180469 0.160156 0.000480219
0 0.835938 0.655078 0.0921875 0.0929687 0.000483482
0 0.796094 0.442578 0.0828125 0.136719 0.000512688
0 0.784766 0.407813 0.0851562 0.115625 0.000527292
0 0.197656 0.492578 0.123438 0.288281 0.000575145
0 0.719141 0.632031 0.142969 0.134375 0.000673218
0 0.765625 0.614453 0.15 0.153906 0.00068486
0 0.653125 0.275391 0.123438 0.138281 0.000870925
0 0.242578 0.360156 0.105469 0.182812 0.000909712
0 0.233594 0.664062 0.292188 0.234375 0.000913884
0 0.834375 0.669922 0.148438 0.130469 0.00104814
0 0.356641 0.594531 0.128906 0.167187 0.001061
0 0.773438 0.373047 0.10625 0.172656 0.00107825
0 0.203906 0.425391 0.090625 0.167969 0.00110689
0 0.279297 0.419531 0.330469 0.603125 0.00111755
0 0.296094 0.532422 0.223438 0.278906 0.00121877
0 0.726953 0.430078 0.260156 0.491406 0.00128391
0 0.744141 0.557031 0.230469 0.217187 0.00137316
0 0.660156 0.634375 0.170312 0.171875 0.00137685
0 0.169141 0.612891 0.144531 0.208594 0.00165486
0 0.782812 0.428516 0.117188 0.196094 0.0024477
0 0.83125 0.566797 0.171875 0.299219 0.00316266
0 0.739453 0.662109 0.292969 0.183594 0.00317869
0 0.803125 0.635156 0.0890625 0.090625 0.0041862
0 0.225 0.397656 0.114063 0.173438 0.00438726
0 0.226172 0.4375 0.149219 0.285937 0.00551847
0 0.200391 0.567578 0.194531 0.291406 0.00574104
0 0.702734 0.605859 0.249219 0.233594 0.00630044
0 0.307422 0.579297 0.182031 0.161719 0.00686563
0 0.233594 0.491797 0.221875 0.417969 0.0165599
0 0.774609 0.503906 0.222656 0.404687 0.016737
0 0.807422 0.638672 0.169531 0.149219 0.034141
0 0.261328 0.60625 0.271094 0.20625 0.0397032
0 0.778516 0.614844 0.241406 0.223438 0.094366
