0 0.254687 0.594922 0.321875 0.399219 0.000101109
0 0.742578 0.387109 0.0804688 0.103906 0.000101796
0 0.300391 0.3875 0.157031 0.140625 0.000102078
0 0.742578 0.566797 0.127344 0.121094 0.000102212
0 0.244531 0.330469 0.326562 0.55625 0.000103206
0 0.191406 0.525391 0.142188 0.236719 0.000108423
0 0.759766 0.230078 0.141406 0.214844 0.000111087
0 0.344141 0.324609 0.0929687 0.122656 0.000111383
0 0.372656 0.443359 0.182812 0.310156 0.000112849
0 0.301172 0.0199219 0.196094 0.0398437 0.000114508
0 0.682031 0.203516 0.128125 0.132031 0.000114927
0 0.572656 0.891797 0.389062 0.216406 0.000118324
0 0.237891 0.469531 0.0773437 0.1 0.000120944
0 0.254687 0.558203 0.0828125 0.0742188 0.000122523
0 0.0992187 0.507812 0.0609375 0.109375 0.000122846
0 0.214844 0.208203 0.221875 0.203906 0.000123346
0 0.707422 0.0851562 0.252344 0.15625 0.000123577
0 0.785547 0.0671875 0.236719 0.126563 0.000125191
0 0.658984 0.490234 0.163281 0.189844 0.000128715
0 0.378906 0.0339844 0.148438 0.0679687 0.000131386
0 0.679297 0.548828 0.122656 0.119531 0.000137177
0 0.744922 0.428125 0.0804688 0.096875 0.000138983
0 0.301172 0.569141 0.141406 0.113281 0.000142898
0 0.237891 0.535937 0.0804688 0.096875 0.000146254
0 0.239453 0.0492188 0.271094 0.0984375 0.000152177
0 0.224219 0.585156 0.0796875 0.0890625 0.000152795
0 0.648828 0.0328125 0.232031 0.065625 0.000155444
0 0.335156 0.363281 0.170312 0.285937 0.00015853
0 0.802344 0.533203 0.123438 0.183594 0.000158741
0 0.299609 0.0839844 0.217969 0.146094 0.000161192
0 0.71875 0.344141 0.13125 0.171094 0.000164859
0 0.678906 0.980469 0.2 0.0375 0.000171756
0 0.594922 0.96875 0.246094 0.0609375 0.0001745
0 0.383594 0.601172 0.14375 0.130469 0.000182408
0 0.896484 0.0359375 0.207031 0.06875 0.000187581
0 0.09375 0.41875 0.0671875 0.071875 0.000188054
0 0.28125 0.196484 0.176563 0.178906 0.000195442
0 0.280859 0.0339844 0.202344 0.0664062 0.000211826
0 0.765234 0.514453 0.0804688 0.111719 0.000225664
0 0.320703 0.467969 0.138281 0.2 0.000231445
0 0.664453 0.279297 0.228906 0.408594 0.000231627
0 0.258203 0.586719 0.167969 0.11875 0.000233643
0 0.666406 0.553125 0.16875 0.184375 0.000244039
0 0.725781 0.585938 0.214062 0.171875 0.000246803
0 0.785156 0.354297 0.159375 0.478906 0.000248794
0 0.721875 0.528906 0.1375 0.153125 0.000256733
0 0.778906 0.551562 0.078125 0.096875 0.000270105
0 0.723047 0.449609 0.164844 0.208594 0.000289387
0 0.313281 0.623438 0.26875 0.18125 0.000295576
0 0.323828 0.528906 0.132031 0.139062 0.000305546
0 0.850391 0.0472656 0.257031 0.0945313 0.000313146
0 0.263672 0.323828 0.158594 0.294531 0.000323399
0 0.727734 0.046875 0.299219 0.0921875 0.00033114
0 0.721094 0.285547 0.185937 0.347656 0.000370607
0 0.698438 0.250781 0.167187 0.198437 0.000380131
0 0.801172 0.0335938 0.208594 0.0640625 0.000389235
0 0.749609 0.503906 0.291406 0.325 0.000393011
0 0.375 0.524219 0.170312 0.19375 0.000403352
0 0.680078 0.966797 0.267969 0.0648438 0.000404129
0 0.280859 0.529297 0.144531 0.167969 0.0004107
0 0.227734 0.557813 0.0695312 0.0796875 0.000451682
0 0.0894531 0.407422 0.103906 0.0929687 0.000495356
0 0.643359 0.941016 0.313281 0.117969 0.000518114
0 0.741797 0.387109 0.116406 0.225781 0.000623748
0 0.334766 0.0476562 0.202344 0.09375 0.000631972
0 0.281641 0.449219 0.138281 0.223438 0.000691542
0 0.2375 0.386328 0.115625 0.222656 0.000706729
0 0.240625 0.469531 0.109375 0.221875 0.000814254
0 0.217187 0.475391 0.13125 0.350781 0.000930466
0 0.229687 0.325781 0.101562 0.195312 0.000989668
0 0.320703 0.492188 0.228906 0.198437 0.00143082
0 0.769141 0.547266 0.110156 0.136719 0.00144451
0 0.237109 0.563281 0.103906 0.115625 0.00188836
0 0.329688 0.402344 0.26875 0.498437 0.00219163
0 0.703906 0.516016 0.226562 0.219531 0.0023868
0 0.311328 0.554297 0.253906 0.202344 0.00472572
0 0.254297 0.521094 0.157031 0.24375 0.00858779
0 0.246875 0.410547 0.14375 0.383594 0.00974737
0 0.758203 0.455078 0.135156 0.307031 0.0218723
0 0.711328 0.385156 0.230469 0.454688 0.0302701
0 0.288672 0.464844 0.221094 0.339063 0.0355014
