0 0.674609 0.242188 0.0648438 0.0921875 0.00010033
0 0.353516 0.0480469 0.180469 0.0929687 0.000101862
0 0.490625 0.0332031 0.225 0.0664062 0.000104518
0 0.339453 0.305859 0.119531 0.144531 0.000105935
0 0.760938 0.370313 0.135937 0.175 0.000111229
0 0.795703 0.483984 0.292969 0.502344 0.000113694
0 0.213672 0.486328 0.103906 0.163281 0.000114974
0 0.968359 0.110547 0.0617188 0.163281 0.000117276
0 0.320312 0.639844 0.142188 0.176563 0.000121312
0 0.410156 0.689062 0.104687 0.134375 0.000126471
0 0.346875 0.0320312 0.129688 0.0625 0.000136647
0 0.714844 0.283984 0.115625 0.139844 0.000138729
0 0.885547 0.0894531 0.192969 0.119531 0.000140048
0 0.240625 0.447656 0.1125 0.157813 0.000144393
0 0.370703 0.340234 0.147656 0.147656 0.000154144
0 0.809375 0.639063 0.179688 0.2125 0.000161445
0 0.405469 0.0328125 0.257812 0.0640625 0.000177133
0 0.770703 0.449219 0.164844 0.225 0.00017854
0 0.380859 0.655859 0.160156 0.183594 0.000185442
0 0.221875 0.0824219 0.0578125 0.0492188 0.000192136
0 0.281641 0.396094 0.146094 0.18125 0.000192745
0 0.220313 0.084375 0.1 0.059375 0.000215198
0 0.3 0.0527344 0.0890625 0.0820312 0.000225522
0 0.235938 0.492969 0.153125 0.298438 0.000233941
0 0.204297 0.65625 0.164844 0.19375 0.000281636
0 0.259766 0.0816406 0.0898438 0.0710938 0.000298655
0 0.2625 0.658984 0.09375 0.0976562 0.000307044
0 0.672266 0.710938 0.152344 0.173438 0.000326743
0 0.813281 0.742188 0.167187 0.19375 0.000346137
0 0.790234 0.403906 0.114844 0.126563 0.000353746
0 0.314063 0.630469 0.273438 0.2875 0.000380484
0 0.759766 0.639844 0.252344 0.29375 0.000410699
0 0.336328 0.676953 0.197656 0.164844 0.000683264
0 0.271484 0.501953 0.213281 0.430469 0.000697093
0 0.278125 0.0667969 0.08125 0.0820312 0.000746058
0 0.297656 0.661328 0.0921875 0.0898438 0.000780321
0 0.869922 0.653125 0.171094 0.260938 0.000830135
0 0.743359 0.708984 0.249219 0.182031 0.00099903
0 0.808594 0.694922 0.275 0.264844 0.00105639
0 0.846875 0.680469 0.0921875 0.101562 0.00137466
0 0.234766 0.701563 0.196094 0.195312 0.00159988
0 0.816406 0.441406 0.135937 0.189063 0.00172187
0 0.296875 0.673437 0.151562 0.126563 0.00376525
0 0.824219 0.569531 0.185937 0.404687 0.00393869
0 0.235156 0.586719 0.184375 0.309375 0.00538411
0 0.833984 0.692578 0.157031 0.182031 0.0200142
0 0.263281 0.655469 0.1875 0.192188 0.0250779
