0 0.840625 0.640625 0.084375 0.0890625 0.000101933
0 0.216016 0.571094 0.107031 0.140625 0.000104187
0 0.710156 0.486719 0.132812 0.221875 0.000108779
0 0.695312 0.612109 0.117188 0.180469 0.000109225
0 0.730859 0.0589844 0.342969 0.111719 0.000110477
0 0.230469 0.0636719 0.360938 0.127344 0.000110802
0 0.376563 0.0746094 0.328125 0.141406 0.000111251
0 0.353125 0.592188 0.189063 0.145313 0.00011139
0 0.817187 0.317578 0.140625 0.285156 0.000118218
0 0.784766 0.428906 0.116406 0.167187 0.00012429
0 0.304688 0.26875 0.0796875 0.107813 0.000126948
0 0.936719 0.105859 0.125 0.200781 0.00012891
0 0.78125 0.555078 0.1375 0.194531 0.000135392
0 0.195312 0.462109 0.145313 0.374219 0.000137322
0 0.759766 0.431641 0.0960938 0.128906 0.00014028
0 0.832031 0.450391 0.0859375 0.103906 0.000149244
0 0.374609 0.146484 0.235156 0.189844 0.000149546
0 0.857813 0.392188 0.0875 0.192188 0.00015323
0 0.899219 0.385938 0.145313 0.5375 0.000155833
0 0.809766 0.119531 0.336719 0.234375 0.000157904
0 0.340234 0.264062 0.117969 0.142188 0.000161654
0 0.362891 0.447656 0.0851562 0.107813 0.000170894
0 0.780078 0.216797 0.197656 0.233594 0.00017241
0 0.379687 0.553906 0.151562 0.160938 0.000175877
0 0.944922 0.221484 0.110156 0.391406 0.000176349
0 0.416016 0.264062 0.171094 0.348437 0.000187705
0 0.259375 0.450781 0.0828125 0.10625 0.000191442
0 0.289844 0.119531 0.395312 0.234375 0.000197096
0 0.821094 0.575 0.135937 0.204688 0.000207206
0 0.847266 0.487109 0.0882813 0.114844 0.000214455
0 0.968359 0.187109 0.0632813 0.350781 0.000219721
0 0.292969 0.561328 0.31875 0.322656 0.000220164
0 0.891406 0.0628906 0.217187 0.125781 0.000222253
0 0.898047 0.184375 0.203906 0.36875 0.000232512
0 0.855469 0.321875 0.171875 0.396875 0.00024122
0 0.74375 0.444922 0.1375 0.211719 0.000242502
0 0.860937 0.656641 0.132812 0.121094 0.000262713
0 0.282031 0.341016 0.0828125 0.111719 0.000275082
0 0.741797 0.235938 0.146094 0.179688 0.000285308
0 0.408984 0.126563 0.146094 0.10625 0.000302144
0 0.923047 0.676562 0.0851562 0.123438 0.000308752
0 0.348828 0.234375 0.166406 0.21875 0.000338088
0 0.844531 0.7125 0.25625 0.165625 0.000352081
0 0.782422 0.612891 0.133594 0.149219 0.000361598
0 0.374219 0.403516 0.203125 0.333594 0.000408617
0 0.922266 0.720312 0.0882813 0.117188 0.000414945
0 0.741406 0.591797 0.135937 0.167969 0.000419334
0 0.822656 0.637109 0.132812 0.136719 0.000432776
0 0.807422 0.469141 0.169531 0.177344 0.000437496
0 0.357031 0.314063 0.309375 0.50625 0.000446482
0 0.33125 0.299609 0.10625 0.105469 0.000470545
0 0.785937 0.400391 0.217187 0.383594 0.000497849
0 0.428125 0.140625 0.0859375 0.06875 0.000504906
0 0.361328 0.429688 0.128906 0.151562 0.000532341
0 0.259375 0.489844 0.129688 0.198437 0.000575581
0 0.314844 0.366016 0.134375 0.208594 0.000610329
0 0.235156 0.544922 0.1625 0.230469 0.000620097
0 0.343359 0.526563 0.210156 0.18125 0.000713795
0 0.782812 0.671875 0.254687 0.179688 0.00084631
0 0.324609 0.469922 0.144531 0.188281 0.000863971
0 0.269531 0.346094 0.10625 0.19375 0.000890144
0 0.312109 0.264453 0.138281 0.199219 0.000903097
0 0.883984 0.685156 0.166406 0.139062 0.000968989
0 0.739453 0.527344 0.178906 0.246875 0.000970504
0 0.259766 0.453125 0.289844 0.425 0.00145092
0 0.399219 0.188281 0.157813 0.20625 0.00152498
0 0.425 0.155859 0.128125 0.128906 0.00199024
0 0.261719 0.425391 0.101562 0.233594 0.00210816
0 0.875781 0.517187 0.15 0.276563 0.00234478
0 0.372266 0.478906 0.144531 0.195312 0.00234814
0 0.298828 0.302344 0.0851562 0.0953125 0.00241401
0 0.827734 0.411719 0.146094 0.265625 0.00281834
0 0.774219 0.603516 0.217187 0.211719 0.00294612
0 0.84375 0.626953 0.215625 0.219531 0.00397568
0 0.279687 0.507812 0.207813 0.248437 0.00428664
0 0.860547 0.451953 0.0882813 0.160156 0.00428736
0 0.248828 0.437109 0.144531 0.349219 0.00653179
0 0.813281 0.545703 0.210938 0.286719 0.00975853
0 0.298047 0.312109 0.110156 0.147656 0.0107169
0 0.850781 0.469922 0.125 0.227344 0.0138998
0 0.328516 0.454688 0.213281 0.298438 0.0153631
0 0.287891 0.391016 0.144531 0.317969 0.0465966
