0 0.617969 0.0832031 0.059375 0.0617188 0.000101056
0 0.245703 0.4125 0.116406 0.134375 0.000107524
0 0.778906 0.696484 0.0828125 0.111719 0.000111717
0 0.736719 0.446875 0.0703125 0.107813 0.00011393
0 0.319141 0.537891 0.224219 0.375781 0.000114847
0 0.174219 0.762109 0.0875 0.114844 0.000124906
0 0.60625 0.713281 0.139062 0.23125 0.000129404
0 0.3375 0.857813 0.139062 0.2125 0.000131783
0 0.235156 0.490234 0.08125 0.102344 0.000132815
0 0.739062 0.836328 0.135937 0.146094 0.00013298
0 0.594141 0.864062 0.117969 0.16875 0.000144191
0 0.726172 0.672266 0.144531 0.185156 0.000145797
0 0.757812 0.578516 0.084375 0.117969 0.000154419
0 0.337109 0.4 0.150781 0.142188 0.000154878
0 0.803516 0.874609 0.0539063 0.0664062 0.000159046
0 0.283203 0.401953 0.119531 0.135156 0.000168935
0 0.303125 0.739453 0.229687 0.277344 0.00017011
0 0.685547 0.484766 0.185156 0.278906 0.000175653
0 0.803906 0.632812 0.160938 0.326562 0.000186446
0 0.798828 0.719141 0.0945313 0.194531 0.000224771
0 0.207813 0.723047 0.148438 0.263281 0.000225813
0 0.232812 0.780469 0.15 0.189063 0.000229962
0 0.178516 0.639063 0.125781 0.257812 0.000233841
0 0.0757812 0.133203 0.128125 0.175781 0.000247137
0 0.155469 0.740234 0.0859375 0.110156 0.000250124
0 0.801172 0.864844 0.0882813 0.09375 0.000261063
0 0.721484 0.526953 0.0726563 0.0914062 0.00026433
0 0.764453 0.673437 0.0851562 0.114063 0.000269963
0 0.132422 0.656641 0.186719 0.391406 0.000273791
0 0.253125 0.559375 0.164062 0.307813 0.0002811
0 0.326953 0.786328 0.158594 0.221094 0.000288707
0 0.706641 0.59375 0.166406 0.19375 0.000296335
0 0.219922 0.534375 0.0789063 0.101562 0.000306397
0 0.802734 0.784766 0.0976562 0.202344 0.000349664
0 0.743359 0.488281 0.100781 0.201562 0.000355223
0 0.828125 0.813281 0.120312 0.25 0.000355686
0 0.176563 0.8125 0.145313 0.182812 0.000372685
0 0.655469 0.741016 0.19375 0.297656 0.000502552
0 0.2 0.571875 0.121875 0.229687 0.000534689
0 0.769922 0.575391 0.0992187 0.194531 0.00060053
0 0.303125 0.435937 0.220313 0.2375 0.000607537
0 0.606641 0.805078 0.150781 0.233594 0.000642813
0 0.790625 0.655859 0.11875 0.205469 0.000651434
0 0.762891 0.692578 0.117969 0.188281 0.000763216
0 0.710547 0.567969 0.286719 0.426562 0.000772676
0 0.723437 0.532422 0.104687 0.185156 0.000868138
0 0.722266 0.449609 0.0539063 0.0726563 0.000999739
0 0.803125 0.843359 0.114063 0.150781 0.00103143
0 0.694922 0.80625 0.158594 0.184375 0.0010746
0 0.723828 0.469531 0.0695312 0.120312 0.00155273
0 0.234766 0.477344 0.153906 0.240625 0.00162173
0 0.198437 0.572266 0.159375 0.383594 0.00181732
0 0.225 0.526953 0.115625 0.175781 0.00203424
0 0.704687 0.644531 0.21875 0.290625 0.00212417
0 0.250391 0.580859 0.255469 0.522656 0.00279698
0 0.763281 0.634375 0.0828125 0.110937 0.00301671
0 0.765625 0.814844 0.19375 0.204688 0.0034515
0 0.8 0.764063 0.142188 0.320312 0.00351025
0 0.651563 0.830469 0.192188 0.189063 0.00391145
0 0.129297 0.797266 0.178906 0.246094 0.00410686
0 0.717188 0.712109 0.2875 0.457031 0.00441109
0 0.248437 0.8 0.271875 0.229687 0.00468366
0 0.160156 0.725 0.134375 0.265625 0.0068762
0 0.708984 0.791797 0.246094 0.252344 0.0106125
0 0.739062 0.566406 0.142188 0.276563 0.01674
0 0.767187 0.709766 0.15 0.342969 0.0246202
0 0.758203 0.629297 0.128906 0.214844 0.0302876
0 0.196484 0.658594 0.224219 0.4375 0.0398584
0 0.18125 0.771484 0.221875 0.235156 0.228315
