0 0.820703 0.582422 0.292969 0.347656 0.000100585
0 0.315625 0.302344 0.1625 0.2 0.000106447
0 0.328125 0.608203 0.128125 0.136719 0.00010735
0 0.362109 0.668359 0.207031 0.194531 0.000121018
0 0.205469 0.610156 0.154687 0.165625 0.000122259
0 0.2 0.4 0.0890625 0.1125 0.000124488
0 0.527734 0.649609 0.510156 0.700781 0.000126846
0 0.330078 0.257422 0.0820312 0.0664062 0.000132158
0 0.659766 0.408984 0.232031 0.230469 0.000134786
0 0.699219 0.532422 0.178125 0.196094 0.000137833
0 0.746094 0.461719 0.0890625 0.117188 0.000154683
0 0.841797 0.610156 0.138281 0.16875 0.000168644
0 0.778906 0.459766 0.090625 0.117969 0.0001815
0 0.199609 0.328906 0.0867188 0.103125 0.000260795
0 0.340625 0.550391 0.0890625 0.110156 0.000268032
0 0.185156 0.387109 0.292188 0.385156 0.00027181
0 0.3875 0.546094 0.153125 0.229687 0.000274397
0 0.181641 0.467969 0.133594 0.2875 0.000308281
0 0.343359 0.472656 0.128906 0.203125 0.000347249
0 0.763672 0.628516 0.250781 0.185156 0.000367104
0 0.182422 0.554297 0.130469 0.152344 0.000374464
0 0.70625 0.485938 0.2375 0.201562 0.000389325
0 0.783203 0.526953 0.147656 0.239844 0.000398578
0 0.277344 0.453906 0.207813 0.214062 0.00048231
0 0.664453 0.518359 0.216406 0.297656 0.000501751
0 0.28125 0.550781 0.153125 0.171875 0.000514307
0 0.202734 0.308203 0.138281 0.182031 0.000517643
0 0.805859 0.572266 0.125781 0.177344 0.000529652
0 0.273828 0.388281 0.214844 0.192188 0.000530396
0 0.803125 0.409766 0.19375 0.233594 0.000556435
0 0.333984 0.450391 0.186719 0.330469 0.000578947
0 0.394141 0.627344 0.132031 0.165625 0.00079126
0 0.245703 0.629297 0.266406 0.228906 0.000859511
0 0.679688 0.596875 0.157813 0.15625 0.000884284
0 0.178516 0.357031 0.141406 0.198437 0.000989554
0 0.223828 0.571875 0.210156 0.18125 0.00113675
0 0.7625 0.429688 0.0890625 0.110937 0.00115848
0 0.244531 0.512891 0.232812 0.207031 0.00144362
0 0.200391 0.399609 0.139844 0.196094 0.00187892
0 0.341406 0.591797 0.178125 0.203906 0.00201901
0 0.217969 0.364844 0.0921875 0.115625 0.00230852
0 0.835156 0.555859 0.167187 0.252344 0.00245262
0 0.728516 0.583594 0.252344 0.21875 0.00381746
0 0.728906 0.424609 0.317187 0.311719 0.00384181
0 0.204297 0.510156 0.213281 0.326562 0.00386575
0 0.252734 0.322266 0.232031 0.289844 0.00432203
0 0.822266 0.484766 0.205469 0.282031 0.00598566
0 0.332812 0.528125 0.165625 0.214062 0.00673959
0 0.741016 0.421875 0.221094 0.209375 0.00812892
0 0.765234 0.433203 0.135156 0.149219 0.0105556
0 0.221094 0.357422 0.151562 0.169531 0.0353361
0 0.278516 0.569531 0.271094 0.232812 0.035874
0 0.23125 0.397656 0.195312 0.279687 0.0379704
0 0.753516 0.511328 0.267969 0.322656 0.0584231
0 0.777344 0.464453 0.192188 0.213281 0.22594
0 0.263672 0.463672 0.269531 0.378906 0.289207
