0 0.128125 0.530859 0.075 0.0960938 0.000100357
0 0.204688 0.942969 0.234375 0.103125 0.000102434
0 0.598437 0.757812 0.135937 0.167187 0.000112395
0 0.719141 0.774219 0.141406 0.132812 0.000116235
0 0.71875 0.71875 0.146875 0.192188 0.000116966
0 0.719922 0.489453 0.0882813 0.114844 0.000119059
0 0.135156 0.717578 0.1125 0.114844 0.000119325
0 0.19375 0.851562 0.348437 0.296875 0.000125688
0 0.789062 0.525 0.246875 0.559375 0.000133473
0 0.244141 0.403906 0.182031 0.196875 0.000134282
0 0.26875 0.754687 0.159375 0.165625 0.000137745
0 0.697656 0.614062 0.148438 0.251563 0.000144307
0 0.732422 0.455078 0.128906 0.199219 0.000146565
0 0.362891 0.427344 0.144531 0.189063 0.000151364
0 0.131641 0.485938 0.167969 0.382812 0.000152303
0 0.272656 0.512109 0.16875 0.182031 0.000155203
0 0.772656 0.80625 0.165625 0.139062 0.000162931
0 0.646875 0.361328 0.254687 0.314844 0.00016407
0 0.744141 0.449219 0.174219 0.304688 0.000164622
0 0.138672 0.676172 0.133594 0.199219 0.000174342
0 0.598437 0.46875 0.19375 0.298438 0.000175988
0 0.102734 0.623828 0.157031 0.377344 0.000181194
0 0.678906 0.677734 0.204688 0.214844 0.00018779
0 0.291016 0.364453 0.141406 0.183594 0.000204327
0 0.239453 0.906641 0.327344 0.185156 0.000205228
0 0.262109 0.691797 0.0820312 0.0960938 0.000221789
0 0.285937 0.445312 0.140625 0.234375 0.000231145
0 0.678516 0.75625 0.142969 0.14375 0.00023687
0 0.680859 0.470313 0.200781 0.201562 0.000242032
0 0.761328 0.676562 0.138281 0.264062 0.00025356
0 0.679688 0.547266 0.160938 0.163281 0.000304833
0 0.339844 0.333594 0.176563 0.254687 0.000322375
0 0.258984 0.642187 0.0773437 0.0875 0.000337615
0 0.223047 0.518359 0.0929687 0.102344 0.000358768
0 0.737891 0.590234 0.138281 0.238281 0.000381347
0 0.705078 0.805469 0.274219 0.19375 0.000388647
0 0.244141 0.671875 0.311719 0.30625 0.000393676
0 0.175391 0.653516 0.133594 0.160156 0.000402737
0 0.221484 0.731641 0.236719 0.185156 0.00046991
0 0.310156 0.384766 0.0828125 0.108594 0.000504882
0 0.280469 0.332031 0.229687 0.221875 0.000573269
0 0.136719 0.525 0.109375 0.170312 0.00059723
0 0.333594 0.461328 0.182812 0.305469 0.000599395
0 0.290625 0.649609 0.153125 0.230469 0.000629829
0 0.197656 0.608984 0.145313 0.228906 0.000701529
0 0.198437 0.528516 0.09375 0.0945313 0.000723634
0 0.238281 0.54375 0.0859375 0.090625 0.000725239
0 0.269922 0.709375 0.128906 0.151562 0.000793323
0 0.288281 0.598437 0.195312 0.429688 0.000794777
0 0.628516 0.65 0.261719 0.4 0.000809436
0 0.621094 0.733203 0.20625 0.232031 0.00101403
0 0.160938 0.573828 0.14375 0.227344 0.0011298
0 0.679297 0.758203 0.228906 0.180469 0.00122689
0 0.217187 0.490234 0.204688 0.177344 0.00134036
0 0.233984 0.575 0.161719 0.20625 0.00140618
0 0.186719 0.408594 0.225 0.301562 0.0015857
0 0.680078 0.441406 0.242969 0.35625 0.00181522
0 0.25625 0.658594 0.115625 0.139062 0.0019683
0 0.754297 0.763672 0.210156 0.203906 0.00233557
0 0.236328 0.544922 0.125781 0.125781 0.00241709
0 0.163281 0.660937 0.209375 0.2625 0.00243935
0 0.164844 0.491016 0.170312 0.269531 0.0026684
0 0.720703 0.5125 0.138281 0.215625 0.00293484
0 0.158594 0.530078 0.114063 0.102344 0.00355659
0 0.757422 0.676953 0.241406 0.413281 0.00369843
0 0.229687 0.676953 0.19375 0.185156 0.00413919
0 0.326953 0.386719 0.135156 0.196875 0.00487978
0 0.691406 0.723437 0.29375 0.282813 0.00745273
0 0.658203 0.489062 0.294531 0.590625 0.0101748
0 0.721875 0.529688 0.190625 0.332812 0.0125587
0 0.198828 0.530078 0.182031 0.128906 0.0127619
0 0.265234 0.4 0.313281 0.375 0.015233
0 0.301953 0.398828 0.213281 0.250781 0.0330274
0 0.196875 0.599219 0.226562 0.295312 0.0424863
0 0.227344 0.5125 0.290625 0.517187 0.258269
0 0.7 0.605469 0.267188 0.46875 0.30188
