0 0.291016 0.310156 0.107031 0.189063 0.000102595
0 0.235547 0.0605469 0.300781 0.121094 0.000102938
0 0.519922 0.408203 0.478906 0.816406 0.000105796
0 0.796875 0.258594 0.053125 0.0671875 0.000108718
0 0.314453 0.343359 0.114844 0.197656 0.000112645
0 0.263672 0.5125 0.132031 0.265625 0.000114682
0 0.764063 0.303516 0.059375 0.0664062 0.000116346
0 0.798828 0.284375 0.0632813 0.0984375 0.000118602
0 0.308203 0.262891 0.0742188 0.105469 0.000119997
0 0.763672 0.278906 0.0476562 0.0671875 0.000121923
0 0.388672 0.226172 0.225781 0.271094 0.00012204
0 0.68125 0.620703 0.11875 0.292969 0.000124739
0 0.414062 0.564062 0.189063 0.267188 0.000129721
0 0.798828 0.339453 0.0773437 0.125781 0.000130436
0 0.792969 0.383203 0.114063 0.250781 0.000133244
0 0.801953 0.53125 0.161719 0.3375 0.000143914
0 0.336719 0.273047 0.107813 0.138281 0.000152266
0 0.312891 0.448438 0.199219 0.434375 0.000152498
0 0.390625 0.614062 0.295312 0.321875 0.00016801
0 0.384766 0.655469 0.0835937 0.0796875 0.000170227
0 0.619922 0.198437 0.428906 0.392188 0.000172267
0 0.722266 0.636328 0.161719 0.185156 0.00017786
0 0.773438 0.222266 0.040625 0.0632813 0.000178883
0 0.814844 0.684766 0.157813 0.230469 0.000179074
0 0.345313 0.691406 0.264062 0.185937 0.000189035
0 0.322266 0.596484 0.0882813 0.110156 0.000189516
0 0.761328 0.614062 0.141406 0.1875 0.00019628
0 0.229297 0.670703 0.105469 0.174219 0.000201225
0 0.282422 0.235938 0.413281 0.471875 0.000204428
0 0.278125 0.108984 0.385938 0.217969 0.000242436
0 0.320312 0.28125 0.065625 0.0859375 0.000248472
0 0.307813 0.301172 0.2375 0.408594 0.000276095
0 0.524219 0.146484 0.41875 0.289844 0.000288831
0 0.322266 0.279687 0.177344 0.260938 0.000296548
0 0.764844 0.241016 0.0359375 0.0679687 0.000312909
0 0.361719 0.0808594 0.384375 0.161719 0.000321316
0 0.31875 0.303125 0.0890625 0.15 0.000329216
0 0.773828 0.25625 0.0476562 0.0671875 0.000329281
0 0.776563 0.273828 0.06875 0.105469 0.000331285
0 0.786719 0.314844 0.0765625 0.0921875 0.000365603
0 0.747656 0.564062 0.204688 0.295312 0.000478861
0 0.363672 0.389062 0.316406 0.64375 0.000640697
0 0.382031 0.655859 0.139062 0.124219 0.000807459
0 0.246094 0.634766 0.153125 0.224219 0.000857808
0 0.391406 0.181641 0.409375 0.363281 0.000889701
0 0.363281 0.577344 0.14375 0.182812 0.00105328
0 0.776563 0.636719 0.204688 0.260938 0.00130424
0 0.372656 0.639063 0.189063 0.184375 0.00240231
0 0.273047 0.571094 0.182031 0.260938 0.00247327
0 0.325 0.595312 0.139062 0.165625 0.00249477
0 0.343359 0.542578 0.228906 0.289844 0.00327362
0 0.320312 0.608984 0.240625 0.217969 0.0473785
