0 0.327734 0.280469 0.191406 0.203125 0.000100372
0 0.835547 0.634375 0.119531 0.203125 0.000109109
0 0.767969 0.367969 0.1375 0.198437 0.00011724
0 0.305859 0.342187 0.196094 0.171875 0.000119616
0 0.220703 0.853516 0.225781 0.163281 0.000125632
0 0.333594 0.617578 0.165625 0.291406 0.000127123
0 0.699219 0.440234 0.253125 0.416406 0.00013415
0 0.660156 0.385156 0.15 0.254687 0.000164051
0 0.801953 0.488281 0.130469 0.215625 0.000166247
0 0.761719 0.813281 0.1375 0.175 0.000166691
0 0.664453 0.457812 0.171094 0.221875 0.00019734
0 0.782812 0.806641 0.309375 0.271094 0.000207234
0 0.154687 0.617969 0.132812 0.265625 0.000215182
0 0.158203 0.814844 0.141406 0.153125 0.000218892
0 0.74375 0.632422 0.178125 0.167969 0.000222417
0 0.228125 0.873047 0.334375 0.225781 0.000223733
0 0.274609 0.761328 0.149219 0.192969 0.000229215
0 0.361719 0.33125 0.145313 0.204688 0.000232662
0 0.308984 0.717969 0.225781 0.320312 0.000236184
0 0.666016 0.283203 0.138281 0.136719 0.000239854
0 0.727344 0.383984 0.196875 0.257031 0.000256547
0 0.21875 0.762891 0.0875 0.114844 0.000282017
0 0.137891 0.676953 0.128906 0.217969 0.000292808
0 0.198047 0.698047 0.152344 0.253906 0.000294407
0 0.767578 0.698047 0.146094 0.275781 0.000304121
0 0.116406 0.834766 0.0953125 0.125781 0.000325127
0 0.817578 0.574609 0.128906 0.278906 0.000379927
0 0.1125 0.782031 0.1375 0.226562 0.000417811
0 0.221094 0.816016 0.1375 0.139844 0.000428366
0 0.864062 0.638672 0.215625 0.613281 0.000437607
0 0.761328 0.767187 0.0804688 0.0953125 0.000482818
0 0.800781 0.796875 0.14375 0.19375 0.000483216
0 0.254687 0.725391 0.223438 0.213281 0.000587955
0 0.783594 0.43125 0.114063 0.214062 0.000634022
0 0.6875 0.787109 0.196875 0.210156 0.000780496
0 0.160547 0.738672 0.150781 0.233594 0.000836072
0 0.3875 0.262891 0.10625 0.138281 0.000936986
0 0.154297 0.571094 0.164844 0.503125 0.00122861
0 0.707031 0.733203 0.265625 0.297656 0.001484
0 0.805859 0.654688 0.139844 0.26875 0.00151584
0 0.761719 0.765234 0.11875 0.135156 0.00154742
0 0.743359 0.528125 0.260156 0.407813 0.00164407
0 0.128125 0.686719 0.179688 0.398438 0.00177556
0 0.163281 0.814844 0.228125 0.220313 0.00188617
0 0.243359 0.558594 0.313281 0.648438 0.00192712
0 0.802734 0.489844 0.164844 0.35625 0.00204703
0 0.257422 0.808984 0.246094 0.196094 0.00218937
0 0.830469 0.716406 0.189063 0.398438 0.00297774
0 0.714063 0.563672 0.334375 0.639844 0.00473178
0 0.219531 0.759766 0.142188 0.169531 0.00511512
0 0.742969 0.775781 0.190625 0.178125 0.00725268
0 0.783594 0.753125 0.20625 0.271875 0.0163125
0 0.195312 0.660937 0.253125 0.417188 0.0278003
0 0.206641 0.769141 0.246094 0.233594 0.110571
0 0.792578 0.607422 0.199219 0.521094 0.374689
