0 0.760547 0.606641 0.361719 0.535156 0.000107815
0 0.0566406 0.898438 0.113281 0.203125 0.000123566
0 0.218359 0.0722656 0.419531 0.144531 0.000128915
0 0.683203 0.689062 0.105469 0.154687 0.000135652
0 0.844141 0.319531 0.158594 0.204688 0.00014523
0 0.0539063 0.946094 0.104687 0.107813 0.000151445
0 0.217187 0.652344 0.14375 0.320312 0.000165627
0 0.702734 0.311328 0.199219 0.339844 0.000173703
0 0.34375 0.741016 0.34375 0.291406 0.000186394
0 0.425 0.676562 0.145313 0.2 0.000187338
0 0.262891 0.173047 0.477344 0.346094 0.000189689
0 0.319922 0.6 0.210156 0.178125 0.000192871
0 0.405078 0.297266 0.213281 0.335156 0.000203355
0 0.813672 0.680469 0.335156 0.264062 0.00021162
0 0.726562 0.630469 0.204688 0.265625 0.000213314
0 0.726562 0.236328 0.217187 0.227344 0.000213426
0 0.228125 0.730859 0.145313 0.230469 0.000338491
0 0.4125 0.482031 0.184375 0.442187 0.000427958
0 0.382422 0.64375 0.249219 0.24375 0.000488532
0 0.916406 0.616016 0.167187 0.313281 0.000491756
0 0.241016 0.655078 0.132031 0.208594 0.000729
0 0.716406 0.394141 0.246875 0.561719 0.000917419
0 0.841797 0.325781 0.224219 0.290625 0.0010998
0 0.247656 0.605078 0.209375 0.467969 0.00131195
0 0.864844 0.601953 0.270312 0.403906 0.0013141
0 0.345703 0.398047 0.186719 0.200781 0.00298347
0 0.374219 0.403125 0.273438 0.545313 0.00319746
0 0.325 0.403906 0.228125 0.35 0.00407356
0 0.8875 0.459766 0.221875 0.542969 0.00495141
0 0.783203 0.401563 0.275781 0.401563 0.00737478
0 0.294141 0.675391 0.264844 0.277344 0.00741839
0 0.323047 0.522266 0.313281 0.549219 0.335222
0 0.803516 0.437891 0.361719 0.616406 0.472319
