0 0.104687 0.0390625 0.209375 0.078125 0.000100062
0 0.71875 0.240234 0.114063 0.135156 0.000106079
0 0.720703 0.144141 0.366406 0.252344 0.000108511
0 0.770703 0.690625 0.196094 0.370313 0.000110021
0 0.25625 0.538281 0.084375 0.107813 0.000114027
0 0.227344 0.0414063 0.35625 0.0828125 0.000119092
0 0.219141 0.585938 0.0851562 0.0890625 0.000123998
0 0.342969 0.553906 0.084375 0.0984375 0.000124631
0 0.0402344 0.434375 0.0804688 0.807813 0.000126992
0 0.677344 0.366406 0.142188 0.278125 0.000128873
0 0.0792969 0.111719 0.158594 0.223438 0.000131103
0 0.891406 0.15625 0.217187 0.3125 0.000133413
0 0.654297 0.446875 0.136719 0.24375 0.00013856
0 0.874219 0.0664062 0.251563 0.132812 0.000140214
0 0.790234 0.328125 0.103906 0.195312 0.00014295
0 0.372656 0.485156 0.126563 0.2625 0.000144144
0 0.0273438 0.273047 0.053125 0.471094 0.000151539
0 0.9875 0.569922 0.0234375 0.244531 0.000154361
0 0.24375 0.576563 0.314063 0.351562 0.000159406
0 0.803516 0.220313 0.342969 0.392188 0.000162186
0 0.358203 0.567969 0.133594 0.129688 0.000162582
0 0.651953 0.630859 0.467969 0.738281 0.00016469
0 0.2375 0.385156 0.090625 0.110937 0.000165119
0 0.344141 0.177344 0.163281 0.142188 0.000170909
0 0.0679687 0.0566406 0.134375 0.113281 0.000172276
0 0.707422 0.324609 0.125781 0.221094 0.000173268
0 0.719141 0.469141 0.0789063 0.102344 0.000175764
0 0.374219 0.396094 0.176563 0.484375 0.000175859
0 0.205859 0.529297 0.105469 0.214844 0.000186322
0 0.985937 0.523438 0.028125 0.471875 0.000188671
0 0.789062 0.594531 0.110937 0.1125 0.000190639
0 0.366797 0.146094 0.249219 0.246875 0.000200705
0 0.179688 0.435937 0.1625 0.46875 0.000204465
0 0.742188 0.299219 0.084375 0.10625 0.00020886
0 0.762109 0.346094 0.0851562 0.117188 0.000220341
0 0.987109 0.463281 0.0257812 0.204688 0.000221548
0 0.7375 0.266406 0.0984375 0.123438 0.000230997
0 0.207422 0.444531 0.107031 0.275 0.000245148
0 0.619141 0.396875 0.108594 0.2375 0.00025641
0 0.974219 0.522266 0.05 0.880469 0.000277776
0 0.34375 0.533203 0.117188 0.149219 0.000289998
0 0.628125 0.523047 0.115625 0.239844 0.000290328
0 0.716797 0.56875 0.133594 0.140625 0.000306476
0 0.273828 0.466016 0.138281 0.247656 0.000315821
0 0.220703 0.587109 0.122656 0.130469 0.000359993
0 0.624219 0.433203 0.142188 0.389844 0.000367225
0 0.700391 0.427734 0.178906 0.197656 0.000393124
0 0.292578 0.298828 0.141406 0.144531 0.00040314
0 0.653516 0.216406 0.185156 0.225 0.000426787
0 0.236328 0.209766 0.339844 0.364844 0.000441653
0 0.275391 0.285937 0.0882813 0.09375 0.000452857
0 0.269141 0.383594 0.141406 0.267188 0.000496747
0 0.2375 0.494531 0.129688 0.214062 0.000507449
0 0.650391 0.578516 0.141406 0.166406 0.000509168
0 0.214844 0.0996094 0.426562 0.197656 0.000512687
0 0.705469 0.578516 0.340625 0.466406 0.000525196
0 0.148047 0.0648438 0.292969 0.126563 0.000549609
0 0.764063 0.325391 0.296875 0.433594 0.000566712
0 0.276563 0.567187 0.140625 0.107813 0.00059673
0 0.7625 0.383594 0.084375 0.0984375 0.000649846
0 0.703906 0.244531 0.196875 0.220313 0.000694179
0 0.374219 0.397266 0.332812 0.696094 0.000727545
0 0.226562 0.380859 0.114063 0.211719 0.000788577
0 0.796875 0.515234 0.142188 0.296094 0.000851605
0 0.336719 0.476953 0.264062 0.358594 0.00100178
0 0.221484 0.310156 0.103906 0.140625 0.00103663
0 0.238281 0.571094 0.0921875 0.0890625 0.00107584
0 0.339063 0.527734 0.190625 0.197656 0.00111523
0 0.718359 0.489844 0.161719 0.2 0.00113626
0 0.327734 0.221484 0.225781 0.257031 0.00120418
0 0.758984 0.558984 0.167969 0.177344 0.00124629
0 0.212109 0.516016 0.142969 0.322656 0.00136818
0 0.740625 0.2875 0.126563 0.19375 0.00143471
0 0.7625 0.427734 0.123438 0.203906 0.00167357
0 0.298047 0.56875 0.238281 0.15 0.001732
0 0.678906 0.308594 0.235938 0.403125 0.00233482
0 0.783984 0.396094 0.132031 0.30625 0.00395823
0 0.238281 0.302344 0.0890625 0.0875 0.00401841
0 0.673047 0.537109 0.172656 0.203906 0.004028
0 0.28125 0.257031 0.178125 0.210938 0.00603352
0 0.763281 0.469141 0.165625 0.327344 0.0065729
0 0.242188 0.558984 0.140625 0.147656 0.00661758
0 0.257031 0.301172 0.140625 0.114844 0.00817309
0 0.758594 0.34375 0.11875 0.223438 0.0123338
0 0.246094 0.321094 0.135937 0.207813 0.0130098
0 0.710547 0.424609 0.283594 0.452344 0.0161428
0 0.273828 0.515234 0.225781 0.261719 0.0255213
0 0.237109 0.411328 0.142969 0.355469 0.0932711
0 0.733594 0.380469 0.175 0.348437 0.0971588
0 0.277734 0.396484 0.227344 0.466406 0.241478
