0 0.964063 0.0949219 0.071875 0.157031 0.000100738
0 0.699609 0.446094 0.0804688 0.096875 0.000101774
0 0.747266 0.678125 0.194531 0.234375 0.000102314
0 0.732422 0.408594 0.0773437 0.10625 0.000104151
0 0.283594 0.401563 0.08125 0.101562 0.000104198
0 0.582422 0.442969 0.149219 0.189063 0.000109872
0 0.637109 0.358594 0.325781 0.321875 0.000117442
0 0.214453 0.449219 0.152344 0.275 0.000118013
0 0.630469 0.383984 0.0765625 0.113281 0.000119712
0 0.245312 0.428906 0.103125 0.159375 0.000119719
0 0.699609 0.01875 0.122656 0.0375 0.000119848
0 0.71875 0.467969 0.0859375 0.110937 0.000121081
0 0.190234 0.573828 0.105469 0.274219 0.000124959
0 0.654688 0.807031 0.409375 0.34375 0.000125895
0 0.742578 0.405078 0.108594 0.164844 0.00012956
0 0.288281 0.347656 0.075 0.090625 0.000129929
0 0.665625 0.341406 0.139062 0.128125 0.000130657
0 0.301172 0.330469 0.125781 0.121875 0.000132726
0 0.0242187 0.438672 0.0484375 0.150781 0.000134423
0 0.227734 0.717578 0.161719 0.199219 0.000135453
0 0.241406 0.633203 0.0859375 0.114844 0.000139991
0 0.695703 0.592188 0.152344 0.16875 0.000143141
0 0.209375 0.534375 0.0703125 0.192188 0.000153111
0 0.747266 0.473047 0.108594 0.211719 0.000157883
0 0.744922 0.558594 0.157031 0.257812 0.000163039
0 0.360547 0.510156 0.139844 0.204688 0.000167042
0 0.239063 0.533984 0.0828125 0.0945313 0.000168495
0 0.612891 0.327344 0.0976562 0.071875 0.000178093
0 0.614453 0.423828 0.0882813 0.100781 0.000192169
0 0.659375 0.570312 0.151562 0.165625 0.000204359
0 0.25625 0.594141 0.0890625 0.113281 0.000219069
0 0.322656 0.426562 0.145313 0.245312 0.000237197
0 0.224219 0.493359 0.084375 0.169531 0.000239722
0 0.613672 0.364062 0.0835937 0.103125 0.0002407
0 0.728125 0.624609 0.301562 0.385156 0.000290972
0 0.224219 0.595312 0.071875 0.117188 0.000315661
0 0.223047 0.552344 0.0679687 0.104687 0.000320146
0 0.261328 0.471484 0.132031 0.238281 0.000329716
0 0.620703 0.682031 0.288281 0.232812 0.000333139
0 0.370703 0.431641 0.189844 0.292969 0.000350775
0 0.367969 0.595703 0.292188 0.269531 0.000358615
0 0.713672 0.635547 0.191406 0.172656 0.000391894
0 0.58125 0.332422 0.0953125 0.0757812 0.000410044
0 0.717578 0.429297 0.0773437 0.0976562 0.000410454
0 0.239063 0.570703 0.0796875 0.105469 0.000426319
0 0.262109 0.651172 0.182031 0.183594 0.000469107
0 0.282422 0.403125 0.135156 0.173438 0.00046947
0 0.302344 0.492188 0.182812 0.189063 0.000528365
0 0.2875 0.364062 0.114063 0.125 0.000580316
0 0.644531 0.333594 0.107813 0.0828125 0.000601448
0 0.378125 0.362109 0.1625 0.203906 0.000605023
0 0.621875 0.529297 0.192188 0.183594 0.000613013
0 0.672266 0.39375 0.147656 0.226562 0.000634372
0 0.630859 0.370313 0.121094 0.15 0.000683887
0 0.244922 0.538672 0.111719 0.196094 0.000819332
0 0.620703 0.465625 0.142969 0.19375 0.000913102
0 0.627344 0.598828 0.25625 0.233594 0.000924617
0 0.694531 0.528516 0.148438 0.186719 0.000935491
0 0.588281 0.355469 0.120312 0.128125 0.000947255
0 0.686719 0.720312 0.307813 0.265625 0.00101606
0 0.341016 0.552344 0.205469 0.20625 0.00113605
0 0.716797 0.430078 0.111719 0.163281 0.00140892
0 0.2125 0.630859 0.117188 0.224219 0.0014398
0 0.253906 0.452734 0.182812 0.352344 0.00182245
0 0.316016 0.362891 0.175781 0.186719 0.00217858
0 0.298828 0.591406 0.150781 0.209375 0.00255278
0 0.215625 0.530469 0.101562 0.314063 0.00276122
0 0.292969 0.641797 0.278125 0.289844 0.00297788
0 0.678906 0.470703 0.153125 0.219531 0.00391829
0 0.678906 0.640625 0.265625 0.253125 0.00527423
0 0.718359 0.460938 0.152344 0.275 0.00955803
0 0.620703 0.403516 0.178906 0.219531 0.0141767
0 0.675781 0.548828 0.242188 0.288281 0.0228595
0 0.313672 0.466016 0.255469 0.411719 0.0279552
0 0.24375 0.596094 0.145313 0.232812 0.0321193
0 0.285937 0.55625 0.220313 0.298438 0.154043
0 0.663281 0.449219 0.235938 0.310937 0.293391
