0 0.358984 0.292188 0.152344 0.145313 0.000102112
0 0.84375 0.734766 0.121875 0.141406 0.000115818
0 0.345703 0.6 0.0914062 0.107813 0.00011957
0 0.175 0.670313 0.285937 0.373437 0.000135481
0 0.686328 0.714844 0.230469 0.345313 0.000137052
0 0.702734 0.34375 0.167969 0.225 0.000142117
0 0.288672 0.651953 0.146094 0.164844 0.000153471
0 0.158594 0.675391 0.142188 0.186719 0.000159315
0 0.261328 0.671875 0.261719 0.189063 0.000159474
0 0.201172 0.531641 0.132031 0.177344 0.00016299
0 0.786719 0.59375 0.13125 0.209375 0.000192632
0 0.776563 0.438281 0.096875 0.146875 0.000193142
0 0.369922 0.270312 0.119531 0.090625 0.000203998
0 0.824609 0.696875 0.0773437 0.109375 0.000205001
0 0.869922 0.650391 0.149219 0.313281 0.000207068
0 0.805859 0.714453 0.125781 0.127344 0.000210028
0 0.744531 0.461719 0.164062 0.209375 0.000214054
0 0.821875 0.576172 0.1 0.200781 0.000224303
0 0.235547 0.492578 0.124219 0.210156 0.00022535
0 0.19375 0.654297 0.1375 0.178906 0.000243151
0 0.803125 0.487891 0.120312 0.249219 0.000315263
0 0.305859 0.599219 0.147656 0.178125 0.000317781
0 0.258594 0.574609 0.173438 0.161719 0.000393831
0 0.840625 0.636719 0.107813 0.228125 0.000394512
0 0.793359 0.720312 0.202344 0.18125 0.000504218
0 0.751562 0.566797 0.2 0.310156 0.000570537
0 0.704687 0.653125 0.159375 0.221875 0.000593551
0 0.2625 0.467969 0.078125 0.123438 0.000604792
0 0.346094 0.634766 0.0953125 0.110156 0.0006506
0 0.217578 0.597266 0.146094 0.200781 0.000699575
0 0.662891 0.276563 0.150781 0.142188 0.000776851
0 0.341797 0.254687 0.136719 0.10625 0.000790972
0 0.279297 0.511719 0.263281 0.365625 0.00121997
0 0.811719 0.570312 0.146875 0.334375 0.00161233
0 0.343359 0.585938 0.182031 0.242188 0.00172023
0 0.169531 0.610547 0.15625 0.275781 0.00181116
0 0.834766 0.691406 0.147656 0.195312 0.00285116
0 0.225781 0.534766 0.182812 0.277344 0.00306504
0 0.750391 0.687109 0.199219 0.188281 0.00321509
0 0.794141 0.647266 0.197656 0.263281 0.00573953
0 0.348437 0.639063 0.145313 0.164062 0.0100748
0 0.235938 0.611719 0.25 0.25 0.0138236
0 0.3 0.625 0.240625 0.201562 0.0482341
