0 0.546094 0.219531 0.0703125 0.0796875 0.000110455
0 0.704687 0.522266 0.271875 0.550781 0.000114702
0 0.593359 0.386328 0.172656 0.180469 0.000116225
0 0.547266 0.312109 0.155469 0.272656 0.000123583
0 0.222656 0.430078 0.104687 0.152344 0.000126354
0 0.208594 0.489062 0.110937 0.251563 0.000127844
0 0.0285156 0.071875 0.0570313 0.14375 0.000132831
0 0.614844 0.463672 0.195312 0.194531 0.000134252
0 0.280859 0.491406 0.144531 0.23125 0.000141653
0 0.675 0.642578 0.151562 0.232031 0.000142065
0 0.639844 0.530078 0.14375 0.266406 0.000150588
0 0.510547 0.214844 0.0742188 0.0796875 0.000163342
0 0.659766 0.45 0.178906 0.371875 0.00022153
0 0.545703 0.441797 0.225781 0.580469 0.000232012
0 0.219531 0.659766 0.23125 0.471094 0.000238837
0 0.301953 0.551562 0.144531 0.267188 0.00025127
0 0.578125 0.599219 0.15625 0.251563 0.000253882
0 0.339453 0.594531 0.261719 0.435937 0.000301067
0 0.578516 0.403125 0.197656 0.323438 0.000302454
0 0.332031 0.488281 0.170312 0.342187 0.000475534
0 0.241016 0.46875 0.139844 0.185937 0.000491519
0 0.6375 0.592188 0.21875 0.320312 0.00154719
0 0.217187 0.527734 0.153125 0.400781 0.0021425
0 0.245703 0.457031 0.172656 0.3125 0.00244437
0 0.614844 0.486719 0.257812 0.520312 0.375169
0 0.277734 0.527734 0.250781 0.474219 0.44569
