0 0.776172 0.786328 0.214844 0.208594 0.000100532
0 0.816406 0.536719 0.125 0.159375 0.000105285
0 0.197656 0.282813 0.359375 0.55 0.000106506
0 0.487109 0.355078 0.261719 0.494531 0.000106915
0 0.85625 0.577344 0.06875 0.09375 0.000108108
0 0.878516 0.815234 0.125781 0.166406 0.000108582
0 0.908203 0.26875 0.183594 0.5375 0.000110722
0 0.126172 0.217578 0.244531 0.435156 0.000111115
0 0.753516 0.561719 0.189844 0.359375 0.000119978
0 0.720312 0.680859 0.135937 0.185156 0.00012087
0 0.0648438 0.103516 0.128125 0.207031 0.000122601
0 0.236328 0.490625 0.153906 0.435937 0.000126563
0 0.280469 0.0710938 0.44375 0.139062 0.000136126
0 0.883984 0.0703125 0.222656 0.140625 0.000136501
0 0.981641 0.769922 0.0367187 0.419531 0.000136651
0 0.258594 0.641016 0.15 0.203906 0.000149735
0 0.186328 0.0359375 0.350781 0.071875 0.000156172
0 0.519141 0.630859 0.405469 0.738281 0.000158367
0 0.373437 0.139453 0.41875 0.278906 0.00015958
0 0.205469 0.574609 0.146875 0.291406 0.000169692
0 0.971484 0.434766 0.0570313 0.472656 0.000169811
0 0.780469 0.758594 0.129688 0.1625 0.000173771
0 0.225781 0.734375 0.278125 0.271875 0.000205016
0 0.907422 0.128125 0.182031 0.25625 0.000219077
0 0.275781 0.373047 0.192188 0.417969 0.000222236
0 0.950391 0.0703125 0.0992187 0.140625 0.000225904
0 0.7875 0.666016 0.278125 0.385156 0.000233716
0 0.197266 0.105078 0.375781 0.210156 0.000243776
0 0.297266 0.210547 0.461719 0.421094 0.000244142
0 0.246484 0.350781 0.0710938 0.0859375 0.00024695
0 0.295703 0.473437 0.291406 0.6125 0.000286776
0 0.686719 0.711328 0.139062 0.211719 0.000298846
0 0.84375 0.578125 0.1 0.135937 0.000317311
0 0.141797 0.0625 0.275781 0.123438 0.000323227
0 0.807422 0.592188 0.152344 0.25625 0.000351307
0 0.950781 0.373437 0.096875 0.746875 0.000382078
0 0.969141 0.115234 0.0617188 0.230469 0.000382325
0 0.437109 0.276953 0.430469 0.553906 0.000489749
0 0.951563 0.194141 0.09375 0.388281 0.000511273
0 0.749609 0.666016 0.185156 0.267969 0.000527218
0 0.273828 0.578906 0.238281 0.346875 0.000665836
0 0.315234 0.650781 0.199219 0.220313 0.000786411
0 0.835156 0.649609 0.140625 0.303906 0.000790322
0 0.834766 0.766016 0.164844 0.238281 0.000806094
0 0.520703 0.396484 0.389844 0.719531 0.000899125
0 0.221094 0.719922 0.2 0.188281 0.00102113
0 0.971094 0.267578 0.0578125 0.524219 0.00120228
0 0.208594 0.65625 0.1875 0.240625 0.00169123
0 0.239844 0.693359 0.132812 0.125781 0.00214482
0 0.733984 0.744141 0.174219 0.191406 0.00266482
0 0.791797 0.715625 0.200781 0.265625 0.00303672
0 0.262109 0.680859 0.217969 0.192969 0.0130058
