0 0.445703 0.676953 0.474219 0.646094 0.000102364
0 0.125 0.0523437 0.25 0.103125 0.000102835
0 0.19375 0.890234 0.314063 0.216406 0.000103755
0 0.676562 0.385156 0.125 0.2 0.000103795
0 0.841797 0.226953 0.0867188 0.0914062 0.000117743
0 0.776953 0.923047 0.158594 0.153906 0.000117806
0 0.919141 0.382031 0.142969 0.523438 0.000121715
0 0.699219 0.364453 0.109375 0.133594 0.00012351
0 0.627344 0.928516 0.379687 0.142969 0.000123632
0 0.654688 0.471094 0.182812 0.285937 0.000128254
0 0.258203 0.389844 0.333594 0.5875 0.000129969
0 0.792969 0.81875 0.134375 0.317187 0.00013188
0 0.687891 0.325781 0.136719 0.175 0.000132789
0 0.347656 0.81875 0.31875 0.326562 0.00013513
0 0.891797 0.0246094 0.211719 0.0492188 0.000135384
0 0.608203 0.478906 0.180469 0.370313 0.000141014
0 0.761328 0.569531 0.138281 0.1875 0.000150025
0 0.965625 0.519141 0.0671875 0.753906 0.000156447
0 0.763281 0.406641 0.0890625 0.153906 0.000157382
0 0.786328 0.389062 0.321094 0.4375 0.000164038
0 0.935938 0.895703 0.128125 0.205469 0.000175201
0 0.789062 0.565625 0.134375 0.3 0.000179362
0 0.720703 0.362109 0.150781 0.203906 0.000182976
0 0.236719 0.824609 0.223438 0.227344 0.000186292
0 0.370313 0.305469 0.134375 0.201562 0.000192442
0 0.965234 0.884375 0.0695312 0.23125 0.000201132
0 0.415234 0.35625 0.202344 0.325 0.000204813
0 0.378125 0.593359 0.226562 0.527344 0.000228468
0 0.325 0.383203 0.182812 0.211719 0.000244686
0 0.760547 0.435937 0.141406 0.251563 0.00025773
0 0.885938 0.886328 0.228125 0.227344 0.000258115
0 0.7625 0.405859 0.0625 0.0867188 0.00027029
0 0.941406 0.553516 0.109375 0.892969 0.000290552
0 0.789062 0.647656 0.179688 0.55 0.000320261
0 0.65 0.865234 0.3375 0.261719 0.000338578
0 0.276563 0.872656 0.276563 0.24375 0.000346857
0 0.720703 0.910547 0.225781 0.178906 0.000357688
0 0.666016 0.686328 0.260156 0.421094 0.000387382
0 0.665625 0.380859 0.1875 0.275781 0.000395056
0 0.415625 0.477734 0.35 0.716406 0.000460625
0 0.753516 0.521875 0.167969 0.320312 0.000536987
0 0.658203 0.482812 0.233594 0.482812 0.000553552
0 0.591016 0.623828 0.377344 0.691406 0.000648503
0 0.308984 0.687891 0.277344 0.417969 0.000720235
0 0.207422 0.555078 0.350781 0.796094 0.000740646
0 0.291016 0.394141 0.202344 0.321094 0.000888078
0 0.249609 0.551953 0.230469 0.558594 0.000911821
0 0.721094 0.442187 0.235938 0.39375 0.00101029
0 0.75625 0.862891 0.184375 0.267969 0.00109545
0 0.791797 0.603125 0.286719 0.79375 0.00151045
0 0.360547 0.329688 0.192969 0.285937 0.00234737
0 0.727344 0.770312 0.223438 0.45 0.00248491
0 0.712891 0.607813 0.235156 0.384375 0.00423814
0 0.317578 0.526172 0.257031 0.422656 0.00425586
0 0.347656 0.40625 0.251563 0.451562 0.0200194
0 0.696094 0.614062 0.290625 0.751562 0.419823
0 0.319922 0.536719 0.317969 0.73125 0.452332
