0 0.590625 0.387891 0.15625 0.158594 0.000103212
0 0.0675781 0.783984 0.135156 0.392969 0.000111636
0 0.334375 0.536328 0.378125 0.616406 0.000113627
0 0.256641 0.30625 0.207031 0.229687 0.000117047
0 0.634375 0.407813 0.198437 0.192188 0.000117391
0 0.0953125 0.698828 0.15 0.169531 0.000119174
0 0.771875 0.687891 0.379687 0.600781 0.000119559
0 0.621484 0.2625 0.0851562 0.117188 0.000124263
0 0.603906 0.317969 0.28125 0.396875 0.000124878
0 0.0984375 0.571875 0.132812 0.2625 0.000133317
0 0.545703 0.237109 0.132031 0.161719 0.000168003
0 0.533203 0.228516 0.0945313 0.103906 0.00018144
0 0.582422 0.555469 0.297656 0.475 0.000183876
0 0.152344 0.448438 0.176563 0.20625 0.000192201
0 0.634375 0.264844 0.13125 0.165625 0.000220971
0 0.640625 0.316797 0.16875 0.253906 0.000236894
0 0.684766 0.597266 0.260156 0.363281 0.000240978
0 0.639063 0.469922 0.223438 0.203906 0.000242148
0 0.0453125 0.522266 0.090625 0.488281 0.000251405
0 0.752344 0.477734 0.357812 0.582031 0.000282239
0 0.307813 0.465234 0.164062 0.252344 0.000288653
0 0.102344 0.682422 0.189063 0.275781 0.000335983
0 0.185937 0.361719 0.229687 0.309375 0.000365426
0 0.673047 0.369922 0.197656 0.330469 0.000407661
0 0.221875 0.641016 0.342187 0.391406 0.0004853
0 0.5875 0.392578 0.214062 0.291406 0.000503167
0 0.589844 0.294141 0.20625 0.260156 0.00052149
0 0.118359 0.494141 0.133594 0.280469 0.000524607
0 0.641797 0.263672 0.0789063 0.0804688 0.000654085
0 0.294531 0.482422 0.217187 0.455469 0.000709487
0 0.128516 0.663672 0.252344 0.446094 0.0010799
0 0.122656 0.415234 0.185937 0.380469 0.00110142
0 0.706641 0.476953 0.227344 0.419531 0.00208641
0 0.685547 0.594531 0.367969 0.670313 0.00347741
0 0.2125 0.526172 0.29375 0.407031 0.0038424
0 0.0863281 0.555469 0.161719 0.46875 0.00486874
0 0.144922 0.513672 0.253906 0.530469 0.364969
0 0.640234 0.439063 0.307031 0.532812 0.443983
