0 0.225781 0.0574219 0.326562 0.114844 0.000100749
0 0.534766 0.830078 0.500781 0.339844 0.000101936
0 0.354297 0.577734 0.188281 0.188281 0.000106241
0 0.820312 0.272266 0.0703125 0.0945313 0.000111857
0 0.184375 0.0371094 0.265625 0.0742188 0.000115885
0 0.792969 0.385547 0.129688 0.263281 0.000119273
0 0.780469 0.587109 0.084375 0.103906 0.000120008
0 0.814453 0.35625 0.0835937 0.139062 0.000124568
0 0.391797 0.576563 0.133594 0.1375 0.000127149
0 0.337109 0.933594 0.178906 0.11875 0.000129572
0 0.741016 0.23125 0.114844 0.110937 0.000139932
0 0.347266 0.514844 0.0914062 0.109375 0.000148887
0 0.703125 0.586719 0.15625 0.176563 0.000162829
0 0.0941406 0.0351562 0.186719 0.0703125 0.000163045
0 0.338672 0.337891 0.0820312 0.0976562 0.000183865
0 0.741016 0.586719 0.122656 0.14375 0.000186885
0 0.76875 0.233594 0.0875 0.09375 0.000188557
0 0.325391 0.449609 0.152344 0.274219 0.000198844
0 0.354688 0.51875 0.28125 0.278125 0.000199229
0 0.0753906 0.0789063 0.141406 0.151562 0.000203965
0 0.278906 0.537891 0.114063 0.185156 0.000217521
0 0.419531 0.528906 0.0828125 0.090625 0.000249979
0 0.426562 0.441797 0.13125 0.247656 0.000273414
0 0.785156 0.493359 0.151562 0.292969 0.000395199
0 0.386328 0.409375 0.169531 0.323438 0.000422678
0 0.811719 0.601172 0.1375 0.183594 0.000426998
0 0.733203 0.536328 0.153906 0.188281 0.000470083
0 0.322656 0.321484 0.078125 0.0898438 0.000611272
0 0.117969 0.0589844 0.235938 0.116406 0.00063699
0 0.478516 0.68125 0.538281 0.6375 0.00075644
0 0.402344 0.486719 0.1375 0.201562 0.00079501
0 0.385547 0.526953 0.0914062 0.0976562 0.000832684
0 0.41875 0.529297 0.120312 0.128906 0.000871125
0 0.325391 0.530078 0.182031 0.163281 0.00173188
0 0.779297 0.569531 0.164844 0.175 0.00230407
0 0.373828 0.526953 0.161719 0.138281 0.0112228
