0 0.678125 0.862109 0.207813 0.221094 0.000100591
0 0.821484 0.738672 0.0882813 0.114844 0.000104624
0 0.712109 0.69375 0.244531 0.359375 0.000106603
0 0.776563 0.532812 0.0609375 0.084375 0.00010896
0 0.311328 0.881641 0.305469 0.236719 0.000110306
0 0.805078 0.760938 0.0898438 0.104687 0.000111426
0 0.805469 0.965234 0.189063 0.0695312 0.000112133
0 0.171094 0.689844 0.171875 0.404687 0.000115105
0 0.760156 0.385547 0.0703125 0.0882813 0.00011683
0 0.852734 0.697266 0.127344 0.247656 0.000120777
0 0.769922 0.441016 0.0914062 0.138281 0.000121098
0 0.807813 0.887109 0.235938 0.216406 0.000122147
0 0.520312 0.310937 0.270312 0.442187 0.000129753
0 0.384375 0.39375 0.196875 0.345313 0.000132571
0 0.773047 0.397266 0.0945313 0.130469 0.000134487
0 0.855078 0.951953 0.182031 0.0960938 0.000145606
0 0.225 0.510938 0.10625 0.167187 0.000147902
0 0.703516 0.298828 0.0851562 0.0945313 0.000155484
0 0.797656 0.341016 0.05 0.0710938 0.000155749
0 0.803125 0.553906 0.115625 0.259375 0.00015661
0 0.765625 0.304688 0.046875 0.065625 0.000157638
0 0.147266 0.123047 0.288281 0.244531 0.000158721
0 0.299219 0.513281 0.175 0.251563 0.000159787
0 0.730859 0.286719 0.0398437 0.059375 0.000160138
0 0.776953 0.351953 0.0851562 0.125781 0.000160619
0 0.295312 0.386719 0.107813 0.140625 0.000160954
0 0.853516 0.139844 0.286719 0.279687 0.000163566
0 0.779297 0.841016 0.160156 0.169531 0.000164528
0 0.858203 0.0703125 0.283594 0.140625 0.000175352
0 0.5375 0.0664062 0.423438 0.132812 0.000178917
0 0.214062 0.479688 0.170312 0.415625 0.000181221
0 0.781641 0.340234 0.0617188 0.0851562 0.00019109
0 0.360938 0.0742188 0.446875 0.148438 0.000196629
0 0.702344 0.306641 0.340625 0.394531 0.000197968
0 0.220313 0.572656 0.1125 0.20625 0.000202307
0 0.308984 0.3625 0.202344 0.246875 0.000208368
0 0.787891 0.288281 0.424219 0.567187 0.000210928
0 0.864062 0.689844 0.167187 0.379687 0.000219577
0 0.785156 0.947266 0.290625 0.105469 0.000221223
0 0.6875 0.7875 0.198437 0.264062 0.00022565
0 0.819922 0.696094 0.0882813 0.110937 0.000226939
0 0.778125 0.535547 0.08125 0.157031 0.000229977
0 0.776172 0.394531 0.180469 0.296875 0.000231987
0 0.445312 0.334375 0.432813 0.66875 0.000249695
0 0.704297 0.121875 0.483594 0.24375 0.000258987
0 0.151953 0.342578 0.303906 0.685156 0.000280302
0 0.780078 0.324219 0.0476562 0.059375 0.000286517
0 0.261719 0.405078 0.071875 0.0898438 0.000299663
0 0.539844 0.147656 0.39375 0.279687 0.000318956
0 0.194922 0.0695312 0.389844 0.139062 0.000336306
0 0.716406 0.298828 0.0609375 0.0648438 0.000338833
0 0.273828 0.782031 0.0898438 0.1 0.000356548
0 0.336719 0.452344 0.245312 0.373437 0.000387551
0 0.298047 0.438672 0.158594 0.235156 0.000417402
0 0.835938 0.755469 0.145313 0.201562 0.000419065
0 0.783984 0.501953 0.327344 0.763281 0.000424905
0 0.770703 0.701172 0.185156 0.217969 0.000439511
0 0.204688 0.838281 0.220313 0.25 0.000460861
0 0.203906 0.223047 0.396875 0.446094 0.00046533
0 0.369141 0.211328 0.475781 0.422656 0.000484156
0 0.207422 0.798047 0.147656 0.199219 0.000499962
0 0.280078 0.635547 0.299219 0.532031 0.000502658
0 0.737891 0.841797 0.224219 0.228906 0.000512089
0 0.601172 0.282031 0.463281 0.564062 0.000531865
0 0.278125 0.133203 0.478125 0.266406 0.000545566
0 0.783594 0.530859 0.154687 0.444531 0.000630097
0 0.234375 0.515625 0.142188 0.265625 0.000722435
0 0.267969 0.404297 0.10625 0.161719 0.00074335
0 0.783984 0.780469 0.177344 0.204688 0.000863919
0 0.525 0.478516 0.389062 0.874219 0.0009047
0 0.258984 0.548047 0.167969 0.397656 0.00092725
0 0.273438 0.769531 0.139062 0.134375 0.000977025
0 0.284375 0.375 0.475 0.70625 0.00100163
0 0.240625 0.746875 0.14375 0.19375 0.00106164
0 0.833594 0.797266 0.20625 0.355469 0.0011716
0 0.273828 0.400391 0.258594 0.444531 0.00120659
0 0.241406 0.781641 0.09375 0.0929687 0.00123545
0 0.315234 0.788281 0.210156 0.173438 0.00136269
0 0.794531 0.655859 0.117188 0.150781 0.00175734
0 0.207813 0.737891 0.185937 0.277344 0.00200419
0 0.262109 0.466406 0.125781 0.239063 0.00220067
0 0.227344 0.636719 0.173438 0.439063 0.00232844
0 0.80625 0.657031 0.0890625 0.0953125 0.00421743
0 0.276172 0.80625 0.302344 0.25 0.00654248
0 0.764844 0.635156 0.242188 0.5125 0.00701341
0 0.768359 0.773047 0.236719 0.311719 0.011501
0 0.810938 0.616797 0.154687 0.400781 0.0131181
0 0.821484 0.658594 0.122656 0.20625 0.0141753
0 0.251953 0.795313 0.199219 0.154687 0.0824828
0 0.808984 0.719531 0.180469 0.309375 0.13881
