0 0.140234 0.469531 0.0914062 0.210938 0.000100671
0 0.522266 0.0351562 0.313281 0.0703125 0.000101622
0 0.337891 0.475781 0.246094 0.614062 0.000101924
0 0.214844 0.257422 0.120312 0.178906 0.000102748
0 0.192969 0.321094 0.1 0.184375 0.000104679
0 0.695312 0.385156 0.0875 0.109375 0.000104714
0 0.258203 0.749219 0.238281 0.184375 0.000106912
0 0.300781 0.167578 0.196875 0.197656 0.000112897
0 0.702734 0.264453 0.0804688 0.113281 0.000113713
0 0.688672 0.0730469 0.405469 0.146094 0.000123562
0 0.681641 0.198047 0.133594 0.152344 0.000132244
0 0.191797 0.594531 0.128906 0.242188 0.000134632
0 0.285547 0.255078 0.139844 0.171094 0.000135004
0 0.262109 0.444922 0.122656 0.149219 0.000136535
0 0.178906 0.239063 0.075 0.096875 0.000138997
0 0.301953 0.309375 0.164844 0.3125 0.000140062
0 0.133203 0.7 0.0851562 0.117188 0.000144286
0 0.653125 0.571484 0.11875 0.160156 0.000144608
0 0.175781 0.490234 0.121875 0.246094 0.000155982
0 0.0644531 0.0578125 0.128906 0.114063 0.000156522
0 0.133594 0.111328 0.267188 0.221094 0.000159719
0 0.674609 0.531641 0.141406 0.255469 0.000160593
0 0.966797 0.435937 0.0664062 0.614062 0.000168771
0 0.240625 0.637891 0.145313 0.235156 0.00016901
0 0.675781 0.31875 0.303125 0.409375 0.000169648
0 0.746484 0.696094 0.0835937 0.1125 0.000174415
0 0.296875 0.399609 0.146875 0.282031 0.000177141
0 0.717969 0.468359 0.110937 0.203906 0.000182596
0 0.6875 0.195703 0.178125 0.233594 0.000190939
0 0.738672 0.641016 0.114844 0.178906 0.00019167
0 0.482031 0.185937 0.392188 0.371875 0.000193601
0 0.544141 0.432813 0.100781 0.154687 0.000194025
0 0.196484 0.219141 0.141406 0.155469 0.000195635
0 0.469141 0.467969 0.466406 0.8 0.000212536
0 0.576953 0.298438 0.238281 0.404687 0.000222
0 0.171484 0.224609 0.153906 0.235156 0.000230748
0 0.566406 0.40625 0.142188 0.232812 0.000232872
0 0.160156 0.342969 0.0953125 0.20625 0.000245833
0 0.132031 0.483594 0.107813 0.360938 0.000251991
0 0.0667969 0.0296875 0.133594 0.059375 0.000256437
0 0.287891 0.651953 0.144531 0.216406 0.000261761
0 0.196094 0.715234 0.146875 0.163281 0.000263155
0 0.575781 0.610156 0.179688 0.317187 0.000263804
0 0.685938 0.299609 0.10625 0.167969 0.000266799
0 0.731641 0.791406 0.203906 0.25 0.000267839
0 0.542578 0.0628906 0.380469 0.125781 0.000269051
0 0.295312 0.565625 0.146875 0.351562 0.000292979
0 0.655078 0.717969 0.199219 0.190625 0.000296431
0 0.671094 0.444922 0.120312 0.155469 0.000302796
0 0.176172 0.279687 0.102344 0.18125 0.000303088
0 0.228125 0.392578 0.285937 0.577344 0.000312618
0 0.267969 0.481641 0.170312 0.286719 0.000332776
0 0.597656 0.552734 0.303125 0.522656 0.000333
0 0.230469 0.2625 0.198437 0.235938 0.00035456
0 0.733594 0.363672 0.101562 0.230469 0.000355438
0 0.640234 0.449609 0.0804688 0.0914062 0.000355503
0 0.121875 0.053125 0.24375 0.103125 0.000371101
0 0.154687 0.552344 0.110937 0.229687 0.000388861
0 0.644531 0.207031 0.282813 0.33125 0.000413533
0 0.234375 0.216797 0.30625 0.292969 0.00042414
0 0.713672 0.303516 0.0773437 0.108594 0.000428568
0 0.576563 0.479297 0.165625 0.258594 0.000463203
0 0.157031 0.638281 0.121875 0.21875 0.000476245
0 0.682422 0.385156 0.119531 0.204688 0.000490908
0 0.120312 0.735937 0.090625 0.171875 0.000494118
0 0.723828 0.698438 0.144531 0.228125 0.000515427
0 0.614844 0.115625 0.39375 0.23125 0.000517808
0 0.636719 0.511719 0.129688 0.23125 0.00055511
0 0.617188 0.399219 0.228125 0.41875 0.000563695
0 0.260547 0.698438 0.141406 0.15625 0.000582193
0 0.702734 0.255469 0.125781 0.217187 0.000771632
0 0.264062 0.379687 0.192188 0.390625 0.000833438
0 0.726953 0.459375 0.139844 0.367188 0.000892505
0 0.596875 0.693359 0.167187 0.194531 0.000962488
0 0.639453 0.446875 0.116406 0.128125 0.00100242
0 0.166406 0.371094 0.117188 0.371875 0.00118188
0 0.665234 0.316406 0.175781 0.30625 0.00118458
0 0.187109 0.294531 0.138281 0.28125 0.00129199
0 0.183203 0.482422 0.175781 0.524219 0.00146448
0 0.653125 0.651172 0.26875 0.314844 0.00170982
0 0.760156 0.680078 0.090625 0.177344 0.00183306
0 0.714063 0.317969 0.107813 0.217187 0.00183586
0 0.268359 0.215625 0.196094 0.209375 0.001842
0 0.647266 0.444141 0.172656 0.224219 0.00215606
0 0.616406 0.521094 0.2125 0.357812 0.00234986
0 0.13125 0.649609 0.126563 0.330469 0.00285586
0 0.746094 0.637109 0.142188 0.344531 0.00297216
0 0.758203 0.727344 0.124219 0.259375 0.00299445
0 0.226953 0.571484 0.238281 0.413281 0.00340115
0 0.153125 0.573438 0.14375 0.415625 0.00371301
0 0.703906 0.375 0.142188 0.30625 0.00392743
0 0.152344 0.716797 0.148438 0.208594 0.00408511
0 0.232422 0.697656 0.242969 0.210938 0.00482332
0 0.702344 0.708594 0.232812 0.284375 0.00840347
0 0.684766 0.551953 0.233594 0.480469 0.0111969
0 0.189063 0.642578 0.209375 0.311719 0.0194522
