0 0.817578 0.590625 0.150781 0.165625 0.000105878
0 0.155859 0.478516 0.213281 0.283594 0.000118381
0 0.0945313 0.622266 0.189063 0.711719 0.000123259
0 0.679688 0.549219 0.0921875 0.110937 0.00013827
0 0.666406 0.604297 0.38125 0.492969 0.000159977
0 0.260938 0.569531 0.260938 0.176563 0.000170995
0 0.623047 0.325 0.0851562 0.109375 0.000171942
0 0.633984 0.550391 0.155469 0.177344 0.000224264
0 0.282422 0.44375 0.275781 0.239063 0.000260538
0 0.235156 0.566797 0.30625 0.297656 0.000273748
0 0.338672 0.489844 0.200781 0.198437 0.000301101
0 0.261328 0.508984 0.146094 0.164844 0.000377813
0 0.764844 0.584375 0.071875 0.084375 0.000536274
0 0.8 0.535547 0.173438 0.214844 0.000550815
0 0.65625 0.503125 0.195312 0.232812 0.000723043
0 0.206641 0.523047 0.191406 0.194531 0.00122604
0 0.767187 0.582812 0.1125 0.123438 0.00128155
0 0.714063 0.5375 0.2875 0.253125 0.00158681
0 0.759375 0.561719 0.178125 0.165625 0.00326792
0 0.276563 0.510938 0.253125 0.204688 0.00914731
0 0.698047 0.544531 0.210156 0.170312 0.0218176
