0 0.399609 0.311328 0.158594 0.214844 0.000102084
0 0.700391 0.594531 0.119531 0.157813 0.00010681
0 0.283594 0.674609 0.142188 0.169531 0.000106874
0 0.803906 0.592578 0.135937 0.244531 0.000108071
0 0.305469 0.290234 0.078125 0.107031 0.000113498
0 0.218359 0.478125 0.127344 0.242188 0.000113529
0 0.814453 0.319922 0.0648438 0.0820312 0.000113751
0 0.855078 0.0359375 0.257031 0.065625 0.000114488
0 0.744922 0.292188 0.147656 0.13125 0.000117457
0 0.877344 0.755469 0.0828125 0.0984375 0.00012137
0 0.312891 0.317969 0.0601562 0.084375 0.000125375
0 0.758203 0.637891 0.152344 0.210156 0.000128315
0 0.383594 0.696875 0.0859375 0.0890625 0.000128891
0 0.785937 0.286719 0.090625 0.109375 0.000130926
0 0.411719 0.460938 0.159375 0.248437 0.000133823
0 0.860937 0.768359 0.0625 0.0851562 0.000136081
0 0.421484 0.373437 0.150781 0.257812 0.000138062
0 0.328125 0.596875 0.142188 0.234375 0.000138574
0 0.363672 0.612109 0.0851562 0.0976562 0.000139523
0 0.26875 0.365625 0.0984375 0.24375 0.000141518
0 0.0976562 0.0984375 0.195312 0.196875 0.000141766
0 0.249609 0.410547 0.105469 0.249219 0.000145109
0 0.914062 0.644922 0.146875 0.397656 0.00014671
0 0.824609 0.723047 0.0882813 0.113281 0.000151208
0 0.798437 0.317578 0.109375 0.144531 0.000156247
0 0.751562 0.385547 0.173438 0.288281 0.000158843
0 0.296875 0.505078 0.128125 0.202344 0.000166618
0 0.205859 0.682813 0.164844 0.209375 0.000179591
0 0.276953 0.431641 0.0835937 0.110156 0.000188553
0 0.276563 0.467969 0.0875 0.114063 0.000210031
0 0.763672 0.751172 0.200781 0.182031 0.000211181
0 0.327734 0.673828 0.144531 0.155469 0.000218425
0 0.334375 0.460938 0.135937 0.115625 0.000219104
0 0.845703 0.508203 0.107031 0.208594 0.000219981
0 0.299609 0.305469 0.0539063 0.075 0.000222829
0 0.261719 0.614844 0.125 0.215625 0.000225233
0 0.417578 0.71875 0.111719 0.107813 0.000225687
0 0.316016 0.448047 0.0835937 0.0898438 0.000253643
0 0.899219 0.756641 0.139062 0.160156 0.000258455
0 0.826563 0.662109 0.185937 0.207031 0.000262913
0 0.411328 0.608203 0.119531 0.175781 0.000273301
0 0.06875 0.06875 0.1375 0.1375 0.00027674
0 0.241797 0.527734 0.116406 0.244531 0.000278611
0 0.846875 0.590234 0.14375 0.214844 0.000284817
0 0.734766 0.492969 0.142969 0.170312 0.000289718
0 0.808594 0.751172 0.135937 0.132031 0.000312844
0 0.214453 0.525781 0.160156 0.401563 0.000314025
0 0.3875 0.527734 0.165625 0.339844 0.000316836
0 0.340234 0.353516 0.199219 0.314844 0.000333196
0 0.849219 0.735547 0.29375 0.286719 0.00035078
0 0.770703 0.488672 0.185156 0.239844 0.000355604
0 0.797266 0.311719 0.0695312 0.101562 0.000381073
0 0.708984 0.650391 0.152344 0.236719 0.000441882
0 0.319531 0.706641 0.225 0.186719 0.00046228
0 0.818359 0.393359 0.124219 0.238281 0.00051454
0 0.307422 0.475781 0.299219 0.546875 0.000529273
0 0.298438 0.320703 0.071875 0.111719 0.000636364
0 0.847266 0.438672 0.100781 0.210156 0.000661439
0 0.357422 0.705469 0.155469 0.134375 0.000708704
0 0.366016 0.598437 0.128906 0.173438 0.00072221
0 0.884375 0.696484 0.142188 0.211719 0.000963904
0 0.816016 0.477344 0.169531 0.301562 0.00113062
0 0.396875 0.690234 0.148438 0.161719 0.00113139
0 0.743359 0.551953 0.161719 0.214844 0.00119214
0 0.299609 0.448047 0.116406 0.133594 0.0012476
0 0.742578 0.697656 0.180469 0.2 0.00126174
0 0.321875 0.462109 0.154687 0.196094 0.00166467
0 0.815234 0.575391 0.288281 0.482031 0.0018855
0 0.298438 0.394531 0.13125 0.265625 0.00220419
0 0.283594 0.649219 0.223438 0.225 0.00232009
0 0.246094 0.467187 0.090625 0.1625 0.00246471
0 0.859375 0.529688 0.14375 0.376563 0.00256178
0 0.242188 0.603906 0.171875 0.323438 0.00319801
0 0.848828 0.748047 0.103906 0.116406 0.00342776
0 0.342969 0.573438 0.2125 0.335938 0.00443323
0 0.775781 0.648047 0.2125 0.308594 0.00476665
0 0.855078 0.73125 0.152344 0.16875 0.0060991
0 0.272266 0.453906 0.127344 0.203125 0.00966581
0 0.281641 0.541797 0.178906 0.352344 0.00978226
0 0.363281 0.646094 0.178125 0.204688 0.0107387
0 0.85625 0.624609 0.179688 0.350781 0.0115264
0 0.800391 0.7125 0.211719 0.196875 0.0194055
