0 0.297656 0.383594 0.0921875 0.115625 0.000102115
0 0.276563 0.625781 0.167187 0.2375 0.000104276
0 0.132422 0.0738281 0.260156 0.147656 0.000116166
0 0.78125 0.255078 0.128125 0.224219 0.000126737
0 0.0140625 0.53125 0.0234375 0.129688 0.000129448
0 0.015625 0.908594 0.015625 0.071875 0.000129785
0 0.0136719 0.704297 0.0273438 0.113281 0.000131835
0 0.873438 0.601562 0.2375 0.546875 0.000133339
0 0.833984 0.535156 0.152344 0.223438 0.000135472
0 0.0164062 0.8875 0.015625 0.0640625 0.000135584
0 0.771875 0.452734 0.139062 0.286719 0.000136615
0 0.354297 0.533203 0.144531 0.183594 0.000140069
0 0.0136719 0.488672 0.0273438 0.100781 0.000144956
0 0.295312 0.328906 0.0890625 0.107813 0.000145112
0 0.725781 0.237109 0.185937 0.233594 0.000148092
0 0.009375 0.741016 0.0125 0.0679687 0.000159287
0 0.0140625 0.930078 0.0203125 0.0742188 0.000159758
0 0.0167969 0.960938 0.0335938 0.078125 0.000162956
0 0.0113281 0.717969 0.0101562 0.0765625 0.000179594
0 0.801953 0.389844 0.138281 0.279687 0.000187288
0 0.0179687 0.490234 0.0359375 0.160156 0.000191886
0 0.262891 0.320312 0.111719 0.215625 0.00019892
0 0.316797 0.517969 0.0929687 0.114063 0.000232837
0 0.271484 0.492188 0.130469 0.217187 0.000235004
0 0.00898437 0.697656 0.0132813 0.0640625 0.00025929
0 0.391016 0.379687 0.183594 0.425 0.000299297
0 0.708594 0.519531 0.2375 0.379687 0.000302583
0 0.314453 0.469531 0.130469 0.225 0.000315016
0 0.708203 0.661328 0.164844 0.177344 0.000325486
0 0.826953 0.367578 0.175781 0.500781 0.000334429
0 0.0144531 0.96875 0.0273438 0.0578125 0.000398413
0 0.270312 0.567578 0.128125 0.196094 0.000508509
0 0.774219 0.325 0.16875 0.385938 0.000561932
0 0.360547 0.258203 0.199219 0.278906 0.000720808
0 0.338281 0.583594 0.1875 0.225 0.000759954
0 0.260547 0.51875 0.167969 0.351562 0.000921117
0 0.816406 0.470313 0.132812 0.295312 0.00101052
0 0.753906 0.594531 0.25625 0.353125 0.00134257
0 0.301953 0.546484 0.0898438 0.111719 0.00141442
0 0.279297 0.363672 0.0882813 0.116406 0.00150267
0 0.271094 0.458203 0.259375 0.439844 0.00151853
0 0.333984 0.528125 0.282031 0.39375 0.00176993
0 0.791406 0.528516 0.140625 0.286719 0.00305581
0 0.310937 0.322266 0.15625 0.280469 0.00575268
0 0.827734 0.555469 0.189844 0.409375 0.00984865
0 0.744922 0.409375 0.253906 0.603125 0.00999316
0 0.283594 0.3625 0.125 0.207813 0.0114794
0 0.332812 0.400391 0.217187 0.499219 0.0226926
0 0.30625 0.548437 0.15 0.184375 0.0260289
0 0.796094 0.463281 0.179688 0.473437 0.313144
0 0.295703 0.447266 0.158594 0.360156 0.317581
