0 0.938281 0.696875 0.090625 0.18125 0.000100678
0 0.385156 0.360938 0.103125 0.148438 0.000104675
0 0.307422 0.446875 0.0820312 0.115625 0.00010552
0 0.693359 0.344922 0.133594 0.253906 0.000106155
0 0.896875 0.795703 0.185937 0.200781 0.000108571
0 0.279687 0.700391 0.0859375 0.117969 0.000110482
0 0.741797 0.574609 0.110156 0.205469 0.000111985
0 0.398828 0.754687 0.210156 0.18125 0.000113217
0 0.779688 0.966406 0.254687 0.0671875 0.000113837
0 0.924609 0.718359 0.0867188 0.108594 0.00011557
0 0.946484 0.759766 0.0820312 0.122656 0.000115841
0 0.547656 0.784375 0.451562 0.43125 0.000117871
0 0.847266 0.574219 0.116406 0.25 0.000118959
0 0.425 0.511719 0.0859375 0.109375 0.00012005
0 0.805859 0.908984 0.388281 0.182031 0.000120206
0 0.848437 0.448438 0.1 0.1625 0.000122042
0 0.720703 0.137109 0.411719 0.274219 0.00012655
0 0.267578 0.739844 0.0742188 0.11875 0.000128436
0 0.331641 0.1 0.107031 0.139062 0.000130459
0 0.342187 0.348047 0.0859375 0.108594 0.000132662
0 0.888672 0.679297 0.0867188 0.114844 0.000139862
0 0.822656 0.405078 0.1 0.219531 0.000139882
0 0.400781 0.325391 0.128125 0.139844 0.000148444
0 0.746484 0.770312 0.367969 0.459375 0.000149218
0 0.803516 0.35 0.130469 0.19375 0.0001496
0 0.949219 0.8 0.096875 0.170312 0.000155027
0 0.436328 0.320312 0.224219 0.217187 0.000157782
0 0.458594 0.722266 0.153125 0.189844 0.000158388
0 0.384766 0.426562 0.132031 0.196875 0.00015945
0 0.821484 0.659375 0.138281 0.217187 0.000160474
0 0.716797 0.406641 0.128906 0.211719 0.000167881
0 0.903516 0.596094 0.0804688 0.114063 0.000175299
0 0.64375 0.065625 0.364062 0.13125 0.00017592
0 0.903125 0.636328 0.0859375 0.107031 0.00017868
0 0.338672 0.053125 0.0648438 0.1 0.000181646
0 0.762109 0.718359 0.0914062 0.114844 0.000188597
0 0.3625 0.733203 0.320312 0.277344 0.000203918
0 0.405859 0.570312 0.119531 0.240625 0.000207865
0 0.807031 0.433203 0.167187 0.311719 0.000208704
0 0.768359 0.378906 0.336719 0.410937 0.000215295
0 0.361328 0.507812 0.127344 0.240625 0.000215986
0 0.524609 0.696094 0.300781 0.395312 0.000227231
0 0.55625 0.142969 0.370313 0.279687 0.000229363
0 0.562891 0.430078 0.261719 0.355469 0.00022965
0 0.314453 0.715234 0.142969 0.188281 0.000242392
0 0.777734 0.596484 0.105469 0.225781 0.000255219
0 0.271875 0.595703 0.1125 0.272656 0.000274843
0 0.301562 0.401953 0.0890625 0.166406 0.000281429
0 0.842969 0.753906 0.2375 0.16875 0.000288157
0 0.649609 0.469922 0.227344 0.389844 0.000304814
0 0.342187 0.362891 0.126563 0.157031 0.000334888
0 0.864062 0.487891 0.101562 0.183594 0.000334948
0 0.35625 0.0757812 0.096875 0.1375 0.000337256
0 0.325781 0.425391 0.08125 0.110156 0.000350619
0 0.748828 0.757422 0.221094 0.272656 0.000405088
0 0.690625 0.293359 0.35625 0.460156 0.000426416
0 0.305078 0.508984 0.110156 0.205469 0.000446957
0 0.927734 0.743359 0.121094 0.172656 0.000468159
0 0.398047 0.363672 0.172656 0.250781 0.000484085
0 0.798047 0.732422 0.133594 0.138281 0.000484835
0 0.314453 0.635547 0.132031 0.214844 0.000489098
0 0.741797 0.567187 0.155469 0.348437 0.00049444
0 0.260938 0.623438 0.28125 0.457812 0.000517058
0 0.407031 0.467578 0.126563 0.211719 0.000541467
0 0.884766 0.551562 0.100781 0.196875 0.0005499
0 0.621875 0.214453 0.321875 0.413281 0.000551171
0 0.387109 0.407422 0.310156 0.360156 0.000580884
0 0.335938 0.572266 0.126563 0.261719 0.000613424
0 0.301953 0.575391 0.110156 0.213281 0.000707508
0 0.766016 0.38125 0.205469 0.29375 0.000712872
0 0.321484 0.369922 0.0820312 0.100781 0.000730525
0 0.470313 0.515625 0.195312 0.3125 0.000895543
0 0.612109 0.613281 0.471094 0.742188 0.000911255
0 0.273047 0.741406 0.105469 0.170312 0.000920944
0 0.524609 0.538672 0.341406 0.511719 0.0010247
0 0.901172 0.594531 0.0945313 0.209375 0.00112996
0 0.862109 0.505078 0.139844 0.291406 0.00119439
0 0.421094 0.694141 0.170312 0.205469 0.00121795
0 0.553516 0.290234 0.366406 0.460156 0.00129314
0 0.476953 0.434375 0.266406 0.375 0.00142546
0 0.428125 0.515625 0.146875 0.232812 0.0014308
0 0.698828 0.376953 0.224219 0.317969 0.00173347
0 0.735937 0.541797 0.23125 0.469531 0.00176248
0 0.323438 0.426172 0.101562 0.180469 0.00178231
0 0.754297 0.719531 0.147656 0.173438 0.00210264
0 0.823047 0.697266 0.292969 0.264844 0.00215222
0 0.623828 0.371484 0.299219 0.361719 0.00241711
0 0.902344 0.677344 0.120312 0.192188 0.00241971
0 0.422656 0.614062 0.209375 0.367188 0.00250517
0 0.389453 0.517187 0.189844 0.325 0.00288275
0 0.772266 0.656641 0.150781 0.258594 0.00329317
0 0.344922 0.438281 0.157031 0.257812 0.00353044
0 0.889453 0.712109 0.175781 0.189844 0.00361476
0 0.886719 0.567578 0.128125 0.313281 0.00372134
0 0.805078 0.555859 0.228906 0.427344 0.00379935
0 0.426172 0.455469 0.191406 0.285937 0.00386548
0 0.337891 0.683984 0.221094 0.253906 0.00413495
0 0.358594 0.555469 0.2875 0.53125 0.00484357
0 0.313281 0.5 0.132812 0.340625 0.0144174
0 0.280469 0.683203 0.125 0.260156 0.0147184
0 0.808594 0.705078 0.214062 0.180469 0.0164502
0 0.876172 0.646094 0.174219 0.275 0.0186213
0 0.301953 0.602734 0.146094 0.392969 0.0907028
