0 0.150781 0.443359 0.176563 0.310156 0.000101024
0 0.641797 0.482031 0.378906 0.654688 0.000104799
0 0.304688 0.530859 0.23125 0.321094 0.000105656
0 0.373828 0.564844 0.186719 0.334375 0.000106043
0 0.348437 0.488672 0.35625 0.653906 0.000108588
0 0.728906 0.521484 0.254687 0.358594 0.000116385
0 0.155469 0.572656 0.165625 0.204688 0.000117324
0 0.215234 0.527734 0.161719 0.142969 0.000120023
0 0.690234 0.833984 0.208594 0.192969 0.000128911
0 0.219141 0.403906 0.116406 0.125 0.000133437
0 0.808594 0.796484 0.148438 0.199219 0.000135432
0 0.110937 0.0621094 0.221875 0.122656 0.000139476
0 0.739844 0.353516 0.135937 0.186719 0.000142031
0 0.842578 0.839063 0.166406 0.167187 0.00014458
0 0.157031 0.801172 0.232812 0.183594 0.000159675
0 0.193359 0.393359 0.161719 0.219531 0.000164343
0 0.0894531 0.562891 0.158594 0.557031 0.000175456
0 0.748047 0.323828 0.0804688 0.125781 0.000178566
0 0.867188 0.695703 0.15625 0.400781 0.000179416
0 0.642187 0.478125 0.273438 0.432813 0.000181435
0 0.746484 0.391797 0.194531 0.264844 0.000190921
0 0.241016 0.678906 0.228906 0.195312 0.000217352
0 0.516406 0.390234 0.392188 0.550781 0.000223565
0 0.121094 0.529297 0.153125 0.335156 0.00023002
0 0.841797 0.719922 0.130469 0.216406 0.000240304
0 0.137891 0.702734 0.163281 0.222656 0.000240513
0 0.826172 0.427734 0.105469 0.133594 0.000251221
0 0.178125 0.660937 0.198437 0.195312 0.000254774
0 0.449219 0.533984 0.451562 0.839844 0.000256442
0 0.757031 0.309375 0.034375 0.0625 0.000268571
0 0.871484 0.803516 0.153906 0.269531 0.000287709
0 0.205469 0.402734 0.245312 0.322656 0.000351469
0 0.75625 0.321484 0.053125 0.0835937 0.000373714
0 0.665625 0.769141 0.229687 0.292969 0.000401005
0 0.217969 0.530859 0.28125 0.338281 0.000468526
0 0.808594 0.83125 0.246875 0.232812 0.000500423
0 0.782812 0.68125 0.204688 0.207813 0.00055151
0 0.134375 0.636328 0.132812 0.247656 0.000578238
0 0.346875 0.570312 0.226562 0.528125 0.000605804
0 0.781641 0.372656 0.121094 0.160938 0.000683136
0 0.102734 0.770703 0.150781 0.253906 0.000737007
0 0.345313 0.766406 0.2125 0.282813 0.000782447
0 0.200781 0.739453 0.298438 0.214844 0.00117171
0 0.162891 0.505469 0.233594 0.535937 0.0012177
0 0.703906 0.652734 0.278125 0.414844 0.00138472
0 0.801172 0.440625 0.147656 0.284375 0.00142434
0 0.783984 0.760156 0.235156 0.221875 0.00145762
0 0.735937 0.808203 0.29375 0.272656 0.00153529
0 0.803125 0.399219 0.104687 0.11875 0.00234521
0 0.227734 0.485547 0.422656 0.816406 0.00415957
0 0.260547 0.758984 0.391406 0.317969 0.00533801
0 0.306641 0.686719 0.267969 0.392188 0.00541168
0 0.816016 0.635547 0.228906 0.524219 0.00582953
0 0.833984 0.761328 0.182031 0.311719 0.00877189
0 0.153516 0.740625 0.260156 0.329688 0.0106387
0 0.124219 0.651563 0.182812 0.401563 0.0109185
0 0.743359 0.580469 0.325781 0.673437 0.0430852
0 0.219531 0.656641 0.35625 0.438281 0.261455
0 0.767969 0.727734 0.29375 0.361719 0.267487
