0 0.229297 0.344141 0.0507812 0.0679687 0.000101793
0 0.230078 0.923047 0.299219 0.149219 0.000102142
0 0.301562 0.659375 0.0875 0.10625 0.000104736
0 0.733594 0.351562 0.14375 0.214062 0.000110008
0 0.807813 0.840234 0.0828125 0.0898438 0.000111953
0 0.956641 0.601562 0.0867188 0.629687 0.000112652
0 0.447266 0.892578 0.467969 0.208594 0.000113244
0 0.372266 0.367188 0.110156 0.13125 0.000116685
0 0.984375 0.508203 0.03125 0.241406 0.000119045
0 0.282031 0.503125 0.129688 0.139062 0.000126979
0 0.780469 0.529297 0.0890625 0.114844 0.000127904
0 0.658203 0.721875 0.142969 0.25625 0.000129265
0 0.746094 0.613281 0.190625 0.201562 0.000130362
0 0.268359 0.358594 0.102344 0.15 0.000130474
0 0.157031 0.898828 0.135937 0.177344 0.000132018
0 0.309375 0.403906 0.285937 0.442187 0.000132265
0 0.760547 0.342187 0.0898438 0.148438 0.000134882
0 0.379297 0.614453 0.122656 0.202344 0.000136228
0 0.263672 0.839453 0.146094 0.144531 0.000136631
0 0.431641 0.777344 0.417969 0.445312 0.000137047
0 0.651563 0.832422 0.215625 0.205469 0.00013733
0 0.325391 0.735937 0.0898438 0.107813 0.000139969
0 0.744141 0.31875 0.0804688 0.1125 0.000140518
0 0.325391 0.803516 0.0898438 0.114844 0.000147408
0 0.243359 0.800781 0.146094 0.198437 0.000151905
0 0.971875 0.482031 0.05625 0.471875 0.000155082
0 0.24375 0.355469 0.071875 0.10625 0.00016197
0 0.807031 0.638672 0.0859375 0.113281 0.000162142
0 0.350391 0.343359 0.147656 0.214844 0.000163425
0 0.872266 0.639453 0.233594 0.636719 0.000166115
0 0.855078 0.860547 0.0820312 0.108594 0.000167351
0 0.267188 0.678125 0.16875 0.184375 0.000168151
0 0.221875 0.469922 0.103125 0.135156 0.000169632
0 0.779688 0.491406 0.0890625 0.114063 0.000171308
0 0.340625 0.855859 0.210938 0.178906 0.000187463
0 0.984766 0.771094 0.0304688 0.421875 0.000208896
0 0.839453 0.803516 0.114844 0.194531 0.000212925
0 0.834766 0.673437 0.121094 0.221875 0.00021421
0 0.455859 0.550391 0.453906 0.850781 0.0002206
0 0.275781 0.395703 0.14375 0.191406 0.000221047
0 0.305078 0.696875 0.0898438 0.109375 0.000223444
0 0.698438 0.678516 0.135937 0.214844 0.000232452
0 0.370703 0.475781 0.133594 0.265625 0.00023834
0 0.977734 0.597656 0.0445312 0.464063 0.000253028
0 0.689062 0.557422 0.309375 0.699219 0.00025826
0 0.205469 0.60625 0.176563 0.439063 0.000265556
0 0.765234 0.678516 0.144531 0.213281 0.000266356
0 0.307422 0.553125 0.127344 0.228125 0.000284101
0 0.689453 0.462109 0.194531 0.305469 0.000294141
0 0.748438 0.487109 0.132812 0.175781 0.000305788
0 0.240234 0.416016 0.119531 0.194531 0.000313784
0 0.203906 0.521484 0.11875 0.194531 0.000344279
0 0.628906 0.778125 0.171875 0.189063 0.00035739
0 0.316016 0.436719 0.196094 0.235938 0.000370361
0 0.839063 0.84375 0.0765625 0.090625 0.000373336
0 0.814844 0.776953 0.290625 0.341406 0.000391349
0 0.261328 0.471094 0.114844 0.109375 0.000432525
0 0.739453 0.778125 0.147656 0.185937 0.00043746
0 0.354297 0.739453 0.133594 0.242969 0.000477098
0 0.804688 0.677344 0.0796875 0.0953125 0.000484004
0 0.780859 0.797266 0.139844 0.182031 0.000499854
0 0.768359 0.550391 0.132031 0.213281 0.000525138
0 0.824219 0.487109 0.16875 0.477344 0.000537092
0 0.269531 0.759766 0.145313 0.222656 0.000595088
0 0.303906 0.639453 0.151562 0.178906 0.000620309
0 0.245703 0.566797 0.192969 0.308594 0.000689874
0 0.757812 0.298438 0.0734375 0.090625 0.000694833
0 0.369922 0.562891 0.167969 0.417969 0.0008065
0 0.203516 0.846094 0.217969 0.2125 0.000860871
0 0.830859 0.768359 0.166406 0.286719 0.000862545
0 0.813281 0.533203 0.1375 0.267969 0.000940376
0 0.30625 0.818359 0.142188 0.144531 0.000947863
0 0.721094 0.723047 0.192188 0.211719 0.000958935
0 0.344141 0.573828 0.141406 0.255469 0.00104425
0 0.362109 0.404687 0.138281 0.165625 0.0011181
0 0.24375 0.479297 0.153125 0.191406 0.00119268
0 0.822656 0.840625 0.120312 0.128125 0.00120881
0 0.683984 0.651563 0.213281 0.346875 0.00128797
0 0.344141 0.658203 0.146094 0.216406 0.00149917
0 0.778906 0.740625 0.175 0.2125 0.00152892
0 0.267578 0.875781 0.324219 0.221875 0.00172091
0 0.804297 0.677344 0.111719 0.18125 0.00183437
0 0.209375 0.730859 0.254687 0.411719 0.0018717
0 0.309375 0.701172 0.1375 0.208594 0.00288392
0 0.745703 0.485156 0.210156 0.467187 0.00411745
0 0.802734 0.609766 0.130469 0.253906 0.00486075
0 0.767578 0.794531 0.233594 0.239063 0.00551203
0 0.68125 0.779688 0.214062 0.225 0.00569723
0 0.317969 0.525391 0.21875 0.472656 0.0066978
0 0.334766 0.797266 0.167969 0.221094 0.00917723
0 0.803906 0.674219 0.16875 0.434375 0.00978573
0 0.779688 0.482031 0.135937 0.25625 0.0103582
0 0.2875 0.648047 0.285937 0.536719 0.0168804
0 0.334375 0.641406 0.185937 0.379687 0.0240231
0 0.733203 0.717578 0.253906 0.330469 0.0275355
0 0.764844 0.612109 0.285937 0.569531 0.0295631
0 0.277344 0.799609 0.276563 0.283594 0.0297365
0 0.787891 0.562109 0.167969 0.414844 0.163471
0 0.308203 0.739844 0.197656 0.298438 0.163653
