0 0.353516 0.448047 0.0632813 0.111719 0.000100339
0 0.7 0.405469 0.08125 0.103125 0.000101382
0 0.278906 0.0265625 0.153125 0.053125 0.000101536
0 0.0757812 0.705859 0.151562 0.511719 0.000101726
0 0.701172 0.662891 0.211719 0.222656 0.000102368
0 0.0140625 0.574219 0.0265625 0.117188 0.000103318
0 0.436328 0.89375 0.396094 0.2125 0.000107888
0 0.698828 0.487891 0.0835937 0.0976562 0.00010798
0 0.785156 0.684375 0.334375 0.515625 0.000108122
0 0.821484 0.6125 0.208594 0.342187 0.000109115
0 0.446094 0.284766 0.084375 0.0992187 0.000109511
0 0.15625 0.0277344 0.185937 0.0554687 0.000109726
0 0.662109 0.485938 0.0695312 0.103125 0.000112458
0 0.466797 0.529297 0.0804688 0.111719 0.000113588
0 0.657812 0.450391 0.071875 0.105469 0.0001137
0 0.853516 0.028125 0.197656 0.05625 0.000116106
0 0.521875 0.0261719 0.207813 0.0523437 0.000116274
0 0.448047 0.5125 0.0835937 0.1125 0.000120174
0 0.658984 0.304297 0.0851562 0.105469 0.000121414
0 0.404297 0.425391 0.0851562 0.100781 0.000122113
0 0.678906 0.427344 0.0828125 0.09375 0.00012422
0 0.342187 0.0269531 0.148438 0.0539063 0.000133204
0 0.978906 0.440625 0.0421875 0.357812 0.000133537
0 0.359375 0.846875 0.395312 0.30625 0.000139611
0 0.604297 0.0265625 0.205469 0.053125 0.000141371
0 0.0261719 0.360547 0.0492188 0.388281 0.000141969
0 0.353906 0.405859 0.059375 0.111719 0.00014663
0 0.685547 0.0253906 0.208594 0.0507812 0.000147091
0 0.709766 0.654297 0.302344 0.357031 0.000148312
0 0.771484 0.0246094 0.186719 0.0492188 0.000149782
0 0.979688 0.602344 0.040625 0.426562 0.000154308
0 0.457812 0.585938 0.178125 0.182812 0.000156821
0 0.211328 0.946875 0.411719 0.10625 0.000158366
0 0.812891 0.0382813 0.200781 0.0765625 0.000159086
0 0.0972656 0.0453125 0.189844 0.090625 0.000159155
0 0.402344 0.471094 0.0875 0.104687 0.0001592
0 0.337891 0.532812 0.0820312 0.198437 0.000160979
0 0.719922 0.513672 0.0773437 0.107031 0.000162299
0 0.888672 0.0429688 0.207031 0.0859375 0.000163055
0 0.0328125 0.729688 0.0625 0.3625 0.000167297
0 0.366797 0.609766 0.0742188 0.107031 0.000168106
0 0.306641 0.700391 0.367969 0.572656 0.000168639
0 0.354297 0.366016 0.0617188 0.103906 0.000168777
0 0.735156 0.364453 0.065625 0.0992187 0.000174625
0 0.719141 0.383594 0.0726563 0.0984375 0.000174725
0 0.465234 0.307422 0.0789063 0.105469 0.000175171
0 0.638672 0.409375 0.0929687 0.225 0.000176521
0 0.491406 0.519141 0.140625 0.302344 0.000176537
0 0.0796875 0.4 0.159375 0.496875 0.000178031
0 0.675391 0.466406 0.0789063 0.096875 0.000178867
0 0.749219 0.45 0.0625 0.10625 0.000178956
0 0.632812 0.437891 0.128125 0.366406 0.000179101
0 0.385547 0.405469 0.0835937 0.10625 0.0001805
0 0.6375 0.34375 0.0984375 0.15 0.000182329
0 0.0167969 0.465625 0.0335938 0.267188 0.000185287
0 0.333203 0.612109 0.105469 0.247656 0.000188288
0 0.0140625 0.630078 0.028125 0.203906 0.00019244
0 0.383203 0.449609 0.0804688 0.103906 0.000192965
0 0.700781 0.533984 0.0859375 0.107031 0.000206767
0 0.438281 0.256641 0.104687 0.0773437 0.000212009
0 0.649219 0.26875 0.120312 0.129688 0.000212182
0 0.465625 0.377734 0.0765625 0.103906 0.000213918
0 0.751953 0.336328 0.163281 0.164844 0.000214935
0 0.666406 0.571875 0.0828125 0.10625 0.000215422
0 0.713281 0.307031 0.0953125 0.110937 0.000220094
0 0.399219 0.566406 0.090625 0.103125 0.00022661
0 0.489453 0.351953 0.0929687 0.166406 0.000228512
0 0.795703 0.39375 0.164844 0.242188 0.000229368
0 0.769531 0.597266 0.065625 0.116406 0.000232087
0 0.366406 0.471094 0.0734375 0.109375 0.000240116
0 0.644922 0.511328 0.100781 0.236719 0.00024059
0 0.352734 0.590234 0.0664062 0.108594 0.000241469
0 0.755078 0.555859 0.0710938 0.116406 0.000242891
0 0.0597656 0.596875 0.119531 0.407813 0.000244251
0 0.435547 0.323828 0.271094 0.294531 0.000246008
0 0.733594 0.430469 0.0703125 0.109375 0.000248549
0 0.423438 0.530469 0.090625 0.104687 0.000250215
0 0.367188 0.428125 0.0703125 0.109375 0.000251988
0 0.478125 0.4875 0.0890625 0.226562 0.000253617
0 0.658594 0.340234 0.084375 0.0851562 0.000254085
0 0.720312 0.606641 0.090625 0.103906 0.000255975
0 0.679297 0.361328 0.0804688 0.0867188 0.000258882
0 0.702734 0.626172 0.146094 0.167969 0.000268906
0 0.737891 0.533594 0.0742188 0.1125 0.000312199
0 0.36875 0.382031 0.06875 0.103125 0.000333077
0 0.354688 0.535547 0.0640625 0.119531 0.00033507
0 0.771094 0.630469 0.059375 0.096875 0.000343114
0 0.491016 0.398047 0.117969 0.296094 0.000354589
0 0.391797 0.309766 0.0835937 0.110156 0.000361057
0 0.406641 0.375781 0.0851562 0.096875 0.000382051
0 0.463281 0.547266 0.129688 0.152344 0.000383085
0 0.423828 0.308594 0.0882813 0.1125 0.0004075
0 0.400781 0.514063 0.0875 0.1125 0.000463969
0 0.440625 0.705469 0.35 0.509375 0.000474795
0 0.733984 0.464844 0.0679687 0.0984375 0.0004838
0 0.703516 0.448047 0.0820312 0.0898438 0.000485041
0 0.334766 0.676562 0.182031 0.396875 0.000491963
0 0.658984 0.449219 0.0945313 0.207813 0.000508377
0 0.38125 0.492969 0.08125 0.110937 0.000539313
0 0.735156 0.408984 0.0890625 0.188281 0.000540743
0 0.748438 0.469922 0.078125 0.207031 0.000551
0 0.353906 0.408594 0.0734375 0.195312 0.000566286
0 0.466016 0.426562 0.0882813 0.215625 0.000575461
0 0.760156 0.64375 0.135937 0.19375 0.000640157
0 0.7125 0.344141 0.0953125 0.113281 0.000731801
0 0.470313 0.310156 0.13125 0.167187 0.000738705
0 0.779688 0.600781 0.103125 0.196875 0.000807984
0 0.680469 0.292578 0.1375 0.135156 0.000838296
0 0.0246094 0.636719 0.0460938 0.296875 0.000882584
0 0.366016 0.633203 0.103906 0.191406 0.000892296
0 0.391406 0.596484 0.29375 0.377344 0.00091513
0 0.719922 0.556641 0.0867188 0.111719 0.000943291
0 0.0398437 0.597266 0.0796875 0.305469 0.00102007
0 0.782422 0.563672 0.141406 0.297656 0.00102729
0 0.791797 0.482812 0.200781 0.445312 0.00103823
0 0.69375 0.339844 0.075 0.078125 0.00103999
0 0.0160156 0.551172 0.0320312 0.247656 0.0011741
0 0.443359 0.512109 0.133594 0.174219 0.00127542
0 0.366406 0.570703 0.0765625 0.108594 0.00131334
0 0.698828 0.573047 0.0929687 0.108594 0.00135316
0 0.373047 0.344531 0.0929687 0.132812 0.00153418
0 0.388281 0.382812 0.109375 0.16875 0.00155257
0 0.717969 0.449219 0.084375 0.132812 0.00168058
0 0.369531 0.647656 0.1625 0.245312 0.0017507
0 0.403125 0.428906 0.117188 0.220313 0.00175412
0 0.382422 0.532031 0.0867188 0.110937 0.00198006
0 0.737109 0.575391 0.0835937 0.114844 0.00211731
0 0.730859 0.396094 0.132031 0.25625 0.00213866
0 0.710547 0.534375 0.266406 0.339063 0.00233511
0 0.701172 0.448438 0.116406 0.2 0.00241137
0 0.0460938 0.443359 0.0921875 0.497656 0.00245007
0 0.353516 0.571875 0.0804688 0.190625 0.00273022
0 0.68125 0.494141 0.121875 0.258594 0.00296664
0 0.759375 0.623047 0.0921875 0.133594 0.00328219
0 0.753906 0.551953 0.0953125 0.207031 0.00336079
0 0.684375 0.571484 0.1375 0.147656 0.00347497
0 0.735156 0.516797 0.090625 0.214844 0.00349134
0 0.682422 0.325 0.111719 0.103125 0.0035786
0 0.421875 0.305469 0.142188 0.15 0.00387778
0 0.684375 0.357031 0.140625 0.210938 0.00406817
0 0.403125 0.492969 0.139062 0.196875 0.00428582
0 0.0253906 0.519531 0.0507812 0.339063 0.00470174
0 0.406641 0.451562 0.266406 0.435937 0.00481168
0 0.454297 0.35 0.116406 0.14375 0.00485279
0 0.347266 0.478125 0.0867188 0.328125 0.00529158
0 0.369141 0.430078 0.0898438 0.274219 0.00717018
0 0.408594 0.339063 0.0875 0.0921875 0.00717493
0 0.45625 0.4375 0.123438 0.310937 0.00978303
0 0.748047 0.489453 0.114844 0.350781 0.00987028
0 0.417578 0.549219 0.180469 0.189063 0.0101762
0 0.377734 0.577734 0.133594 0.238281 0.022418
0 0.407422 0.343359 0.125781 0.142969 0.025186
0 0.369141 0.516406 0.102344 0.248437 0.0281676
0 0.694141 0.447656 0.166406 0.390625 0.029371
0 0.733984 0.598047 0.146094 0.172656 0.0299341
0 0.714063 0.544531 0.154687 0.25 0.122815
0 0.403516 0.448438 0.163281 0.345313 0.147526
