0 0.972266 0.519141 0.0554687 0.750781 0.000103425
0 0.393359 0.301953 0.211719 0.322656 0.000106979
0 0.790625 0.320312 0.1375 0.253125 0.000107624
0 0.260938 0.400781 0.178125 0.392188 0.000116256
0 0.286719 0.408594 0.120312 0.259375 0.000119104
0 0.793359 0.384375 0.105469 0.173438 0.000122275
0 0.778516 0.683984 0.249219 0.332031 0.000152199
0 0.66875 0.519141 0.295312 0.572656 0.000158043
0 0.316406 0.779297 0.276563 0.367969 0.000159141
0 0.756641 0.445312 0.171094 0.201562 0.000163916
0 0.412891 0.476562 0.224219 0.476562 0.000174912
0 0.407031 0.608203 0.146875 0.224219 0.000192869
0 0.382812 0.514063 0.071875 0.0953125 0.00025064
0 0.360156 0.678125 0.20625 0.254687 0.000269094
0 0.726562 0.282813 0.214062 0.323438 0.00028658
0 0.285156 0.558984 0.179688 0.346094 0.000287162
0 0.811719 0.527734 0.33125 0.697656 0.00029992
0 0.339844 0.602344 0.296875 0.45625 0.000356412
0 0.760156 0.363672 0.14375 0.200781 0.000403491
0 0.306641 0.344531 0.133594 0.251563 0.000459769
0 0.334375 0.234375 0.08125 0.140625 0.000502392
0 0.383203 0.522266 0.127344 0.188281 0.000614537
0 0.325391 0.282813 0.130469 0.264062 0.000908804
0 0.734375 0.589453 0.282813 0.374219 0.00108126
0 0.7875 0.511328 0.209375 0.486719 0.00119446
0 0.755078 0.362109 0.185156 0.339844 0.00170394
0 0.344141 0.519922 0.224219 0.330469 0.00202049
0 0.287891 0.510156 0.233594 0.553125 0.00236457
0 0.315625 0.341406 0.179688 0.415625 0.00483004
0 0.340234 0.422656 0.260156 0.584375 0.354743
0 0.732422 0.438281 0.260156 0.595312 0.446784
