0 0.278906 0.467187 0.173438 0.195312 0.000107112
0 0.820312 0.782422 0.135937 0.135156 0.000109841
0 0.683203 0.800391 0.241406 0.196094 0.000112273
0 0.821484 0.676953 0.138281 0.260156 0.000112511
0 0.370313 0.392969 0.2125 0.43125 0.000119327
0 0.852734 0.890234 0.294531 0.219531 0.000126726
0 0.698828 0.760547 0.144531 0.180469 0.000129962
0 0.216797 0.6375 0.160156 0.165625 0.000134851
0 0.280859 0.554688 0.210156 0.2 0.000147822
0 0.208594 0.403125 0.292188 0.696875 0.000148131
0 0.371875 0.346484 0.18125 0.249219 0.000153097
0 0.723828 0.510938 0.185156 0.20625 0.000157086
0 0.721875 0.569531 0.08125 0.0875 0.000158855
0 0.7 0.680469 0.209375 0.192188 0.000164089
0 0.225391 0.74375 0.311719 0.296875 0.000164971
0 0.719922 0.403906 0.102344 0.11875 0.00017096
0 0.794922 0.551172 0.146094 0.263281 0.000171694
0 0.726172 0.4125 0.160156 0.220313 0.000177248
0 0.825781 0.569531 0.204688 0.401563 0.000186278
0 0.780469 0.678125 0.184375 0.203125 0.000191566
0 0.78125 0.764063 0.248437 0.1875 0.000195096
0 0.678906 0.720312 0.1375 0.15 0.000195505
0 0.389453 0.300781 0.136719 0.173438 0.000197519
0 0.759766 0.447266 0.121094 0.178906 0.000205679
0 0.370313 0.559375 0.20625 0.432813 0.000212927
0 0.278906 0.400391 0.157813 0.203906 0.000232933
0 0.365234 0.641016 0.152344 0.189844 0.000302332
0 0.178906 0.660937 0.132812 0.170312 0.000305067
0 0.828906 0.525391 0.2625 0.682031 0.000354497
0 0.678906 0.383594 0.184375 0.242188 0.000356283
0 0.722266 0.592188 0.171094 0.19375 0.000361841
0 0.738281 0.724219 0.235938 0.192188 0.000380624
0 0.236719 0.46875 0.132812 0.265625 0.000423098
0 0.341016 0.325391 0.127344 0.158594 0.000449325
0 0.760938 0.614062 0.15 0.2625 0.000461241
0 0.758203 0.423047 0.192969 0.313281 0.000537766
0 0.218359 0.530469 0.136719 0.259375 0.000561698
0 0.670703 0.567578 0.246094 0.407031 0.000573498
0 0.164453 0.649219 0.157031 0.292188 0.000617459
0 0.182031 0.718359 0.142188 0.160156 0.000714351
0 0.742969 0.553906 0.084375 0.0921875 0.000830627
0 0.663672 0.730469 0.196094 0.225 0.00087609
0 0.825391 0.791797 0.246094 0.332031 0.00102025
0 0.712891 0.427734 0.252344 0.435156 0.00116372
0 0.724219 0.551562 0.135937 0.145313 0.00121652
0 0.770312 0.846094 0.267188 0.229687 0.00202703
0 0.3125 0.360156 0.189063 0.2125 0.00206491
0 0.329688 0.608594 0.21875 0.3 0.00232805
0 0.269531 0.662891 0.314063 0.311719 0.00316946
0 0.303125 0.405078 0.234375 0.357031 0.00380815
0 0.2 0.697266 0.198437 0.239844 0.0044748
0 0.702734 0.680469 0.296094 0.390625 0.00483042
0 0.760938 0.551562 0.129688 0.182812 0.00484455
0 0.797266 0.680859 0.258594 0.500781 0.00513943
0 0.737891 0.78125 0.311719 0.290625 0.00774326
0 0.245703 0.455859 0.202344 0.383594 0.0102207
0 0.201953 0.557031 0.211719 0.504687 0.0133919
0 0.767578 0.539453 0.196094 0.385156 0.0234885
0 0.737891 0.564062 0.288281 0.528125 0.235723
0 0.272266 0.515234 0.300781 0.530469 0.367859
