0 0.824219 0.764453 0.160938 0.282031 0.000100972
0 0.794141 0.616797 0.164844 0.419531 0.000105078
0 0.760938 0.736328 0.0890625 0.110156 0.00011032
0 0.702344 0.180469 0.479688 0.360938 0.000114693
0 0.774609 0.640234 0.111719 0.189844 0.000116897
0 0.589844 0.725781 0.284375 0.317187 0.000120633
0 0.808594 0.721094 0.265625 0.370313 0.000122919
0 0.0835937 0.936719 0.15 0.125 0.00012315
0 0.712891 0.302734 0.0664062 0.0851562 0.000131953
0 0.221875 0.107031 0.4125 0.214062 0.000132618
0 0.237891 0.639453 0.153906 0.210156 0.000133379
0 0.291797 0.188672 0.442969 0.374219 0.000133762
0 0.696875 0.283594 0.0875 0.121875 0.000141477
0 0.18125 0.0613281 0.353125 0.122656 0.0001537
0 0.620703 0.757812 0.146094 0.20625 0.00016329
0 0.154297 0.529688 0.188281 0.353125 0.000164558
0 0.370313 0.632031 0.414062 0.639063 0.00017765
0 0.740234 0.719922 0.0882813 0.108594 0.000199137
0 0.195703 0.308594 0.119531 0.179688 0.000200112
0 0.675781 0.661719 0.148438 0.234375 0.000202501
0 0.31875 0.699609 0.2625 0.366406 0.000206826
0 0.522266 0.183203 0.428906 0.366406 0.00021766
0 0.263672 0.735547 0.147656 0.189844 0.000219088
0 0.659375 0.457422 0.340625 0.708594 0.00022902
0 0.197656 0.385156 0.198437 0.445312 0.000229765
0 0.710938 0.316797 0.08125 0.138281 0.000245107
0 0.188281 0.370703 0.140625 0.288281 0.00026793
0 0.142188 0.881641 0.264062 0.225781 0.000282499
0 0.178516 0.676562 0.150781 0.170312 0.000364571
0 0.278125 0.678516 0.145313 0.224219 0.00037044
0 0.715625 0.375 0.11875 0.284375 0.000439032
0 0.127734 0.685938 0.203906 0.278125 0.000442067
0 0.622656 0.660937 0.196875 0.264062 0.000508767
0 0.719922 0.642578 0.171094 0.199219 0.000510501
0 0.698828 0.753516 0.150781 0.196094 0.000511723
0 0.658594 0.787109 0.259375 0.249219 0.000545213
0 0.709766 0.487109 0.202344 0.552344 0.000619442
0 0.219922 0.692969 0.152344 0.2 0.000701438
0 0.216797 0.498437 0.285156 0.570312 0.000864105
0 0.763672 0.785937 0.228906 0.295312 0.00127814
0 0.162109 0.619141 0.228906 0.294531 0.00137768
0 0.261328 0.738281 0.219531 0.276563 0.00152812
0 0.69375 0.61875 0.25 0.378125 0.00153422
0 0.169531 0.757812 0.304688 0.33125 0.00159526
0 0.254297 0.61875 0.236719 0.317187 0.00198006
0 0.760547 0.664062 0.164844 0.271875 0.00304263
0 0.741016 0.717969 0.146094 0.189063 0.00361099
0 0.785547 0.729297 0.163281 0.266406 0.00532989
0 0.658203 0.719141 0.202344 0.196094 0.00560333
0 0.214844 0.686328 0.278125 0.264844 0.0518815
0 0.7125 0.725781 0.259375 0.254687 0.143615
