0 0.667969 0.137109 0.1875 0.211719 0.000103399
0 0.343359 0.198437 0.111719 0.153125 0.00010378
0 0.633594 0.391016 0.128125 0.196094 0.000104329
0 0.724609 0.160156 0.125781 0.139062 0.000105187
0 0.343359 0.523438 0.149219 0.11875 0.00010601
0 0.379687 0.385547 0.15625 0.221094 0.000110738
0 0.666016 0.187891 0.128906 0.169531 0.000117594
0 0.530469 0.294141 0.404687 0.541406 0.000119607
0 0.267578 0.344141 0.105469 0.192969 0.000123998
0 0.792188 0.502734 0.223438 0.216406 0.000124908
0 0.676953 0.128906 0.0710938 0.071875 0.000132641
0 0.383594 0.154297 0.126563 0.102344 0.000135314
0 0.419922 0.221094 0.322656 0.384375 0.000140035
0 0.7 0.218359 0.126563 0.163281 0.000140722
0 0.827344 0.428906 0.129688 0.229687 0.000140975
0 0.754297 0.195312 0.103906 0.164062 0.000142224
0 0.714453 0.409375 0.0882813 0.10625 0.000150253
0 0.297656 0.343359 0.0875 0.0992187 0.000151328
0 0.269922 0.446875 0.286719 0.3875 0.000164228
0 0.385156 0.319922 0.1375 0.208594 0.000171874
0 0.666016 0.463672 0.180469 0.182031 0.000176644
0 0.658984 0.346484 0.117969 0.217969 0.000181312
0 0.806641 0.378906 0.282031 0.357812 0.000190092
0 0.321484 0.237109 0.0976562 0.141406 0.000191187
0 0.776563 0.304688 0.096875 0.153125 0.000197014
0 0.735156 0.216797 0.08125 0.119531 0.000201264
0 0.362891 0.4875 0.0882813 0.096875 0.000206284
0 0.252344 0.275781 0.317187 0.46875 0.000241737
0 0.682422 0.140234 0.105469 0.117969 0.000244391
0 0.716016 0.257812 0.121094 0.153125 0.00027275
0 0.323828 0.543359 0.246094 0.152344 0.000276576
0 0.403125 0.153906 0.157813 0.159375 0.000293499
0 0.293359 0.133594 0.342969 0.2625 0.0003057
0 0.7875 0.285156 0.203125 0.426562 0.00037958
0 0.339063 0.364062 0.15 0.26875 0.000452348
0 0.699609 0.305859 0.149219 0.249219 0.000470234
0 0.694141 0.198437 0.186719 0.246875 0.000477805
0 0.321094 0.426953 0.148438 0.205469 0.000498572
0 0.286719 0.387109 0.128125 0.217969 0.000521611
0 0.391016 0.146875 0.214844 0.234375 0.000546705
0 0.254687 0.431641 0.142188 0.280469 0.000556846
0 0.386328 0.232812 0.207031 0.290625 0.000604368
0 0.392578 0.362109 0.199219 0.378906 0.000628171
0 0.321875 0.246875 0.184375 0.309375 0.000685002
0 0.762891 0.328516 0.142969 0.253906 0.000686384
0 0.694922 0.428125 0.0929687 0.107813 0.000823159
0 0.774219 0.445703 0.210938 0.188281 0.000981357
0 0.300391 0.325 0.127344 0.240625 0.0011917
0 0.358203 0.452734 0.166406 0.183594 0.00127688
0 0.378125 0.489062 0.128125 0.134375 0.00135264
0 0.667969 0.358984 0.176563 0.296094 0.00138647
0 0.740234 0.385938 0.152344 0.221875 0.00182412
0 0.292188 0.474609 0.176563 0.199219 0.0020064
0 0.734766 0.473437 0.288281 0.282813 0.00308953
0 0.704687 0.252344 0.229687 0.407813 0.00416504
0 0.794141 0.392188 0.153906 0.259375 0.00494836
0 0.341797 0.498437 0.207031 0.173438 0.00557874
0 0.683594 0.429688 0.132812 0.151562 0.00568201
0 0.3375 0.432813 0.229687 0.275 0.0129855
0 0.288281 0.385547 0.173438 0.339844 0.0145945
0 0.709375 0.435937 0.215625 0.1875 0.0454337
0 0.726172 0.356641 0.242969 0.363281 0.239898
0 0.334375 0.31875 0.245312 0.467187 0.24558
