0 0.720312 0.687109 0.145313 0.119531 0.000119231
0 0.837891 0.709766 0.172656 0.103906 0.000122181
0 0.300781 0.613281 0.0890625 0.1125 0.000123175
0 0.388672 0.725781 0.149219 0.13125 0.000124749
0 0.260156 0.655078 0.0890625 0.111719 0.000131368
0 0.802344 0.616406 0.090625 0.109375 0.0001327
0 0.282422 0.634766 0.0867188 0.114844 0.000135499
0 0.763672 0.557813 0.153906 0.20625 0.000164939
0 0.251172 0.385156 0.0882813 0.110937 0.00017224
0 0.329297 0.502734 0.175781 0.324219 0.000185346
0 0.792969 0.740234 0.321875 0.327344 0.00019674
0 0.371875 0.644141 0.176563 0.216406 0.000198994
0 0.783594 0.685547 0.148438 0.108594 0.000238643
0 0.276172 0.413281 0.117969 0.160938 0.000254615
0 0.307813 0.377734 0.115625 0.149219 0.000257093
0 0.239453 0.671484 0.0914062 0.105469 0.000280751
0 0.203516 0.705469 0.175781 0.2125 0.000304451
0 0.320312 0.578125 0.273438 0.315625 0.000376114
0 0.285547 0.727344 0.349219 0.30625 0.000386548
0 0.791406 0.719922 0.260938 0.191406 0.000423348
0 0.296875 0.667969 0.148438 0.179688 0.000424686
0 0.286719 0.560547 0.15 0.182031 0.000451974
0 0.878516 0.655469 0.144531 0.1375 0.000457759
0 0.822266 0.638281 0.0898438 0.107813 0.000509627
0 0.247656 0.530859 0.220313 0.413281 0.000584095
0 0.854297 0.619141 0.189844 0.182031 0.000656003
0 0.285156 0.459766 0.15 0.280469 0.00078485
0 0.728516 0.596484 0.221094 0.207031 0.000848505
0 0.819531 0.578516 0.151562 0.200781 0.000868637
0 0.216406 0.615234 0.209375 0.282031 0.000921609
0 0.764063 0.650781 0.15 0.134375 0.000923698
0 0.837109 0.668359 0.133594 0.114844 0.000958964
0 0.709375 0.65 0.16875 0.148438 0.00118623
0 0.276172 0.371094 0.100781 0.125 0.00191716
0 0.777734 0.549219 0.255469 0.264062 0.00248271
0 0.319531 0.669922 0.25 0.238281 0.00358128
0 0.804297 0.632422 0.147656 0.150781 0.00394063
0 0.316797 0.596875 0.146094 0.195312 0.00622378
0 0.748828 0.674609 0.257031 0.177344 0.00707503
0 0.241406 0.672266 0.190625 0.178906 0.0085926
0 0.827734 0.666406 0.202344 0.153125 0.0114971
0 0.790234 0.619531 0.232031 0.207813 0.210454
0 0.275 0.627344 0.21875 0.23125 0.213944
