0 0.683203 0.789844 0.221094 0.33125 0.000103974
0 0.844141 0.810547 0.150781 0.158594 0.000107585
0 0.413281 0.467187 0.289062 0.548437 0.000108816
0 0.245312 0.698828 0.13125 0.239844 0.000108839
0 0.899219 0.637109 0.170312 0.435156 0.000118722
0 0.096875 0.125781 0.189063 0.251563 0.000119523
0 0.383984 0.683984 0.153906 0.200781 0.000121187
0 0.830078 0.403906 0.105469 0.139062 0.000121191
0 0.279687 0.449609 0.08125 0.100781 0.000127097
0 0.873828 0.194922 0.247656 0.389844 0.000129268
0 0.403516 0.741016 0.0867188 0.113281 0.000130225
0 0.855078 0.462891 0.144531 0.308594 0.000134754
0 0.260938 0.779297 0.275 0.307031 0.000134954
0 0.881641 0.762109 0.0929687 0.111719 0.000141449
0 0.300781 0.511328 0.0921875 0.111719 0.00014299
0 0.428516 0.467187 0.400781 0.823438 0.000147166
0 0.298438 0.553516 0.0921875 0.0976562 0.000149814
0 0.763672 0.701563 0.152344 0.245312 0.000151731
0 0.524219 0.710156 0.40625 0.579687 0.000154553
0 0.890234 0.0375 0.219531 0.075 0.000158585
0 0.191406 0.354297 0.382812 0.708594 0.000160768
0 0.790625 0.133203 0.3875 0.258594 0.000161201
0 0.547266 0.065625 0.419531 0.13125 0.000162804
0 0.400781 0.329688 0.107813 0.1 0.000165161
0 0.842969 0.426953 0.078125 0.0867188 0.000168374
0 0.434375 0.800781 0.173438 0.21875 0.000169895
0 0.454688 0.196094 0.470313 0.392188 0.000174969
0 0.562891 0.0339844 0.361719 0.0679687 0.000181142
0 0.709375 0.1875 0.49375 0.375 0.000184432
0 0.740234 0.81875 0.0882813 0.107813 0.000189293
0 0.366797 0.120312 0.499219 0.240625 0.000195158
0 0.809375 0.0617188 0.38125 0.121875 0.00019662
0 0.392578 0.355859 0.139844 0.153906 0.000203197
0 0.263281 0.428906 0.078125 0.0828125 0.000203734
0 0.345313 0.719922 0.151562 0.186719 0.000225444
0 0.281641 0.491406 0.0898438 0.1125 0.000225578
0 0.859375 0.707031 0.19375 0.217187 0.00023102
0 0.709375 0.840625 0.121875 0.15 0.000231799
0 0.617969 0.636328 0.375 0.642969 0.000249214
0 0.300391 0.679688 0.172656 0.1875 0.000257177
0 0.823047 0.740625 0.0945313 0.110937 0.000259538
0 0.917578 0.0664062 0.164844 0.132812 0.000264577
0 0.7 0.607422 0.164062 0.255469 0.000275468
0 0.723828 0.74375 0.175781 0.210938 0.000283838
0 0.280469 0.532031 0.09375 0.114063 0.000288104
0 0.811328 0.480078 0.214844 0.464844 0.000298434
0 0.620703 0.115625 0.460156 0.23125 0.000314018
0 0.851562 0.444531 0.101562 0.146875 0.000315308
0 0.350391 0.792969 0.297656 0.26875 0.000347089
0 0.263672 0.230859 0.507031 0.461719 0.000353752
0 0.871875 0.0988281 0.254687 0.197656 0.000358091
0 0.282031 0.421094 0.121875 0.14375 0.000376398
0 0.844922 0.759766 0.0960938 0.116406 0.000380374
0 0.471484 0.729688 0.230469 0.390625 0.00039133
0 0.204688 0.0765625 0.4 0.151562 0.000400586
0 0.204297 0.151562 0.389844 0.29375 0.000443939
0 0.264844 0.567578 0.13125 0.225781 0.000446451
0 0.804297 0.793359 0.153906 0.197656 0.000571649
0 0.430078 0.630078 0.255469 0.555469 0.00060112
0 0.849219 0.824609 0.246875 0.246094 0.0006157
0 0.737109 0.614453 0.222656 0.388281 0.00062078
0 0.422656 0.696094 0.1625 0.3 0.000643976
0 0.314844 0.420703 0.225 0.280469 0.000705166
0 0.252344 0.758203 0.16875 0.221094 0.000806618
0 0.740625 0.81875 0.129688 0.15 0.000926159
0 0.334375 0.511719 0.223438 0.201562 0.00102135
0 0.297266 0.546875 0.153906 0.160938 0.00145249
0 0.803516 0.724609 0.150781 0.202344 0.00157314
0 0.798828 0.572656 0.308594 0.571875 0.00182019
0 0.392578 0.754297 0.172656 0.210156 0.00196333
0 0.745313 0.801172 0.207813 0.213281 0.0029504
0 0.282813 0.687891 0.214062 0.314844 0.00331547
0 0.836719 0.667969 0.248437 0.364062 0.00406426
0 0.886719 0.776953 0.19375 0.183594 0.00482648
0 0.329688 0.475391 0.285937 0.450781 0.00559263
0 0.842578 0.758203 0.153906 0.155469 0.0128482
0 0.772656 0.719531 0.2625 0.298438 0.0157506
0 0.343359 0.721094 0.242969 0.24375 0.0170658
0 0.282422 0.488672 0.141406 0.219531 0.0190486
0 0.327344 0.6125 0.253125 0.4625 0.0400344
0 0.292188 0.527344 0.182812 0.354688 0.0880629
0 0.822266 0.764453 0.250781 0.205469 0.243191
