0 0.782422 0.675391 0.0882813 0.110156 0.000100385
0 0.799609 0.553516 0.0773437 0.111719 0.000102211
0 0.682031 0.901953 0.265625 0.196094 0.000107831
0 0.678125 0.592578 0.0890625 0.102344 0.000115527
0 0.0851562 0.644531 0.125 0.290625 0.000119409
0 0.742188 0.369531 0.0921875 0.103125 0.000120806
0 0.362109 0.219531 0.147656 0.134375 0.000123233
0 0.800391 0.616016 0.0851562 0.111719 0.000125562
0 0.101953 0.694922 0.0882813 0.117969 0.000126221
0 0.782031 0.592578 0.084375 0.105469 0.000126856
0 0.136328 0.708203 0.0929687 0.0945313 0.000130443
0 0.833984 0.760156 0.108594 0.16875 0.000130445
0 0.775391 0.448828 0.0976562 0.188281 0.000136459
0 0.170312 0.402734 0.16875 0.297656 0.000136461
0 0.128516 0.487109 0.202344 0.467969 0.000136865
0 0.764453 0.409766 0.335156 0.503906 0.000140784
0 0.782812 0.635547 0.0859375 0.110156 0.000147092
0 0.696875 0.574609 0.0890625 0.102344 0.000148051
0 0.232031 0.797656 0.38125 0.235938 0.000155782
0 0.123828 0.662109 0.0835937 0.117969 0.00015596
0 0.540625 0.903906 0.421875 0.192188 0.00015667
0 0.358984 0.903516 0.363281 0.192969 0.000165882
0 0.377344 0.95 0.385938 0.1 0.000171056
0 0.244531 0.326172 0.167187 0.224219 0.000179491
0 0.207422 0.886719 0.382031 0.223438 0.0001795
0 0.219141 0.549609 0.138281 0.277344 0.000181552
0 0.312109 0.699609 0.288281 0.263281 0.000183495
0 0.632422 0.640625 0.157031 0.21875 0.000196007
0 0.741016 0.408203 0.0804688 0.0929687 0.000197172
0 0.255078 0.385938 0.132031 0.225 0.000207175
0 0.631641 0.562891 0.141406 0.191406 0.000223916
0 0.699609 0.471875 0.147656 0.179688 0.000224725
0 0.217578 0.694922 0.152344 0.128906 0.000236471
0 0.760156 0.385938 0.0671875 0.0890625 0.000238844
0 0.730078 0.802734 0.338281 0.338281 0.000243508
0 0.201172 0.953125 0.375781 0.0921875 0.00026312
0 0.346484 0.353906 0.182031 0.326562 0.000276441
0 0.337891 0.657031 0.122656 0.226562 0.00028154
0 0.316016 0.734766 0.0882813 0.0929687 0.000283944
0 0.669922 0.754687 0.230469 0.235938 0.00029081
0 0.172656 0.576953 0.128125 0.217969 0.000297583
0 0.291016 0.327344 0.321094 0.354688 0.000306545
0 0.677734 0.324609 0.174219 0.222656 0.000307832
0 0.802734 0.65625 0.0882813 0.110937 0.000316483
0 0.260547 0.715625 0.152344 0.153125 0.000326609
0 0.239063 0.641797 0.248437 0.205469 0.000335079
0 0.343359 0.267969 0.166406 0.190625 0.000336253
0 0.803125 0.75 0.175 0.21875 0.000368436
0 0.639063 0.282813 0.139062 0.185937 0.000369791
0 0.814844 0.616406 0.103125 0.209375 0.000414782
0 0.739844 0.512891 0.142188 0.242969 0.000471219
0 0.755469 0.403516 0.096875 0.147656 0.000511171
0 0.158203 0.722266 0.202344 0.138281 0.000536748
0 0.323828 0.463281 0.222656 0.440625 0.000560322
0 0.683203 0.536328 0.171094 0.196094 0.000596802
0 0.304297 0.614453 0.199219 0.327344 0.000821995
0 0.811328 0.624609 0.285156 0.397656 0.000877933
0 0.729297 0.407813 0.149219 0.210938 0.000948746
0 0.152734 0.679297 0.0945313 0.0929687 0.000950756
0 0.293359 0.324609 0.200781 0.266406 0.00101587
0 0.217578 0.463281 0.110156 0.148438 0.00111579
0 0.264844 0.747656 0.260938 0.179688 0.00113428
0 0.758594 0.45 0.139062 0.271875 0.00115133
0 0.796484 0.557031 0.108594 0.248437 0.00115366
0 0.720312 0.635547 0.15 0.200781 0.00115551
0 0.826172 0.683594 0.125781 0.2375 0.00125083
0 0.315625 0.735937 0.1375 0.128125 0.00126885
0 0.198437 0.488281 0.132812 0.25625 0.00131355
0 0.761719 0.674219 0.148438 0.179688 0.00143738
0 0.667578 0.679688 0.205469 0.242188 0.00170816
0 0.173438 0.678516 0.14375 0.122656 0.00198548
0 0.710156 0.421875 0.201562 0.351562 0.00201551
0 0.142578 0.573828 0.122656 0.289844 0.0022554
0 0.255469 0.482422 0.304688 0.555469 0.00271297
0 0.761719 0.596484 0.146875 0.241406 0.00282177
0 0.71875 0.577344 0.190625 0.189063 0.00288007
0 0.130859 0.684375 0.122656 0.1375 0.00380094
0 0.669531 0.604297 0.182812 0.227344 0.0038388
0 0.221875 0.417969 0.148438 0.232812 0.0048175
0 0.790234 0.535547 0.144531 0.378906 0.00496149
0 0.298047 0.692187 0.183594 0.195312 0.00557222
0 0.21875 0.477734 0.185937 0.391406 0.00640588
0 0.733984 0.709375 0.282031 0.234375 0.0120489
0 0.149219 0.647656 0.15 0.201562 0.0136489
0 0.795313 0.644141 0.154687 0.278906 0.018005
0 0.221484 0.623047 0.297656 0.346094 0.0186023
0 0.729297 0.533203 0.222656 0.371094 0.0235984
0 0.216016 0.694922 0.285156 0.178906 0.0348756
0 0.183594 0.55 0.190625 0.38125 0.043585
0 0.732813 0.631641 0.25 0.288281 0.153286
