0 0.425 0.159375 0.0875 0.109375 0.000102364
0 0.49375 0.214844 0.146875 0.217187 0.00010339
0 0.207031 0.0671875 0.225 0.134375 0.000105339
0 0.280859 0.566797 0.0742188 0.105469 0.000107539
0 0.7625 0.175391 0.135937 0.188281 0.000108073
0 0.329297 0.321484 0.0882813 0.175781 0.000113914
0 0.757422 0.494141 0.136719 0.167969 0.000119386
0 0.321875 0.446875 0.08125 0.096875 0.000121505
0 0.325 0.389453 0.084375 0.174219 0.000124068
0 0.382031 0.430469 0.170312 0.195312 0.000129611
0 0.389453 0.958984 0.257031 0.0820312 0.000130739
0 0.321484 0.491016 0.0882813 0.114844 0.000131329
0 0.199609 0.0332031 0.230469 0.0664062 0.000132941
0 0.336328 0.123828 0.244531 0.233594 0.000137836
0 0.430859 0.507031 0.186719 0.182812 0.000138261
0 0.334766 0.523828 0.135156 0.121094 0.000141709
0 0.354297 0.226562 0.0820312 0.114063 0.00014345
0 0.370703 0.205859 0.0851562 0.110156 0.000143803
0 0.308594 0.428516 0.0890625 0.188281 0.0001451
0 0.8375 0.159375 0.0890625 0.109375 0.000151643
0 0.944922 0.442578 0.0804688 0.0804688 0.000153982
0 0.841016 0.197656 0.111719 0.165625 0.000155253
0 0.899219 0.329297 0.1125 0.171094 0.00016125
0 0.339063 0.202734 0.192188 0.208594 0.000162182
0 0.905469 0.361719 0.0765625 0.0953125 0.000165442
0 0.801562 0.410156 0.090625 0.107813 0.000168781
0 0.303906 0.558203 0.132812 0.161719 0.000187413
0 0.905078 0.391797 0.0867188 0.111719 0.000188993
0 0.349219 0.276563 0.075 0.109375 0.000191266
0 0.865625 0.410156 0.090625 0.104687 0.00019443
0 0.380469 0.275391 0.0875 0.102344 0.000198406
0 0.916406 0.323047 0.148438 0.296094 0.000205069
0 0.261328 0.927344 0.241406 0.139062 0.000211741
0 0.889063 0.939844 0.221875 0.115625 0.000212731
0 0.422266 0.470313 0.130469 0.160938 0.000215396
0 0.270703 0.954297 0.0945313 0.0914062 0.000216753
0 0.363281 0.317187 0.132812 0.195312 0.000217758
0 0.884375 0.386719 0.23125 0.282813 0.000219258
0 0.804688 0.482812 0.170312 0.16875 0.000237134
0 0.888281 0.342187 0.0796875 0.075 0.000247365
0 0.78125 0.368359 0.134375 0.200781 0.000251806
0 0.825391 0.261328 0.158594 0.174219 0.000254665
0 0.314844 0.526563 0.0875 0.0921875 0.00025604
0 0.385156 0.935547 0.329688 0.128906 0.000271567
0 0.399609 0.300391 0.146094 0.250781 0.000283233
0 0.822266 0.428125 0.0929687 0.110937 0.000286682
0 0.454688 0.257031 0.175 0.298438 0.000295846
0 0.408203 0.18125 0.0851562 0.109375 0.000303886
0 0.463672 0.126953 0.157031 0.203906 0.000306809
0 0.938281 0.410156 0.114063 0.15 0.000352088
0 0.342578 0.455078 0.282031 0.388281 0.000357039
0 0.753125 0.43125 0.154687 0.189063 0.000368442
0 0.300391 0.398828 0.128906 0.405469 0.000389462
0 0.346094 0.539844 0.201562 0.167187 0.000395863
0 0.421875 0.388672 0.182812 0.341406 0.000465865
0 0.816406 0.159375 0.13125 0.148438 0.000472734
0 0.862891 0.282031 0.127344 0.204688 0.000527488
0 0.338281 0.407813 0.125 0.264062 0.000594456
0 0.405078 0.219922 0.0929687 0.114844 0.000600569
0 0.886328 0.424609 0.0929687 0.0945313 0.000612765
0 0.75625 0.13125 0.178125 0.167187 0.000636877
0 0.410547 0.1625 0.128906 0.164062 0.00066764
0 0.287891 0.535937 0.0632813 0.096875 0.000678755
0 0.334766 0.314844 0.128906 0.275 0.000690121
0 0.927344 0.452734 0.128125 0.124219 0.000742834
0 0.846484 0.326172 0.180469 0.192969 0.000831352
0 0.809375 0.1875 0.201562 0.23125 0.000937295
0 0.282031 0.978125 0.126563 0.04375 0.000956765
0 0.367188 0.254297 0.08125 0.0929687 0.00100507
0 0.921875 0.424609 0.0859375 0.0898438 0.00125154
0 0.864844 0.439453 0.145313 0.124219 0.00128986
0 0.870313 0.467187 0.229687 0.171875 0.001373
0 0.321484 0.948828 0.246094 0.100781 0.00143745
0 0.789844 0.236328 0.257812 0.369531 0.00143751
0 0.785937 0.364062 0.215625 0.26875 0.00144003
0 0.296094 0.524609 0.090625 0.139844 0.00196828
0 0.384375 0.2375 0.0921875 0.107813 0.00207697
0 0.375 0.478906 0.21875 0.195312 0.00224286
0 0.884766 0.36875 0.157031 0.195312 0.00251881
0 0.277734 0.962891 0.166406 0.0742188 0.00404463
0 0.804688 0.427344 0.167187 0.1625 0.00455469
0 0.394531 0.277344 0.284375 0.423438 0.00577118
0 0.902344 0.425391 0.15625 0.124219 0.00804717
0 0.321484 0.481641 0.136719 0.221094 0.00980209
0 0.372656 0.257031 0.135937 0.190625 0.0116169
0 0.441797 0.177344 0.182031 0.234375 0.0126774
0 0.850781 0.307422 0.223438 0.364844 0.0178227
0 0.369922 0.363672 0.191406 0.427344 0.0258113
0 0.869141 0.411328 0.213281 0.174219 0.0427736
0 0.399609 0.214453 0.166406 0.203906 0.112815
