0 0.364844 0.673047 0.285937 0.321094 0.00010212
0 0.971484 0.601562 0.0570313 0.65 0.000103845
0 0.785547 0.573047 0.141406 0.244531 0.000105124
0 0.784766 0.708984 0.0898438 0.100781 0.000108966
0 0.718359 0.450391 0.177344 0.208594 0.000117822
0 0.760156 0.206641 0.254687 0.321094 0.000125616
0 0.137891 0.11875 0.266406 0.2375 0.000127605
0 0.820312 0.662891 0.0875 0.117969 0.000129144
0 0.324219 0.324609 0.146875 0.199219 0.000131889
0 0.362109 0.44375 0.150781 0.267188 0.000133256
0 0.321484 0.529297 0.144531 0.214844 0.00013684
0 0.795313 0.265625 0.157813 0.217187 0.000139066
0 0.655469 0.425781 0.0953125 0.165625 0.000159141
0 0.746094 0.746484 0.2875 0.280469 0.000163157
0 0.327344 0.615625 0.15 0.20625 0.000182417
0 0.833203 0.694922 0.0867188 0.0914062 0.000200551
0 0.2875 0.642969 0.2 0.289062 0.00021177
0 0.874219 0.608594 0.19375 0.359375 0.000220477
0 0.745703 0.364062 0.146094 0.276563 0.000226223
0 0.725 0.281641 0.207813 0.217969 0.000235382
0 0.321875 0.407813 0.15 0.264062 0.000268555
0 0.685547 0.621484 0.169531 0.325781 0.00026981
0 0.417188 0.478906 0.2125 0.38125 0.00027
0 0.698047 0.219141 0.177344 0.188281 0.00027055
0 0.361328 0.366016 0.186719 0.203906 0.000284262
0 0.699609 0.507812 0.0898438 0.0984375 0.000292756
0 0.860937 0.771875 0.215625 0.33125 0.000302414
0 0.822266 0.349609 0.202344 0.382031 0.000342746
0 0.703516 0.715625 0.157031 0.189063 0.000378901
0 0.835938 0.691797 0.2875 0.378906 0.000430337
0 0.824219 0.596484 0.140625 0.249219 0.00043405
0 0.421875 0.515234 0.284375 0.582031 0.000505949
0 0.666797 0.438672 0.138281 0.261719 0.000533111
0 0.395703 0.313672 0.207031 0.335156 0.000553032
0 0.378906 0.606641 0.175 0.292969 0.000584992
0 0.344922 0.657422 0.0804688 0.103906 0.000820549
0 0.269531 0.454297 0.326562 0.619531 0.000918401
0 0.278516 0.3875 0.207031 0.429688 0.0011215
0 0.837891 0.656641 0.149219 0.188281 0.00117851
0 0.320312 0.553516 0.2125 0.453906 0.00135087
0 0.702344 0.510156 0.164062 0.20625 0.00136226
0 0.778125 0.321484 0.145313 0.213281 0.00187024
0 0.329688 0.331641 0.204688 0.357031 0.00201015
0 0.789062 0.725391 0.189063 0.196094 0.00203503
0 0.694531 0.453516 0.239063 0.517969 0.00223205
0 0.745703 0.688672 0.207031 0.194531 0.00274829
0 0.696484 0.303516 0.258594 0.385156 0.00300084
0 0.803906 0.692578 0.0875 0.0851562 0.00310955
0 0.820703 0.534766 0.207031 0.453906 0.00370062
0 0.352734 0.651563 0.130469 0.170312 0.0040027
0 0.776563 0.621094 0.296875 0.360938 0.00503252
0 0.808203 0.686328 0.141406 0.149219 0.0123148
0 0.791406 0.649219 0.20625 0.25 0.0198834
0 0.764453 0.289844 0.194531 0.325 0.0252119
0 0.762891 0.404687 0.253906 0.55 0.21412
0 0.350781 0.432422 0.264062 0.510156 0.397879
