0 0.758984 0.801953 0.210156 0.141406 0.000105318
0 0.164453 0.594922 0.135156 0.286719 0.000108479
0 0.776953 0.840625 0.172656 0.1125 0.000115973
0 0.797266 0.89375 0.189844 0.196875 0.000124144
0 0.242188 0.721484 0.26875 0.199219 0.000127974
0 0.736328 0.696484 0.0882813 0.108594 0.000130425
0 0.255859 0.424219 0.0617188 0.059375 0.000131874
0 0.724219 0.457422 0.135937 0.292969 0.000132479
0 0.728125 0.309375 0.040625 0.059375 0.000138899
0 0.298828 0.762891 0.232031 0.219531 0.000139657
0 0.178125 0.511719 0.129688 0.182812 0.000139945
0 0.60625 0.707812 0.323438 0.404687 0.000144238
0 0.7875 0.765234 0.2 0.269531 0.000145268
0 0.588672 0.469141 0.157031 0.311719 0.00014641
0 0.720312 0.675391 0.0875 0.0929687 0.000147608
0 0.219922 0.633984 0.203906 0.216406 0.000148434
0 0.714844 0.40625 0.104687 0.154687 0.000151708
0 0.655078 0.4375 0.182031 0.301562 0.000153594
0 0.753516 0.658594 0.0804688 0.0734375 0.000160108
0 0.288672 0.409766 0.178906 0.300781 0.000168068
0 0.796094 0.825391 0.104687 0.0773437 0.00019766
0 0.238672 0.530078 0.157031 0.183594 0.0002092
0 0.655078 0.439063 0.242969 0.473437 0.000209205
0 0.68125 0.34375 0.0484375 0.075 0.000240129
0 0.663672 0.364453 0.132031 0.228906 0.000244276
0 0.675781 0.618359 0.226562 0.202344 0.00027702
0 0.316406 0.696875 0.184375 0.248437 0.000315979
0 0.703125 0.661719 0.151562 0.25 0.000340179
0 0.2375 0.423047 0.0609375 0.0726563 0.000347147
0 0.200781 0.55625 0.148438 0.254687 0.000354477
0 0.68125 0.344922 0.065625 0.113281 0.000370971
0 0.683203 0.719141 0.153906 0.202344 0.000411053
0 0.751953 0.660937 0.110156 0.120312 0.000429709
0 0.711328 0.304688 0.0523437 0.059375 0.000449612
0 0.697656 0.296094 0.0375 0.0609375 0.000462953
0 0.608594 0.692578 0.217187 0.266406 0.000469087
0 0.267188 0.498047 0.235938 0.397656 0.00047835
0 0.751953 0.619141 0.224219 0.441406 0.000508219
0 0.594922 0.555078 0.160156 0.200781 0.000548014
0 0.696875 0.391406 0.139062 0.248437 0.000548484
0 0.679688 0.407031 0.0828125 0.11875 0.000554262
0 0.1625 0.675 0.21875 0.36875 0.000720685
0 0.747266 0.855078 0.274219 0.253906 0.000739052
0 0.292578 0.641797 0.260156 0.388281 0.000949094
0 0.696875 0.314844 0.05625 0.0796875 0.00104352
0 0.692187 0.363672 0.090625 0.177344 0.00107172
0 0.619922 0.609375 0.211719 0.2875 0.00124177
0 0.232422 0.716016 0.322656 0.332031 0.00127569
0 0.167969 0.537109 0.210938 0.432031 0.00129916
0 0.740625 0.682031 0.1375 0.19375 0.0032141
0 0.694922 0.795313 0.321094 0.325 0.00540565
0 0.660937 0.589453 0.282813 0.452344 0.00567387
0 0.742969 0.726953 0.192188 0.239844 0.0200621
0 0.689844 0.694141 0.28125 0.314844 0.368371
0 0.223047 0.598828 0.282031 0.439844 0.481765
