0 0.747266 0.572266 0.135156 0.183594 0.000101063
0 0.758984 0.426953 0.0914062 0.153906 0.000101944
0 0.367578 0.326953 0.139844 0.177344 0.000102178
0 0.263281 0.386328 0.071875 0.0851562 0.000104521
0 0.773438 0.371484 0.05 0.0757812 0.000108464
0 0.383594 0.276563 0.0828125 0.0859375 0.000112975
0 0.303906 0.353516 0.115625 0.153906 0.000113456
0 0.267578 0.528125 0.157031 0.284375 0.000118473
0 0.710938 0.652344 0.151562 0.159375 0.000136973
0 0.230859 0.672656 0.142969 0.189063 0.000147296
0 0.269141 0.460938 0.119531 0.228125 0.000151989
0 0.742578 0.386719 0.107031 0.170312 0.000181149
0 0.272266 0.394922 0.105469 0.138281 0.000181551
0 0.735156 0.283984 0.0953125 0.0992187 0.000187175
0 0.725781 0.309375 0.135937 0.1625 0.000188291
0 0.737109 0.404297 0.0882813 0.0851562 0.000189805
0 0.804688 0.693359 0.11875 0.186719 0.000203065
0 0.237109 0.573828 0.139844 0.258594 0.000232474
0 0.329297 0.305078 0.142969 0.177344 0.000258972
0 0.719531 0.300391 0.071875 0.0773437 0.000288657
0 0.779688 0.596484 0.121875 0.213281 0.000290451
0 0.758203 0.386719 0.0742188 0.078125 0.000301564
0 0.325 0.623828 0.175 0.199219 0.00030226
0 0.377344 0.279687 0.140625 0.153125 0.000420358
0 0.74375 0.676953 0.159375 0.152344 0.000492312
0 0.263672 0.626562 0.174219 0.21875 0.000869731
0 0.772266 0.65 0.153906 0.225 0.00141352
