0 0.798047 0.614062 0.133594 0.257812 0.000100899
0 0.935547 0.109766 0.127344 0.216406 0.000102159
0 0.408594 0.642187 0.157813 0.215625 0.000103977
0 0.365625 0.3 0.148438 0.226562 0.000109163
0 0.688281 0.109375 0.384375 0.215625 0.00011195
0 0.9375 0.289844 0.125 0.579687 0.000112467
0 0.260156 0.5125 0.167187 0.185937 0.00011683
0 0.390625 0.617969 0.298438 0.310937 0.000117105
0 0.0222656 0.765625 0.0445312 0.39375 0.000125462
0 0.848047 0.237109 0.289844 0.474219 0.000128328
0 0.347656 0.673828 0.148438 0.177344 0.000130471
0 0.0121094 0.717969 0.0226563 0.23125 0.000140682
0 0.285547 0.594141 0.153906 0.192969 0.000144273
0 0.778516 0.85625 0.364844 0.276563 0.000147145
0 0.21875 0.53125 0.14375 0.260938 0.000153267
0 0.319922 0.3375 0.171094 0.170312 0.000159268
0 0.150781 0.0234375 0.260938 0.0453125 0.000159843
0 0.248047 0.342969 0.121094 0.2 0.000173052
0 0.185937 0.621484 0.3 0.411719 0.000174461
0 0.0125 0.446875 0.025 0.239063 0.000174761
0 0.973828 0.776563 0.0523437 0.446875 0.000186936
0 0.701563 0.531641 0.189063 0.203906 0.000186982
0 0.174609 0.654297 0.0835937 0.0820312 0.000188843
0 0.666797 0.403125 0.227344 0.398438 0.000189955
0 0.625 0.479297 0.296875 0.605469 0.00019221
0 0.254297 0.280859 0.230469 0.246094 0.000198048
0 0.740234 0.635547 0.213281 0.216406 0.000201279
0 0.238281 0.410156 0.139062 0.265625 0.000203784
0 0.347266 0.237891 0.150781 0.192969 0.000207714
0 0.0109375 0.634375 0.021875 0.20625 0.000211756
0 0.778906 0.532031 0.139062 0.265625 0.000213057
0 0.276563 0.319531 0.0875 0.104687 0.000213741
0 0.164062 0.673437 0.117188 0.1375 0.000214741
0 0.635938 0.967188 0.175 0.065625 0.000215023
0 0.79375 0.68125 0.189063 0.28125 0.000224489
0 0.738672 0.278516 0.147656 0.180469 0.000225977
0 0.189844 0.177344 0.379687 0.354688 0.000230503
0 0.810156 0.460547 0.314063 0.680469 0.000234042
0 0.692578 0.233984 0.261719 0.294531 0.000236029
0 0.182422 0.555469 0.117969 0.259375 0.000239703
0 0.369531 0.351953 0.225 0.414844 0.000244254
0 0.0117188 0.529688 0.0234375 0.23125 0.000255548
0 0.307031 0.262109 0.146875 0.200781 0.000265248
0 0.0503906 0.621875 0.100781 0.675 0.000272185
0 0.346875 0.557422 0.1375 0.197656 0.000275287
0 0.263672 0.0417969 0.410156 0.0789063 0.000283514
0 0.0753906 0.0546875 0.150781 0.107813 0.000303569
0 0.271875 0.755859 0.371875 0.275781 0.000317175
0 0.7875 0.352344 0.101562 0.179688 0.00032328
0 0.782031 0.0808594 0.435937 0.161719 0.000324141
0 0.0234375 0.60625 0.046875 0.615625 0.000332373
0 0.741016 0.574609 0.180469 0.200781 0.000348477
0 0.722656 0.766406 0.328125 0.33125 0.000356862
0 0.901953 0.186328 0.194531 0.372656 0.000388772
0 0.791016 0.406641 0.146094 0.339844 0.000415841
0 0.0335938 0.476953 0.0671875 0.694531 0.000518619
0 0.327734 0.612891 0.149219 0.196094 0.000546172
0 0.0164062 0.648438 0.0328125 0.435937 0.000606677
0 0.718359 0.317578 0.357031 0.542969 0.000686075
0 0.180469 0.636719 0.123438 0.140625 0.000691568
0 0.181641 0.466016 0.239844 0.532031 0.000762983
0 0.196094 0.672266 0.190625 0.172656 0.000779394
0 0.698438 0.682031 0.265625 0.26875 0.000809898
0 0.666406 0.560156 0.240625 0.390625 0.00085338
0 0.116797 0.0898438 0.233594 0.176563 0.000881184
0 0.389453 0.214844 0.149219 0.221875 0.000928219
0 0.283203 0.557813 0.233594 0.214062 0.000992092
0 0.760156 0.323438 0.1375 0.207813 0.00102486
0 0.722266 0.310156 0.253906 0.320312 0.00105603
0 0.729297 0.182422 0.430469 0.364844 0.00113075
0 0.0179687 0.480469 0.0359375 0.475 0.00113653
0 0.144922 0.0421875 0.289844 0.0828125 0.00165059
0 0.246094 0.104297 0.464063 0.205469 0.0022215
0 0.198437 0.604297 0.182812 0.238281 0.00234237
0 0.279297 0.365234 0.227344 0.385156 0.00262641
0 0.282422 0.307813 0.139844 0.176563 0.00286471
0 0.342187 0.667578 0.2375 0.238281 0.00287401
0 0.344141 0.523047 0.217969 0.410156 0.003327
0 0.247266 0.676562 0.316406 0.229687 0.00360014
0 0.367188 0.60625 0.184375 0.25 0.00370301
0 0.196094 0.065625 0.392188 0.129688 0.0042469
0 0.245703 0.523047 0.246094 0.382031 0.00663775
0 0.786719 0.480469 0.195312 0.514063 0.00684597
0 0.341797 0.260938 0.221094 0.26875 0.00999248
0 0.754687 0.601172 0.235938 0.386719 0.0108581
0 0.291406 0.615234 0.298438 0.278906 0.0721022
0 0.296875 0.433594 0.323438 0.596875 0.317374
0 0.719922 0.468359 0.280469 0.594531 0.376665
