0 0.239063 0.318359 0.0453125 0.0523437 0.000103136
0 0.302344 0.285937 0.182812 0.19375 0.000107191
0 0.242578 0.301562 0.0554687 0.0890625 0.000109583
0 0.348828 0.357031 0.132031 0.2375 0.000109642
0 0.239063 0.596875 0.128125 0.2125 0.000110388
0 0.715234 0.449219 0.0757812 0.120312 0.000110664
0 0.661328 0.233594 0.0335938 0.0671875 0.000110909
0 0.659766 0.286719 0.142969 0.18125 0.000112121
0 0.324609 0.718359 0.141406 0.210156 0.000112892
0 0.654688 0.478516 0.301562 0.513281 0.000114469
0 0.341797 0.459766 0.164844 0.396094 0.000116339
0 0.215625 0.782031 0.090625 0.117188 0.00011654
0 0.696094 0.467578 0.0625 0.0820312 0.000117701
0 0.670703 0.196094 0.0398437 0.04375 0.0001266
0 0.783203 0.692969 0.125781 0.304688 0.00012825
0 0.655078 0.183203 0.0382813 0.0367187 0.000128573
0 0.222266 0.277344 0.0460938 0.065625 0.000129197
0 0.702734 0.735156 0.189844 0.175 0.000132196
0 0.612109 0.687109 0.124219 0.188281 0.000134382
0 0.687109 0.323828 0.0554687 0.100781 0.000134709
0 0.269922 0.532422 0.186719 0.303906 0.000135396
0 0.187891 0.782031 0.121094 0.192188 0.000136303
0 0.272656 0.484375 0.11875 0.128125 0.000138847
0 0.281641 0.660937 0.185156 0.2125 0.000140276
0 0.669922 0.217578 0.0445312 0.0742188 0.000144408
0 0.278516 0.720312 0.149219 0.221875 0.00014484
0 0.655859 0.383203 0.175781 0.288281 0.000146413
0 0.215234 0.815625 0.130469 0.19375 0.00014754
0 0.657031 0.639453 0.135937 0.228906 0.000149064
0 0.619922 0.6125 0.146094 0.259375 0.000149431
0 0.342578 0.573828 0.152344 0.333594 0.000153071
0 0.317187 0.369141 0.1875 0.324219 0.000162956
0 0.743359 0.702734 0.288281 0.317969 0.000164172
0 0.665625 0.280078 0.065625 0.116406 0.000171158
0 0.387891 0.701953 0.144531 0.228906 0.000181822
0 0.173047 0.717969 0.300781 0.46875 0.000186713
0 0.233984 0.528516 0.144531 0.221094 0.000213521
0 0.695312 0.469141 0.084375 0.128906 0.000216049
0 0.341797 0.658203 0.135156 0.249219 0.000231717
0 0.658594 0.215234 0.03125 0.0632813 0.000245915
0 0.696094 0.451172 0.117188 0.211719 0.000261956
0 0.247656 0.277344 0.06875 0.0828125 0.000270838
0 0.673047 0.305469 0.0585938 0.090625 0.000289806
0 0.65625 0.194531 0.03125 0.046875 0.000298726
0 0.681641 0.553125 0.124219 0.15625 0.00030569
0 0.341797 0.751172 0.227344 0.230469 0.000312306
0 0.718359 0.586719 0.0757812 0.0921875 0.00031852
0 0.219141 0.81875 0.308594 0.307813 0.000321666
0 0.765234 0.753516 0.132031 0.180469 0.000397762
0 0.221875 0.701172 0.134375 0.269531 0.000398783
0 0.735937 0.614844 0.114063 0.240625 0.000399628
0 0.285937 0.58125 0.295312 0.532812 0.000608022
0 0.665234 0.526172 0.197656 0.367969 0.000692931
0 0.716797 0.495313 0.117969 0.245312 0.000750086
0 0.241016 0.614062 0.186719 0.410937 0.000931273
0 0.657031 0.683594 0.196875 0.229687 0.00111164
0 0.186328 0.782031 0.185156 0.303125 0.00128237
0 0.717578 0.573438 0.100781 0.140625 0.00130699
0 0.321875 0.651563 0.210938 0.339063 0.00174321
0 0.74375 0.701172 0.15625 0.255469 0.00272725
0 0.707812 0.565234 0.148438 0.307031 0.0030875
0 0.707422 0.650391 0.186719 0.308594 0.00607457
0 0.230469 0.767578 0.179688 0.225781 0.00619459
0 0.276563 0.718359 0.245312 0.294531 0.0186926
