0 0.370313 0.652734 0.44375 0.694531 0.000107765
0 0.723828 0.714063 0.139844 0.270312 0.000111097
0 0.193359 0.553906 0.183594 0.209375 0.000116258
0 0.263281 0.714063 0.140625 0.220313 0.000131654
0 0.710156 0.814844 0.253125 0.267188 0.000133305
0 0.654297 0.700391 0.127344 0.238281 0.000135957
0 0.804688 0.802344 0.164062 0.28125 0.00014733
0 0.740234 0.389844 0.180469 0.270312 0.000155279
0 0.174219 0.596094 0.139062 0.16875 0.000161524
0 0.494531 0.541016 0.621875 0.917969 0.000162498
0 0.601953 0.781641 0.142969 0.214844 0.000195822
0 0.121094 0.807422 0.239063 0.385156 0.000204718
0 0.0835937 0.659375 0.123438 0.204688 0.000230934
0 0.774609 0.798437 0.247656 0.373437 0.000234417
0 0.783203 0.528906 0.177344 0.389062 0.000234742
0 0.221875 0.692969 0.15 0.220313 0.000258262
0 0.686719 0.395703 0.240625 0.347656 0.000267266
0 0.160547 0.510156 0.199219 0.378125 0.000302406
0 0.304297 0.697656 0.130469 0.284375 0.000340085
0 0.257812 0.654688 0.176563 0.173438 0.000602233
0 0.219531 0.748828 0.251563 0.349219 0.000621165
0 0.723828 0.492578 0.210156 0.394531 0.000750487
0 0.152734 0.658984 0.150781 0.217969 0.000834135
0 0.705078 0.651953 0.189844 0.221094 0.000967822
0 0.176172 0.620313 0.222656 0.207813 0.000984849
0 0.725 0.614453 0.126563 0.224219 0.000986713
0 0.671094 0.316016 0.210938 0.227344 0.00102097
0 0.668359 0.647656 0.272656 0.423438 0.00113038
0 0.648047 0.760156 0.200781 0.284375 0.00118407
0 0.133594 0.715625 0.184375 0.220313 0.00120945
0 0.250781 0.648047 0.221875 0.282031 0.00259952
0 0.0914062 0.723437 0.157813 0.326562 0.00315838
0 0.80625 0.698047 0.21875 0.430469 0.00379761
0 0.694922 0.495313 0.280469 0.61875 0.00385046
0 0.758594 0.639453 0.145313 0.282031 0.00417139
0 0.721094 0.729688 0.317187 0.4125 0.00563284
0 0.112891 0.650391 0.163281 0.278906 0.0059307
0 0.198047 0.602344 0.274219 0.346875 0.0183175
0 0.158594 0.692578 0.257812 0.330469 0.16896
0 0.744922 0.621875 0.232031 0.496875 0.200783
