0 0.401563 0.469141 0.451562 0.883594 0.000100101
0 0.0609375 0.559766 0.10625 0.569531 0.000100484
0 0.538281 0.580469 0.503125 0.839063 0.000100563
0 0.925 0.101953 0.145313 0.196094 0.000100894
0 0.584766 0.436719 0.297656 0.603125 0.000105222
0 0.978906 0.928125 0.0421875 0.14375 0.000105981
0 0.0308594 0.484766 0.0570313 0.607031 0.000108026
0 0.239453 0.671484 0.0851562 0.0960938 0.000109188
0 0.638281 0.638672 0.151562 0.202344 0.000111762
0 0.698047 0.733984 0.175781 0.180469 0.000114374
0 0.717188 0.696094 0.0765625 0.10625 0.000115547
0 0.855469 0.0398437 0.232812 0.0796875 0.000115696
0 0.633203 0.368359 0.142969 0.178906 0.000118494
0 0.0292969 0.766797 0.0570313 0.439844 0.000118543
0 0.166797 0.471875 0.107031 0.203125 0.000120631
0 0.682813 0.318359 0.1625 0.252344 0.000124275
0 0.332812 0.440234 0.23125 0.528906 0.000125052
0 0.788672 0.647266 0.155469 0.361719 0.000133016
0 0.276563 0.655469 0.128125 0.14375 0.000134735
0 0.933203 0.592969 0.132031 0.814062 0.000136513
0 0.183203 0.5125 0.0898438 0.117188 0.000140712
0 0.206641 0.364844 0.155469 0.321875 0.000140768
0 0.598828 0.229297 0.158594 0.182031 0.000152833
0 0.0132813 0.632812 0.0265625 0.273438 0.000154102
0 0.270703 0.310156 0.185156 0.245312 0.00016093
0 0.15 0.679688 0.129688 0.190625 0.000162634
0 0.238672 0.546484 0.0914062 0.111719 0.000169555
0 0.274609 0.471484 0.142969 0.217969 0.00017146
0 0.739844 0.208594 0.48125 0.403125 0.000197231
0 0.301172 0.276953 0.117969 0.128906 0.000202651
0 0.653906 0.488672 0.134375 0.205469 0.000206633
0 0.959375 0.708594 0.078125 0.582812 0.000212355
0 0.754687 0.551172 0.114063 0.257031 0.000213817
0 0.757031 0.713281 0.151562 0.19375 0.000220016
0 0.755859 0.657031 0.124219 0.2 0.00022093
0 0.326172 0.544141 0.347656 0.567969 0.000227336
0 0.813672 0.107031 0.360156 0.214062 0.000235005
0 0.698047 0.573047 0.127344 0.261719 0.000239081
0 0.135937 0.673047 0.196875 0.355469 0.000256382
0 0.253516 0.508984 0.0898438 0.111719 0.000266469
0 0.742578 0.623047 0.283594 0.417969 0.000274166
0 0.736719 0.489844 0.117188 0.176563 0.000279595
0 0.717578 0.634766 0.127344 0.213281 0.000299626
0 0.668359 0.690625 0.278906 0.29375 0.000321744
0 0.732031 0.06875 0.435937 0.1375 0.000332337
0 0.974609 0.803125 0.0507812 0.39375 0.000334058
0 0.865234 0.0710938 0.269531 0.1375 0.000340307
0 0.674219 0.425781 0.154687 0.189063 0.000343758
0 0.191406 0.485547 0.278125 0.447656 0.000355065
0 0.64375 0.364453 0.19375 0.303906 0.000394679
0 0.630078 0.557813 0.175781 0.395312 0.00041619
0 0.610547 0.699609 0.125781 0.186719 0.000420237
0 0.730859 0.402734 0.133594 0.258594 0.000425037
0 0.0378906 0.644141 0.0757812 0.547656 0.000454986
0 0.68125 0.402344 0.289062 0.454688 0.000456971
0 0.201172 0.455078 0.141406 0.200781 0.000486428
0 0.302734 0.249219 0.163281 0.195312 0.000528235
0 0.0246094 0.612891 0.0429688 0.455469 0.000581881
0 0.221094 0.610156 0.145313 0.248437 0.000634992
0 0.676953 0.657422 0.133594 0.210156 0.000724148
0 0.237109 0.667578 0.144531 0.153906 0.000732449
0 0.304688 0.543359 0.182812 0.314844 0.000820456
0 0.619531 0.4375 0.148438 0.225 0.00088984
0 0.261719 0.654688 0.2 0.23125 0.00117887
0 0.651953 0.715234 0.166406 0.174219 0.00150259
0 0.721484 0.478906 0.161719 0.273438 0.00161062
0 0.219531 0.512109 0.09375 0.110156 0.0017177
0 0.719922 0.686328 0.163281 0.196094 0.00182506
0 0.740625 0.619922 0.165625 0.319531 0.00264942
0 0.272656 0.529297 0.2 0.197656 0.00297542
0 0.176953 0.519141 0.163281 0.236719 0.00321682
0 0.6625 0.458203 0.203125 0.294531 0.00360769
0 0.200781 0.620703 0.226562 0.327344 0.0040029
0 0.260156 0.405469 0.2375 0.459375 0.00402233
0 0.664453 0.627734 0.189844 0.310156 0.00536041
0 0.69375 0.549609 0.2125 0.410156 0.0104949
0 0.230469 0.453906 0.198437 0.2875 0.010812
0 0.219141 0.510156 0.141406 0.1625 0.032418
0 0.225391 0.543359 0.196094 0.275781 0.196581
