0 0.720703 0.428516 0.135156 0.244531 0.000100971
0 0.776953 0.386719 0.0976562 0.178125 0.000102802
0 0.70625 0.949609 0.401563 0.100781 0.000103499
0 0.227344 0.666016 0.178125 0.157031 0.000106526
0 0.0617188 0.889063 0.123438 0.221875 0.00010661
0 0.698047 0.567578 0.0867188 0.103906 0.000106939
0 0.225391 0.971484 0.196094 0.0570313 0.000108134
0 0.282031 0.367578 0.126563 0.255469 0.000110497
0 0.257812 0.321094 0.103125 0.160938 0.000112424
0 0.0519531 0.355078 0.103906 0.422656 0.00011345
0 0.130469 0.296094 0.204688 0.35625 0.000114602
0 0.645703 0.153516 0.111719 0.124219 0.000114803
0 0.675781 0.428516 0.123438 0.242969 0.000117262
0 0.412109 0.629297 0.164844 0.172656 0.000118361
0 0.103125 0.711719 0.20625 0.576563 0.000119794
0 0.299609 0.140234 0.0820312 0.0914062 0.000123012
0 0.304297 0.237891 0.0820312 0.0976562 0.000124932
0 0.737891 0.242969 0.0914062 0.15 0.000125444
0 0.564453 0.190234 0.207031 0.305469 0.000131492
0 0.712891 0.197656 0.0554687 0.08125 0.000131501
0 0.717969 0.219531 0.0921875 0.1375 0.000132526
0 0.8 0.636719 0.159375 0.154687 0.00013255
0 0.0417969 0.478125 0.0835937 0.445312 0.00013512
0 0.220313 0.407422 0.101562 0.178906 0.000135175
0 0.459375 0.0597656 0.260938 0.117969 0.000136109
0 0.299609 0.429297 0.116406 0.141406 0.000137829
0 0.396875 0.162891 0.11875 0.203906 0.000138961
0 0.721484 0.34375 0.117969 0.214062 0.000143334
0 0.343359 0.98125 0.135156 0.0359375 0.000144733
0 0.166797 0.479688 0.186719 0.454688 0.000148888
0 0.0636719 0.198828 0.127344 0.358594 0.000154712
0 0.235938 0.281641 0.075 0.0976562 0.000155861
0 0.281641 0.277344 0.130469 0.15625 0.000162527
0 0.357031 0.126563 0.190625 0.185937 0.000162768
0 0.0679687 0.804297 0.135937 0.391406 0.000162868
0 0.628906 0.553516 0.134375 0.180469 0.000163056
0 0.201172 0.130469 0.288281 0.226562 0.000165034
0 0.696484 0.633984 0.258594 0.246094 0.00016557
0 0.769922 0.653516 0.242969 0.211719 0.000165952
0 0.320703 0.510938 0.0851562 0.104687 0.000166001
0 0.978906 0.396484 0.0421875 0.228906 0.000167044
0 0.529688 0.457812 0.370313 0.7125 0.000168777
0 0.413672 0.597266 0.335156 0.383594 0.000171387
0 0.371875 0.180078 0.0875 0.114844 0.000175687
0 0.439844 0.2625 0.2375 0.335938 0.000177564
0 0.621875 0.397266 0.1375 0.289844 0.000186507
0 0.324219 0.302344 0.123438 0.195312 0.000189279
0 0.107813 0.125781 0.207813 0.242188 0.000190496
0 0.816797 0.611328 0.0882813 0.0898438 0.000194484
0 0.629687 0.479297 0.13125 0.213281 0.000198573
0 0.385547 0.254687 0.124219 0.234375 0.000199648
0 0.678516 0.278516 0.119531 0.132031 0.000205565
0 0.680859 0.179297 0.0648438 0.0851562 0.000219959
0 0.0257812 0.477344 0.0515625 0.285937 0.000223051
0 0.239063 0.364062 0.10625 0.192188 0.000237245
0 0.536328 0.284766 0.253906 0.366406 0.00024247
0 0.760156 0.346484 0.1 0.185156 0.000248804
0 0.664453 0.512109 0.0804688 0.111719 0.0002501
0 0.266406 0.973437 0.0921875 0.053125 0.000251404
0 0.280078 0.551953 0.0867188 0.108594 0.000255223
0 0.776953 0.45 0.119531 0.253125 0.000259366
0 0.680078 0.549609 0.0882813 0.113281 0.000261039
0 0.302344 0.530859 0.0859375 0.103906 0.000265827
0 0.221094 0.470703 0.120312 0.239844 0.00027599
0 0.617578 0.150391 0.202344 0.225781 0.000288779
0 0.015625 0.383984 0.03125 0.172656 0.000292366
0 0.30625 0.475391 0.1375 0.239844 0.000298598
0 0.799219 0.595312 0.135937 0.115625 0.000305147
0 0.222656 0.321875 0.096875 0.192188 0.000323558
0 0.021875 0.400391 0.04375 0.264844 0.000326879
0 0.696484 0.175781 0.0507812 0.071875 0.000345428
0 0.38125 0.596094 0.0890625 0.1125 0.000349959
0 0.694141 0.187891 0.0851562 0.127344 0.000376414
0 0.360938 0.513281 0.135937 0.207813 0.000379343
0 0.714063 0.531641 0.090625 0.110156 0.00041447
0 0.34375 0.450391 0.123438 0.210156 0.000420507
0 0.660547 0.358984 0.222656 0.447656 0.000427821
0 0.291406 0.640625 0.304688 0.242188 0.000433136
0 0.208984 0.360156 0.121094 0.310937 0.000437046
0 0.282813 0.586719 0.146875 0.190625 0.000451975
0 0.412109 0.565625 0.185156 0.259375 0.000476175
0 0.303516 0.238281 0.117969 0.153125 0.000478149
0 0.295703 0.171094 0.0757812 0.0765625 0.000478783
0 0.240234 0.277734 0.105469 0.164844 0.00048396
0 0.303125 0.960938 0.125 0.078125 0.000490488
0 0.378906 0.964844 0.25625 0.065625 0.000525991
0 0.326172 0.214453 0.283594 0.294531 0.000579692
0 0.200781 0.629297 0.132812 0.178906 0.000592592
0 0.650781 0.224609 0.170312 0.222656 0.000607918
0 0.681641 0.542188 0.307031 0.340625 0.000634985
0 0.739844 0.286719 0.075 0.0953125 0.000645466
0 0.2625 0.495313 0.170312 0.217187 0.000689448
0 0.760547 0.360547 0.135156 0.303906 0.000716503
0 0.482422 0.190625 0.255469 0.378125 0.000748494
0 0.267188 0.231641 0.132812 0.208594 0.000853688
0 0.428516 0.379687 0.341406 0.675 0.00089097
0 0.718359 0.569531 0.144531 0.154687 0.000891495
0 0.663672 0.573828 0.138281 0.160156 0.000931892
0 0.289062 0.191406 0.110937 0.171875 0.000979359
0 0.312109 0.957422 0.263281 0.0851562 0.00103488
0 0.708984 0.255859 0.130469 0.183594 0.00103847
0 0.311328 0.157031 0.127344 0.129688 0.00112843
0 0.753906 0.58125 0.289062 0.298438 0.00113115
0 0.246484 0.312891 0.147656 0.278906 0.00118484
0 0.694531 0.514453 0.084375 0.105469 0.00120649
0 0.736328 0.301953 0.103906 0.141406 0.00124179
0 0.301953 0.980469 0.125781 0.0375 0.00139767
0 0.194922 0.550391 0.132031 0.288281 0.00144483
0 0.414844 0.184375 0.18125 0.325 0.00151533
0 0.375391 0.437891 0.203906 0.542969 0.00155942
0 0.713672 0.328125 0.182031 0.323438 0.00162531
0 0.794531 0.523438 0.142188 0.229687 0.00179607
0 0.663672 0.512891 0.117969 0.183594 0.00194978
0 0.323828 0.223047 0.171094 0.214844 0.00228954
0 0.738672 0.489844 0.150781 0.24375 0.00231508
0 0.382812 0.59375 0.135937 0.165625 0.00233651
0 0.758984 0.589844 0.203906 0.170312 0.00325397
0 0.241016 0.442969 0.167969 0.395312 0.0032607
0 0.354688 0.283594 0.179688 0.38125 0.00336276
0 0.303516 0.972266 0.197656 0.0539063 0.0058509
0 0.685156 0.471484 0.1875 0.271094 0.00604237
0 0.301953 0.533203 0.182031 0.196094 0.00726333
0 0.698828 0.530859 0.124219 0.166406 0.0075201
0 0.367188 0.201562 0.153125 0.2125 0.00956718
0 0.241797 0.580078 0.199219 0.249219 0.0114256
0 0.344141 0.493359 0.186719 0.330469 0.0120466
0 0.349219 0.583203 0.203125 0.224219 0.0142493
0 0.726172 0.436719 0.208594 0.371875 0.0146977
0 0.294922 0.399609 0.250781 0.530469 0.0217643
0 0.726953 0.539062 0.208594 0.204688 0.0465849
0 0.294141 0.543359 0.266406 0.283594 0.0903422
