0 0.405859 0.0320312 0.208594 0.0609375 0.000104956
0 0.476172 0.0460938 0.174219 0.0921875 0.000105852
0 0.622266 0.421094 0.0835937 0.104687 0.000107563
0 0.0730469 0.524609 0.139844 0.508594 0.000109154
0 0.3 0.187891 0.0640625 0.0679687 0.000113697
0 0.626562 0.222266 0.0546875 0.0585938 0.000117289
0 0.0949219 0.275 0.186719 0.514063 0.000119236
0 0.604297 0.266797 0.124219 0.182031 0.000123818
0 0.636328 0.615234 0.0835937 0.108594 0.000126954
0 0.955469 0.94375 0.0859375 0.1125 0.000128788
0 0.615625 0.236328 0.0546875 0.0601562 0.000142148
0 0.528906 0.610937 0.1375 0.215625 0.000146142
0 0.971875 0.803516 0.05625 0.392969 0.000146696
0 0.166406 0.387109 0.114063 0.250781 0.000150099
0 0.966797 0.981641 0.0664062 0.0351562 0.000156307
0 0.222266 0.664844 0.250781 0.203125 0.000167851
0 0.598437 0.442578 0.15625 0.180469 0.000187034
0 0.606641 0.223828 0.0804688 0.0851562 0.00019788
0 0.575 0.690625 0.2 0.164062 0.000204117
0 0.182812 0.333594 0.071875 0.109375 0.000204474
0 0.637109 0.653906 0.0851562 0.1125 0.000211385
0 0.233203 0.249219 0.180469 0.23125 0.000236803
0 0.0613281 0.348437 0.119531 0.478125 0.000238637
0 0.197266 0.608984 0.146094 0.136719 0.000239012
0 0.103906 0.538672 0.148438 0.341406 0.000244236
0 0.641406 0.707812 0.201562 0.2375 0.000252424
0 0.967578 0.966406 0.0617188 0.0671875 0.000257838
0 0.649609 0.352344 0.0804688 0.14375 0.000258949
0 0.270312 0.216016 0.134375 0.171094 0.000263049
0 0.571094 0.192188 0.084375 0.104687 0.000296145
0 0.246875 0.322266 0.279687 0.560156 0.000311672
0 0.124219 0.592969 0.1125 0.18125 0.000316269
0 0.137891 0.574609 0.0835937 0.107031 0.000323528
0 0.215234 0.531641 0.189844 0.208594 0.000339317
0 0.583984 0.401172 0.210156 0.311719 0.000369493
0 0.2625 0.632812 0.154687 0.140625 0.000370497
0 0.619922 0.493359 0.144531 0.263281 0.000373765
0 0.608594 0.323438 0.175 0.285937 0.000382198
0 0.296875 0.162891 0.0734375 0.0960938 0.00039537
0 0.238281 0.45 0.132812 0.276563 0.000404854
0 0.180469 0.603516 0.292188 0.342969 0.000413389
0 0.130078 0.442578 0.196094 0.414844 0.000435327
0 0.634766 0.33125 0.111719 0.214062 0.000447083
0 0.198047 0.429297 0.136719 0.271094 0.000522713
0 0.578125 0.650781 0.142188 0.170312 0.000570811
0 0.549609 0.566406 0.182031 0.326562 0.00064572
0 0.662891 0.676953 0.122656 0.214844 0.000678755
0 0.560156 0.165234 0.084375 0.0976562 0.000700274
0 0.15625 0.622266 0.165625 0.175781 0.000712073
0 0.248828 0.322656 0.189844 0.264062 0.000809129
0 0.658203 0.432422 0.102344 0.202344 0.000850378
0 0.254297 0.562109 0.150781 0.205469 0.000914313
0 0.170312 0.354297 0.1625 0.357031 0.0010595
0 0.653516 0.614844 0.307031 0.554688 0.00132687
0 0.250391 0.510547 0.192969 0.327344 0.00147576
0 0.580469 0.595703 0.176563 0.217969 0.00152786
0 0.155469 0.573438 0.13125 0.16875 0.00175547
0 0.609375 0.651563 0.289062 0.310937 0.00181856
0 0.633203 0.594141 0.128906 0.263281 0.00235894
0 0.230859 0.3 0.153906 0.15 0.00239788
0 0.583594 0.405078 0.223438 0.602344 0.00255088
0 0.660547 0.602734 0.146094 0.405469 0.00285928
0 0.648438 0.478516 0.1375 0.386719 0.00514618
0 0.160938 0.515625 0.170312 0.339063 0.00526434
0 0.194531 0.344922 0.142188 0.217969 0.00655972
0 0.200781 0.596094 0.228125 0.189063 0.00717509
0 0.623047 0.398047 0.130469 0.221094 0.0083735
0 0.198047 0.312109 0.100781 0.127344 0.00991287
0 0.641797 0.392578 0.0976562 0.144531 0.0143254
0 0.615625 0.647656 0.185937 0.220313 0.0162894
0 0.604297 0.536328 0.196094 0.408594 0.328455
0 0.207422 0.447266 0.230469 0.436719 0.398081
