0 0.4375 0.0328125 0.196875 0.065625 0.000100712
0 0.372266 0.114063 0.132031 0.18125 0.000100982
0 0.886719 0.768359 0.046875 0.0773437 0.000109948
0 0.733203 0.775391 0.0945313 0.144531 0.000111201
0 0.764844 0.403906 0.148438 0.215625 0.000116006
0 0.520312 0.0332031 0.301562 0.0664062 0.000118306
0 0.724219 0.346484 0.210938 0.202344 0.000118578
0 0.205859 0.355859 0.172656 0.374219 0.000120236
0 0.772656 0.698828 0.184375 0.450781 0.000120263
0 0.407813 0.173828 0.121875 0.205469 0.000122572
0 0.422656 0.389844 0.173438 0.3 0.000123777
0 0.656641 0.174219 0.141406 0.24375 0.000131582
0 0.187109 0.539453 0.374219 0.921094 0.00013284
0 0.324609 0.384766 0.246094 0.214844 0.000138932
0 0.777344 0.18125 0.135937 0.175 0.000147847
0 0.284375 0.196094 0.228125 0.298438 0.000154035
0 0.324609 0.28125 0.210156 0.19375 0.000155529
0 0.607422 0.0367187 0.249219 0.071875 0.000158186
0 0.3875 0.0757812 0.1375 0.128125 0.000160874
0 0.245312 0.237891 0.35625 0.467969 0.000174363
0 0.730859 0.734766 0.127344 0.196094 0.000180077
0 0.746094 0.107422 0.184375 0.142969 0.000184813
0 0.669922 0.306641 0.216406 0.386719 0.000192013
0 0.202344 0.394141 0.275 0.625781 0.000193106
0 0.261328 0.280859 0.124219 0.236719 0.000195483
0 0.769141 0.738281 0.135156 0.229687 0.000203613
0 0.48125 0.0707031 0.298438 0.141406 0.000219889
0 0.885547 0.789453 0.0585938 0.0820312 0.00022565
0 0.416406 0.441406 0.128125 0.204688 0.000245808
0 0.696875 0.174219 0.129688 0.220313 0.000248284
0 0.820312 0.283984 0.132812 0.261719 0.000256521
0 0.74375 0.219531 0.198437 0.20625 0.000257907
0 0.723437 0.281641 0.195312 0.188281 0.000290038
0 0.414062 0.272266 0.2125 0.469531 0.000328596
0 0.659766 0.0765625 0.116406 0.11875 0.00034297
0 0.710547 0.111719 0.0835937 0.104687 0.000344068
0 0.328516 0.148438 0.219531 0.2625 0.000348138
0 0.6875 0.0417969 0.25 0.0835937 0.0003908
0 0.839063 0.345703 0.125 0.285156 0.000498033
0 0.779297 0.259766 0.174219 0.197656 0.000558273
0 0.426562 0.0960938 0.173438 0.184375 0.000581346
0 0.787109 0.344531 0.150781 0.278125 0.000591174
0 0.346484 0.419922 0.305469 0.363281 0.000626887
0 0.707812 0.427734 0.242188 0.260156 0.000670781
0 0.717188 0.0746094 0.239063 0.141406 0.000680741
0 0.8375 0.426562 0.16875 0.273438 0.00072966
0 0.680469 0.0933594 0.0796875 0.108594 0.00100703
0 0.559766 0.106641 0.405469 0.213281 0.00110487
0 0.390234 0.133203 0.192969 0.258594 0.00133573
0 0.64375 0.0800781 0.2625 0.158594 0.00168042
0 0.753125 0.155078 0.229687 0.257031 0.00182923
0 0.269922 0.353125 0.242969 0.448438 0.00292474
0 0.689844 0.105469 0.13125 0.15 0.0043854
0 0.83125 0.319922 0.18125 0.399219 0.00446975
0 0.700781 0.200391 0.2375 0.355469 0.00495336
0 0.7 0.128906 0.19375 0.214062 0.00534042
0 0.774219 0.402734 0.273438 0.322656 0.0183314
0 0.755469 0.287891 0.284375 0.472656 0.322005
0 0.331641 0.284375 0.288281 0.517187 0.414453
