0 0.598828 0.683984 0.342969 0.357031 0.000102548
0 0.179688 0.383594 0.0875 0.110937 0.000116368
0 0.175 0.594531 0.145313 0.257812 0.000117557
0 0.282031 0.617188 0.0890625 0.0984375 0.000118576
0 0.713672 0.596484 0.0867188 0.111719 0.000118826
0 0.655078 0.276563 0.0773437 0.110937 0.000120364
0 0.6 0.263672 0.0953125 0.0992187 0.000124218
0 0.639844 0.339844 0.121875 0.19375 0.000124825
0 0.696875 0.571484 0.0828125 0.103906 0.000127035
0 0.205859 0.678125 0.0898438 0.109375 0.000129723
0 0.737891 0.685156 0.307031 0.35 0.000131777
0 0.118359 0.616406 0.105469 0.201562 0.000141411
0 0.714844 0.491406 0.104687 0.148438 0.000142613
0 0.608203 0.296094 0.128906 0.173438 0.000144848
0 0.973437 0.73125 0.053125 0.459375 0.000149331
0 0.675781 0.594531 0.0859375 0.107813 0.000153962
0 0.595703 0.391797 0.158594 0.252344 0.000154006
0 0.651172 0.320703 0.0867188 0.122656 0.000154408
0 0.670313 0.950391 0.365625 0.0976562 0.000175198
0 0.138672 0.574609 0.110156 0.213281 0.000183654
0 0.676172 0.633203 0.0867188 0.107031 0.000202141
0 0.185937 0.326562 0.134375 0.217187 0.000203596
0 0.260547 0.639063 0.0929687 0.104687 0.000204525
0 0.694922 0.614453 0.0867188 0.108594 0.000212535
0 0.220313 0.392578 0.30625 0.377344 0.000226227
0 0.575391 0.491406 0.146094 0.171875 0.000227506
0 0.160547 0.385938 0.111719 0.190625 0.000228745
0 0.652734 0.475391 0.163281 0.164844 0.000232401
0 0.0839844 0.643359 0.141406 0.328906 0.000238335
0 0.297656 0.597266 0.126563 0.199219 0.000243293
0 0.262109 0.715234 0.177344 0.160156 0.000244881
0 0.639453 0.694531 0.197656 0.159375 0.000274399
0 0.714063 0.639063 0.084375 0.0875 0.000282275
0 0.731641 0.659766 0.0804688 0.0867188 0.000284918
0 0.723047 0.559766 0.297656 0.336719 0.000290628
0 0.709766 0.492969 0.186719 0.31875 0.000310206
0 0.74375 0.603906 0.140625 0.228125 0.000321552
0 0.694141 0.725391 0.224219 0.192969 0.00032346
0 0.201172 0.351562 0.0851562 0.117188 0.000324914
0 0.278516 0.245703 0.110156 0.160156 0.000332377
0 0.139453 0.466797 0.107031 0.233594 0.00034837
0 0.225781 0.621094 0.14375 0.20625 0.000348753
0 0.578906 0.548828 0.173438 0.200781 0.000389008
0 0.235938 0.4 0.134375 0.175 0.000408036
0 0.633594 0.297266 0.0859375 0.125781 0.000473009
0 0.2 0.710156 0.242188 0.185937 0.000495868
0 0.281641 0.209766 0.0679687 0.0726563 0.000524962
0 0.259375 0.435547 0.184375 0.335156 0.000531263
0 0.691797 0.515234 0.160156 0.188281 0.000554144
0 0.733984 0.678125 0.114844 0.11875 0.000575389
0 0.590234 0.635547 0.196094 0.228906 0.000584608
0 0.256641 0.321875 0.158594 0.251563 0.000860498
0 0.226953 0.334766 0.132031 0.185156 0.00109655
0 0.121094 0.678516 0.151562 0.217969 0.00111109
0 0.215234 0.380078 0.0835937 0.103906 0.00111932
0 0.644531 0.457422 0.25 0.403906 0.00113889
0 0.184375 0.430469 0.1625 0.25625 0.00120381
0 0.238672 0.673828 0.0914062 0.107031 0.00125721
0 0.712109 0.636719 0.130469 0.142188 0.00149609
0 0.122656 0.564062 0.142188 0.398438 0.00167548
0 0.619141 0.591797 0.150781 0.205469 0.00189855
0 0.264062 0.572656 0.185937 0.33125 0.0022104
0 0.633594 0.263672 0.078125 0.0929687 0.00227538
0 0.158594 0.495313 0.15625 0.428125 0.0023644
0 0.657812 0.553906 0.15 0.210938 0.00260981
0 0.708984 0.679297 0.178906 0.164844 0.00277274
0 0.657812 0.630859 0.146875 0.180469 0.00286132
0 0.280078 0.647656 0.152344 0.179688 0.0029078
0 0.619531 0.516797 0.184375 0.194531 0.00336859
0 0.204688 0.369922 0.123438 0.177344 0.00450506
0 0.691016 0.595703 0.171094 0.197656 0.00786282
0 0.208203 0.553125 0.253906 0.403125 0.0123969
0 0.176563 0.642969 0.2375 0.253125 0.0125044
0 0.680078 0.649609 0.239844 0.249219 0.0185941
0 0.229687 0.663672 0.214062 0.186719 0.0692477
0 0.65 0.567187 0.245312 0.284375 0.232877
