0 0.324609 0.511328 0.135156 0.169531 0.000107665
0 0.330859 0.199219 0.144531 0.10625 0.000133281
0 0.398047 0.216016 0.117969 0.102344 0.000138488
0 0.214844 0.482031 0.126563 0.314063 0.000139454
0 0.9 0.0601562 0.198437 0.120312 0.000140601
0 0.378516 0.260547 0.164844 0.196094 0.000150968
0 0.96875 0.265234 0.0625 0.510156 0.00016375
0 0.260547 0.283594 0.0757812 0.103125 0.000166077
0 0.89375 0.128125 0.2125 0.25625 0.000168567
0 0.285937 0.241797 0.176563 0.175781 0.00018045
0 0.721094 0.413281 0.148438 0.253125 0.000188366
0 0.930078 0.0867188 0.139844 0.173438 0.000191048
0 0.753906 0.585156 0.1875 0.328125 0.000203652
0 0.339844 0.544531 0.223438 0.228125 0.000207371
0 0.222266 0.548047 0.102344 0.161719 0.000214887
0 0.938281 0.277734 0.121875 0.555469 0.000220861
0 0.648438 0.276172 0.195312 0.230469 0.000221571
0 0.347656 0.469141 0.13125 0.216406 0.000223084
0 0.278125 0.490625 0.146875 0.189063 0.000289422
0 0.225391 0.49375 0.0914062 0.201562 0.000293327
0 0.786328 0.476953 0.236719 0.489844 0.000300771
0 0.627344 0.437109 0.225 0.408594 0.000303477
0 0.623438 0.520312 0.14375 0.204688 0.00032521
0 0.360156 0.203125 0.0921875 0.0828125 0.000348449
0 0.251563 0.311328 0.107813 0.185156 0.000479595
0 0.238281 0.515234 0.08125 0.100781 0.000483792
0 0.740625 0.486328 0.13125 0.255469 0.000576056
0 0.271484 0.275781 0.124219 0.157813 0.000599701
0 0.374219 0.430859 0.184375 0.469531 0.000665154
0 0.660156 0.546484 0.246875 0.247656 0.000694629
0 0.284375 0.322656 0.184375 0.3 0.000923541
0 0.25 0.433984 0.185937 0.414844 0.00145403
0 0.74375 0.407813 0.16875 0.39375 0.00197743
0 0.357812 0.221484 0.154687 0.135156 0.00233122
0 0.251172 0.525391 0.141406 0.175781 0.00340541
0 0.718359 0.510547 0.210156 0.324219 0.00503284
0 0.289453 0.504687 0.236719 0.257812 0.00941618
0 0.689844 0.405469 0.267188 0.5125 0.375046
0 0.310937 0.385547 0.273438 0.499219 0.517002
