0 0.406641 0.676953 0.155469 0.189844 0.000101663
0 0.898438 0.744922 0.198437 0.285156 0.000106139
0 0.264062 0.541797 0.289062 0.633594 0.000109527
0 0.382812 0.237891 0.146875 0.139844 0.000113908
0 0.953516 0.528125 0.0929687 0.407813 0.000115308
0 0.284766 0.508203 0.125781 0.263281 0.000116482
0 0.764453 0.365625 0.138281 0.239063 0.000120902
0 0.384375 0.468359 0.132812 0.178906 0.000125101
0 0.914844 0.960547 0.0640625 0.0773437 0.000131102
0 0.3625 0.505859 0.129688 0.160156 0.000131443
0 0.739062 0.491016 0.129688 0.178906 0.000135726
0 0.427734 0.636719 0.116406 0.1625 0.000140279
0 0.458594 0.64375 0.120312 0.220313 0.000142537
0 0.841016 0.363672 0.0867188 0.114844 0.00016125
0 0.264844 0.819922 0.071875 0.135156 0.000165234
0 0.93125 0.676562 0.09375 0.114063 0.000172439
0 0.8375 0.288281 0.160938 0.223438 0.000173667
0 0.456641 0.262109 0.108594 0.161719 0.000174647
0 0.324609 0.323438 0.0789063 0.096875 0.000178456
0 0.828906 0.510938 0.1375 0.148438 0.0001852
0 0.870703 0.330078 0.164844 0.316406 0.000193886
0 0.691406 0.271875 0.146875 0.242188 0.000210796
0 0.944141 0.711328 0.111719 0.192969 0.000213786
0 0.707812 0.304688 0.23125 0.354688 0.00022519
0 0.847266 0.653906 0.150781 0.192188 0.000248653
0 0.807813 0.407813 0.157813 0.214062 0.000250779
0 0.455078 0.389453 0.149219 0.357031 0.000258217
0 0.428125 0.424609 0.126563 0.224219 0.000260646
0 0.305469 0.467578 0.121875 0.174219 0.000284339
0 0.396484 0.601172 0.205469 0.417969 0.000350898
0 0.809375 0.346094 0.123438 0.225 0.000358103
0 0.763281 0.533203 0.170312 0.194531 0.000389585
0 0.826953 0.550391 0.224219 0.180469 0.000420186
0 0.430469 0.520312 0.15 0.342187 0.00042119
0 0.826953 0.46875 0.183594 0.204688 0.000434025
0 0.290234 0.402734 0.117969 0.214844 0.000453116
0 0.421484 0.241406 0.169531 0.184375 0.000481967
0 0.324219 0.323828 0.107813 0.144531 0.000485376
0 0.689844 0.189453 0.160938 0.166406 0.000501675
0 0.425781 0.617188 0.15 0.260938 0.000525681
0 0.359766 0.425 0.158594 0.203125 0.000564588
0 0.744922 0.436328 0.182031 0.303906 0.000599267
0 0.280859 0.779297 0.102344 0.192969 0.000612252
0 0.358984 0.704687 0.200781 0.245312 0.000659752
0 0.901172 0.467578 0.136719 0.249219 0.000680254
0 0.787891 0.605859 0.217969 0.286719 0.000683393
0 0.905469 0.548828 0.142188 0.230469 0.000702916
0 0.410547 0.363281 0.133594 0.257812 0.000741474
0 0.887891 0.635938 0.152344 0.215625 0.000764339
0 0.340625 0.468359 0.1125 0.121094 0.000792758
0 0.312109 0.730078 0.150781 0.255469 0.000886175
0 0.761328 0.251172 0.242969 0.264844 0.00090247
0 0.954687 0.648828 0.090625 0.275781 0.00101741
0 0.364062 0.283984 0.175 0.214844 0.00125537
0 0.787891 0.517578 0.271094 0.385156 0.00147446
0 0.306641 0.591797 0.172656 0.528906 0.00159221
0 0.328906 0.324609 0.1375 0.230469 0.0016139
0 0.832422 0.674609 0.250781 0.241406 0.00166523
0 0.866406 0.510547 0.184375 0.192969 0.0016958
0 0.411719 0.435156 0.189063 0.328125 0.00220273
0 0.845312 0.367188 0.125 0.220313 0.00272459
0 0.401953 0.314844 0.203906 0.315625 0.003188
0 0.359766 0.513281 0.232031 0.4875 0.00388188
0 0.764844 0.357812 0.264062 0.417188 0.0045928
0 0.864844 0.423828 0.145313 0.266406 0.00802121
0 0.915625 0.521875 0.16875 0.517187 0.00953679
0 0.914844 0.678906 0.170312 0.21875 0.0137983
0 0.318359 0.416797 0.146094 0.292969 0.0139463
0 0.827344 0.397266 0.21875 0.353906 0.0181346
0 0.856641 0.467578 0.283594 0.564844 0.0250494
0 0.357422 0.36875 0.202344 0.320312 0.0317229
0 0.882812 0.629687 0.234375 0.285937 0.0429223
0 0.873828 0.452344 0.197656 0.392188 0.114626
