0 0.617188 0.6 0.120312 0.214062 0.000101232
0 0.742969 0.511328 0.0859375 0.113281 0.000101838
0 0.325391 0.3 0.0523437 0.078125 0.000103409
0 0.273047 0.323828 0.0632813 0.103906 0.000103501
0 0.346875 0.460547 0.160938 0.294531 0.00010364
0 0.375781 0.276563 0.0875 0.120312 0.000110266
0 0.0152344 0.633203 0.0273438 0.221094 0.000114324
0 0.301953 0.724609 0.174219 0.203906 0.000114366
0 0.322656 0.34375 0.0671875 0.084375 0.000115289
0 0.261328 0.430078 0.0789063 0.135156 0.000118528
0 0.015625 0.878906 0.03125 0.242188 0.000121015
0 0.757422 0.453125 0.110156 0.229687 0.000124615
0 0.669922 0.319531 0.0867188 0.090625 0.000124867
0 0.383203 0.322656 0.110156 0.209375 0.000126269
0 0.694922 0.520703 0.180469 0.214844 0.000126893
0 0.891406 0.0347656 0.217187 0.0695312 0.000128504
0 0.626172 0.766016 0.116406 0.175781 0.000128894
0 0.212109 0.483984 0.0867188 0.194531 0.000132576
0 0.761719 0.657031 0.13125 0.276563 0.000137342
0 0.0476562 0.785156 0.0953125 0.428125 0.000140409
0 0.728516 0.348828 0.0523437 0.0757812 0.000141313
0 0.705078 0.382812 0.0648438 0.1 0.000142582
0 0.257422 0.466406 0.0648438 0.0796875 0.000144536
0 0.171094 0.794531 0.1875 0.325 0.000147809
0 0.651563 0.464063 0.195312 0.354688 0.000147848
0 0.775391 0.495313 0.0851562 0.192188 0.0001521
0 0.297656 0.362109 0.06875 0.0960938 0.000152827
0 0.917578 0.0558594 0.164844 0.111719 0.000154694
0 0.296484 0.585156 0.291406 0.542188 0.000159299
0 0.726172 0.471484 0.0960938 0.110156 0.00016003
0 0.221484 0.65625 0.110156 0.246875 0.000161814
0 0.327734 0.279687 0.0695312 0.0796875 0.000167046
0 0.252344 0.360938 0.078125 0.123438 0.000168554
0 0.241406 0.401172 0.096875 0.155469 0.000171413
0 0.260938 0.325 0.0453125 0.075 0.000171888
0 0.776172 0.531641 0.0695312 0.110156 0.000178853
0 0.352344 0.364844 0.148438 0.234375 0.000182913
0 0.298438 0.375781 0.146875 0.195312 0.000183449
0 0.707812 0.346484 0.04375 0.0710938 0.000188561
0 0.0242187 0.812109 0.0484375 0.372656 0.000193335
0 0.0378906 0.641797 0.0757812 0.647656 0.000204465
0 0.342969 0.264844 0.0546875 0.065625 0.000210092
0 0.76875 0.828125 0.203125 0.210938 0.000215081
0 0.637109 0.353125 0.132031 0.1875 0.000217108
0 0.305859 0.569922 0.191406 0.388281 0.000221491
0 0.253125 0.475391 0.090625 0.136719 0.000228631
0 0.687891 0.392188 0.155469 0.229687 0.000229657
0 0.716016 0.33125 0.0367187 0.0703125 0.000230726
0 0.660937 0.648438 0.204688 0.4 0.000244194
0 0.325781 0.320312 0.09375 0.139062 0.000252109
0 0.253125 0.475781 0.123438 0.209375 0.000254849
0 0.275391 0.350391 0.0460938 0.0804688 0.000256195
0 0.0234375 0.647656 0.0453125 0.415625 0.000263111
0 0.350391 0.278125 0.0851562 0.103125 0.000264196
0 0.268359 0.385547 0.0679687 0.119531 0.000274202
0 0.278125 0.379297 0.0515625 0.0757812 0.00027882
0 0.792578 0.692969 0.167969 0.440625 0.000284171
0 0.377344 0.772656 0.153125 0.210938 0.000287443
0 0.115234 0.0175781 0.161719 0.0335938 0.000290214
0 0.340625 0.698047 0.182812 0.330469 0.000299506
0 0.635156 0.318359 0.084375 0.0835937 0.000325821
0 0.210547 0.565234 0.0914062 0.216406 0.00032927
0 0.712109 0.380078 0.0445312 0.0648438 0.000343768
0 0.355078 0.316016 0.111719 0.167969 0.000370147
0 0.136328 0.0296875 0.210156 0.0578125 0.000374164
0 0.342187 0.764063 0.123438 0.170312 0.000401864
0 0.230078 0.525 0.121094 0.21875 0.000437817
0 0.266797 0.365234 0.0476562 0.0726563 0.000455611
0 0.742188 0.724609 0.1375 0.205469 0.000468435
0 0.211328 0.732031 0.128906 0.321875 0.000520487
0 0.660156 0.796875 0.148438 0.1875 0.000542914
0 0.765234 0.546875 0.102344 0.1625 0.000650679
0 0.231641 0.608594 0.141406 0.384375 0.000652631
0 0.239063 0.835156 0.189063 0.217187 0.000669992
0 0.240625 0.762891 0.142188 0.219531 0.000751138
0 0.788281 0.775781 0.154687 0.217187 0.000801874
0 0.713281 0.363672 0.0359375 0.0648438 0.000829737
0 0.740625 0.499219 0.114063 0.189063 0.000858233
0 0.731641 0.564453 0.157031 0.325781 0.000949891
0 0.299609 0.780469 0.142969 0.165625 0.000955856
0 0.340625 0.803125 0.173438 0.2 0.00134692
0 0.71875 0.759766 0.084375 0.0960938 0.00155156
0 0.729688 0.775 0.292188 0.271875 0.00168827
0 0.275781 0.693359 0.215625 0.371094 0.00241034
0 0.685547 0.726172 0.192969 0.244531 0.00267642
0 0.728125 0.693359 0.215625 0.363281 0.00317797
0 0.719922 0.7625 0.125781 0.140625 0.0044818
0 0.730078 0.778125 0.197656 0.184375 0.0150249
0 0.280078 0.791797 0.228906 0.225781 0.0166985
