0 0.222656 0.0566406 0.3875 0.111719 0.000103447
0 0.971875 0.602734 0.053125 0.746094 0.00010444
0 0.303125 0.393359 0.18125 0.332031 0.000105157
0 0.632031 0.427734 0.134375 0.160156 0.00010573
0 0.676953 0.533203 0.0882813 0.114844 0.000106791
0 0.983594 0.6875 0.0328125 0.417188 0.000108242
0 0.744531 0.564062 0.19375 0.485938 0.00010952
0 0.590234 0.426172 0.0835937 0.100781 0.000110482
0 0.180859 0.345313 0.100781 0.175 0.000116239
0 0.215625 0.260547 0.132812 0.191406 0.00011961
0 0.0492188 0.646484 0.0953125 0.617969 0.000124618
0 0.197266 0.521484 0.0882813 0.107031 0.000128774
0 0.281641 0.566406 0.0617188 0.0875 0.000129309
0 0.247266 0.576563 0.328906 0.396875 0.00013073
0 0.103516 0.701563 0.207031 0.596875 0.000135618
0 0.680469 0.471094 0.0828125 0.09375 0.000143176
0 0.70625 0.670703 0.340625 0.494531 0.000149266
0 0.234375 0.340234 0.08125 0.0914062 0.000151734
0 0.294531 0.547266 0.075 0.0960938 0.000156372
0 0.235156 0.508594 0.0875 0.1125 0.000164624
0 0.0503906 0.814844 0.0976562 0.370313 0.000167758
0 0.679688 0.363281 0.125 0.24375 0.00017289
0 0.598047 0.269531 0.110156 0.125 0.00017589
0 0.708594 0.678125 0.142188 0.248437 0.000177155
0 0.134375 0.586328 0.23125 0.449219 0.000178612
0 0.694531 0.489844 0.0796875 0.103125 0.000194188
0 0.573047 0.408203 0.105469 0.144531 0.00020555
0 0.658203 0.551953 0.0804688 0.0992187 0.000207601
0 0.629687 0.651172 0.320312 0.366406 0.00022163
0 0.296094 0.511719 0.123438 0.179688 0.000232429
0 0.635938 0.611719 0.1375 0.196875 0.000254555
0 0.182812 0.432813 0.128125 0.217187 0.000259179
0 0.200391 0.541797 0.146094 0.169531 0.000301877
0 0.678516 0.451562 0.107031 0.170312 0.000336271
0 0.592578 0.446484 0.121094 0.171094 0.000357747
0 0.981641 0.803906 0.0367187 0.392188 0.000378366
0 0.146094 0.508984 0.132812 0.191406 0.000392126
0 0.523828 0.614062 0.117969 0.16875 0.00042809
0 0.217578 0.344922 0.117969 0.136719 0.000443091
0 0.640625 0.492578 0.139062 0.238281 0.000447205
0 0.235938 0.410937 0.146875 0.257812 0.000461528
0 0.214062 0.490234 0.090625 0.108594 0.000573413
0 0.223047 0.332031 0.152344 0.228125 0.000615566
0 0.618359 0.552344 0.130469 0.215625 0.000621787
0 0.538672 0.567969 0.157031 0.228125 0.000647993
0 0.704687 0.448047 0.104687 0.261719 0.000657804
0 0.614844 0.329688 0.1625 0.257812 0.000667791
0 0.685156 0.667578 0.107813 0.141406 0.000671085
0 0.594922 0.389453 0.142969 0.233594 0.00078414
0 0.277734 0.548437 0.0914062 0.132812 0.000855677
0 0.641797 0.646094 0.216406 0.225 0.000952071
0 0.578906 0.482812 0.15 0.2875 0.000980959
0 0.658203 0.551562 0.130469 0.192188 0.00112845
0 0.285937 0.48125 0.173438 0.259375 0.00117657
0 0.717578 0.54375 0.130469 0.31875 0.00136927
0 0.248828 0.367969 0.239844 0.45 0.00169944
0 0.692969 0.513281 0.107813 0.235938 0.0017593
0 0.258984 0.540234 0.163281 0.164844 0.00178519
0 0.180078 0.489844 0.0929687 0.114063 0.00206084
0 0.212109 0.549609 0.252344 0.214844 0.00259502
0 0.579687 0.601172 0.2 0.207031 0.00386269
0 0.632812 0.41875 0.207813 0.395312 0.00399185
0 0.194922 0.404297 0.178906 0.336719 0.00558148
0 0.233984 0.489844 0.147656 0.167187 0.0056944
0 0.68125 0.594141 0.148438 0.286719 0.00708246
0 0.675391 0.488672 0.152344 0.357031 0.00885251
0 0.183203 0.491797 0.147656 0.164844 0.0233129
0 0.642969 0.551953 0.198437 0.299219 0.0259284
0 0.220313 0.479688 0.220313 0.235938 0.304384
