0 0.612891 0.650391 0.171094 0.161719 0.000101557
0 0.259766 0.592188 0.166406 0.126563 0.000101711
0 0.744922 0.321094 0.214844 0.240625 0.000104789
0 0.523828 0.100391 0.241406 0.199219 0.000105331
0 0.634766 0.511719 0.124219 0.179688 0.000105519
0 0.726953 0.686719 0.0835937 0.0921875 0.000105819
0 0.223047 0.48125 0.0835937 0.1 0.000106851
0 0.0722656 0.109375 0.144531 0.21875 0.000107744
0 0.269531 0.103125 0.4125 0.20625 0.000108455
0 0.157813 0.594531 0.0625 0.090625 0.000109706
0 0.278125 0.412891 0.090625 0.111719 0.000109993
0 0.923828 0.0394531 0.152344 0.0726563 0.000110584
0 0.390234 0.288672 0.153906 0.202344 0.000112606
0 0.065625 0.0566406 0.13125 0.113281 0.000113716
0 0.854688 0.340625 0.290625 0.673437 0.000113916
0 0.775391 0.0363281 0.239844 0.0726563 0.000125289
0 0.753906 0.708594 0.090625 0.145313 0.000128776
0 0.596484 0.596094 0.0867188 0.107813 0.000129147
0 0.0261719 0.644531 0.0476562 0.3375 0.000129853
0 0.373828 0.517578 0.160156 0.478906 0.000130024
0 0.865234 0.0203125 0.219531 0.0390625 0.000130994
0 0.662109 0.359375 0.0789063 0.0984375 0.000136993
0 0.320312 0.0300781 0.267188 0.0601562 0.000137507
0 0.592188 0.667188 0.109375 0.104687 0.000140355
0 0.718359 0.380469 0.0835937 0.1125 0.000140605
0 0.215234 0.569531 0.121094 0.120312 0.00014068
0 0.703125 0.467578 0.115625 0.174219 0.000147016
0 0.467969 0.0621094 0.292188 0.122656 0.000147566
0 0.187891 0.408203 0.0976562 0.185156 0.000156018
0 0.595703 0.269141 0.0914062 0.114844 0.000158803
0 0.610937 0.405078 0.120312 0.217969 0.000162977
0 0.585547 0.232422 0.185156 0.230469 0.000168376
0 0.633984 0.317578 0.0898438 0.107031 0.00017179
0 0.73125 0.326953 0.140625 0.164844 0.000173228
0 0.294531 0.0574219 0.421875 0.111719 0.00018306
0 0.294141 0.260547 0.333594 0.335156 0.000187358
0 0.711719 0.326953 0.0828125 0.107031 0.000189474
0 0.203906 0.428516 0.0828125 0.108594 0.000190429
0 0.751562 0.492578 0.0796875 0.182031 0.000191785
0 0.306641 0.594531 0.160156 0.148438 0.000192862
0 0.136719 0.0613281 0.273438 0.121094 0.000194248
0 0.782422 0.606641 0.139844 0.372656 0.000195585
0 0.702344 0.671484 0.290625 0.285156 0.0001981
0 0.599219 0.453125 0.378125 0.679688 0.000200472
0 0.680469 0.447656 0.134375 0.253125 0.000226112
0 0.596094 0.444141 0.0921875 0.149219 0.000236165
0 0.710547 0.653906 0.0867188 0.1 0.000239035
0 0.682422 0.378125 0.0773437 0.0921875 0.000243018
0 0.205859 0.365234 0.110156 0.217969 0.000252205
0 0.259766 0.478906 0.0867188 0.09375 0.000268356
0 0.599609 0.554297 0.105469 0.180469 0.000274432
0 0.676562 0.305469 0.084375 0.114063 0.000275188
0 0.657422 0.380078 0.130469 0.213281 0.000283945
0 0.344141 0.560156 0.121094 0.160938 0.000287861
0 0.250391 0.2875 0.132031 0.140625 0.00030937
0 0.739844 0.623828 0.0828125 0.114844 0.000309742
0 0.241406 0.415234 0.0921875 0.113281 0.00031021
0 0.751172 0.529297 0.291406 0.488281 0.000311568
0 0.180859 0.589063 0.111719 0.120312 0.000340637
0 0.028125 0.524219 0.053125 0.44375 0.000343816
0 0.0472656 0.522266 0.0945313 0.577344 0.000347581
0 0.697656 0.360547 0.0796875 0.111719 0.00036168
0 0.281641 0.525781 0.139844 0.1625 0.000370548
0 0.339063 0.380078 0.129688 0.224219 0.000370584
0 0.759766 0.379297 0.339844 0.530469 0.000383192
0 0.630469 0.282813 0.0921875 0.107813 0.000383266
0 0.899219 0.203906 0.201562 0.407813 0.000385989
0 0.283203 0.323438 0.146094 0.170312 0.000400805
0 0.291797 0.444922 0.0914062 0.0929687 0.000404469
0 0.744922 0.127344 0.438281 0.239063 0.000413598
0 0.283984 0.571484 0.214844 0.227344 0.000420065
0 0.660156 0.555469 0.164062 0.20625 0.000514806
0 0.240625 0.344141 0.129688 0.208594 0.000550923
0 0.363672 0.269141 0.121094 0.133594 0.000603143
0 0.734766 0.449609 0.0945313 0.233594 0.000608941
0 0.344531 0.297266 0.0875 0.0898438 0.000652076
0 0.739062 0.555859 0.096875 0.208594 0.000672671
0 0.189453 0.529297 0.114844 0.205469 0.000690951
0 0.860547 0.0402344 0.241406 0.0789063 0.000691477
0 0.903125 0.065625 0.19375 0.13125 0.000695309
0 0.678516 0.341797 0.0835937 0.111719 0.000715355
0 0.214844 0.570703 0.185937 0.163281 0.000780862
0 0.613672 0.523828 0.132031 0.294531 0.00082181
0 0.639063 0.261328 0.214062 0.171094 0.000825139
0 0.587891 0.345703 0.119531 0.235156 0.000843904
0 0.296875 0.406641 0.145313 0.174219 0.000883444
0 0.314063 0.527734 0.151562 0.217969 0.00107673
0 0.702734 0.553906 0.133594 0.248437 0.00129619
0 0.197266 0.45625 0.121094 0.1875 0.00142782
0 0.765625 0.673437 0.075 0.110937 0.00142815
0 0.825 0.0699219 0.309375 0.136719 0.00145028
0 0.227734 0.447266 0.0914062 0.107031 0.0015091
0 0.314453 0.269141 0.180469 0.158594 0.00180606
0 0.605078 0.610156 0.124219 0.1625 0.00186562
0 0.806641 0.207813 0.377344 0.40625 0.00191149
0 0.696484 0.357812 0.116406 0.175 0.00204601
0 0.708594 0.653516 0.14375 0.138281 0.00214952
0 0.674219 0.303125 0.3125 0.295312 0.00271904
0 0.622656 0.433203 0.185937 0.455469 0.00283941
0 0.864062 0.119531 0.271875 0.234375 0.00317208
0 0.594141 0.301172 0.117969 0.127344 0.00343421
0 0.746094 0.666406 0.123438 0.146875 0.0034722
0 0.226172 0.410156 0.128906 0.19375 0.003784
0 0.338672 0.311328 0.141406 0.186719 0.00516208
0 0.658984 0.613281 0.214844 0.189063 0.00589843
0 0.673437 0.320703 0.157813 0.171094 0.00687147
0 0.719922 0.401953 0.135156 0.280469 0.00697755
0 0.238281 0.498828 0.196875 0.235156 0.00780038
0 0.255859 0.445312 0.0945313 0.0890625 0.011886
0 0.285547 0.473437 0.185156 0.195312 0.0118909
0 0.732031 0.615625 0.120312 0.195312 0.0121717
0 0.301953 0.326172 0.216406 0.264844 0.013001
0 0.738672 0.538672 0.125781 0.358594 0.0134773
0 0.278125 0.419141 0.289062 0.399219 0.0153173
0 0.618359 0.307422 0.163281 0.185156 0.0177392
0 0.647266 0.349219 0.202344 0.273438 0.0418355
0 0.741797 0.661719 0.0945313 0.0921875 0.0788783
0 0.687109 0.460156 0.197656 0.459375 0.0896003
0 0.253906 0.442187 0.154687 0.15 0.130841
0 0.273047 0.388672 0.202344 0.266406 0.184199
