0 0.848828 0.781641 0.164844 0.155469 0.000101512
0 0.475781 0.518359 0.354688 0.627344 0.000102927
0 0.679688 0.293359 0.11875 0.150781 0.000103395
0 0.194141 0.755469 0.121094 0.120312 0.000106862
0 0.743359 0.247656 0.160156 0.148438 0.000107358
0 0.742969 0.48125 0.209375 0.398438 0.000116019
0 0.741016 0.732813 0.147656 0.148438 0.000117281
0 0.742969 0.315625 0.059375 0.0765625 0.000119308
0 0.719922 0.678125 0.0929687 0.115625 0.000120304
0 0.115625 0.0359375 0.23125 0.071875 0.000121769
0 0.987109 0.550391 0.0257812 0.253906 0.00012399
0 0.296094 0.339453 0.1 0.155469 0.000129126
0 0.875781 0.741406 0.0734375 0.0890625 0.000129165
0 0.648438 0.534766 0.301562 0.561719 0.000129851
0 0.771875 0.303125 0.320312 0.442187 0.000132037
0 0.267578 0.104297 0.463281 0.208594 0.000135433
0 0.677734 0.705859 0.283594 0.303906 0.000141996
0 0.808203 0.738672 0.0882813 0.0835937 0.00014242
0 0.832812 0.770312 0.292188 0.376563 0.000145564
0 0.975781 0.360156 0.0484375 0.45625 0.000148328
0 0.274609 0.333203 0.0695312 0.0820312 0.000155707
0 0.205469 0.694531 0.154687 0.182812 0.000166318
0 0.820703 0.575781 0.128906 0.285937 0.000167292
0 0.858984 0.726562 0.0804688 0.0859375 0.000170288
0 0.304297 0.654297 0.152344 0.177344 0.000172393
0 0.208984 0.0621094 0.416406 0.117969 0.000174882
0 0.973437 0.724219 0.053125 0.540625 0.0001786
0 0.362891 0.692969 0.227344 0.201562 0.000181743
0 0.366406 0.405078 0.325 0.636719 0.000183574
0 0.703125 0.569922 0.209375 0.413281 0.000186944
0 0.261328 0.448828 0.102344 0.194531 0.000204595
0 0.831641 0.482812 0.113281 0.248437 0.000205087
0 0.381641 0.636328 0.0914062 0.105469 0.000210299
0 0.415625 0.609766 0.1375 0.203906 0.000224375
0 0.346094 0.633203 0.09375 0.0992187 0.00022604
0 0.867188 0.69375 0.114063 0.185937 0.000233797
0 0.980469 0.722266 0.0390625 0.355469 0.000253617
0 0.741406 0.316406 0.0953125 0.117188 0.000256518
0 0.383984 0.523047 0.180469 0.369531 0.000287881
0 0.683203 0.714063 0.188281 0.190625 0.000297749
0 0.866797 0.760938 0.110156 0.114063 0.000304226
0 0.332031 0.399609 0.198437 0.311719 0.000318139
0 0.988672 0.634375 0.0226563 0.235938 0.000319901
0 0.701953 0.619141 0.132031 0.230469 0.000374349
0 0.809375 0.442187 0.11875 0.2 0.000386398
0 0.231641 0.741406 0.182031 0.1375 0.000450886
0 0.780859 0.713672 0.149219 0.164844 0.000517745
0 0.972656 0.524609 0.0546875 0.533594 0.000585425
0 0.808203 0.482031 0.149219 0.373437 0.000632424
0 0.776172 0.400781 0.186719 0.348437 0.000646569
0 0.725 0.361328 0.196875 0.353906 0.000658194
0 0.267578 0.474609 0.136719 0.333594 0.000787796
0 0.824219 0.696094 0.134375 0.167187 0.000794265
0 0.383203 0.653906 0.153906 0.167187 0.000826195
0 0.839844 0.728906 0.0828125 0.0609375 0.00083325
0 0.741797 0.748047 0.242969 0.186719 0.000843116
0 0.981641 0.604688 0.0367187 0.398438 0.000879843
0 0.245703 0.614062 0.180469 0.25625 0.000885148
0 0.282422 0.401563 0.119531 0.203125 0.00100228
0 0.759375 0.482812 0.290625 0.6 0.00111009
0 0.713672 0.276563 0.147656 0.151562 0.00133441
0 0.757812 0.641406 0.182812 0.21875 0.00141228
0 0.276563 0.716406 0.289062 0.207813 0.00207466
0 0.300781 0.494531 0.223438 0.451562 0.00296304
0 0.338672 0.576563 0.219531 0.29375 0.00315771
0 0.820703 0.65 0.185156 0.264062 0.00356632
0 0.814844 0.751172 0.184375 0.124219 0.00423611
0 0.722656 0.675781 0.165625 0.189063 0.00493606
0 0.347656 0.624609 0.184375 0.155469 0.0053321
0 0.783203 0.565625 0.216406 0.395312 0.0055137
0 0.842578 0.742578 0.119531 0.0898438 0.0060212
0 0.30625 0.653125 0.257812 0.215625 0.0200748
0 0.776953 0.694531 0.236719 0.214062 0.0506133
