0 0.256641 0.570703 0.138281 0.183594 0.000103852
0 0.159375 0.0675781 0.31875 0.135156 0.000106126
0 0.778906 0.322656 0.0953125 0.171875 0.000108757
0 0.800391 0.732422 0.177344 0.166406 0.000108824
0 0.745703 0.404687 0.147656 0.176563 0.000111935
0 0.653125 0.482812 0.128125 0.176563 0.000113999
0 0.252734 0.471094 0.132031 0.176563 0.000114291
0 0.741406 0.530469 0.15 0.170312 0.000116661
0 0.670313 0.357031 0.18125 0.295312 0.000117153
0 0.311719 0.460156 0.2875 0.510938 0.000117205
0 0.383984 0.397266 0.103906 0.138281 0.000121011
0 0.378906 0.490625 0.107813 0.25 0.000124587
0 0.35 0.653125 0.123438 0.1375 0.000125604
0 0.289844 0.204297 0.1875 0.158594 0.000128359
0 0.802734 0.428125 0.0820312 0.10625 0.000128693
0 0.760938 0.274609 0.132812 0.207031 0.000129858
0 0.969922 0.5625 0.0601562 0.671875 0.000130304
0 0.755469 0.676562 0.0875 0.0859375 0.000131192
0 0.215234 0.314844 0.0820312 0.129688 0.000133937
0 0.739453 0.658594 0.0867188 0.103125 0.000140957
0 0.773047 0.66875 0.305469 0.284375 0.000141258
0 0.839063 0.605078 0.184375 0.361719 0.000144496
0 0.782812 0.366016 0.0765625 0.0835937 0.000146442
0 0.201953 0.429688 0.0960938 0.19375 0.000147646
0 0.661328 0.563281 0.136719 0.203125 0.000155442
0 0.237891 0.297656 0.0789063 0.08125 0.00016103
0 0.233984 0.630078 0.194531 0.180469 0.000161719
0 0.345313 0.235547 0.0859375 0.0929687 0.000169653
0 0.206641 0.359375 0.100781 0.184375 0.00016974
0 0.714063 0.228906 0.151562 0.148438 0.000173475
0 0.711328 0.307422 0.307031 0.411719 0.000174732
0 0.633203 0.238281 0.0851562 0.084375 0.000180089
0 0.798828 0.385156 0.0742188 0.0921875 0.000184413
0 0.175781 0.482031 0.110937 0.271875 0.000192219
0 0.363281 0.574219 0.0953125 0.165625 0.000193257
0 0.344531 0.6125 0.114063 0.13125 0.000198099
0 0.783594 0.546875 0.117188 0.1875 0.00019866
0 0.778516 0.637891 0.133594 0.141406 0.000199928
0 0.699219 0.439063 0.18125 0.29375 0.000204232
0 0.740234 0.596875 0.132031 0.20625 0.00021548
0 0.819922 0.689453 0.163281 0.144531 0.000221036
0 0.347266 0.36875 0.174219 0.265625 0.000224684
0 0.217969 0.490234 0.0890625 0.107031 0.000225508
0 0.676953 0.527734 0.0945313 0.105469 0.000244212
0 0.199219 0.59375 0.15625 0.21875 0.000280003
0 0.297656 0.296094 0.309375 0.357812 0.000298846
0 0.38125 0.527344 0.084375 0.107813 0.000311832
0 0.799609 0.467969 0.0851562 0.103125 0.000333445
0 0.242578 0.283984 0.100781 0.128906 0.000333697
0 0.754297 0.468359 0.288281 0.475781 0.000394067
0 0.251563 0.537109 0.289062 0.361719 0.000410801
0 0.766406 0.4875 0.129688 0.171875 0.000433756
0 0.690234 0.520703 0.133594 0.150781 0.000451646
0 0.235938 0.529688 0.154687 0.167187 0.000453979
0 0.33125 0.466797 0.19375 0.364844 0.000465331
0 0.34375 0.557813 0.148438 0.221875 0.000515135
0 0.699219 0.566797 0.167187 0.252344 0.000524287
0 0.710938 0.282031 0.215625 0.254687 0.000530503
0 0.817578 0.469922 0.103906 0.178906 0.000535353
0 0.226953 0.407422 0.142969 0.283594 0.000619475
0 0.306641 0.603516 0.186719 0.169531 0.000621266
0 0.814453 0.408594 0.102344 0.210938 0.000622041
0 0.799219 0.606641 0.170312 0.235156 0.000643053
0 0.245312 0.314844 0.140625 0.204688 0.000647895
0 0.196094 0.530859 0.117188 0.210156 0.000791472
0 0.777344 0.363281 0.125 0.171875 0.000802474
0 0.698828 0.672266 0.160156 0.146094 0.000805095
0 0.676562 0.634766 0.140625 0.174219 0.000878179
0 0.738672 0.380859 0.216406 0.358594 0.000938249
0 0.762109 0.675 0.185156 0.1375 0.00105962
0 0.642969 0.234766 0.14375 0.141406 0.00106274
0 0.266016 0.380859 0.224219 0.382031 0.00130047
0 0.298047 0.263672 0.200781 0.200781 0.00131053
0 0.343359 0.230469 0.172656 0.145313 0.00150171
0 0.810938 0.522656 0.134375 0.25 0.00151821
0 0.741797 0.548828 0.211719 0.335156 0.0028342
0 0.257422 0.540625 0.213281 0.245312 0.00309436
0 0.728906 0.640625 0.196875 0.175 0.00315587
0 0.216797 0.480859 0.144531 0.222656 0.00587746
0 0.796094 0.458203 0.134375 0.258594 0.00627523
