0 0.439453 0.646875 0.403906 0.471875 0.00010129
0 0.244922 0.377344 0.167969 0.373437 0.000105208
0 0.248828 0.467969 0.128906 0.371875 0.000106954
0 0.824609 0.689453 0.133594 0.317969 0.00012705
0 0.285547 0.197656 0.153906 0.195312 0.000131237
0 0.298047 0.225 0.0867188 0.126563 0.000136016
0 0.278516 0.198047 0.294531 0.280469 0.000136931
0 0.376953 0.652344 0.174219 0.28125 0.000139414
0 0.780469 0.617188 0.13125 0.267188 0.000148216
0 0.353516 0.458984 0.278906 0.666406 0.000155933
0 0.155078 0.271484 0.310156 0.521094 0.000165204
0 0.149609 0.0761719 0.285156 0.152344 0.00016522
0 0.76875 0.444141 0.090625 0.169531 0.000169322
0 0.741797 0.696094 0.191406 0.214062 0.000180425
0 0.483203 0.475781 0.466406 0.767187 0.000182491
0 0.371875 0.184766 0.415625 0.369531 0.000192852
0 0.677344 0.573828 0.101562 0.183594 0.000196235
0 0.664062 0.572266 0.139062 0.307031 0.000202379
0 0.302734 0.636719 0.138281 0.170312 0.000204897
0 0.648047 0.542188 0.353906 0.615625 0.000206878
0 0.292188 0.389062 0.195312 0.5 0.000214119
0 0.368359 0.730078 0.155469 0.194531 0.000257803
0 0.766797 0.494922 0.127344 0.333594 0.000266651
0 0.6625 0.562109 0.215625 0.442969 0.000354009
0 0.3375 0.612891 0.170312 0.286719 0.000358971
0 0.214844 0.652734 0.139062 0.244531 0.00036017
0 0.204297 0.153516 0.388281 0.307031 0.000376242
0 0.260156 0.61875 0.153125 0.1625 0.000395926
0 0.2375 0.707812 0.198437 0.251563 0.000517949
0 0.294141 0.585938 0.289844 0.423438 0.000550658
0 0.657031 0.682031 0.154687 0.214062 0.000574274
0 0.250391 0.583984 0.174219 0.324219 0.000816366
0 0.730078 0.536328 0.217969 0.442969 0.000867567
0 0.784766 0.733594 0.186719 0.265625 0.000947558
0 0.694922 0.644922 0.205469 0.303906 0.00125038
0 0.329297 0.692969 0.208594 0.245312 0.00125954
0 0.766406 0.641797 0.196875 0.360156 0.00367887
0 0.278516 0.655078 0.222656 0.274219 0.00649365
