0 0.225391 0.549219 0.135156 0.271875 0.000100712
0 0.691016 0.950781 0.367969 0.0984375 0.00010357
0 0.116406 0.384766 0.220313 0.655469 0.000105008
0 0.535156 0.950391 0.19375 0.0992187 0.000107843
0 0.0582031 0.378125 0.116406 0.689062 0.000109191
0 0.0347656 0.146484 0.0695312 0.263281 0.000112464
0 0.391406 0.177734 0.242188 0.330469 0.000114679
0 0.311719 0.222656 0.210938 0.309375 0.000116372
0 0.613281 0.446094 0.185937 0.201562 0.000116489
0 0.229687 0.674219 0.292188 0.459375 0.000119344
0 0.635156 0.589844 0.317187 0.345313 0.000119665
0 0.569922 0.605859 0.186719 0.175781 0.00012222
0 0.673437 0.446875 0.134375 0.273438 0.000126577
0 0.716016 0.353906 0.321094 0.551562 0.000139037
0 0.553516 0.241016 0.138281 0.185156 0.000139401
0 0.546484 0.433594 0.188281 0.45625 0.000142598
0 0.353906 0.299219 0.201562 0.35625 0.00014282
0 0.0996094 0.186719 0.199219 0.373437 0.000143245
0 0.246875 0.364844 0.223438 0.357812 0.00014353
0 0.0523437 0.483594 0.104687 0.301562 0.000146729
0 0.314063 0.596094 0.282813 0.51875 0.000147006
0 0.471094 0.0449219 0.242188 0.0867188 0.000150014
0 0.275391 0.446875 0.171094 0.195312 0.000150871
0 0.0199219 0.611328 0.0367187 0.250781 0.000154878
0 0.766016 0.0628906 0.383594 0.125781 0.000160707
0 0.951953 0.438281 0.0960938 0.246875 0.000161453
0 0.683203 0.585547 0.136719 0.160156 0.000163637
0 0.573828 0.509766 0.169531 0.224219 0.000186338
0 0.109375 0.065625 0.21875 0.13125 0.000197113
0 0.938672 0.638281 0.122656 0.635938 0.000198835
0 0.0460938 0.570703 0.0890625 0.250781 0.000199183
0 0.392578 0.270703 0.321094 0.502344 0.000208877
0 0.699609 0.104687 0.424219 0.20625 0.000219386
0 0.597266 0.963672 0.208594 0.0726563 0.000222156
0 0.555469 0.224609 0.323438 0.319531 0.000224169
0 0.885156 0.641016 0.229687 0.688281 0.000225462
0 0.607031 0.9125 0.371875 0.175 0.000227631
0 0.35 0.11875 0.196875 0.226562 0.000228635
0 0.558203 0.100781 0.378906 0.201562 0.000235179
0 0.971094 0.472266 0.0578125 0.253906 0.000239242
0 0.184766 0.542578 0.299219 0.652344 0.000240971
0 0.651172 0.381641 0.133594 0.253906 0.000256549
0 0.630859 0.239453 0.272656 0.239844 0.000261186
0 0.0265625 0.726172 0.0515625 0.478906 0.000264024
0 0.623438 0.0652344 0.389062 0.130469 0.000282294
0 0.0675781 0.132031 0.135156 0.259375 0.000289234
0 0.288672 0.3125 0.196094 0.273438 0.000303706
0 0.643359 0.58125 0.228906 0.2 0.000372402
0 0.650781 0.321875 0.1125 0.16875 0.00037273
0 0.0875 0.597656 0.175 0.7 0.000388167
0 0.245703 0.491016 0.150781 0.242969 0.000471349
0 0.612109 0.382422 0.175781 0.188281 0.000485922
0 0.227344 0.671484 0.167187 0.257031 0.000516816
0 0.505469 0.065625 0.321875 0.13125 0.000558018
0 0.614844 0.508203 0.245312 0.310156 0.000596312
0 0.471484 0.14375 0.385156 0.2875 0.000660455
0 0.335938 0.382031 0.3 0.6625 0.000868782
0 0.678516 0.520703 0.160156 0.221094 0.000872492
0 0.0324219 0.603906 0.0648438 0.440625 0.00108591
0 0.401172 0.0699219 0.200781 0.139844 0.0011208
0 0.571094 0.270312 0.207813 0.251563 0.00113235
0 0.0503906 0.601562 0.0992187 0.596875 0.00176167
0 0.447656 0.0972656 0.28125 0.192969 0.00191298
0 0.664844 0.429297 0.190625 0.400781 0.00201786
0 0.628906 0.321094 0.16875 0.246875 0.00208681
0 0.216016 0.555859 0.191406 0.497656 0.00352844
0 0.268359 0.488672 0.247656 0.578906 0.405644
0 0.608203 0.380078 0.261719 0.477344 0.516438
