0 0.599609 0.306641 0.0460938 0.0492188 0.000100013
0 0.208203 0.332031 0.0789063 0.075 0.000100483
0 0.169531 0.429297 0.0328125 0.0539063 0.000101154
0 0.293359 0.283594 0.142969 0.142188 0.000101926
0 0.210156 0.680469 0.059375 0.115625 0.000102087
0 0.304297 0.951563 0.452344 0.0953125 0.000102464
0 0.0453125 0.721875 0.0890625 0.429688 0.000103366
0 0.304297 0.471094 0.0789063 0.103125 0.000105104
0 0.295312 0.865625 0.446875 0.248437 0.000105167
0 0.696875 0.669531 0.1125 0.0859375 0.000108382
0 0.492969 0.299609 0.101562 0.124219 0.000112898
0 0.167969 0.645312 0.154687 0.284375 0.000115699
0 0.434375 0.200781 0.0609375 0.065625 0.000117191
0 0.611328 0.366406 0.0789063 0.126563 0.000117822
0 0.281641 0.421875 0.0773437 0.090625 0.000119577
0 0.485938 0.191016 0.040625 0.0476562 0.000120444
0 0.978516 0.728906 0.0429688 0.420312 0.000121958
0 0.31875 0.451172 0.110937 0.196094 0.000122254
0 0.585156 0.293359 0.0703125 0.0976562 0.00012277
0 0.487891 0.239063 0.0773437 0.120312 0.000122825
0 0.324609 0.59375 0.117969 0.246875 0.000123946
0 0.578906 0.667578 0.090625 0.0960938 0.000127592
0 0.198437 0.376172 0.132812 0.178906 0.000129682
0 0.578906 0.598828 0.0890625 0.110156 0.000131994
0 0.585938 0.3625 0.075 0.0984375 0.00013477
0 0.629687 0.3875 0.0828125 0.16875 0.000135663
0 0.260547 0.53125 0.122656 0.215625 0.000136468
0 0.730469 0.671094 0.046875 0.0703125 0.000137686
0 0.222266 0.617188 0.0726563 0.101562 0.000137819
0 0.55 0.378125 0.292188 0.36875 0.000137821
0 0.514844 0.614062 0.1625 0.154687 0.000138642
0 0.279297 0.751562 0.0898438 0.0953125 0.000143796
0 0.574219 0.702344 0.192188 0.171875 0.00014467
0 0.257422 0.442578 0.0695312 0.0820312 0.000146677
0 0.536328 0.325391 0.0882813 0.110156 0.00014683
0 0.186328 0.572656 0.0835937 0.15625 0.000148199
0 0.235938 0.465234 0.071875 0.0929687 0.000152975
0 0.560156 0.599219 0.142188 0.148438 0.000156511
0 0.0289063 0.635547 0.05625 0.202344 0.000156577
0 0.201172 0.574609 0.0726563 0.100781 0.000159162
0 0.539062 0.360547 0.0875 0.102344 0.000161295
0 0.363672 0.640234 0.150781 0.211719 0.000161476
0 0.672266 0.636328 0.0898438 0.100781 0.000162749
0 0.422266 0.717969 0.141406 0.159375 0.000164055
0 0.297656 0.403125 0.0859375 0.104687 0.000165632
0 0.516406 0.426562 0.115625 0.126563 0.000166465
0 0.664453 0.469922 0.0585938 0.100781 0.000166824
0 0.423047 0.525781 0.185156 0.378125 0.000168218
0 0.306641 0.511719 0.0789063 0.101562 0.000178937
0 0.579687 0.492188 0.126563 0.232812 0.000182066
0 0.226172 0.378906 0.0820312 0.10625 0.000182846
0 0.415234 0.696484 0.328906 0.269531 0.000185454
0 0.444141 0.184766 0.0429688 0.0398437 0.000188913
0 0.361328 0.735547 0.133594 0.125781 0.000190809
0 0.297266 0.699219 0.0914062 0.107813 0.000198544
0 0.0339844 0.477734 0.0679687 0.261719 0.000203621
0 0.207422 0.759375 0.0445312 0.104687 0.000205681
0 0.601562 0.491406 0.06875 0.0828125 0.000216432
0 0.174219 0.562891 0.109375 0.258594 0.000219295
0 0.310156 0.783203 0.214062 0.175781 0.000219482
0 0.44375 0.540234 0.325 0.452344 0.000224024
0 0.192969 0.460938 0.129688 0.267188 0.000224387
0 0.342578 0.550391 0.110156 0.163281 0.000224971
0 0.320703 0.752344 0.147656 0.13125 0.00022738
0 0.223047 0.772266 0.105469 0.135156 0.000231831
0 0.263281 0.402734 0.08125 0.103906 0.000234074
0 0.183594 0.416016 0.05 0.0820312 0.000234275
0 0.1875 0.491797 0.065625 0.164844 0.000239209
0 0.402734 0.657422 0.127344 0.232031 0.000242933
0 0.0152344 0.532422 0.0304688 0.214844 0.00024682
0 0.187891 0.467969 0.0476562 0.096875 0.000250494
0 0.611719 0.667188 0.090625 0.0875 0.000253515
0 0.276953 0.683984 0.0914062 0.114844 0.000256157
0 0.505859 0.350391 0.146094 0.185156 0.000262234
0 0.613672 0.578906 0.0851562 0.103125 0.000266156
0 0.276563 0.336719 0.289062 0.26875 0.000268751
0 0.234766 0.637109 0.0710938 0.0992187 0.000281903
0 0.330859 0.39375 0.164844 0.251563 0.000287336
0 0.308203 0.548828 0.0992187 0.144531 0.000293534
0 0.219531 0.598437 0.09375 0.185937 0.000300434
0 0.320312 0.660937 0.139062 0.210938 0.000319256
0 0.652344 0.669141 0.142188 0.105469 0.00032595
0 0.507812 0.267578 0.0796875 0.0992187 0.000338068
0 0.242969 0.750781 0.0859375 0.0953125 0.000340482
0 0.650781 0.614844 0.0890625 0.109375 0.000344828
0 0.380078 0.442578 0.192969 0.374219 0.000355135
0 0.640234 0.701172 0.219531 0.163281 0.000356001
0 0.433594 0.2 0.0375 0.053125 0.000357564
0 0.279297 0.382422 0.0882813 0.110156 0.000364082
0 0.0308594 0.643359 0.0617188 0.433594 0.000386711
0 0.634766 0.486719 0.0820312 0.101562 0.000390746
0 0.529297 0.429297 0.150781 0.217969 0.00039311
0 0.200781 0.488281 0.0578125 0.0984375 0.000402153
0 0.240625 0.747266 0.298438 0.317969 0.000411794
0 0.540625 0.475 0.201562 0.340625 0.000416615
0 0.215625 0.515234 0.065625 0.0976562 0.00042791
0 0.588672 0.320312 0.0585938 0.0734375 0.00044029
0 0.214062 0.448828 0.0578125 0.0757812 0.000469186
0 0.719531 0.655469 0.05625 0.08125 0.000480916
0 0.619531 0.466797 0.0796875 0.103906 0.000496551
0 0.237109 0.489844 0.111719 0.2 0.000506558
0 0.247266 0.399219 0.108594 0.151562 0.000563978
0 0.286328 0.489453 0.125781 0.214844 0.000568463
0 0.704687 0.6125 0.129688 0.173438 0.000569153
0 0.242969 0.427344 0.078125 0.103125 0.00058769
0 0.524219 0.309375 0.13125 0.16875 0.000643268
0 0.225 0.719531 0.0734375 0.120312 0.00064996
0 0.240625 0.683203 0.0828125 0.117969 0.000659539
0 0.578906 0.322656 0.0875 0.11875 0.000661225
0 0.572656 0.666016 0.304688 0.275781 0.000686813
0 0.382422 0.751172 0.241406 0.167969 0.000731595
0 0.192578 0.697266 0.141406 0.225781 0.000738988
0 0.0238281 0.559375 0.0476562 0.3 0.000746346
0 0.341406 0.699609 0.135937 0.150781 0.00074646
0 0.339453 0.746484 0.332031 0.275781 0.000748829
0 0.708984 0.643359 0.0914062 0.117969 0.000749745
0 0.282422 0.458594 0.289844 0.475 0.00075468
0 0.242578 0.308984 0.142969 0.160156 0.000758694
0 0.208203 0.736719 0.0601562 0.165625 0.000764146
0 0.324219 0.512891 0.109375 0.199219 0.000773384
0 0.564453 0.344922 0.0851562 0.100781 0.000782822
0 0.618359 0.426562 0.0929687 0.146875 0.000795888
0 0.215234 0.468359 0.0820312 0.144531 0.000812322
0 0.434766 0.638281 0.238281 0.234375 0.000838809
0 0.191016 0.432422 0.0460938 0.0710938 0.000847174
0 0.632812 0.633984 0.09375 0.108594 0.000942746
0 0.596484 0.635938 0.0914062 0.109375 0.000945002
0 0.204688 0.401953 0.0890625 0.133594 0.00100638
0 0.277344 0.641016 0.142188 0.263281 0.0010096
0 0.3875 0.608594 0.18125 0.339063 0.0010425
0 0.257031 0.361719 0.09375 0.10625 0.00116343
0 0.194531 0.44375 0.0640625 0.110937 0.0011774
0 0.215625 0.532031 0.08125 0.157813 0.0013044
0 0.652344 0.487109 0.0921875 0.183594 0.00131291
0 0.294141 0.382812 0.133594 0.160938 0.00133243
0 0.617578 0.491797 0.105469 0.189844 0.00134217
0 0.226172 0.432813 0.113281 0.167187 0.00136
0 0.598047 0.577734 0.133594 0.167969 0.00158995
0 0.314063 0.482422 0.15 0.297656 0.00179366
0 0.284766 0.326562 0.175781 0.198437 0.00184291
0 0.612891 0.614062 0.0898438 0.114063 0.00189306
0 0.200391 0.525 0.0992187 0.242188 0.0019165
0 0.229297 0.527344 0.141406 0.334375 0.00212928
0 0.580469 0.376172 0.142188 0.177344 0.00215186
0 0.205078 0.60625 0.119531 0.295312 0.00225938
0 0.259375 0.717188 0.0921875 0.1125 0.00242958
0 0.638672 0.451562 0.0945313 0.142188 0.00246549
0 0.380859 0.695312 0.197656 0.190625 0.00267019
0 0.5625 0.634766 0.214062 0.161719 0.00301006
0 0.668359 0.634766 0.174219 0.147656 0.00303051
0 0.263672 0.750391 0.147656 0.144531 0.0032642
0 0.603516 0.499219 0.286719 0.409375 0.00331831
0 0.219531 0.351562 0.1125 0.109375 0.00344233
0 0.553125 0.347266 0.134375 0.169531 0.00379465
0 0.346484 0.550781 0.203906 0.407813 0.00409722
0 0.300781 0.663281 0.279687 0.292188 0.00511584
0 0.618359 0.608203 0.288281 0.266406 0.005616
0 0.227344 0.714063 0.0984375 0.18125 0.00637946
0 0.634375 0.492969 0.148438 0.314063 0.00664017
0 0.270312 0.412109 0.16875 0.246094 0.00746975
0 0.662891 0.563672 0.182031 0.271094 0.00799839
0 0.604297 0.661719 0.171094 0.14375 0.00877095
0 0.329297 0.720703 0.228906 0.166406 0.0108358
0 0.275 0.567969 0.195312 0.4125 0.0109019
0 0.237109 0.663281 0.124219 0.239063 0.0150025
0 0.592578 0.558594 0.189844 0.260938 0.0200382
0 0.253906 0.359766 0.148438 0.146094 0.0390955
0 0.274219 0.704687 0.179688 0.178125 0.113669
0 0.617969 0.617578 0.184375 0.167969 0.11599
