0 0.680078 0.6375 0.138281 0.192188 0.000102335
0 0.717188 0.446094 0.146875 0.192188 0.000105512
0 0.976172 0.602344 0.0476562 0.423438 0.000108067
0 0.917969 0.0699219 0.164062 0.138281 0.000117457
0 0.69375 0.06875 0.496875 0.1375 0.000117798
0 0.780469 0.616797 0.08125 0.0929687 0.000121761
0 0.726953 0.734375 0.255469 0.203125 0.000128205
0 0.746094 0.390625 0.34375 0.46875 0.000131
0 0.810156 0.543359 0.303125 0.564844 0.000135536
0 0.730078 0.3875 0.111719 0.185937 0.000136458
0 0.313672 0.769531 0.213281 0.184375 0.000145978
0 0.887891 0.143359 0.221094 0.286719 0.000147744
0 0.815234 0.61875 0.119531 0.260938 0.000152502
0 0.0316406 0.766797 0.0617188 0.466406 0.000163718
0 0.744531 0.403125 0.167187 0.285937 0.000166104
0 0.367578 0.564844 0.217969 0.404687 0.000173364
0 0.809375 0.0390625 0.38125 0.078125 0.000183795
0 0.765234 0.635938 0.0835937 0.101562 0.000211277
0 0.315625 0.402734 0.196875 0.344531 0.000243596
0 0.792188 0.720703 0.182812 0.178906 0.000259691
0 0.760938 0.573828 0.134375 0.232031 0.000268808
0 0.687109 0.335547 0.327344 0.307031 0.000299923
0 0.680469 0.677734 0.195312 0.197656 0.00031237
0 0.0691406 0.768359 0.136719 0.463281 0.00031765
0 0.253125 0.597656 0.225 0.55 0.000361869
0 0.798828 0.678906 0.0882813 0.115625 0.000379149
0 0.842969 0.0742188 0.314063 0.146875 0.000405289
0 0.028125 0.607031 0.053125 0.507812 0.000406574
0 0.782812 0.655859 0.08125 0.108594 0.000424112
0 0.728516 0.178516 0.532031 0.357031 0.000449239
0 0.723828 0.617188 0.152344 0.178125 0.000460615
0 0.610937 0.285937 0.121875 0.134375 0.000546773
0 0.698047 0.386328 0.133594 0.227344 0.000593703
0 0.0515625 0.607031 0.103125 0.751562 0.000709752
0 0.290625 0.490234 0.179688 0.361719 0.0009768
0 0.779297 0.623438 0.122656 0.1875 0.00099859
0 0.780859 0.110156 0.438281 0.217187 0.00118572
0 0.633984 0.317969 0.180469 0.207813 0.00119106
0 0.746875 0.491797 0.209375 0.416406 0.00145047
0 0.793359 0.566406 0.197656 0.428125 0.00178938
0 0.807031 0.683594 0.126563 0.184375 0.00254806
0 0.677734 0.40625 0.235156 0.301562 0.00311881
0 0.726953 0.610156 0.244531 0.301562 0.0193311
0 0.767187 0.652344 0.190625 0.214062 0.0214832
0 0.687109 0.490625 0.305469 0.55625 0.416671
0 0.319531 0.558203 0.240625 0.583594 0.495398
