0 0.622656 0.441016 0.120312 0.211719 0.000100318
0 0.282422 0.0945313 0.202344 0.170312 0.000103019
0 0.753906 0.384766 0.075 0.0867188 0.000104204
0 0.133203 0.5625 0.164844 0.482812 0.000108848
0 0.185547 0.0292969 0.211719 0.0585938 0.000111931
0 0.255078 0.65625 0.146094 0.178125 0.000112499
0 0.715625 0.353125 0.129688 0.109375 0.000113248
0 0.135937 0.028125 0.1625 0.05 0.000114144
0 0.821875 0.733594 0.139062 0.11875 0.000115127
0 0.198437 0.575391 0.135937 0.264844 0.000125887
0 0.344922 0.800391 0.216406 0.191406 0.000127783
0 0.196484 0.400391 0.155469 0.260156 0.000135507
0 0.735547 0.403125 0.0664062 0.08125 0.000136801
0 0.197266 0.141406 0.207031 0.235938 0.0001407
0 0.259766 0.444531 0.142969 0.18125 0.000140957
0 0.732422 0.369531 0.0742188 0.08125 0.000147269
0 0.739844 0.657031 0.084375 0.104687 0.000148072
0 0.167969 0.838672 0.153125 0.219531 0.000150832
0 0.178125 0.470703 0.114063 0.233594 0.000153641
0 0.800781 0.445312 0.115625 0.248437 0.00016127
0 0.21875 0.467187 0.123438 0.225 0.000161295
0 0.303125 0.720312 0.178125 0.175 0.000164034
0 0.653906 0.5125 0.117188 0.201562 0.000175926
0 0.237109 0.595312 0.127344 0.251563 0.000180013
0 0.644141 0.655469 0.128906 0.217187 0.000184047
0 0.696094 0.580859 0.139062 0.186719 0.00018865
0 0.759375 0.672656 0.0875 0.110937 0.0002291
0 0.798047 0.675 0.0914062 0.110937 0.000241187
0 0.344922 0.435547 0.171094 0.189844 0.000242366
0 0.182031 0.740625 0.129688 0.20625 0.000263523
0 0.691406 0.447266 0.201562 0.342969 0.000264417
0 0.136328 0.728516 0.157031 0.338281 0.000273728
0 0.760547 0.396875 0.110156 0.139062 0.000277791
0 0.214453 0.0601562 0.291406 0.120312 0.000297981
0 0.161328 0.0953125 0.244531 0.190625 0.000299586
0 0.218359 0.802344 0.0867188 0.10625 0.000304527
0 0.288281 0.128906 0.279687 0.257812 0.0003299
0 0.256641 0.81875 0.211719 0.175 0.000339228
0 0.769922 0.440234 0.167969 0.361719 0.000355849
0 0.6625 0.596875 0.13125 0.239063 0.000378915
0 0.730859 0.390625 0.0976562 0.117188 0.000379279
0 0.310547 0.398047 0.219531 0.149219 0.00045924
0 0.704297 0.392188 0.175781 0.176563 0.000480969
0 0.215625 0.657422 0.135937 0.244531 0.000498255
0 0.337109 0.562109 0.219531 0.500781 0.000553609
0 0.310937 0.478516 0.217187 0.277344 0.000580046
0 0.181641 0.4875 0.149219 0.378125 0.000679771
0 0.800781 0.53125 0.165625 0.40625 0.000682863
0 0.778906 0.65625 0.0890625 0.0953125 0.000705147
0 0.238672 0.188672 0.299219 0.357031 0.000746414
0 0.833203 0.678516 0.138281 0.186719 0.000787206
0 0.218359 0.741406 0.138281 0.25 0.000809762
0 0.273438 0.282031 0.239063 0.335938 0.000892405
0 0.280469 0.390234 0.24375 0.241406 0.000898189
0 0.229687 0.386328 0.196875 0.375781 0.000911672
0 0.315234 0.720312 0.225781 0.285937 0.00105711
0 0.162891 0.680859 0.121094 0.241406 0.00115885
0 0.661719 0.528516 0.175 0.410156 0.00122958
0 0.234766 0.800391 0.128906 0.152344 0.00142305
0 0.766406 0.746875 0.298438 0.2125 0.00154013
0 0.817187 0.713672 0.201562 0.178906 0.001835
0 0.797266 0.626562 0.205469 0.25625 0.00189775
0 0.739844 0.657812 0.14375 0.148438 0.00190589
0 0.269922 0.488281 0.252344 0.410937 0.00195937
0 0.703906 0.707812 0.23125 0.234375 0.0026583
0 0.167969 0.651172 0.160938 0.407031 0.0040675
0 0.263672 0.645312 0.253906 0.457812 0.00439651
0 0.2 0.802734 0.164062 0.207031 0.00504327
0 0.261328 0.765625 0.261719 0.254687 0.0071349
0 0.778906 0.673047 0.148438 0.152344 0.00983058
0 0.694141 0.638281 0.200781 0.226562 0.0133608
0 0.211719 0.576172 0.198437 0.511719 0.0142919
0 0.727734 0.573828 0.260156 0.361719 0.0158096
0 0.206641 0.720703 0.207031 0.341406 0.0375141
0 0.7625 0.678125 0.260938 0.196875 0.179372
