0 0.278125 0.532812 0.084375 0.114063 0.000100709
0 0.117578 0.0378906 0.235156 0.0726563 0.000100925
0 0.576563 0.433984 0.2625 0.536719 0.00010095
0 0.637891 0.339844 0.0773437 0.10625 0.000102236
0 0.721094 0.496484 0.121875 0.207031 0.000103474
0 0.162109 0.385938 0.0914062 0.1625 0.000104516
0 0.639844 0.530859 0.0734375 0.0960938 0.000106874
0 0.0507812 0.389844 0.101562 0.735937 0.000107093
0 0.672266 0.695703 0.266406 0.361719 0.000109856
0 0.304688 0.450391 0.135937 0.263281 0.000110294
0 0.457031 0.210156 0.429688 0.40625 0.000115415
0 0.757812 0.471094 0.09375 0.2375 0.000115768
0 0.328516 0.596875 0.300781 0.329688 0.000117226
0 0.221875 0.514063 0.0890625 0.114063 0.000118541
0 0.5375 0.13125 0.385938 0.257812 0.000120541
0 0.215234 0.409766 0.124219 0.253906 0.000125485
0 0.671875 0.357812 0.142188 0.16875 0.00012587
0 0.287109 0.25625 0.132031 0.14375 0.000128361
0 0.78125 0.566016 0.11875 0.272656 0.00012848
0 0.739062 0.402734 0.196875 0.449219 0.000128724
0 0.592578 0.548437 0.188281 0.396875 0.000130508
0 0.179297 0.364062 0.0726563 0.101562 0.000131849
0 0.344531 0.364453 0.11875 0.191406 0.000132748
0 0.428516 0.964063 0.122656 0.071875 0.000136605
0 0.0660156 0.0664062 0.132031 0.128125 0.00014204
0 0.635547 0.636328 0.0773437 0.0914062 0.000142203
0 0.696484 0.588281 0.0867188 0.1125 0.0001545
0 0.242578 0.567969 0.0804688 0.101562 0.000156864
0 0.719922 0.346875 0.108594 0.173438 0.00016188
0 0.311719 0.623047 0.196875 0.186719 0.000162164
0 0.119531 0.596875 0.123438 0.20625 0.000162233
0 0.717188 0.573438 0.0875 0.109375 0.000163157
0 0.51875 0.351953 0.420312 0.628906 0.000172081
0 0.224219 0.548828 0.084375 0.102344 0.000172975
0 0.258984 0.494531 0.0882813 0.110937 0.000173455
0 0.760547 0.653125 0.125781 0.132812 0.000183817
0 0.65625 0.594531 0.0875 0.117188 0.000184555
0 0.714844 0.322656 0.0859375 0.1 0.000199666
0 0.683984 0.294531 0.350781 0.376563 0.000199936
0 0.755859 0.536719 0.108594 0.196875 0.000203358
0 0.633594 0.307031 0.10625 0.115625 0.000206183
0 0.101562 0.294922 0.203125 0.549219 0.000208658
0 0.202344 0.566406 0.14375 0.160938 0.000212888
0 0.571875 0.283594 0.28125 0.421875 0.000218934
0 0.705078 0.280078 0.194531 0.219531 0.000225453
0 0.234766 0.307813 0.222656 0.248437 0.00023056
0 0.545313 0.634766 0.364062 0.661719 0.000233999
0 0.594141 0.371484 0.188281 0.314844 0.000235001
0 0.445312 0.620703 0.354688 0.758594 0.000236198
0 0.0707031 0.130859 0.141406 0.261719 0.000260646
0 0.283594 0.222266 0.19375 0.174219 0.000269284
0 0.380469 0.350781 0.2 0.373437 0.000269646
0 0.140625 0.512891 0.11875 0.244531 0.000279954
0 0.639844 0.251563 0.235938 0.275 0.000282598
0 0.180078 0.391797 0.302344 0.614844 0.000285052
0 0.337891 0.235547 0.185156 0.213281 0.000286014
0 0.178125 0.575 0.279687 0.30625 0.000301748
0 0.676172 0.570703 0.0898438 0.110156 0.000319841
0 0.193359 0.180859 0.386719 0.361719 0.00032243
0 0.259375 0.550391 0.0859375 0.105469 0.000325036
0 0.65625 0.552344 0.0859375 0.10625 0.00034691
0 0.641797 0.536328 0.0976562 0.171094 0.000353796
0 0.287891 0.245312 0.371094 0.301562 0.000385115
0 0.185547 0.361328 0.100781 0.158594 0.000387915
0 0.653906 0.633984 0.1125 0.135156 0.000402863
0 0.368359 0.519922 0.142969 0.267969 0.000403799
0 0.695312 0.317969 0.139062 0.129688 0.000424603
0 0.729297 0.557031 0.296094 0.310937 0.000427779
0 0.6625 0.654297 0.189063 0.242969 0.000435292
0 0.241016 0.529688 0.0867188 0.110937 0.000455902
0 0.177344 0.429688 0.117188 0.24375 0.000499944
0 0.283984 0.566406 0.133594 0.15625 0.000543778
0 0.278125 0.494922 0.132812 0.196094 0.000604873
0 0.648438 0.397266 0.179688 0.339844 0.000653892
0 0.1375 0.0683594 0.275 0.136719 0.000674159
0 0.701953 0.639844 0.205469 0.165625 0.000713499
0 0.348828 0.310156 0.158594 0.221875 0.000722458
0 0.749219 0.486328 0.140625 0.361719 0.000759526
0 0.181641 0.494531 0.167969 0.207813 0.000844089
0 0.625391 0.352344 0.122656 0.16875 0.000863547
0 0.697266 0.535547 0.136719 0.214844 0.000950913
0 0.3375 0.439844 0.1875 0.379687 0.00113977
0 0.332031 0.576563 0.148438 0.198437 0.00137244
0 0.198047 0.409375 0.199219 0.364062 0.00173581
0 0.273438 0.579297 0.2125 0.205469 0.0018948
0 0.235938 0.475 0.159375 0.198437 0.00203645
0 0.651953 0.317969 0.164844 0.16875 0.00231871
0 0.3 0.279687 0.2 0.246875 0.00239906
0 0.642187 0.591406 0.125 0.192188 0.00244644
0 0.747656 0.596094 0.146875 0.196875 0.00256807
0 0.165234 0.553906 0.196094 0.217187 0.0032394
0 0.24375 0.544922 0.128125 0.172656 0.00404692
0 0.657812 0.535156 0.146875 0.25625 0.00471895
0 0.274609 0.405859 0.267969 0.469531 0.00857114
0 0.301172 0.525781 0.205469 0.23125 0.0113612
0 0.69375 0.473047 0.209375 0.402344 0.0154773
0 0.224609 0.496484 0.300781 0.330469 0.0163656
0 0.696094 0.576563 0.201562 0.20625 0.0518664
0 0.222656 0.525781 0.2125 0.220313 0.0770442
