0 0.260547 0.886719 0.144531 0.16875 0.00010182
0 0.658203 0.715625 0.155469 0.201562 0.000103896
0 0.987109 0.633594 0.0242187 0.239063 0.00010484
0 0.748438 0.616406 0.159375 0.401563 0.000106272
0 0.695703 0.573047 0.0742188 0.0929687 0.000107574
0 0.119141 0.965234 0.0617188 0.0664062 0.000108442
0 0.341406 0.778906 0.110937 0.185937 0.000111424
0 0.305859 0.801562 0.130469 0.203125 0.000112686
0 0.265625 0.958203 0.248437 0.0835937 0.000115422
0 0.176953 0.905078 0.0914062 0.108594 0.000118385
0 0.136328 0.724609 0.175781 0.550781 0.000121686
0 0.735937 0.637109 0.1125 0.194531 0.000122143
0 0.592578 0.378125 0.303906 0.459375 0.000129829
0 0.309375 0.452734 0.1 0.136719 0.000130448
0 0.338672 0.959766 0.124219 0.0789063 0.000132794
0 0.239453 0.569922 0.0898438 0.113281 0.000134211
0 0.273438 0.609375 0.165625 0.203125 0.000137894
0 0.763281 0.967969 0.225 0.0640625 0.000138936
0 0.659766 0.919141 0.150781 0.161719 0.000139677
0 0.680859 0.510156 0.138281 0.204688 0.000141543
0 0.951563 0.647266 0.096875 0.469531 0.000144352
0 0.658594 0.782812 0.15625 0.184375 0.000149172
0 0.574219 0.652344 0.201562 0.39375 0.00015268
0 0.53125 0.306641 0.296875 0.428906 0.000154756
0 0.622656 0.635938 0.128125 0.171875 0.000155969
0 0.134375 0.816797 0.14375 0.330469 0.000156312
0 0.316797 0.569531 0.225781 0.207813 0.000185736
0 0.628125 0.491016 0.198437 0.291406 0.000187647
0 0.478125 0.600391 0.270312 0.347656 0.000189838
0 0.657031 0.652734 0.084375 0.100781 0.000200836
0 0.640234 0.597656 0.117969 0.15 0.000202995
0 0.7375 0.700391 0.125 0.228906 0.000204691
0 0.382812 0.417969 0.2625 0.342187 0.000221247
0 0.391016 0.519922 0.296094 0.328906 0.000222773
0 0.198047 0.739062 0.119531 0.276563 0.000226592
0 0.177344 0.603516 0.185937 0.513281 0.000237942
0 0.30625 0.493359 0.132812 0.163281 0.000239676
0 0.634375 0.937891 0.248437 0.124219 0.000240486
0 0.841016 0.883984 0.289844 0.232031 0.000241391
0 0.718359 0.844922 0.0773437 0.100781 0.000244296
0 0.641406 0.573438 0.31875 0.482812 0.000263515
0 0.137109 0.945312 0.0898438 0.1 0.000264256
0 0.448828 0.7 0.357031 0.592188 0.000270723
0 0.623828 0.654297 0.172656 0.288281 0.000273058
0 0.339063 0.770703 0.154687 0.388281 0.000281543
0 0.674609 0.633594 0.0851562 0.109375 0.000284415
0 0.974609 0.808203 0.0507812 0.383594 0.000294692
0 0.525 0.453906 0.332812 0.515625 0.000304635
0 0.682813 0.958203 0.248437 0.0835937 0.000319828
0 0.980078 0.688672 0.0398437 0.438281 0.000323947
0 0.215234 0.863672 0.146094 0.191406 0.000337393
0 0.206641 0.632031 0.132031 0.275 0.000351096
0 0.709766 0.573438 0.124219 0.20625 0.000360153
0 0.15625 0.925391 0.109375 0.117969 0.000388593
0 0.25625 0.548047 0.08125 0.107031 0.000414375
0 0.702734 0.782422 0.138281 0.230469 0.000414406
0 0.944922 0.782031 0.105469 0.426562 0.000423585
0 0.617969 0.848047 0.140625 0.246094 0.000460592
0 0.845703 0.718359 0.257031 0.558594 0.000481229
0 0.698047 0.675 0.147656 0.192188 0.000492475
0 0.320703 0.934375 0.138281 0.126563 0.000519226
0 0.196484 0.920313 0.191406 0.14375 0.000601631
0 0.398828 0.557813 0.407031 0.596875 0.000614767
0 0.551953 0.642578 0.321094 0.502344 0.000628809
0 0.584375 0.820312 0.18125 0.353125 0.00063468
0 0.758984 0.922266 0.232031 0.155469 0.000707903
0 0.657812 0.651953 0.125 0.157031 0.00072898
0 0.753906 0.823828 0.134375 0.258594 0.000941989
0 0.179297 0.823828 0.132031 0.253906 0.00097622
0 0.597656 0.905469 0.179688 0.179688 0.00100792
0 0.698438 0.900391 0.142188 0.191406 0.00102383
0 0.302344 0.858984 0.19375 0.257031 0.00104467
0 0.680078 0.846875 0.150781 0.25625 0.0010474
0 0.795313 0.815625 0.2625 0.36875 0.00123566
0 0.65625 0.573828 0.176563 0.288281 0.00125691
0 0.308984 0.492969 0.214844 0.246875 0.00129605
0 0.268359 0.916016 0.244531 0.164844 0.00202474
0 0.1625 0.887891 0.135937 0.196094 0.0021252
0 0.684375 0.621484 0.15 0.208594 0.00240772
0 0.719141 0.848047 0.136719 0.205469 0.0024858
0 0.309375 0.704297 0.239063 0.525781 0.00262002
0 0.28125 0.570703 0.296875 0.355469 0.00289516
0 0.626562 0.7375 0.232812 0.5 0.00414568
0 0.686328 0.659766 0.210156 0.447656 0.00549777
0 0.267969 0.538281 0.178125 0.190625 0.00699031
0 0.746875 0.736719 0.20625 0.507812 0.00814951
0 0.183984 0.773828 0.167969 0.410156 0.0086408
0 0.216797 0.864844 0.241406 0.25625 0.0145186
0 0.7375 0.863672 0.207813 0.271094 0.0199528
0 0.233203 0.578516 0.155469 0.241406 0.0211186
0 0.656641 0.885156 0.258594 0.229687 0.0328346
0 0.688281 0.788672 0.248437 0.419531 0.215688
0 0.225781 0.704297 0.217187 0.514844 0.393732
