0 0.706641 0.750781 0.183594 0.232812 0.000102569
0 0.448438 0.107031 0.254687 0.175 0.000102763
0 0.250781 0.557813 0.16875 0.301562 0.000103686
0 0.955859 0.476953 0.0804688 0.803906 0.000106012
0 0.740625 0.810547 0.0546875 0.0960938 0.000106953
0 0.625391 0.0957031 0.188281 0.191406 0.000111093
0 0.735156 0.423047 0.134375 0.205469 0.000114791
0 0.338672 0.256641 0.110156 0.139844 0.000115905
0 0.654688 0.138281 0.134375 0.176563 0.000117487
0 0.382422 0.652344 0.116406 0.148438 0.00012045
0 0.486719 0.059375 0.4 0.11875 0.000122179
0 0.4125 0.399609 0.14375 0.305469 0.00012581
0 0.985937 0.631641 0.028125 0.216406 0.000126839
0 0.975 0.808203 0.05 0.383594 0.000127149
0 0.564453 0.0347656 0.225781 0.0664062 0.00013204
0 0.382422 0.53125 0.133594 0.242188 0.000143622
0 0.238672 0.653125 0.0851562 0.09375 0.00014488
0 0.286719 0.467969 0.120312 0.28125 0.000154937
0 0.721094 0.325391 0.121875 0.214844 0.000161372
0 0.682813 0.426172 0.128125 0.266406 0.000167177
0 0.777344 0.482812 0.1375 0.40625 0.000171306
0 0.40625 0.125 0.0984375 0.0859375 0.000181019
0 0.754687 0.630469 0.11875 0.282813 0.000188262
0 0.302344 0.403906 0.120312 0.228125 0.000198339
0 0.98125 0.605078 0.0375 0.450781 0.000204672
0 0.973047 0.605078 0.0539063 0.682031 0.000214748
0 0.601562 0.0570313 0.171875 0.114063 0.000226549
0 0.319922 0.344141 0.136719 0.252344 0.000280549
0 0.698047 0.316797 0.175781 0.339844 0.000314289
0 0.345703 0.553516 0.144531 0.225781 0.000320167
0 0.260547 0.621875 0.136719 0.176563 0.000322494
0 0.324609 0.489844 0.149219 0.282813 0.000339984
0 0.377344 0.227344 0.189063 0.257812 0.000407167
0 0.675391 0.399609 0.221094 0.667969 0.000409819
0 0.751172 0.358594 0.124219 0.29375 0.000454786
0 0.276563 0.533594 0.29375 0.521875 0.000493748
0 0.326562 0.610937 0.184375 0.171875 0.000527854
0 0.378125 0.324219 0.23125 0.49375 0.000573967
0 0.723828 0.551953 0.141406 0.271094 0.000642362
0 0.375781 0.600391 0.154687 0.227344 0.000733861
0 0.783203 0.560156 0.227344 0.65625 0.00114345
0 0.721875 0.674609 0.190625 0.303906 0.00115435
0 0.390625 0.532031 0.19375 0.384375 0.0015143
0 0.324609 0.342187 0.186719 0.385938 0.00182921
0 0.718359 0.403906 0.158594 0.339063 0.00312572
0 0.751172 0.405078 0.189844 0.635156 0.00364022
0 0.752734 0.596875 0.157031 0.432813 0.00416878
0 0.281641 0.458203 0.182031 0.441406 0.00439504
0 0.316016 0.580078 0.242969 0.278906 0.00717379
0 0.341797 0.442969 0.253906 0.521875 0.319397
0 0.713672 0.520703 0.205469 0.547656 0.350831
