0 0.298047 0.0226563 0.166406 0.0421875 0.000101524
0 0.389062 0.291016 0.128125 0.164844 0.000102323
0 0.148047 0.5875 0.117969 0.154687 0.000102526
0 0.971094 0.270312 0.0578125 0.535937 0.00010367
0 0.840234 0.810938 0.116406 0.182812 0.000112286
0 0.2625 0.0304688 0.225 0.059375 0.000113249
0 0.217969 0.0199219 0.223438 0.0382813 0.000116361
0 0.357812 0.545313 0.11875 0.217187 0.000116456
0 0.776953 0.510156 0.167969 0.203125 0.000120995
0 0.976953 0.641016 0.0460938 0.433594 0.000126505
0 0.842578 0.731641 0.202344 0.422656 0.000131249
0 0.196094 0.408594 0.090625 0.101562 0.000131708
0 0.348047 0.508203 0.0898438 0.113281 0.000132827
0 0.258203 0.36875 0.174219 0.18125 0.000133708
0 0.192578 0.5875 0.208594 0.196875 0.000162897
0 0.297266 0.410547 0.194531 0.177344 0.000173569
0 0.260938 0.569922 0.2875 0.182031 0.000187736
0 0.190234 0.399609 0.289844 0.513281 0.000203798
0 0.215234 0.424219 0.0882813 0.103125 0.000209873
0 0.738281 0.547656 0.217187 0.207813 0.000223999
0 0.761719 0.749609 0.31875 0.438281 0.000248888
0 0.184766 0.0367187 0.299219 0.0734375 0.00025203
0 0.814453 0.772266 0.161719 0.267969 0.000270886
0 0.830469 0.471484 0.278125 0.672656 0.000281766
0 0.158203 0.530859 0.125781 0.174219 0.000290768
0 0.662109 0.291406 0.161719 0.215625 0.000300502
0 0.384375 0.376563 0.135937 0.295312 0.000301217
0 0.257031 0.407031 0.0859375 0.084375 0.000311079
0 0.161328 0.117188 0.319531 0.228125 0.000325893
0 0.241016 0.486719 0.152344 0.210938 0.000335086
0 0.942578 0.383984 0.114844 0.767969 0.00036059
0 0.666797 0.366016 0.191406 0.350781 0.000368287
0 0.283984 0.471094 0.150781 0.201562 0.000389885
0 0.191016 0.0636719 0.350781 0.127344 0.000417015
0 0.182031 0.43125 0.120312 0.19375 0.000431109
0 0.969531 0.521484 0.0609375 0.663281 0.000448535
0 0.325781 0.448828 0.145313 0.197656 0.000493073
0 0.219922 0.391016 0.147656 0.158594 0.00050054
0 0.684375 0.680078 0.30625 0.480469 0.000562059
0 0.670703 0.561328 0.239844 0.467969 0.00060591
0 0.695312 0.408594 0.270312 0.53125 0.000606162
0 0.257031 0.408203 0.13125 0.119531 0.000765271
0 0.750391 0.491406 0.230469 0.376563 0.00111866
0 0.366406 0.482031 0.13125 0.2125 0.00130728
0 0.23125 0.558203 0.323438 0.307031 0.0020987
0 0.166797 0.50625 0.163281 0.26875 0.00292109
0 0.239453 0.373047 0.230469 0.352344 0.00303105
0 0.239063 0.427734 0.195312 0.177344 0.00306287
0 0.791406 0.633984 0.228125 0.528906 0.00722087
0 0.310156 0.388281 0.25625 0.410937 0.00786731
0 0.326953 0.512109 0.189844 0.258594 0.00883647
0 0.201953 0.452344 0.197656 0.290625 0.0137895
0 0.267969 0.477734 0.2875 0.302344 0.204797
0 0.73125 0.54375 0.295312 0.61875 0.253203
