0 0.425 0.103906 0.0640625 0.0796875 0.000101706
0 0.323438 0.514453 0.0875 0.108594 0.000101844
0 0.680859 0.428516 0.161719 0.197656 0.000105544
0 0.623438 0.490234 0.109375 0.214844 0.000107254
0 0.347656 0.967188 0.154687 0.065625 0.00011167
0 0.692969 0.1125 0.0265625 0.046875 0.000113068
0 0.763281 0.513672 0.0796875 0.117969 0.000114193
0 0.346484 0.325391 0.0679687 0.0742188 0.000114264
0 0.28125 0.525391 0.0890625 0.100781 0.00011957
0 0.791406 0.651953 0.223438 0.324219 0.000120785
0 0.257812 0.573438 0.285937 0.290625 0.000125832
0 0.714063 0.173828 0.04375 0.0726563 0.000129571
0 0.260547 0.402734 0.0804688 0.0976562 0.000130031
0 0.300781 0.161328 0.05 0.0679687 0.00014203
0 0.287109 0.165234 0.0429688 0.0632813 0.000150321
0 0.320703 0.362891 0.142969 0.161719 0.000151442
0 0.772266 0.451562 0.0867188 0.192188 0.000155847
0 0.264844 0.264062 0.06875 0.117188 0.000161336
0 0.363672 0.174219 0.108594 0.109375 0.000161523
0 0.271875 0.322656 0.08125 0.109375 0.000173841
0 0.217578 0.485156 0.146094 0.329688 0.000175646
0 0.535937 0.607813 0.526563 0.784375 0.000175693
0 0.741016 0.571875 0.0867188 0.110937 0.000184737
0 0.275781 0.384375 0.084375 0.0953125 0.000186386
0 0.323047 0.426953 0.171094 0.194531 0.0001956
0 0.784375 0.608984 0.08125 0.113281 0.000199545
0 0.304297 0.586719 0.249219 0.18125 0.000204868
0 0.739844 0.264844 0.0703125 0.120312 0.000225186
0 0.757031 0.387109 0.06875 0.100781 0.000232467
0 0.398047 0.527344 0.330469 0.35625 0.000243529
0 0.367969 0.589063 0.167187 0.167187 0.000245038
0 0.319531 0.198047 0.08125 0.105469 0.000245501
0 0.259766 0.511719 0.0914062 0.103125 0.000248123
0 0.7625 0.592188 0.0875 0.114063 0.000252937
0 0.246875 0.428516 0.0984375 0.246094 0.000256079
0 0.553125 0.0796875 0.053125 0.059375 0.000280426
0 0.342969 0.322656 0.109375 0.120312 0.000285387
0 0.409766 0.963281 0.166406 0.0734375 0.000292172
0 0.764063 0.553516 0.08125 0.113281 0.000305254
0 0.344922 0.528516 0.0898438 0.107031 0.000307233
0 0.297266 0.325 0.132031 0.182812 0.000318396
0 0.317187 0.166406 0.071875 0.0890625 0.000325834
0 0.226953 0.553516 0.122656 0.199219 0.000337765
0 0.348828 0.177734 0.0679687 0.0867188 0.000339398
0 0.382812 0.546094 0.084375 0.10625 0.000349651
0 0.246484 0.384375 0.0585938 0.0953125 0.000354814
0 0.296875 0.213281 0.08125 0.121875 0.000367393
0 0.741016 0.365234 0.0992187 0.164844 0.00038765
0 0.391797 0.388672 0.161719 0.371094 0.000411887
0 0.732813 0.214062 0.0578125 0.110937 0.000425619
0 0.757812 0.406641 0.0921875 0.202344 0.000469634
0 0.397266 0.549219 0.138281 0.179688 0.000530138
0 0.686328 0.594531 0.311719 0.410937 0.000536911
0 0.725781 0.194141 0.046875 0.0757812 0.000538596
0 0.344531 0.215625 0.14375 0.182812 0.000539357
0 0.7375 0.614844 0.203125 0.18125 0.000539445
0 0.251953 0.302344 0.0632813 0.1625 0.00057858
0 0.790625 0.535156 0.0921875 0.215625 0.000583609
0 0.364062 0.5125 0.084375 0.110937 0.000592721
0 0.780859 0.571875 0.0804688 0.114063 0.000595525
0 0.260156 0.298438 0.0625 0.096875 0.000604137
0 0.259375 0.365234 0.078125 0.116406 0.000667402
0 0.289844 0.255078 0.125 0.239844 0.000717002
0 0.730859 0.36875 0.128906 0.265625 0.000718592
0 0.798828 0.540234 0.141406 0.291406 0.000733169
0 0.371094 0.173828 0.0625 0.0726563 0.000735132
0 0.655469 0.494531 0.139062 0.260938 0.00074981
0 0.276563 0.385156 0.121875 0.210938 0.00083511
0 0.303906 0.510938 0.151562 0.15625 0.00119476
0 0.723828 0.450391 0.146094 0.263281 0.00131031
0 0.247656 0.3625 0.078125 0.204688 0.00138705
0 0.262109 0.490234 0.130469 0.214844 0.00162061
0 0.275 0.222266 0.08125 0.158594 0.00178758
0 0.721875 0.567969 0.142188 0.176563 0.00203609
0 0.760156 0.5125 0.103125 0.215625 0.00217482
0 0.304688 0.321094 0.173438 0.335938 0.00217756
0 0.280469 0.195312 0.065625 0.096875 0.00219204
0 0.790234 0.593359 0.107031 0.189844 0.00310277
0 0.665625 0.553125 0.19375 0.21875 0.00485319
0 0.266406 0.321094 0.101562 0.235938 0.00585197
0 0.374219 0.490625 0.164062 0.245312 0.0063202
0 0.695703 0.414453 0.227344 0.460156 0.00663386
0 0.753906 0.451953 0.140625 0.382031 0.00933077
0 0.280469 0.403906 0.160938 0.379687 0.012081
0 0.271094 0.53125 0.19375 0.220313 0.0126399
0 0.344531 0.542578 0.201562 0.196094 0.0212421
0 0.325781 0.388281 0.275 0.521875 0.0233163
0 0.759375 0.555859 0.148438 0.242969 0.029429
0 0.3125 0.480078 0.2375 0.297656 0.103611
0 0.720703 0.519141 0.210156 0.297656 0.156691
