0 0.759766 0.805078 0.172656 0.210156 0.000101036
0 0.183594 0.0726563 0.367188 0.145313 0.000101398
0 0.349219 0.286719 0.223438 0.295312 0.000104689
0 0.876953 0.646094 0.207031 0.66875 0.000105971
0 0.801953 0.783984 0.146094 0.266406 0.000106042
0 0.303906 0.682422 0.220313 0.324219 0.000108545
0 0.696875 0.675 0.189063 0.198437 0.00011498
0 0.266797 0.107813 0.439844 0.204688 0.000115863
0 0.0996094 0.0941406 0.199219 0.188281 0.000118654
0 0.361719 0.697266 0.309375 0.421094 0.000120093
0 0.282422 0.282813 0.388281 0.490625 0.000121716
0 0.625781 0.645703 0.23125 0.561719 0.000121945
0 0.0484375 0.526563 0.096875 0.367188 0.000122746
0 0.198047 0.952734 0.261719 0.0789063 0.000124641
0 0.551172 0.617188 0.399219 0.654688 0.000137342
0 0.2625 0.269141 0.090625 0.144531 0.000139783
0 0.352344 0.541016 0.389062 0.708594 0.000148342
0 0.662109 0.771094 0.232031 0.354688 0.000149387
0 0.839063 0.607031 0.178125 0.348437 0.000157388
0 0.197656 0.653516 0.253125 0.211719 0.000160745
0 0.880469 0.816406 0.207813 0.3125 0.000172768
0 0.176172 0.592188 0.253906 0.223438 0.00017308
0 0.781641 0.904688 0.232031 0.151562 0.000173144
0 0.830078 0.467969 0.161719 0.357812 0.000200941
0 0.0191406 0.673828 0.0382813 0.135156 0.000212139
0 0.178906 0.446484 0.25 0.352344 0.000212661
0 0.114453 0.451953 0.157031 0.196094 0.000215278
0 0.287891 0.282422 0.213281 0.253906 0.00021849
0 0.0839844 0.380469 0.167969 0.678125 0.000226078
0 0.660937 0.301562 0.192188 0.265625 0.000242509
0 0.132812 0.282031 0.257812 0.564062 0.000253674
0 0.846875 0.888281 0.21875 0.178125 0.000278905
0 0.698828 0.849219 0.352344 0.279687 0.000279744
0 0.660156 0.611328 0.185937 0.338281 0.000289924
0 0.710156 0.278906 0.0984375 0.134375 0.000295511
0 0.302734 0.563281 0.258594 0.526563 0.000329717
0 0.116797 0.633203 0.233594 0.211719 0.000337083
0 0.132422 0.508984 0.200781 0.213281 0.000361887
0 0.713281 0.310156 0.159375 0.215625 0.000386852
0 0.0507812 0.666406 0.101562 0.18125 0.000402921
0 0.191797 0.18125 0.383594 0.3625 0.000491626
0 0.151172 0.120703 0.289844 0.228906 0.000520648
0 0.777734 0.380078 0.205469 0.310156 0.000527043
0 0.671875 0.469531 0.248437 0.532812 0.000530128
0 0.0308594 0.644922 0.0617188 0.183594 0.000716171
0 0.713281 0.378125 0.225 0.35 0.000717422
0 0.260156 0.606641 0.239063 0.336719 0.000738545
0 0.733984 0.566016 0.285156 0.382031 0.000862336
0 0.802734 0.604688 0.239844 0.51875 0.00127373
0 0.80625 0.848047 0.234375 0.252344 0.00130967
0 0.09375 0.487891 0.178125 0.313281 0.00168103
0 0.0726563 0.594531 0.14375 0.303125 0.00210179
0 0.703906 0.688672 0.253125 0.461719 0.00224778
0 0.189063 0.653516 0.345313 0.336719 0.0035663
0 0.196875 0.486328 0.3625 0.574219 0.0110852
0 0.772656 0.777344 0.30625 0.407813 0.0125638
0 0.133203 0.560547 0.263281 0.377344 0.037476
0 0.761328 0.605078 0.341406 0.738281 0.0760102
