0 0.259766 0.385156 0.114844 0.157813 0.000101719
0 0.985156 0.777734 0.0296875 0.157031 0.000102961
0 0.699609 0.5125 0.160156 0.146875 0.000103247
0 0.0277344 0.101172 0.0554687 0.200781 0.000106716
0 0.485938 0.0308594 0.321875 0.0617188 0.000107951
0 0.768359 0.510938 0.0757812 0.117188 0.00010831
0 0.237891 0.615234 0.0914062 0.0914062 0.000114337
0 0.614844 0.426172 0.128125 0.210156 0.000116509
0 0.233984 0.45 0.0789063 0.1 0.000120851
0 0.721484 0.475391 0.125781 0.141406 0.000122723
0 0.144922 0.0417969 0.250781 0.0835937 0.000124495
0 0.358984 0.352344 0.0867188 0.110937 0.000126659
0 0.80625 0.634375 0.171875 0.353125 0.000127119
0 0.325391 0.629687 0.0914062 0.104687 0.000127979
0 0.617188 0.283594 0.090625 0.096875 0.000132344
0 0.584766 0.482422 0.164844 0.392969 0.000134829
0 0.598828 0.674219 0.130469 0.207813 0.000137569
0 0.190625 0.470703 0.175 0.296094 0.000140321
0 0.373047 0.425391 0.132031 0.257031 0.000143655
0 0.614062 0.533203 0.1375 0.246094 0.000144051
0 0.390234 0.614844 0.142969 0.226562 0.000148825
0 0.345703 0.424609 0.0835937 0.110156 0.000149629
0 0.354297 0.575 0.0804688 0.109375 0.000152698
0 0.741406 0.48125 0.0796875 0.09375 0.00015674
0 0.0601562 0.141406 0.120312 0.251563 0.000157886
0 0.179688 0.0667969 0.245312 0.133594 0.000159014
0 0.223047 0.0960938 0.347656 0.1875 0.000169618
0 0.134766 0.18125 0.260156 0.354688 0.000181411
0 0.303516 0.614844 0.0914062 0.0984375 0.000182654
0 0.605859 0.475781 0.292969 0.567187 0.000188886
0 0.344141 0.442578 0.117969 0.180469 0.000190092
0 0.238281 0.428906 0.117188 0.18125 0.000191074
0 0.722656 0.527344 0.0859375 0.0984375 0.00019472
0 0.251172 0.489062 0.117969 0.160938 0.000216813
0 0.676953 0.674219 0.153906 0.19375 0.000222472
0 0.280078 0.537891 0.210156 0.211719 0.000273083
0 0.386719 0.523438 0.157813 0.43125 0.00028332
0 0.613672 0.705859 0.205469 0.233594 0.000284118
0 0.244141 0.408594 0.221094 0.273438 0.000313217
0 0.272266 0.661328 0.267969 0.203906 0.000321522
0 0.207813 0.470703 0.0828125 0.116406 0.000341477
0 0.760938 0.738281 0.101562 0.151562 0.000356182
0 0.597656 0.362109 0.15 0.222656 0.000413953
0 0.0863281 0.0644531 0.164844 0.128906 0.000444568
0 0.658984 0.576563 0.200781 0.21875 0.000445988
0 0.196875 0.629297 0.154687 0.157031 0.000464895
0 0.589453 0.610156 0.158594 0.271875 0.000484
0 0.341797 0.599219 0.0882813 0.115625 0.000484206
0 0.307031 0.400391 0.178125 0.192969 0.00055264
0 0.736328 0.630469 0.0835937 0.0921875 0.000561585
0 0.125 0.0933594 0.248437 0.186719 0.000726041
0 0.620313 0.309375 0.140625 0.159375 0.000782443
0 0.699609 0.616406 0.146094 0.254687 0.000848036
0 0.232812 0.483594 0.0609375 0.0640625 0.000860051
0 0.328516 0.336328 0.155469 0.171094 0.000904397
0 0.349219 0.638672 0.134375 0.216406 0.000911083
0 0.739844 0.554688 0.125 0.225 0.000947945
0 0.232812 0.486328 0.0875 0.0992187 0.000969439
0 0.761719 0.716797 0.139062 0.236719 0.0010018
0 0.242188 0.613672 0.179688 0.158594 0.00103259
0 0.216406 0.48125 0.107813 0.20625 0.00112283
0 0.702734 0.725 0.252344 0.2625 0.00128714
0 0.305859 0.614062 0.146094 0.1375 0.00133326
0 0.202344 0.566016 0.16875 0.263281 0.00179521
0 0.6375 0.394531 0.204688 0.335938 0.00182455
0 0.635156 0.636328 0.176563 0.216406 0.00183316
0 0.350391 0.383203 0.0835937 0.107031 0.00197287
0 0.740234 0.508594 0.103906 0.109375 0.00224173
0 0.624609 0.570703 0.205469 0.383594 0.00274974
0 0.717578 0.491406 0.180469 0.254687 0.00299893
0 0.740234 0.635547 0.127344 0.228906 0.00445331
0 0.341797 0.569922 0.147656 0.246094 0.00500154
0 0.345703 0.447656 0.155469 0.364062 0.0154991
0 0.352344 0.377734 0.123438 0.185156 0.0181381
0 0.292578 0.603516 0.222656 0.222656 0.0209604
0 0.736328 0.633984 0.180469 0.352344 0.0228023
0 0.662109 0.660547 0.275781 0.314844 0.0272034
0 0.679688 0.535547 0.264062 0.508594 0.162216
0 0.291797 0.478125 0.255469 0.460938 0.260955
