0 0.434766 0.0394531 0.427344 0.0726563 0.000100454
0 0.164844 0.76875 0.207813 0.303125 0.000100893
0 0.727734 0.320703 0.108594 0.164844 0.000103594
0 0.217187 0.0628906 0.434375 0.121094 0.000107497
0 0.664844 0.283984 0.151562 0.113281 0.000109905
0 0.195703 0.678125 0.0898438 0.110937 0.000111448
0 0.608594 0.541406 0.16875 0.189063 0.000111492
0 0.435937 0.140234 0.50625 0.280469 0.000112312
0 0.661719 0.708203 0.157813 0.182031 0.000113283
0 0.729688 0.323828 0.05625 0.0804688 0.000113445
0 0.738672 0.506641 0.0820312 0.111719 0.00011575
0 0.952734 0.483203 0.0945313 0.566406 0.000117113
0 0.240625 0.865625 0.357812 0.267188 0.000123609
0 0.620313 0.566406 0.0859375 0.096875 0.000123707
0 0.246484 0.333594 0.0773437 0.0984375 0.000125849
0 0.672266 0.529688 0.0914062 0.1 0.000128235
0 0.414062 0.644141 0.157813 0.228906 0.000146821
0 0.778516 0.522656 0.125781 0.414062 0.000152619
0 0.239063 0.434375 0.121875 0.209375 0.000160078
0 0.712891 0.425781 0.0773437 0.1 0.000180835
0 0.264062 0.448828 0.16875 0.335156 0.00018329
0 0.655078 0.567187 0.0914062 0.0984375 0.000185208
0 0.451562 0.772266 0.46875 0.455469 0.000187837
0 0.28125 0.354297 0.0828125 0.0976562 0.000188333
0 0.3375 0.572656 0.090625 0.110937 0.000190773
0 0.971875 0.483203 0.05625 0.360156 0.000197737
0 0.644141 0.654688 0.139844 0.185937 0.000198208
0 0.711719 0.721094 0.190625 0.142188 0.000201083
0 0.745703 0.676562 0.308594 0.320312 0.000210288
0 0.685938 0.298828 0.0703125 0.0492188 0.000211233
0 0.267969 0.104297 0.460938 0.208594 0.000211765
0 0.748047 0.36875 0.0867188 0.2 0.000221009
0 0.733594 0.371094 0.071875 0.114063 0.000240871
0 0.68125 0.2875 0.0984375 0.0703125 0.000248047
0 0.243359 0.379297 0.0804688 0.103906 0.000248894
0 0.697266 0.3125 0.105469 0.126563 0.000252421
0 0.726953 0.467187 0.0789063 0.117188 0.000290717
0 0.71875 0.344141 0.0765625 0.110156 0.000291553
0 0.286719 0.596094 0.0921875 0.117188 0.000293265
0 0.752344 0.507031 0.09375 0.209375 0.000299478
0 0.348437 0.749219 0.235938 0.275 0.000318405
0 0.436328 0.0699219 0.474219 0.139844 0.000324002
0 0.260156 0.367188 0.11875 0.159375 0.000342468
0 0.352344 0.857813 0.351562 0.271875 0.000356722
0 0.762109 0.705078 0.139844 0.171094 0.000386424
0 0.71875 0.554297 0.146875 0.205469 0.000415754
0 0.744922 0.410937 0.0742188 0.114063 0.000434286
0 0.642969 0.493359 0.129688 0.127344 0.000455567
0 0.242188 0.655078 0.15 0.138281 0.000474224
0 0.636719 0.548828 0.09375 0.0898438 0.000490099
0 0.284375 0.499609 0.296875 0.432031 0.000553991
0 0.186719 0.708203 0.13125 0.182031 0.000576661
0 0.226562 0.599219 0.165625 0.201562 0.000588054
0 0.75625 0.595703 0.101562 0.227344 0.000632716
0 0.241406 0.746875 0.309375 0.282813 0.00067284
0 0.382422 0.676172 0.136719 0.167969 0.000741911
0 0.700781 0.671484 0.145313 0.178906 0.000779487
0 0.696875 0.303516 0.084375 0.0757812 0.000804571
0 0.35625 0.596094 0.154687 0.1875 0.000829408
0 0.334766 0.541797 0.149219 0.221094 0.000832594
0 0.679297 0.489844 0.147656 0.15625 0.00116437
0 0.643359 0.595703 0.166406 0.194531 0.00119867
0 0.683203 0.489453 0.278906 0.421094 0.00121155
0 0.666016 0.450391 0.211719 0.264844 0.00125633
0 0.281641 0.630859 0.149219 0.157031 0.0013664
0 0.630469 0.527734 0.13125 0.119531 0.00147653
0 0.716016 0.366016 0.0992187 0.191406 0.00154935
0 0.339063 0.65625 0.201562 0.159375 0.00197638
0 0.204297 0.651953 0.160156 0.199219 0.00210407
0 0.746484 0.448438 0.0929687 0.185937 0.00231601
0 0.302734 0.572266 0.0867188 0.107031 0.00234746
0 0.255859 0.357422 0.0835937 0.0898438 0.00304382
0 0.748438 0.65 0.148438 0.220313 0.00323577
0 0.276563 0.539453 0.198437 0.289844 0.00327134
0 0.65625 0.551172 0.160938 0.130469 0.00537678
0 0.740234 0.532422 0.136719 0.336719 0.0106176
0 0.669922 0.549219 0.186719 0.235938 0.0157971
0 0.732031 0.410156 0.0875 0.16875 0.0186116
0 0.278125 0.674609 0.2875 0.205469 0.0204148
0 0.303516 0.579297 0.139844 0.167969 0.0213099
0 0.721484 0.467187 0.127344 0.240625 0.0298917
0 0.694922 0.625781 0.207031 0.24375 0.0442507
0 0.2875 0.614062 0.226562 0.209375 0.160354
