0 0.717969 0.558594 0.0875 0.110937 0.000101856
0 0.937891 0.910156 0.124219 0.179688 0.000104387
0 0.351953 0.586328 0.352344 0.439844 0.000106195
0 0.5875 0.306641 0.128125 0.205469 0.000107767
0 0.354297 0.178125 0.147656 0.1625 0.000110808
0 0.219141 0.382422 0.0835937 0.107031 0.000112733
0 0.113281 0.217578 0.226562 0.307031 0.000112826
0 0.084375 0.117578 0.165625 0.213281 0.000118624
0 0.211328 0.323047 0.0742188 0.111719 0.000119204
0 0.677734 0.574609 0.0898438 0.110156 0.000119252
0 0.08125 0.0523437 0.153125 0.104687 0.000121789
0 0.0703125 0.903906 0.140625 0.192188 0.000124543
0 0.255859 0.364062 0.0851562 0.096875 0.000125376
0 0.781641 0.0183594 0.189844 0.0351562 0.000131723
0 0.970703 0.384766 0.0585938 0.216406 0.000132301
0 0.304688 0.241016 0.0890625 0.108594 0.000133912
0 0.702344 0.341016 0.084375 0.102344 0.000137454
0 0.658984 0.448438 0.135156 0.234375 0.000137595
0 0.673828 0.264844 0.103906 0.139062 0.000137825
0 0.744141 0.626953 0.0867188 0.100781 0.000139599
0 0.656641 0.321094 0.0835937 0.10625 0.000140509
0 0.901953 0.942187 0.196094 0.115625 0.000147244
0 0.862109 0.0179687 0.194531 0.0359375 0.000152484
0 0.221094 0.0523437 0.209375 0.1 0.000153862
0 0.591797 0.234375 0.139844 0.189063 0.000154652
0 0.326562 0.489844 0.084375 0.109375 0.000159671
0 0.523047 0.740234 0.396094 0.519531 0.000164616
0 0.784375 0.485156 0.1375 0.382812 0.000168045
0 0.585938 0.610937 0.303125 0.478125 0.000175168
0 0.217969 0.516406 0.0859375 0.110937 0.000175609
0 0.298047 0.341016 0.149219 0.171094 0.000178603
0 0.198828 0.570312 0.0929687 0.135937 0.000183043
0 0.267969 0.142969 0.279687 0.240625 0.000195813
0 0.384766 0.282031 0.128906 0.2125 0.000196538
0 0.365234 0.530859 0.0851562 0.108594 0.000199371
0 0.971484 0.437891 0.0570313 0.485156 0.000211374
0 0.757031 0.557031 0.0765625 0.110937 0.000214383
0 0.259766 0.518359 0.0882813 0.107031 0.000215175
0 0.239844 0.565234 0.173438 0.150781 0.000224356
0 0.741016 0.0292969 0.228906 0.0585938 0.000227294
0 0.397656 0.598828 0.123438 0.155469 0.000234809
0 0.645703 0.242578 0.157031 0.189844 0.000235465
0 0.18125 0.278125 0.210938 0.282813 0.000240151
0 0.698438 0.642187 0.314063 0.295312 0.000240538
0 0.344922 0.510547 0.0867188 0.116406 0.000245743
0 0.772656 0.576953 0.06875 0.108594 0.000259928
0 0.983984 0.406641 0.0320312 0.191406 0.000261635
0 0.375391 0.449219 0.108594 0.276563 0.000269193
0 0.219922 0.40625 0.0976562 0.192188 0.000278206
0 0.768359 0.657422 0.110156 0.117969 0.00027987
0 0.700391 0.591016 0.0898438 0.107031 0.000285132
0 0.365234 0.567578 0.121094 0.138281 0.000299326
0 0.384375 0.801562 0.498437 0.390625 0.000303496
0 0.237891 0.530859 0.0898438 0.0945313 0.000311
0 0.736719 0.407031 0.104687 0.207813 0.000327372
0 0.234375 0.342187 0.084375 0.1125 0.000343421
0 0.842188 0.0296875 0.185937 0.059375 0.000352806
0 0.345313 0.469531 0.08125 0.107813 0.000360493
0 0.985937 0.28125 0.0265625 0.242188 0.000372557
0 0.213672 0.219531 0.333594 0.3625 0.000374224
0 0.294922 0.559375 0.314844 0.28125 0.000383763
0 0.149219 0.0625 0.264062 0.125 0.00039643
0 0.636328 0.3625 0.136719 0.185937 0.000403303
0 0.344531 0.258594 0.0828125 0.107813 0.000433501
0 0.712109 0.305469 0.111719 0.178125 0.000437885
0 0.239453 0.471875 0.130469 0.209375 0.000454927
0 0.775781 0.635156 0.0734375 0.0875 0.000475378
0 0.322656 0.566406 0.228125 0.159375 0.000487155
0 0.150781 0.1375 0.285937 0.264062 0.000488428
0 0.642969 0.589453 0.228125 0.189844 0.000492099
0 0.226953 0.300781 0.0757812 0.1125 0.000516401
0 0.980469 0.348047 0.0390625 0.333594 0.000519872
0 0.209375 0.341406 0.1 0.185937 0.000527651
0 0.254687 0.361328 0.126563 0.155469 0.00052921
0 0.700391 0.425391 0.138281 0.263281 0.000553127
0 0.291406 0.248828 0.285937 0.282031 0.00057388
0 0.73125 0.344922 0.096875 0.155469 0.000579937
0 0.783203 0.569531 0.105469 0.198437 0.00066367
0 0.285937 0.470703 0.142188 0.219531 0.000686944
0 0.676172 0.514844 0.139844 0.220313 0.000818517
0 0.626953 0.392969 0.177344 0.3125 0.000875654
0 0.242188 0.264453 0.0796875 0.108594 0.000975279
0 0.654688 0.303906 0.142188 0.16875 0.000988574
0 0.303125 0.525781 0.146875 0.139062 0.00102758
0 0.346484 0.302734 0.138281 0.250781 0.00104192
0 0.708203 0.634375 0.235156 0.190625 0.00121177
0 0.737891 0.592969 0.0898438 0.104687 0.0012654
0 0.746094 0.405078 0.132812 0.344531 0.0012996
0 0.719531 0.489844 0.134375 0.248437 0.00130671
0 0.210547 0.522656 0.111719 0.182812 0.00136322
0 0.260547 0.513281 0.133594 0.14375 0.00143046
0 0.258984 0.244141 0.125781 0.141406 0.00144094
0 0.385156 0.532812 0.120312 0.195312 0.00154128
0 0.628516 0.525391 0.183594 0.255469 0.00155055
0 0.213672 0.437109 0.116406 0.344531 0.00211304
0 0.772656 0.614062 0.101562 0.142188 0.0021962
0 0.716016 0.355078 0.139844 0.227344 0.00292573
0 0.341406 0.237891 0.134375 0.155469 0.00357238
0 0.346484 0.471484 0.119531 0.210156 0.00357499
0 0.274609 0.386719 0.288281 0.49375 0.00375066
0 0.239063 0.283203 0.109375 0.160156 0.00384688
0 0.700391 0.572656 0.146094 0.165625 0.00404608
0 0.752344 0.53125 0.134375 0.254687 0.00479623
0 0.654688 0.312891 0.201562 0.249219 0.00550366
0 0.342187 0.392188 0.1625 0.440625 0.00812948
0 0.232812 0.345313 0.11875 0.25 0.00842949
0 0.299219 0.249219 0.190625 0.184375 0.0089521
0 0.263672 0.522656 0.211719 0.19375 0.0114098
0 0.334375 0.515234 0.182812 0.207031 0.0156492
0 0.266016 0.288281 0.167969 0.214062 0.0173369
0 0.7375 0.598828 0.167187 0.177344 0.0183881
0 0.254297 0.381641 0.175781 0.392969 0.0235843
0 0.688672 0.413281 0.214844 0.428125 0.0362882
0 0.292578 0.465625 0.232031 0.2875 0.0500977
0 0.7 0.559766 0.215625 0.235156 0.110472
