0 0.421094 0.269922 0.16875 0.180469 0.000101044
0 0.844922 0.609375 0.0742188 0.101562 0.000101629
0 0.666406 0.484375 0.125 0.235938 0.000102089
0 0.182812 0.605469 0.2875 0.407813 0.000111453
0 0.825781 0.533203 0.084375 0.114844 0.000115369
0 0.783203 0.469531 0.0820312 0.084375 0.000117524
0 0.719531 0.317187 0.148438 0.189063 0.000118119
0 0.719922 0.408984 0.177344 0.186719 0.000119514
0 0.360156 0.323438 0.164062 0.198437 0.000121236
0 0.642187 0.277344 0.1125 0.132812 0.00012281
0 0.737109 0.669531 0.133594 0.145313 0.000124847
0 0.828516 0.716797 0.232031 0.196094 0.00013023
0 0.340625 0.555859 0.223438 0.385156 0.000130323
0 0.717578 0.554688 0.157031 0.195312 0.00014354
0 0.799219 0.341406 0.115625 0.196875 0.000157418
0 0.327734 0.625391 0.182031 0.219531 0.000158012
0 0.535156 0.483984 0.453125 0.691406 0.000170325
0 0.305859 0.689453 0.213281 0.207031 0.000190396
0 0.7625 0.510938 0.132812 0.176563 0.000196867
0 0.720703 0.469141 0.166406 0.161719 0.000200314
0 0.203125 0.55 0.15 0.204688 0.000217323
0 0.781641 0.251172 0.0773437 0.0914062 0.000233231
0 0.886719 0.630078 0.128125 0.303906 0.000262538
0 0.226562 0.678125 0.260938 0.2375 0.000263984
0 0.8625 0.675781 0.15 0.196875 0.000285243
0 0.281641 0.321484 0.0617188 0.0945313 0.000286376
0 0.786328 0.551172 0.199219 0.203906 0.000301513
0 0.760938 0.447266 0.139062 0.139844 0.000319027
0 0.810156 0.592188 0.13125 0.178125 0.000359485
0 0.882812 0.715625 0.0796875 0.0875 0.000363306
0 0.378516 0.345703 0.211719 0.314844 0.00036394
0 0.783594 0.298047 0.0890625 0.116406 0.000367057
0 0.303125 0.382422 0.148438 0.235156 0.000372749
0 0.679688 0.628516 0.315625 0.350781 0.000377074
0 0.684375 0.360156 0.185937 0.301562 0.000451162
0 0.810938 0.28125 0.109375 0.167187 0.000501105
0 0.765234 0.314063 0.147656 0.16875 0.000506389
0 0.330078 0.428125 0.207031 0.360938 0.000507717
0 0.708594 0.436328 0.189063 0.336719 0.000521363
0 0.80625 0.489453 0.125 0.227344 0.0005345
0 0.864844 0.715234 0.125 0.116406 0.000562531
0 0.273828 0.467578 0.200781 0.174219 0.000566274
0 0.867578 0.564844 0.100781 0.226562 0.000587639
0 0.235547 0.467187 0.0914062 0.101562 0.000628276
0 0.174219 0.520703 0.195312 0.385156 0.000718203
0 0.695312 0.664062 0.159375 0.179688 0.000839814
0 0.308984 0.259375 0.161719 0.167187 0.000870211
0 0.359375 0.254687 0.204688 0.195312 0.000871474
0 0.678125 0.261719 0.151562 0.167187 0.00091351
0 0.685156 0.552734 0.15625 0.314844 0.00104409
0 0.282031 0.324609 0.107813 0.172656 0.00113209
0 0.788281 0.645312 0.309375 0.26875 0.00129165
0 0.241016 0.429688 0.149219 0.210938 0.00142897
0 0.275781 0.273828 0.0828125 0.119531 0.00185341
0 0.266016 0.578516 0.280469 0.344531 0.00200675
0 0.761719 0.351562 0.195312 0.295312 0.00221857
0 0.805859 0.446875 0.169531 0.407813 0.00233914
0 0.25625 0.342187 0.157813 0.3125 0.00333831
0 0.842969 0.575 0.0875 0.096875 0.00341058
0 0.217187 0.403125 0.178125 0.371875 0.00446094
0 0.836719 0.620313 0.175 0.284375 0.00594379
0 0.221484 0.483594 0.136719 0.223438 0.00613089
0 0.841016 0.563672 0.111719 0.174219 0.00626855
0 0.778906 0.267969 0.121875 0.153125 0.00680257
0 0.314453 0.327344 0.217969 0.289062 0.00794137
0 0.831641 0.545313 0.142969 0.275 0.00902727
0 0.75 0.449609 0.253125 0.505469 0.0117297
0 0.721875 0.617188 0.207813 0.248437 0.0128146
0 0.733594 0.278125 0.215625 0.179688 0.016197
0 0.784766 0.551562 0.242969 0.335938 0.0183661
0 0.228125 0.508203 0.190625 0.324219 0.019998
0 0.263672 0.434375 0.242969 0.482812 0.148548
