0 0.208594 0.403125 0.090625 0.10625 0.000102675
0 0.277734 0.730469 0.188281 0.18125 0.000105029
0 0.711328 0.722266 0.0992187 0.205469 0.000106849
0 0.1875 0.483203 0.115625 0.197656 0.000108882
0 0.398438 0.0570313 0.351562 0.1125 0.000111902
0 0.290625 0.0789063 0.45625 0.157813 0.000115842
0 0.254297 0.327344 0.117969 0.165625 0.000119853
0 0.695703 0.424219 0.0664062 0.06875 0.000121491
0 0.314453 0.0335938 0.358594 0.0671875 0.000125285
0 0.0894531 0.0472656 0.167969 0.0945313 0.000127003
0 0.519922 0.439844 0.322656 0.621875 0.000131211
0 0.426953 0.0332031 0.272656 0.0664062 0.000139736
0 0.969922 0.48125 0.0585938 0.657812 0.000149113
0 0.628516 0.492578 0.282031 0.497656 0.000149917
0 0.153906 0.574219 0.1 0.226562 0.000151648
0 0.367188 0.463281 0.225 0.44375 0.000153483
0 0.696094 0.816406 0.110937 0.160938 0.00015603
0 0.130859 0.732813 0.183594 0.134375 0.000157814
0 0.198828 0.617188 0.142969 0.257812 0.000174269
0 0.629687 0.410937 0.176563 0.25625 0.000181441
0 0.687109 0.432813 0.0945313 0.11875 0.000183337
0 0.351562 0.352344 0.148438 0.235938 0.000186211
0 0.015625 0.594141 0.03125 0.260156 0.000191674
0 0.646875 0.811719 0.190625 0.2 0.000192007
0 0.0292969 0.639063 0.0570313 0.289062 0.000192276
0 0.946484 0.697266 0.105469 0.542969 0.000196612
0 0.146875 0.0335938 0.2875 0.0671875 0.000203822
0 0.289062 0.652344 0.13125 0.2 0.000211732
0 0.226953 0.379687 0.111719 0.140625 0.000215665
0 0.198828 0.05 0.378906 0.096875 0.000217459
0 0.972656 0.728125 0.0546875 0.46875 0.000227291
0 0.662891 0.723828 0.133594 0.247656 0.000230514
0 0.259766 0.614844 0.167969 0.2625 0.000247128
0 0.637891 0.591406 0.117969 0.175 0.000250504
0 0.153516 0.694531 0.146094 0.146875 0.00025788
0 0.0800781 0.632812 0.125781 0.309375 0.000260621
0 0.0394531 0.521094 0.0789063 0.546875 0.000268661
0 0.562109 0.473047 0.211719 0.405469 0.000268755
0 0.308594 0.3125 0.173438 0.176563 0.000271474
0 0.278906 0.358203 0.178125 0.182031 0.000287945
0 0.676562 0.489062 0.139062 0.239063 0.000304227
0 0.705469 0.570703 0.132812 0.369531 0.000315196
0 0.283203 0.471484 0.222656 0.428906 0.000343429
0 0.592969 0.530859 0.126563 0.249219 0.000355535
0 0.637891 0.769141 0.285156 0.300781 0.000374821
0 0.655469 0.550391 0.1375 0.177344 0.000387103
0 0.404297 0.520312 0.397656 0.670313 0.000392175
0 0.222656 0.660156 0.135937 0.164062 0.000414393
0 0.5875 0.616406 0.314063 0.554688 0.00045287
0 0.676953 0.615234 0.130469 0.269531 0.00047888
0 0.199219 0.648438 0.2875 0.3125 0.000570609
0 0.618359 0.764844 0.166406 0.189063 0.000645573
0 0.583203 0.710156 0.194531 0.278125 0.000711732
0 0.0214844 0.527734 0.0429688 0.439844 0.000816825
0 0.123047 0.658203 0.133594 0.233594 0.000822422
0 0.211328 0.567187 0.214844 0.382812 0.000963034
0 0.151172 0.616797 0.147656 0.271094 0.00107569
0 0.705469 0.687891 0.11875 0.346094 0.00108224
0 0.642969 0.527344 0.182812 0.271875 0.00117773
0 0.616797 0.604297 0.202344 0.413281 0.00174408
0 0.258203 0.687891 0.147656 0.172656 0.00208807
0 0.103906 0.716406 0.101562 0.142188 0.00211543
0 0.0855469 0.736719 0.0664062 0.0921875 0.00222061
0 0.687109 0.770312 0.142969 0.225 0.00453277
0 0.188281 0.688672 0.234375 0.183594 0.00531998
0 0.672266 0.638672 0.166406 0.421094 0.00853452
