0 0.759766 0.286719 0.116406 0.23125 0.000100538
0 0.410156 0.522656 0.157813 0.275 0.000105239
0 0.260547 0.611328 0.0898438 0.108594 0.0001061
0 0.742188 0.228516 0.0765625 0.121094 0.000106363
0 0.78125 0.378516 0.0859375 0.113281 0.000106704
0 0.815234 0.4875 0.114844 0.276563 0.000109999
0 0.404687 0.182031 0.126563 0.178125 0.000110308
0 0.283203 0.300391 0.0789063 0.128906 0.000112209
0 0.326953 0.236328 0.132031 0.149219 0.000114737
0 0.278516 0.592188 0.0929687 0.107813 0.000120859
0 0.805859 0.622656 0.0882813 0.0703125 0.000121063
0 0.341797 0.402734 0.0632813 0.0773437 0.000123234
0 0.304688 0.649609 0.148438 0.127344 0.000124734
0 0.697656 0.571484 0.09375 0.111719 0.000128886
0 0.704297 0.470703 0.175781 0.213281 0.000132242
0 0.733203 0.198437 0.0570313 0.0859375 0.000139078
0 0.739844 0.607031 0.146875 0.151562 0.000140545
0 0.833594 0.561719 0.170312 0.285937 0.000159929
0 0.829297 0.610547 0.102344 0.136719 0.000167179
0 0.282813 0.345313 0.110937 0.210938 0.000185883
0 0.737891 0.221484 0.0570313 0.0789063 0.000199917
0 0.320703 0.271875 0.160156 0.260938 0.000231092
0 0.250781 0.491016 0.107813 0.282031 0.00023794
0 0.313281 0.944922 0.379687 0.105469 0.000241324
0 0.339453 0.403125 0.0945313 0.109375 0.000247625
0 0.286719 0.321484 0.203125 0.467969 0.000251081
0 0.772266 0.33125 0.0789063 0.109375 0.000256815
0 0.363281 0.508203 0.148438 0.269531 0.00026482
0 0.720312 0.191406 0.0953125 0.109375 0.000275235
0 0.21875 0.519922 0.210938 0.472656 0.000275647
0 0.389453 0.467969 0.214844 0.410937 0.000284855
0 0.767187 0.652344 0.33125 0.3125 0.000287116
0 0.394922 0.539844 0.342969 0.489062 0.000287951
0 0.259375 0.573047 0.084375 0.102344 0.000289647
0 0.742578 0.451953 0.152344 0.283594 0.00029323
0 0.707422 0.387109 0.138281 0.160156 0.000302203
0 0.723437 0.366406 0.090625 0.104687 0.000341358
0 0.808594 0.526953 0.292188 0.455469 0.000358348
0 0.395703 0.575 0.113281 0.135937 0.000363264
0 0.352344 0.266797 0.2125 0.421094 0.00038046
0 0.284375 0.365234 0.14375 0.330469 0.000384356
0 0.382422 0.575781 0.0882813 0.0875 0.000409172
0 0.797266 0.594922 0.188281 0.157031 0.000419708
0 0.783203 0.325391 0.114844 0.211719 0.000457182
0 0.282422 0.45 0.127344 0.254687 0.000458427
0 0.676172 0.396094 0.275781 0.565625 0.000507571
0 0.315625 0.968359 0.314063 0.0632813 0.000508612
0 0.778516 0.536719 0.183594 0.20625 0.000589667
0 0.360938 0.634766 0.146875 0.139844 0.000599878
0 0.778516 0.405078 0.133594 0.252344 0.000601544
0 0.265625 0.630078 0.157813 0.171094 0.000632859
0 0.273047 0.602344 0.288281 0.33125 0.000650492
0 0.365625 0.216016 0.173438 0.203906 0.000681784
0 0.357422 0.671484 0.235156 0.155469 0.000686738
0 0.679297 0.186328 0.149219 0.114844 0.00079644
0 0.302734 0.512891 0.167969 0.222656 0.00084537
0 0.74375 0.328516 0.289062 0.414844 0.000887934
0 0.823828 0.641797 0.0867188 0.0773437 0.000933991
0 0.322656 0.609375 0.15 0.160938 0.00099327
0 0.689844 0.546875 0.284375 0.39375 0.00118724
0 0.670703 0.524219 0.163281 0.260938 0.00134976
0 0.694531 0.224219 0.176563 0.173438 0.001471
0 0.798828 0.640625 0.142969 0.103125 0.00175184
0 0.716406 0.555469 0.146875 0.171875 0.00193413
0 0.766016 0.633203 0.235156 0.167969 0.00266424
0 0.285156 0.576953 0.16875 0.189844 0.00311285
0 0.725781 0.2875 0.2 0.29375 0.00328727
0 0.684766 0.599609 0.175781 0.207031 0.00337503
0 0.359375 0.578516 0.173438 0.163281 0.0034099
0 0.801172 0.458984 0.169531 0.382031 0.00436291
0 0.253516 0.557031 0.142969 0.290625 0.00465029
0 0.757812 0.353125 0.125 0.145313 0.015282
0 0.273438 0.478125 0.167187 0.390625 0.0169636
0 0.739844 0.358594 0.171875 0.215625 0.0241342
0 0.335938 0.402734 0.248437 0.546094 0.0275829
0 0.322266 0.625781 0.249219 0.195312 0.0325806
0 0.730078 0.565234 0.236719 0.214844 0.0344544
0 0.319531 0.533203 0.24375 0.344531 0.258773
0 0.735156 0.448438 0.24375 0.434375 0.307842
