0 0.414844 0.607813 0.117188 0.16875 0.000100083
0 0.384375 0.486328 0.121875 0.200781 0.000101403
0 0.205469 0.514453 0.0765625 0.103906 0.000103573
0 0.345703 0.673828 0.188281 0.174219 0.000104169
0 0.792578 0.594141 0.113281 0.192969 0.000104472
0 0.303125 0.369531 0.0828125 0.0921875 0.00010456
0 0.644531 0.962109 0.290625 0.0757812 0.000107756
0 0.241406 0.129297 0.121875 0.121094 0.000110387
0 0.389844 0.419141 0.0765625 0.0960938 0.000111144
0 0.758984 0.510547 0.0804688 0.100781 0.00011362
0 0.330078 0.615625 0.139844 0.125 0.000120448
0 0.698047 0.417578 0.180469 0.185156 0.000120601
0 0.384766 0.553516 0.116406 0.167969 0.000121921
0 0.873828 0.915234 0.252344 0.169531 0.000122588
0 0.258984 0.485938 0.0820312 0.0921875 0.00012323
0 0.763672 0.575781 0.0882813 0.115625 0.00012537
0 0.776172 0.717188 0.166406 0.2 0.000126358
0 0.167187 0.935547 0.3 0.128906 0.000126422
0 0.386328 0.368359 0.108594 0.105469 0.00012717
0 0.416797 0.476172 0.141406 0.250781 0.000134071
0 0.236328 0.595703 0.135156 0.135156 0.0001482
0 0.282813 0.407031 0.0875 0.10625 0.000177451
0 0.884766 0.819922 0.230469 0.360156 0.000179116
0 0.401953 0.675 0.117969 0.129688 0.000191166
0 0.704687 0.680469 0.210938 0.2 0.000204247
0 0.26875 0.932422 0.284375 0.132031 0.000207851
0 0.265234 0.447266 0.0835937 0.0929687 0.000224871
0 0.319922 0.530469 0.247656 0.203125 0.000233884
0 0.682422 0.937891 0.308594 0.121094 0.000234336
0 0.41875 0.405859 0.0671875 0.0882813 0.000241387
0 0.267188 0.810547 0.3 0.353906 0.000257209
0 0.364844 0.596094 0.1375 0.15 0.000273487
0 0.195703 0.529297 0.144531 0.230469 0.000279414
0 0.702344 0.469141 0.139062 0.210156 0.000280994
0 0.772266 0.513281 0.108594 0.176563 0.000283708
0 0.660547 0.804688 0.325781 0.353125 0.000300508
0 0.707031 0.551953 0.190625 0.208594 0.000342312
0 0.235156 0.512109 0.0828125 0.100781 0.000373594
0 0.669531 0.601172 0.239063 0.314844 0.000381386
0 0.638672 0.894531 0.383594 0.210938 0.000396083
0 0.827344 0.709375 0.259375 0.45625 0.000408657
0 0.321484 0.427344 0.132031 0.171875 0.000413578
0 0.803516 0.872656 0.325781 0.253125 0.000421848
0 0.240625 0.470313 0.08125 0.08125 0.000431418
0 0.296484 0.466406 0.144531 0.239063 0.000456545
0 0.240234 0.601562 0.200781 0.198437 0.000476889
0 0.721875 0.616406 0.214062 0.209375 0.000481352
0 0.385938 0.560156 0.164062 0.276563 0.000527208
0 0.382812 0.641016 0.129688 0.164844 0.000537096
0 0.2125 0.872656 0.315625 0.253125 0.00054012
0 0.736328 0.431641 0.0820312 0.0992187 0.000546119
0 0.223047 0.475781 0.0929687 0.123438 0.000561304
0 0.758594 0.659766 0.170312 0.191406 0.000569158
0 0.284766 0.386328 0.152344 0.147656 0.000694071
0 0.347266 0.375781 0.178906 0.135937 0.000701346
0 0.382422 0.430469 0.150781 0.185937 0.000862675
0 0.269922 0.674219 0.310156 0.20625 0.000952431
0 0.208984 0.551562 0.103906 0.129688 0.000965292
0 0.374219 0.480469 0.203125 0.321875 0.00100129
0 0.398047 0.400391 0.110156 0.125781 0.00118893
0 0.73125 0.447656 0.117188 0.148438 0.00131652
0 0.265625 0.431641 0.140625 0.194531 0.00154526
0 0.728125 0.755469 0.24375 0.3125 0.00177167
0 0.691406 0.478516 0.234375 0.302344 0.0018279
0 0.759375 0.570312 0.142188 0.198437 0.00257153
0 0.782031 0.567578 0.1625 0.333594 0.00267835
0 0.237109 0.511719 0.141406 0.1875 0.00284016
0 0.339844 0.61875 0.217187 0.189063 0.00310993
0 0.310937 0.414062 0.242188 0.20625 0.00559024
0 0.754687 0.5 0.1625 0.295312 0.00565233
0 0.29375 0.599609 0.290625 0.269531 0.00847845
0 0.753906 0.676172 0.2125 0.325781 0.0097161
0 0.247266 0.482812 0.189844 0.28125 0.0114515
0 0.723828 0.561719 0.228906 0.41875 0.216451
0 0.303125 0.481641 0.290625 0.358594 0.239936
