0 0.724219 0.646875 0.075 0.075 0.000102044
0 0.302344 0.318359 0.189063 0.138281 0.000111046
0 0.180078 0.549609 0.139844 0.182031 0.00011554
0 0.357031 0.333203 0.0984375 0.0914062 0.000126179
0 0.223828 0.407422 0.152344 0.253906 0.00015851
0 0.727734 0.640234 0.119531 0.105469 0.000160107
0 0.277344 0.391406 0.207813 0.246875 0.000160918
0 0.313281 0.551172 0.1375 0.172656 0.000178382
0 0.759766 0.528516 0.124219 0.141406 0.000223298
0 0.660156 0.607031 0.145313 0.140625 0.000237542
0 0.724219 0.614844 0.164062 0.153125 0.000249278
0 0.259375 0.487109 0.214062 0.252344 0.000310824
0 0.217187 0.469922 0.125 0.160156 0.000323056
0 0.739062 0.563672 0.157813 0.182031 0.000339456
0 0.264453 0.560547 0.192969 0.185156 0.000409929
0 0.190234 0.466797 0.139844 0.227344 0.000605962
0 0.216016 0.523047 0.182031 0.211719 0.00154094
