0 0.739453 0.303125 0.0742188 0.121875 0.000100718
0 0.236328 0.344531 0.105469 0.178125 0.000101979
0 0.61875 0.3 0.0609375 0.08125 0.000102239
0 0.212891 0.527734 0.0867188 0.114844 0.000104223
0 0.657031 0.214844 0.0890625 0.142188 0.000105618
0 0.349609 0.197656 0.119531 0.146875 0.00010642
0 0.625391 0.758984 0.0226563 0.0882813 0.000106823
0 0.675391 0.426953 0.114844 0.139844 0.000115888
0 0.280469 0.532812 0.135937 0.214062 0.000116721
0 0.0230469 0.478125 0.0445312 0.501562 0.000119757
0 0.345313 0.315234 0.148438 0.250781 0.000120167
0 0.701953 0.365625 0.0976562 0.192188 0.000131652
0 0.642578 0.276172 0.110156 0.174219 0.000132557
0 0.262891 0.657812 0.216406 0.142188 0.000138242
0 0.661328 0.462891 0.0867188 0.0835937 0.000146714
0 0.133594 0.523438 0.201562 0.473437 0.000147759
0 0.633594 0.304688 0.0765625 0.1125 0.000148399
0 0.0441406 0.475781 0.0882813 0.71875 0.000150783
0 0.644141 0.232812 0.142969 0.192188 0.000154041
0 0.199609 0.453516 0.0898438 0.111719 0.000158283
0 0.180078 0.529688 0.0882813 0.114063 0.000159431
0 0.627734 0.769922 0.0382813 0.0960938 0.00016984
0 0.31875 0.550781 0.123438 0.145313 0.000171844
0 0.162891 0.679688 0.111719 0.1375 0.000176106
0 0.757422 0.365625 0.0960938 0.2 0.000200877
0 0.726953 0.634375 0.0882813 0.109375 0.000213733
0 0.655859 0.618359 0.164844 0.192969 0.000221186
0 0.776953 0.471094 0.100781 0.229687 0.000224109
0 0.717188 0.477344 0.279687 0.482812 0.000227738
0 0.262109 0.356641 0.177344 0.347656 0.000229621
0 0.338672 0.190625 0.0898438 0.09375 0.000238179
0 0.232422 0.570703 0.146094 0.253906 0.000238443
0 0.975 0.601172 0.05 0.385156 0.000242489
0 0.728516 0.318359 0.108594 0.194531 0.00024845
0 0.747656 0.512891 0.107813 0.235156 0.000255139
0 0.677344 0.533203 0.182812 0.264844 0.000294028
0 0.215234 0.388672 0.121094 0.252344 0.000300762
0 0.620703 0.321484 0.117969 0.244531 0.000313706
0 0.366406 0.391406 0.115625 0.165625 0.000314469
0 0.647266 0.457422 0.117969 0.130469 0.000320233
0 0.758984 0.426562 0.107031 0.2 0.000386174
0 0.791797 0.532422 0.100781 0.272656 0.000407907
0 0.332031 0.460938 0.1625 0.296875 0.000422535
0 0.707031 0.652734 0.135937 0.161719 0.000427636
0 0.982813 0.601953 0.034375 0.269531 0.000477525
0 0.776172 0.668359 0.142969 0.186719 0.000492047
0 0.721875 0.632812 0.278125 0.260938 0.000521866
0 0.323438 0.546875 0.157813 0.24375 0.000536774
0 0.683203 0.432813 0.161719 0.203125 0.000548577
0 0.221094 0.630859 0.217187 0.242969 0.00066704
0 0.264844 0.407031 0.290625 0.498437 0.000704173
0 0.226172 0.492188 0.149219 0.204688 0.000724609
0 0.194922 0.657031 0.164844 0.154687 0.000737559
0 0.197266 0.492578 0.0914062 0.116406 0.000786631
0 0.788672 0.616406 0.121094 0.159375 0.00088724
0 0.171094 0.510547 0.125 0.207031 0.000908671
0 0.761328 0.604297 0.0898438 0.113281 0.000943682
0 0.677734 0.357031 0.167969 0.254687 0.000980366
0 0.730859 0.393359 0.127344 0.227344 0.000993819
0 0.1875 0.455078 0.11875 0.221094 0.00102025
0 0.294141 0.527344 0.261719 0.314063 0.00104201
0 0.621094 0.425781 0.096875 0.117188 0.00126924
0 0.713281 0.618359 0.189063 0.180469 0.00160956
0 0.170703 0.5875 0.172656 0.332812 0.00228558
0 0.637891 0.383594 0.135156 0.203125 0.00258997
0 0.745313 0.482812 0.151562 0.396875 0.00314914
0 0.219141 0.417188 0.167969 0.370313 0.00865824
0 0.765234 0.579297 0.133594 0.221094 0.0106778
0 0.223828 0.534375 0.278906 0.39375 0.0109536
0 0.755078 0.630469 0.132031 0.140625 0.0827931
0 0.196875 0.512891 0.153125 0.296094 0.250895
