0 0.0996094 0.0339844 0.171094 0.0679687 0.000103208
0 0.812891 0.399609 0.305469 0.478906 0.000103258
0 0.670703 0.975 0.0976562 0.05 0.000110134
0 0.621094 0.970312 0.0625 0.059375 0.000117428
0 0.758594 0.442187 0.090625 0.107813 0.000119153
0 0.0613281 0.638281 0.122656 0.690625 0.000119537
0 0.716797 0.651563 0.142969 0.1875 0.000120108
0 0.195312 0.186719 0.385938 0.373437 0.000122481
0 0.239063 0.427344 0.0890625 0.107813 0.000125277
0 0.679297 0.488281 0.142969 0.253125 0.000128927
0 0.657422 0.981641 0.0726563 0.0367187 0.000134915
0 0.926562 0.0539063 0.145313 0.107813 0.000135029
0 0.976172 0.728125 0.0476562 0.490625 0.000135887
0 0.377344 0.569922 0.145313 0.224219 0.0001363
0 0.633594 0.608203 0.142188 0.175781 0.000136804
0 0.660156 0.555469 0.140625 0.21875 0.000137021
0 0.278906 0.637109 0.251563 0.178906 0.000137974
0 0.717969 0.596094 0.0875 0.1 0.000138229
0 0.222656 0.508984 0.139062 0.252344 0.00014292
0 0.640234 0.969141 0.0835937 0.0617188 0.000147618
0 0.241406 0.0191406 0.1375 0.0367187 0.000164152
0 0.176172 0.540625 0.171094 0.326562 0.000165424
0 0.815625 0.0472656 0.36875 0.0929687 0.00017034
0 0.622266 0.982031 0.0554687 0.0359375 0.000171862
0 0.344922 0.509375 0.124219 0.198437 0.000174056
0 0.414453 0.271484 0.128906 0.163281 0.000182409
0 0.116797 0.0191406 0.161719 0.0382813 0.000182916
0 0.390625 0.448047 0.217187 0.461719 0.000184234
0 0.336719 0.0332031 0.2125 0.0617188 0.000190487
0 0.362109 0.642969 0.138281 0.126563 0.00019394
0 0.824609 0.618359 0.303906 0.505469 0.000199933
0 0.211719 0.360938 0.282813 0.384375 0.000214087
0 0.760938 0.388281 0.0890625 0.115625 0.000216508
0 0.776563 0.708203 0.25 0.255469 0.000221424
0 0.166406 0.610547 0.10625 0.142969 0.000228567
0 0.803125 0.595703 0.0875 0.108594 0.000240928
0 0.321484 0.423828 0.188281 0.191406 0.000246497
0 0.300781 0.0976562 0.245312 0.195312 0.000249389
0 0.301172 0.531641 0.174219 0.197656 0.000257179
0 0.857813 0.0332031 0.264062 0.0632813 0.000261133
0 0.820312 0.614453 0.0875 0.108594 0.000279591
0 0.659766 0.652734 0.183594 0.191406 0.000282565
0 0.794141 0.446875 0.132031 0.228125 0.000291684
0 0.820312 0.575781 0.08125 0.107813 0.000296584
0 0.278125 0.466406 0.151562 0.159375 0.000299369
0 0.719531 0.554688 0.190625 0.203125 0.000313702
0 0.835156 0.596484 0.10625 0.177344 0.000324672
0 0.240625 0.445703 0.123438 0.185156 0.000324862
0 0.640625 0.980859 0.0546875 0.0382813 0.000328395
0 0.291016 0.585156 0.325781 0.342187 0.000335008
0 0.285156 0.344922 0.140625 0.217969 0.000338201
0 0.121875 0.053125 0.217187 0.10625 0.000378314
0 0.740234 0.423438 0.0882813 0.104687 0.000383124
0 0.260547 0.555078 0.161719 0.164844 0.00039315
0 0.344141 0.610156 0.136719 0.15 0.000403756
0 0.837891 0.651172 0.0960938 0.128906 0.000430938
0 0.657031 0.425 0.14375 0.176563 0.0004407
0 0.3625 0.342969 0.139062 0.25 0.000455115
0 0.292188 0.229687 0.307813 0.339063 0.000455604
0 0.720312 0.463281 0.18125 0.198437 0.000486779
0 0.763672 0.609375 0.135156 0.117188 0.000514184
0 0.298828 0.0199219 0.183594 0.0382813 0.000596846
0 0.716797 0.595312 0.136719 0.13125 0.000675497
0 0.751953 0.330469 0.185156 0.2625 0.000730688
0 0.176172 0.0214844 0.222656 0.0414063 0.000765795
0 0.784766 0.527734 0.144531 0.261719 0.000866653
0 0.322656 0.367578 0.148438 0.230469 0.000897976
0 0.229297 0.594141 0.217969 0.177344 0.000917476
0 0.341016 0.515234 0.188281 0.342969 0.000919255
0 0.298828 0.0496094 0.224219 0.0976562 0.000921708
0 0.2625 0.402734 0.157813 0.191406 0.00148096
0 0.351953 0.283984 0.213281 0.225781 0.00158113
0 0.7 0.405078 0.185937 0.169531 0.00176358
0 0.30625 0.586328 0.196875 0.174219 0.00178223
0 0.194531 0.0992187 0.346875 0.198437 0.00178248
0 0.804297 0.577344 0.136719 0.171875 0.00184158
0 0.262109 0.03125 0.239844 0.059375 0.00191254
0 0.724609 0.65625 0.255469 0.239063 0.00237944
0 0.694922 0.325391 0.242969 0.313281 0.0027734
0 0.189063 0.0347656 0.278125 0.0695312 0.00306167
0 0.810156 0.633594 0.148438 0.164062 0.00344518
0 0.244141 0.467187 0.213281 0.3875 0.00366127
0 0.69375 0.605469 0.192188 0.198437 0.00377398
0 0.223438 0.0585938 0.328125 0.115625 0.00469704
0 0.700781 0.558203 0.251563 0.360156 0.00604825
0 0.759375 0.401953 0.157813 0.205469 0.00996833
0 0.773828 0.602734 0.219531 0.213281 0.0121576
0 0.788281 0.477734 0.189063 0.400781 0.0145276
0 0.721484 0.403516 0.221094 0.282031 0.0172448
0 0.287891 0.357422 0.236719 0.291406 0.020025
0 0.307813 0.426953 0.285937 0.494531 0.253658
0 0.725781 0.447266 0.271875 0.482031 0.292733
