0 0.397266 0.891797 0.433594 0.216406 0.000100576
0 0.245312 0.413672 0.08125 0.111719 0.000105285
0 0.758594 0.278906 0.071875 0.104687 0.000105994
0 0.891797 0.237109 0.216406 0.474219 0.000106689
0 0.978125 0.986719 0.04375 0.0265625 0.000111295
0 0.45 0.808203 0.523438 0.383594 0.000111618
0 0.746875 0.310156 0.1125 0.159375 0.000115719
0 0.335156 0.298828 0.104687 0.153906 0.000116536
0 0.327344 0.264844 0.075 0.0875 0.000118987
0 0.963281 0.983984 0.0734375 0.0320312 0.000125192
0 0.214844 0.703516 0.390625 0.592969 0.000126506
0 0.835938 0.440234 0.21875 0.591406 0.000129238
0 0.414844 0.562891 0.129688 0.138281 0.000131168
0 0.831641 0.557031 0.121094 0.246875 0.000136456
0 0.677344 0.526172 0.090625 0.0945313 0.000139965
0 0.921094 0.0265625 0.157813 0.053125 0.000141301
0 0.165625 0.287891 0.303125 0.563281 0.000141408
0 0.785547 0.703125 0.307031 0.520312 0.000143867
0 0.519922 0.034375 0.392969 0.06875 0.00015726
0 0.821484 0.0199219 0.274219 0.0367187 0.000158827
0 0.268359 0.0339844 0.369531 0.0648438 0.000170358
0 0.337891 0.473828 0.202344 0.207031 0.000176605
0 0.191797 0.526563 0.199219 0.4375 0.000177807
0 0.308984 0.300391 0.0617188 0.0664062 0.000188864
0 0.641797 0.173828 0.488281 0.342969 0.000189751
0 0.442187 0.170703 0.492188 0.341406 0.000190234
0 0.776953 0.317969 0.192969 0.329688 0.000192938
0 0.696875 0.447656 0.171875 0.25 0.000195615
0 0.337891 0.510547 0.133594 0.163281 0.000201275
0 0.0753906 0.0257812 0.150781 0.0515625 0.000213679
0 0.334766 0.297266 0.0726563 0.0882813 0.000216224
0 0.146875 0.113281 0.2875 0.225 0.000225231
0 0.24375 0.485156 0.090625 0.114063 0.000225353
0 0.774609 0.355469 0.116406 0.21875 0.000232753
0 0.760547 0.51875 0.294531 0.375 0.000235668
0 0.276953 0.486719 0.0898438 0.110937 0.000247813
0 0.811719 0.148438 0.36875 0.296875 0.000248097
0 0.721094 0.0296875 0.26875 0.0578125 0.0002484
0 0.111328 0.053125 0.222656 0.10625 0.000272055
0 0.888672 0.0527344 0.222656 0.105469 0.000280199
0 0.145313 0.0308594 0.290625 0.0617188 0.000306901
0 0.78125 0.579297 0.214062 0.267969 0.00033762
0 0.364453 0.110937 0.466406 0.221875 0.000339557
0 0.860547 0.103906 0.278906 0.201562 0.000344793
0 0.736719 0.2875 0.339063 0.46875 0.00034687
0 0.3125 0.302734 0.0875 0.107031 0.000359012
0 0.323438 0.380078 0.315625 0.522656 0.000374193
0 0.263672 0.395312 0.121094 0.210938 0.000383015
0 0.8 0.469141 0.107813 0.208594 0.000408112
0 0.717188 0.0859375 0.4375 0.165625 0.000419189
0 0.345313 0.546484 0.195312 0.174219 0.000450667
0 0.623438 0.0601562 0.454688 0.11875 0.00045487
0 0.536719 0.103906 0.490625 0.207813 0.000465924
0 0.461328 0.0632813 0.471094 0.125 0.000496918
0 0.816406 0.0324219 0.346875 0.0632813 0.00056549
0 0.269922 0.196094 0.442969 0.392188 0.000581165
0 0.259766 0.449609 0.0898438 0.114844 0.000696218
0 0.196484 0.065625 0.382031 0.13125 0.000723369
0 0.679688 0.527344 0.146875 0.126563 0.000728127
0 0.807813 0.548828 0.128125 0.169531 0.000779374
0 0.776953 0.416406 0.146094 0.284375 0.000949852
0 0.802344 0.0597656 0.379687 0.117969 0.00100695
0 0.221484 0.442578 0.158594 0.344531 0.00125838
0 0.238281 0.534766 0.16875 0.261719 0.00130292
0 0.221875 0.416406 0.31875 0.59375 0.0015483
0 0.729688 0.525 0.210938 0.145313 0.00212545
0 0.288281 0.408203 0.171875 0.319531 0.00245937
0 0.783203 0.512109 0.157031 0.180469 0.00331222
0 0.279687 0.476562 0.271875 0.335938 0.00376487
0 0.294141 0.508594 0.194531 0.21875 0.0076361
0 0.257422 0.468359 0.146094 0.232031 0.226548
