0 0.361328 0.267578 0.116406 0.117969 0.000101859
0 0.8375 0.721094 0.0921875 0.104687 0.000104078
0 0.710547 0.523438 0.238281 0.489062 0.000114996
0 0.689453 0.708984 0.138281 0.310156 0.000117059
0 0.321875 0.411719 0.145313 0.253125 0.000118451
0 0.3625 0.548437 0.15 0.190625 0.000129252
0 0.726562 0.488281 0.129688 0.14375 0.000131465
0 0.73125 0.308984 0.203125 0.275781 0.000132362
0 0.914844 0.726562 0.1375 0.389062 0.000140293
0 0.300781 0.323438 0.08125 0.104687 0.000148664
0 0.283984 0.385547 0.127344 0.228906 0.000153546
0 0.363281 0.364844 0.1625 0.179688 0.000156448
0 0.859766 0.595703 0.122656 0.208594 0.000173918
0 0.319141 0.348437 0.0804688 0.104687 0.000174756
0 0.787109 0.575781 0.150781 0.285937 0.000182043
0 0.403125 0.310547 0.107813 0.135156 0.000186924
0 0.406641 0.326562 0.0773437 0.0890625 0.000199057
0 0.378906 0.632422 0.25 0.253906 0.000207169
0 0.707422 0.736328 0.128906 0.180469 0.000210529
0 0.844141 0.658984 0.144531 0.219531 0.000214961
0 0.80625 0.800391 0.257812 0.205469 0.000217599
0 0.885156 0.799219 0.120312 0.157813 0.000229101
0 0.264844 0.56875 0.157813 0.198437 0.000245143
0 0.290234 0.291016 0.0882813 0.107031 0.00025243
0 0.309766 0.678125 0.289844 0.295312 0.000256179
0 0.382031 0.470313 0.145313 0.2625 0.000259328
0 0.785547 0.681641 0.202344 0.219531 0.000284799
0 0.766797 0.483984 0.0929687 0.102344 0.000300784
0 0.819141 0.450391 0.0898438 0.111719 0.000357803
0 0.419531 0.564453 0.1375 0.171094 0.000374308
0 0.415234 0.351953 0.108594 0.167969 0.000479917
0 0.323438 0.287891 0.121875 0.130469 0.000489144
0 0.354688 0.281641 0.170312 0.183594 0.000540612
0 0.415625 0.401953 0.154687 0.310156 0.000585498
0 0.752344 0.522656 0.198437 0.284375 0.000626685
0 0.265234 0.492969 0.142969 0.182812 0.000652224
0 0.389453 0.319922 0.160156 0.188281 0.000674351
0 0.798828 0.466797 0.0945313 0.114844 0.000691147
0 0.321094 0.473047 0.20625 0.211719 0.000705274
0 0.321484 0.591797 0.242969 0.200781 0.000772391
0 0.30625 0.344141 0.123438 0.158594 0.000802439
0 0.753516 0.637891 0.224219 0.391406 0.00114241
0 0.805859 0.7375 0.0804688 0.109375 0.00116432
0 0.255078 0.483594 0.171094 0.30625 0.00116517
0 0.827734 0.416016 0.152344 0.246094 0.00118966
0 0.277734 0.397266 0.191406 0.382031 0.0012587
0 0.762891 0.389062 0.236719 0.340625 0.00138497
0 0.319922 0.334766 0.186719 0.258594 0.0013874
0 0.753516 0.758984 0.224219 0.180469 0.00158006
0 0.390625 0.533203 0.203125 0.305469 0.00167553
0 0.821094 0.534766 0.146875 0.285156 0.00170688
0 0.876953 0.760156 0.174219 0.2375 0.0018111
0 0.769531 0.482031 0.148438 0.132812 0.00198047
0 0.863672 0.564844 0.150781 0.370313 0.00243516
0 0.789844 0.488672 0.2875 0.471094 0.00317771
0 0.375 0.405078 0.225 0.410156 0.0034427
0 0.805469 0.739453 0.128125 0.177344 0.00706665
0 0.301562 0.530859 0.20625 0.213281 0.00711223
0 0.31875 0.571094 0.295312 0.3375 0.0113265
0 0.819531 0.728906 0.19375 0.235938 0.0161021
0 0.85 0.685938 0.189063 0.360938 0.0357733
0 0.802344 0.464844 0.175 0.1875 0.0358183
0 0.815234 0.607422 0.217969 0.460156 0.188867
0 0.321875 0.467969 0.248437 0.389062 0.196531
