0 0.799609 0.61875 0.142969 0.173438 0.000104511
0 0.0585938 0.652734 0.117188 0.655469 0.000104625
0 0.703906 0.651172 0.0875 0.108594 0.000107703
0 0.719531 0.619531 0.0875 0.103125 0.00010858
0 0.217578 0.676953 0.0867188 0.0914062 0.000111557
0 0.124609 0.0492188 0.249219 0.096875 0.000114755
0 0.288281 0.325 0.084375 0.10625 0.000115628
0 0.775 0.711719 0.148438 0.103125 0.00011767
0 0.922656 0.0601562 0.154687 0.117188 0.000118335
0 0.734375 0.759766 0.189063 0.174219 0.000141382
0 0.381641 0.629297 0.155469 0.174219 0.000150794
0 0.770312 0.757422 0.195312 0.250781 0.000158862
0 0.730469 0.535156 0.146875 0.251563 0.000163635
0 0.243359 0.527344 0.125781 0.292188 0.000186398
0 0.234766 0.640234 0.136719 0.175781 0.000209602
0 0.738672 0.695703 0.0835937 0.0804688 0.000213739
0 0.723437 0.673828 0.0875 0.103906 0.000214955
0 0.707422 0.717969 0.136719 0.121875 0.000221566
0 0.326562 0.558203 0.132812 0.153906 0.000249292
0 0.26875 0.386719 0.090625 0.157813 0.000272426
0 0.732813 0.639453 0.276563 0.278906 0.000314424
0 0.316016 0.601953 0.291406 0.286719 0.00034161
0 0.691797 0.678516 0.160156 0.189844 0.000369649
0 0.758203 0.636328 0.0898438 0.110156 0.000406953
0 0.389844 0.560938 0.142188 0.184375 0.000421725
0 0.274609 0.350781 0.0804688 0.1 0.000441781
0 0.739453 0.653516 0.0898438 0.107031 0.000570577
0 0.316016 0.539844 0.202344 0.2375 0.000573657
0 0.789844 0.672266 0.178125 0.160156 0.000695623
0 0.764063 0.600391 0.1625 0.224219 0.00102362
0 0.7375 0.69375 0.139062 0.125 0.00104933
0 0.282031 0.598828 0.2 0.191406 0.00110117
0 0.705469 0.615234 0.15625 0.191406 0.00159428
0 0.355078 0.587891 0.178906 0.175781 0.00315137
0 0.736328 0.649609 0.152344 0.167969 0.0108725
