0 0.691797 0.216406 0.0976562 0.207813 0.000107586
0 0.678906 0.189844 0.0765625 0.10625 0.000112393
0 0.174219 0.551562 0.0875 0.10625 0.000113256
0 0.2125 0.576563 0.1875 0.217187 0.000115005
0 0.175391 0.470703 0.0835937 0.103906 0.000115519
0 0.664844 0.191406 0.10625 0.182812 0.000123308
0 0.679688 0.364062 0.120312 0.246875 0.000129195
0 0.216016 0.214453 0.0789063 0.114844 0.000131188
0 0.589844 0.0757812 0.084375 0.078125 0.000132149
0 0.382812 0.392969 0.409375 0.785937 0.000134473
0 0.658594 0.427344 0.142188 0.18125 0.000141367
0 0.708203 0.315234 0.128906 0.382031 0.000149839
0 0.180859 0.426953 0.0945313 0.186719 0.00015637
0 0.211328 0.125781 0.132031 0.184375 0.00015836
0 0.295312 0.262109 0.18125 0.361719 0.000163849
0 0.173047 0.515234 0.0867188 0.110156 0.000164587
0 0.302344 0.439844 0.1625 0.357812 0.000172832
0 0.685547 0.146484 0.297656 0.247656 0.000179063
0 0.617578 0.467187 0.135156 0.175 0.000189529
0 0.210156 0.444531 0.134375 0.271875 0.000205866
0 0.590234 0.483203 0.142969 0.311719 0.000206915
0 0.682031 0.471094 0.08125 0.096875 0.000219638
0 0.177344 0.228906 0.151562 0.3375 0.000247857
0 0.61875 0.551953 0.139062 0.257031 0.000262319
0 0.736328 0.607813 0.289844 0.3375 0.000265978
0 0.704297 0.65625 0.147656 0.140625 0.000280346
0 0.620703 0.638672 0.183594 0.207031 0.000280588
0 0.198047 0.342187 0.103906 0.25 0.000308828
0 0.754687 0.657031 0.0828125 0.104687 0.000322262
0 0.748828 0.3625 0.241406 0.725 0.000344153
0 0.260547 0.651953 0.274219 0.207031 0.000344916
0 0.230859 0.153516 0.0835937 0.108594 0.000363641
0 0.697266 0.428516 0.108594 0.230469 0.000364142
0 0.653906 0.119141 0.0828125 0.114844 0.000374795
0 0.715234 0.689453 0.211719 0.152344 0.000378902
0 0.589453 0.392188 0.260156 0.75 0.000384118
0 0.678516 0.549219 0.146094 0.259375 0.000387074
0 0.160938 0.553906 0.117188 0.203125 0.0004002
0 0.317969 0.380078 0.226562 0.586719 0.000400888
0 0.642187 0.0929687 0.101562 0.1 0.000438797
0 0.620313 0.178906 0.209375 0.282813 0.00044664
0 0.721094 0.614453 0.146875 0.186719 0.000448265
0 0.201562 0.256641 0.0984375 0.216406 0.000469136
0 0.6625 0.490625 0.151562 0.192188 0.000471835
0 0.279297 0.15625 0.285156 0.265625 0.000474162
0 0.253516 0.570312 0.269531 0.309375 0.000504253
0 0.223828 0.687891 0.244531 0.132031 0.000537073
0 0.600781 0.0875 0.126563 0.110937 0.000569538
0 0.650391 0.270703 0.175781 0.405469 0.000617946
0 0.132812 0.600781 0.167187 0.328125 0.000708763
0 0.695703 0.147656 0.105469 0.167187 0.000915456
0 0.75 0.562109 0.157813 0.321094 0.000989449
0 0.676953 0.154687 0.0835937 0.114063 0.00100216
0 0.292969 0.105859 0.179688 0.175781 0.00122119
0 0.684375 0.221094 0.125 0.326562 0.00127809
0 0.183594 0.635547 0.207813 0.249219 0.00145636
0 0.175781 0.489453 0.1125 0.247656 0.00150472
0 0.750781 0.646094 0.114063 0.157813 0.00162304
0 0.606641 0.542969 0.205469 0.360938 0.00174724
0 0.698828 0.490625 0.135156 0.2625 0.00200659
0 0.617578 0.115625 0.166406 0.167187 0.00287252
0 0.65 0.398438 0.201562 0.401563 0.0031371
0 0.255859 0.324219 0.232031 0.601562 0.00346373
0 0.217578 0.174219 0.0992187 0.175 0.00363226
0 0.689453 0.645312 0.239844 0.201562 0.00465045
0 0.252734 0.141016 0.172656 0.213281 0.00498673
0 0.212891 0.51875 0.299219 0.49375 0.00523393
0 0.190234 0.366016 0.130469 0.408594 0.00543471
0 0.175781 0.561328 0.160938 0.307031 0.0093384
0 0.661719 0.133203 0.134375 0.171094 0.0111701
0 0.712891 0.441406 0.174219 0.50625 0.015674
0 0.222656 0.214844 0.132812 0.30625 0.0163665
0 0.160938 0.471484 0.151562 0.541406 0.0201691
0 0.682813 0.548047 0.248437 0.341406 0.0344421
0 0.665234 0.383984 0.250781 0.663281 0.162099
0 0.199219 0.394141 0.176563 0.657031 0.270277
