0 0.284375 0.565234 0.090625 0.102344 0.0001109
0 0.361719 0.0179687 0.196875 0.0328125 0.000111679
0 0.704687 0.265625 0.142188 0.123438 0.000111785
0 0.960547 0.0628906 0.0789063 0.125781 0.000112172
0 0.344531 0.518359 0.0875 0.103906 0.000113712
0 0.410937 0.393359 0.0953125 0.139844 0.000115885
0 0.802734 0.614844 0.0804688 0.110937 0.000120275
0 0.38125 0.552344 0.0921875 0.1125 0.000126841
0 0.696484 0.285156 0.0882813 0.0953125 0.000126949
0 0.757031 0.381641 0.0765625 0.142969 0.000128479
0 0.886328 0.0210938 0.199219 0.0421875 0.000128726
0 0.376953 0.316016 0.161719 0.177344 0.000130539
0 0.805078 0.671094 0.153906 0.265625 0.00013118
0 0.398828 0.376172 0.152344 0.180469 0.000136055
0 0.658594 0.425781 0.114063 0.182812 0.000138804
0 0.281641 0.372656 0.0945313 0.10625 0.000141509
0 0.217187 0.598828 0.084375 0.133594 0.000145329
0 0.755078 0.320703 0.0867188 0.149219 0.000147586
0 0.823047 0.569531 0.0882813 0.225 0.000160703
0 0.410156 0.594922 0.0921875 0.0992187 0.00016854
0 0.269141 0.292188 0.117969 0.173438 0.000200665
0 0.646094 0.591797 0.129688 0.164844 0.000229591
0 0.754687 0.369531 0.1125 0.210938 0.000230743
0 0.380469 0.518359 0.1375 0.167969 0.000246308
0 0.379687 0.395312 0.157813 0.307813 0.000249792
0 0.8 0.557813 0.0796875 0.184375 0.000256145
0 0.719141 0.305078 0.0695312 0.0804688 0.000258566
0 0.754687 0.277734 0.06875 0.100781 0.000265728
0 0.295703 0.396875 0.133594 0.217187 0.000269959
0 0.713672 0.566016 0.274219 0.324219 0.000277826
0 0.677344 0.592578 0.0921875 0.108594 0.000280388
0 0.307422 0.553125 0.0914062 0.101562 0.000302556
0 0.716406 0.555078 0.132812 0.205469 0.000305225
0 0.333594 0.355859 0.18125 0.155469 0.000326605
0 0.658594 0.436328 0.145313 0.366406 0.000333901
0 0.864453 0.0355469 0.232031 0.0710938 0.000358286
0 0.311328 0.341016 0.0914062 0.117969 0.000413002
0 0.666016 0.346094 0.138281 0.204688 0.000425
0 0.689844 0.308203 0.123438 0.128906 0.000433652
0 0.730859 0.657812 0.241406 0.285937 0.000463239
0 0.76875 0.486328 0.1375 0.357031 0.000492822
0 0.253516 0.344141 0.0851562 0.119531 0.000502255
0 0.729688 0.310937 0.0953125 0.121875 0.000536229
0 0.28125 0.311328 0.0890625 0.105469 0.000543387
0 0.800391 0.532812 0.100781 0.292188 0.000566469
0 0.306641 0.515625 0.172656 0.190625 0.000635549
0 0.247656 0.521094 0.145313 0.29375 0.000638029
0 0.705078 0.365625 0.155469 0.235938 0.000646523
0 0.9125 0.0519531 0.173438 0.103906 0.000693161
0 0.385547 0.577734 0.144531 0.136719 0.000751682
0 0.246875 0.580859 0.125 0.138281 0.000827818
0 0.659766 0.537891 0.141406 0.239844 0.00088441
0 0.314453 0.546484 0.291406 0.303906 0.000937531
0 0.345313 0.551172 0.0921875 0.103906 0.00104167
0 0.807422 0.626562 0.105469 0.171875 0.00114873
0 0.646484 0.282031 0.132031 0.101562 0.00127948
0 0.711328 0.483203 0.185156 0.364844 0.00151558
0 0.314063 0.311719 0.185937 0.182812 0.00157653
0 0.292578 0.360156 0.285156 0.328125 0.00239992
0 0.251953 0.380469 0.150781 0.2375 0.00340084
0 0.772266 0.598828 0.163281 0.186719 0.00367127
0 0.339453 0.478516 0.185156 0.285156 0.00430051
0 0.289453 0.563281 0.182031 0.146875 0.00488674
0 0.692187 0.596094 0.164062 0.165625 0.00903091
0 0.288672 0.425 0.172656 0.35 0.0102241
0 0.346094 0.552734 0.167187 0.146094 0.0215954
0 0.281641 0.339063 0.133594 0.15625 0.326198
