0 0.1125 0.968359 0.223438 0.0554687 0.000101735
0 0.263281 0.445312 0.078125 0.117188 0.000105294
0 0.698828 0.942969 0.453906 0.114063 0.000105705
0 0.402344 0.455078 0.295312 0.494531 0.000105988
0 0.90625 0.892578 0.1875 0.210156 0.000107634
0 0.849609 0.644531 0.277344 0.657812 0.000108831
0 0.591797 0.228125 0.128906 0.214062 0.000111347
0 0.135156 0.953906 0.2625 0.0921875 0.000113442
0 0.0359375 0.351562 0.071875 0.578125 0.000113745
0 0.715234 0.532031 0.0820312 0.117188 0.000113931
0 0.681641 0.269922 0.0632813 0.0726563 0.000115666
0 0.346094 0.210156 0.0859375 0.104687 0.000117444
0 0.985937 0.569141 0.028125 0.239844 0.000118263
0 0.61875 0.607813 0.142188 0.178125 0.000118281
0 0.363672 0.246094 0.300781 0.292188 0.000123731
0 0.278906 0.466016 0.0875 0.103906 0.000126353
0 0.605078 0.196875 0.0914062 0.125 0.000128489
0 0.619141 0.34375 0.130469 0.170312 0.000134241
0 0.280078 0.534766 0.0867188 0.113281 0.000141423
0 0.696875 0.364453 0.059375 0.0976562 0.000150813
0 0.384766 0.464453 0.132031 0.272656 0.000160785
0 0.653125 0.661719 0.354688 0.364062 0.000165533
0 0.748047 0.633203 0.221094 0.322656 0.000165728
0 0.0230469 0.354297 0.0445312 0.430469 0.000169443
0 0.698828 0.511719 0.0867188 0.1125 0.000170864
0 0.660156 0.291797 0.101562 0.0992187 0.000183014
0 0.318359 0.378125 0.0820312 0.0875 0.00019259
0 0.716797 0.467969 0.0804688 0.109375 0.000201926
0 0.345703 0.273047 0.0789063 0.102344 0.000202376
0 0.275391 0.347656 0.0710938 0.075 0.000211119
0 0.596484 0.298438 0.146094 0.271875 0.000211771
0 0.282031 0.330859 0.0953125 0.139844 0.000211994
0 0.746875 0.528906 0.0984375 0.271875 0.000212671
0 0.679297 0.571484 0.0898438 0.107031 0.000213908
0 0.730469 0.451172 0.0796875 0.175781 0.000221651
0 0.201172 0.556641 0.266406 0.439844 0.00022704
0 0.659375 0.317187 0.075 0.0875 0.000228603
0 0.855469 0.861719 0.289062 0.25 0.000244457
0 0.732813 0.630078 0.0890625 0.108594 0.000258193
0 0.980859 0.517578 0.0367187 0.361719 0.000306524
0 0.694922 0.34375 0.0867188 0.148438 0.000321509
0 0.621875 0.625391 0.239063 0.216406 0.000322468
0 0.340625 0.448828 0.151562 0.282031 0.000335846
0 0.700391 0.553906 0.0867188 0.114063 0.000346485
0 0.339453 0.364844 0.132031 0.159375 0.000350097
0 0.717969 0.409375 0.071875 0.126563 0.000357683
0 0.295312 0.573438 0.090625 0.107813 0.000383315
0 0.634375 0.250781 0.154687 0.246875 0.000392578
0 0.680859 0.387891 0.124219 0.250781 0.000405616
0 0.760156 0.608594 0.35 0.510938 0.000423345
0 0.339063 0.536719 0.176563 0.209375 0.00045697
0 0.875 0.935938 0.25 0.126563 0.000457335
0 0.382422 0.228516 0.124219 0.157031 0.000466274
0 0.680859 0.288281 0.0460938 0.05 0.000468689
0 0.711328 0.369531 0.144531 0.359375 0.000505244
0 0.275391 0.371875 0.0820312 0.096875 0.00055181
0 0.70625 0.409375 0.096875 0.19375 0.000586251
0 0.732813 0.471094 0.296875 0.460938 0.000620897
0 0.291406 0.326562 0.151562 0.242188 0.000624413
0 0.347266 0.208984 0.150781 0.144531 0.000628862
0 0.676172 0.302734 0.0601562 0.0742188 0.000629577
0 0.614453 0.466016 0.174219 0.336719 0.00069983
0 0.739844 0.446875 0.135937 0.451562 0.000709063
0 0.388281 0.370703 0.151562 0.377344 0.000719244
0 0.691797 0.637891 0.216406 0.177344 0.000773948
0 0.652734 0.319922 0.150781 0.205469 0.000809925
0 0.680078 0.470703 0.139844 0.211719 0.000839866
0 0.254297 0.469141 0.107031 0.294531 0.00100436
0 0.674609 0.319531 0.0945313 0.123438 0.00101956
0 0.374219 0.515625 0.198437 0.35625 0.00114902
0 0.612109 0.551953 0.163281 0.221094 0.00119622
0 0.361719 0.595703 0.167187 0.172656 0.00123104
0 0.277344 0.617188 0.146875 0.154687 0.00127404
0 0.264844 0.59375 0.0875 0.10625 0.0013437
0 0.282813 0.509766 0.115625 0.219531 0.00156163
0 0.262109 0.476953 0.292969 0.421094 0.00172002
0 0.740234 0.601562 0.0679687 0.121875 0.00181437
0 0.296875 0.385938 0.125 0.126563 0.00185291
0 0.651172 0.334375 0.185156 0.378125 0.00191185
0 0.318359 0.569922 0.291406 0.303906 0.00244565
0 0.715625 0.471875 0.109375 0.264062 0.00278498
0 0.258984 0.401953 0.0882813 0.166406 0.00332643
0 0.714844 0.59375 0.115625 0.145313 0.00389405
0 0.257812 0.557422 0.107813 0.230469 0.00456655
0 0.651953 0.422656 0.260156 0.504687 0.00496358
0 0.679297 0.571484 0.286719 0.332031 0.0052697
0 0.348437 0.315625 0.173438 0.2875 0.00541936
0 0.355859 0.262891 0.122656 0.172656 0.014553
0 0.276563 0.407422 0.11875 0.239844 0.0147978
0 0.353125 0.240234 0.0984375 0.105469 0.0165762
0 0.300781 0.578516 0.182812 0.207031 0.0212176
0 0.660937 0.581641 0.2125 0.211719 0.0252487
0 0.709375 0.550781 0.135937 0.251563 0.0279726
0 0.330078 0.394922 0.219531 0.480469 0.0352385
0 0.678516 0.48125 0.182031 0.354688 0.20295
0 0.296875 0.478125 0.164062 0.34375 0.264548
