0 0.221875 0.347656 0.11875 0.207813 0.000103715
0 0.272656 0.709766 0.282813 0.232031 0.000103819
0 0.823047 0.480859 0.128906 0.424219 0.000112442
0 0.815625 0.0355469 0.285937 0.0710938 0.000113684
0 0.301562 0.320703 0.129688 0.185156 0.00011584
0 0.948828 0.175781 0.102344 0.346875 0.000117697
0 0.777734 0.429688 0.0820312 0.110937 0.000121815
0 0.307422 0.614844 0.0882813 0.0859375 0.000123319
0 0.981641 0.105078 0.0367187 0.210156 0.000124516
0 0.70625 0.238281 0.084375 0.110937 0.000127557
0 0.701953 0.404687 0.146094 0.178125 0.000130252
0 0.166406 0.550781 0.123438 0.215625 0.000134046
0 0.675 0.0308594 0.242188 0.0617188 0.000137228
0 0.822656 0.652344 0.08125 0.104687 0.000139173
0 0.132422 0.558594 0.205469 0.553125 0.000141294
0 0.163672 0.6375 0.157031 0.292188 0.000161055
0 0.195312 0.487891 0.0875 0.111719 0.000164894
0 0.721094 0.0511719 0.360938 0.102344 0.000167186
0 0.608594 0.206641 0.103125 0.132031 0.000171624
0 0.678906 0.346094 0.120312 0.204688 0.000172692
0 0.968359 0.0503906 0.0617188 0.100781 0.000183027
0 0.251953 0.280859 0.153906 0.207031 0.000183497
0 0.197266 0.634766 0.127344 0.161719 0.000183682
0 0.801953 0.392188 0.133594 0.370313 0.000184585
0 0.305469 0.651172 0.145313 0.108594 0.000194297
0 0.698438 0.163672 0.23125 0.186719 0.000197286
0 0.679688 0.533203 0.135937 0.252344 0.000200304
0 0.805469 0.0972656 0.36875 0.194531 0.000220565
0 0.871484 0.762109 0.0617188 0.132031 0.000224866
0 0.922266 0.116406 0.144531 0.232812 0.000238415
0 0.23125 0.528125 0.135937 0.25625 0.000249949
0 0.666016 0.441016 0.163281 0.342969 0.000257492
0 0.197656 0.451562 0.0859375 0.11875 0.000265963
0 0.652344 0.197656 0.185937 0.16875 0.000333386
0 0.737109 0.253125 0.0726563 0.103125 0.000336635
0 0.816016 0.713281 0.147656 0.178125 0.000337987
0 0.342187 0.305469 0.164062 0.239063 0.000344125
0 0.725391 0.364453 0.138281 0.203906 0.000356558
0 0.745313 0.468359 0.132812 0.239844 0.000357077
0 0.844531 0.692578 0.0984375 0.158594 0.000373157
0 0.752734 0.304688 0.0992187 0.21875 0.000390384
0 0.757422 0.393359 0.275781 0.547656 0.000393268
0 0.169531 0.46875 0.121875 0.259375 0.00039731
0 0.347656 0.221875 0.134375 0.1375 0.000406279
0 0.968359 0.139453 0.0632813 0.278906 0.000421992
0 0.732031 0.714063 0.225 0.209375 0.000426031
0 0.698047 0.670313 0.139844 0.190625 0.000428535
0 0.341406 0.527734 0.1625 0.263281 0.000451276
0 0.346875 0.664453 0.129688 0.130469 0.000473829
0 0.358203 0.6 0.0804688 0.09375 0.000530672
0 0.941406 0.0660156 0.115625 0.132031 0.000547185
0 0.862109 0.730078 0.0695312 0.142969 0.000560746
0 0.315234 0.234375 0.188281 0.195312 0.00057517
0 0.879297 0.0585938 0.241406 0.117188 0.000581217
0 0.717969 0.574609 0.1375 0.241406 0.000606604
0 0.763672 0.572266 0.141406 0.250781 0.000623381
0 0.282422 0.575 0.222656 0.175 0.000668986
0 0.817969 0.655078 0.109375 0.174219 0.000702108
0 0.800391 0.530078 0.114844 0.263281 0.000809104
0 0.283203 0.653906 0.247656 0.14375 0.00087096
0 0.245312 0.642187 0.28125 0.229687 0.000904839
0 0.778906 0.448047 0.10625 0.238281 0.00094016
0 0.178516 0.4625 0.264844 0.532812 0.00116997
0 0.703516 0.228906 0.139844 0.167187 0.00122886
0 0.315234 0.455469 0.244531 0.446875 0.00125988
0 0.683984 0.283984 0.189844 0.286719 0.0013166
0 0.758984 0.384766 0.114844 0.219531 0.00162217
0 0.666016 0.609375 0.171094 0.245312 0.00175416
0 0.289062 0.297656 0.214062 0.278125 0.00185312
0 0.728906 0.256641 0.0953125 0.161719 0.00207562
0 0.234375 0.345703 0.167187 0.297656 0.00210377
0 0.195703 0.50625 0.117969 0.21875 0.00213477
0 0.346094 0.586328 0.120312 0.133594 0.00227772
0 0.705078 0.477734 0.211719 0.463281 0.00301355
0 0.266016 0.561719 0.267969 0.307813 0.00313786
0 0.801562 0.605469 0.139062 0.26875 0.00355821
0 0.344531 0.626953 0.114063 0.111719 0.00407421
0 0.775781 0.6625 0.195312 0.203125 0.00479415
0 0.309375 0.617969 0.189063 0.140625 0.00751351
0 0.203125 0.428125 0.11875 0.245312 0.00786052
0 0.196094 0.573047 0.1625 0.303906 0.00805552
0 0.741016 0.377734 0.155469 0.364844 0.0102864
0 0.721094 0.627734 0.210938 0.233594 0.0145786
0 0.250391 0.412891 0.216406 0.464844 0.0156412
0 0.766406 0.467187 0.15625 0.417188 0.0173405
0 0.20625 0.463281 0.148438 0.396875 0.188498
