0 0.823438 0.591406 0.08125 0.103125 0.000100792
0 0.802344 0.05 0.351562 0.1 0.000105538
0 0.803516 0.572266 0.0867188 0.107031 0.00011105
0 0.801172 0.367578 0.0882813 0.108594 0.000113329
0 0.767187 0.386719 0.142188 0.173438 0.000114025
0 0.280078 0.630469 0.228906 0.253125 0.000117018
0 0.216406 0.405078 0.217187 0.386719 0.000120875
0 0.375 0.481641 0.25625 0.313281 0.000126838
0 0.819141 0.429297 0.0851562 0.110156 0.000129242
0 0.257422 0.555859 0.0898438 0.0929687 0.000129408
0 0.699219 0.399219 0.198437 0.170312 0.000144756
0 0.313281 0.466797 0.135937 0.267969 0.000156504
0 0.698438 0.532422 0.1375 0.164844 0.00016024
0 0.762109 0.628516 0.144531 0.133594 0.0001708
0 0.769922 0.282422 0.0976562 0.146094 0.000171423
0 0.839844 0.626172 0.134375 0.174219 0.000180288
0 0.23125 0.448438 0.125 0.279687 0.000184151
0 0.824609 0.548437 0.0851562 0.10625 0.000184262
0 0.338281 0.332812 0.203125 0.240625 0.000186987
0 0.305859 0.675391 0.299219 0.405469 0.00019145
0 0.786328 0.648828 0.330469 0.344531 0.000239254
0 0.771875 0.470703 0.145313 0.255469 0.000255313
0 0.722656 0.587109 0.139062 0.144531 0.000256266
0 0.801562 0.607422 0.1375 0.132031 0.000275
0 0.374219 0.530859 0.115625 0.130469 0.00027912
0 0.340625 0.532031 0.19375 0.160938 0.000309753
0 0.679688 0.476562 0.1625 0.226562 0.000322742
0 0.217969 0.511328 0.173438 0.353906 0.000357392
0 0.862891 0.514844 0.171094 0.364062 0.000388157
0 0.85 0.490234 0.123438 0.207031 0.000407677
0 0.823438 0.510547 0.0890625 0.116406 0.000417404
0 0.779688 0.327344 0.129688 0.209375 0.000473566
0 0.81875 0.469531 0.0859375 0.110937 0.000490163
0 0.276953 0.427344 0.135156 0.21875 0.000509807
0 0.278906 0.569531 0.1875 0.159375 0.000731399
0 0.707031 0.485547 0.265625 0.296094 0.000941534
0 0.333984 0.587109 0.238281 0.164844 0.000981168
0 0.328125 0.405469 0.254687 0.426562 0.000993708
0 0.744531 0.628125 0.24375 0.195312 0.00106598
0 0.763281 0.56875 0.145313 0.145313 0.00109222
0 0.244141 0.548437 0.149219 0.235938 0.00146414
0 0.708984 0.558594 0.214844 0.2 0.00150814
0 0.294922 0.368359 0.160156 0.274219 0.00166444
0 0.803516 0.390234 0.125781 0.224219 0.00182092
0 0.787891 0.528906 0.144531 0.20625 0.00224677
0 0.250781 0.497656 0.276563 0.45625 0.00226504
0 0.837109 0.464453 0.269531 0.430469 0.00243301
0 0.265234 0.487891 0.133594 0.219531 0.00328353
0 0.769922 0.406641 0.194531 0.364844 0.00347611
0 0.802344 0.587891 0.182812 0.200781 0.00400671
0 0.314063 0.528125 0.25 0.25625 0.00434862
0 0.834766 0.547656 0.146094 0.242188 0.00736359
0 0.760938 0.534766 0.25 0.261719 0.0223806
0 0.814453 0.470703 0.142969 0.297656 0.242619
0 0.272266 0.442187 0.171094 0.373437 0.421329
