0 0.88125 0.764453 0.15625 0.253906 0.000109653
0 0.780859 0.762109 0.0851562 0.103906 0.000110984
0 0.761328 0.795703 0.135156 0.152344 0.000127588
0 0.198828 0.480859 0.116406 0.327344 0.000128297
0 0.214062 0.573828 0.126563 0.242969 0.000130384
0 0.668359 0.335938 0.0804688 0.103125 0.000131849
0 0.803125 0.0324219 0.271875 0.0617188 0.000139149
0 0.847656 0.0550781 0.304688 0.110156 0.000140288
0 0.263672 0.741797 0.0882813 0.114844 0.000144094
0 0.814062 0.282813 0.0734375 0.0953125 0.000148523
0 0.833594 0.826172 0.145313 0.182031 0.000152913
0 0.780469 0.7 0.198437 0.221875 0.000172151
0 0.225781 0.717969 0.15 0.226562 0.000186729
0 0.760156 0.613672 0.160938 0.139844 0.000201275
0 0.251172 0.489062 0.185156 0.5125 0.00020413
0 0.167578 0.683203 0.197656 0.441406 0.000210879
0 0.675781 0.777734 0.321875 0.377344 0.000235692
0 0.853516 0.469922 0.111719 0.214844 0.000241598
0 0.771094 0.812109 0.314063 0.282031 0.000244922
0 0.716406 0.290625 0.182812 0.184375 0.00026218
0 0.745313 0.567969 0.221875 0.332812 0.000262877
0 0.800391 0.849219 0.0820312 0.078125 0.000292097
0 0.344531 0.819922 0.151562 0.147656 0.000294924
0 0.784375 0.838672 0.13125 0.132031 0.000301293
0 0.183594 0.613281 0.11875 0.25 0.000308501
0 0.717969 0.682031 0.146875 0.26875 0.000361276
0 0.859375 0.632422 0.132812 0.278906 0.000366494
0 0.79375 0.285937 0.10625 0.132812 0.000382256
0 0.271875 0.558984 0.295312 0.564844 0.000409245
0 0.792969 0.396875 0.165625 0.298438 0.00043474
0 0.667188 0.699609 0.159375 0.282031 0.000461144
0 0.737891 0.759375 0.141406 0.159375 0.000482344
0 0.825391 0.348828 0.0960938 0.157031 0.000513657
0 0.240234 0.788281 0.232031 0.26875 0.000517234
0 0.739453 0.794922 0.230469 0.178906 0.000598824
0 0.279687 0.681641 0.129688 0.228906 0.000677049
0 0.849219 0.472266 0.26875 0.575781 0.000758415
0 0.319531 0.663672 0.226562 0.321094 0.000825543
0 0.844922 0.529688 0.0882813 0.107813 0.000944174
0 0.827734 0.589063 0.150781 0.2125 0.0011958
0 0.883594 0.625391 0.16875 0.461719 0.00131252
0 0.844922 0.719531 0.196094 0.326562 0.00145259
0 0.310156 0.794141 0.223438 0.233594 0.00150342
0 0.2625 0.738672 0.132812 0.182031 0.00177012
0 0.207031 0.563672 0.151562 0.417969 0.00203806
0 0.8 0.769922 0.182812 0.177344 0.00228826
0 0.689062 0.770703 0.164062 0.216406 0.00238534
0 0.810156 0.316797 0.0921875 0.149219 0.00265502
0 0.766016 0.546484 0.274219 0.566406 0.00421792
0 0.226953 0.651563 0.203906 0.35 0.00641436
0 0.683594 0.320703 0.10625 0.153906 0.00709395
0 0.844531 0.527344 0.115625 0.201562 0.00849257
0 0.776563 0.688281 0.314063 0.375 0.0090755
0 0.830078 0.439453 0.139844 0.325781 0.0116619
0 0.724609 0.726953 0.224219 0.263281 0.014593
0 0.283984 0.727344 0.202344 0.239063 0.022809
0 0.822656 0.617969 0.198437 0.414062 0.0385388
0 0.844531 0.541406 0.140625 0.367188 0.0611507
