0 0.166016 0.138672 0.332031 0.267969 0.000103194
0 0.198437 0.735937 0.1375 0.153125 0.000103534
0 0.936328 0.137891 0.127344 0.274219 0.000104471
0 0.823438 0.551172 0.109375 0.210156 0.000108685
0 0.881641 0.0816406 0.232031 0.163281 0.00011126
0 0.777344 0.282422 0.0453125 0.0773437 0.000115753
0 0.785156 0.385547 0.078125 0.119531 0.000122006
0 0.262891 0.717969 0.133594 0.110937 0.000123173
0 0.841797 0.595703 0.0773437 0.133594 0.000124118
0 0.114844 0.0664062 0.229687 0.132812 0.000128074
0 0.662891 0.469141 0.135156 0.252344 0.000128401
0 0.604297 0.2 0.0726563 0.071875 0.00013162
0 0.964844 0.0960938 0.0703125 0.189063 0.00013417
0 0.366016 0.451172 0.130469 0.300781 0.000135483
0 0.627344 0.696875 0.151562 0.201562 0.000138092
0 0.855078 0.742969 0.132031 0.176563 0.000141518
0 0.184766 0.710547 0.277344 0.335156 0.000141596
0 0.733594 0.341016 0.135937 0.155469 0.000142399
0 0.141797 0.736719 0.124219 0.176563 0.000144238
0 0.792969 0.360156 0.0546875 0.10625 0.000152621
0 0.748047 0.264844 0.0554687 0.08125 0.00015388
0 0.773438 0.317578 0.0546875 0.0882813 0.000157288
0 0.767578 0.265625 0.0476562 0.071875 0.000164066
0 0.302344 0.0722656 0.301562 0.144531 0.000164619
0 0.611719 0.289453 0.10625 0.138281 0.000166901
0 0.748828 0.318359 0.0664062 0.110156 0.000169555
0 0.278125 0.580859 0.290625 0.442969 0.000175945
0 0.672266 0.566797 0.135156 0.210156 0.000188434
0 0.189844 0.569531 0.14375 0.2875 0.000190741
0 0.739844 0.678125 0.142188 0.234375 0.000196793
0 0.674609 0.262109 0.0945313 0.125781 0.000203015
0 0.825781 0.763281 0.282813 0.310937 0.000247877
0 0.377734 0.350391 0.117969 0.197656 0.000254834
0 0.741016 0.573047 0.288281 0.536719 0.000257969
0 0.771875 0.343359 0.075 0.135156 0.000258474
0 0.824609 0.698438 0.146094 0.251563 0.000263831
0 0.783984 0.487109 0.149219 0.307031 0.000276407
0 0.365234 0.65 0.108594 0.171875 0.000278934
0 0.840234 0.601953 0.103906 0.236719 0.000287469
0 0.809766 0.564062 0.152344 0.317187 0.000291675
0 0.819922 0.763281 0.0914062 0.109375 0.000295455
0 0.930859 0.0710938 0.138281 0.1375 0.000319365
0 0.679297 0.229297 0.0789063 0.0789063 0.000325744
0 0.341016 0.597266 0.121094 0.171094 0.000326997
0 0.692187 0.286719 0.153125 0.142188 0.000341656
0 0.304688 0.749609 0.189063 0.160156 0.000350922
0 0.718359 0.633984 0.124219 0.144531 0.000402842
0 0.802734 0.789453 0.0820312 0.0835937 0.000407747
0 0.262109 0.114063 0.378906 0.228125 0.000436664
0 0.743359 0.792188 0.311719 0.20625 0.000488616
0 0.366797 0.689844 0.0929687 0.11875 0.000495947
0 0.303906 0.696875 0.14375 0.1375 0.000497755
0 0.648828 0.300781 0.122656 0.165625 0.000530087
0 0.301172 0.6 0.189844 0.2875 0.000645498
0 0.197266 0.0804688 0.353906 0.159375 0.000676872
0 0.339844 0.714063 0.14375 0.140625 0.000743973
0 0.726562 0.576172 0.204688 0.292969 0.00079102
0 0.698438 0.652734 0.167187 0.250781 0.00098696
0 0.171875 0.710156 0.175 0.235938 0.00116579
0 0.232812 0.724219 0.242188 0.198437 0.00125337
0 0.789062 0.775391 0.126563 0.113281 0.00137166
0 0.801562 0.651563 0.2125 0.360938 0.00155445
0 0.238281 0.655078 0.275 0.280469 0.00174102
0 0.679688 0.721094 0.189063 0.217187 0.00199139
0 0.760156 0.289453 0.0515625 0.0789063 0.00276916
0 0.330078 0.648438 0.160156 0.21875 0.00342414
0 0.735937 0.694922 0.267188 0.271094 0.00356365
0 0.292578 0.683984 0.213281 0.214844 0.00646669
0 0.825 0.771875 0.160938 0.146875 0.0099917
0 0.789844 0.738672 0.226562 0.199219 0.0164043
