0 0.716797 0.277734 0.205469 0.328906 0.000102262
0 0.919922 0.202344 0.160156 0.404687 0.000105513
0 0.678516 0.387109 0.183594 0.191406 0.000113826
0 0.749219 0.517578 0.19375 0.391406 0.000115991
0 0.249609 0.257031 0.178906 0.203125 0.000118799
0 0.705078 0.466016 0.138281 0.222656 0.00012849
0 0.261719 0.507812 0.239063 0.196875 0.000129532
0 0.767187 0.596094 0.315625 0.645312 0.00013268
0 0.301562 0.383984 0.178125 0.207031 0.000139227
0 0.941406 0.582422 0.104687 0.835156 0.000164346
0 0.197656 0.50625 0.232812 0.253125 0.000167012
0 0.194141 0.18125 0.388281 0.3625 0.000172732
0 0.890234 0.103906 0.217969 0.2 0.000178375
0 0.632422 0.436328 0.257031 0.407031 0.000196068
0 0.199609 0.426172 0.121094 0.202344 0.000199712
0 0.399219 0.296484 0.304688 0.517969 0.000209459
0 0.307813 0.430469 0.13125 0.184375 0.000209904
0 0.617188 0.185937 0.15625 0.209375 0.000232897
0 0.759766 0.0199219 0.266406 0.0382813 0.000247136
0 0.207422 0.276172 0.228906 0.394531 0.000254634
0 0.267188 0.0367187 0.41875 0.0734375 0.000263222
0 0.321484 0.178516 0.163281 0.188281 0.000263704
0 0.655469 0.585156 0.301562 0.440625 0.000269291
0 0.376172 0.188281 0.225781 0.303125 0.000273747
0 0.720703 0.387891 0.139844 0.252344 0.000274014
0 0.860547 0.230078 0.271094 0.446094 0.000301206
0 0.353906 0.065625 0.40625 0.129688 0.000315995
0 0.240234 0.407813 0.171094 0.184375 0.00033717
0 0.282031 0.298828 0.1875 0.185156 0.000339322
0 0.446875 0.114453 0.429688 0.228906 0.000363307
0 0.642969 0.0617188 0.4125 0.121875 0.000408315
0 0.637109 0.133594 0.260156 0.235938 0.00041684
0 0.648047 0.278906 0.230469 0.371875 0.00051953
0 0.763672 0.0355469 0.314844 0.0710938 0.000588741
0 0.339453 0.388672 0.189844 0.391406 0.000630907
0 0.775391 0.304688 0.417969 0.573438 0.000664838
0 0.709766 0.212109 0.316406 0.325781 0.000833793
0 0.3125 0.471094 0.185937 0.248437 0.000962716
0 0.201172 0.432422 0.189844 0.280469 0.000970363
0 0.214062 0.065625 0.423438 0.129688 0.00101297
0 0.794141 0.130859 0.394531 0.257031 0.00117019
0 0.205859 0.387891 0.299219 0.510156 0.00142879
0 0.780078 0.0664062 0.377344 0.132812 0.00152445
0 0.302344 0.239453 0.148438 0.230469 0.00174311
0 0.269141 0.467578 0.310156 0.375781 0.00237034
0 0.289062 0.144141 0.339063 0.266406 0.00342865
0 0.710547 0.444531 0.203906 0.415625 0.0148091
0 0.309766 0.240234 0.235156 0.305469 0.0174403
0 0.676562 0.426562 0.285937 0.625 0.380932
0 0.286328 0.321094 0.292969 0.546875 0.433837
