0 0.579297 0.477344 0.186719 0.328125 0.000102922
0 0.232031 0.536328 0.164062 0.216406 0.000105159
0 0.280859 0.110937 0.435156 0.221875 0.000105234
0 0.970312 0.602734 0.05625 0.722656 0.000116616
0 0.241406 0.632422 0.0921875 0.105469 0.000118339
0 0.131641 0.563281 0.177344 0.415625 0.000119483
0 0.660156 0.531641 0.145313 0.288281 0.000120773
0 0.528516 0.219141 0.347656 0.396094 0.000124931
0 0.873047 0.053125 0.249219 0.10625 0.000130242
0 0.264453 0.704297 0.216406 0.235156 0.000140034
0 0.361719 0.517578 0.260938 0.500781 0.000144601
0 0.220703 0.367188 0.142969 0.284375 0.000155759
0 0.659375 0.319141 0.139062 0.297656 0.000156929
0 0.201562 0.0628906 0.384375 0.125781 0.000163177
0 0.441797 0.474219 0.260156 0.510938 0.000167982
0 0.722266 0.695312 0.146094 0.334375 0.000184005
0 0.305469 0.302734 0.357812 0.539844 0.0001948
0 0.637891 0.698828 0.0867188 0.0992187 0.000201626
0 0.198437 0.429297 0.125 0.208594 0.000211595
0 0.397266 0.231641 0.388281 0.446094 0.000231455
0 0.615234 0.394141 0.297656 0.580469 0.000342754
0 0.636719 0.467187 0.160938 0.185937 0.000352119
0 0.473437 0.325781 0.385938 0.651563 0.000410351
0 0.372266 0.675781 0.474219 0.6 0.000413771
0 0.197266 0.492969 0.142969 0.204688 0.000415885
0 0.632031 0.699609 0.285937 0.328906 0.000424527
0 0.266016 0.669531 0.335156 0.329688 0.000648675
0 0.635938 0.700781 0.126563 0.142188 0.00070839
0 0.571875 0.735156 0.154687 0.190625 0.000768464
0 0.214453 0.594531 0.150781 0.234375 0.000817309
0 0.678516 0.447266 0.152344 0.332031 0.000859803
0 0.291406 0.647656 0.204688 0.201562 0.000935589
0 0.170312 0.635938 0.201562 0.323438 0.000991824
0 0.679297 0.688672 0.172656 0.236719 0.00113238
0 0.239453 0.634375 0.144531 0.151562 0.00121752
0 0.6375 0.400391 0.201562 0.400781 0.00125606
0 0.182031 0.552344 0.142188 0.248437 0.00139634
0 0.573047 0.613281 0.246094 0.435937 0.00146913
0 0.705469 0.561328 0.135937 0.394531 0.00171271
0 0.265625 0.473437 0.315625 0.567187 0.00230735
0 0.536328 0.520703 0.371094 0.633594 0.00256552
0 0.403125 0.475391 0.4625 0.688281 0.00281665
0 0.196094 0.455469 0.167187 0.357812 0.00312215
0 0.627734 0.714453 0.188281 0.197656 0.00397786
0 0.654688 0.554297 0.201562 0.433594 0.00903962
0 0.223438 0.639844 0.217187 0.24375 0.00985284
0 0.206641 0.553906 0.200781 0.3625 0.0607918
