0 0.973437 0.592188 0.0515625 0.225 0.000101481
0 0.554297 0.248047 0.211719 0.275781 0.000103631
0 0.257031 0.482422 0.0828125 0.0867188 0.00010511
0 0.655469 0.635156 0.09375 0.10625 0.000105322
0 0.984375 0.572656 0.03125 0.228125 0.00010539
0 0.909375 0.553906 0.18125 0.665625 0.000106157
0 0.147266 0.941406 0.294531 0.109375 0.000107222
0 0.237891 0.359766 0.127344 0.213281 0.000109207
0 0.650391 0.511328 0.124219 0.261719 0.000116765
0 0.655469 0.818359 0.126563 0.167969 0.000120728
0 0.158984 0.2375 0.192969 0.251563 0.000122687
0 0.113672 0.480859 0.0851562 0.0804688 0.000122761
0 0.0273438 0.731641 0.0546875 0.433594 0.000123867
0 0.494922 0.229297 0.172656 0.221094 0.000126129
0 0.199219 0.469531 0.0890625 0.0796875 0.000134434
0 0.154687 0.300391 0.1125 0.150781 0.000135003
0 0.969141 0.725781 0.0601562 0.384375 0.000136738
0 0.272656 0.519141 0.365625 0.505469 0.000137755
0 0.664844 0.728906 0.0890625 0.126563 0.000139493
0 0.0210938 0.443359 0.040625 0.411719 0.000141371
0 0.949609 0.677344 0.0929687 0.51875 0.000148038
0 0.973437 0.398438 0.053125 0.4375 0.000149134
0 0.508203 0.310156 0.313281 0.482812 0.000153887
0 0.646094 0.315625 0.165625 0.320312 0.000158407
0 0.666016 0.769922 0.0929687 0.121094 0.000159774
0 0.0746094 0.783203 0.149219 0.367969 0.000161844
0 0.646875 0.672656 0.11875 0.157813 0.000164177
0 0.455078 0.595312 0.155469 0.298438 0.000164475
0 0.220703 0.454297 0.0835937 0.0789063 0.000165774
0 0.556641 0.383203 0.172656 0.185156 0.000166134
0 0.0265625 0.566406 0.0515625 0.4625 0.000167326
0 0.0785156 0.362891 0.125781 0.413281 0.000168015
0 0.508984 0.531641 0.135156 0.207031 0.000174049
0 0.394141 0.530078 0.333594 0.571094 0.000179219
0 0.646094 0.40625 0.120312 0.260938 0.000180985
0 0.986328 0.738281 0.0273438 0.223438 0.000196299
0 0.567578 0.627734 0.272656 0.249219 0.00019814
0 0.257812 0.450781 0.078125 0.08125 0.000217055
0 0.957031 0.560156 0.0859375 0.326562 0.000217628
0 0.229687 0.201953 0.101562 0.125781 0.000217724
0 0.553516 0.528906 0.0820312 0.09375 0.000221263
0 0.596875 0.467578 0.148438 0.267969 0.000223819
0 0.0324219 0.565625 0.0648438 0.748438 0.000232271
0 0.950391 0.474609 0.0992187 0.653906 0.000233599
0 0.194141 0.344922 0.172656 0.161719 0.000244616
0 0.116797 0.498047 0.138281 0.135156 0.000253785
0 0.293359 0.476562 0.125781 0.182812 0.000262355
0 0.986328 0.653516 0.0273438 0.238281 0.00026652
0 0.198437 0.231641 0.157813 0.191406 0.000283144
0 0.470313 0.532812 0.1125 0.228125 0.00029014
0 0.252344 0.277734 0.207813 0.344531 0.00029615
0 0.155469 0.444531 0.15 0.157813 0.00031113
0 0.661328 0.672266 0.0726563 0.0726563 0.000326296
0 0.059375 0.628125 0.115625 0.646875 0.000330839
0 0.150781 0.347266 0.145313 0.252344 0.000331583
0 0.612891 0.38125 0.136719 0.196875 0.000332727
0 0.294531 0.350391 0.271875 0.486719 0.000347312
0 0.154687 0.241016 0.26875 0.402344 0.000350566
0 0.243359 0.221484 0.138281 0.185156 0.000373663
0 0.0984375 0.450391 0.08125 0.113281 0.000414442
0 0.510547 0.294531 0.194531 0.257812 0.000449481
0 0.217969 0.425 0.135937 0.190625 0.000450066
0 0.592578 0.554297 0.144531 0.178906 0.000482319
0 0.255469 0.502734 0.1625 0.183594 0.000553854
0 0.128906 0.326953 0.201562 0.363281 0.000600488
0 0.255469 0.396484 0.2125 0.308594 0.000601379
0 0.16875 0.500781 0.285937 0.389062 0.000671277
0 0.236328 0.46875 0.0835937 0.0765625 0.000686425
0 0.967969 0.5625 0.0625 0.595312 0.000729267
0 0.65 0.613672 0.121875 0.169531 0.000762357
0 0.578516 0.341406 0.146094 0.176563 0.000774903
0 0.979297 0.642969 0.0414063 0.3875 0.000850268
0 0.194922 0.389844 0.227344 0.209375 0.000895456
0 0.254297 0.445312 0.144531 0.1625 0.000963684
0 0.494531 0.482031 0.295312 0.573438 0.0010695
0 0.631641 0.561328 0.182031 0.239844 0.00131163
0 0.553906 0.533594 0.153125 0.165625 0.00143091
0 0.175781 0.505469 0.270312 0.1625 0.00158266
0 0.105859 0.448828 0.111719 0.175781 0.00188295
0 0.507031 0.540234 0.196875 0.289844 0.00202833
0 0.632031 0.510156 0.215625 0.4125 0.00230918
0 0.117188 0.399609 0.154687 0.258594 0.00274354
0 0.591406 0.325781 0.2 0.275 0.00320699
0 0.565234 0.558203 0.235156 0.227344 0.00474167
0 0.218359 0.473828 0.178906 0.121094 0.0052535
0 0.623828 0.401172 0.171094 0.375781 0.00753571
0 0.165234 0.449219 0.233594 0.223438 0.0189899
0 0.191797 0.337891 0.278906 0.442969 0.169174
0 0.575781 0.433203 0.251563 0.497656 0.253956
