0 0.924609 0.682031 0.150781 0.289062 0.000109012
0 0.44375 0.716797 0.117188 0.124219 0.000110376
0 0.803125 0.671875 0.148438 0.185937 0.000115664
0 0.688672 0.700391 0.114844 0.210156 0.000121486
0 0.364062 0.445703 0.190625 0.178906 0.000125616
0 0.964844 0.885938 0.0703125 0.228125 0.000128049
0 0.320703 0.474219 0.0914062 0.090625 0.000131438
0 0.755469 0.341016 0.171875 0.202344 0.000133129
0 0.342187 0.282813 0.148438 0.154687 0.000135719
0 0.451172 0.307031 0.166406 0.192188 0.00014565
0 0.425781 0.402734 0.148438 0.171094 0.00014718
0 0.763281 0.575781 0.221875 0.201562 0.00015233
0 0.944922 0.817578 0.110156 0.344531 0.000184887
0 0.862891 0.673047 0.224219 0.197656 0.000185056
0 0.407813 0.694531 0.135937 0.151562 0.000185995
0 0.351562 0.790234 0.290625 0.286719 0.000194255
0 0.710156 0.346484 0.1625 0.269531 0.000198484
0 0.469922 0.363281 0.133594 0.2375 0.000203381
0 0.848047 0.340625 0.130469 0.204688 0.000210208
0 0.276563 0.632422 0.292188 0.500781 0.000212217
0 0.738281 0.615625 0.142188 0.229687 0.000223639
0 0.46875 0.696484 0.121875 0.188281 0.000228999
0 0.325 0.757031 0.210938 0.18125 0.000229744
0 0.849609 0.469922 0.147656 0.252344 0.000232234
0 0.847266 0.702734 0.305469 0.314844 0.000250791
0 0.778906 0.265234 0.145313 0.153906 0.000260434
0 0.365625 0.575781 0.15 0.2625 0.000273576
0 0.883984 0.529297 0.144531 0.232031 0.000306007
0 0.40625 0.319531 0.146875 0.154687 0.000308666
0 0.267578 0.697656 0.105469 0.228125 0.000313753
0 0.833203 0.286328 0.166406 0.177344 0.000338085
0 0.409375 0.293359 0.26875 0.255469 0.000360317
0 0.781641 0.615625 0.142969 0.204688 0.000369157
0 0.451172 0.521875 0.174219 0.539062 0.000380945
0 0.322656 0.472266 0.134375 0.138281 0.000464894
0 0.885156 0.425781 0.13125 0.28125 0.000492451
0 0.283984 0.751562 0.157031 0.259375 0.000493407
0 0.323438 0.554297 0.1375 0.275781 0.000501114
0 0.744531 0.567578 0.221875 0.383594 0.000525979
0 0.371484 0.317969 0.0851562 0.0890625 0.00053155
0 0.402344 0.398828 0.279687 0.536719 0.000538117
0 0.364062 0.651563 0.148438 0.19375 0.000546675
0 0.3 0.484375 0.157813 0.479688 0.000561105
0 0.455078 0.642578 0.163281 0.227344 0.000571914
0 0.846484 0.591797 0.235156 0.222656 0.000583373
0 0.324609 0.639063 0.150781 0.25 0.000605806
0 0.424219 0.71875 0.2125 0.225 0.000635979
0 0.717578 0.263281 0.174219 0.175 0.000688534
0 0.750391 0.518359 0.297656 0.597656 0.000859928
0 0.407813 0.615625 0.145313 0.210938 0.00102503
0 0.369531 0.315625 0.134375 0.128125 0.0016727
0 0.415234 0.370313 0.197656 0.332812 0.00170934
0 0.853516 0.369922 0.199219 0.339844 0.00184294
0 0.340234 0.401172 0.211719 0.422656 0.00188949
0 0.826172 0.532031 0.233594 0.192188 0.00202181
0 0.804297 0.637891 0.241406 0.214844 0.00211579
0 0.323438 0.698438 0.1875 0.207813 0.00228025
0 0.751953 0.674609 0.219531 0.266406 0.00228541
0 0.896094 0.607813 0.207813 0.414062 0.00239178
0 0.764063 0.374609 0.254687 0.383594 0.0024485
0 0.908203 0.476172 0.175781 0.455469 0.00404823
0 0.295312 0.642187 0.18125 0.390625 0.00465535
0 0.4125 0.610547 0.232812 0.302344 0.00507422
0 0.771875 0.281641 0.242188 0.210156 0.00568348
0 0.405859 0.283984 0.194531 0.169531 0.00634005
0 0.818359 0.612109 0.303906 0.344531 0.0392692
0 0.358984 0.674609 0.274219 0.313281 0.0522256
0 0.369141 0.534766 0.269531 0.522656 0.222541
0 0.84375 0.466797 0.2625 0.502344 0.266461
