0 0.372656 0.0707031 0.392188 0.136719 0.000105648
0 0.473047 0.291797 0.400781 0.583594 0.000106202
0 0.795703 0.161719 0.0523437 0.0703125 0.000107316
0 0.517969 0.0648438 0.390625 0.129688 0.000114186
0 0.45 0.126563 0.384375 0.246875 0.000115925
0 0.981641 0.647656 0.0367187 0.484375 0.000119801
0 0.448047 0.0328125 0.225781 0.0625 0.000120428
0 0.309375 0.185156 0.053125 0.065625 0.000128453
0 0.754297 0.44375 0.163281 0.128125 0.000130408
0 0.263281 0.550391 0.120312 0.238281 0.000141806
0 0.315625 0.360938 0.140625 0.173438 0.000151815
0 0.377344 0.211719 0.31875 0.375 0.000157244
0 0.31875 0.292188 0.140625 0.210938 0.000164113
0 0.343359 0.659766 0.138281 0.191406 0.000168946
0 0.355469 0.749219 0.179688 0.201562 0.000179005
0 0.254297 0.642969 0.169531 0.26875 0.000218537
0 0.366016 0.285156 0.221094 0.265625 0.000219798
0 0.8 0.750781 0.178125 0.25625 0.000226376
0 0.258984 0.489844 0.0976562 0.190625 0.000242144
0 0.740234 0.753516 0.172656 0.222656 0.000294125
0 0.979688 0.795703 0.040625 0.408594 0.000328627
0 0.789844 0.469141 0.157813 0.182031 0.000340311
0 0.303516 0.675781 0.138281 0.164062 0.000345979
0 0.314063 0.643359 0.278125 0.347656 0.000419062
0 0.766016 0.640625 0.142969 0.195312 0.000475639
0 0.825781 0.681641 0.176563 0.233594 0.000528579
0 0.825781 0.567187 0.140625 0.3 0.000532702
0 0.377344 0.693359 0.175 0.207031 0.000644453
0 0.778125 0.538672 0.179688 0.297656 0.000652852
0 0.7875 0.695703 0.278125 0.311719 0.000722547
0 0.793359 0.441797 0.132031 0.102344 0.00101043
0 0.287891 0.577734 0.172656 0.338281 0.00109109
0 0.317187 0.692187 0.20625 0.221875 0.00331216
0 0.769141 0.701953 0.167969 0.230469 0.00404981
0 0.789844 0.631641 0.173438 0.311719 0.0111777
