0 0.0273438 0.232812 0.0546875 0.465625 0.000104961
0 0.257422 0.487891 0.0851562 0.171094 0.000107675
0 0.973828 0.501953 0.0507812 0.188281 0.000110551
0 0.337891 0.536719 0.174219 0.195312 0.000111816
0 0.225391 0.184375 0.249219 0.367188 0.00011955
0 0.336328 0.362891 0.0757812 0.0945313 0.000123394
0 0.762109 0.575781 0.152344 0.248437 0.000125118
0 0.729688 0.699219 0.175 0.132812 0.000130347
0 0.290625 0.382031 0.0703125 0.09375 0.000133791
0 0.350391 0.225781 0.374219 0.395312 0.000135311
0 0.657031 0.575781 0.175 0.276563 0.000135694
0 0.308594 0.323828 0.0671875 0.0851562 0.000135749
0 0.0511719 0.185156 0.0992187 0.365625 0.000135762
0 0.978125 0.505469 0.040625 0.084375 0.000137477
0 0.679688 0.687891 0.190625 0.164844 0.000138872
0 0.710547 0.467187 0.196094 0.43125 0.000150056
0 0.695312 0.281641 0.101562 0.121094 0.000151455
0 0.659375 0.635547 0.0921875 0.108594 0.000156602
0 0.728906 0.352344 0.090625 0.140625 0.000157552
0 0.105469 0.101953 0.210938 0.203906 0.000162674
0 0.248437 0.524219 0.121875 0.239063 0.000183375
0 0.712109 0.666797 0.280469 0.280469 0.000188852
0 0.978125 0.447266 0.04375 0.203906 0.000188962
0 0.0476562 0.476953 0.09375 0.155469 0.000189152
0 0.33125 0.325 0.0984375 0.129688 0.000193532
0 0.229687 0.0355469 0.329688 0.0710938 0.00021334
0 0.762109 0.654297 0.0914062 0.0945313 0.000225442
0 0.31875 0.379297 0.0796875 0.0960938 0.000228009
0 0.715625 0.301562 0.0703125 0.090625 0.00024214
0 0.287109 0.298438 0.261719 0.392188 0.00024248
0 0.646484 0.267188 0.132031 0.160938 0.000243524
0 0.135937 0.207031 0.254687 0.414062 0.000254632
0 0.30625 0.602344 0.275 0.2875 0.000260172
0 0.375781 0.597266 0.132812 0.146094 0.000263777
0 0.7375 0.670703 0.128125 0.0898438 0.000275802
0 0.283984 0.437109 0.125781 0.232031 0.000283882
0 0.253516 0.601953 0.125781 0.153906 0.000360385
0 0.307422 0.475 0.303906 0.498437 0.00036093
0 0.351562 0.119922 0.404687 0.239844 0.000362375
0 0.151172 0.0628906 0.286719 0.125781 0.000368491
0 0.294922 0.392578 0.0929687 0.149219 0.000392799
0 0.282031 0.06875 0.396875 0.1375 0.000402236
0 0.985156 0.487109 0.0296875 0.130469 0.000532768
0 0.279687 0.625 0.198437 0.16875 0.000535779
0 0.7125 0.598437 0.185937 0.209375 0.000575394
0 0.308203 0.384766 0.158594 0.239844 0.00058786
0 0.269922 0.272266 0.377344 0.544531 0.000645467
0 0.214453 0.114063 0.353906 0.228125 0.0006994
0 0.694531 0.653516 0.128125 0.100781 0.000707399
0 0.341016 0.576953 0.133594 0.110156 0.0010127
0 0.658594 0.635547 0.142188 0.149219 0.00105518
0 0.316016 0.366016 0.107031 0.150781 0.00124168
0 0.765234 0.660156 0.144531 0.135937 0.00186799
0 0.304688 0.485156 0.175 0.35 0.00194797
0 0.707031 0.654688 0.185937 0.140625 0.00436224
0 0.303906 0.585156 0.182812 0.151562 0.00691712
