0 0.642969 0.615625 0.121875 0.165625 0.000100787
0 0.817969 0.624609 0.295312 0.336719 0.000103135
0 0.760156 0.602734 0.0921875 0.100781 0.000103546
0 0.326562 0.4625 0.192188 0.390625 0.000103929
0 0.241016 0.263672 0.0851562 0.130469 0.00010824
0 0.264844 0.707422 0.320312 0.271094 0.0001101
0 0.759766 0.284375 0.0757812 0.1625 0.00011122
0 0.18125 0.478516 0.145313 0.366406 0.000112352
0 0.678906 0.372266 0.175 0.249219 0.000112456
0 0.350391 0.303125 0.174219 0.278125 0.00011599
0 0.301953 0.217969 0.130469 0.132812 0.000118081
0 0.638281 0.24375 0.11875 0.129688 0.000119303
0 0.765625 0.417969 0.084375 0.107813 0.000123635
0 0.801953 0.513281 0.0992187 0.215625 0.000124493
0 0.219141 0.369141 0.125781 0.311719 0.000138959
0 0.750781 0.421875 0.115625 0.225 0.000140363
0 0.693359 0.243359 0.135156 0.178906 0.000140803
0 0.153906 0.70625 0.14375 0.209375 0.000141264
0 0.746484 0.530469 0.146094 0.273438 0.000144529
0 0.734766 0.278906 0.113281 0.195312 0.000144753
0 0.722266 0.666406 0.147656 0.129688 0.000151205
0 0.383984 0.171484 0.0804688 0.0726563 0.000160441
0 0.244531 0.615234 0.0921875 0.105469 0.000166801
0 0.276953 0.240625 0.0898438 0.139062 0.000166888
0 0.678906 0.65 0.139062 0.153125 0.000176613
0 0.710938 0.222656 0.05625 0.078125 0.000185242
0 0.380469 0.191406 0.11875 0.129688 0.000192651
0 0.267578 0.470703 0.299219 0.488281 0.000192858
0 0.712891 0.178906 0.0445312 0.059375 0.00019547
0 0.742969 0.636328 0.090625 0.0992187 0.000200399
0 0.296875 0.595703 0.090625 0.105469 0.000201682
0 0.698438 0.219531 0.05625 0.0578125 0.000209494
0 0.299609 0.560156 0.155469 0.167187 0.000214512
0 0.775781 0.397266 0.284375 0.353906 0.000219617
0 0.821875 0.672266 0.110937 0.122656 0.000240307
0 0.702344 0.199609 0.065625 0.0835937 0.000245204
0 0.291797 0.280859 0.163281 0.188281 0.000272003
0 0.821875 0.480469 0.120312 0.434375 0.000275895
0 0.235547 0.305859 0.0976562 0.128906 0.000286351
0 0.719141 0.6 0.139844 0.125 0.000299988
0 0.222656 0.579687 0.153125 0.207813 0.00031386
0 0.714453 0.201172 0.0445312 0.0570313 0.00035233
0 0.602734 0.246875 0.0632813 0.071875 0.000367628
0 0.258203 0.285547 0.0789063 0.100781 0.000383396
0 0.752344 0.366016 0.08125 0.116406 0.000408742
0 0.661719 0.577344 0.167187 0.217187 0.00043604
0 0.356641 0.229687 0.164844 0.201562 0.000459887
0 0.765625 0.332812 0.0734375 0.09375 0.000473938
0 0.323438 0.605078 0.176563 0.183594 0.000480764
0 0.691406 0.465625 0.214062 0.376563 0.000485835
0 0.276563 0.611328 0.0875 0.105469 0.000507371
0 0.298438 0.648828 0.235938 0.192969 0.000603603
0 0.779688 0.688281 0.220313 0.154687 0.000620239
0 0.18125 0.634375 0.142188 0.220313 0.000632347
0 0.800781 0.389844 0.11875 0.195312 0.00063891
0 0.780078 0.622266 0.0945313 0.0867188 0.000694291
0 0.787891 0.364062 0.0742188 0.115625 0.000850528
0 0.187891 0.571875 0.186719 0.290625 0.00091567
0 0.260547 0.543359 0.239844 0.294531 0.000931867
0 0.817969 0.597656 0.0953125 0.14375 0.0010012
0 0.7625 0.664062 0.15 0.10625 0.00101996
0 0.802344 0.664062 0.0890625 0.0765625 0.00107483
0 0.752734 0.329297 0.116406 0.222656 0.00115326
0 0.754297 0.521094 0.280469 0.404687 0.0017572
0 0.777734 0.334375 0.0726563 0.14375 0.00217311
0 0.240234 0.629687 0.147656 0.153125 0.00222656
0 0.732422 0.667969 0.292969 0.245312 0.00228918
0 0.802734 0.568359 0.128906 0.221094 0.0029613
0 0.201172 0.666016 0.227344 0.232031 0.00361192
0 0.812891 0.634375 0.0789063 0.0890625 0.00368004
0 0.7625 0.619531 0.145313 0.114063 0.00392814
0 0.280078 0.600391 0.139844 0.147656 0.00618525
0 0.693359 0.625781 0.217969 0.165625 0.00711405
0 0.731641 0.5875 0.235156 0.221875 0.0118812
0 0.78125 0.462109 0.13125 0.341406 0.0258472
0 0.790234 0.646875 0.133594 0.0953125 0.0323279
0 0.770703 0.373437 0.0898438 0.1625 0.0353308
0 0.753516 0.639844 0.217969 0.121875 0.0891878
0 0.241797 0.620703 0.242969 0.196094 0.142804
