0 0.886328 0.707812 0.0789063 0.121875 0.000100998
0 0.358203 0.422656 0.0804688 0.084375 0.00010253
0 0.100391 0.971875 0.200781 0.05625 0.000103303
0 0.387109 0.321484 0.121094 0.160156 0.000103958
0 0.826172 0.402734 0.0867188 0.111719 0.000105463
0 0.273828 0.590625 0.0820312 0.13125 0.00010762
0 0.0398437 0.658203 0.0734375 0.216406 0.000107759
0 0.0984375 0.938672 0.196875 0.122656 0.000111248
0 0.340625 0.36875 0.0828125 0.109375 0.000113162
0 0.844922 0.308594 0.0742188 0.103125 0.000117178
0 0.325 0.5875 0.215625 0.157813 0.000118092
0 0.308594 0.444922 0.08125 0.0992187 0.000120259
0 0.736719 0.639453 0.0921875 0.110156 0.000120441
0 0.931641 0.119531 0.136719 0.239063 0.000120582
0 0.0265625 0.313281 0.0515625 0.340625 0.000127633
0 0.714844 0.567187 0.120312 0.329688 0.000128017
0 0.908203 0.684375 0.136719 0.3875 0.000129628
0 0.514063 0.159375 0.2375 0.214062 0.000131
0 0.138672 0.901953 0.153906 0.177344 0.000139423
0 0.500391 0.535156 0.316406 0.53125 0.000141179
0 0.857813 0.383203 0.084375 0.119531 0.000147718
0 0.976172 0.563281 0.0476562 0.490625 0.000149239
0 0.727734 0.40625 0.117969 0.195312 0.000151098
0 0.276953 0.461328 0.130469 0.313281 0.000155135
0 0.148438 0.807031 0.196875 0.385938 0.000164817
0 0.390234 0.278516 0.189844 0.177344 0.000171192
0 0.826953 0.612109 0.0835937 0.103906 0.000177413
0 0.452734 0.298438 0.147656 0.223438 0.000180007
0 0.796094 0.251172 0.204688 0.210156 0.000184556
0 0.935156 0.0628906 0.129688 0.125781 0.000189528
0 0.444141 0.513281 0.0851562 0.110937 0.000196905
0 0.846484 0.636719 0.0835937 0.115625 0.000199985
0 0.0390625 0.740625 0.0703125 0.201562 0.000211021
0 0.758984 0.571094 0.119531 0.242188 0.000212566
0 0.473047 0.59375 0.135156 0.217187 0.000214422
0 0.322656 0.390234 0.084375 0.108594 0.000228886
0 0.88125 0.212891 0.2375 0.417969 0.000230999
0 0.738281 0.31875 0.0890625 0.103125 0.000237046
0 0.411328 0.586719 0.0882813 0.101562 0.000237789
0 0.323047 0.551562 0.133594 0.148438 0.000242802
0 0.864844 0.676562 0.0796875 0.104687 0.000275052
0 0.871875 0.363672 0.109375 0.180469 0.000278511
0 0.469922 0.238672 0.0914062 0.0945313 0.000280983
0 0.742578 0.283984 0.0914062 0.103906 0.00029141
0 0.504687 0.298047 0.165625 0.233594 0.000304386
0 0.757812 0.486328 0.109375 0.238281 0.000317757
0 0.724219 0.342578 0.128125 0.202344 0.00031922
0 0.930859 0.561328 0.136719 0.549219 0.000319704
0 0.414844 0.220703 0.2 0.166406 0.000339839
0 0.359766 0.364844 0.132031 0.171875 0.000343191
0 0.391016 0.552344 0.0867188 0.104687 0.000349972
0 0.357812 0.405469 0.109375 0.134375 0.000363347
0 0.838672 0.446875 0.127344 0.2625 0.000386191
0 0.427344 0.573828 0.28125 0.280469 0.000388547
0 0.808594 0.573047 0.129688 0.228906 0.000407896
0 0.691016 0.627734 0.108594 0.225781 0.000417606
0 0.829297 0.364844 0.0820312 0.1125 0.000420286
0 0.833594 0.290234 0.1625 0.221094 0.000420659
0 0.308594 0.448047 0.0984375 0.177344 0.000427647
0 0.336719 0.321094 0.159375 0.226562 0.000449144
0 0.339844 0.408203 0.084375 0.0960938 0.000494621
0 0.716016 0.647266 0.114844 0.166406 0.000502218
0 0.324219 0.425391 0.084375 0.0945313 0.000520173
0 0.762109 0.426562 0.141406 0.185937 0.000523187
0 0.802344 0.424219 0.13125 0.217187 0.00054809
0 0.410937 0.533984 0.0890625 0.108594 0.000568996
0 0.368359 0.489844 0.144531 0.228125 0.000604271
0 0.855469 0.530859 0.09375 0.275781 0.000631084
0 0.452734 0.237891 0.288281 0.260156 0.00069675
0 0.501172 0.208203 0.182031 0.171094 0.000798048
0 0.295703 0.519922 0.114844 0.225781 0.000800983
0 0.844141 0.344141 0.0804688 0.111719 0.000889794
0 0.866406 0.437891 0.140625 0.378906 0.000917906
0 0.411328 0.469922 0.138281 0.250781 0.000934608
0 0.847656 0.593359 0.0828125 0.103906 0.000940556
0 0.780469 0.364453 0.140625 0.222656 0.00112898
0 0.359375 0.401563 0.292188 0.559375 0.00118
0 0.889063 0.535547 0.160938 0.469531 0.00121487
0 0.390234 0.585547 0.194531 0.172656 0.0014244
0 0.470313 0.237109 0.139062 0.125781 0.00153466
0 0.440234 0.586328 0.110156 0.155469 0.00182995
0 0.749219 0.514063 0.184375 0.478125 0.00213973
0 0.452734 0.4875 0.144531 0.309375 0.00231296
0 0.855078 0.662109 0.125781 0.182031 0.00257813
0 0.428516 0.555078 0.0898438 0.116406 0.0026463
0 0.797656 0.610547 0.278125 0.313281 0.00271616
0 0.408594 0.297656 0.248437 0.282813 0.00292097
0 0.326953 0.402344 0.114844 0.175 0.00294519
0 0.394531 0.550391 0.142188 0.155469 0.00318847
0 0.846094 0.595703 0.10625 0.166406 0.00332536
0 0.740234 0.284375 0.146094 0.173438 0.00353962
0 0.457422 0.394531 0.180469 0.471875 0.00356811
0 0.323438 0.480078 0.154687 0.280469 0.00359718
0 0.346094 0.405078 0.16875 0.311719 0.00481262
0 0.843359 0.346875 0.107031 0.173438 0.00489283
0 0.871484 0.609766 0.114844 0.236719 0.00511525
0 0.75625 0.631641 0.171875 0.196094 0.00540032
0 0.744922 0.386328 0.161719 0.317969 0.00791165
0 0.353906 0.531641 0.232812 0.236719 0.009394
0 0.464063 0.241016 0.182812 0.192969 0.0102188
0 0.848828 0.55625 0.141406 0.3875 0.0117878
0 0.830859 0.369531 0.147656 0.259375 0.0223766
0 0.817578 0.623828 0.185156 0.222656 0.0249029
0 0.786328 0.327344 0.213281 0.292188 0.0333539
0 0.391406 0.467578 0.21875 0.347656 0.051362
0 0.424609 0.539844 0.147656 0.214062 0.0799556
0 0.804297 0.46875 0.200781 0.484375 0.118062
