0 0.736719 0.532422 0.284375 0.316406 0.000100741
0 0.594141 0.427344 0.0789063 0.071875 0.000101742
0 0.256641 0.343359 0.177344 0.158594 0.000102008
0 0.364062 0.349219 0.104687 0.139062 0.000106501
0 0.215234 0.532031 0.0773437 0.103125 0.000107184
0 0.674219 0.420312 0.078125 0.0984375 0.000110342
0 0.0578125 0.534766 0.114063 0.271094 0.000110823
0 0.259766 0.466797 0.0742188 0.0898438 0.000110958
0 0.0246094 0.5625 0.0492188 0.348437 0.000111365
0 0.691797 0.410937 0.108594 0.157813 0.000113794
0 0.157813 0.667188 0.165625 0.232812 0.000114574
0 0.265234 0.389453 0.0820312 0.105469 0.000115716
0 0.0289063 0.48125 0.05625 0.190625 0.000117599
0 0.604688 0.393359 0.295312 0.385156 0.00012013
0 0.350391 0.0351562 0.216406 0.0703125 0.000123471
0 0.615234 0.552734 0.0898438 0.0960938 0.000124108
0 0.334766 0.661328 0.136719 0.144531 0.000127126
0 0.217187 0.430469 0.0703125 0.096875 0.000127322
0 0.05 0.730078 0.0984375 0.491406 0.000141982
0 0.198437 0.55625 0.08125 0.110937 0.000143846
0 0.245312 0.408594 0.0796875 0.096875 0.000146341
0 0.604688 0.532422 0.320312 0.391406 0.000159315
0 0.305859 0.366016 0.0914062 0.102344 0.000166574
0 0.699219 0.494141 0.08125 0.113281 0.000174016
0 0.553125 0.35 0.096875 0.154687 0.000174456
0 0.235156 0.450781 0.078125 0.101562 0.00017807
0 0.720703 0.674219 0.197656 0.271875 0.000183661
0 0.236719 0.628516 0.0859375 0.0976562 0.000186702
0 0.0300781 0.769922 0.0570313 0.416406 0.000195705
0 0.301172 0.404687 0.0914062 0.0984375 0.000197299
0 0.637891 0.571094 0.0898438 0.096875 0.00020381
0 0.594922 0.44375 0.114844 0.178125 0.000214445
0 0.574219 0.321094 0.084375 0.0859375 0.000220057
0 0.617969 0.426172 0.075 0.0664062 0.000222086
0 0.729297 0.494141 0.103906 0.199219 0.000225148
0 0.160938 0.662891 0.090625 0.138281 0.000227339
0 0.198828 0.506641 0.0742188 0.0976562 0.000238479
0 0.180859 0.598828 0.0820312 0.114844 0.000239663
0 0.266797 0.369531 0.121094 0.139062 0.00024509
0 0.669531 0.371484 0.134375 0.160156 0.000247576
0 0.638281 0.534766 0.0859375 0.0914062 0.000247808
0 0.685156 0.680469 0.310937 0.35625 0.000265041
0 0.257812 0.469531 0.1 0.146875 0.000267547
0 0.301172 0.510938 0.122656 0.26875 0.000268535
0 0.700391 0.411328 0.139844 0.253906 0.000282194
0 0.179297 0.477734 0.0804688 0.142969 0.000284554
0 0.677344 0.5875 0.090625 0.0890625 0.000299487
0 0.572656 0.405078 0.126563 0.224219 0.000311172
0 0.3375 0.405859 0.15 0.146094 0.000335158
0 0.217969 0.429297 0.0953125 0.146094 0.00035618
0 0.330469 0.603906 0.148438 0.171875 0.000371321
0 0.658203 0.554688 0.0851562 0.0921875 0.00044767
0 0.217578 0.613672 0.0914062 0.0867188 0.000465808
0 0.639844 0.423438 0.071875 0.0765625 0.000486601
0 0.282813 0.392969 0.278125 0.3375 0.000490556
0 0.615625 0.405078 0.129688 0.152344 0.000617831
0 0.678516 0.534375 0.0882813 0.096875 0.000629349
0 0.178125 0.635547 0.0859375 0.100781 0.000632043
0 0.2375 0.589844 0.2875 0.2875 0.000695072
0 0.280859 0.643359 0.202344 0.142969 0.000712658
0 0.736328 0.563672 0.0945313 0.125781 0.000719786
0 0.217969 0.649219 0.189063 0.14375 0.000737042
0 0.199609 0.471094 0.0695312 0.104687 0.0007739
0 0.639453 0.445312 0.122656 0.215625 0.000797648
0 0.329297 0.330859 0.144531 0.163281 0.000885598
0 0.257812 0.509766 0.123438 0.260156 0.000892048
0 0.586328 0.432813 0.171094 0.340625 0.000894163
0 0.576172 0.322656 0.117969 0.123438 0.000928527
0 0.278516 0.592969 0.127344 0.11875 0.000969303
0 0.270312 0.425391 0.0671875 0.0742188 0.00100669
0 0.715625 0.586719 0.0859375 0.084375 0.00102703
0 0.248828 0.402734 0.133594 0.142969 0.00104349
0 0.639453 0.569531 0.141406 0.128125 0.00117118
0 0.599609 0.357422 0.163281 0.178906 0.00155532
0 0.653516 0.403906 0.0820312 0.1125 0.00165075
0 0.278516 0.425 0.100781 0.123438 0.00183448
0 0.176953 0.560156 0.105469 0.254687 0.00189398
0 0.31875 0.446094 0.15625 0.267188 0.00209559
0 0.298828 0.571094 0.172656 0.198437 0.00211806
0 0.610937 0.538672 0.167187 0.169531 0.00218328
0 0.721875 0.601172 0.135937 0.149219 0.0022951
0 0.683594 0.620313 0.226562 0.176563 0.00243663
0 0.230078 0.451953 0.141406 0.202344 0.00254974
0 0.640234 0.589844 0.217969 0.153125 0.00283865
0 0.713672 0.534766 0.105469 0.149219 0.00332476
0 0.236719 0.596094 0.1125 0.10625 0.00411667
0 0.204297 0.483984 0.0914062 0.194531 0.00414353
0 0.190234 0.618359 0.122656 0.160156 0.00420736
0 0.694922 0.569922 0.132031 0.113281 0.00821533
0 0.680859 0.468359 0.133594 0.236719 0.00870626
0 0.25 0.606641 0.201562 0.152344 0.0092831
0 0.302734 0.375781 0.166406 0.182812 0.00992153
0 0.273047 0.475781 0.208594 0.340625 0.0130363
0 0.216797 0.55 0.150781 0.251563 0.0233539
0 0.652344 0.463672 0.2125 0.313281 0.0479814
0 0.680859 0.550781 0.175781 0.175 0.0523373
