0 0.859375 0.860156 0.132812 0.184375 0.000106802
0 0.803125 0.446094 0.084375 0.109375 0.00010887
0 0.716406 0.678125 0.153125 0.165625 0.000113086
0 0.343359 0.771484 0.161719 0.330469 0.000116732
0 0.761719 0.489453 0.06875 0.0976562 0.00011842
0 0.341797 0.648828 0.161719 0.360156 0.000119495
0 0.816797 0.486719 0.100781 0.171875 0.000129314
0 0.978125 0.803906 0.04375 0.392188 0.000142705
0 0.411719 0.455469 0.275 0.364062 0.000147505
0 0.678906 0.798047 0.315625 0.403906 0.000148716
0 0.801562 0.823828 0.084375 0.116406 0.000160275
0 0.694141 0.634766 0.155469 0.172656 0.000163446
0 0.382031 0.511328 0.36875 0.546094 0.000163518
0 0.896875 0.721875 0.170312 0.523438 0.000164247
0 0.319141 0.446094 0.152344 0.228125 0.000172258
0 0.341406 0.385938 0.173438 0.19375 0.000172481
0 0.191797 0.730859 0.169531 0.361719 0.000176304
0 0.865625 0.653516 0.126563 0.416406 0.000181527
0 0.707812 0.353516 0.139062 0.133594 0.000206818
0 0.280078 0.844141 0.161719 0.174219 0.000220518
0 0.824609 0.616016 0.114844 0.249219 0.000246567
0 0.742969 0.762891 0.184375 0.217969 0.000270938
0 0.267578 0.646484 0.232031 0.413281 0.000271233
0 0.683984 0.332031 0.124219 0.104687 0.000285276
0 0.669141 0.620313 0.357031 0.735937 0.000290007
0 0.742969 0.822656 0.146875 0.201562 0.000291171
0 0.698047 0.804297 0.128906 0.210156 0.000292029
0 0.759766 0.4875 0.102344 0.148438 0.000300249
0 0.891797 0.0398437 0.216406 0.0765625 0.000300333
0 0.33125 0.872266 0.189063 0.233594 0.000312313
0 0.658984 0.5625 0.180469 0.390625 0.000360435
0 0.169531 0.800781 0.15 0.278125 0.000367528
0 0.853906 0.0589844 0.292188 0.117969 0.000381299
0 0.257422 0.431641 0.147656 0.219531 0.0004075
0 0.242188 0.546875 0.19375 0.196875 0.000416945
0 0.661328 0.607031 0.138281 0.242188 0.000430648
0 0.797656 0.445312 0.117188 0.164062 0.000431385
0 0.841016 0.696875 0.117969 0.273438 0.000438528
0 0.451562 0.582422 0.464063 0.835156 0.000459554
0 0.208984 0.506641 0.132031 0.222656 0.000470921
0 0.804297 0.519922 0.138281 0.271094 0.000482258
0 0.229687 0.801172 0.307813 0.385156 0.000508557
0 0.806641 0.741797 0.139844 0.264844 0.000555111
0 0.814844 0.867969 0.201562 0.228125 0.000570882
0 0.333594 0.6875 0.220313 0.575 0.00060371
0 0.194922 0.671484 0.253906 0.657031 0.000643781
0 0.23125 0.858594 0.234375 0.2375 0.000740112
0 0.674219 0.855859 0.170312 0.224219 0.000807479
0 0.673437 0.385156 0.1625 0.220313 0.000856804
0 0.86875 0.774609 0.15625 0.342969 0.00112023
0 0.783203 0.805078 0.136719 0.199219 0.00121044
0 0.701563 0.776172 0.189063 0.292969 0.00125233
0 0.280078 0.813672 0.217969 0.280469 0.00132463
0 0.694922 0.640625 0.199219 0.467187 0.00144614
0 0.200391 0.473828 0.189844 0.314844 0.00149187
0 0.778516 0.462109 0.164844 0.241406 0.00150419
0 0.807031 0.574609 0.165625 0.455469 0.00156118
0 0.706641 0.452344 0.224219 0.315625 0.00234184
0 0.822266 0.822656 0.141406 0.198437 0.00246034
0 0.335938 0.408594 0.253125 0.28125 0.00260624
0 0.742969 0.838281 0.253125 0.240625 0.00579309
0 0.239844 0.541016 0.21875 0.400781 0.00785726
0 0.259375 0.488672 0.20625 0.216406 0.0101772
0 0.271484 0.601953 0.302344 0.644531 0.0133332
0 0.832812 0.719922 0.16875 0.407031 0.0165402
0 0.771875 0.633203 0.26875 0.588281 0.0357346
0 0.796484 0.797656 0.233594 0.28125 0.0410056
0 0.276953 0.459766 0.264844 0.336719 0.36034
