0 0.302734 0.385938 0.289844 0.353125 0.000100208
0 0.392969 0.399219 0.159375 0.210938 0.000100646
0 0.950391 0.726953 0.0992187 0.519531 0.000102034
0 0.969141 0.810938 0.0617188 0.373437 0.000104906
0 0.308203 0.5375 0.282031 0.365625 0.000108407
0 0.306641 0.285547 0.105469 0.157031 0.000108629
0 0.596094 0.220313 0.0921875 0.129688 0.000109122
0 0.635156 0.380469 0.142188 0.221875 0.000111749
0 0.428516 0.203125 0.0773437 0.0921875 0.000119956
0 0.462109 0.474609 0.257031 0.411719 0.000123434
0 0.970703 0.927344 0.0585938 0.1375 0.000125695
0 0.425 0.6 0.145313 0.1625 0.000126
0 0.252344 0.523047 0.117188 0.164844 0.000130681
0 0.784375 0.522266 0.110937 0.166406 0.00013332
0 0.324609 0.574609 0.130469 0.152344 0.000141108
0 0.899609 0.0914062 0.200781 0.182812 0.000146758
0 0.426172 0.478516 0.136719 0.253906 0.000149378
0 0.624609 0.479297 0.196094 0.364844 0.000153613
0 0.749609 0.610547 0.282031 0.321094 0.00016037
0 0.425391 0.439453 0.102344 0.166406 0.000163358
0 0.542578 0.479688 0.289844 0.475 0.000166491
0 0.259375 0.0515625 0.185937 0.101562 0.000189333
0 0.698828 0.575 0.132031 0.198437 0.000210262
0 0.446484 0.604297 0.264844 0.241406 0.00021327
0 0.261719 0.592969 0.125 0.179688 0.000213459
0 0.335938 0.330078 0.165625 0.236719 0.00022346
0 0.649609 0.610937 0.305469 0.30625 0.00022545
0 0.282813 0.386328 0.0875 0.0960938 0.000237406
0 0.250781 0.398438 0.16875 0.226562 0.000247229
0 0.735156 0.441016 0.13125 0.132031 0.000278847
0 0.427344 0.546094 0.196875 0.264062 0.000302233
0 0.553906 0.608203 0.326562 0.352344 0.000303583
0 0.280078 0.475 0.155469 0.223438 0.000349136
0 0.284766 0.33125 0.135156 0.225 0.000379636
0 0.269531 0.385547 0.123438 0.138281 0.00042338
0 0.390234 0.526953 0.122656 0.199219 0.000435393
0 0.757422 0.633984 0.155469 0.182031 0.000488313
0 0.654688 0.573047 0.192188 0.267969 0.000523832
0 0.6625 0.637109 0.164062 0.175781 0.000567754
0 0.732031 0.502344 0.154687 0.253125 0.000574848
0 0.3375 0.452734 0.173438 0.221094 0.000758888
0 0.363672 0.587891 0.149219 0.172656 0.000855791
0 0.307031 0.552734 0.185937 0.228906 0.00104811
0 0.75 0.561719 0.15 0.214062 0.00198631
0 0.298438 0.387891 0.146875 0.188281 0.00270055
0 0.7125 0.614844 0.1875 0.19375 0.00299026
