0 0.755469 0.614844 0.075 0.107813 0.000100511
0 0.608203 0.466016 0.133594 0.264844 0.000101387
0 0.0496094 0.63125 0.0992187 0.664062 0.000101627
0 0.0300781 0.815625 0.0601562 0.36875 0.00010336
0 0.740234 0.636719 0.0851562 0.10625 0.000107011
0 0.215625 0.639453 0.090625 0.103906 0.000107408
0 0.695312 0.302734 0.139062 0.230469 0.000110867
0 0.719922 0.196094 0.124219 0.142188 0.000111177
0 0.739844 0.596094 0.0859375 0.109375 0.000113411
0 0.622266 0.771875 0.339844 0.365625 0.000115722
0 0.658984 0.197266 0.155469 0.152344 0.000116474
0 0.629687 0.351953 0.154687 0.303906 0.0001172
0 0.272656 0.225391 0.234375 0.277344 0.000129539
0 0.323828 0.670703 0.327344 0.313281 0.000134551
0 0.754687 0.657422 0.0734375 0.105469 0.000136355
0 0.172266 0.679688 0.139844 0.176563 0.000144886
0 0.964844 0.775 0.0703125 0.417188 0.000150723
0 0.239453 0.494141 0.127344 0.247656 0.000153138
0 0.319922 0.55625 0.161719 0.204688 0.000154822
0 0.731641 0.2375 0.113281 0.140625 0.000156579
0 0.0507812 0.890625 0.101562 0.215625 0.000158035
0 0.871094 0.796875 0.254687 0.398438 0.000167841
0 0.265625 0.340234 0.103125 0.211719 0.000168015
0 0.307813 0.178125 0.192188 0.171875 0.000169047
0 0.0554687 0.795703 0.110937 0.408594 0.000169708
0 0.754297 0.410547 0.0929687 0.221094 0.000174943
0 0.252344 0.317187 0.201562 0.35 0.000177245
0 0.700781 0.737891 0.153125 0.235156 0.000179869
0 0.280469 0.448438 0.14375 0.25 0.000181678
0 0.655469 0.301562 0.114063 0.170312 0.000194178
0 0.366406 0.319531 0.145313 0.25 0.000204316
0 0.169141 0.685156 0.189844 0.270312 0.000209762
0 0.753516 0.714453 0.125781 0.236719 0.000213477
0 0.198437 0.657812 0.0921875 0.1 0.000216384
0 0.664062 0.469531 0.1375 0.257812 0.000227395
0 0.16875 0.525 0.217187 0.55 0.000231648
0 0.632031 0.438281 0.192188 0.407813 0.00023727
0 0.360547 0.176172 0.0835937 0.0882813 0.000256942
0 0.298828 0.654688 0.133594 0.146875 0.000276388
0 0.379297 0.158984 0.199219 0.147656 0.000288988
0 0.762891 0.278125 0.0742188 0.114063 0.000307063
0 0.934766 0.807813 0.130469 0.384375 0.000309402
0 0.370313 0.433984 0.20625 0.475781 0.000336708
0 0.737109 0.471875 0.111719 0.195312 0.000343732
0 0.186719 0.594922 0.10625 0.210156 0.000347619
0 0.678125 0.406641 0.128125 0.219531 0.000354352
0 0.321484 0.169922 0.330469 0.278906 0.000364462
0 0.232812 0.707812 0.259375 0.189063 0.000365857
0 0.755469 0.596484 0.107813 0.177344 0.000372655
0 0.277734 0.529688 0.136719 0.220313 0.000379633
0 0.758203 0.313672 0.102344 0.216406 0.000382707
0 0.681641 0.575781 0.192969 0.203125 0.000413889
0 0.629687 0.563281 0.226562 0.367188 0.000416273
0 0.802344 0.730078 0.359375 0.535156 0.000451263
0 0.660937 0.656641 0.221875 0.200781 0.000494743
0 0.786328 0.560938 0.175781 0.51875 0.00050031
0 0.303516 0.320703 0.141406 0.228906 0.000569095
0 0.380469 0.25625 0.165625 0.184375 0.00060035
0 0.173438 0.605469 0.151562 0.30625 0.000626877
0 0.717188 0.429688 0.13125 0.229687 0.000648696
0 0.753516 0.657812 0.100781 0.201562 0.00066717
0 0.707031 0.813281 0.289062 0.309375 0.000695799
0 0.69375 0.246484 0.179688 0.216406 0.000715473
0 0.276953 0.672656 0.222656 0.175 0.000760263
0 0.737109 0.554297 0.124219 0.207031 0.00102481
0 0.361719 0.179688 0.13125 0.115625 0.00104033
0 0.214453 0.397266 0.242969 0.614844 0.00104637
0 0.749219 0.36875 0.173438 0.460938 0.0010499
0 0.336328 0.564844 0.216406 0.309375 0.00113989
0 0.680469 0.31875 0.2125 0.420312 0.00163955
0 0.297656 0.616797 0.19375 0.199219 0.00184101
0 0.702734 0.511328 0.146094 0.283594 0.00187133
0 0.719531 0.614062 0.146875 0.229687 0.00188881
0 0.327344 0.257422 0.19375 0.213281 0.0019394
0 0.716406 0.678906 0.176563 0.192188 0.00201793
0 0.241016 0.572266 0.147656 0.239844 0.00212283
0 0.208203 0.525 0.158594 0.379687 0.00316429
0 0.202734 0.639453 0.153906 0.197656 0.00350093
0 0.753516 0.604297 0.153906 0.346094 0.00390935
0 0.287891 0.408594 0.205469 0.428125 0.00467797
0 0.75 0.483984 0.135937 0.375781 0.00967363
0 0.692969 0.726172 0.242188 0.327344 0.0133856
0 0.355859 0.205859 0.202344 0.213281 0.0141716
0 0.345703 0.296484 0.244531 0.382031 0.0356426
0 0.248828 0.611328 0.228906 0.258594 0.0386888
0 0.278516 0.524609 0.266406 0.416406 0.0458668
0 0.701172 0.610937 0.221094 0.4125 0.0634762
0 0.702734 0.460938 0.205469 0.465625 0.169928
0 0.310547 0.398438 0.296094 0.615625 0.338961
