0 0.529297 0.124609 0.297656 0.244531 0.000100606
0 0.383203 0.325391 0.0835937 0.0929687 0.000101715
0 0.430859 0.504297 0.132031 0.172656 0.000112454
0 0.326172 0.980469 0.180469 0.0375 0.000112911
0 0.408203 0.240234 0.0757812 0.102344 0.000112973
0 0.383203 0.180078 0.0648438 0.0898438 0.000115171
0 0.494531 0.303906 0.321875 0.56875 0.000116437
0 0.721094 0.450781 0.0828125 0.110937 0.000119864
0 0.341406 0.388672 0.084375 0.108594 0.000124495
0 0.720703 0.506641 0.0882813 0.108594 0.000124775
0 0.628906 0.312891 0.328125 0.613281 0.000129886
0 0.796094 0.524609 0.0609375 0.0960938 0.000130295
0 0.738672 0.324219 0.133594 0.264062 0.000130767
0 0.649219 0.626172 0.41875 0.735156 0.000130799
0 0.409766 0.157422 0.113281 0.153906 0.000143004
0 0.315625 0.366406 0.0890625 0.248437 0.000144003
0 0.4625 0.449609 0.0890625 0.113281 0.000145479
0 0.796875 0.548047 0.167187 0.308594 0.000146753
0 0.360547 0.34375 0.0882813 0.0953125 0.000150449
0 0.661719 0.2625 0.121875 0.232812 0.000152105
0 0.7625 0.409766 0.0875 0.103906 0.00015299
0 0.358594 0.408984 0.0875 0.108594 0.000163565
0 0.383203 0.979688 0.174219 0.0390625 0.000163783
0 0.304297 0.359766 0.146094 0.410156 0.000165563
0 0.464453 0.278906 0.105469 0.15625 0.000178203
0 0.733203 0.592578 0.294531 0.497656 0.000184624
0 0.721484 0.235547 0.0851562 0.111719 0.000185844
0 0.335547 0.221875 0.0664062 0.139062 0.000188792
0 0.379297 0.946094 0.282031 0.107813 0.000194182
0 0.382812 0.282031 0.08125 0.103125 0.000199787
0 0.332812 0.301562 0.059375 0.101562 0.000202063
0 0.703516 0.471875 0.0835937 0.115625 0.000210038
0 0.744141 0.430078 0.0835937 0.105469 0.000214757
0 0.733594 0.182422 0.0671875 0.107031 0.000220391
0 0.384375 0.571875 0.2625 0.33125 0.000226932
0 0.382422 0.445703 0.0914062 0.103906 0.00023387
0 0.346094 0.324219 0.08125 0.103125 0.000243483
0 0.407813 0.43125 0.0828125 0.107813 0.000245427
0 0.692969 0.163281 0.290625 0.275 0.000248746
0 0.333594 0.501953 0.315625 0.378906 0.000258934
0 0.443359 0.389453 0.113281 0.188281 0.000262115
0 0.760547 0.504687 0.0882813 0.107813 0.000267847
0 0.383984 0.177344 0.0976562 0.148438 0.000281883
0 0.383203 0.241797 0.0679687 0.0976562 0.000288326
0 0.759766 0.522656 0.146094 0.157813 0.000301034
0 0.699609 0.201172 0.0820312 0.102344 0.000304014
0 0.305859 0.440234 0.107031 0.250781 0.000312508
0 0.791797 0.43125 0.0835937 0.189063 0.000345022
0 0.491797 0.405078 0.199219 0.517969 0.000357465
0 0.799609 0.458203 0.142969 0.264844 0.000380773
0 0.330469 0.485156 0.078125 0.114063 0.000386097
0 0.701172 0.301562 0.160156 0.198437 0.00039667
0 0.427344 0.410547 0.075 0.0914062 0.00042631
0 0.333594 0.28125 0.078125 0.16875 0.000449675
0 0.750781 0.258203 0.110937 0.213281 0.000455403
0 0.356641 0.967188 0.219531 0.0625 0.000493486
0 0.676562 0.440625 0.139062 0.242188 0.000500339
0 0.348047 0.217578 0.0570313 0.0929687 0.000512646
0 0.360938 0.201562 0.0671875 0.0890625 0.000524915
0 0.448438 0.238281 0.126563 0.207813 0.000533797
0 0.3625 0.260938 0.078125 0.104687 0.000570644
0 0.429297 0.301172 0.141406 0.222656 0.000588248
0 0.680469 0.194531 0.128125 0.170312 0.000588747
0 0.347266 0.283203 0.0757812 0.111719 0.000635418
0 0.742188 0.471875 0.0875 0.117188 0.000665768
0 0.364062 0.502734 0.1625 0.166406 0.000674423
0 0.705078 0.387109 0.138281 0.282031 0.000704814
0 0.734766 0.546094 0.202344 0.325 0.000714239
0 0.348828 0.325391 0.0992187 0.183594 0.00073813
0 0.467969 0.499219 0.159375 0.220313 0.000818595
0 0.430078 0.447656 0.0757812 0.110937 0.000918968
0 0.40625 0.258594 0.146875 0.165625 0.000928718
0 0.404687 0.364062 0.139062 0.267188 0.00100802
0 0.357812 0.466016 0.0921875 0.110156 0.00101738
0 0.7625 0.448438 0.0859375 0.10625 0.00105556
0 0.432422 0.176172 0.138281 0.224219 0.00110084
0 0.363281 0.217969 0.0921875 0.140625 0.00112337
0 0.780859 0.358594 0.174219 0.451562 0.001226
0 0.462891 0.432422 0.135156 0.217969 0.00125285
0 0.339453 0.433984 0.0851562 0.113281 0.0013819
0 0.779297 0.472266 0.0773437 0.116406 0.00150599
0 0.733203 0.200391 0.0992187 0.153906 0.00156763
0 0.758203 0.388672 0.132031 0.286719 0.00193048
0 0.708594 0.499609 0.165625 0.188281 0.00214381
0 0.792969 0.500781 0.0796875 0.148438 0.00221858
0 0.331641 0.412109 0.0914062 0.208594 0.00229133
0 0.687109 0.153906 0.175781 0.217187 0.00231099
0 0.364453 0.282813 0.121094 0.19375 0.0023192
0 0.362891 0.390234 0.124219 0.222656 0.00235173
0 0.4625 0.404297 0.171875 0.346094 0.00325247
0 0.416797 0.237891 0.183594 0.310156 0.00384242
0 0.426953 0.433203 0.125781 0.171094 0.00387919
0 0.719922 0.229687 0.139844 0.223438 0.00395297
0 0.695312 0.238672 0.195312 0.336719 0.00572153
0 0.717969 0.439453 0.279687 0.385156 0.00608767
0 0.397266 0.436719 0.283594 0.3 0.00913395
0 0.775 0.470703 0.103125 0.182031 0.0104348
0 0.341406 0.3625 0.11875 0.35 0.0130274
0 0.425781 0.464844 0.190625 0.190625 0.0145553
0 0.337109 0.46875 0.113281 0.170312 0.017975
0 0.376563 0.44375 0.185937 0.214062 0.0826671
0 0.738672 0.457031 0.167969 0.225 0.0973772
0 0.387891 0.344922 0.200781 0.407031 0.207553
0 0.720703 0.3375 0.203906 0.473437 0.278199
