0 0.642969 0.0332031 0.378125 0.0664062 0.000101834
0 0.849219 0.742969 0.178125 0.175 0.000104517
0 0.274219 0.105469 0.457812 0.210938 0.000112062
0 0.530078 0.984766 0.0617188 0.0304688 0.000117966
0 0.846484 0.633203 0.0914062 0.107031 0.00012087
0 0.675781 0.651172 0.15 0.186719 0.000123309
0 0.613281 0.969922 0.101562 0.0601562 0.000128543
0 0.789062 0.2125 0.410937 0.414062 0.000132648
0 0.223828 0.411328 0.124219 0.192969 0.000133412
0 0.801172 0.590234 0.0898438 0.0929687 0.000139733
0 0.510156 0.983984 0.065625 0.0304688 0.000145374
0 0.875391 0.637109 0.119531 0.161719 0.000147808
0 0.513281 0.959766 0.0828125 0.0804688 0.00014857
0 0.185156 0.489844 0.139062 0.18125 0.000150186
0 0.15 0.626562 0.142188 0.19375 0.000151209
0 0.244922 0.447656 0.108594 0.13125 0.000151423
0 0.842578 0.123438 0.314844 0.246875 0.000152664
0 0.519531 0.355469 0.359375 0.69375 0.000153987
0 0.894531 0.691797 0.157813 0.246094 0.000156085
0 0.53125 0.968359 0.128125 0.0632813 0.000157644
0 0.553125 0.981641 0.0875 0.0351562 0.000160888
0 0.338672 0.53125 0.171094 0.265625 0.000164341
0 0.2625 0.401563 0.203125 0.359375 0.000166243
0 0.842578 0.0355469 0.314844 0.0710938 0.000180206
0 0.201953 0.0539063 0.403906 0.107813 0.000180608
0 0.199219 0.394922 0.251563 0.477344 0.000184008
0 0.616016 0.981641 0.144531 0.0367187 0.000189562
0 0.466406 0.0558594 0.428125 0.108594 0.000208172
0 0.142188 0.367969 0.260938 0.639063 0.000223935
0 0.539453 0.090625 0.466406 0.18125 0.0002311
0 0.678516 0.568359 0.202344 0.192969 0.000234262
0 0.242578 0.629687 0.202344 0.170312 0.000254166
0 0.277344 0.516406 0.307813 0.328125 0.000262271
0 0.250391 0.485547 0.147656 0.196094 0.000269628
0 0.620703 0.0582031 0.453906 0.114844 0.0002805
0 0.721484 0.558594 0.186719 0.129688 0.000284386
0 0.205469 0.418359 0.185937 0.316406 0.00028636
0 0.493359 0.972656 0.0695312 0.0546875 0.000300166
0 0.71875 0.634375 0.15 0.1875 0.000307362
0 0.760938 0.577344 0.140625 0.104687 0.000315372
0 0.491406 0.969922 0.101562 0.0601562 0.000321049
0 0.719922 0.105859 0.478906 0.207031 0.000323943
0 0.219141 0.454297 0.0804688 0.0742188 0.000399149
0 0.595703 0.980859 0.0914062 0.0367187 0.000422741
0 0.168359 0.525391 0.161719 0.294531 0.000425153
0 0.577734 0.969922 0.146094 0.0601562 0.000453083
0 0.858203 0.696484 0.146094 0.167969 0.000457808
0 0.789453 0.0609375 0.421094 0.121875 0.000465798
0 0.840234 0.602344 0.113281 0.0890625 0.000490113
0 0.263672 0.594922 0.136719 0.155469 0.0005943
0 0.688281 0.682813 0.229687 0.21875 0.000830762
0 0.799609 0.596875 0.146094 0.117188 0.000969791
0 0.198047 0.597266 0.199219 0.217969 0.00104664
0 0.218359 0.471094 0.108594 0.123438 0.00135094
0 0.312891 0.610937 0.180469 0.179688 0.00146835
0 0.78125 0.635938 0.153125 0.185937 0.00186527
0 0.837891 0.621484 0.164844 0.161719 0.00204044
0 0.226562 0.536719 0.190625 0.257812 0.00274491
0 0.747266 0.704687 0.364844 0.279687 0.00297062
0 0.707031 0.615234 0.264062 0.211719 0.00370192
0 0.832031 0.673828 0.210938 0.239844 0.00566102
0 0.770312 0.592188 0.232812 0.151562 0.00638856
0 0.269922 0.576563 0.211719 0.226562 0.00650893
0 0.773438 0.644141 0.284375 0.242969 0.268439
