0 0.700391 0.555859 0.0898438 0.0992187 0.000100813
0 0.759766 0.516016 0.0835937 0.107031 0.000102263
0 0.212109 0.617188 0.0804688 0.15625 0.000102961
0 0.328906 0.600781 0.084375 0.107813 0.000102987
0 0.632422 0.535547 0.0898438 0.0929687 0.000103765
0 0.801953 0.556641 0.149219 0.197656 0.000103813
0 0.242188 0.554688 0.065625 0.109375 0.00010708
0 0.297656 0.489844 0.071875 0.08125 0.00011093
0 0.346875 0.402734 0.1125 0.139844 0.000116817
0 0.755859 0.429297 0.0945313 0.122656 0.000117315
0 0.373437 0.510547 0.0765625 0.0992187 0.000118906
0 0.395312 0.610156 0.084375 0.1125 0.000119216
0 0.616797 0.553125 0.0867188 0.090625 0.000128125
0 0.220703 0.528906 0.121094 0.33125 0.000133743
0 0.560547 0.224609 0.192969 0.325781 0.000137446
0 0.382812 0.669141 0.0765625 0.0929687 0.000139153
0 0.257422 0.526563 0.0695312 0.0953125 0.000148221
0 0.301953 0.619141 0.0867188 0.0945313 0.000151914
0 0.677734 0.367188 0.0898438 0.090625 0.000157002
0 0.701953 0.735937 0.241406 0.201562 0.000168491
0 0.691016 0.392578 0.133594 0.139844 0.000175061
0 0.641797 0.608203 0.186719 0.144531 0.000177205
0 0.760156 0.778125 0.245312 0.198437 0.00018948
0 0.445312 0.698047 0.460938 0.603906 0.000190879
0 0.304688 0.403125 0.13125 0.142188 0.000194785
0 0.260547 0.548047 0.286719 0.421094 0.000197493
0 0.728906 0.409766 0.140625 0.146094 0.000206878
0 0.680469 0.587109 0.151562 0.119531 0.000207418
0 0.257812 0.672656 0.0890625 0.084375 0.000211432
0 0.550781 0.15625 0.148438 0.215625 0.000212336
0 0.769531 0.833203 0.353125 0.333594 0.000223541
0 0.324219 0.489844 0.109375 0.18125 0.000229744
0 0.213281 0.655078 0.06875 0.103906 0.000233679
0 0.760547 0.602344 0.0898438 0.084375 0.00023594
0 0.81875 0.717578 0.139062 0.264844 0.000253907
0 0.357812 0.367969 0.129688 0.109375 0.000255191
0 0.328516 0.635547 0.0882813 0.0960938 0.000260045
0 0.278906 0.636328 0.0875 0.0851562 0.000265234
0 0.291797 0.770703 0.372656 0.349219 0.00028151
0 0.299219 0.489844 0.0953125 0.125 0.000283132
0 0.619141 0.569922 0.136719 0.117969 0.000296895
0 0.793359 0.587891 0.0789063 0.0867188 0.000298301
0 0.409375 0.539453 0.290625 0.442969 0.000307736
0 0.345703 0.707031 0.163281 0.134375 0.000311305
0 0.701172 0.537109 0.147656 0.117969 0.000324441
0 0.273438 0.505859 0.065625 0.0820312 0.000330375
0 0.219922 0.68125 0.0976562 0.13125 0.000334347
0 0.806641 0.634766 0.167969 0.247656 0.000335992
0 0.301953 0.525781 0.119531 0.254687 0.000338451
0 0.246875 0.5125 0.06875 0.15625 0.000342925
0 0.289062 0.741016 0.279687 0.222656 0.000357388
0 0.742578 0.543359 0.0898438 0.0929687 0.00036076
0 0.364844 0.65 0.0859375 0.104687 0.000389729
0 0.372266 0.577734 0.0851562 0.114844 0.000425269
0 0.426562 0.423438 0.139062 0.14375 0.000435631
0 0.660937 0.495313 0.1875 0.198437 0.000486963
0 0.371094 0.495703 0.101562 0.189844 0.000498905
0 0.238672 0.600391 0.0757812 0.117969 0.000531026
0 0.303516 0.598828 0.132031 0.149219 0.000531933
0 0.776563 0.629297 0.16875 0.164844 0.000569983
0 0.789844 0.558203 0.1 0.127344 0.000573319
0 0.680469 0.676562 0.235938 0.203125 0.000597788
0 0.639844 0.536719 0.15 0.128125 0.000630726
0 0.721094 0.570312 0.0921875 0.0953125 0.000640776
0 0.674219 0.777344 0.423438 0.426562 0.000660175
0 0.243359 0.708984 0.161719 0.155469 0.000704802
0 0.228906 0.573828 0.0828125 0.205469 0.00073726
0 0.272656 0.454688 0.0765625 0.126563 0.000840508
0 0.379297 0.409375 0.157031 0.176563 0.00089115
0 0.318359 0.438281 0.172656 0.215625 0.000895712
0 0.761328 0.696875 0.230469 0.2125 0.000910673
0 0.720703 0.603906 0.149219 0.11875 0.000921402
0 0.758203 0.474219 0.121094 0.253125 0.00103551
0 0.367578 0.616016 0.0851562 0.110156 0.00126984
0 0.702734 0.452734 0.238281 0.297656 0.00127621
0 0.260156 0.490234 0.065625 0.100781 0.00143536
0 0.330078 0.634766 0.136719 0.125781 0.00169219
0 0.734766 0.560938 0.285156 0.295312 0.00169816
0 0.279687 0.635938 0.1375 0.114063 0.00174996
0 0.391016 0.479297 0.136719 0.285156 0.00220167
0 0.312109 0.621484 0.278906 0.307031 0.002527
0 0.351562 0.665625 0.145313 0.145313 0.00259941
0 0.227734 0.652344 0.0664062 0.0734375 0.00282301
0 0.798437 0.761719 0.240625 0.31875 0.00290529
0 0.266406 0.493359 0.090625 0.235156 0.0029887
0 0.351172 0.597266 0.132031 0.174219 0.00435036
0 0.671875 0.5625 0.228125 0.153125 0.00440864
0 0.757812 0.571094 0.0921875 0.090625 0.00444854
0 0.769141 0.589063 0.146094 0.11875 0.00586282
0 0.239453 0.638672 0.0992187 0.105469 0.00595444
0 0.720312 0.519141 0.198437 0.178906 0.00867577
0 0.273828 0.675391 0.188281 0.144531 0.00897259
0 0.759766 0.544141 0.132031 0.142969 0.00973619
0 0.247656 0.622656 0.123438 0.175 0.0104281
0 0.257422 0.560938 0.107031 0.235938 0.0111553
0 0.728516 0.634766 0.255469 0.216406 0.0116146
0 0.380078 0.628906 0.122656 0.178125 0.0121815
0 0.321094 0.540625 0.207813 0.307813 0.0210873
0 0.310156 0.630859 0.220313 0.166406 0.0278063
0 0.730078 0.703125 0.307031 0.320312 0.035746
0 0.375391 0.558203 0.125781 0.272656 0.0510423
0 0.727734 0.573438 0.194531 0.125 0.120135
