0 0.323438 0.315234 0.0828125 0.100781 0.000100459
0 0.025 0.108203 0.05 0.214844 0.000102614
0 0.973047 0.228906 0.0523437 0.40625 0.000104508
0 0.237891 0.629297 0.0929687 0.0992187 0.000106189
0 0.96875 0.435547 0.0625 0.328906 0.00010674
0 0.591406 0.481641 0.165625 0.441406 0.000107628
0 0.0589844 0.230078 0.117969 0.374219 0.000108255
0 0.753125 0.494141 0.084375 0.166406 0.00010908
0 0.184766 0.63125 0.116406 0.15 0.000109312
0 0.203125 0.550391 0.0828125 0.107031 0.000109629
0 0.620313 0.4 0.15625 0.373437 0.000110345
0 0.428906 0.236719 0.135937 0.170312 0.000118661
0 0.517578 0.0324219 0.232031 0.0648438 0.000120051
0 0.2625 0.322266 0.0765625 0.0914062 0.00012223
0 0.283594 0.267188 0.109375 0.146875 0.000125882
0 0.200781 0.631641 0.0875 0.0992187 0.000126121
0 0.303125 0.573047 0.08125 0.0914062 0.000127646
0 0.714453 0.362891 0.141406 0.242969 0.000128111
0 0.260938 0.6125 0.0890625 0.107813 0.000130337
0 0.217578 0.528906 0.0835937 0.109375 0.000130871
0 0.180078 0.61875 0.317969 0.521875 0.000131158
0 0.635547 0.470313 0.142969 0.185937 0.000136502
0 0.657031 0.895703 0.31875 0.208594 0.00014055
0 0.597266 0.510156 0.116406 0.214062 0.000141206
0 0.678516 0.383203 0.102344 0.155469 0.000141869
0 0.0425781 0.567969 0.0835937 0.325 0.00014691
0 0.65625 0.309375 0.115625 0.146875 0.000147206
0 0.297656 0.323828 0.289062 0.407031 0.000148534
0 0.0285156 0.898828 0.0554687 0.202344 0.000148868
0 0.0132813 0.654688 0.0265625 0.21875 0.000149017
0 0.0261719 0.222656 0.0523437 0.417188 0.000152692
0 0.641406 0.740625 0.140625 0.204688 0.000153191
0 0.207031 0.409766 0.110937 0.242969 0.000160878
0 0.742188 0.567187 0.084375 0.114063 0.000163361
0 0.210547 0.366016 0.147656 0.378906 0.000164127
0 0.286328 0.648438 0.139844 0.157813 0.000164137
0 0.0675781 0.315625 0.107031 0.229687 0.00017005
0 0.389453 0.703125 0.124219 0.170312 0.000172578
0 0.05625 0.394531 0.1125 0.545313 0.000179542
0 0.188672 0.491406 0.111719 0.226562 0.000186821
0 0.335938 0.400781 0.179688 0.351562 0.000187247
0 0.302734 0.612891 0.0867188 0.111719 0.00018864
0 0.276953 0.512891 0.172656 0.203906 0.000190425
0 0.974609 0.561328 0.0507812 0.477344 0.000191333
0 0.753906 0.724219 0.121875 0.20625 0.000192514
0 0.636719 0.593359 0.129688 0.232031 0.000193935
0 0.281641 0.670703 0.260156 0.185156 0.000203152
0 0.333594 0.342578 0.125 0.183594 0.000209773
0 0.1 0.7125 0.2 0.546875 0.000212867
0 0.735547 0.614453 0.119531 0.214844 0.000213258
0 0.785937 0.733594 0.209375 0.485938 0.000217084
0 0.176563 0.483203 0.15 0.452344 0.000218641
0 0.677734 0.280859 0.0726563 0.0976562 0.000218825
0 0.03125 0.484375 0.0578125 0.417188 0.000242729
0 0.685156 0.317187 0.14375 0.196875 0.000247736
0 0.680078 0.571484 0.189844 0.200781 0.000257749
0 0.320312 0.553516 0.128125 0.224219 0.000258075
0 0.053125 0.807031 0.10625 0.385938 0.000266476
0 0.303906 0.299609 0.0875 0.0929687 0.000268892
0 0.633594 0.803906 0.240625 0.232812 0.00026976
0 0.218359 0.611719 0.0898438 0.10625 0.000290629
0 0.386719 0.632031 0.128125 0.240625 0.000294401
0 0.352734 0.252344 0.177344 0.171875 0.000295043
0 0.216797 0.486719 0.0835937 0.109375 0.000296036
0 0.679297 0.659375 0.146094 0.276563 0.000309085
0 0.966797 0.401563 0.0664062 0.66875 0.000321464
0 0.634375 0.533594 0.154687 0.2 0.000327953
0 0.608984 0.697266 0.149219 0.191406 0.000359242
0 0.752344 0.489844 0.11875 0.25625 0.000366417
0 0.336328 0.283594 0.121094 0.128125 0.00037259
0 0.0265625 0.610156 0.0484375 0.379687 0.000400649
0 0.0308594 0.773047 0.0585938 0.453906 0.000416885
0 0.176953 0.598047 0.128906 0.269531 0.000417016
0 0.748828 0.879297 0.196094 0.241406 0.000444723
0 0.220703 0.449219 0.0851562 0.104687 0.000451032
0 0.0460938 0.562109 0.0921875 0.647656 0.000458478
0 0.737891 0.533594 0.0867188 0.103125 0.000463537
0 0.252734 0.470703 0.138281 0.175781 0.000542395
0 0.237109 0.407031 0.124219 0.19375 0.000546945
0 0.633594 0.728906 0.20625 0.285937 0.000648632
0 0.262109 0.314453 0.132031 0.196094 0.000898717
0 0.241797 0.653906 0.330469 0.307813 0.00093124
0 0.715234 0.7 0.141406 0.270312 0.00111345
0 0.3375 0.524609 0.207813 0.489844 0.0012264
0 0.654688 0.488672 0.204688 0.305469 0.00127346
0 0.268359 0.362891 0.178906 0.260156 0.0013794
0 0.282422 0.596875 0.138281 0.164062 0.0014209
0 0.623438 0.562891 0.173438 0.377344 0.0014243
0 0.686328 0.408984 0.208594 0.383594 0.00152046
0 0.720312 0.821094 0.146875 0.207813 0.00152625
0 0.219531 0.610937 0.13125 0.145313 0.00189112
0 0.747656 0.559375 0.101562 0.207813 0.00200976
0 0.301172 0.299609 0.147656 0.155469 0.00310288
0 0.719531 0.531641 0.140625 0.199219 0.00316497
0 0.242188 0.575 0.175 0.2 0.0034757
0 0.219922 0.469922 0.107031 0.221094 0.00418379
0 0.747266 0.776172 0.164844 0.260156 0.0044179
0 0.697266 0.761719 0.189844 0.198437 0.00461378
0 0.716016 0.566797 0.161719 0.349219 0.00707173
0 0.322266 0.61875 0.180469 0.232812 0.00747128
0 0.245312 0.625781 0.226562 0.19375 0.00920513
0 0.744922 0.652734 0.149219 0.385156 0.00930567
0 0.207422 0.55625 0.130469 0.278125 0.00989056
0 0.277344 0.426953 0.21875 0.441406 0.012153
0 0.232422 0.483203 0.150781 0.367969 0.0162775
0 0.667578 0.569922 0.238281 0.525781 0.0218835
0 0.699609 0.828516 0.228906 0.289844 0.0258204
0 0.26875 0.555078 0.223438 0.314844 0.061483
0 0.694531 0.684766 0.215625 0.405469 0.153881
