0 0.776953 0.385938 0.103906 0.201562 0.000100008
0 0.653516 0.216016 0.135156 0.177344 0.000101144
0 0.830859 0.540234 0.221094 0.546094 0.000103092
0 0.305078 0.569922 0.124219 0.119531 0.000104233
0 0.0300781 0.0734375 0.0585938 0.146875 0.000104499
0 0.433203 0.0675781 0.225781 0.133594 0.000104511
0 0.679297 0.324219 0.138281 0.173438 0.00010644
0 0.198828 0.469531 0.0898438 0.1125 0.000109596
0 0.235547 0.430078 0.0898438 0.110156 0.000110365
0 0.24375 0.526172 0.146875 0.163281 0.000112473
0 0.979297 0.276953 0.0414063 0.355469 0.000113636
0 0.263281 0.2 0.295312 0.329688 0.000116549
0 0.0265625 0.262891 0.046875 0.327344 0.000118305
0 0.674219 0.595312 0.0890625 0.109375 0.000120142
0 0.616406 0.270703 0.171875 0.347656 0.000121229
0 0.186328 0.407422 0.0835937 0.111719 0.000122114
0 0.0144531 0.196094 0.0289063 0.260938 0.00012363
0 0.639063 0.386719 0.103125 0.153125 0.000123872
0 0.678516 0.153906 0.142969 0.139062 0.000125776
0 0.345703 0.1 0.174219 0.128125 0.0001261
0 0.199609 0.589063 0.188281 0.178125 0.000126905
0 0.05 0.144531 0.1 0.282813 0.000127867
0 0.987109 0.321484 0.0257812 0.202344 0.000132463
0 0.757812 0.236328 0.29375 0.325781 0.00013657
0 0.286719 0.173438 0.0859375 0.103125 0.000137369
0 0.282031 0.588672 0.2375 0.166406 0.000139766
0 0.178906 0.530078 0.114063 0.147656 0.000140873
0 0.772266 0.297656 0.0820312 0.11875 0.000142155
0 0.167187 0.467187 0.107813 0.239063 0.000149194
0 0.0738281 0.641406 0.147656 0.717188 0.000150443
0 0.2375 0.469531 0.0875 0.107813 0.000150947
0 0.607031 0.201172 0.134375 0.216406 0.000157524
0 0.0269531 0.150781 0.0523437 0.284375 0.000163036
0 0.386719 0.538281 0.11875 0.232812 0.000168507
0 0.971094 0.479688 0.0578125 0.660937 0.000171517
0 0.719922 0.575391 0.0851562 0.105469 0.000176235
0 0.323828 0.189063 0.139844 0.148438 0.000178553
0 0.657422 0.428125 0.135156 0.176563 0.000179227
0 0.743359 0.318359 0.0882813 0.110156 0.000181834
0 0.758203 0.670703 0.149219 0.213281 0.000183307
0 0.336328 0.3125 0.205469 0.482812 0.00019206
0 0.696875 0.425391 0.115625 0.203906 0.000193494
0 0.214453 0.406641 0.0914062 0.105469 0.000199725
0 0.626172 0.398047 0.150781 0.305469 0.000204955
0 0.676562 0.383984 0.11875 0.211719 0.000207682
0 0.342578 0.208203 0.197656 0.214844 0.000209535
0 0.359375 0.170312 0.14375 0.145313 0.000214761
0 0.188672 0.462109 0.283594 0.355469 0.000217068
0 0.265625 0.216406 0.125 0.184375 0.000239812
0 0.980078 0.394141 0.0398437 0.374219 0.000240384
0 0.676953 0.487891 0.128906 0.253906 0.000241176
0 0.306641 0.125391 0.133594 0.127344 0.000254035
0 0.302734 0.153516 0.0898438 0.108594 0.000269898
0 0.700781 0.661719 0.307813 0.384375 0.00029862
0 0.608984 0.464453 0.132031 0.244531 0.000303239
0 0.737891 0.423047 0.121094 0.257031 0.0003239
0 0.786328 0.602734 0.132031 0.260156 0.000328698
0 0.756641 0.555469 0.116406 0.192188 0.000341549
0 0.276563 0.410937 0.176563 0.198437 0.000347336
0 0.34375 0.580469 0.139062 0.171875 0.000373253
0 0.235156 0.584375 0.320312 0.371875 0.000375185
0 0.0394531 0.820312 0.0789063 0.359375 0.000376705
0 0.303125 0.527734 0.13125 0.147656 0.000402447
0 0.719531 0.510938 0.121875 0.260938 0.000404803
0 0.635547 0.160547 0.150781 0.189844 0.000405056
0 0.725781 0.205078 0.165625 0.227344 0.000423839
0 0.05625 0.961328 0.109375 0.0757812 0.000424687
0 0.230859 0.370313 0.119531 0.1875 0.000445154
0 0.0894531 0.814062 0.178906 0.371875 0.000460483
0 0.720703 0.363672 0.133594 0.238281 0.000471477
0 0.332812 0.445703 0.175 0.258594 0.00047493
0 0.675781 0.610156 0.13125 0.151562 0.000493282
0 0.297656 0.471875 0.142188 0.196875 0.00055774
0 0.0515625 0.925 0.103125 0.15 0.000599309
0 0.75 0.535937 0.285937 0.460938 0.000629786
0 0.202734 0.371484 0.0992187 0.149219 0.000658936
0 0.762109 0.266016 0.0851562 0.113281 0.000757994
0 0.7 0.574609 0.132812 0.174219 0.000809485
0 0.782031 0.310156 0.117188 0.221875 0.000848195
0 0.276172 0.317187 0.219531 0.415625 0.000929334
0 0.654688 0.553516 0.128125 0.203906 0.00100452
0 0.707812 0.646094 0.215625 0.23125 0.0012293
0 0.3875 0.119531 0.189063 0.189063 0.00131408
0 0.608984 0.546094 0.130469 0.234375 0.00137294
0 0.669531 0.218359 0.210938 0.297656 0.00140843
0 0.782812 0.437109 0.148438 0.486719 0.00144946
0 0.0636719 0.875781 0.127344 0.248437 0.00156413
0 0.255078 0.467578 0.144531 0.174219 0.00163144
0 0.244922 0.546875 0.241406 0.2125 0.00177093
0 0.662109 0.439063 0.197656 0.423438 0.00183718
0 0.331641 0.148828 0.283594 0.247656 0.00210672
0 0.232031 0.343359 0.154687 0.311719 0.00212999
0 0.758594 0.523438 0.139062 0.345313 0.00214038
0 0.202344 0.500391 0.16875 0.217969 0.00224081
0 0.286719 0.173438 0.164062 0.1875 0.00276718
0 0.294922 0.510156 0.216406 0.20625 0.0044264
0 0.739453 0.601953 0.164844 0.214844 0.00453058
0 0.758594 0.351953 0.134375 0.319531 0.00569604
0 0.695703 0.314063 0.227344 0.4375 0.00582919
0 0.657812 0.592969 0.196875 0.2125 0.00647016
0 0.204688 0.411328 0.135937 0.228906 0.00826615
0 0.280469 0.416797 0.279687 0.367969 0.00857258
0 0.757422 0.278125 0.114844 0.171875 0.00896319
0 0.705078 0.557813 0.205469 0.265625 0.0200576
0 0.735156 0.291016 0.148438 0.250781 0.0227679
0 0.328516 0.140625 0.197656 0.175 0.0244531
0 0.726172 0.434375 0.177344 0.473437 0.041672
0 0.239844 0.457031 0.204688 0.251563 0.0756853
