0 0.971484 0.5125 0.0570313 0.2125 0.000100133
0 0.660547 0.641016 0.152344 0.175781 0.00010564
0 0.19375 0.544531 0.090625 0.109375 0.000115446
0 0.942187 0.484375 0.115625 0.225 0.000124781
0 0.0453125 0.113281 0.090625 0.223438 0.000125992
0 0.201562 0.490625 0.139062 0.178125 0.000127468
0 0.623047 0.600391 0.249219 0.413281 0.000128251
0 0.302344 0.693359 0.14375 0.171094 0.000129692
0 0.714844 0.614062 0.107813 0.101562 0.000129829
0 0.257422 0.362109 0.128906 0.136719 0.000133547
0 0.120703 0.562891 0.199219 0.578906 0.000148805
0 0.0660156 0.0261719 0.132031 0.0507812 0.000151618
0 0.0308594 0.735547 0.0617188 0.502344 0.000151619
0 0.639063 0.0328125 0.290625 0.065625 0.000153556
0 0.756641 0.605078 0.167969 0.196094 0.000155424
0 0.310156 0.319141 0.15 0.185156 0.000155816
0 0.696484 0.530859 0.192969 0.208594 0.000156668
0 0.339453 0.686719 0.161719 0.223438 0.000159091
0 0.677344 0.633594 0.09375 0.0875 0.000161528
0 0.591797 0.0203125 0.230469 0.0375 0.000166879
0 0.35625 0.141406 0.429688 0.273438 0.000169539
0 0.353906 0.0367187 0.317187 0.0734375 0.000170968
0 0.600781 0.0519531 0.33125 0.103906 0.000172053
0 0.463281 0.104687 0.354688 0.209375 0.000172789
0 0.146484 0.0335938 0.288281 0.0640625 0.000179998
0 0.653516 0.61875 0.105469 0.120312 0.000201922
0 0.583984 0.319141 0.335156 0.416406 0.000202039
0 0.323047 0.491016 0.200781 0.400781 0.000204124
0 0.253906 0.552734 0.176563 0.186719 0.000206051
0 0.229297 0.0378906 0.305469 0.0757812 0.000210945
0 0.140234 0.349609 0.280469 0.355469 0.000211121
0 0.454688 0.0535156 0.353125 0.107031 0.000220252
0 0.726172 0.403516 0.316406 0.441406 0.000221797
0 0.0257812 0.562109 0.0515625 0.436719 0.000243214
0 0.287891 0.742188 0.250781 0.24375 0.000253505
0 0.303125 0.614062 0.128125 0.23125 0.000254859
0 0.162891 0.497266 0.124219 0.250781 0.000269736
0 0.595312 0.3625 0.1625 0.18125 0.000307798
0 0.691797 0.636719 0.133594 0.129688 0.000308565
0 0.707031 0.664453 0.210938 0.175781 0.000315098
0 0.046875 0.560547 0.0921875 0.663281 0.000319722
0 0.265234 0.296094 0.285156 0.30625 0.000321613
0 0.55 0.0300781 0.259375 0.0601562 0.00032527
0 0.641406 0.40625 0.15 0.2125 0.000349005
0 0.192188 0.715625 0.160938 0.23125 0.00036113
0 0.108984 0.0652344 0.217969 0.127344 0.000386068
0 0.21875 0.526953 0.0828125 0.0929687 0.00038687
0 0.712891 0.466016 0.150781 0.266406 0.000394618
0 0.307813 0.0628906 0.307813 0.125781 0.00040098
0 0.0628906 0.707422 0.124219 0.585156 0.000406787
0 0.660937 0.484766 0.2 0.205469 0.000419402
0 0.267188 0.100391 0.357812 0.200781 0.000435539
0 0.163281 0.528125 0.09375 0.154687 0.00047015
0 0.168359 0.675781 0.163281 0.384375 0.000496259
0 0.691797 0.600781 0.174219 0.21875 0.000532086
0 0.273828 0.367578 0.194531 0.200781 0.00056027
0 0.258594 0.676172 0.182812 0.188281 0.000567131
0 0.0441406 0.232422 0.0882813 0.385156 0.00060243
0 0.250391 0.204688 0.421094 0.409375 0.000781679
0 0.0746094 0.305078 0.149219 0.403906 0.000958603
0 0.195703 0.0675781 0.355469 0.135156 0.000993474
0 0.317969 0.620313 0.195312 0.315625 0.0010051
0 0.182422 0.478906 0.207031 0.420312 0.00107181
0 0.220313 0.529688 0.126563 0.140625 0.00141948
0 0.19375 0.376563 0.339063 0.5125 0.00149089
0 0.188281 0.625781 0.285937 0.507812 0.00150047
0 0.181641 0.137109 0.350781 0.272656 0.00202607
0 0.240234 0.613281 0.196094 0.217187 0.00207848
0 0.182031 0.571875 0.126563 0.232812 0.00210341
0 0.0730469 0.156641 0.146094 0.297656 0.00253959
0 0.724219 0.51875 0.260938 0.41875 0.00284045
0 0.619141 0.367969 0.249219 0.273438 0.00308565
0 0.680078 0.428125 0.144531 0.223438 0.00335308
0 0.260547 0.668359 0.260156 0.303906 0.00401539
0 0.117969 0.217969 0.235938 0.429688 0.0118962
0 0.673828 0.4125 0.217969 0.296875 0.0193042
0 0.203906 0.610156 0.1875 0.346875 0.0285558
0 0.24375 0.538281 0.251563 0.503125 0.257758
0 0.65 0.465234 0.303125 0.452344 0.33368
