0 0.06875 0.787109 0.132812 0.413281 0.00010101
0 0.655078 0.392188 0.188281 0.223438 0.000103058
0 0.803125 0.947656 0.0984375 0.0984375 0.000103438
0 0.167969 0.613672 0.215625 0.613281 0.000103623
0 0.345703 0.616016 0.110156 0.171094 0.000104661
0 0.664453 0.360547 0.130469 0.161719 0.000107959
0 0.714063 0.382812 0.0421875 0.05625 0.000109522
0 0.830859 0.773438 0.191406 0.39375 0.000109814
0 0.262891 0.384766 0.0367187 0.0429688 0.000111255
0 0.459766 0.053125 0.308594 0.104687 0.000111879
0 0.717188 0.402344 0.04375 0.0609375 0.000112478
0 0.739062 0.478906 0.0671875 0.0953125 0.000115572
0 0.680469 0.403516 0.05 0.0648438 0.000118604
0 0.695703 0.382422 0.0570313 0.0820312 0.000120089
0 0.724609 0.929688 0.205469 0.132812 0.00012198
0 0.682031 0.659375 0.165625 0.173438 0.000124531
0 0.122656 0.776172 0.207813 0.441406 0.000126623
0 0.587109 0.773047 0.288281 0.453906 0.000126845
0 0.679688 0.402734 0.06875 0.0960938 0.000129393
0 0.69375 0.963672 0.123438 0.0726563 0.00013045
0 0.221094 0.928125 0.151562 0.114063 0.000131254
0 0.724219 0.473437 0.0984375 0.16875 0.000137208
0 0.364844 0.765234 0.145313 0.314844 0.000141304
0 0.310156 0.938281 0.209375 0.123438 0.000147158
0 0.784766 0.572266 0.205469 0.635156 0.000148818
0 0.277734 0.801562 0.150781 0.221875 0.000148934
0 0.882812 0.0605469 0.234375 0.121094 0.000150022
0 0.771094 0.639453 0.10625 0.211719 0.000150093
0 0.683984 0.360156 0.0804688 0.125 0.000152118
0 0.714063 0.823047 0.146875 0.224219 0.000160708
0 0.727734 0.544922 0.0867188 0.138281 0.00016542
0 0.719531 0.880859 0.129688 0.138281 0.000166479
0 0.75625 0.78125 0.151562 0.220313 0.000170459
0 0.694922 0.363281 0.0429688 0.059375 0.000172543
0 0.664453 0.927734 0.188281 0.144531 0.000173852
0 0.166016 0.894922 0.217969 0.205469 0.00018075
0 0.809766 0.867969 0.144531 0.25625 0.00018382
0 0.75 0.551953 0.0984375 0.199219 0.000184723
0 0.761719 0.6625 0.0875 0.1125 0.000185951
0 0.319141 0.779297 0.132031 0.253906 0.000191238
0 0.207031 0.568359 0.109375 0.285156 0.000191304
0 0.217187 0.523828 0.08125 0.122656 0.000195271
0 0.335547 0.854688 0.161719 0.190625 0.000210497
0 0.698828 0.501172 0.353906 0.597656 0.000211409
0 0.625391 0.738672 0.158594 0.274219 0.000226144
0 0.452734 0.702344 0.485156 0.595312 0.000231642
0 0.657031 0.951953 0.114063 0.0898438 0.000240974
0 0.790234 0.717969 0.117969 0.176563 0.000242654
0 0.237109 0.822656 0.150781 0.223438 0.000268794
0 0.182812 0.823047 0.173438 0.216406 0.000275768
0 0.237891 0.757422 0.0914062 0.102344 0.000284686
0 0.650781 0.453906 0.239063 0.359375 0.000302821
0 0.346875 0.617578 0.145313 0.283594 0.000314833
0 0.801172 0.904297 0.0945313 0.164844 0.000355325
0 0.277734 0.703516 0.186719 0.219531 0.000432593
0 0.256641 0.889063 0.252344 0.15625 0.000443665
0 0.233984 0.569922 0.175781 0.444531 0.000467276
0 0.304688 0.777344 0.298438 0.375 0.000474805
0 0.197266 0.959766 0.242969 0.0804688 0.000477903
0 0.327344 0.676953 0.120312 0.242969 0.000483554
0 0.298438 0.617188 0.203125 0.357812 0.000498237
0 0.671094 0.654688 0.232812 0.360938 0.000508766
0 0.729297 0.50625 0.146094 0.251563 0.000526496
0 0.780859 0.611328 0.157031 0.396094 0.000546654
0 0.768359 0.891406 0.180469 0.189063 0.000554363
0 0.701563 0.761328 0.19375 0.217969 0.000682832
0 0.184766 0.723047 0.122656 0.233594 0.000694015
0 0.199219 0.761719 0.0921875 0.110937 0.000702675
0 0.691797 0.875391 0.182031 0.199219 0.00103886
0 0.291016 0.845312 0.230469 0.25625 0.00106979
0 0.204688 0.658984 0.16875 0.380469 0.0013836
0 0.741016 0.616406 0.136719 0.276563 0.00190019
0 0.7625 0.713672 0.0859375 0.110156 0.0022326
0 0.740234 0.513281 0.0851562 0.117188 0.00248871
0 0.782812 0.728516 0.15 0.288281 0.0027108
0 0.230859 0.928516 0.278906 0.138281 0.00438717
0 0.751172 0.829687 0.219531 0.317187 0.00457304
0 0.319141 0.713672 0.174219 0.341406 0.0066801
0 0.663672 0.808594 0.197656 0.292188 0.00844178
0 0.266406 0.614062 0.26875 0.604688 0.0114314
0 0.256641 0.757812 0.219531 0.16875 0.0117298
0 0.720312 0.598437 0.190625 0.396875 0.0123622
0 0.704297 0.655859 0.286719 0.608594 0.0148759
0 0.758203 0.697266 0.117969 0.164844 0.016253
0 0.205859 0.768359 0.183594 0.216406 0.0286981
0 0.226562 0.828906 0.267188 0.317187 0.0289389
0 0.732422 0.694922 0.174219 0.224219 0.0429105
0 0.716797 0.739844 0.219531 0.379687 0.130969
0 0.244531 0.723828 0.254687 0.346094 0.15123
