0 0.239063 0.260938 0.115625 0.107813 0.00010002
0 0.177734 0.303125 0.0742188 0.0921875 0.00010123
0 0.221094 0.361719 0.084375 0.104687 0.000103198
0 0.175 0.382422 0.0796875 0.0992187 0.00010457
0 0.320703 0.778516 0.182031 0.180469 0.000105419
0 0.174219 0.531641 0.0859375 0.105469 0.000106366
0 0.474219 0.225 0.295312 0.371875 0.00010978
0 0.0511719 0.0300781 0.102344 0.0585938 0.000116803
0 0.135937 0.425781 0.08125 0.10625 0.000117353
0 0.200391 0.341016 0.0773437 0.102344 0.000117508
0 0.869141 0.065625 0.258594 0.13125 0.000121291
0 0.464453 0.0707031 0.225781 0.136719 0.000124351
0 0.120312 0.65 0.140625 0.14375 0.00012725
0 0.159375 0.326172 0.0703125 0.0898438 0.000134564
0 0.863672 0.1375 0.272656 0.275 0.000137133
0 0.748828 0.713672 0.135156 0.157031 0.000141957
0 0.324219 0.298438 0.210938 0.301562 0.000142881
0 0.638281 0.716797 0.0859375 0.0992187 0.000147178
0 0.612891 0.744531 0.177344 0.160938 0.000148107
0 0.264062 0.725391 0.259375 0.261719 0.000150761
0 0.631641 0.384766 0.0710938 0.0960938 0.000154898
0 0.701172 0.442187 0.185156 0.409375 0.000158791
0 0.288672 0.0550781 0.149219 0.108594 0.000169332
0 0.614453 0.366797 0.0679687 0.0914062 0.000170171
0 0.152734 0.595703 0.0929687 0.0945313 0.000175946
0 0.135547 0.491016 0.0867188 0.0992187 0.000176412
0 0.669531 0.449219 0.0703125 0.101562 0.000178975
0 0.155078 0.553906 0.0929687 0.10625 0.000187427
0 0.264453 0.592969 0.150781 0.16875 0.000188114
0 0.588672 0.301953 0.138281 0.155469 0.000191136
0 0.501562 0.434375 0.134375 0.2 0.000194129
0 0.342969 0.820312 0.1125 0.142188 0.000201107
0 0.519141 0.377344 0.302344 0.415625 0.00020438
0 0.153906 0.405078 0.0765625 0.0992187 0.000205501
0 0.639844 0.726172 0.332812 0.275781 0.000206439
0 0.103516 0.628125 0.0976562 0.110937 0.000208843
0 0.283984 0.233984 0.185156 0.299219 0.000210297
0 0.573047 0.512109 0.138281 0.155469 0.00023335
0 0.691406 0.549219 0.075 0.1 0.000234475
0 0.43125 0.0335938 0.246875 0.0671875 0.000236541
0 0.317969 0.0878906 0.209375 0.175781 0.000241123
0 0.2625 0.325 0.090625 0.107813 0.000244273
0 0.255078 0.326172 0.311719 0.388281 0.000246444
0 0.7375 0.685938 0.31875 0.348437 0.000252951
0 0.531641 0.46875 0.132031 0.171875 0.000255595
0 0.636719 0.426562 0.078125 0.10625 0.000258108
0 0.574219 0.385547 0.135937 0.224219 0.000258503
0 0.0882813 0.445312 0.148438 0.3875 0.000266731
0 0.659375 0.551562 0.0875 0.096875 0.000267657
0 0.176563 0.323438 0.10625 0.125 0.000282721
0 0.677344 0.573047 0.0859375 0.0945313 0.00028359
0 0.315625 0.0339844 0.170312 0.0679687 0.000307517
0 0.283594 0.483203 0.159375 0.336719 0.000317448
0 0.728516 0.551562 0.294531 0.48125 0.000327455
0 0.138672 0.381641 0.0585938 0.0976562 0.000348086
0 0.198828 0.295703 0.149219 0.147656 0.000358074
0 0.153906 0.510938 0.0875 0.1 0.000361778
0 0.528516 0.317187 0.0773437 0.09375 0.000364511
0 0.658203 0.471875 0.0773437 0.109375 0.000368983
0 0.592969 0.572266 0.145313 0.183594 0.000390348
0 0.195703 0.571875 0.150781 0.160938 0.000391767
0 0.116797 0.554688 0.0835937 0.114063 0.000398813
0 0.717969 0.597266 0.129688 0.196094 0.000415376
0 0.132031 0.532031 0.090625 0.110937 0.000417603
0 0.219922 0.447656 0.138281 0.254687 0.000424805
0 0.242188 0.533594 0.14375 0.179688 0.000426858
0 0.2 0.362891 0.13125 0.153906 0.000433825
0 0.244531 0.384375 0.14375 0.2375 0.000477127
0 0.537109 0.263672 0.155469 0.189844 0.000488966
0 0.596094 0.428906 0.195312 0.203125 0.000504274
0 0.117969 0.594922 0.0890625 0.0992187 0.000513578
0 0.612891 0.366797 0.110156 0.150781 0.000523482
0 0.516406 0.31875 0.103125 0.14375 0.000547822
0 0.152734 0.363281 0.0710938 0.0953125 0.000585024
0 0.302344 0.609766 0.145313 0.160156 0.00062561
0 0.266797 0.294141 0.147656 0.196094 0.000633627
0 0.300781 0.544531 0.132812 0.18125 0.000635874
0 0.614453 0.636719 0.150781 0.221875 0.000657039
0 0.521875 0.530078 0.14375 0.180469 0.000658089
0 0.542578 0.597656 0.185156 0.210938 0.000658385
0 0.628906 0.371484 0.1625 0.250781 0.000707107
0 0.675781 0.532031 0.0859375 0.107813 0.000727614
0 0.566406 0.280469 0.090625 0.096875 0.000733873
0 0.716406 0.712109 0.210938 0.207031 0.000744444
0 0.139062 0.408594 0.104687 0.20625 0.000775276
0 0.657422 0.511328 0.0867188 0.108594 0.000835212
0 0.194141 0.671484 0.285156 0.227344 0.000847248
0 0.653516 0.715234 0.178906 0.166406 0.000855426
0 0.428125 0.140234 0.284375 0.271094 0.000862032
0 0.678125 0.635156 0.148438 0.229687 0.000902005
0 0.287109 0.351172 0.138281 0.230469 0.000908226
0 0.366406 0.0582031 0.265625 0.116406 0.000943631
0 0.671094 0.453125 0.104687 0.19375 0.000973097
0 0.193359 0.513672 0.139844 0.185156 0.000983876
0 0.160938 0.358594 0.14375 0.220313 0.0010284
0 0.104297 0.532422 0.0960938 0.216406 0.00111591
0 0.156641 0.364453 0.105469 0.146094 0.00121328
0 0.539844 0.476562 0.185937 0.246875 0.00127309
0 0.171875 0.449219 0.148438 0.276563 0.00130031
0 0.257031 0.633984 0.240625 0.197656 0.00147516
0 0.717969 0.658594 0.157813 0.198437 0.00149629
0 0.658203 0.573047 0.160156 0.169531 0.0016065
0 0.522266 0.376172 0.167969 0.277344 0.00169411
0 0.693359 0.552344 0.114844 0.228125 0.00174226
0 0.537891 0.285937 0.113281 0.125 0.00178765
0 0.638281 0.451953 0.126563 0.230469 0.00270438
0 0.616406 0.530469 0.226562 0.18125 0.00359746
0 0.123828 0.596094 0.130469 0.15 0.00405496
0 0.707031 0.572266 0.171875 0.363281 0.00421581
0 0.155859 0.627344 0.192969 0.153125 0.0042163
0 0.602344 0.685156 0.225 0.221875 0.00425646
0 0.55 0.325391 0.16875 0.217969 0.00444876
0 0.659375 0.511328 0.121875 0.185156 0.00488013
0 0.226562 0.328906 0.176563 0.184375 0.00509036
0 0.140234 0.552734 0.146094 0.177344 0.00515785
0 0.584766 0.605078 0.261719 0.291406 0.00516215
0 0.255859 0.405078 0.186719 0.400781 0.00620741
0 0.253516 0.562109 0.225781 0.221094 0.00700718
0 0.128125 0.481641 0.135937 0.305469 0.0108702
0 0.639844 0.484766 0.192188 0.361719 0.0220085
0 0.672656 0.644922 0.246875 0.291406 0.0235067
0 0.195703 0.594922 0.266406 0.202344 0.0248329
0 0.599609 0.412891 0.242969 0.371094 0.0333217
0 0.167187 0.534375 0.203125 0.257812 0.0683607
0 0.627344 0.547266 0.285937 0.452344 0.125164
0 0.195703 0.448047 0.247656 0.392969 0.182221
