0 0.24375 0.240625 0.11875 0.196875 0.00010094
0 0.262109 0.510547 0.0851562 0.105469 0.000103783
0 0.701953 0.669922 0.144531 0.150781 0.000104025
0 0.749219 0.341016 0.129688 0.264844 0.000109157
0 0.957812 0.802734 0.084375 0.394531 0.000112428
0 0.152344 0.310547 0.251563 0.580469 0.000113281
0 0.101172 0.0609375 0.202344 0.121875 0.000114003
0 0.696875 0.200391 0.121875 0.182031 0.000116894
0 0.380859 0.471094 0.107031 0.14375 0.000118317
0 0.242188 0.731641 0.253125 0.352344 0.000123635
0 0.260156 0.332812 0.0890625 0.096875 0.000126651
0 0.292578 0.317969 0.0804688 0.1 0.000130119
0 0.823828 0.565625 0.163281 0.414062 0.000131721
0 0.706641 0.134375 0.0570313 0.08125 0.000132731
0 0.239453 0.492578 0.0914062 0.102344 0.000132915
0 0.778906 0.407813 0.107813 0.215625 0.000133301
0 0.623828 0.533203 0.136719 0.250781 0.000134321
0 0.641797 0.340234 0.0929687 0.158594 0.000135403
0 0.590234 0.953516 0.230469 0.0929687 0.000137038
0 0.601562 0.616016 0.146875 0.177344 0.000139494
0 0.678516 0.533203 0.139844 0.239844 0.00014608
0 0.780078 0.745703 0.125781 0.147656 0.000151441
0 0.285937 0.534375 0.0859375 0.107813 0.000153902
0 0.683594 0.0730469 0.078125 0.0679687 0.000157524
0 0.746484 0.428125 0.127344 0.267188 0.000165432
0 0.328906 0.868359 0.339063 0.252344 0.000169441
0 0.694922 0.0957031 0.0554687 0.0757812 0.00017143
0 0.605859 0.725 0.149219 0.134375 0.000190088
0 0.349609 0.702344 0.353906 0.539062 0.000209285
0 0.375391 0.533984 0.133594 0.200781 0.00021684
0 0.218359 0.510547 0.0914062 0.107031 0.000217033
0 0.377734 0.446094 0.127344 0.25 0.000218656
0 0.282031 0.327734 0.3125 0.550781 0.000224708
0 0.180078 0.511719 0.0851562 0.104687 0.000232361
0 0.779297 0.513672 0.0882813 0.114844 0.000242176
0 0.811719 0.540234 0.279687 0.538281 0.000271899
0 0.743359 0.653906 0.136719 0.154687 0.000279752
0 0.160938 0.592969 0.16875 0.26875 0.000280804
0 0.296875 0.342578 0.140625 0.189844 0.000283182
0 0.979297 0.762891 0.0414063 0.474219 0.000289549
0 0.225391 0.323438 0.111719 0.140625 0.000294385
0 0.237109 0.450781 0.141406 0.240625 0.000295766
0 0.726953 0.490625 0.144531 0.204688 0.000302619
0 0.188672 0.548828 0.282031 0.386719 0.000312607
0 0.660937 0.250391 0.103125 0.146094 0.0003249
0 0.340625 0.398438 0.201562 0.44375 0.000326213
0 0.767187 0.690234 0.128125 0.132031 0.000338326
0 0.323828 0.307422 0.147656 0.163281 0.000351989
0 0.823047 0.647656 0.117969 0.257812 0.000366992
0 0.760156 0.53125 0.0890625 0.10625 0.000398993
0 0.724219 0.246484 0.170312 0.141406 0.00044702
0 0.363672 0.596484 0.114844 0.150781 0.000478302
0 0.171875 0.485938 0.154687 0.310937 0.00051323
0 0.613672 0.675391 0.178906 0.214844 0.000517857
0 0.273047 0.272266 0.125781 0.175781 0.000519621
0 0.735937 0.709766 0.245312 0.213281 0.000525215
0 0.792188 0.467578 0.120312 0.235156 0.000554825
0 0.263672 0.547266 0.147656 0.164844 0.000559458
0 0.655859 0.595312 0.141406 0.201562 0.000563232
0 0.282422 0.812109 0.205469 0.344531 0.000572332
0 0.795313 0.596094 0.120312 0.221875 0.000585615
0 0.342578 0.571094 0.0882813 0.107813 0.000692619
0 0.323047 0.606641 0.166406 0.175781 0.000718136
0 0.314844 0.492578 0.279687 0.341406 0.000724392
0 0.785547 0.314844 0.116406 0.2125 0.000725715
0 0.666406 0.357812 0.132812 0.285937 0.000728293
0 0.719531 0.613672 0.145313 0.208594 0.000800689
0 0.773438 0.266016 0.0875 0.102344 0.000803408
0 0.655469 0.301172 0.104687 0.188281 0.000819815
0 0.283594 0.49375 0.1375 0.170312 0.000847951
0 0.18125 0.526953 0.123438 0.174219 0.000870939
0 0.209375 0.403125 0.157813 0.345313 0.000972422
0 0.800781 0.677344 0.0828125 0.109375 0.000972948
0 0.744531 0.551172 0.139062 0.186719 0.00106052
0 0.273047 0.626562 0.266406 0.267188 0.00109771
0 0.324219 0.553125 0.0875 0.104687 0.00114177
0 0.802734 0.705078 0.111719 0.157031 0.00166397
0 0.689453 0.273828 0.132031 0.160156 0.00183546
0 0.236328 0.344531 0.153906 0.221875 0.00186466
0 0.221484 0.511328 0.142969 0.163281 0.00311995
0 0.203516 0.554297 0.207031 0.233594 0.00350121
0 0.307813 0.53125 0.1375 0.16875 0.0037042
0 0.764063 0.508594 0.125 0.196875 0.00413015
0 0.657422 0.640234 0.205469 0.217969 0.0041672
0 0.674219 0.571875 0.2125 0.282813 0.00469125
0 0.260156 0.312109 0.134375 0.127344 0.00516318
0 0.704687 0.475391 0.223438 0.471094 0.00562556
0 0.338672 0.507031 0.182031 0.234375 0.00650009
0 0.751953 0.273047 0.144531 0.125781 0.00826212
0 0.267188 0.405078 0.210938 0.372656 0.00877033
0 0.785156 0.665234 0.15625 0.208594 0.00904723
0 0.337891 0.558203 0.139844 0.178906 0.0165075
0 0.234766 0.494531 0.221094 0.25 0.0193129
0 0.773438 0.40625 0.132812 0.370313 0.0195627
0 0.726953 0.612109 0.246094 0.271094 0.0292106
0 0.772656 0.541406 0.157813 0.364062 0.0412214
0 0.281641 0.540625 0.247656 0.2125 0.0818118
