0 0.0421875 0.433594 0.0828125 0.715625 0.000101173
0 0.198437 0.674219 0.139062 0.1875 0.000103866
0 0.862109 0.0296875 0.199219 0.059375 0.000107336
0 0.219531 0.408984 0.139062 0.194531 0.000108679
0 0.0257812 0.394141 0.046875 0.427344 0.000116287
0 0.815234 0.707812 0.289844 0.5 0.000116996
0 0.733594 0.401172 0.240625 0.496094 0.000124591
0 0.641797 0.533203 0.199219 0.200781 0.000128571
0 0.617578 0.616406 0.142969 0.235938 0.000129125
0 0.177344 0.682813 0.30625 0.428125 0.000129902
0 0.303906 0.654688 0.08125 0.110937 0.000131834
0 0.233203 0.322266 0.142969 0.213281 0.000134513
0 0.671484 0.310547 0.169531 0.235156 0.00013799
0 0.285937 0.26875 0.167187 0.192188 0.000138588
0 0.0636719 0.157031 0.127344 0.314063 0.000138716
0 0.765234 0.0574219 0.396094 0.113281 0.000141973
0 0.801562 0.851172 0.223438 0.296094 0.000142674
0 0.71875 0.472656 0.11875 0.24375 0.000143246
0 0.161719 0.637109 0.117188 0.208594 0.000144431
0 0.619531 0.241406 0.0796875 0.084375 0.000152815
0 0.582812 0.351172 0.165625 0.322656 0.000158697
0 0.719141 0.0210938 0.264844 0.0421875 0.000159302
0 0.304688 0.555469 0.126563 0.257812 0.000168598
0 0.188281 0.390625 0.1375 0.30625 0.000169607
0 0.330078 0.396094 0.155469 0.284375 0.000172539
0 0.7125 0.404297 0.165625 0.355469 0.000174943
0 0.680469 0.49375 0.146875 0.248437 0.000176627
0 0.302734 0.614062 0.0757812 0.104687 0.000184554
0 0.682422 0.655859 0.150781 0.213281 0.000191182
0 0.758984 0.738281 0.163281 0.198437 0.000191899
0 0.242969 0.652734 0.145313 0.180469 0.000197312
0 0.754687 0.598047 0.121875 0.208594 0.000213522
0 0.591016 0.236719 0.158594 0.20625 0.00022762
0 0.319922 0.623438 0.288281 0.375 0.000234923
0 0.645703 0.237891 0.102344 0.105469 0.000239069
0 0.0320312 0.271094 0.059375 0.445312 0.000240438
0 0.0546875 0.269922 0.10625 0.510156 0.000244395
0 0.317969 0.695703 0.125 0.177344 0.000273991
0 0.276953 0.428125 0.163281 0.153125 0.000276523
0 0.236719 0.530078 0.14375 0.274219 0.000302064
0 0.775 0.679297 0.13125 0.247656 0.000322793
0 0.332031 0.402734 0.19375 0.471094 0.000338352
0 0.729297 0.0363281 0.302344 0.0726563 0.00038089
0 0.273438 0.710156 0.190625 0.201562 0.000421726
0 0.788672 0.6125 0.191406 0.36875 0.000438984
0 0.200391 0.491406 0.125781 0.245312 0.000457584
0 0.736328 0.534766 0.125781 0.264844 0.000483398
0 0.239453 0.468359 0.180469 0.180469 0.000489011
0 0.339453 0.269531 0.161719 0.234375 0.000539881
0 0.626953 0.485547 0.227344 0.386719 0.00059811
0 0.794922 0.727344 0.200781 0.35625 0.000632433
0 0.191406 0.594922 0.121875 0.242969 0.000636964
0 0.6125 0.24375 0.126563 0.128125 0.000764775
0 0.733594 0.807422 0.253125 0.344531 0.000765133
0 0.639844 0.360156 0.21875 0.36875 0.00078289
0 0.7 0.717188 0.254687 0.210938 0.000789811
0 0.698438 0.555859 0.142188 0.255469 0.0009982
0 0.736719 0.678125 0.151562 0.204688 0.00118985
0 0.2875 0.615625 0.128125 0.228125 0.00119624
0 0.294922 0.307422 0.216406 0.303906 0.00124501
0 0.200781 0.669531 0.223438 0.25625 0.00137468
0 0.265625 0.408203 0.228125 0.347656 0.0014168
0 0.611328 0.626953 0.239844 0.300781 0.00159232
0 0.613281 0.288672 0.159375 0.230469 0.00190658
0 0.719141 0.618359 0.139844 0.253906 0.00399254
0 0.173828 0.564844 0.138281 0.378125 0.00415299
0 0.207422 0.490625 0.167969 0.403125 0.00475579
0 0.314844 0.542578 0.185937 0.422656 0.00478932
0 0.665625 0.755859 0.353125 0.388281 0.00543672
0 0.321094 0.628906 0.146875 0.289062 0.00554345
0 0.265234 0.642578 0.216406 0.257031 0.00905452
0 0.715234 0.532812 0.191406 0.426562 0.0112257
0 0.737891 0.689062 0.230469 0.353125 0.0190603
0 0.23125 0.586719 0.253125 0.398438 0.0401766
0 0.667578 0.475781 0.264844 0.584375 0.0558253
0 0.689062 0.629297 0.254687 0.366406 0.156881
0 0.261719 0.466406 0.271875 0.598437 0.23729
