0 0.0933594 0.547266 0.155469 0.194531 0.000112566
0 0.779297 0.849609 0.122656 0.161719 0.000121506
0 0.162109 0.276172 0.182031 0.211719 0.000128575
0 0.153125 0.448047 0.170312 0.186719 0.000134174
0 0.0933594 0.719531 0.174219 0.176563 0.000141281
0 0.655469 0.398047 0.195312 0.267969 0.00014143
0 0.535937 0.439844 0.190625 0.232812 0.000146008
0 0.503906 0.373828 0.125 0.191406 0.000148138
0 0.6875 0.766406 0.31875 0.36875 0.000151392
0 0.925391 0.0535156 0.146094 0.107031 0.000154761
0 0.516016 0.547656 0.299219 0.559375 0.00015932
0 0.0945313 0.448438 0.153125 0.198437 0.000177785
0 0.703906 0.573828 0.210938 0.416406 0.000183281
0 0.196094 0.242969 0.146875 0.159375 0.000185818
0 0.0558594 0.695703 0.111719 0.213281 0.000200789
0 0.908984 0.0175781 0.161719 0.0351562 0.000203997
0 0.21875 0.321484 0.159375 0.192969 0.000216976
0 0.252734 0.392969 0.207031 0.332812 0.000241714
0 0.255469 0.251563 0.173438 0.215625 0.000241935
0 0.0585938 0.529688 0.109375 0.270312 0.000258775
0 0.208203 0.516797 0.244531 0.392969 0.000335175
0 0.905469 0.0316406 0.173438 0.0632813 0.000369838
0 0.136719 0.686328 0.2625 0.267969 0.000439115
0 0.0511719 0.444141 0.102344 0.566406 0.00055091
0 0.108594 0.411719 0.189063 0.323438 0.000621498
0 0.601562 0.444531 0.2375 0.328125 0.000886956
0 0.183594 0.407422 0.246875 0.360156 0.00105086
0 0.0710938 0.635156 0.142188 0.353125 0.00162083
0 0.216016 0.31875 0.213281 0.296875 0.00172458
0 0.722266 0.625 0.277344 0.645312 0.00223041
0 0.207422 0.444531 0.317969 0.639063 0.00303425
0 0.635156 0.53125 0.265625 0.398438 0.00500109
0 0.0832031 0.529297 0.160156 0.414844 0.0227628
0 0.135156 0.514844 0.270312 0.592188 0.423091
0 0.627734 0.573438 0.358594 0.679688 0.446529
