0 0.763281 0.804297 0.128125 0.203906 0.000104609
0 0.0320312 0.191016 0.0640625 0.382031 0.000105841
0 0.05 0.264453 0.096875 0.513281 0.000105947
0 0.0289063 0.812109 0.0578125 0.308594 0.000107843
0 0.947266 0.777344 0.100781 0.440625 0.000110728
0 0.365625 0.238281 0.223438 0.367188 0.000112268
0 0.250391 0.306641 0.0976562 0.160156 0.000116496
0 0.984766 0.841797 0.0304688 0.239844 0.000119238
0 0.441406 0.541016 0.395312 0.846094 0.000120309
0 0.978516 0.654297 0.0429688 0.399219 0.000127051
0 0.254687 0.475391 0.16875 0.217969 0.000129533
0 0.421484 0.472656 0.224219 0.5125 0.000139154
0 0.185937 0.383594 0.190625 0.55625 0.000139477
0 0.307813 0.244141 0.201562 0.271094 0.000140458
0 0.781641 0.634375 0.147656 0.282813 0.000141228
0 0.0589844 0.15 0.117969 0.3 0.000143767
0 0.683984 0.860937 0.169531 0.21875 0.000150433
0 0.177734 0.519531 0.138281 0.295312 0.000154175
0 0.266016 0.295703 0.0585938 0.0835937 0.00015992
0 0.977734 0.887891 0.0445312 0.222656 0.000177416
0 0.730859 0.903516 0.171094 0.172656 0.000179312
0 0.346484 0.809766 0.180469 0.225781 0.000197668
0 0.336719 0.710938 0.221875 0.379687 0.000206373
0 0.203906 0.471875 0.117188 0.2125 0.00024162
0 0.219141 0.866016 0.225781 0.252344 0.000243088
0 0.813672 0.551562 0.150781 0.2125 0.000244299
0 0.232812 0.678125 0.204688 0.360938 0.000266964
0 0.713672 0.603516 0.267969 0.446094 0.000287216
0 0.824609 0.491016 0.166406 0.378906 0.000294055
0 0.848828 0.779688 0.225781 0.428125 0.000303245
0 0.3375 0.599609 0.276563 0.555469 0.000321002
0 0.238672 0.367578 0.188281 0.388281 0.000323877
0 0.275 0.572266 0.185937 0.210156 0.000327689
0 0.258594 0.308203 0.145313 0.242969 0.000375016
0 0.272266 0.296484 0.0804688 0.124219 0.00043974
0 0.743359 0.786328 0.232031 0.377344 0.000503739
0 0.750781 0.55 0.18125 0.221875 0.000511769
0 0.974609 0.770703 0.0507812 0.408594 0.000529023
0 0.383594 0.431641 0.196875 0.307031 0.000533674
0 0.783984 0.498437 0.149219 0.203125 0.000555552
0 0.222656 0.591797 0.154687 0.213281 0.00055683
0 0.287109 0.798437 0.233594 0.273438 0.000585196
0 0.776563 0.860937 0.2 0.26875 0.000721782
0 0.196484 0.609375 0.172656 0.396875 0.000787476
0 0.363672 0.338281 0.202344 0.284375 0.00105954
0 0.235938 0.534766 0.159375 0.208594 0.00118908
0 0.392188 0.376563 0.15 0.182812 0.00125372
0 0.344141 0.394141 0.278906 0.480469 0.00174614
0 0.746484 0.489844 0.233594 0.41875 0.001913
0 0.212109 0.450781 0.146094 0.34375 0.00193726
0 0.244922 0.59375 0.288281 0.478125 0.00232346
0 0.784375 0.677344 0.221875 0.529688 0.0130371
0 0.230078 0.533594 0.188281 0.35625 0.037857
0 0.280859 0.455859 0.266406 0.467969 0.054855
0 0.784766 0.557813 0.196094 0.323438 0.0720694
