0 0.380469 0.595703 0.0859375 0.105469 0.000100383
0 0.309375 0.664453 0.265625 0.257031 0.000101012
0 0.340234 0.490625 0.136719 0.210938 0.000106408
0 0.663281 0.510938 0.121875 0.214062 0.000107131
0 0.297656 0.574609 0.0875 0.110156 0.00010863
0 0.403516 0.237109 0.0867188 0.103906 0.000116269
0 0.0609375 0.718359 0.121875 0.539844 0.000117356
0 0.386719 0.469922 0.128125 0.269531 0.000117392
0 0.757031 0.317578 0.05625 0.100781 0.000118286
0 0.754297 0.449219 0.0554687 0.0875 0.000118733
0 0.388281 0.386719 0.078125 0.0828125 0.000127611
0 0.737891 0.471484 0.0742188 0.0929687 0.000133479
0 0.720312 0.635547 0.0890625 0.107031 0.00013683
0 0.691016 0.195312 0.0898438 0.0796875 0.000137068
0 0.416406 0.547266 0.34375 0.488281 0.000141783
0 0.795703 0.636719 0.0867188 0.1125 0.000145209
0 0.796875 0.595703 0.0796875 0.113281 0.000156845
0 0.419531 0.305469 0.134375 0.242188 0.000159118
0 0.302734 0.319531 0.0695312 0.10625 0.000161837
0 0.696094 0.216797 0.0625 0.0789063 0.000163521
0 0.251563 0.469141 0.28125 0.486719 0.000167092
0 0.740234 0.342187 0.0945313 0.21875 0.000175711
0 0.343359 0.595312 0.0851562 0.101562 0.000180819
0 0.758984 0.509375 0.0820312 0.107813 0.000182822
0 0.217187 0.564453 0.157813 0.332031 0.00018458
0 0.724609 0.314063 0.0601562 0.0859375 0.0001869
0 0.309375 0.242578 0.0625 0.0929687 0.000189379
0 0.707031 0.299219 0.0875 0.115625 0.000191964
0 0.533984 0.587109 0.474219 0.825781 0.000199839
0 0.779297 0.573828 0.0804688 0.113281 0.000200671
0 0.372656 0.29375 0.292188 0.35625 0.000206064
0 0.812109 0.613672 0.277344 0.342969 0.000207155
0 0.738672 0.526172 0.0820312 0.103906 0.000210123
0 0.261328 0.55625 0.0773437 0.1125 0.000211158
0 0.743359 0.61875 0.0882813 0.109375 0.000216633
0 0.419922 0.238281 0.139844 0.176563 0.000221944
0 0.755078 0.450781 0.0757812 0.1625 0.000226635
0 0.763281 0.550391 0.078125 0.105469 0.000229335
0 0.404687 0.401953 0.0984375 0.141406 0.000231483
0 0.698047 0.527344 0.0835937 0.0953125 0.000239027
0 0.751953 0.283984 0.0585938 0.102344 0.00023965
0 0.269531 0.406641 0.104687 0.271094 0.000244039
0 0.286328 0.362891 0.0898438 0.203906 0.00025527
0 0.704687 0.237891 0.0734375 0.0992187 0.00025537
0 0.425781 0.475781 0.192188 0.432813 0.000275197
0 0.7625 0.596094 0.078125 0.110937 0.000300067
0 0.340234 0.539453 0.182031 0.216406 0.00031012
0 0.732813 0.3625 0.1375 0.323438 0.000317216
0 0.663672 0.196875 0.110156 0.0984375 0.000331843
0 0.380859 0.610937 0.160156 0.151562 0.000335653
0 0.238281 0.640234 0.120312 0.210156 0.000347583
0 0.257812 0.609766 0.292188 0.332031 0.000372262
0 0.740625 0.317187 0.0796875 0.129688 0.000385055
0 0.344922 0.309375 0.166406 0.254687 0.000402823
0 0.685938 0.390234 0.209375 0.444531 0.000414077
0 0.295703 0.492578 0.130469 0.282031 0.000414926
0 0.381641 0.197266 0.0851562 0.0835937 0.000471293
0 0.323828 0.241797 0.102344 0.147656 0.000519456
0 0.683984 0.233594 0.133594 0.154687 0.000520281
0 0.777344 0.616406 0.08125 0.107813 0.000541848
0 0.720312 0.244922 0.046875 0.0726563 0.000553569
0 0.261719 0.593359 0.0828125 0.114844 0.00057862
0 0.725781 0.292578 0.123438 0.171094 0.000583354
0 0.305469 0.280469 0.071875 0.134375 0.000727209
0 0.385156 0.395703 0.165625 0.357031 0.0007342
0 0.798047 0.663281 0.158594 0.173438 0.000791897
0 0.730469 0.644141 0.303125 0.274219 0.000818789
0 0.719531 0.507031 0.084375 0.0953125 0.000876675
0 0.394531 0.550781 0.148438 0.234375 0.00092619
0 0.266797 0.532812 0.102344 0.215625 0.00102591
0 0.671875 0.567969 0.164062 0.265625 0.00106906
0 0.732813 0.279297 0.0765625 0.117969 0.00109821
0 0.305078 0.311719 0.0976562 0.20625 0.00114475
0 0.342187 0.593359 0.135937 0.142969 0.00118991
0 0.701563 0.530469 0.125 0.184375 0.00125536
0 0.777734 0.533984 0.103906 0.203906 0.0013377
0 0.391797 0.205078 0.142969 0.128906 0.0016344
0 0.304688 0.362891 0.126563 0.346094 0.00195672
0 0.705859 0.491406 0.185156 0.323438 0.00243471
0 0.375 0.252734 0.175 0.205469 0.00263744
0 0.739062 0.512109 0.125 0.191406 0.00288979
0 0.759375 0.649609 0.115625 0.116406 0.00317001
0 0.324219 0.551953 0.282813 0.330469 0.00435565
0 0.759375 0.494531 0.142188 0.342187 0.00450333
0 0.708203 0.635547 0.186719 0.194531 0.00629091
0 0.335938 0.598437 0.209375 0.189063 0.00691248
0 0.262891 0.602344 0.139844 0.2125 0.00989957
0 0.33125 0.458203 0.207813 0.419531 0.0101238
0 0.792188 0.599609 0.134375 0.246094 0.010445
0 0.276172 0.45 0.130469 0.440625 0.0116444
0 0.762109 0.637109 0.158594 0.175781 0.0160263
0 0.291016 0.555859 0.172656 0.269531 0.0387277
0 0.735547 0.569922 0.186719 0.274219 0.0674258
