0 0.892187 0.05625 0.209375 0.109375 0.000101097
0 0.370703 0.482812 0.119531 0.307813 0.000108427
0 0.253125 0.297656 0.0796875 0.109375 0.000108911
0 0.3625 0.0328125 0.245312 0.0640625 0.000117246
0 0.166406 0.605469 0.109375 0.153125 0.000122922
0 0.352734 0.208203 0.139844 0.125781 0.000125744
0 0.342969 0.296875 0.075 0.09375 0.000126489
0 0.760938 0.448438 0.0796875 0.120312 0.000127395
0 0.150391 0.0375 0.296094 0.075 0.000137279
0 0.763281 0.70625 0.215625 0.284375 0.000138755
0 0.301562 0.381641 0.0984375 0.125781 0.000139638
0 0.336719 0.607422 0.0921875 0.0976562 0.000139898
0 0.207813 0.412891 0.084375 0.186719 0.000141403
0 0.366406 0.84375 0.428125 0.3125 0.000142016
0 0.791016 0.0507812 0.360156 0.0984375 0.000142848
0 0.184766 0.539453 0.0773437 0.113281 0.000143211
0 0.386719 0.287109 0.109375 0.163281 0.000147129
0 0.3 0.0199219 0.220313 0.0382813 0.000147133
0 0.59375 0.269531 0.109375 0.090625 0.000152778
0 0.776953 0.0367187 0.242969 0.065625 0.000157382
0 0.0304688 0.359375 0.0609375 0.496875 0.00015862
0 0.138281 0.30625 0.251563 0.559375 0.000161105
0 0.225391 0.14375 0.441406 0.2875 0.000177609
0 0.0558594 0.353906 0.110156 0.626562 0.000180584
0 0.376172 0.234375 0.0976562 0.123438 0.000186201
0 0.771094 0.485156 0.109375 0.207813 0.000190013
0 0.747266 0.269531 0.0554687 0.0796875 0.000191194
0 0.219922 0.414062 0.0773437 0.104687 0.000204587
0 0.629297 0.646094 0.152344 0.20625 0.000212162
0 0.241406 0.217969 0.179688 0.165625 0.000214436
0 0.761719 0.407031 0.0703125 0.10625 0.000220382
0 0.321094 0.338672 0.071875 0.0742188 0.000221347
0 0.153125 0.0949219 0.30625 0.189844 0.000222296
0 0.260938 0.342187 0.06875 0.0921875 0.000227947
0 0.296875 0.247266 0.317187 0.292969 0.000237349
0 0.175391 0.54375 0.274219 0.459375 0.000238179
0 0.0289063 0.766016 0.0578125 0.467969 0.000241851
0 0.170703 0.559766 0.0679687 0.110156 0.000260389
0 0.653125 0.283203 0.096875 0.113281 0.000267587
0 0.661719 0.305859 0.153125 0.158594 0.000284158
0 0.661719 0.428125 0.1875 0.204688 0.000291117
0 0.0304688 0.569531 0.059375 0.664062 0.000304189
0 0.257812 0.533984 0.151562 0.191406 0.00030788
0 0.270312 0.801953 0.334375 0.396094 0.000325877
0 0.683594 0.485547 0.217187 0.199219 0.000329162
0 0.339453 0.344141 0.121094 0.163281 0.000332489
0 0.229687 0.275781 0.0734375 0.110937 0.000350288
0 0.177734 0.486328 0.144531 0.360156 0.000363225
0 0.55 0.236719 0.0546875 0.065625 0.000373032
0 0.203906 0.470313 0.0890625 0.1625 0.000382393
0 0.235938 0.386328 0.10625 0.166406 0.000384615
0 0.0527344 0.680078 0.105469 0.639844 0.000406605
0 0.342187 0.280469 0.123438 0.157813 0.00047315
0 0.339063 0.0519531 0.31875 0.103906 0.000480923
0 0.319922 0.339063 0.100781 0.114063 0.000490485
0 0.662891 0.596484 0.192969 0.216406 0.000497676
0 0.270703 0.0359375 0.307031 0.0703125 0.000537387
0 0.355859 0.592578 0.152344 0.167969 0.000539136
0 0.2625 0.602734 0.153125 0.141406 0.000550249
0 0.278516 0.342969 0.0945313 0.148438 0.000560359
0 0.696484 0.345313 0.174219 0.265625 0.000566074
0 0.335938 0.435937 0.175 0.404687 0.000652986
0 0.268359 0.0882813 0.372656 0.176563 0.000679964
0 0.760156 0.651563 0.145313 0.203125 0.000726129
0 0.702344 0.552734 0.207813 0.213281 0.000750469
0 0.267578 0.651953 0.307031 0.314844 0.00081965
0 0.212891 0.557813 0.0929687 0.1125 0.000998461
0 0.699609 0.629297 0.150781 0.200781 0.00114987
0 0.226172 0.447266 0.0945313 0.149219 0.00118787
0 0.196094 0.614062 0.176563 0.192188 0.00121235
0 0.239844 0.320703 0.114063 0.257031 0.0013675
0 0.198047 0.0570313 0.372656 0.114063 0.00139164
0 0.309766 0.301953 0.183594 0.217969 0.00166479
0 0.696094 0.423828 0.260938 0.422656 0.0017697
0 0.261328 0.353516 0.178906 0.325781 0.00178253
0 0.341797 0.536328 0.153906 0.219531 0.00188716
0 0.280859 0.633203 0.249219 0.163281 0.00208263
0 0.305859 0.603516 0.0867188 0.0867188 0.00221495
0 0.78125 0.556641 0.18125 0.436719 0.0022187
0 0.302734 0.241016 0.202344 0.177344 0.00246829
0 0.758984 0.415625 0.103906 0.21875 0.00276572
0 0.214844 0.445312 0.078125 0.09375 0.00341932
0 0.740234 0.595312 0.149219 0.251563 0.00374526
0 0.242969 0.25 0.090625 0.128125 0.00691949
0 0.213672 0.4375 0.107031 0.323438 0.00757278
0 0.259766 0.269141 0.132031 0.183594 0.00871523
0 0.259375 0.561328 0.284375 0.275781 0.00997189
0 0.710156 0.427344 0.185937 0.253125 0.0134219
0 0.320703 0.592969 0.133594 0.134375 0.0138887
0 0.7125 0.64375 0.251563 0.2625 0.0197804
0 0.277734 0.423438 0.282031 0.535937 0.0243164
0 0.745703 0.471484 0.147656 0.285156 0.0246059
0 0.199609 0.526953 0.122656 0.224219 0.0273726
0 0.296484 0.573828 0.221094 0.171094 0.0326735
0 0.192188 0.580469 0.11875 0.132812 0.0485383
0 0.227344 0.439453 0.16875 0.428906 0.0571464
0 0.226562 0.571875 0.185937 0.16875 0.117531
0 0.7125 0.541797 0.228125 0.392969 0.315767
