0 0.227734 0.706641 0.0679687 0.110156 0.000100942
0 0.247656 0.528516 0.115625 0.180469 0.000103103
0 0.718359 0.596875 0.214844 0.215625 0.000107626
0 0.617969 0.0839844 0.071875 0.0398437 0.000107889
0 0.619141 0.556641 0.292969 0.539844 0.000108762
0 0.413281 0.0914062 0.06875 0.040625 0.000110133
0 0.294141 0.282031 0.0679687 0.0890625 0.000114611
0 0.385938 0.363672 0.096875 0.205469 0.000115898
0 0.944922 0.556641 0.110156 0.572656 0.000117565
0 0.266406 0.589844 0.1375 0.226562 0.000118783
0 0.258594 0.465625 0.0890625 0.103125 0.000126078
0 0.662109 0.442969 0.183594 0.196875 0.000127619
0 0.657812 0.639453 0.184375 0.249219 0.000128788
0 0.893359 0.603906 0.210156 0.739062 0.000131692
0 0.257031 0.389453 0.0859375 0.116406 0.000133135
0 0.255859 0.774219 0.132031 0.164062 0.000141569
0 0.797266 0.563672 0.244531 0.367969 0.000142189
0 0.230469 0.463672 0.107813 0.211719 0.000143291
0 0.780469 0.0824219 0.078125 0.0429688 0.000146589
0 0.975391 0.520312 0.0492188 0.390625 0.000148619
0 0.272656 0.423047 0.084375 0.113281 0.000150469
0 0.217187 0.699219 0.09375 0.207813 0.000152299
0 0.384375 0.396484 0.13125 0.319531 0.000152684
0 0.245312 0.7 0.320312 0.464063 0.000161592
0 0.778516 0.682813 0.336719 0.467187 0.000162967
0 0.261719 0.350781 0.120312 0.1875 0.000163842
0 0.301172 0.766406 0.310156 0.30625 0.000178583
0 0.730078 0.362109 0.153906 0.211719 0.000194629
0 0.298047 0.274609 0.0445312 0.0679687 0.00019575
0 0.38125 0.669531 0.175 0.242188 0.000201797
0 0.292188 0.423828 0.170312 0.196094 0.00020183
0 0.219141 0.760156 0.0929687 0.151562 0.000227153
0 0.344922 0.330469 0.155469 0.207813 0.000239188
0 0.321875 0.578906 0.090625 0.096875 0.000256807
0 0.621094 0.313281 0.185937 0.2375 0.00026622
0 0.299609 0.760156 0.236719 0.196875 0.000304457
0 0.615625 0.276953 0.14375 0.152344 0.000312651
0 0.7 0.406641 0.151562 0.232031 0.000352693
0 0.255078 0.68125 0.128906 0.260938 0.000363846
0 0.633594 0.435937 0.240625 0.414062 0.000384738
0 0.793359 0.513281 0.339844 0.542188 0.00042419
0 0.244531 0.423438 0.0859375 0.117188 0.000471203
0 0.742969 0.399609 0.223438 0.344531 0.000472228
0 0.379297 0.6 0.133594 0.173438 0.000473786
0 0.799609 0.648438 0.133594 0.159375 0.000502099
0 0.373047 0.571484 0.188281 0.263281 0.000586901
0 0.300781 0.555859 0.159375 0.169531 0.000741695
0 0.339844 0.596484 0.090625 0.103906 0.000931694
0 0.277344 0.508984 0.1375 0.258594 0.000997983
0 0.216406 0.517187 0.232812 0.554688 0.00100728
0 0.762109 0.640625 0.197656 0.204688 0.00103598
0 0.299219 0.360156 0.201562 0.26875 0.00109591
0 0.371094 0.477734 0.25625 0.500781 0.00136932
0 0.251563 0.555078 0.15625 0.407031 0.00173197
0 0.724219 0.596484 0.275 0.350781 0.0024075
0 0.238672 0.735547 0.0976562 0.147656 0.0041841
0 0.342187 0.598828 0.135937 0.141406 0.00418554
0 0.246875 0.403516 0.110937 0.183594 0.00437198
0 0.298047 0.669922 0.235156 0.300781 0.00871605
0 0.689844 0.355469 0.226562 0.315625 0.00877974
0 0.307422 0.580469 0.292969 0.532812 0.0193485
0 0.333203 0.614453 0.213281 0.205469 0.0266919
0 0.252734 0.442969 0.135156 0.310937 0.0607558
0 0.288672 0.485156 0.205469 0.4375 0.322342
0 0.701172 0.469531 0.274219 0.528125 0.514228
