0 0.741016 0.241016 0.141406 0.152344 0.000103525
0 0.648828 0.236719 0.128906 0.13125 0.000106015
0 0.302344 0.598047 0.2 0.200781 0.00010734
0 0.437109 0.179297 0.297656 0.352344 0.000115893
0 0.835547 0.867578 0.197656 0.264844 0.000123121
0 0.735156 0.271484 0.220313 0.324219 0.00012376
0 0.828516 0.649219 0.166406 0.389062 0.000128857
0 0.76875 0.358594 0.128125 0.25 0.000129972
0 0.306641 0.809375 0.258594 0.296875 0.000140849
0 0.241406 0.595703 0.13125 0.185156 0.000141094
0 0.772266 0.85 0.244531 0.292188 0.000146846
0 0.762109 0.274609 0.105469 0.167969 0.000171758
0 0.774219 0.472656 0.140625 0.259375 0.000175992
0 0.809766 0.473437 0.310156 0.725 0.000179293
0 0.546875 0.142188 0.33125 0.270312 0.00018275
0 0.122656 0.867578 0.214062 0.264844 0.00018299
0 0.701563 0.215625 0.340625 0.342187 0.000188559
0 0.770312 0.302344 0.34375 0.521875 0.000202018
0 0.746484 0.241797 0.0648438 0.0742188 0.000207515
0 0.627344 0.479297 0.176563 0.283594 0.000209549
0 0.216406 0.548047 0.139062 0.252344 0.000217883
0 0.307813 0.238672 0.154687 0.164844 0.000222383
0 0.130859 0.477344 0.261719 0.701563 0.000229185
0 0.551172 0.385156 0.361719 0.5875 0.000240654
0 0.336328 0.682422 0.197656 0.391406 0.000243293
0 0.263281 0.637109 0.210938 0.197656 0.000257364
0 0.676953 0.787891 0.211719 0.269531 0.000257442
0 0.580078 0.199219 0.239844 0.267188 0.000259576
0 0.232031 0.239453 0.410937 0.478906 0.000282958
0 0.336328 0.525391 0.182031 0.378906 0.000299748
0 0.290625 0.15625 0.390625 0.304688 0.000300318
0 0.739453 0.525391 0.0898438 0.110156 0.000304409
0 0.396484 0.216406 0.149219 0.2 0.000317619
0 0.686719 0.546484 0.198437 0.211719 0.000328098
0 0.760938 0.255469 0.0640625 0.0875 0.000347966
0 0.255078 0.426953 0.196094 0.200781 0.000350589
0 0.807422 0.769141 0.202344 0.382031 0.000352873
0 0.150781 0.788281 0.240625 0.395312 0.00038551
0 0.629687 0.475781 0.234375 0.479688 0.000408687
0 0.365234 0.176563 0.200781 0.229687 0.000450711
0 0.321875 0.363281 0.19375 0.203125 0.000469638
0 0.757422 0.403516 0.194531 0.377344 0.000488614
0 0.399219 0.286328 0.221875 0.338281 0.000516771
0 0.774609 0.550781 0.150781 0.240625 0.000527362
0 0.382422 0.219141 0.0851562 0.0898438 0.000559201
0 0.327344 0.301172 0.148438 0.246094 0.000673959
0 0.669922 0.639063 0.297656 0.560938 0.000721434
0 0.196875 0.487891 0.139062 0.278906 0.000725713
0 0.166016 0.557031 0.178906 0.373437 0.000772287
0 0.449609 0.46875 0.474219 0.817187 0.000887797
0 0.703125 0.491016 0.151562 0.186719 0.000890825
0 0.632812 0.212891 0.18125 0.208594 0.000969439
0 0.233203 0.599219 0.250781 0.36875 0.000981549
0 0.264453 0.348047 0.200781 0.213281 0.00107563
0 0.651172 0.296094 0.221094 0.414062 0.00109613
0 0.20625 0.323438 0.267188 0.471875 0.00113711
0 0.730469 0.780469 0.284375 0.378125 0.00123755
0 0.805078 0.550781 0.217969 0.482812 0.00130853
0 0.336719 0.387891 0.225 0.411719 0.00138285
0 0.219922 0.3875 0.144531 0.242188 0.00156452
0 0.314844 0.526172 0.245312 0.613281 0.00275105
0 0.372266 0.224609 0.125781 0.125781 0.0031674
0 0.269531 0.698828 0.290625 0.463281 0.00338808
0 0.199219 0.591797 0.28125 0.663281 0.00547835
0 0.354297 0.235938 0.169531 0.192188 0.0060595
0 0.696094 0.401172 0.2625 0.491406 0.00614974
0 0.741016 0.512891 0.144531 0.191406 0.00862826
0 0.763672 0.666406 0.260156 0.523438 0.0148379
0 0.202734 0.476172 0.192969 0.411719 0.0177658
0 0.288281 0.315625 0.276563 0.35625 0.0372416
0 0.723437 0.499219 0.225 0.260938 0.0675762
0 0.244922 0.454688 0.272656 0.58125 0.130298
0 0.723047 0.545313 0.263281 0.45625 0.188662
