0 0.661719 0.574219 0.18125 0.175 0.000100244
0 0.358984 0.261328 0.189844 0.188281 0.000101403
0 0.761719 0.225 0.0515625 0.0625 0.0001058
0 0.365625 0.210156 0.31875 0.295312 0.000109386
0 0.797656 0.346484 0.0921875 0.152344 0.000109406
0 0.700781 0.536719 0.209375 0.24375 0.000112064
0 0.0160156 0.3875 0.0320312 0.11875 0.000112835
0 0.760938 0.346094 0.0828125 0.125 0.000113181
0 0.301172 0.571484 0.149219 0.150781 0.000114005
0 0.820312 0.492969 0.107813 0.245312 0.000115272
0 0.0246094 0.438672 0.0492188 0.186719 0.000120578
0 0.240234 0.260938 0.0695312 0.075 0.000123004
0 0.612891 0.194141 0.289844 0.327344 0.000125042
0 0.705078 0.239844 0.160156 0.15625 0.000125877
0 0.648438 0.201953 0.117188 0.161719 0.000126533
0 0.203125 0.573828 0.0921875 0.110156 0.000132256
0 0.717969 0.224609 0.0734375 0.0882813 0.00014511
0 0.748047 0.596094 0.0882813 0.0984375 0.000147474
0 0.257031 0.246094 0.0859375 0.10625 0.000148712
0 0.624219 0.270703 0.132812 0.222656 0.000155466
0 0.380859 0.136719 0.436719 0.265625 0.000161187
0 0.321484 0.225 0.161719 0.140625 0.000163206
0 0.268359 0.281641 0.136719 0.166406 0.000173134
0 0.721094 0.242188 0.0515625 0.06875 0.000177919
0 0.679297 0.607422 0.121094 0.108594 0.000180961
0 0.802344 0.303125 0.071875 0.121875 0.000183447
0 0.239453 0.270312 0.0929687 0.125 0.000186141
0 0.780078 0.376953 0.124219 0.236719 0.000186521
0 0.775391 0.259766 0.0648438 0.0851562 0.000187431
0 0.230078 0.498828 0.188281 0.291406 0.000202173
0 0.741797 0.291797 0.141406 0.178906 0.000205958
0 0.742188 0.275 0.065625 0.06875 0.000215944
0 0.758594 0.271094 0.0828125 0.11875 0.000232167
0 0.345703 0.195312 0.163281 0.126563 0.000259617
0 0.773828 0.308594 0.0976562 0.154687 0.000267899
0 0.620703 0.230859 0.0882813 0.138281 0.00026817
0 0.738281 0.248828 0.0734375 0.0820312 0.000291688
0 0.264062 0.617188 0.2625 0.203125 0.000323601
0 0.520312 0.150391 0.451562 0.300781 0.000340255
0 0.174609 0.567578 0.153906 0.232031 0.000343602
0 0.814453 0.595703 0.0898438 0.110156 0.00038131
0 0.340234 0.537109 0.177344 0.188281 0.000399052
0 0.515625 0.270703 0.367188 0.494531 0.000455387
0 0.197266 0.617578 0.172656 0.186719 0.000460071
0 0.831641 0.628516 0.164844 0.182031 0.000500292
0 0.785547 0.514453 0.180469 0.297656 0.000506021
0 0.755078 0.260547 0.0570313 0.0695312 0.000518201
0 0.236719 0.587109 0.0890625 0.100781 0.000548944
0 0.701563 0.601562 0.189063 0.154687 0.000598994
0 0.777734 0.571875 0.296094 0.259375 0.000648379
0 0.828125 0.573047 0.14375 0.207031 0.00112262
0 0.78125 0.596094 0.09375 0.0953125 0.00165334
0 0.745703 0.578516 0.208594 0.167969 0.00243573
0 0.295703 0.566797 0.247656 0.188281 0.00294115
0 0.229687 0.578906 0.185937 0.167187 0.0134861
0 0.788281 0.599219 0.164062 0.14375 0.0195593
