0 0.382812 0.285937 0.0875 0.104687 0.000103071
0 0.283984 0.591797 0.119531 0.157031 0.000109038
0 0.736719 0.635547 0.109375 0.200781 0.000110425
0 0.0277344 0.405469 0.0554687 0.271875 0.000118815
0 0.411328 0.489453 0.133594 0.211719 0.000119302
0 0.0695312 0.464063 0.139062 0.782812 0.00012144
0 0.015625 0.383203 0.03125 0.269531 0.00013246
0 0.883203 0.734375 0.0773437 0.103125 0.000134182
0 0.976562 0.566797 0.046875 0.463281 0.000135173
0 0.89375 0.651953 0.173438 0.328906 0.000138217
0 0.0390625 0.478125 0.078125 0.317187 0.000144538
0 0.389062 0.590625 0.21875 0.1875 0.000150316
0 0.425 0.574609 0.0859375 0.0945313 0.000152465
0 0.392578 0.551953 0.138281 0.169531 0.000163995
0 0.451562 0.260547 0.145313 0.197656 0.000186237
0 0.453125 0.678906 0.210938 0.273438 0.000186676
0 0.345313 0.3625 0.128125 0.223438 0.000186916
0 0.937891 0.560547 0.124219 0.600781 0.000193727
0 0.739453 0.399219 0.160156 0.365625 0.000194225
0 0.512109 0.298047 0.133594 0.266406 0.000222703
0 0.484766 0.614844 0.169531 0.2875 0.000222897
0 0.842578 0.367578 0.202344 0.349219 0.00022668
0 0.823828 0.529297 0.186719 0.194531 0.000243869
0 0.437891 0.627734 0.152344 0.199219 0.000276665
0 0.0148437 0.508203 0.0296875 0.239844 0.000295879
0 0.404297 0.342578 0.147656 0.222656 0.000337587
0 0.0230469 0.521484 0.0429688 0.363281 0.000351663
0 0.846875 0.453125 0.140625 0.248437 0.000352659
0 0.0503906 0.299609 0.100781 0.591406 0.000353527
0 0.0273438 0.273438 0.0515625 0.49375 0.000397712
0 0.788281 0.3 0.204688 0.246875 0.000398439
0 0.88125 0.727734 0.11875 0.142969 0.000414325
0 0.364453 0.303516 0.0882813 0.107031 0.000417159
0 0.321094 0.569922 0.1625 0.146094 0.000429663
0 0.810938 0.639453 0.307813 0.444531 0.000454079
0 0.04375 0.555078 0.084375 0.827344 0.000496522
0 0.730859 0.692969 0.146094 0.20625 0.000497751
0 0.867188 0.708203 0.184375 0.196094 0.000553668
0 0.877344 0.591406 0.245312 0.579687 0.000564484
0 0.501172 0.357812 0.208594 0.582812 0.00069361
0 0.427734 0.572266 0.121094 0.167969 0.000782855
0 0.799219 0.697656 0.245312 0.214062 0.000807777
0 0.747266 0.516797 0.191406 0.533594 0.00102814
0 0.3375 0.540234 0.225 0.253906 0.0010661
0 0.337109 0.392969 0.228906 0.509375 0.0011397
0 0.0316406 0.438281 0.0617188 0.55 0.00125655
0 0.4625 0.515234 0.229687 0.591406 0.00126828
0 0.367188 0.514844 0.284375 0.403125 0.00170095
0 0.505859 0.233984 0.167969 0.216406 0.00219774
0 0.433594 0.558984 0.173438 0.263281 0.00235388
0 0.366797 0.304297 0.147656 0.172656 0.00301171
0 0.865625 0.478906 0.182812 0.38125 0.00332755
0 0.369531 0.348437 0.2 0.321875 0.00780948
0 0.451172 0.236719 0.252344 0.276563 0.00847123
0 0.404297 0.283984 0.221094 0.244531 0.0112871
0 0.817187 0.474609 0.265625 0.583594 0.343554
0 0.414062 0.392969 0.309375 0.592188 0.356012
