0 0.191797 0.155859 0.305469 0.250781 0.000103213
0 0.536719 0.982031 0.0578125 0.0359375 0.000104483
0 0.557813 0.982031 0.05625 0.0359375 0.000108196
0 0.517187 0.970703 0.084375 0.0585938 0.000109208
0 0.374609 0.0863281 0.492969 0.169531 0.000110563
0 0.0945313 0.385156 0.0796875 0.096875 0.000112086
0 0.125391 0.277344 0.0804688 0.104687 0.000112132
0 0.794531 0.539844 0.090625 0.110937 0.000115282
0 0.579687 0.471484 0.146875 0.207031 0.000115875
0 0.655469 0.407813 0.132812 0.25625 0.000117368
0 0.367578 0.982813 0.0554687 0.034375 0.000117466
0 0.616797 0.0589844 0.435156 0.113281 0.000117543
0 0.409375 0.972266 0.09375 0.0554687 0.000117567
0 0.103906 0.539453 0.203125 0.175781 0.000119448
0 0.0773437 0.272266 0.154687 0.536719 0.000120857
0 0.539062 0.090625 0.4625 0.18125 0.000122367
0 0.432031 0.982422 0.071875 0.0351562 0.000125623
0 0.714844 0.572656 0.267188 0.239063 0.000129878
0 0.682031 0.208594 0.10625 0.090625 0.000131828
0 0.292188 0.0542969 0.45625 0.108594 0.000133014
0 0.635938 0.342969 0.151562 0.171875 0.000136853
0 0.707031 0.242969 0.090625 0.11875 0.000138428
0 0.189063 0.544141 0.251563 0.194531 0.000139595
0 0.680469 0.362891 0.13125 0.203906 0.000142389
0 0.160156 0.447656 0.0890625 0.107813 0.000145374
0 0.153125 0.248437 0.30625 0.434375 0.000152801
0 0.749609 0.452344 0.282031 0.351562 0.000157367
0 0.516797 0.982031 0.0601562 0.0359375 0.000162942
0 0.0355469 0.948438 0.0695312 0.103125 0.000164099
0 0.225781 0.504687 0.140625 0.167187 0.000170985
0 0.725781 0.491016 0.121875 0.152344 0.00018909
0 0.744531 0.523438 0.128125 0.114063 0.000191931
0 0.408594 0.983594 0.078125 0.0328125 0.000204813
0 0.134375 0.482812 0.135937 0.154687 0.000207007
0 0.778906 0.5125 0.084375 0.0984375 0.000208287
0 0.140625 0.247656 0.084375 0.10625 0.00021495
0 0.630469 0.558984 0.204688 0.188281 0.000217732
0 0.714453 0.284766 0.0976562 0.132031 0.000226352
0 0.255859 0.413281 0.114844 0.16875 0.000227841
0 0.274219 0.508594 0.11875 0.151562 0.000233444
0 0.477344 0.0527344 0.445312 0.105469 0.000235597
0 0.219922 0.448828 0.0898438 0.110156 0.000255331
0 0.239063 0.460156 0.28125 0.289062 0.000258832
0 0.258984 0.485938 0.0835937 0.101562 0.000262237
0 0.588281 0.232422 0.148438 0.200781 0.000277033
0 0.176953 0.383984 0.132031 0.264844 0.000324286
0 0.239844 0.467578 0.0875 0.108594 0.000324397
0 0.650781 0.489844 0.134375 0.171875 0.000416744
0 0.650781 0.318359 0.284375 0.452344 0.000493933
0 0.221875 0.409375 0.135937 0.223438 0.000494165
0 0.594141 0.300391 0.158594 0.207031 0.000498592
0 0.7375 0.386328 0.115625 0.263281 0.000515842
0 0.110937 0.386328 0.128125 0.203906 0.000536036
0 0.245703 0.230859 0.189844 0.205469 0.00055835
0 0.595703 0.392969 0.160156 0.271875 0.000746092
0 0.686719 0.276563 0.15 0.207813 0.000774288
0 0.135156 0.321484 0.121875 0.213281 0.000779842
0 0.777344 0.510547 0.107813 0.158594 0.000799671
0 0.146484 0.502344 0.255469 0.196875 0.000877299
0 0.653125 0.455859 0.289062 0.324219 0.000890358
0 0.0546875 0.510547 0.0921875 0.107031 0.000952039
0 0.719531 0.321875 0.123438 0.232812 0.000996675
0 0.159766 0.447656 0.132031 0.157813 0.00105933
0 0.18125 0.239844 0.159375 0.153125 0.00112752
0 0.255469 0.398828 0.159375 0.305469 0.00121083
0 0.650781 0.310547 0.217187 0.294531 0.00158495
0 0.6 0.520703 0.151562 0.180469 0.00161544
0 0.710938 0.507031 0.228125 0.173438 0.0026378
0 0.08125 0.399609 0.140625 0.321094 0.00305912
0 0.0730469 0.477734 0.130469 0.175781 0.00312847
0 0.251953 0.472656 0.132031 0.173438 0.00410531
0 0.145313 0.271484 0.117188 0.149219 0.00432063
0 0.760938 0.465625 0.135937 0.232812 0.00534581
0 0.626953 0.471484 0.191406 0.242969 0.00669384
0 0.706641 0.390625 0.185156 0.346875 0.00717391
0 0.197656 0.332812 0.235938 0.40625 0.0139907
0 0.126953 0.446484 0.208594 0.222656 0.0147271
0 0.205859 0.456641 0.200781 0.186719 0.0159441
0 0.128516 0.364844 0.172656 0.340625 0.0344327
