0 0.212891 0.217187 0.177344 0.33125 0.000100767
0 0.696484 0.486719 0.225781 0.335938 0.000104492
0 0.740234 0.596484 0.147656 0.197656 0.000117579
0 0.13125 0.560938 0.135937 0.25625 0.000137129
0 0.303125 0.907031 0.176563 0.185937 0.000141614
0 0.332031 0.416016 0.33125 0.391406 0.00015703
0 0.762891 0.535937 0.246094 0.20625 0.000160348
0 0.271094 0.655859 0.360938 0.311719 0.000169222
0 0.219531 0.370703 0.139062 0.277344 0.000179665
0 0.198047 0.432031 0.138281 0.259375 0.000183523
0 0.684766 0.228516 0.125781 0.128906 0.00019504
0 0.858203 0.657422 0.124219 0.224219 0.00020109
0 0.6625 0.633594 0.207813 0.203125 0.000205807
0 0.367188 0.555078 0.13125 0.142969 0.000218258
0 0.217187 0.385547 0.110937 0.127344 0.000230753
0 0.784766 0.632031 0.149219 0.189063 0.000241176
0 0.323828 0.586719 0.353906 0.317187 0.000245249
0 0.738672 0.410156 0.250781 0.404687 0.000254979
0 0.258984 0.454688 0.260156 0.221875 0.000266752
0 0.806641 0.447266 0.167969 0.344531 0.000267125
0 0.167578 0.400781 0.197656 0.51875 0.000270951
0 0.178125 0.608203 0.209375 0.197656 0.000303201
0 0.359766 0.429297 0.0820312 0.110156 0.000308149
0 0.273828 0.327734 0.297656 0.578906 0.00033764
0 0.702344 0.669922 0.323438 0.246094 0.000339567
0 0.771875 0.712109 0.3125 0.305469 0.00034623
0 0.491797 0.395703 0.438281 0.542969 0.000394363
0 0.325 0.548437 0.142188 0.157813 0.000403912
0 0.369922 0.437891 0.114844 0.178906 0.000422508
0 0.341797 0.474219 0.0820312 0.0828125 0.00047435
0 0.260938 0.510547 0.151562 0.175781 0.000545113
0 0.803125 0.577344 0.196875 0.209375 0.000729817
0 0.242188 0.585938 0.301562 0.201562 0.000736269
0 0.198437 0.532422 0.148438 0.178906 0.000868332
0 0.331641 0.549219 0.211719 0.215625 0.00135882
0 0.833203 0.574219 0.177344 0.339063 0.00180316
0 0.704297 0.574219 0.297656 0.267188 0.00212762
0 0.830078 0.6625 0.207031 0.26875 0.00241798
0 0.214844 0.428125 0.2125 0.364062 0.00267805
0 0.774219 0.508203 0.248437 0.397656 0.00276414
0 0.341406 0.493359 0.14375 0.169531 0.00296083
0 0.185937 0.536719 0.209375 0.257812 0.00702404
0 0.317578 0.483984 0.222656 0.228906 0.00907075
0 0.773828 0.620313 0.282031 0.279687 0.0461738
0 0.262891 0.521875 0.303906 0.24375 0.188397
