0 0.198437 0.0539063 0.38125 0.107813 0.000100624
0 0.923828 0.351562 0.102344 0.184375 0.000102198
0 0.814062 0.871875 0.346875 0.251563 0.00010267
0 0.884766 0.522656 0.0914062 0.0984375 0.000105016
0 0.534766 0.590234 0.241406 0.177344 0.000106297
0 0.420312 0.424219 0.084375 0.0859375 0.000106854
0 0.510156 0.527734 0.1375 0.152344 0.000109265
0 0.803906 0.4875 0.090625 0.107813 0.000113036
0 0.532422 0.492188 0.210156 0.198437 0.000116007
0 0.607422 0.876562 0.396094 0.246875 0.000120396
0 0.361328 0.726953 0.228906 0.408594 0.000123977
0 0.624609 0.522656 0.149219 0.23125 0.00012959
0 0.867578 0.453516 0.0851562 0.0992187 0.00013352
0 0.35 0.614062 0.109375 0.18125 0.000135778
0 0.466016 0.427734 0.125781 0.247656 0.000138688
0 0.801562 0.120703 0.132812 0.147656 0.000139574
0 0.944922 0.544922 0.110156 0.171094 0.000141123
0 0.411328 0.265234 0.0804688 0.107031 0.000142216
0 0.420312 0.387891 0.0875 0.100781 0.000145034
0 0.601562 0.607813 0.389062 0.490625 0.000146479
0 0.469531 0.283594 0.084375 0.109375 0.00014749
0 0.963281 0.847656 0.0734375 0.304688 0.000151195
0 0.954687 0.359375 0.090625 0.382812 0.000151864
0 0.773047 0.0765625 0.250781 0.142188 0.000161115
0 0.928906 0.409375 0.084375 0.110937 0.000162279
0 0.763672 0.426562 0.167969 0.190625 0.000168812
0 0.512891 0.633984 0.322656 0.278906 0.000169723
0 0.833203 0.121484 0.232031 0.214844 0.000174395
0 0.489844 0.366406 0.121875 0.23125 0.000180011
0 0.901563 0.859375 0.196875 0.278125 0.000181746
0 0.983203 0.46875 0.0335938 0.167187 0.000185964
0 0.847266 0.361719 0.139844 0.242188 0.000189016
0 0.882422 0.282813 0.107031 0.164062 0.000189054
0 0.382031 0.281641 0.142188 0.202344 0.000189425
0 0.464063 0.526172 0.084375 0.0898438 0.000194322
0 0.508203 0.301172 0.127344 0.183594 0.000194936
0 0.542578 0.267188 0.175781 0.295312 0.000198839
0 0.375 0.325391 0.104687 0.197656 0.000200284
0 0.515234 0.175391 0.147656 0.169531 0.000202173
0 0.935156 0.894531 0.129688 0.210938 0.000203879
0 0.334766 0.601953 0.149219 0.286719 0.000207477
0 0.603906 0.784375 0.45625 0.43125 0.000209415
0 0.464844 0.567187 0.223438 0.1625 0.00021428
0 0.387891 0.346875 0.0757812 0.120312 0.000217869
0 0.404687 0.298438 0.08125 0.107813 0.00021873
0 0.970703 0.730859 0.0585938 0.519531 0.000226821
0 0.825 0.507031 0.090625 0.107813 0.000227155
0 0.75625 0.454297 0.326562 0.355469 0.000233833
0 0.762109 0.342578 0.119531 0.139844 0.000241425
0 0.356641 0.386328 0.107031 0.252344 0.000269679
0 0.430859 0.244531 0.122656 0.157813 0.000271413
0 0.693359 0.267188 0.208594 0.285937 0.000273088
0 0.907812 0.448828 0.0875 0.103906 0.000281042
0 0.507031 0.223438 0.325 0.359375 0.000293007
0 0.627344 0.291016 0.3375 0.408594 0.000297192
0 0.351172 0.569141 0.0710938 0.0976562 0.000308297
0 0.90625 0.505078 0.0890625 0.0914062 0.000317068
0 0.276172 0.605078 0.327344 0.719531 0.000349947
0 0.84375 0.257812 0.151562 0.167187 0.000356718
0 0.844922 0.489844 0.0898438 0.103125 0.000362542
0 0.928125 0.600391 0.14375 0.336719 0.0003783
0 0.740625 0.314453 0.15625 0.230469 0.000398275
0 0.400781 0.491016 0.084375 0.108594 0.000404805
0 0.688281 0.192578 0.2625 0.310156 0.000407041
0 0.788281 0.196094 0.1375 0.192188 0.000411046
0 0.864062 0.505859 0.0890625 0.0992187 0.000440092
0 0.403125 0.546875 0.0875 0.084375 0.000442131
0 0.442969 0.364062 0.132812 0.24375 0.000483416
0 0.384375 0.471484 0.0734375 0.111719 0.000487625
0 0.946484 0.448828 0.0851562 0.114844 0.000507486
0 0.826563 0.430469 0.189063 0.196875 0.000545251
0 0.331641 0.455469 0.321094 0.648438 0.000547875
0 0.342578 0.557422 0.0976562 0.191406 0.000574551
0 0.935547 0.782812 0.128906 0.434375 0.000578099
0 0.333203 0.618359 0.242969 0.455469 0.000589618
0 0.872656 0.234766 0.184375 0.289844 0.000598718
0 0.927344 0.46875 0.0890625 0.101562 0.00060122
0 0.590234 0.557813 0.171094 0.204688 0.00060505
0 0.467969 0.321094 0.128125 0.21875 0.000609682
0 0.885547 0.472656 0.0851562 0.090625 0.000617734
0 0.403125 0.566016 0.134375 0.117969 0.000692742
0 0.960547 0.448438 0.0773437 0.184375 0.000706885
0 0.836328 0.603125 0.319531 0.465625 0.000719464
0 0.890234 0.362891 0.139844 0.264844 0.000760909
0 0.384766 0.512891 0.0851562 0.114844 0.000762556
0 0.366797 0.552344 0.0789063 0.0984375 0.000800042
0 0.342578 0.398438 0.161719 0.44375 0.000819968
0 0.963281 0.507812 0.071875 0.148438 0.000860203
0 0.397266 0.638672 0.210156 0.322656 0.00092503
0 0.354688 0.488672 0.101562 0.236719 0.000982288
0 0.384375 0.427734 0.075 0.102344 0.00101397
0 0.756641 0.369141 0.213281 0.278906 0.00102254
0 0.463281 0.514453 0.157813 0.127344 0.00108466
0 0.552734 0.436328 0.252344 0.416406 0.00109851
0 0.408594 0.280469 0.11875 0.146875 0.00109869
0 0.865625 0.523047 0.142188 0.135156 0.00109871
0 0.890234 0.722656 0.219531 0.540625 0.00112067
0 0.825 0.525 0.139062 0.154687 0.00115911
0 0.384766 0.389453 0.0773437 0.116406 0.00119178
0 0.839063 0.198437 0.164062 0.189063 0.00120057
0 0.353906 0.525 0.164062 0.325 0.00122985
0 0.374219 0.430469 0.0859375 0.196875 0.00137627
0 0.408594 0.51875 0.307813 0.45625 0.00140967
0 0.462109 0.705078 0.388281 0.510156 0.00148448
0 0.753516 0.282813 0.257031 0.35625 0.00149975
0 0.395312 0.588672 0.170312 0.189844 0.00157716
0 0.425 0.528125 0.129688 0.114063 0.00180252
0 0.845703 0.489062 0.138281 0.1375 0.00232973
0 0.492969 0.236328 0.1625 0.235156 0.00235911
0 0.420703 0.426953 0.132031 0.260156 0.00236316
0 0.789844 0.478906 0.192188 0.201562 0.00239616
0 0.889453 0.429297 0.182031 0.192969 0.00245544
0 0.473437 0.483594 0.257812 0.254687 0.00299893
0 0.76875 0.138672 0.20625 0.214844 0.00328255
0 0.885547 0.488281 0.133594 0.1125 0.00338011
0 0.369531 0.553125 0.110937 0.145313 0.00369039
0 0.454688 0.584766 0.29375 0.261719 0.0038554
0 0.875781 0.566406 0.248437 0.25 0.00399636
0 0.515234 0.535937 0.297656 0.228125 0.0041248
0 0.928516 0.467187 0.132031 0.159375 0.0043412
0 0.841016 0.459375 0.307031 0.296875 0.00476061
0 0.492188 0.300391 0.210938 0.342969 0.00486995
0 0.441016 0.276172 0.171094 0.230469 0.00635252
0 0.385547 0.4875 0.105469 0.207813 0.00729439
0 0.917188 0.511719 0.154687 0.139062 0.00749116
0 0.387109 0.384375 0.0914062 0.217187 0.00891093
0 0.483203 0.372656 0.311719 0.514063 0.0090808
0 0.40625 0.328125 0.140625 0.259375 0.010954
0 0.926562 0.401172 0.145313 0.261719 0.0132109
0 0.839453 0.515625 0.244531 0.176563 0.0142302
0 0.422656 0.525 0.184375 0.175 0.0157462
0 0.814453 0.189063 0.230469 0.278125 0.0174044
0 0.88125 0.477734 0.226562 0.188281 0.0444769
0 0.854688 0.305469 0.26875 0.475 0.0480728
0 0.392578 0.424219 0.127344 0.354688 0.063145
0 0.429297 0.379297 0.185156 0.408594 0.093119
