0 0.554688 0.278906 0.0609375 0.0921875 0.00010173
0 0.889453 0.392969 0.100781 0.159375 0.000102012
0 0.874219 0.515234 0.153125 0.192969 0.000102437
0 0.836328 0.447266 0.283594 0.569531 0.000102789
0 0.853906 0.351172 0.096875 0.127344 0.000103747
0 0.258203 0.0449219 0.0382813 0.0539063 0.000110501
0 0.907031 0.552344 0.0859375 0.109375 0.000114796
0 0.511328 0.553516 0.124219 0.149219 0.000122958
0 0.261328 0.882422 0.0335938 0.0601562 0.000125021
0 0.967578 0.437891 0.0648438 0.538281 0.000130532
0 0.530859 0.592969 0.135156 0.153125 0.000132268
0 0.827734 0.358203 0.177344 0.319531 0.00013385
0 0.574219 0.184375 0.05625 0.0515625 0.000134532
0 0.783984 0.207422 0.102344 0.111719 0.000135794
0 0.391797 0.491406 0.0757812 0.1 0.000140365
0 0.392188 0.588672 0.0859375 0.107031 0.000143893
0 0.460547 0.5125 0.152344 0.239063 0.000143976
0 0.825391 0.578906 0.107031 0.160938 0.000146859
0 0.871875 0.558984 0.25625 0.328906 0.000147375
0 0.983594 0.782031 0.028125 0.0765625 0.000148506
0 0.427734 0.313281 0.0851562 0.126563 0.000151268
0 0.930469 0.441406 0.13125 0.475 0.000152406
0 0.833984 0.238672 0.0851562 0.0976562 0.000155868
0 0.919922 0.489062 0.0710938 0.09375 0.00016649
0 0.856641 0.305078 0.0914062 0.155469 0.000168154
0 0.442578 0.569141 0.0914062 0.100781 0.000176945
0 0.972266 0.677734 0.0523437 0.257031 0.000182344
0 0.976562 0.351562 0.046875 0.403125 0.000184449
0 0.564453 0.238672 0.0601562 0.0632813 0.00019382
0 0.830078 0.221484 0.0648438 0.0664062 0.00019939
0 0.415625 0.363281 0.120312 0.2375 0.000206425
0 0.816797 0.209766 0.0679687 0.0664062 0.000217542
0 0.529688 0.215234 0.0859375 0.0835937 0.000219137
0 0.962109 0.607031 0.0695312 0.220313 0.000223963
0 0.551562 0.25 0.059375 0.075 0.000230152
0 0.758984 0.23125 0.103906 0.115625 0.000233072
0 0.833203 0.277344 0.116406 0.1875 0.000245188
0 0.501172 0.297656 0.0851562 0.09375 0.000247868
0 0.407813 0.425391 0.078125 0.0835937 0.000286824
0 0.432813 0.300781 0.0578125 0.0921875 0.000300065
0 0.514844 0.236719 0.071875 0.0578125 0.000308009
0 0.872656 0.486328 0.179688 0.342969 0.000345055
0 0.884375 0.628906 0.0953125 0.103125 0.000358968
0 0.977344 0.791016 0.0421875 0.116406 0.000366264
0 0.425391 0.535547 0.0945313 0.116406 0.000387233
0 0.457031 0.267969 0.0734375 0.0921875 0.000394268
0 0.839453 0.611328 0.0773437 0.0992187 0.000402678
0 0.438672 0.617188 0.216406 0.201562 0.000411121
0 0.538281 0.244141 0.10625 0.132031 0.000419188
0 0.566406 0.205469 0.0734375 0.0890625 0.000464376
0 0.819922 0.640625 0.116406 0.120312 0.000483846
0 0.935547 0.628906 0.116406 0.173438 0.000485094
0 0.919531 0.512109 0.103125 0.199219 0.000490153
0 0.407422 0.428516 0.0945313 0.141406 0.000532092
0 0.464453 0.300391 0.130469 0.202344 0.000550199
0 0.533594 0.227734 0.0546875 0.0523437 0.000558824
0 0.404297 0.514063 0.0898438 0.1125 0.000562718
0 0.487109 0.237891 0.0445312 0.0601562 0.000578653
0 0.792969 0.242188 0.134375 0.1625 0.000589488
0 0.483984 0.258984 0.0492188 0.0867188 0.00066228
0 0.969141 0.770703 0.0507812 0.0976562 0.000695554
0 0.876953 0.638281 0.157031 0.139062 0.000756617
0 0.49375 0.566406 0.2125 0.16875 0.000804287
0 0.395312 0.585938 0.129688 0.173438 0.000974859
0 0.503125 0.266016 0.1 0.117969 0.00101515
0 0.462891 0.425 0.278906 0.482812 0.00107198
0 0.449609 0.329688 0.0710938 0.114063 0.00116677
0 0.538672 0.235938 0.0851562 0.075 0.00123079
0 0.410156 0.56875 0.0921875 0.110937 0.00134665
0 0.479297 0.283984 0.0695312 0.108594 0.00181778
0 0.405859 0.474609 0.117969 0.264844 0.0020852
0 0.852344 0.608594 0.13125 0.134375 0.0023045
0 0.803516 0.230469 0.0929687 0.0984375 0.00244074
0 0.457422 0.296484 0.0914062 0.125781 0.00290506
0 0.387891 0.530078 0.110156 0.197656 0.00323009
0 0.453906 0.557813 0.271875 0.275 0.00478646
0 0.903516 0.560156 0.147656 0.221875 0.00636009
0 0.434766 0.447266 0.169531 0.369531 0.00701798
0 0.461328 0.307813 0.0570313 0.0921875 0.0161003
0 0.423438 0.552734 0.160938 0.192969 0.122963
