0 0.323828 0.0496094 0.171094 0.0992187 0.000100814
0 0.469141 0.0527344 0.244531 0.105469 0.000112897
0 0.71875 0.742188 0.196875 0.164062 0.000116891
0 0.657812 0.697266 0.0875 0.100781 0.000117102
0 0.274609 0.759766 0.117969 0.139844 0.00011987
0 0.344531 0.0179687 0.115625 0.0359375 0.000122383
0 0.691797 0.7 0.0804688 0.0984375 0.0001361
0 0.251172 0.741797 0.0773437 0.0945313 0.000138632
0 0.297266 0.418359 0.169531 0.207031 0.000139189
0 0.345313 0.816016 0.1 0.124219 0.000145704
0 0.208984 0.717188 0.0867188 0.24375 0.000146367
0 0.754687 0.576563 0.11875 0.265625 0.00015182
0 0.696484 0.554688 0.188281 0.203125 0.000163309
0 0.783594 0.645703 0.153125 0.292969 0.000175209
0 0.619922 0.591797 0.150781 0.194531 0.000176485
0 0.763281 0.696094 0.0828125 0.1125 0.00018657
0 0.216406 0.799219 0.096875 0.160938 0.000189189
0 0.303906 0.675 0.23125 0.214062 0.000190968
0 0.296484 0.553906 0.153906 0.19375 0.00019977
0 0.389453 0.0511719 0.235156 0.102344 0.000228236
0 0.137109 0.0203125 0.0570313 0.0359375 0.000235228
0 0.610156 0.550781 0.209375 0.3 0.000238304
0 0.716797 0.713281 0.135156 0.120312 0.000247807
0 0.253906 0.797266 0.078125 0.0867188 0.000254802
0 0.311328 0.796484 0.203906 0.174219 0.000257146
0 0.245703 0.536328 0.121094 0.200781 0.000303477
0 0.659766 0.732422 0.178906 0.158594 0.000310177
0 0.219922 0.571094 0.110156 0.2875 0.000317909
0 0.364062 0.0277344 0.171875 0.0554687 0.000325234
0 0.276563 0.741016 0.1875 0.175781 0.000330941
0 0.675781 0.717969 0.0796875 0.0875 0.000333603
0 0.298828 0.634766 0.147656 0.271094 0.000355722
0 0.242578 0.572656 0.0882813 0.114063 0.000358046
0 0.238281 0.614844 0.0875 0.110937 0.000403274
0 0.385156 0.761328 0.209375 0.246094 0.000565672
0 0.233984 0.762891 0.0867188 0.107031 0.000569258
0 0.696094 0.720703 0.320312 0.308594 0.000716537
0 0.200391 0.641016 0.136719 0.380469 0.000743575
0 0.250781 0.798437 0.11875 0.128125 0.000778658
0 0.658203 0.61875 0.147656 0.228125 0.000873868
0 0.748047 0.574219 0.174219 0.370313 0.0010216
0 0.757422 0.682422 0.125781 0.189844 0.00135762
0 0.673437 0.695703 0.125 0.146094 0.0015233
0 0.339453 0.535937 0.252344 0.510938 0.00170423
0 0.226953 0.673437 0.0929687 0.273438 0.00190965
0 0.633203 0.678125 0.189844 0.28125 0.00217624
0 0.273047 0.531641 0.191406 0.369531 0.00293642
0 0.692578 0.695703 0.214844 0.183594 0.00344678
0 0.714063 0.61875 0.153125 0.254687 0.00357939
0 0.234375 0.757422 0.115625 0.178906 0.00362466
0 0.655078 0.499609 0.280469 0.533594 0.00379439
0 0.376953 0.648828 0.249219 0.475781 0.00389692
0 0.258984 0.591406 0.144531 0.196875 0.00424488
0 0.298828 0.747656 0.278906 0.289062 0.00604858
0 0.249219 0.647266 0.14375 0.357031 0.109303
0 0.296484 0.639844 0.255469 0.404687 0.317045
0 0.684766 0.630469 0.252344 0.317187 0.380945
