0 0.240625 0.239063 0.142188 0.132812 0.00010013
0 0.744531 0.563281 0.1375 0.134375 0.000102201
0 0.222656 0.726562 0.353125 0.410937 0.00010652
0 0.819141 0.571094 0.117969 0.135937 0.00010875
0 0.735547 0.277344 0.0851562 0.110937 0.000110103
0 0.0707031 0.758594 0.141406 0.482812 0.000125596
0 0.763281 0.55 0.0859375 0.096875 0.000126418
0 0.132031 0.783203 0.259375 0.433594 0.00013467
0 0.220313 0.382812 0.189063 0.165625 0.000139157
0 0.239063 0.467187 0.14375 0.165625 0.000151556
0 0.334766 0.478906 0.111719 0.120312 0.000152417
0 0.296484 0.553125 0.183594 0.182812 0.000168998
0 0.326953 0.301953 0.147656 0.161719 0.000171971
0 0.0539063 0.860937 0.101562 0.278125 0.000191941
0 0.155859 0.507031 0.119531 0.115625 0.000207596
0 0.199219 0.342578 0.135937 0.202344 0.00021074
0 0.312891 0.383984 0.197656 0.299219 0.000219016
0 0.237891 0.341406 0.147656 0.1625 0.000225375
0 0.759375 0.366406 0.142188 0.251563 0.000232614
0 0.666016 0.270312 0.269531 0.385938 0.000234288
0 0.210547 0.283203 0.144531 0.185156 0.000241396
0 0.808203 0.540625 0.155469 0.215625 0.000263015
0 0.658984 0.521875 0.211719 0.229687 0.000300695
0 0.162109 0.620703 0.297656 0.496094 0.000334328
0 0.770312 0.581641 0.198437 0.192969 0.00034988
0 0.299609 0.477734 0.191406 0.196094 0.000385058
0 0.200391 0.508203 0.208594 0.161719 0.000395727
0 0.682031 0.232422 0.214062 0.221094 0.00045448
0 0.166016 0.439063 0.182031 0.282813 0.000576759
0 0.273438 0.264844 0.198437 0.204688 0.000650965
0 0.239063 0.428516 0.240625 0.216406 0.000829127
0 0.213672 0.583203 0.333594 0.300781 0.000889164
0 0.789844 0.426172 0.209375 0.453906 0.00115162
0 0.76875 0.533984 0.157813 0.166406 0.00116713
0 0.241016 0.316016 0.221094 0.247656 0.00173762
0 0.722656 0.522266 0.2875 0.275781 0.00335075
0 0.726172 0.266406 0.142969 0.201562 0.00392432
0 0.224219 0.502734 0.278125 0.252344 0.00585073
0 0.725391 0.320312 0.183594 0.315625 0.00591575
0 0.235156 0.384766 0.279687 0.417969 0.0352706
0 0.711328 0.389844 0.288281 0.515625 0.208213
