0 0.68125 0.152734 0.0890625 0.116406 0.000100281
0 0.232422 0.640625 0.117969 0.171875 0.000107029
0 0.385156 0.156641 0.103125 0.0976562 0.000108214
0 0.395703 0.144531 0.267969 0.284375 0.000110395
0 0.707812 0.399219 0.142188 0.276563 0.000111285
0 0.385547 0.443359 0.178906 0.399219 0.000112107
0 0.0214844 0.313672 0.0414063 0.452344 0.000112331
0 0.314063 0.317187 0.15625 0.315625 0.0001137
0 0.484375 0.392188 0.240625 0.498437 0.000116821
0 0.666016 0.216016 0.153906 0.244531 0.000131758
0 0.705469 0.398828 0.185937 0.436719 0.000133624
0 0.718359 0.475 0.288281 0.507812 0.000135818
0 0.764844 0.259766 0.065625 0.180469 0.00013921
0 0.777734 0.492578 0.108594 0.247656 0.000148934
0 0.789453 0.444141 0.122656 0.446094 0.000154962
0 0.404297 0.5125 0.105469 0.134375 0.000156009
0 0.273828 0.446875 0.141406 0.301562 0.000166491
0 0.739062 0.602734 0.273438 0.300781 0.000179655
0 0.760156 0.312109 0.0875 0.222656 0.000191056
0 0.719531 0.638281 0.160938 0.185937 0.00019633
0 0.386719 0.498047 0.145313 0.208594 0.000198696
0 0.96875 0.435937 0.0578125 0.760938 0.000217823
0 0.454297 0.200391 0.300781 0.399219 0.000224159
0 0.429688 0.605859 0.340625 0.439844 0.000225546
0 0.248437 0.491406 0.1125 0.25 0.000230528
0 0.680469 0.246484 0.0796875 0.138281 0.000233562
0 0.737109 0.385156 0.0992187 0.167187 0.000237438
0 0.525 0.515234 0.360938 0.636719 0.000268138
0 0.357422 0.60625 0.0898438 0.104687 0.000278934
0 0.694141 0.283203 0.107031 0.142969 0.000282497
0 0.640625 0.546875 0.232812 0.35 0.000294786
0 0.797656 0.628516 0.129688 0.219531 0.000316921
0 0.655078 0.617188 0.164844 0.201562 0.000358416
0 0.287891 0.594922 0.0960938 0.113281 0.000364244
0 0.625 0.451172 0.30625 0.564844 0.000395116
0 0.744531 0.592969 0.15625 0.19375 0.000396697
0 0.758203 0.400391 0.125781 0.260156 0.000455575
0 0.402344 0.546094 0.198437 0.25 0.000756439
0 0.354297 0.473047 0.313281 0.483594 0.000822821
0 0.459766 0.375 0.339844 0.729688 0.000840551
0 0.389062 0.608594 0.157813 0.189063 0.00116113
0 0.745313 0.481641 0.159375 0.358594 0.00122245
0 0.676562 0.273438 0.0671875 0.078125 0.00127408
0 0.255859 0.597656 0.152344 0.198437 0.00139405
0 0.35625 0.607422 0.139062 0.139844 0.00260405
0 0.332812 0.597266 0.3 0.278906 0.00285647
0 0.283594 0.538281 0.178125 0.2625 0.00323459
0 0.777734 0.569531 0.144531 0.278125 0.00364135
0 0.341797 0.543359 0.210156 0.222656 0.00421164
0 0.323047 0.594922 0.0929687 0.102344 0.00442464
0 0.315234 0.591406 0.192969 0.165625 0.0710819
