0 0.0261719 0.273828 0.0523437 0.421094 0.000100184
0 0.704687 0.632422 0.0796875 0.0804688 0.000102053
0 0.623438 0.567187 0.139062 0.196875 0.000102378
0 0.815625 0.720703 0.0671875 0.108594 0.000102478
0 0.328516 0.467187 0.135156 0.267188 0.000104652
0 0.732031 0.262109 0.06875 0.100781 0.000105116
0 0.774219 0.6875 0.109375 0.096875 0.000105844
0 0.34375 0.371875 0.123438 0.221875 0.000107299
0 0.7125 0.196875 0.0609375 0.0609375 0.0001078
0 0.662109 0.646484 0.150781 0.141406 0.000108215
0 0.68125 0.592578 0.0859375 0.103906 0.0001086
0 0.21875 0.259766 0.065625 0.0789063 0.000110028
0 0.760156 0.732031 0.084375 0.0765625 0.000110334
0 0.151172 0.617969 0.128906 0.164062 0.000110489
0 0.80625 0.655078 0.0640625 0.0804688 0.000110811
0 0.712891 0.216016 0.0820312 0.113281 0.000111989
0 0.732813 0.628125 0.08125 0.084375 0.000115295
0 0.738672 0.576563 0.0882813 0.110937 0.000117538
0 0.216016 0.346094 0.0820312 0.096875 0.000117541
0 0.235156 0.551562 0.145313 0.146875 0.000118213
0 0.616406 0.440234 0.0765625 0.125781 0.000128114
0 0.704297 0.318359 0.0835937 0.103906 0.000129719
0 0.305078 0.155078 0.155469 0.103906 0.000137394
0 0.717188 0.653516 0.0734375 0.0632813 0.000140342
0 0.248828 0.351172 0.150781 0.180469 0.00014311
0 0.200781 0.364844 0.084375 0.096875 0.000153912
0 0.336328 0.281641 0.149219 0.236719 0.000154945
0 0.180078 0.479688 0.267969 0.398438 0.000159266
0 0.707031 0.3875 0.289062 0.44375 0.000163483
0 0.263281 0.394141 0.304688 0.496094 0.000164374
0 0.807031 0.682813 0.075 0.114063 0.000166237
0 0.771484 0.365625 0.107031 0.196875 0.000180002
0 0.698047 0.196484 0.0882813 0.0882813 0.000184406
0 0.792578 0.551953 0.105469 0.210156 0.000190792
0 0.776172 0.469531 0.0976562 0.182812 0.000191512
0 0.722656 0.512891 0.114063 0.205469 0.000199715
0 0.798828 0.650781 0.100781 0.126563 0.000202076
0 0.701953 0.282031 0.0789063 0.0875 0.000218122
0 0.723828 0.343359 0.0757812 0.107031 0.000218343
0 0.298047 0.527734 0.158594 0.183594 0.000256362
0 0.716406 0.652344 0.101562 0.090625 0.00025717
0 0.679297 0.557422 0.117969 0.175781 0.000267978
0 0.194531 0.496484 0.139062 0.208594 0.000290113
0 0.89375 0.639844 0.2125 0.720312 0.000297063
0 0.739844 0.364453 0.0828125 0.0945313 0.000300349
0 0.679688 0.296875 0.146875 0.134375 0.000307247
0 0.719141 0.55 0.277344 0.323438 0.000316014
0 0.169141 0.401953 0.122656 0.186719 0.000350559
0 0.643359 0.186328 0.196094 0.130469 0.000353498
0 0.224609 0.278125 0.111719 0.164062 0.00035456
0 0.669922 0.349219 0.191406 0.2375 0.000356016
0 0.135937 0.562109 0.132812 0.208594 0.000362711
0 0.215625 0.56875 0.292188 0.26875 0.000387573
0 0.341797 0.177344 0.149219 0.151562 0.000408516
0 0.258984 0.278516 0.178906 0.233594 0.000425779
0 0.711328 0.437891 0.172656 0.386719 0.000478865
0 0.301562 0.200391 0.176563 0.196094 0.000517252
0 0.759375 0.626562 0.160938 0.15 0.00053489
0 0.255859 0.574609 0.230469 0.174219 0.000556827
0 0.720312 0.297266 0.078125 0.0804688 0.000561283
0 0.726562 0.382031 0.0953125 0.1625 0.000659194
0 0.174609 0.573828 0.0898438 0.0929687 0.000735518
0 0.685938 0.234766 0.159375 0.196094 0.000750513
0 0.7625 0.53125 0.11875 0.217187 0.000767924
0 0.718359 0.610937 0.0867188 0.0875 0.000778417
0 0.761719 0.425391 0.10625 0.202344 0.0008353
0 0.717188 0.279687 0.104687 0.1375 0.00107264
0 0.722266 0.312109 0.147656 0.244531 0.00113473
0 0.207031 0.335156 0.128125 0.1875 0.00124017
0 0.244922 0.481641 0.241406 0.310156 0.00154815
0 0.682422 0.602344 0.161719 0.15625 0.00159457
0 0.725781 0.319922 0.1125 0.157031 0.00193647
0 0.164453 0.4875 0.152344 0.301562 0.00206683
0 0.197266 0.398828 0.146094 0.255469 0.00221677
0 0.718359 0.610937 0.135156 0.125 0.00267737
0 0.741016 0.373828 0.125781 0.258594 0.00387672
0 0.179688 0.58125 0.142188 0.139062 0.00388526
0 0.755859 0.454688 0.136719 0.33125 0.00542349
0 0.725781 0.573828 0.167187 0.185156 0.00768727
0 0.194141 0.547656 0.197656 0.196875 0.0111156
