0 0.0707031 0.866016 0.141406 0.236719 0.000100879
0 0.609375 0.115234 0.135937 0.102344 0.000103319
0 0.936328 0.861719 0.124219 0.260938 0.000107012
0 0.963672 0.687891 0.0710938 0.197656 0.000108878
0 0.425391 0.740234 0.0742188 0.0882813 0.000109424
0 0.782031 0.547656 0.18125 0.195312 0.000110686
0 0.765625 0.228516 0.198437 0.252344 0.000113783
0 0.167578 0.381641 0.216406 0.422656 0.000119424
0 0.769141 0.109766 0.425781 0.213281 0.000122692
0 0.760156 0.597266 0.167187 0.202344 0.000124866
0 0.0234375 0.808594 0.046875 0.320312 0.000125429
0 0.703125 0.635156 0.120312 0.154687 0.000125942
0 0.967578 0.605078 0.0648438 0.321094 0.000131181
0 0.935156 0.200781 0.129688 0.3875 0.000131559
0 0.302734 0.210156 0.341406 0.371875 0.000137987
0 0.234766 0.216797 0.219531 0.260156 0.000143474
0 0.347656 0.699609 0.321875 0.308594 0.000144424
0 0.453906 0.373828 0.275 0.519531 0.000145248
0 0.416406 0.634766 0.146875 0.253906 0.00014579
0 0.229297 0.272656 0.108594 0.14375 0.000151664
0 0.819531 0.508594 0.18125 0.18125 0.000153576
0 0.883594 0.613281 0.0765625 0.09375 0.000153934
0 0.669531 0.621875 0.242188 0.334375 0.000159633
0 0.780469 0.655859 0.135937 0.150781 0.000160462
0 0.725 0.399219 0.276563 0.385938 0.000160574
0 0.388672 0.567578 0.182031 0.367969 0.000161632
0 0.096875 0.8 0.190625 0.339063 0.000163231
0 0.365234 0.134375 0.330469 0.239063 0.000163355
0 0.805078 0.357812 0.161719 0.33125 0.000165197
0 0.444141 0.278516 0.214844 0.303906 0.000165473
0 0.864844 0.0675781 0.260938 0.121094 0.000165528
0 0.183203 0.490234 0.114844 0.166406 0.00017204
0 0.129297 0.707422 0.205469 0.325781 0.000174616
0 0.342578 0.678906 0.163281 0.1625 0.000177287
0 0.191016 0.652734 0.167969 0.269531 0.000180079
0 0.970312 0.437109 0.059375 0.650781 0.000181844
0 0.8875 0.775781 0.2125 0.273438 0.000185628
0 0.648828 0.105078 0.342969 0.166406 0.000189311
0 0.674609 0.236719 0.144531 0.25 0.000196238
0 0.108594 0.545313 0.204688 0.625 0.00019733
0 0.8 0.472656 0.128125 0.140625 0.000198043
0 0.568359 0.310547 0.246094 0.411719 0.000200067
0 0.870703 0.136719 0.250781 0.245312 0.000211305
0 0.569141 0.2625 0.171094 0.292188 0.000220951
0 0.237109 0.450781 0.146094 0.179688 0.000225856
0 0.391797 0.686719 0.138281 0.16875 0.000233486
0 0.196094 0.559766 0.209375 0.510156 0.000247902
0 0.708594 0.0695312 0.428125 0.135937 0.000254919
0 0.778516 0.508984 0.130469 0.146094 0.000258795
0 0.190625 0.720703 0.126563 0.147656 0.000261507
0 0.707812 0.611719 0.171875 0.2375 0.000265621
0 0.930859 0.692969 0.133594 0.24375 0.000270593
0 0.841797 0.443359 0.236719 0.386719 0.000274578
0 0.583203 0.15625 0.139844 0.170312 0.000277765
0 0.371094 0.214453 0.198437 0.277344 0.000285908
0 0.798828 0.639063 0.221094 0.185937 0.000287584
0 0.926562 0.601562 0.14375 0.278125 0.000290692
0 0.778906 0.713672 0.298438 0.230469 0.000292982
0 0.309375 0.721484 0.260938 0.194531 0.000294807
0 0.241016 0.310156 0.158594 0.289062 0.000311883
0 0.0269531 0.649219 0.0523437 0.5125 0.000318575
0 0.713672 0.176172 0.0773437 0.113281 0.000320797
0 0.3875 0.517969 0.296875 0.6625 0.000351315
0 0.655859 0.501172 0.450781 0.764844 0.000352183
0 0.714844 0.263672 0.15 0.278906 0.000385805
0 0.790234 0.200781 0.353906 0.351562 0.000423117
0 0.925391 0.456641 0.149219 0.583594 0.000431827
0 0.200391 0.478906 0.163281 0.248437 0.000436437
0 0.882812 0.613281 0.114063 0.146875 0.000453225
0 0.697656 0.153906 0.328125 0.253125 0.000474038
0 0.0507812 0.601953 0.101562 0.735156 0.000476999
0 0.295312 0.312891 0.242188 0.397656 0.000486949
0 0.867188 0.297266 0.260938 0.563281 0.000517862
0 0.710938 0.191016 0.110937 0.163281 0.000533769
0 0.269531 0.478125 0.242188 0.403125 0.000691733
0 0.741406 0.567578 0.2875 0.430469 0.000733035
0 0.782031 0.295312 0.267188 0.392188 0.000738903
0 0.2375 0.704297 0.229687 0.203906 0.000764397
0 0.354688 0.640234 0.2 0.269531 0.00079446
0 0.890234 0.605469 0.167969 0.20625 0.000860709
0 0.736719 0.667578 0.195312 0.200781 0.000879547
0 0.782031 0.480469 0.209375 0.367188 0.00102526
0 0.674609 0.189453 0.213281 0.207031 0.00106053
0 0.235938 0.400391 0.179688 0.339844 0.0010647
0 0.860156 0.676172 0.248437 0.214844 0.0011408
0 0.287109 0.633203 0.278906 0.317969 0.00126525
0 0.598828 0.204297 0.191406 0.266406 0.00137034
0 0.652734 0.352344 0.336719 0.546875 0.00237351
0 0.639063 0.267578 0.253125 0.347656 0.00357017
0 0.854297 0.556641 0.257031 0.358594 0.0039598
0 0.299609 0.45625 0.313281 0.692187 0.00475329
0 0.804297 0.626172 0.292969 0.282031 0.0048228
0 0.787891 0.444922 0.353906 0.641406 0.00899727
