0 0.220703 0.455078 0.0804688 0.114844 0.000100547
0 0.653906 0.159766 0.129688 0.117969 0.000101791
0 0.645703 0.724609 0.374219 0.497656 0.000102812
0 0.888281 0.05625 0.221875 0.110937 0.000103172
0 0.635156 0.164453 0.192188 0.188281 0.000103808
0 0.671875 0.969531 0.273438 0.0609375 0.00010811
0 0.682031 0.279687 0.0671875 0.078125 0.000112392
0 0.386328 0.253906 0.0867188 0.117188 0.000113232
0 0.701953 0.501562 0.0898438 0.0953125 0.000114349
0 0.769531 0.577344 0.167187 0.270312 0.000116366
0 0.893359 0.111719 0.208594 0.223438 0.000117153
0 0.420703 0.478906 0.158594 0.19375 0.000118916
0 0.68125 0.345313 0.117188 0.245312 0.000119121
0 0.65 0.560547 0.192188 0.167969 0.000119709
0 0.712891 0.282031 0.0726563 0.090625 0.000120111
0 0.771094 0.901172 0.065625 0.0820312 0.00012401
0 0.178125 0.514453 0.0984375 0.139844 0.000124988
0 0.360156 0.139844 0.0796875 0.0546875 0.000125574
0 0.260938 0.469922 0.09375 0.107031 0.000127255
0 0.353906 0.214844 0.309375 0.353125 0.000130455
0 0.345313 0.151953 0.0875 0.0867188 0.000130676
0 0.711328 0.240234 0.0851562 0.114844 0.000134795
0 0.680859 0.410937 0.0851562 0.0984375 0.000136797
0 0.662109 0.450781 0.0882813 0.10625 0.000140786
0 0.304688 0.428906 0.0859375 0.1125 0.000147124
0 0.316797 0.372266 0.0851562 0.0695312 0.000148256
0 0.940625 0.0617188 0.11875 0.123438 0.00016222
0 0.335938 0.502734 0.310937 0.310156 0.000165853
0 0.185937 0.969531 0.29375 0.059375 0.000167911
0 0.629297 0.185937 0.135156 0.129688 0.00017046
0 0.795313 0.510156 0.165625 0.16875 0.00017944
0 0.94375 0.150391 0.1125 0.300781 0.00018113
0 0.972266 0.105078 0.0554687 0.210156 0.000182656
0 0.38125 0.195312 0.140625 0.15 0.000187804
0 0.289844 0.1625 0.09375 0.0609375 0.00019012
0 0.659375 0.271094 0.151562 0.209375 0.000192024
0 0.69375 0.215625 0.109375 0.110937 0.000205191
0 0.641797 0.430469 0.139844 0.190625 0.000206414
0 0.907031 0.2125 0.178125 0.417188 0.000206765
0 0.709766 0.560156 0.221094 0.214062 0.000213834
0 0.976953 0.348828 0.0460938 0.330469 0.000217507
0 0.342187 0.259375 0.178125 0.201562 0.000219775
0 0.691406 0.333984 0.29375 0.471094 0.000222262
0 0.360156 0.408203 0.109375 0.182031 0.000225024
0 0.267578 0.530859 0.227344 0.197656 0.000247066
0 0.197656 0.466406 0.121875 0.2 0.000248632
0 0.981641 0.858203 0.0367187 0.283594 0.000249068
0 0.351562 0.161328 0.173438 0.132031 0.000257065
0 0.369141 0.960547 0.375781 0.0789063 0.00025799
0 0.222656 0.529688 0.128125 0.146875 0.000264933
0 0.286328 0.36875 0.0773437 0.0703125 0.000266491
0 0.319531 0.452344 0.090625 0.117188 0.000275232
0 0.387109 0.487109 0.130469 0.150781 0.000306362
0 0.694531 0.273828 0.096875 0.121094 0.000320489
0 0.713281 0.323047 0.1375 0.299219 0.000340721
0 0.616016 0.523438 0.152344 0.153125 0.00034812
0 0.298438 0.240234 0.0828125 0.0976562 0.000355561
0 0.302734 0.194922 0.0898438 0.0820312 0.000372378
0 0.262891 0.387109 0.130469 0.205469 0.000374048
0 0.65625 0.487891 0.0890625 0.0914062 0.000390077
0 0.971484 0.226953 0.0570313 0.453906 0.000394432
0 0.370313 0.440625 0.160938 0.204688 0.000397328
0 0.233984 0.487109 0.0914062 0.102344 0.000404123
0 0.259766 0.265625 0.0773437 0.096875 0.000437631
0 0.333984 0.487109 0.0867188 0.0945313 0.000445467
0 0.337891 0.387891 0.108594 0.117969 0.000483544
0 0.283984 0.370313 0.105469 0.10625 0.000520012
0 0.198828 0.521094 0.0710938 0.109375 0.000588757
0 0.698047 0.45 0.0882813 0.104687 0.000697178
0 0.316797 0.404687 0.0851562 0.09375 0.000730606
0 0.269531 0.292578 0.132812 0.233594 0.000735454
0 0.688281 0.46875 0.26875 0.271875 0.000886866
0 0.223828 0.431641 0.113281 0.233594 0.00092338
0 0.310547 0.172266 0.114844 0.0914062 0.000941382
0 0.252344 0.364844 0.167187 0.321875 0.00098304
0 0.663672 0.360156 0.189844 0.360938 0.000998798
0 0.333984 0.195703 0.169531 0.132031 0.00102398
0 0.767578 0.507812 0.0882813 0.13125 0.00103877
0 0.665234 0.196875 0.125781 0.120312 0.00130027
0 0.659375 0.473047 0.135937 0.135156 0.00135421
0 0.303125 0.3875 0.078125 0.0796875 0.00136113
0 0.625391 0.488281 0.119531 0.128125 0.0014258
0 0.723047 0.486328 0.0914062 0.0914062 0.00143951
0 0.745313 0.456641 0.107813 0.174219 0.00164222
0 0.282813 0.258594 0.08125 0.0890625 0.00286397
0 0.291016 0.405469 0.278906 0.3625 0.00287787
0 0.303906 0.481641 0.0875 0.0820312 0.00313708
0 0.299219 0.223047 0.125 0.155469 0.00316401
0 0.335547 0.469141 0.163281 0.157031 0.00324455
0 0.305469 0.411328 0.125 0.167969 0.0037324
0 0.740625 0.507031 0.140625 0.1625 0.00376357
0 0.691016 0.414844 0.166406 0.23125 0.00451381
0 0.208594 0.490625 0.084375 0.132812 0.0060843
0 0.670703 0.503516 0.203906 0.133594 0.00675975
0 0.317969 0.399609 0.185937 0.266406 0.00795504
0 0.300781 0.483203 0.139062 0.113281 0.0098161
0 0.243359 0.480078 0.158594 0.161719 0.0151736
0 0.747656 0.491406 0.0796875 0.114063 0.0173655
0 0.708984 0.478516 0.161719 0.150781 0.0559335
0 0.284766 0.455078 0.199219 0.199219 0.0655026
