0 0.180078 0.531641 0.0960938 0.153906 0.000106537
0 0.655469 0.737109 0.0828125 0.0960938 0.000108859
0 0.328125 0.723828 0.307813 0.308594 0.00011148
0 0.266016 0.8125 0.292969 0.2625 0.000112457
0 0.640234 0.241016 0.0726563 0.0945313 0.000112706
0 0.332812 0.30625 0.107813 0.084375 0.000113287
0 0.219922 0.399609 0.0726563 0.117969 0.000113743
0 0.653906 0.240625 0.0421875 0.0703125 0.000115419
0 0.233203 0.465234 0.136719 0.274219 0.000116462
0 0.680078 0.258203 0.0523437 0.0695312 0.000119562
0 0.3375 0.270703 0.065625 0.0882813 0.000123603
0 0.169922 0.571484 0.117969 0.285156 0.000131313
0 0.55 0.239063 0.0625 0.0796875 0.000131922
0 0.573047 0.290625 0.0835937 0.096875 0.000137494
0 0.220703 0.437891 0.110156 0.166406 0.000148572
0 0.605469 0.280469 0.05625 0.0765625 0.000188755
0 0.719922 0.735156 0.0867188 0.1 0.000190797
0 0.158984 0.757812 0.128906 0.178125 0.000191362
0 0.809375 0.717969 0.26875 0.315625 0.000193008
0 0.240625 0.753906 0.153125 0.178125 0.00019946
0 0.3375 0.760938 0.15625 0.1625 0.000202228
0 0.765234 0.787109 0.224219 0.221094 0.000204014
0 0.801953 0.719922 0.0882813 0.116406 0.000242638
0 0.585547 0.242188 0.0382813 0.059375 0.000252148
0 0.704687 0.682031 0.148438 0.1875 0.000252857
0 0.576172 0.260156 0.0585938 0.0984375 0.000267936
0 0.246094 0.573438 0.221875 0.464063 0.000298837
0 0.194141 0.525781 0.125781 0.251563 0.000300096
0 0.590234 0.274609 0.0679687 0.102344 0.000355101
0 0.739062 0.716406 0.0890625 0.109375 0.000370826
0 0.258984 0.289844 0.0523437 0.0703125 0.000384569
0 0.223828 0.380078 0.0617188 0.0679687 0.00039121
0 0.364062 0.308203 0.0734375 0.0726563 0.000463892
0 0.655859 0.736719 0.128906 0.128125 0.000473423
0 0.198828 0.738672 0.149219 0.180469 0.000697947
0 0.815234 0.701172 0.124219 0.196094 0.000771674
0 0.275391 0.704687 0.197656 0.185937 0.000772631
0 0.769531 0.576953 0.157813 0.382031 0.000799937
0 0.761328 0.698438 0.0929687 0.109375 0.000840608
0 0.655469 0.719531 0.192188 0.176563 0.00104054
0 0.744922 0.660547 0.150781 0.219531 0.00108094
0 0.721875 0.733203 0.139062 0.128906 0.00128379
0 0.191016 0.653516 0.175781 0.327344 0.00139242
0 0.296875 0.759766 0.21875 0.213281 0.00150099
0 0.798047 0.744922 0.171094 0.192969 0.00208892
0 0.790234 0.657422 0.164844 0.275781 0.002742
0 0.700391 0.749609 0.239844 0.180469 0.00349234
0 0.725391 0.679688 0.280469 0.275 0.00611372
0 0.228906 0.737109 0.25625 0.216406 0.0297787
0 0.757031 0.713281 0.198437 0.1875 0.147788
