0 0.205469 0.421875 0.0609375 0.0703125 0.00010125
0 0.941797 0.0867188 0.116406 0.171875 0.00010302
0 0.112891 0.883984 0.221094 0.230469 0.000104967
0 0.685547 0.189453 0.102344 0.0773437 0.000108324
0 0.718359 0.425781 0.0898438 0.109375 0.000108903
0 0.834766 0.508594 0.191406 0.265625 0.000108937
0 0.323047 0.464453 0.149219 0.188281 0.000112769
0 0.698047 0.245312 0.166406 0.195312 0.000115701
0 0.397656 0.383203 0.13125 0.155469 0.000116926
0 0.24375 0.407031 0.0953125 0.06875 0.000117325
0 0.126563 0.633203 0.2375 0.614844 0.000117459
0 0.642187 0.940234 0.315625 0.117969 0.000121153
0 0.803516 0.602734 0.275781 0.422656 0.000122437
0 0.225781 0.440625 0.182812 0.146875 0.000122905
0 0.15 0.969141 0.3 0.0585938 0.000123549
0 0.621875 0.343359 0.0890625 0.119531 0.0001236
0 0.7375 0.484375 0.142188 0.125 0.000124003
0 0.664844 0.544922 0.275 0.239844 0.000129877
0 0.335938 0.217187 0.0671875 0.0671875 0.000135406
0 0.654297 0.219531 0.124219 0.135937 0.000135811
0 0.872266 0.0300781 0.227344 0.0601562 0.000140579
0 0.695703 0.36875 0.152344 0.203125 0.000140824
0 0.26875 0.967578 0.264062 0.0648438 0.0001418
0 0.980859 0.520312 0.0382813 0.3875 0.000148699
0 0.281641 0.288672 0.250781 0.267969 0.000161066
0 0.0296875 0.729688 0.059375 0.5 0.00016548
0 0.902344 0.0640625 0.176563 0.128125 0.00017369
0 0.755078 0.330078 0.247656 0.286719 0.000183527
0 0.471484 0.0328125 0.216406 0.065625 0.000186787
0 0.445703 0.147656 0.258594 0.2875 0.000187259
0 0.319141 0.216797 0.0976562 0.116406 0.000187473
0 0.252344 0.326172 0.145313 0.166406 0.000195471
0 0.216406 0.403906 0.0890625 0.08125 0.000196132
0 0.681641 0.965625 0.294531 0.06875 0.000196744
0 0.813672 0.429688 0.128906 0.190625 0.000222403
0 0.303516 0.416016 0.0929687 0.100781 0.00022388
0 0.964063 0.0527344 0.071875 0.105469 0.000228517
0 0.105859 0.781641 0.205469 0.413281 0.000249959
0 0.803516 0.483984 0.132031 0.150781 0.000265159
0 0.312109 0.248047 0.160156 0.239844 0.000267
0 0.227344 0.683203 0.3625 0.525781 0.000269655
0 0.612891 0.457812 0.127344 0.198437 0.000277075
0 0.759766 0.423438 0.0929687 0.109375 0.000286695
0 0.378906 0.212109 0.3125 0.382031 0.000290728
0 0.205469 0.955078 0.370313 0.0882813 0.000292033
0 0.505469 0.114063 0.246875 0.228125 0.000295867
0 0.0625 0.725391 0.125 0.546094 0.000301948
0 0.225 0.419922 0.129688 0.0992187 0.000309645
0 0.725 0.705469 0.396875 0.501562 0.000314789
0 0.657031 0.327734 0.173438 0.257031 0.000331278
0 0.503125 0.0535156 0.240625 0.107031 0.000332542
0 0.792188 0.391406 0.139062 0.128125 0.000336773
0 0.639063 0.366797 0.121875 0.175781 0.000349402
0 0.336328 0.508984 0.266406 0.266406 0.000363033
0 0.385938 0.437891 0.142188 0.171094 0.000370413
0 0.7375 0.504297 0.245312 0.153906 0.000370599
0 0.932031 0.0335938 0.135937 0.0671875 0.00054788
0 0.284766 0.390625 0.0945313 0.0875 0.000571229
0 0.359766 0.371875 0.133594 0.121875 0.000584698
0 0.334766 0.303516 0.316406 0.422656 0.000585974
0 0.319531 0.199219 0.0734375 0.065625 0.000641639
0 0.281641 0.439063 0.153906 0.153125 0.00071671
0 0.263281 0.552734 0.348437 0.380469 0.00114841
0 0.726172 0.549219 0.344531 0.364062 0.00127224
0 0.761719 0.395312 0.132812 0.0890625 0.00143678
0 0.659766 0.409766 0.177344 0.207031 0.00146021
0 0.258203 0.365234 0.199219 0.178906 0.00175528
0 0.715625 0.444531 0.151562 0.18125 0.00198248
0 0.337891 0.341797 0.225781 0.202344 0.00204401
0 0.663672 0.484375 0.224219 0.1875 0.00238521
0 0.357422 0.403125 0.202344 0.157813 0.00242226
0 0.792578 0.4625 0.202344 0.209375 0.00280454
0 0.318359 0.409766 0.291406 0.252344 0.00324232
0 0.267188 0.405859 0.15 0.0960938 0.00366042
0 0.699609 0.374609 0.250781 0.288281 0.00585858
0 0.31875 0.388672 0.135937 0.114844 0.00675155
0 0.758984 0.415234 0.186719 0.155469 0.0137728
0 0.277734 0.464844 0.280469 0.232812 0.0210385
0 0.295312 0.404687 0.215625 0.140625 0.182612
0 0.716016 0.449609 0.272656 0.211719 0.242652
