0 0.966406 0.562109 0.065625 0.674219 0.000101237
0 0.224219 0.322656 0.0859375 0.104687 0.000102723
0 0.219141 0.425781 0.180469 0.1875 0.000104853
0 0.242188 0.289062 0.123438 0.145313 0.000104965
0 0.134766 0.653516 0.0898438 0.108594 0.000108391
0 0.310937 0.617188 0.229687 0.517187 0.000109296
0 0.578125 0.696484 0.115625 0.244531 0.000109723
0 0.175391 0.615234 0.0882813 0.110156 0.000110535
0 0.347266 0.514063 0.355469 0.735937 0.000111356
0 0.180078 0.0382813 0.241406 0.0734375 0.000113304
0 0.257422 0.532031 0.130469 0.271875 0.00011543
0 0.217187 0.186719 0.334375 0.373437 0.000117577
0 0.0304688 0.564062 0.0578125 0.421875 0.00012167
0 0.884375 0.157813 0.23125 0.315625 0.000127092
0 0.719141 0.6375 0.128906 0.228125 0.000127814
0 0.577344 0.78125 0.121875 0.242188 0.000131737
0 0.217578 0.613672 0.0882813 0.111719 0.000135805
0 0.715625 0.351562 0.114063 0.185937 0.000137516
0 0.305078 0.708594 0.174219 0.335938 0.000137598
0 0.675391 0.482422 0.186719 0.339844 0.000139982
0 0.0742188 0.455078 0.117188 0.550781 0.000142181
0 0.516797 0.510547 0.125781 0.200781 0.000144725
0 0.658203 0.698438 0.191406 0.201562 0.000145871
0 0.305078 0.803125 0.158594 0.251563 0.000149258
0 0.654688 0.637109 0.170312 0.192969 0.00015525
0 0.2625 0.426562 0.13125 0.235938 0.000159319
0 0.725391 0.483203 0.132031 0.319531 0.000162839
0 0.260547 0.325781 0.0914062 0.110937 0.00016556
0 0.172266 0.364844 0.0804688 0.1 0.000167302
0 0.0355469 0.812109 0.0710938 0.375781 0.000169099
0 0.586719 0.469922 0.109375 0.222656 0.000169506
0 0.802734 0.945312 0.136719 0.101562 0.000171032
0 0.748828 0.525781 0.153906 0.501562 0.000171085
0 0.614062 0.615625 0.135937 0.195312 0.000174781
0 0.0335938 0.15625 0.065625 0.3125 0.000176916
0 0.135937 0.61875 0.0875 0.101562 0.00018083
0 0.851562 0.935547 0.225 0.127344 0.000184627
0 0.551953 0.34375 0.0835937 0.1 0.000187443
0 0.502734 0.439453 0.185156 0.333594 0.000193215
0 0.533203 0.324219 0.119531 0.14375 0.000200227
0 0.572656 0.326172 0.0859375 0.102344 0.000209062
0 0.592578 0.573828 0.135156 0.196094 0.000217163
0 0.216406 0.69375 0.2125 0.207813 0.000220541
0 0.56875 0.407422 0.11875 0.202344 0.000222617
0 0.594141 0.2875 0.130469 0.159375 0.000225018
0 0.676562 0.311719 0.148438 0.176563 0.000228124
0 0.812109 0.0730469 0.263281 0.146094 0.000229937
0 0.109766 0.0410156 0.219531 0.0789063 0.000230704
0 0.765234 0.879687 0.127344 0.18125 0.000234856
0 0.542188 0.596484 0.185937 0.483594 0.000239526
0 0.828516 0.728906 0.252344 0.470313 0.0002405
0 0.104687 0.625781 0.176563 0.404687 0.000242142
0 0.124219 0.617188 0.110937 0.160938 0.000248017
0 0.614453 0.2625 0.196094 0.21875 0.000261829
0 0.312891 0.455859 0.221094 0.414844 0.000265361
0 0.0671875 0.100391 0.134375 0.196094 0.000268232
0 0.0964844 0.255469 0.192969 0.465625 0.00027351
0 0.720703 0.720703 0.133594 0.253906 0.000287646
0 0.698047 0.838672 0.146094 0.167969 0.000288484
0 0.284375 0.608203 0.151562 0.282031 0.000290034
0 0.174609 0.346484 0.111719 0.155469 0.000291761
0 0.0648438 0.770703 0.129688 0.458594 0.000293148
0 0.500781 0.479688 0.275 0.504687 0.000299319
0 0.137109 0.449219 0.0992187 0.203125 0.000300036
0 0.56875 0.317187 0.289062 0.41875 0.000301547
0 0.137891 0.533203 0.116406 0.266406 0.000332978
0 0.555859 0.258984 0.163281 0.238281 0.000341102
0 0.776563 0.805469 0.128125 0.214062 0.000353791
0 0.494141 0.51875 0.383594 0.729688 0.000355861
0 0.25625 0.652734 0.157813 0.194531 0.000356505
0 0.675781 0.765234 0.142188 0.222656 0.000363101
0 0.803906 0.199609 0.3875 0.389844 0.000366686
0 0.759375 0.741016 0.13125 0.250781 0.000385554
0 0.259766 0.357422 0.150781 0.158594 0.000390105
0 0.831641 0.868359 0.225781 0.260156 0.000393341
0 0.157422 0.387891 0.0742188 0.0867188 0.000402863
0 0.04375 0.439844 0.0875 0.6875 0.000408813
0 0.255078 0.769531 0.255469 0.401563 0.000414401
0 0.551562 0.363281 0.114063 0.160938 0.000424731
0 0.0269531 0.4 0.0507812 0.484375 0.000429422
0 0.550781 0.488672 0.128125 0.219531 0.000439044
0 0.571875 0.530078 0.132812 0.174219 0.000451633
0 0.657031 0.820312 0.145313 0.18125 0.000483217
0 0.6625 0.363281 0.2 0.279687 0.000523757
0 0.803906 0.894922 0.139062 0.203906 0.000556268
0 0.284375 0.313281 0.160938 0.178125 0.000566779
0 0.614453 0.720703 0.127344 0.244531 0.000575334
0 0.593359 0.835938 0.192969 0.232812 0.000608848
0 0.0304688 0.263281 0.0578125 0.390625 0.000629776
0 0.588672 0.624609 0.314844 0.607031 0.000641787
0 0.645312 0.566016 0.221875 0.347656 0.000664529
0 0.717969 0.609375 0.160938 0.38125 0.000668249
0 0.199219 0.558984 0.192188 0.222656 0.000693322
0 0.126953 0.767187 0.253906 0.409375 0.000698728
0 0.65625 0.869531 0.314063 0.239063 0.000708024
0 0.740625 0.841406 0.145313 0.201562 0.000724905
0 0.199219 0.841406 0.2875 0.314063 0.000741132
0 0.129297 0.610937 0.147656 0.24375 0.000857752
0 0.791016 0.780859 0.167969 0.350781 0.000863997
0 0.0574219 0.222656 0.110156 0.434375 0.000867764
0 0.541406 0.351953 0.14375 0.266406 0.000891294
0 0.135937 0.0714844 0.271875 0.139844 0.000891495
0 0.208984 0.313281 0.313281 0.396875 0.00091961
0 0.623828 0.312891 0.155469 0.158594 0.00096401
0 0.248437 0.680078 0.20625 0.324219 0.00110643
0 0.25625 0.401953 0.229687 0.375781 0.00115042
0 0.155859 0.399609 0.110156 0.177344 0.00128487
0 0.138281 0.147656 0.276563 0.284375 0.00131243
0 0.191797 0.352344 0.175781 0.2 0.00147926
0 0.566406 0.558594 0.167187 0.292188 0.00148523
0 0.2375 0.596484 0.140625 0.207031 0.00162378
0 0.160547 0.449219 0.166406 0.375 0.00189366
0 0.71875 0.785547 0.178125 0.211719 0.0019466
0 0.162109 0.635938 0.146094 0.160938 0.00211873
0 0.569531 0.321094 0.140625 0.16875 0.00216536
0 0.610156 0.648828 0.190625 0.417969 0.00252338
0 0.1625 0.673828 0.204688 0.199219 0.00256862
0 0.248047 0.564844 0.222656 0.401563 0.00476171
0 0.234766 0.318359 0.178906 0.200781 0.00514098
0 0.564062 0.449609 0.179688 0.344531 0.00532376
0 0.747656 0.845703 0.225 0.272656 0.00545273
0 0.590234 0.371875 0.172656 0.295312 0.00587735
0 0.611719 0.466016 0.228125 0.477344 0.00609333
0 0.198828 0.615625 0.150781 0.179688 0.00613759
0 0.621094 0.775 0.192188 0.285937 0.00692194
0 0.746484 0.732031 0.200781 0.401563 0.00814167
0 0.187891 0.719531 0.258594 0.357812 0.0112143
0 0.688281 0.639453 0.2625 0.572656 0.0162291
0 0.689453 0.801562 0.277344 0.289062 0.0757915
0 0.206641 0.469922 0.247656 0.496094 0.108017
0 0.196484 0.627734 0.233594 0.246094 0.158055
