0 0.970312 0.0863281 0.05625 0.152344 0.000106538
0 0.360938 0.347266 0.16875 0.200781 0.000107111
0 0.228125 0.401172 0.0890625 0.119531 0.00011446
0 0.974609 0.766797 0.0507812 0.411719 0.000120552
0 0.674219 0.701563 0.198437 0.192188 0.000130938
0 0.309375 0.318359 0.157813 0.158594 0.000140068
0 0.798047 0.0515625 0.152344 0.103125 0.000145838
0 0.78125 0.596484 0.125 0.232031 0.000151843
0 0.246875 0.391797 0.117188 0.174219 0.000159485
0 0.959375 0.0613281 0.08125 0.122656 0.000162579
0 0.291406 0.476172 0.223438 0.427344 0.000185302
0 0.739453 0.364453 0.107031 0.144531 0.000191524
0 0.220703 0.467187 0.121094 0.234375 0.000196626
0 0.203906 0.654688 0.146875 0.253125 0.000196838
0 0.275391 0.349609 0.0867188 0.116406 0.000226321
0 0.980078 0.603125 0.0398437 0.448438 0.000228674
0 0.971484 0.603125 0.0539063 0.673437 0.000238853
0 0.274609 0.351953 0.128906 0.160156 0.000244755
0 0.783594 0.705859 0.28125 0.300781 0.00027529
0 0.745703 0.698438 0.133594 0.14375 0.000306021
0 0.842969 0.735156 0.140625 0.217187 0.000321449
0 0.883203 0.0503906 0.191406 0.100781 0.000335473
0 0.814453 0.653125 0.161719 0.271875 0.000340661
0 0.982813 0.0351562 0.034375 0.0703125 0.000390447
0 0.282031 0.587109 0.207813 0.300781 0.000418964
0 0.732813 0.724219 0.196875 0.170312 0.000435896
0 0.783203 0.7 0.0929687 0.103125 0.000444841
0 0.976172 0.0492188 0.0476562 0.0953125 0.000479484
0 0.211328 0.725781 0.161719 0.207813 0.00063342
0 0.757812 0.651953 0.176563 0.233594 0.000850358
0 0.322656 0.648828 0.15625 0.166406 0.000909469
0 0.279297 0.677734 0.217969 0.211719 0.00248912
0 0.791016 0.704687 0.164844 0.167187 0.00663222
