0 0.795703 0.882422 0.264844 0.235156 0.000100034
0 0.716016 0.452734 0.164844 0.211719 0.000105286
0 0.324609 0.798437 0.282031 0.207813 0.000111557
0 0.411719 0.157422 0.0265625 0.0382813 0.000112686
0 0.0941406 0.396484 0.188281 0.739844 0.000116331
0 0.149609 0.817969 0.130469 0.364062 0.000120181
0 0.299219 0.653906 0.090625 0.101562 0.000122733
0 0.632812 0.360156 0.08125 0.0875 0.000122925
0 0.159766 0.864062 0.0398437 0.220313 0.000122941
0 0.739453 0.491797 0.0976562 0.169531 0.000126751
0 0.677734 0.572656 0.155469 0.167187 0.000137985
0 0.322656 0.737891 0.151562 0.188281 0.000144577
0 0.820312 0.798047 0.0875 0.102344 0.000149575
0 0.259766 0.675391 0.0898438 0.0929687 0.000155751
0 0.662891 0.159766 0.0242187 0.0335938 0.000156333
0 0.763672 0.571094 0.0835937 0.0984375 0.000159475
0 0.674609 0.162891 0.0289063 0.0320312 0.000164857
0 0.785156 0.757812 0.084375 0.0890625 0.000170617
0 0.325 0.425 0.0890625 0.1 0.000174059
0 0.401172 0.650391 0.0851562 0.0960938 0.000176308
0 0.744141 0.1625 0.0210938 0.0375 0.000182511
0 0.617578 0.330078 0.0695312 0.105469 0.000185027
0 0.425781 0.160938 0.0265625 0.0375 0.000185115
0 0.169141 0.903906 0.0585938 0.189063 0.000185479
0 0.276563 0.649609 0.276563 0.344531 0.000190004
0 0.389844 0.768359 0.184375 0.224219 0.000195055
0 0.764453 0.720703 0.0882813 0.0992187 0.000204763
0 0.326562 0.407813 0.271875 0.403125 0.000212767
0 0.41875 0.616797 0.128125 0.194531 0.000223649
0 0.413281 0.525391 0.1375 0.283594 0.000228115
0 0.343359 0.653516 0.0898438 0.105469 0.000230838
0 0.161719 0.982031 0.0421875 0.0359375 0.000233747
0 0.168359 0.819922 0.0632813 0.344531 0.000241196
0 0.164844 0.948828 0.0453125 0.102344 0.000243802
0 0.279297 0.388281 0.122656 0.179688 0.000244374
0 0.34375 0.617969 0.0890625 0.103125 0.000251823
0 0.671094 0.398828 0.120312 0.139844 0.000260201
0 0.817187 0.704297 0.278125 0.353906 0.000272871
0 0.366016 0.595312 0.0867188 0.10625 0.000291617
0 0.282813 0.71875 0.15 0.195312 0.000314312
0 0.8 0.703516 0.08125 0.102344 0.000335798
0 0.742578 0.737109 0.149219 0.149219 0.000336589
0 0.653516 0.432813 0.178906 0.217187 0.000337823
0 0.340234 0.441406 0.141406 0.13125 0.000342769
0 0.282813 0.534766 0.134375 0.280469 0.000360002
0 0.719922 0.551562 0.167969 0.171875 0.000361529
0 0.395312 0.621094 0.282813 0.295312 0.000366327
0 0.788672 0.776172 0.139844 0.117969 0.000382167
0 0.385547 0.614844 0.0898438 0.107813 0.000384459
0 0.369531 0.438672 0.151562 0.194531 0.000401334
0 0.364453 0.635547 0.0898438 0.108594 0.000468634
0 0.346094 0.355859 0.157813 0.197656 0.000517491
0 0.671094 0.760938 0.276563 0.260938 0.000518137
0 0.819141 0.762109 0.0820312 0.0914062 0.000536065
0 0.325 0.551953 0.145313 0.247656 0.000552114
0 0.161719 0.969922 0.03125 0.0601562 0.000564893
0 0.827344 0.692187 0.140625 0.260938 0.000612887
0 0.635547 0.381641 0.135156 0.161719 0.000628648
0 0.294922 0.433984 0.152344 0.192969 0.000638824
0 0.762109 0.593359 0.122656 0.232031 0.000647639
0 0.742969 0.641016 0.195312 0.221094 0.000705811
0 0.685938 0.486328 0.235938 0.341406 0.000713488
0 0.399219 0.652344 0.128125 0.135937 0.000774762
0 0.255078 0.683594 0.135156 0.1875 0.000787423
0 0.265234 0.637109 0.119531 0.121094 0.000863984
0 0.810156 0.842969 0.184375 0.234375 0.000865582
0 0.372656 0.486719 0.203125 0.384375 0.00086963
0 0.800391 0.738281 0.0882813 0.103125 0.000892344
0 0.760156 0.532812 0.148438 0.215625 0.000974087
0 0.681641 0.698047 0.216406 0.174219 0.00105964
0 0.286328 0.799609 0.266406 0.349219 0.00107249
0 0.325781 0.673828 0.151562 0.155469 0.0012094
0 0.761328 0.699219 0.144531 0.154687 0.00121989
0 0.307031 0.600391 0.203125 0.169531 0.00140076
0 0.390234 0.690234 0.197656 0.227344 0.00198801
0 0.278125 0.641016 0.167187 0.174219 0.00290472
0 0.383984 0.616797 0.135156 0.152344 0.00317139
0 0.814844 0.780469 0.148438 0.195312 0.00362588
0 0.321875 0.397266 0.153125 0.182031 0.00379085
0 0.345313 0.636719 0.148438 0.14375 0.00459641
0 0.737891 0.797266 0.297656 0.271094 0.00513596
0 0.378906 0.572266 0.176563 0.242969 0.00536413
0 0.794531 0.651172 0.159375 0.294531 0.00649484
0 0.798828 0.73125 0.139844 0.154687 0.00715177
0 0.719922 0.575781 0.261719 0.425 0.0182455
0 0.320703 0.716797 0.263281 0.260156 0.0296193
0 0.325781 0.562109 0.228125 0.317969 0.0403983
0 0.735156 0.711719 0.259375 0.246875 0.0720683
0 0.340625 0.638672 0.226562 0.189844 0.116393
