0 0.923437 0.0394531 0.153125 0.0789063 0.000102448
0 0.145703 0.196875 0.275781 0.3875 0.000104421
0 0.772266 0.639844 0.283594 0.35625 0.000107879
0 0.711328 0.225391 0.375781 0.410156 0.000111568
0 0.789062 0.144141 0.392188 0.288281 0.000112067
0 0.980859 0.440234 0.0382813 0.464844 0.000115347
0 0.943359 0.304688 0.108594 0.609375 0.000115844
0 0.971094 0.270312 0.0578125 0.532812 0.000117499
0 0.838281 0.463281 0.265625 0.601562 0.00011786
0 0.149219 0.380469 0.265625 0.60625 0.000123049
0 0.968359 0.1125 0.0617188 0.225 0.000124272
0 0.376563 0.357422 0.2 0.542969 0.000127127
0 0.578906 0.516016 0.439063 0.811719 0.000132769
0 0.674609 0.278516 0.242969 0.302344 0.000138416
0 0.775391 0.0609375 0.389844 0.121875 0.000142729
0 0.145703 0.0359375 0.274219 0.071875 0.000158168
0 0.258594 0.304688 0.090625 0.109375 0.000163493
0 0.109766 0.059375 0.219531 0.11875 0.000169526
0 0.817187 0.0359375 0.332812 0.071875 0.000169706
0 0.878906 0.221484 0.23125 0.442969 0.000174683
0 0.984375 0.561719 0.03125 0.420312 0.000175892
0 0.229297 0.232422 0.242969 0.264844 0.000178413
0 0.339453 0.516016 0.208594 0.396094 0.000194915
0 0.245312 0.365625 0.134375 0.24375 0.000198231
0 0.938281 0.1 0.123438 0.2 0.000199515
0 0.333594 0.314453 0.2 0.333594 0.000220481
0 0.760547 0.516016 0.263281 0.410156 0.000230713
0 0.378906 0.469531 0.285937 0.673437 0.000235501
0 0.871484 0.110156 0.252344 0.220313 0.000245469
0 0.0273438 0.480078 0.0546875 0.686719 0.000248934
0 0.132031 0.101562 0.25625 0.203125 0.000276593
0 0.0207031 0.479297 0.0382813 0.464844 0.000293993
0 0.317187 0.571094 0.140625 0.170312 0.000310308
0 0.621484 0.237891 0.222656 0.239844 0.000310648
0 0.892969 0.0609375 0.214062 0.121875 0.000366015
0 0.764453 0.551953 0.353906 0.652344 0.000418872
0 0.307422 0.244922 0.202344 0.242969 0.00042015
0 0.789062 0.298438 0.379687 0.579687 0.000445766
0 0.626562 0.352344 0.276563 0.41875 0.000485669
0 0.216797 0.433203 0.208594 0.532031 0.000596599
0 0.226953 0.583594 0.133594 0.170312 0.00088739
0 0.298438 0.559766 0.221875 0.230469 0.000957535
0 0.248437 0.539062 0.18125 0.301562 0.00166238
0 0.261719 0.302734 0.13125 0.191406 0.00178763
0 0.276953 0.321094 0.180469 0.279687 0.00409458
0 0.707812 0.40625 0.257812 0.420312 0.00580724
0 0.685156 0.432031 0.35625 0.61875 0.440292
0 0.289062 0.413281 0.251563 0.535937 0.484724
