0 0.717578 0.878516 0.564844 0.242969 0.00010167
0 0.862109 0.801953 0.136719 0.177344 0.000101912
0 0.769922 0.500781 0.303906 0.66875 0.000103908
0 0.783984 0.839063 0.150781 0.142188 0.00010394
0 0.719531 0.657812 0.198437 0.20625 0.000104317
0 0.120703 0.729688 0.189844 0.46875 0.000106738
0 0.848047 0.964844 0.246094 0.0703125 0.000106924
0 0.313281 0.477344 0.175 0.25 0.000109498
0 0.679297 0.758594 0.138281 0.196875 0.000113164
0 0.735547 0.592578 0.175781 0.208594 0.000113774
0 0.342969 0.312891 0.135937 0.183594 0.000115953
0 0.741797 0.840625 0.150781 0.19375 0.000116688
0 0.244141 0.700391 0.149219 0.241406 0.000120036
0 0.283203 0.78125 0.0882813 0.1125 0.00012998
0 0.841797 0.821094 0.136719 0.114063 0.000131809
0 0.669531 0.653125 0.1875 0.2875 0.00013542
0 0.195312 0.525391 0.157813 0.386719 0.000135587
0 0.880469 0.850781 0.195312 0.225 0.000137558
0 0.333984 0.744141 0.160156 0.213281 0.000141035
0 0.969531 0.967188 0.059375 0.0625 0.000142421
0 0.225391 0.434375 0.0929687 0.142188 0.000143594
0 0.692969 0.563672 0.1625 0.255469 0.000144139
0 0.148047 0.566016 0.205469 0.596094 0.000153775
0 0.967578 0.930859 0.0648438 0.138281 0.000157147
0 0.264453 0.8125 0.142969 0.170312 0.000167093
0 0.0265625 0.689062 0.05 0.503125 0.000172706
0 0.175391 0.678516 0.122656 0.202344 0.000173792
0 0.725781 0.286328 0.0703125 0.0789063 0.000190442
0 0.317578 0.733203 0.282031 0.346094 0.000195843
0 0.710938 0.921094 0.301562 0.157813 0.000201787
0 0.28125 0.494141 0.298438 0.697656 0.00021073
0 0.0527344 0.623047 0.100781 0.724219 0.000213325
0 0.303125 0.697656 0.0859375 0.09375 0.000236107
0 0.725781 0.497266 0.173438 0.322656 0.000253066
0 0.804297 0.800391 0.146094 0.138281 0.000264824
0 0.323828 0.374609 0.157031 0.255469 0.000266333
0 0.180469 0.740234 0.142188 0.210156 0.000290575
0 0.721484 0.775781 0.150781 0.198437 0.000307816
0 0.876562 0.76875 0.184375 0.289062 0.000314284
0 0.221875 0.475391 0.135937 0.232031 0.000318879
0 0.161719 0.795703 0.210938 0.264844 0.00032319
0 0.163281 0.65 0.157813 0.385938 0.000351284
0 0.806641 0.571094 0.186719 0.379687 0.000377015
0 0.296484 0.479688 0.222656 0.429688 0.00041055
0 0.839453 0.607422 0.117969 0.213281 0.000466522
0 0.0304688 0.526172 0.0578125 0.686719 0.000475271
0 0.223047 0.757812 0.149219 0.189063 0.000506829
0 0.852344 0.928906 0.284375 0.139062 0.000515226
0 0.273438 0.829297 0.246875 0.241406 0.000547426
0 0.782812 0.701563 0.217187 0.215625 0.000710161
0 0.316016 0.798437 0.161719 0.196875 0.000819388
0 0.839844 0.652734 0.167187 0.342969 0.000908199
0 0.762109 0.741406 0.144531 0.176563 0.000973949
0 0.703125 0.842969 0.248437 0.295312 0.00102835
0 0.73125 0.586719 0.23125 0.403125 0.00130375
0 0.303125 0.650391 0.18125 0.417969 0.00154284
0 0.803906 0.821484 0.264062 0.163281 0.00263101
0 0.303906 0.703516 0.146875 0.233594 0.00308794
0 0.81875 0.760938 0.2125 0.189063 0.00406454
0 0.773828 0.877344 0.349219 0.245312 0.00527723
0 0.710938 0.733984 0.257812 0.271094 0.00534918
0 0.20625 0.738281 0.245312 0.267188 0.00541974
0 0.235156 0.639063 0.251563 0.467187 0.00760666
0 0.771875 0.66875 0.267188 0.382812 0.0219885
0 0.273828 0.764844 0.191406 0.226562 0.0430281
0 0.770312 0.777734 0.285937 0.267969 0.0761879
