0 0.707812 0.443359 0.157813 0.317969 0.000102116
0 0.846484 0.552344 0.133594 0.1625 0.000104183
0 0.352344 0.1875 0.1125 0.175 0.000107693
0 0.786719 0.381641 0.154687 0.185156 0.000113569
0 0.341797 0.430469 0.153906 0.157813 0.000119587
0 0.455859 0.360547 0.217969 0.552344 0.000119827
0 0.341016 0.239453 0.100781 0.164844 0.000127462
0 0.758984 0.445312 0.128906 0.215625 0.000135488
0 0.430078 0.40625 0.0742188 0.0953125 0.000136083
0 0.282031 0.429297 0.11875 0.255469 0.000144134
0 0.744922 0.601562 0.291406 0.25 0.000149703
0 0.867969 0.509766 0.139062 0.239844 0.000150759
0 0.410937 0.551172 0.1375 0.214844 0.000155631
0 0.835938 0.225 0.0640625 0.0796875 0.00016802
0 0.351172 0.662109 0.335156 0.210156 0.000174824
0 0.755078 0.148047 0.150781 0.169531 0.000191056
0 0.350391 0.182422 0.0679687 0.135156 0.000193545
0 0.804688 0.450391 0.176563 0.186719 0.000198393
0 0.909375 0.614844 0.1625 0.3 0.0002282
0 0.785156 0.280469 0.134375 0.15 0.000232359
0 0.3625 0.450781 0.232812 0.210938 0.000253027
0 0.886328 0.427734 0.127344 0.280469 0.000267419
0 0.846875 0.384766 0.14375 0.253906 0.000279772
0 0.278516 0.629297 0.180469 0.182031 0.000301369
0 0.826172 0.553516 0.249219 0.197656 0.000315328
0 0.335156 0.238672 0.173438 0.244531 0.000317435
0 0.801172 0.322656 0.177344 0.196875 0.000328865
0 0.401953 0.598047 0.182031 0.174219 0.000332477
0 0.397266 0.596484 0.316406 0.286719 0.000344329
0 0.340625 0.168359 0.05 0.0773437 0.000352597
0 0.439453 0.152734 0.141406 0.138281 0.000359431
0 0.870313 0.330078 0.196875 0.494531 0.000377891
0 0.428906 0.408203 0.110937 0.141406 0.000381838
0 0.740625 0.518359 0.223438 0.266406 0.000415839
0 0.428125 0.198047 0.171875 0.235156 0.000465893
0 0.303906 0.514453 0.167187 0.217969 0.000483205
0 0.835547 0.282031 0.149219 0.248437 0.00053415
0 0.4125 0.364844 0.207813 0.3875 0.000536567
0 0.382812 0.511719 0.223438 0.217187 0.000536888
0 0.825781 0.241406 0.0953125 0.110937 0.000539738
0 0.751562 0.148438 0.101562 0.107813 0.000554986
0 0.803906 0.262891 0.09375 0.105469 0.000557353
0 0.84375 0.643359 0.257812 0.271094 0.000573786
0 0.7625 0.207031 0.1875 0.239063 0.000579098
0 0.282813 0.573438 0.151562 0.185937 0.000588285
0 0.449609 0.446875 0.139844 0.23125 0.0007006
0 0.252734 0.559375 0.144531 0.2625 0.000769641
0 0.289453 0.365234 0.211719 0.513281 0.000841362
0 0.392969 0.241797 0.220313 0.367969 0.000857636
0 0.813281 0.241016 0.126563 0.171094 0.000862644
0 0.752734 0.395312 0.217969 0.409375 0.00108477
0 0.885156 0.5125 0.175 0.39375 0.0013886
0 0.804297 0.291797 0.213281 0.360156 0.00176712
0 0.8125 0.561719 0.301562 0.348437 0.00212933
0 0.329688 0.599219 0.271875 0.215625 0.00316549
0 0.284375 0.480469 0.173438 0.36875 0.00638384
0 0.423438 0.482812 0.201562 0.3375 0.00725712
0 0.844531 0.439844 0.210938 0.401563 0.0101348
0 0.346484 0.519141 0.294531 0.344531 0.0431212
0 0.363672 0.383203 0.297656 0.574219 0.269375
0 0.801953 0.363672 0.283594 0.588281 0.453041
