0 0.782422 0.534766 0.0851562 0.105469 0.000102484
0 0.760547 0.552734 0.0882813 0.108594 0.000102504
0 0.859766 0.533984 0.0851562 0.108594 0.000108158
0 0.740625 0.629297 0.13125 0.177344 0.000115746
0 0.839453 0.489453 0.0851562 0.100781 0.000126136
0 0.374609 0.218359 0.274219 0.360156 0.00013038
0 0.801562 0.338281 0.126563 0.240625 0.000136633
0 0.379687 0.529297 0.0765625 0.0960938 0.000146178
0 0.342578 0.229297 0.185156 0.225781 0.000158594
0 0.810156 0.640625 0.314063 0.3 0.000158783
0 0.274609 0.455469 0.282031 0.557813 0.000180562
0 0.328906 0.279687 0.125 0.201562 0.00018442
0 0.663672 0.319922 0.194531 0.213281 0.000191364
0 0.903125 0.602344 0.10625 0.129688 0.000198455
0 0.323438 0.576953 0.289062 0.307031 0.000200476
0 0.735547 0.333984 0.150781 0.239844 0.000209453
0 0.717188 0.280469 0.0890625 0.115625 0.000209731
0 0.769141 0.157031 0.416406 0.314063 0.000210284
0 0.891406 0.470703 0.176563 0.394531 0.000211151
0 0.763281 0.491406 0.142188 0.229687 0.000236196
0 0.759766 0.588672 0.125781 0.160156 0.000241673
0 0.794922 0.248047 0.132031 0.163281 0.000246286
0 0.804688 0.488672 0.078125 0.0945313 0.000247562
0 0.821484 0.426953 0.125781 0.271094 0.000261503
0 0.893359 0.575 0.0695312 0.084375 0.000329452
0 0.358203 0.407422 0.141406 0.278906 0.000351086
0 0.821875 0.533984 0.084375 0.0992187 0.000357601
0 0.847266 0.591016 0.0867188 0.0914062 0.000364528
0 0.740234 0.2625 0.0867188 0.114063 0.000365252
0 0.660156 0.242578 0.175 0.192969 0.000400046
0 0.325781 0.345703 0.120312 0.210156 0.000401972
0 0.805469 0.586719 0.135937 0.135937 0.000404296
0 0.391797 0.528125 0.285156 0.353125 0.000428011
0 0.801172 0.553906 0.0882813 0.103125 0.000437826
0 0.828516 0.313672 0.216406 0.335156 0.000457187
0 0.424219 0.151953 0.135937 0.199219 0.000491806
0 0.776953 0.226562 0.213281 0.189063 0.000518778
0 0.858594 0.513672 0.134375 0.188281 0.000560187
0 0.712109 0.517969 0.182031 0.278125 0.00059957
0 0.377734 0.532031 0.141406 0.16875 0.00064313
0 0.886328 0.547656 0.147656 0.2125 0.00067513
0 0.326562 0.448047 0.1375 0.288281 0.000679858
0 0.293359 0.560156 0.146094 0.235938 0.000688051
0 0.282422 0.454688 0.172656 0.439063 0.000838325
0 0.841016 0.55625 0.0835937 0.090625 0.00084525
0 0.775 0.262891 0.090625 0.111719 0.000924271
0 0.327734 0.332031 0.161719 0.34375 0.00102428
0 0.878906 0.557813 0.104687 0.126563 0.00113751
0 0.398047 0.203906 0.174219 0.275 0.00115411
0 0.671875 0.344531 0.232812 0.367188 0.00120095
0 0.374609 0.554688 0.227344 0.21875 0.00130049
0 0.408984 0.357812 0.213281 0.554688 0.00133518
0 0.861328 0.621094 0.171094 0.16875 0.00153458
0 0.805859 0.489453 0.124219 0.197656 0.00160464
0 0.782812 0.551172 0.1375 0.153906 0.00163822
0 0.701953 0.278516 0.149219 0.182031 0.00171946
0 0.744922 0.578125 0.208594 0.23125 0.0019438
0 0.822266 0.532422 0.135156 0.155469 0.00228163
0 0.724609 0.211719 0.275781 0.260938 0.00470274
0 0.786328 0.30625 0.205469 0.228125 0.00529168
0 0.325 0.515625 0.182812 0.301562 0.00548176
0 0.875 0.595703 0.10625 0.105469 0.00670922
0 0.845703 0.566797 0.172656 0.161719 0.012729
0 0.75625 0.264062 0.145313 0.157813 0.0132028
0 0.825391 0.455469 0.213281 0.401563 0.0156713
0 0.801172 0.540625 0.230469 0.234375 0.0355651
0 0.739453 0.372266 0.280469 0.444531 0.164663
0 0.728516 0.281641 0.228906 0.239844 0.204922
0 0.348828 0.424219 0.219531 0.473437 0.294675
