0 0.310547 0.553906 0.0789063 0.0765625 0.000104753
0 0.470703 0.407813 0.117969 0.334375 0.000105806
0 0.0222656 0.805078 0.0445312 0.389844 0.000106192
0 0.476953 0.814062 0.225781 0.29375 0.000107345
0 0.691797 0.471875 0.127344 0.132812 0.0001082
0 0.0566406 0.942187 0.110156 0.115625 0.000109731
0 0.102344 0.949609 0.204688 0.100781 0.000112513
0 0.280078 0.389062 0.0757812 0.1 0.000112782
0 0.277344 0.697266 0.0921875 0.102344 0.000113356
0 0.257031 0.508594 0.090625 0.14375 0.000113993
0 0.697266 0.383203 0.144531 0.200781 0.000114201
0 0.221484 0.0957031 0.138281 0.185156 0.000114253
0 0.774219 0.935547 0.246875 0.128906 0.000117042
0 0.561719 0.233203 0.164062 0.180469 0.000117059
0 0.385156 0.901953 0.157813 0.157031 0.000118426
0 0.735937 0.574219 0.0796875 0.171875 0.000118665
0 0.300391 0.367578 0.0789063 0.127344 0.000120393
0 0.454297 0.898047 0.272656 0.203906 0.000120851
0 0.237109 0.795703 0.260156 0.250781 0.000128463
0 0.307813 0.326172 0.128125 0.216406 0.000131465
0 0.975781 0.604297 0.0421875 0.369531 0.00013168
0 0.298828 0.466016 0.0820312 0.163281 0.000140556
0 0.697656 0.571094 0.0828125 0.140625 0.000145747
0 0.222266 0.529688 0.0710938 0.103125 0.000146414
0 0.235156 0.509766 0.0734375 0.0976562 0.000150041
0 0.612109 0.517578 0.180469 0.199219 0.000156542
0 0.761719 0.487891 0.09375 0.164844 0.0001613
0 0.238281 0.663281 0.090625 0.104687 0.000162592
0 0.404687 0.449219 0.109375 0.128125 0.000164373
0 0.487891 0.453516 0.0867188 0.194531 0.000165069
0 0.554297 0.518359 0.197656 0.241406 0.000166182
0 0.441016 0.551953 0.189844 0.296094 0.000175128
0 0.141406 0.970703 0.214062 0.0585938 0.000181398
0 0.719141 0.549219 0.0773437 0.123438 0.000183627
0 0.550391 0.733984 0.141406 0.292969 0.000183698
0 0.676953 0.207422 0.105469 0.147656 0.000184238
0 0.410937 0.64375 0.123438 0.301562 0.000184842
0 0.636719 0.837109 0.153125 0.185156 0.000185708
0 0.803516 0.240625 0.0429688 0.06875 0.00018713
0 0.315234 0.426562 0.0820312 0.145313 0.0001885
0 0.538281 0.933984 0.321875 0.132031 0.000193198
0 0.221094 0.488672 0.071875 0.116406 0.000195782
0 0.595312 0.702734 0.120312 0.197656 0.000196278
0 0.383594 0.652344 0.084375 0.1125 0.000197812
0 0.289844 0.860547 0.31875 0.275781 0.000210427
0 0.679688 0.573047 0.104687 0.196094 0.000215325
0 0.320312 0.567578 0.0890625 0.125781 0.000217239
0 0.629687 0.233594 0.15 0.19375 0.000228574
0 0.323047 0.387891 0.0789063 0.105469 0.000248801
0 0.755078 0.564062 0.128906 0.414062 0.000255372
0 0.673828 0.494141 0.0757812 0.0851562 0.000274293
0 0.748828 0.690234 0.116406 0.400781 0.000281224
0 0.221875 0.715625 0.0921875 0.1 0.000283008
0 0.717578 0.701563 0.107031 0.209375 0.000285541
0 0.357422 0.341406 0.117969 0.184375 0.0002888
0 0.263281 0.407031 0.0953125 0.151562 0.000306754
0 0.716406 0.922656 0.176563 0.154687 0.000309582
0 0.207422 0.953906 0.317969 0.0921875 0.000313828
0 0.238672 0.574609 0.116406 0.238281 0.000316172
0 0.432031 0.411719 0.132812 0.229687 0.000337047
0 0.724609 0.570312 0.122656 0.279687 0.000347867
0 0.298828 0.661719 0.150781 0.167187 0.000349
0 0.625 0.388281 0.253125 0.2875 0.000352187
0 0.653516 0.442187 0.194531 0.189063 0.000353836
0 0.729297 0.491016 0.114844 0.152344 0.00035455
0 0.246875 0.444531 0.096875 0.1625 0.000376643
0 0.196875 0.704297 0.123438 0.205469 0.000395424
0 0.580859 0.654297 0.169531 0.463281 0.00043743
0 0.729297 0.801953 0.285156 0.317969 0.000462646
0 0.655859 0.727344 0.188281 0.2125 0.000472189
0 0.364844 0.39375 0.129688 0.171875 0.000480573
0 0.680859 0.578125 0.296094 0.617188 0.000496379
0 0.738672 0.526563 0.0570313 0.0859375 0.000507371
0 0.23125 0.518359 0.096875 0.180469 0.000508598
0 0.266406 0.520312 0.135937 0.284375 0.000514032
0 0.655078 0.489062 0.136719 0.128125 0.000521304
0 0.382422 0.463672 0.167969 0.199219 0.000531115
0 0.501562 0.489453 0.129688 0.210156 0.000551899
0 0.364062 0.694141 0.13125 0.186719 0.000561762
0 0.210938 0.610547 0.107813 0.264844 0.000577675
0 0.298828 0.410156 0.0648438 0.101562 0.00065742
0 0.630078 0.278125 0.200781 0.29375 0.000706351
0 0.743359 0.810938 0.122656 0.2625 0.000709043
0 0.732813 0.523047 0.090625 0.110156 0.0007442
0 0.451953 0.485156 0.152344 0.223438 0.000766293
0 0.239844 0.698047 0.0921875 0.0992187 0.000797913
0 0.676562 0.514453 0.101562 0.108594 0.000814427
0 0.650781 0.898047 0.260938 0.203906 0.000831431
0 0.283203 0.427734 0.0820312 0.125781 0.000850942
0 0.31875 0.902344 0.226562 0.192188 0.000854829
0 0.587891 0.854688 0.228906 0.226562 0.00093566
0 0.647656 0.561719 0.207813 0.38125 0.000964308
0 0.347266 0.566406 0.185156 0.34375 0.000979006
0 0.278906 0.752734 0.192188 0.122656 0.000995953
0 0.273828 0.458594 0.111719 0.198437 0.00104167
0 0.676953 0.821094 0.147656 0.16875 0.00105272
0 0.722656 0.35625 0.148438 0.303125 0.00111485
0 0.257812 0.735547 0.125 0.0976562 0.0011314
0 0.716406 0.615625 0.175 0.4625 0.00131541
0 0.383203 0.653906 0.116406 0.192188 0.001506
0 0.328516 0.762891 0.224219 0.264844 0.00151327
0 0.583594 0.802734 0.164062 0.202344 0.00173427
0 0.691016 0.441016 0.183594 0.277344 0.00183108
0 0.673828 0.246875 0.142969 0.201562 0.00190348
0 0.266797 0.617969 0.194531 0.26875 0.00242685
0 0.654688 0.780469 0.145313 0.19375 0.00250537
0 0.716016 0.7625 0.138281 0.264062 0.00384656
0 0.337891 0.659375 0.197656 0.217187 0.00466466
0 0.290625 0.697656 0.29375 0.278125 0.00490074
0 0.239844 0.664062 0.164062 0.185937 0.00499202
0 0.708594 0.85 0.190625 0.265625 0.00505605
0 0.598828 0.738672 0.177344 0.263281 0.00585691
0 0.233984 0.725391 0.163281 0.147656 0.00590673
0 0.677734 0.693359 0.216406 0.414844 0.00663138
0 0.681641 0.309766 0.189844 0.317969 0.0335771
0 0.277734 0.698828 0.224219 0.171094 0.0365036
0 0.65 0.787109 0.253125 0.250781 0.102648
