0 0.35625 0.713672 0.304688 0.436719 0.000101886
0 0.266016 0.867578 0.130469 0.186719 0.000111763
0 0.600391 0.353906 0.161719 0.25 0.000114454
0 0.607813 0.878906 0.107813 0.0859375 0.000115788
0 0.552734 0.897656 0.0960938 0.0890625 0.000117243
0 0.657812 0.532422 0.146875 0.169531 0.000117669
0 0.324219 0.428516 0.129688 0.233594 0.000118916
0 0.561328 0.344531 0.110156 0.171875 0.000121049
0 0.287891 0.910547 0.255469 0.178906 0.000127091
0 0.520312 0.877344 0.0953125 0.084375 0.000131271
0 0.149609 0.430078 0.138281 0.264844 0.000141466
0 0.115625 0.566406 0.1875 0.196875 0.000146168
0 0.734766 0.410937 0.142969 0.3125 0.00014784
0 0.426953 0.552344 0.222656 0.209375 0.000148734
0 0.686328 0.299609 0.152344 0.235156 0.000154061
0 0.175 0.302344 0.18125 0.179688 0.000154604
0 0.614844 0.479688 0.215625 0.395312 0.000155313
0 0.537891 0.593359 0.244531 0.225781 0.000162124
0 0.819922 0.874219 0.0867188 0.103125 0.00016611
0 0.305859 0.489453 0.138281 0.250781 0.000171051
0 0.0574219 0.382812 0.113281 0.201562 0.000173567
0 0.0167969 0.510156 0.0335938 0.229687 0.000184261
0 0.883984 0.275 0.0367187 0.1 0.000185297
0 0.805859 0.894531 0.0695312 0.1 0.000194505
0 0.229297 0.589844 0.247656 0.235938 0.000198899
0 0.305078 0.894922 0.107031 0.153906 0.000201279
0 0.0769531 0.324219 0.135156 0.182812 0.000235844
0 0.2875 0.224219 0.204688 0.215625 0.000243819
0 0.215234 0.314453 0.194531 0.288281 0.000272976
0 0.627734 0.295312 0.183594 0.214062 0.00028562
0 0.216797 0.531641 0.175781 0.183594 0.000305764
0 0.108984 0.3875 0.149219 0.204688 0.000305923
0 0.753906 0.482031 0.146875 0.25625 0.000315086
0 0.541797 0.299609 0.182031 0.249219 0.000340513
0 0.394922 0.227344 0.183594 0.221875 0.000365495
0 0.308984 0.808203 0.217969 0.383594 0.00039963
0 0.19375 0.238281 0.215625 0.248437 0.000427749
0 0.289844 0.318359 0.242188 0.380469 0.000452498
0 0.517578 0.899609 0.0851562 0.0617188 0.000480547
0 0.294922 0.594531 0.213281 0.2875 0.000504009
0 0.0273438 0.516406 0.053125 0.325 0.000536547
0 0.357422 0.397266 0.205469 0.372656 0.000592423
0 0.709375 0.5875 0.214062 0.2875 0.000596019
0 0.445312 0.316016 0.221875 0.414844 0.000610422
0 0.075 0.549219 0.15 0.290625 0.000653588
0 0.655469 0.396484 0.226562 0.416406 0.000660762
0 0.373828 0.585938 0.274219 0.31875 0.000786896
0 0.106641 0.288281 0.167969 0.232812 0.000791889
0 0.663281 0.542578 0.209375 0.263281 0.000808077
0 0.153516 0.527344 0.141406 0.192188 0.000886003
0 0.217578 0.486719 0.247656 0.276563 0.000895875
0 0.500781 0.391406 0.2625 0.510938 0.000925203
0 0.0394531 0.440625 0.0789063 0.39375 0.000976193
0 0.710156 0.478125 0.201562 0.328125 0.00134151
0 0.434375 0.529297 0.284375 0.330469 0.00153956
0 0.115625 0.46875 0.15 0.25 0.00161518
0 0.304688 0.459375 0.232812 0.382812 0.00280157
0 0.167187 0.399219 0.253125 0.414062 0.00345162
0 0.385938 0.438281 0.310937 0.51875 0.00477297
0 0.0824219 0.363281 0.158594 0.332812 0.00598628
0 0.155078 0.525391 0.228906 0.241406 0.0106683
0 0.111719 0.447266 0.214062 0.363281 0.0751011
