0 0.179688 0.405469 0.159375 0.19375 0.000101256
0 0.215234 0.341797 0.117969 0.142969 0.000106241
0 0.185156 0.79375 0.323438 0.25625 0.000110053
0 0.816406 0.266016 0.217187 0.158594 0.000118237
0 0.324219 0.323438 0.178125 0.203125 0.00012351
0 0.924609 0.646484 0.133594 0.375781 0.000126907
0 0.741016 0.743359 0.122656 0.210156 0.000127535
0 0.969531 0.876172 0.0609375 0.247656 0.000133662
0 0.676172 0.783203 0.147656 0.186719 0.000135789
0 0.678125 0.368359 0.148438 0.228906 0.000136355
0 0.705078 0.278516 0.230469 0.258594 0.000141514
0 0.803516 0.766016 0.185156 0.202344 0.00014864
0 0.567578 0.805859 0.367969 0.310156 0.000150491
0 0.117188 0.635938 0.1375 0.270312 0.000156312
0 0.983984 0.842969 0.0320312 0.228125 0.000162944
0 0.927734 0.852344 0.138281 0.295312 0.000168901
0 0.861328 0.321484 0.150781 0.191406 0.000174564
0 0.654297 0.832812 0.274219 0.214062 0.000176384
0 0.497266 0.393359 0.167969 0.255469 0.000178263
0 0.983984 0.760156 0.0320312 0.207813 0.000196724
0 0.352734 0.758594 0.207031 0.254687 0.000202914
0 0.696484 0.612109 0.200781 0.394531 0.000227634
0 0.301172 0.445312 0.230469 0.195312 0.000229281
0 0.266016 0.7625 0.321094 0.275 0.000230265
0 0.540625 0.55 0.426562 0.76875 0.000243078
0 0.471875 0.328906 0.173438 0.276563 0.000249191
0 0.116016 0.757031 0.182031 0.1875 0.000271127
0 0.0832031 0.559375 0.161719 0.601562 0.000293914
0 0.944922 0.684766 0.110156 0.560156 0.00029525
0 0.725781 0.340625 0.190625 0.185937 0.000302087
0 0.346094 0.605859 0.221875 0.411719 0.0003037
0 0.34375 0.384375 0.204688 0.207813 0.000308184
0 0.967188 0.730078 0.0640625 0.278906 0.000334116
0 0.297266 0.264062 0.205469 0.225 0.00034304
0 0.124609 0.491797 0.186719 0.400781 0.000346872
0 0.241406 0.325 0.24375 0.315625 0.000397769
0 0.450391 0.388281 0.141406 0.217187 0.00040159
0 0.878125 0.441016 0.178125 0.388281 0.000406671
0 0.742969 0.783984 0.195312 0.200781 0.000429211
0 0.744141 0.383203 0.249219 0.305469 0.000487525
0 0.494141 0.457031 0.260156 0.435937 0.000506117
0 0.625391 0.775781 0.192969 0.217187 0.000509187
0 0.779297 0.302734 0.150781 0.167969 0.00053716
0 0.078125 0.729688 0.15 0.251563 0.000588902
0 0.24375 0.408594 0.232812 0.209375 0.000594243
0 0.976953 0.811328 0.0445312 0.314844 0.000632686
0 0.653906 0.691797 0.232812 0.391406 0.000658971
0 0.913672 0.601172 0.172656 0.694531 0.000664905
0 0.875391 0.775781 0.171094 0.385938 0.000690927
0 0.311328 0.692969 0.260156 0.323438 0.000752815
0 0.878906 0.60625 0.148438 0.3625 0.000763991
0 0.784375 0.822656 0.232812 0.209375 0.000835005
0 0.395312 0.478516 0.246875 0.366406 0.000996944
0 0.784766 0.566016 0.291406 0.380469 0.001076
0 0.177344 0.723828 0.267188 0.266406 0.0011271
0 0.345703 0.328125 0.286719 0.325 0.00128966
0 0.177344 0.398828 0.225 0.317969 0.00132886
0 0.839063 0.844922 0.214062 0.269531 0.00146035
0 0.296875 0.528516 0.296875 0.402344 0.00166865
0 0.842578 0.528125 0.230469 0.535937 0.00176537
0 0.383594 0.553125 0.298438 0.692187 0.00204545
0 0.694141 0.642187 0.282031 0.604688 0.00233333
0 0.829297 0.373437 0.242969 0.326562 0.00251078
0 0.114844 0.686328 0.210938 0.321094 0.00276991
0 0.6875 0.773047 0.270312 0.275781 0.00419672
0 0.431641 0.391016 0.225781 0.288281 0.0050162
0 0.202734 0.688672 0.391406 0.417969 0.00511316
0 0.226562 0.484766 0.275 0.517969 0.00682092
0 0.145703 0.598047 0.255469 0.522656 0.0132548
0 0.843359 0.692969 0.247656 0.525 0.0146906
0 0.789453 0.786328 0.299219 0.352344 0.0155039
0 0.775 0.306641 0.240625 0.232031 0.0225964
0 0.289453 0.392969 0.336719 0.382812 0.0271618
0 0.237109 0.51875 0.417969 0.6875 0.262583
0 0.789844 0.555078 0.342187 0.755469 0.38708
