0 0.237109 0.6375 0.0914062 0.0953125 0.000101515
0 0.201562 0.636719 0.090625 0.101562 0.000102049
0 0.653516 0.551953 0.0882813 0.110156 0.000104499
0 0.980859 0.404297 0.0382813 0.238281 0.000106077
0 0.59375 0.315625 0.0625 0.071875 0.000107021
0 0.300391 0.638672 0.150781 0.147656 0.000107707
0 0.258203 0.595312 0.146094 0.165625 0.000107726
0 0.227734 0.219531 0.0851562 0.171875 0.000108359
0 0.728125 0.632031 0.189063 0.179688 0.00010975
0 0.261719 0.674219 0.153125 0.148438 0.000110035
0 0.757422 0.592969 0.322656 0.348437 0.000114131
0 0.160547 0.654688 0.105469 0.153125 0.000114715
0 0.767578 0.553125 0.107031 0.189063 0.000115144
0 0.200391 0.490234 0.121094 0.211719 0.000117455
0 0.366016 0.514453 0.133594 0.280469 0.000121098
0 0.333984 0.21875 0.0773437 0.0921875 0.000121173
0 0.330859 0.113672 0.205469 0.210156 0.000121276
0 0.314453 0.547266 0.316406 0.374219 0.000124526
0 0.179688 0.308984 0.296875 0.497656 0.000126289
0 0.334375 0.316797 0.207813 0.408594 0.000126295
0 0.36875 0.473437 0.175 0.523438 0.000127468
0 0.697266 0.322656 0.0867188 0.195312 0.000134338
0 0.21875 0.303516 0.0734375 0.108594 0.00014002
0 0.639844 0.411719 0.140625 0.125 0.00014383
0 0.721484 0.537109 0.0867188 0.116406 0.000143841
0 0.299609 0.321875 0.113281 0.126563 0.000155921
0 0.421484 0.945703 0.139844 0.108594 0.00015721
0 0.609766 0.196484 0.122656 0.142969 0.000161632
0 0.598047 0.108984 0.147656 0.175781 0.000161698
0 0.23125 0.401563 0.084375 0.110937 0.000162266
0 0.456641 0.545313 0.455469 0.875 0.000169564
0 0.340234 0.551562 0.141406 0.175 0.000169977
0 0.68125 0.295703 0.0765625 0.117969 0.000173181
0 0.600391 0.299609 0.135156 0.203906 0.000174403
0 0.625 0.211328 0.075 0.0960938 0.000175147
0 0.724609 0.603125 0.0867188 0.1 0.000178311
0 0.310156 0.205469 0.146875 0.195312 0.0001854
0 0.683984 0.586328 0.144531 0.138281 0.00019471
0 0.529688 0.961328 0.135937 0.0773437 0.000200134
0 0.188672 0.423828 0.127344 0.269531 0.000201971
0 0.207422 0.287891 0.0945313 0.214844 0.000204218
0 0.771094 0.608984 0.0859375 0.111719 0.000205114
0 0.207813 0.328906 0.075 0.11875 0.00021078
0 0.752344 0.557422 0.08125 0.116406 0.000217483
0 0.600781 0.566406 0.123438 0.164062 0.000228169
0 0.272266 0.195312 0.0679687 0.090625 0.000228196
0 0.286328 0.0765625 0.0757812 0.084375 0.000229276
0 0.277734 0.10625 0.0929687 0.128125 0.000229792
0 0.323047 0.492578 0.116406 0.213281 0.000231114
0 0.598828 0.310547 0.0914062 0.127344 0.000232804
0 0.3 0.230469 0.221875 0.364062 0.000237577
0 0.233203 0.469922 0.135156 0.277344 0.000240465
0 0.334375 0.394141 0.1125 0.203906 0.000249256
0 0.596875 0.542188 0.335938 0.448438 0.000257467
0 0.741406 0.624609 0.11875 0.130469 0.000257721
0 0.660937 0.426562 0.0859375 0.0828125 0.000264736
0 0.663672 0.178125 0.0617188 0.0890625 0.000272978
0 0.914844 0.436328 0.170312 0.438281 0.000276738
0 0.624609 0.149219 0.100781 0.151562 0.000290654
0 0.596094 0.100391 0.0921875 0.113281 0.000310603
0 0.258984 0.211719 0.0679687 0.0890625 0.000313623
0 0.273047 0.366406 0.172656 0.185937 0.000332139
0 0.634766 0.535156 0.0851562 0.1125 0.000345998
0 0.589063 0.489062 0.1375 0.220313 0.000348939
0 0.696484 0.389453 0.113281 0.213281 0.000355825
0 0.218359 0.576172 0.188281 0.208594 0.000358105
0 0.603906 0.365625 0.159375 0.271875 0.000364842
0 0.639063 0.474609 0.170312 0.203906 0.000448456
0 0.964063 0.398047 0.071875 0.263281 0.000452226
0 0.238281 0.711719 0.2625 0.23125 0.000484857
0 0.650781 0.162109 0.0546875 0.0867188 0.000522076
0 0.707422 0.570312 0.0882813 0.096875 0.00053008
0 0.302734 0.533203 0.132031 0.175781 0.000542198
0 0.168359 0.608594 0.152344 0.239063 0.00055197
0 0.941016 0.432031 0.117969 0.320312 0.000607446
0 0.242578 0.638672 0.141406 0.130469 0.000638662
0 0.201953 0.635547 0.138281 0.149219 0.000638711
0 0.182422 0.525391 0.286719 0.507031 0.000644694
0 0.337109 0.608203 0.197656 0.202344 0.000646683
0 0.712891 0.430078 0.102344 0.149219 0.000687964
0 0.272656 0.162109 0.126563 0.214844 0.000769441
0 0.723437 0.395703 0.135937 0.380469 0.00082185
0 0.252734 0.190625 0.0882813 0.14375 0.000823183
0 0.205078 0.66875 0.202344 0.176563 0.000872725
0 0.680078 0.240625 0.0851562 0.139062 0.000886749
0 0.685156 0.320703 0.11875 0.300781 0.00107257
0 0.651953 0.205859 0.0945313 0.133594 0.00109472
0 0.690625 0.269141 0.078125 0.0992187 0.00117715
0 0.697656 0.474609 0.13125 0.202344 0.00119367
0 0.217969 0.366406 0.0828125 0.121875 0.00119459
0 0.259766 0.225781 0.121094 0.223438 0.00120925
0 0.657812 0.550391 0.14375 0.152344 0.00121177
0 0.23125 0.399609 0.11875 0.191406 0.00131039
0 0.320312 0.460938 0.170312 0.345313 0.00135542
0 0.751953 0.592969 0.0882813 0.104687 0.00139562
0 0.679297 0.428125 0.127344 0.115625 0.00142221
0 0.177734 0.398828 0.171094 0.483594 0.00157468
0 0.232422 0.286719 0.125781 0.284375 0.00179084
0 0.299609 0.566406 0.207031 0.2375 0.00197209
0 0.731641 0.49375 0.114844 0.267188 0.00232544
0 0.661328 0.577734 0.233594 0.177344 0.00245245
0 0.293359 0.675391 0.271094 0.194531 0.00266345
0 0.276953 0.319922 0.285156 0.583594 0.00399097
0 0.652734 0.399609 0.213281 0.450781 0.00529324
0 0.642578 0.192969 0.0664062 0.0921875 0.00551415
0 0.733594 0.576563 0.090625 0.0984375 0.00570831
0 0.196875 0.513281 0.165625 0.4 0.00637793
0 0.687891 0.450391 0.169531 0.317969 0.00735941
0 0.61875 0.524609 0.157813 0.200781 0.00810957
0 0.2375 0.627344 0.240625 0.201562 0.0163614
0 0.255078 0.313672 0.178906 0.414844 0.0183574
0 0.216797 0.348047 0.102344 0.203906 0.0208809
0 0.726953 0.570312 0.133594 0.15 0.0331725
0 0.246094 0.445312 0.220313 0.478125 0.0419786
0 0.69375 0.530078 0.196875 0.225781 0.0829172
0 0.217578 0.36875 0.130469 0.329688 0.129871
