0 0.448438 0.335938 0.08125 0.10625 0.000100426
0 0.609375 0.0226563 0.1625 0.0453125 0.000101548
0 0.755859 0.308203 0.0632813 0.0992187 0.000103029
0 0.328516 0.60625 0.194531 0.171875 0.000105355
0 0.382422 0.321484 0.0835937 0.107031 0.000105391
0 0.325781 0.5125 0.0875 0.104687 0.000107257
0 0.782812 0.362891 0.0796875 0.180469 0.000107873
0 0.508203 0.3625 0.158594 0.2 0.000111449
0 0.466406 0.6125 0.0875 0.157813 0.000119624
0 0.407422 0.512891 0.0789063 0.0929687 0.00012761
0 0.7375 0.283594 0.0859375 0.129688 0.000137104
0 0.821875 0.601172 0.201562 0.455469 0.000137341
0 0.408203 0.603906 0.335156 0.4375 0.000142128
0 0.333984 0.291016 0.124219 0.211719 0.000147428
0 0.774609 0.573828 0.0617188 0.116406 0.000147645
0 0.461328 0.559766 0.150781 0.313281 0.000147749
0 0.363672 0.467969 0.0882813 0.103125 0.00015871
0 0.725391 0.226562 0.0554687 0.071875 0.00016491
0 0.638672 0.423438 0.0898438 0.153125 0.00016924
0 0.645703 0.573047 0.117969 0.213281 0.000174451
0 0.719922 0.552344 0.0867188 0.107813 0.000186009
0 0.675781 0.240625 0.121875 0.1125 0.00019052
0 0.742969 0.573438 0.084375 0.115625 0.000198582
0 0.326562 0.46875 0.084375 0.110937 0.000199012
0 0.679297 0.555469 0.0789063 0.1125 0.000217248
0 0.698828 0.573438 0.0851562 0.107813 0.000227278
0 0.698047 0.273828 0.0710938 0.0851562 0.000229882
0 0.660156 0.491016 0.1125 0.210156 0.000236465
0 0.71875 0.593359 0.0890625 0.107031 0.000237251
0 0.361328 0.303906 0.0820312 0.103125 0.000240055
0 0.659766 0.314844 0.135156 0.221875 0.000254959
0 0.703516 0.451172 0.150781 0.210156 0.000258677
0 0.7 0.510547 0.0859375 0.0929687 0.000266085
0 0.625391 0.364062 0.103906 0.221875 0.000267637
0 0.758984 0.552344 0.0726563 0.1125 0.000273933
0 0.339844 0.555078 0.09375 0.0960938 0.000279777
0 0.301172 0.358984 0.144531 0.286719 0.000293478
0 0.360547 0.425 0.0867188 0.1 0.000296281
0 0.759766 0.617578 0.0757812 0.108594 0.000316091
0 0.744531 0.43125 0.10625 0.209375 0.000323417
0 0.407813 0.255469 0.167187 0.1625 0.000336209
0 0.45625 0.435937 0.179688 0.448438 0.000359314
0 0.358984 0.383594 0.0867188 0.103125 0.000363169
0 0.424609 0.364453 0.130469 0.244531 0.000363717
0 0.723047 0.495703 0.0914062 0.105469 0.000368208
0 0.790234 0.590625 0.0695312 0.25625 0.000370035
0 0.341406 0.447266 0.0859375 0.102344 0.000390734
0 0.397266 0.407031 0.150781 0.221875 0.000394816
0 0.755859 0.326953 0.0820312 0.155469 0.000397275
0 0.681641 0.594531 0.0867188 0.1125 0.000404705
0 0.761328 0.474609 0.0742188 0.116406 0.000410119
0 0.367578 0.286328 0.133594 0.160156 0.000414852
0 0.761328 0.650391 0.103906 0.122656 0.000415342
0 0.776172 0.652734 0.0585938 0.0929687 0.000458025
0 0.349609 0.520703 0.285156 0.383594 0.000517461
0 0.464453 0.271484 0.107031 0.130469 0.000526689
0 0.759766 0.382422 0.0679687 0.0976562 0.000527556
0 0.701563 0.258984 0.114063 0.113281 0.000548491
0 0.405078 0.528906 0.144531 0.167187 0.000573317
0 0.3125 0.567969 0.114063 0.117188 0.000585407
0 0.357812 0.344141 0.0859375 0.113281 0.000606206
0 0.341797 0.401953 0.0835937 0.103906 0.000754724
0 0.777734 0.615625 0.0679687 0.16875 0.000873447
0 0.398828 0.598047 0.189844 0.163281 0.000904131
0 0.713672 0.255078 0.0742188 0.0679687 0.000915619
0 0.773828 0.429688 0.0867188 0.248437 0.000920229
0 0.458594 0.338672 0.117188 0.191406 0.000948376
0 0.653906 0.4 0.13125 0.265625 0.000963921
0 0.340625 0.325781 0.0703125 0.107813 0.00102776
0 0.801172 0.539062 0.132031 0.359375 0.00106999
0 0.382031 0.488281 0.139062 0.182812 0.00122412
0 0.733984 0.362109 0.133594 0.264844 0.00134435
0 0.759766 0.385156 0.0789063 0.178125 0.00137145
0 0.682031 0.535547 0.121875 0.207031 0.00137846
0 0.705859 0.317187 0.146094 0.209375 0.00147814
0 0.417969 0.473828 0.165625 0.291406 0.0015707
0 0.740234 0.525781 0.0804688 0.09375 0.00167249
0 0.339453 0.364844 0.0820312 0.117188 0.00191683
0 0.722656 0.493359 0.134375 0.160156 0.0025306
0 0.664844 0.484766 0.142188 0.344531 0.00297613
0 0.715625 0.535156 0.267188 0.375 0.00342556
0 0.329688 0.520703 0.142188 0.189844 0.0035203
0 0.727344 0.625 0.170312 0.173438 0.0038326
0 0.690234 0.598047 0.153906 0.186719 0.00472149
0 0.780469 0.523438 0.0859375 0.25625 0.00526897
0 0.329297 0.443359 0.116406 0.244531 0.00597662
0 0.357031 0.5625 0.182812 0.140625 0.00701504
0 0.448828 0.299219 0.108594 0.109375 0.00731069
0 0.740234 0.534766 0.107031 0.178906 0.0074606
0 0.396484 0.319922 0.191406 0.222656 0.00929883
0 0.391016 0.398828 0.269531 0.433594 0.010224
0 0.428516 0.296484 0.157031 0.153906 0.0115545
0 0.760156 0.583203 0.107813 0.247656 0.0148587
0 0.758203 0.508984 0.0851562 0.116406 0.0155428
0 0.334766 0.364062 0.105469 0.2375 0.0169541
0 0.713672 0.428516 0.178906 0.403906 0.0170745
0 0.363672 0.501172 0.191406 0.274219 0.0222339
0 0.759375 0.489062 0.0984375 0.246875 0.0254807
0 0.723828 0.542969 0.161719 0.284375 0.121059
0 0.362891 0.398047 0.160156 0.328906 0.181826
