0 0.685547 0.176953 0.0710938 0.110156 0.00010011
0 0.970703 0.935547 0.0554687 0.128906 0.000101019
0 0.322656 0.229687 0.134375 0.153125 0.000104975
0 0.199609 0.578125 0.103906 0.198437 0.00010597
0 0.169141 0.687109 0.102344 0.185156 0.000111494
0 0.700781 0.162109 0.05625 0.0835937 0.000112599
0 0.976172 0.35625 0.0476562 0.417188 0.000115962
0 0.973437 0.594922 0.046875 0.108594 0.000122676
0 0.663672 0.642578 0.122656 0.111719 0.000123482
0 0.161328 0.685547 0.167969 0.286719 0.000125912
0 0.640625 0.173047 0.15625 0.164844 0.00013385
0 0.728125 0.241797 0.101562 0.163281 0.000139441
0 0.244531 0.325 0.109375 0.189063 0.000145006
0 0.983594 0.425 0.0328125 0.175 0.000160522
0 0.775 0.399609 0.123438 0.322656 0.000166729
0 0.817187 0.554297 0.140625 0.296094 0.000167018
0 0.598047 0.119531 0.110156 0.1375 0.000172794
0 0.983594 0.592578 0.0328125 0.174219 0.000174164
0 0.280859 0.508984 0.132031 0.227344 0.000175485
0 0.348828 0.257812 0.110156 0.159375 0.000177192
0 0.303906 0.269141 0.160938 0.180469 0.000180408
0 0.983203 0.488672 0.0335938 0.150781 0.000181383
0 0.220703 0.447656 0.0882813 0.148438 0.000186314
0 0.701953 0.217578 0.0742188 0.128906 0.000190391
0 0.344141 0.212109 0.0882813 0.108594 0.000191306
0 0.969141 0.635547 0.0617188 0.252344 0.000196296
0 0.836328 0.625 0.169531 0.204688 0.00019878
0 0.966406 0.434375 0.0671875 0.382812 0.000201062
0 0.659766 0.597656 0.139844 0.154687 0.000208657
0 0.574609 0.143359 0.0882813 0.130469 0.000208738
0 0.263672 0.666406 0.266406 0.215625 0.000225669
0 0.298047 0.483203 0.0710938 0.0789063 0.000227924
0 0.715234 0.176172 0.0695312 0.0929687 0.000254599
0 0.737109 0.442969 0.217969 0.46875 0.000255161
0 0.259766 0.404297 0.147656 0.338281 0.000272721
0 0.974609 0.563281 0.0492188 0.264062 0.000297429
0 0.336719 0.527734 0.151562 0.235156 0.000297514
0 0.219141 0.511719 0.117969 0.265625 0.000319423
0 0.967188 0.479688 0.0609375 0.134375 0.000327692
0 0.191016 0.548047 0.144531 0.380469 0.00033278
0 0.258984 0.613672 0.142969 0.152344 0.000340837
0 0.299219 0.486328 0.103125 0.125781 0.00038741
0 0.975 0.479688 0.05 0.239063 0.000420689
0 0.197266 0.654297 0.136719 0.186719 0.000449831
0 0.718359 0.196094 0.0867188 0.148438 0.000477317
0 0.775781 0.485547 0.157813 0.349219 0.0004954
0 0.727734 0.576172 0.197656 0.221094 0.000510118
0 0.324609 0.609766 0.186719 0.232031 0.000571501
0 0.230078 0.402734 0.108594 0.197656 0.000594875
0 0.777734 0.610937 0.191406 0.2 0.000788531
0 0.700391 0.616797 0.164844 0.149219 0.00100687
0 0.286719 0.423438 0.240625 0.520312 0.00175473
0 0.236719 0.485547 0.1625 0.388281 0.00251524
0 0.230859 0.617578 0.185156 0.230469 0.00425851
0 0.268359 0.560547 0.211719 0.296094 0.00562832
