0 0.761328 0.466016 0.216406 0.196094 0.000100226
0 0.765625 0.719922 0.38125 0.303906 0.000101645
0 0.220313 0.153906 0.08125 0.0921875 0.00010167
0 0.720703 0.0402344 0.158594 0.0804688 0.000102195
0 0.758984 0.153516 0.314844 0.271094 0.000102557
0 0.1625 0.254297 0.114063 0.182031 0.000107753
0 0.596094 0.291406 0.140625 0.251563 0.000108805
0 0.893359 0.463281 0.182031 0.6 0.000111276
0 0.10625 0.935938 0.2125 0.128125 0.000112331
0 0.199609 0.342969 0.152344 0.182812 0.000118887
0 0.261328 0.578516 0.294531 0.258594 0.000123068
0 0.78125 0.532422 0.176563 0.155469 0.000129603
0 0.0621094 0.892578 0.124219 0.213281 0.000131134
0 0.890234 0.551953 0.124219 0.278906 0.000144093
0 0.344922 0.133984 0.125781 0.191406 0.000144299
0 0.305078 0.964063 0.380469 0.071875 0.000149756
0 0.233984 0.218359 0.191406 0.180469 0.000151124
0 0.246484 0.0707031 0.157031 0.133594 0.000152407
0 0.776172 0.0835937 0.0757812 0.0796875 0.000157562
0 0.622656 0.350391 0.215625 0.557031 0.000163197
0 0.697656 0.236328 0.120312 0.122656 0.000167929
0 0.180859 0.217187 0.0835937 0.110937 0.000172286
0 0.653516 0.641016 0.230469 0.242969 0.000173322
0 0.325391 0.386328 0.142969 0.241406 0.000186764
0 0.621094 0.0894531 0.204688 0.178906 0.000188574
0 0.695703 0.304688 0.202344 0.264062 0.000189127
0 0.823438 0.531641 0.13125 0.116406 0.000204251
0 0.202344 0.118359 0.204688 0.224219 0.000214909
0 0.3125 0.0375 0.190625 0.075 0.000215621
0 0.241406 0.367578 0.207813 0.185156 0.000219771
0 0.827734 0.360938 0.125781 0.209375 0.000222342
0 0.217578 0.948047 0.410156 0.103906 0.000222421
0 0.299609 0.364844 0.152344 0.160938 0.00024718
0 0.808203 0.298047 0.125781 0.228906 0.000257661
0 0.758203 0.384375 0.178906 0.176563 0.000264647
0 0.667969 0.194531 0.226562 0.30625 0.000277738
0 0.3625 0.0929687 0.179688 0.185937 0.000279378
0 0.129688 0.276172 0.210938 0.466406 0.000292441
0 0.236328 0.135156 0.146094 0.157813 0.000325268
0 0.672656 0.0582031 0.203125 0.113281 0.000344083
0 0.158203 0.363281 0.122656 0.234375 0.000348166
0 0.726562 0.237891 0.220313 0.300781 0.000359051
0 0.734375 0.0753906 0.154687 0.110156 0.000386463
0 0.301562 0.516016 0.21875 0.252344 0.000390229
0 0.128125 0.393359 0.171875 0.342969 0.000392348
0 0.202734 0.407813 0.203906 0.201562 0.000396805
0 0.837109 0.281641 0.158594 0.333594 0.000399844
0 0.874609 0.535937 0.0648438 0.0859375 0.000420213
0 0.157031 0.464453 0.207813 0.291406 0.000433171
0 0.204688 0.510156 0.339063 0.3125 0.000513347
0 0.768359 0.0957031 0.111719 0.108594 0.000603493
0 0.311719 0.0769531 0.2 0.152344 0.000666964
0 0.33125 0.216016 0.20625 0.399219 0.000703544
0 0.702734 0.395312 0.303906 0.364062 0.00074636
0 0.759766 0.116406 0.169531 0.189063 0.000774436
0 0.277344 0.410156 0.209375 0.2125 0.000790708
0 0.85 0.633984 0.1875 0.255469 0.000899976
0 0.861328 0.548828 0.102344 0.0976562 0.00100333
0 0.693359 0.0980469 0.246094 0.183594 0.00144828
0 0.783984 0.232812 0.214844 0.378125 0.00152381
0 0.182422 0.216406 0.117969 0.209375 0.00160121
0 0.853125 0.564453 0.1375 0.177344 0.00165706
0 0.730078 0.6375 0.385156 0.303125 0.00169273
0 0.31875 0.388672 0.203125 0.344531 0.00221464
0 0.227344 0.242188 0.214062 0.370313 0.00236576
0 0.802344 0.357031 0.19375 0.340625 0.00238383
0 0.275391 0.132422 0.244531 0.253906 0.00286891
0 0.841016 0.542188 0.189844 0.35625 0.00405083
0 0.203906 0.170312 0.148438 0.215625 0.00506716
0 0.764063 0.360156 0.2625 0.503125 0.00706012
0 0.822656 0.451172 0.2375 0.589844 0.00895541
0 0.182422 0.366406 0.241406 0.420312 0.0100358
0 0.734375 0.524609 0.342187 0.400781 0.0115628
0 0.258984 0.434375 0.292969 0.3125 0.0354807
0 0.244922 0.298438 0.313281 0.589063 0.320003
0 0.736719 0.380078 0.371875 0.752344 0.320291
