0 0.221484 0.365625 0.0773437 0.107813 0.000102559
0 0.341797 0.281641 0.110156 0.205469 0.000103153
0 0.716406 0.475391 0.084375 0.107031 0.000104079
0 0.0382813 0.146484 0.0765625 0.285156 0.000104267
0 0.347266 0.710547 0.358594 0.503906 0.000105623
0 0.185547 0.592578 0.0945313 0.160156 0.000105783
0 0.286719 0.142188 0.301562 0.210938 0.000106977
0 0.615234 0.323438 0.0882813 0.104687 0.000107597
0 0.376172 0.191406 0.127344 0.159375 0.000108398
0 0.242188 0.446484 0.0875 0.102344 0.000108871
0 0.0492188 0.393359 0.0984375 0.549219 0.000108884
0 0.326562 0.196484 0.0734375 0.0835937 0.000108903
0 0.712891 0.282031 0.107031 0.215625 0.000109073
0 0.470313 0.628125 0.471875 0.7125 0.000110146
0 0.025 0.395312 0.0484375 0.335938 0.000110334
0 0.570703 0.113281 0.230469 0.184375 0.000110925
0 0.260938 0.21875 0.0875 0.10625 0.00011135
0 0.541797 0.351562 0.302344 0.357812 0.000111903
0 0.280859 0.421484 0.0804688 0.107031 0.000112325
0 0.321484 0.383203 0.0835937 0.107031 0.000114421
0 0.241406 0.514844 0.084375 0.101562 0.000117141
0 0.361328 0.425 0.0789063 0.175 0.000117899
0 0.749609 0.5125 0.0585938 0.104687 0.000120922
0 0.307422 0.196094 0.114844 0.114063 0.000124183
0 0.645312 0.065625 0.346875 0.128125 0.000124604
0 0.254297 0.279687 0.114844 0.18125 0.000133248
0 0.371484 0.520312 0.161719 0.298438 0.000133281
0 0.689062 0.342187 0.08125 0.104687 0.000137133
0 0.974609 0.435547 0.0507812 0.419531 0.000138742
0 0.336328 0.592578 0.0851562 0.100781 0.000139597
0 0.210547 0.3 0.0570313 0.084375 0.000142158
0 0.636719 0.240625 0.135937 0.220313 0.000147586
0 0.703125 0.230859 0.0890625 0.130469 0.000149834
0 0.750781 0.592188 0.120312 0.242188 0.000151932
0 0.243359 0.607031 0.0929687 0.090625 0.000153234
0 0.186719 0.0675781 0.373437 0.135156 0.000154268
0 0.370313 0.435937 0.110937 0.265625 0.000154732
0 0.676953 0.473828 0.0851562 0.0992187 0.000166047
0 0.753516 0.310547 0.339844 0.510156 0.000167208
0 0.116016 0.269922 0.232031 0.494531 0.000167399
0 0.205469 0.467969 0.104687 0.239063 0.000172242
0 0.280078 0.514453 0.0804688 0.100781 0.000176218
0 0.598437 0.469141 0.19375 0.185156 0.000177574
0 0.181641 0.664453 0.0679687 0.0867188 0.000183382
0 0.300781 0.401172 0.0828125 0.100781 0.000187048
0 0.185937 0.468359 0.178125 0.452344 0.00018963
0 0.302344 0.302344 0.129688 0.235938 0.000190033
0 0.720312 0.551562 0.0875 0.109375 0.000190563
0 0.800391 0.598047 0.357031 0.539844 0.000193778
0 0.711719 0.367578 0.115625 0.192969 0.000197103
0 0.613281 0.190625 0.159375 0.15625 0.000198977
0 0.694531 0.214844 0.0578125 0.0703125 0.000204281
0 0.337109 0.610156 0.147656 0.132812 0.000210915
0 0.317578 0.427734 0.121094 0.191406 0.000213086
0 0.0308594 0.230078 0.0585938 0.394531 0.000214089
0 0.705859 0.105859 0.435156 0.211719 0.000219482
0 0.301562 0.367188 0.084375 0.1 0.000220424
0 0.221484 0.626953 0.169531 0.146094 0.000225227
0 0.163281 0.628516 0.204688 0.544531 0.00022672
0 0.639063 0.342578 0.0859375 0.100781 0.000227254
0 0.378125 0.394531 0.15 0.395312 0.000233629
0 0.105469 0.604297 0.210938 0.730469 0.000239897
0 0.271875 0.235156 0.135937 0.151562 0.000243042
0 0.240625 0.242578 0.09375 0.124219 0.000246731
0 0.220313 0.591016 0.0921875 0.105469 0.000251803
0 0.628125 0.151562 0.226562 0.167187 0.000259384
0 0.652344 0.192969 0.129688 0.121875 0.000273702
0 0.202344 0.196094 0.320312 0.321875 0.000274129
0 0.343359 0.188281 0.121094 0.128125 0.000276242
0 0.717578 0.511328 0.0867188 0.102344 0.000277101
0 0.712891 0.431641 0.127344 0.216406 0.000277141
0 0.0683594 0.199609 0.136719 0.375781 0.000283043
0 0.680859 0.203906 0.0929687 0.096875 0.000295183
0 0.190234 0.637891 0.0914062 0.135156 0.000302516
0 0.697266 0.491016 0.0867188 0.102344 0.000307952
0 0.300391 0.534766 0.0882813 0.107031 0.000338927
0 0.343359 0.383984 0.0960938 0.172656 0.000345007
0 0.658594 0.284375 0.142188 0.19375 0.000350381
0 0.200781 0.685156 0.353125 0.484375 0.000352072
0 0.338281 0.5125 0.121875 0.198437 0.000355874
0 0.3125 0.235156 0.15 0.207813 0.000363987
0 0.221484 0.408984 0.0773437 0.100781 0.00037584
0 0.0855469 0.06875 0.164844 0.135937 0.000377325
0 0.6375 0.551562 0.148438 0.235938 0.000381808
0 0.735156 0.530078 0.0796875 0.0992187 0.000386981
0 0.221094 0.283594 0.059375 0.084375 0.000390645
0 0.259375 0.4 0.075 0.090625 0.000394532
0 0.283594 0.64375 0.292188 0.259375 0.000395121
0 0.316406 0.573438 0.0890625 0.109375 0.000414603
0 0.385156 0.266016 0.153125 0.271094 0.000430822
0 0.217578 0.310156 0.0742188 0.1375 0.000431375
0 0.258594 0.537891 0.0875 0.108594 0.000434944
0 0.749219 0.532422 0.084375 0.182031 0.000486513
0 0.680859 0.233203 0.125781 0.172656 0.000489121
0 0.194922 0.541797 0.124219 0.236719 0.000542376
0 0.228125 0.278906 0.0828125 0.125 0.000586006
0 0.620703 0.383594 0.142969 0.225 0.000601355
0 0.126172 0.125781 0.252344 0.242188 0.000606856
0 0.260938 0.591406 0.090625 0.0921875 0.000614616
0 0.740625 0.603516 0.309375 0.357031 0.000617833
0 0.600391 0.608984 0.364844 0.460156 0.000648002
0 0.671484 0.310156 0.0695312 0.0859375 0.000651834
0 0.680469 0.571484 0.148438 0.227344 0.000652905
0 0.240234 0.573828 0.0914062 0.103906 0.000654952
0 0.585938 0.478516 0.265625 0.402344 0.000671239
0 0.225781 0.515234 0.126563 0.203906 0.000702033
0 0.669922 0.361719 0.0804688 0.10625 0.000705795
0 0.24375 0.447656 0.120312 0.210938 0.000711002
0 0.336328 0.351953 0.141406 0.285156 0.000826206
0 0.301953 0.366406 0.122656 0.1625 0.000835884
0 0.280078 0.429297 0.119531 0.216406 0.000882921
0 0.280859 0.496094 0.139844 0.214062 0.000910972
0 0.641016 0.513281 0.225781 0.196875 0.000916357
0 0.730859 0.463672 0.292969 0.507031 0.000932024
0 0.687109 0.325391 0.114844 0.203906 0.000938604
0 0.217187 0.399219 0.096875 0.204688 0.000977181
0 0.703906 0.322656 0.159375 0.359375 0.00113234
0 0.241406 0.386719 0.107813 0.139062 0.00119874
0 0.298828 0.590625 0.0914062 0.084375 0.00131253
0 0.744141 0.4875 0.116406 0.279687 0.00131777
0 0.585547 0.315625 0.197656 0.267188 0.00151297
0 0.658203 0.450391 0.205469 0.203906 0.00158844
0 0.675391 0.408984 0.132031 0.252344 0.00161798
0 0.278125 0.383203 0.109375 0.110156 0.00166293
0 0.616406 0.323438 0.167187 0.182812 0.00187682
0 0.71875 0.622656 0.192188 0.285937 0.00193549
0 0.240234 0.360938 0.138281 0.234375 0.00235558
0 0.625391 0.591406 0.241406 0.325 0.00257486
0 0.338281 0.291016 0.196875 0.313281 0.00267657
0 0.695703 0.49375 0.146094 0.167187 0.00275273
0 0.654688 0.364062 0.132812 0.176563 0.00314933
0 0.669922 0.325 0.0914062 0.134375 0.00357575
0 0.324609 0.479688 0.161719 0.3125 0.00415601
0 0.226172 0.573047 0.157031 0.158594 0.00439842
0 0.323047 0.561328 0.149219 0.164844 0.00483429
0 0.278906 0.604297 0.209375 0.135156 0.00684633
0 0.638281 0.279297 0.198437 0.310156 0.00706326
0 0.707812 0.439453 0.16875 0.353906 0.00956277
0 0.279687 0.571484 0.142188 0.138281 0.0104827
0 0.276953 0.525391 0.277344 0.310156 0.0118524
0 0.722266 0.547266 0.147656 0.261719 0.0136662
0 0.250391 0.479297 0.174219 0.310156 0.0227208
0 0.282422 0.400391 0.214844 0.477344 0.0462084
0 0.651563 0.383594 0.239063 0.421875 0.07002
0 0.679297 0.547656 0.219531 0.329688 0.0992585
0 0.276172 0.55 0.196094 0.2 0.117085
