0 0.534766 0.194141 0.157031 0.139844 0.000101481
0 0.710547 0.532422 0.111719 0.267969 0.000101927
0 0.655078 0.388281 0.0789063 0.114063 0.000104027
0 0.594141 0.339063 0.0867188 0.109375 0.000104782
0 0.321875 0.694141 0.304688 0.313281 0.000105801
0 0.215625 0.578125 0.1125 0.196875 0.000108604
0 0.145313 0.592578 0.0984375 0.255469 0.000108975
0 0.198437 0.344141 0.0875 0.114844 0.000109192
0 0.0410156 0.153516 0.0414063 0.0789063 0.000111604
0 0.704297 0.357812 0.216406 0.359375 0.000112327
0 0.259375 0.421875 0.129688 0.18125 0.000114757
0 0.698828 0.672656 0.0914062 0.0875 0.000127038
0 0.619531 0.432813 0.0875 0.09375 0.000129056
0 0.191016 0.660156 0.0851562 0.114063 0.000135832
0 0.146484 0.696484 0.100781 0.207031 0.000145292
0 0.597266 0.49375 0.138281 0.185937 0.000152598
0 0.178906 0.578125 0.0890625 0.198437 0.0001528
0 0.537109 0.241016 0.182031 0.207031 0.000170961
0 0.614062 0.317969 0.0859375 0.110937 0.000171725
0 0.629687 0.278516 0.0875 0.111719 0.00017277
0 0.760938 0.466016 0.317187 0.592969 0.000175018
0 0.30625 0.223438 0.14375 0.151562 0.000176486
0 0.173047 0.403516 0.0820312 0.114844 0.00017782
0 0.714844 0.639453 0.084375 0.110156 0.000181899
0 0.551172 0.430859 0.175781 0.322656 0.000185948
0 0.578516 0.426562 0.167969 0.1875 0.000187927
0 0.742188 0.677344 0.184375 0.242188 0.000192619
0 0.635938 0.638281 0.0921875 0.104687 0.000200967
0 0.236328 0.528125 0.107031 0.175 0.000205277
0 0.685156 0.449219 0.09375 0.207813 0.000205296
0 0.656641 0.466406 0.0867188 0.0953125 0.000211864
0 0.146484 0.447656 0.100781 0.254687 0.000223507
0 0.299609 0.615234 0.119531 0.199219 0.000228326
0 0.177344 0.365625 0.08125 0.115625 0.000233479
0 0.225391 0.745313 0.319531 0.329688 0.000254157
0 0.258594 0.237109 0.160938 0.146094 0.000255471
0 0.617969 0.670703 0.195312 0.166406 0.000260371
0 0.170703 0.745703 0.146094 0.207031 0.000284709
0 0.213672 0.424219 0.146094 0.245312 0.000308659
0 0.165625 0.324219 0.14375 0.18125 0.000316627
0 0.595703 0.222656 0.235156 0.18125 0.000317079
0 0.201953 0.283984 0.189844 0.182031 0.000325071
0 0.132812 0.558984 0.15 0.478906 0.00033627
0 0.163281 0.530859 0.0859375 0.252344 0.000345714
0 0.673437 0.655078 0.0921875 0.0882813 0.000366867
0 0.341016 0.610937 0.210156 0.29375 0.000375144
0 0.289453 0.34375 0.155469 0.25625 0.000381925
0 0.297266 0.714453 0.246094 0.183594 0.000391314
0 0.572656 0.300781 0.0890625 0.10625 0.000398908
0 0.645312 0.646875 0.292188 0.260938 0.000403959
0 0.599219 0.613672 0.121875 0.182031 0.000427053
0 0.666797 0.386328 0.0976562 0.216406 0.00042821
0 0.540625 0.303125 0.135937 0.178125 0.000429414
0 0.214453 0.639063 0.128906 0.2 0.000453864
0 0.279297 0.657422 0.116406 0.135156 0.00045998
0 0.889453 0.678125 0.214844 0.64375 0.000468808
0 0.902734 0.302344 0.194531 0.557813 0.000469803
0 0.724609 0.674219 0.110156 0.114063 0.000480556
0 0.237109 0.677344 0.141406 0.164062 0.000483186
0 0.673828 0.557813 0.135156 0.209375 0.000503769
0 0.66875 0.432422 0.075 0.107031 0.000524697
0 0.258203 0.614844 0.128906 0.214062 0.000529774
0 0.592578 0.283984 0.0898438 0.111719 0.000534859
0 0.627734 0.264062 0.149219 0.175 0.000552169
0 0.194141 0.530469 0.102344 0.232812 0.000564683
0 0.178516 0.699609 0.0804688 0.114844 0.000676641
0 0.253125 0.359375 0.165625 0.1875 0.000700048
0 0.639453 0.447266 0.0882813 0.0929687 0.000781957
0 0.653516 0.489844 0.125781 0.235938 0.000812233
0 0.165234 0.635547 0.0929687 0.257031 0.000861513
0 0.708984 0.523047 0.199219 0.411719 0.000865408
0 0.588281 0.560156 0.165625 0.295312 0.00100566
0 0.918359 0.466016 0.163281 0.589844 0.0010405
0 0.295703 0.481641 0.202344 0.514844 0.00109493
0 0.634375 0.555078 0.140625 0.238281 0.00118109
0 0.175 0.466797 0.0953125 0.258594 0.00125118
0 0.301172 0.649219 0.199219 0.207813 0.00130771
0 0.61875 0.447656 0.160938 0.151562 0.0014863
0 0.6375 0.635547 0.139062 0.141406 0.00149674
0 0.180859 0.734766 0.103906 0.136719 0.0016564
0 0.708984 0.612109 0.146094 0.216406 0.00173871
0 0.55 0.346484 0.20625 0.278906 0.00185712
0 0.655859 0.323828 0.157031 0.292969 0.00203248
0 0.228125 0.609375 0.289062 0.421875 0.0023833
0 0.164453 0.396094 0.108594 0.259375 0.00258316
0 0.653125 0.430859 0.104687 0.155469 0.00270442
0 0.222266 0.716406 0.189844 0.175 0.00297898
0 0.256641 0.282031 0.200781 0.221875 0.00305345
0 0.203125 0.343359 0.140625 0.207031 0.00358479
0 0.684375 0.658594 0.170312 0.15 0.00455185
0 0.633594 0.380078 0.13125 0.253906 0.00673218
0 0.612891 0.322656 0.146094 0.210938 0.00726699
0 0.664062 0.436719 0.15625 0.401563 0.00809743
0 0.249609 0.635547 0.213281 0.272656 0.00858485
0 0.185156 0.685156 0.115625 0.207813 0.00914407
0 0.172656 0.519531 0.1125 0.465625 0.0158173
0 0.577734 0.284766 0.199219 0.233594 0.022441
0 0.645703 0.610156 0.192969 0.226562 0.0263283
0 0.198437 0.616406 0.154687 0.339063 0.0269937
0 0.222656 0.345703 0.2 0.292969 0.0400907
0 0.633984 0.520312 0.205469 0.395312 0.0502535
0 0.214062 0.48125 0.198437 0.514063 0.0793303
0 0.60625 0.358203 0.203125 0.330469 0.249761
