0 0.137109 0.592969 0.0679687 0.096875 0.000101114
0 0.303516 0.978906 0.200781 0.0421875 0.000104884
0 0.216406 0.564844 0.148438 0.142188 0.000105223
0 0.182812 0.386719 0.1 0.246875 0.000106495
0 0.683594 0.705859 0.25625 0.299219 0.000107677
0 0.164844 0.492578 0.1125 0.250781 0.000108041
0 0.262109 0.200781 0.139844 0.126563 0.00010818
0 0.212891 0.389844 0.107031 0.185937 0.000110409
0 0.723828 0.515625 0.116406 0.210938 0.000112333
0 0.0324219 0.824219 0.0648438 0.20625 0.000115374
0 0.215234 0.583984 0.263281 0.178906 0.000117625
0 0.723828 0.361328 0.100781 0.150781 0.000118197
0 0.349219 0.318359 0.151562 0.296094 0.000123119
0 0.334375 0.545703 0.30625 0.403906 0.000125124
0 0.967969 0.225391 0.0640625 0.422656 0.000131414
0 0.600781 0.175781 0.129688 0.129688 0.000136628
0 0.950781 0.275391 0.09375 0.550781 0.000146205
0 0.197656 0.451562 0.107813 0.210938 0.000156017
0 0.975781 0.396484 0.0484375 0.424219 0.000158766
0 0.716016 0.314063 0.113281 0.189063 0.000159396
0 0.339453 0.589063 0.128906 0.171875 0.000163557
0 0.261328 0.967188 0.224219 0.065625 0.000171094
0 0.337109 0.514453 0.111719 0.203906 0.000185687
0 0.0570313 0.858203 0.114063 0.239844 0.000188209
0 0.726953 0.400781 0.117969 0.270312 0.000191917
0 0.970312 0.560938 0.059375 0.679688 0.000218899
0 0.9625 0.113281 0.0734375 0.226562 0.000224041
0 0.594922 0.629297 0.277344 0.360156 0.000233027
0 0.724609 0.633984 0.0851562 0.113281 0.00023823
0 0.749609 0.445703 0.132031 0.405469 0.000247214
0 0.726953 0.576953 0.0851562 0.114844 0.000261189
0 0.303516 0.533984 0.0867188 0.103906 0.000265419
0 0.344531 0.396094 0.20625 0.532812 0.000265665
0 0.235547 0.226953 0.124219 0.160156 0.000275166
0 0.232422 0.217578 0.0882813 0.0835937 0.000282396
0 0.0257812 0.441797 0.05 0.499219 0.00029276
0 0.282422 0.516016 0.141406 0.208594 0.00031267
0 0.936719 0.0828125 0.123438 0.165625 0.00031429
0 0.149609 0.5875 0.102344 0.139062 0.000321666
0 0.935938 0.169141 0.125 0.338281 0.000360609
0 0.596875 0.633594 0.129688 0.178125 0.000365601
0 0.751953 0.542578 0.0617188 0.100781 0.000380196
0 0.862891 0.173828 0.274219 0.347656 0.000413226
0 0.682031 0.4875 0.28125 0.503125 0.000453083
0 0.05 0.435547 0.1 0.746094 0.000467997
0 0.313281 0.953516 0.315625 0.0867188 0.000509337
0 0.234375 0.280469 0.135937 0.195312 0.000535067
0 0.239844 0.258984 0.0953125 0.103906 0.00061861
0 0.656641 0.616016 0.144531 0.202344 0.000644337
0 0.613281 0.669141 0.189063 0.200781 0.000758151
0 0.701563 0.650781 0.140625 0.203125 0.000777748
0 0.216406 0.273047 0.09375 0.136719 0.000790154
0 0.778906 0.601562 0.13125 0.234375 0.000804467
0 0.897266 0.113672 0.205469 0.224219 0.000865085
0 0.660937 0.532812 0.204688 0.340625 0.000892915
0 0.309375 0.487109 0.175 0.299219 0.000922909
0 0.741406 0.613281 0.084375 0.117188 0.00107681
0 0.198047 0.405078 0.135156 0.371094 0.00134947
0 0.316797 0.553516 0.132031 0.167969 0.00135507
0 0.611719 0.577734 0.159375 0.264844 0.00143684
0 0.752734 0.624219 0.282031 0.323438 0.00151272
0 0.757031 0.667578 0.142188 0.319531 0.00191531
0 0.263281 0.4 0.24375 0.475 0.00210651
0 0.753906 0.572656 0.0734375 0.117188 0.00230413
0 0.187109 0.544922 0.157031 0.207031 0.00347936
0 0.713672 0.502734 0.150781 0.375781 0.00437059
0 0.741406 0.560938 0.0921875 0.18125 0.00626811
0 0.221484 0.248047 0.0789063 0.0726563 0.00730536
0 0.217969 0.485938 0.196875 0.295312 0.00797972
0 0.260156 0.548047 0.226562 0.185156 0.013181
0 0.667188 0.621094 0.239063 0.248437 0.0173272
0 0.734375 0.607422 0.129688 0.225781 0.100388
