0 0.229297 0.708984 0.249219 0.277344 0.000104256
0 0.700781 0.673437 0.145313 0.15 0.00011417
0 0.266016 0.485156 0.197656 0.36875 0.000116844
0 0.678516 0.298047 0.0679687 0.0835937 0.00011961
0 0.255469 0.369922 0.139062 0.213281 0.000136269
0 0.691797 0.2375 0.0554687 0.0796875 0.000143008
0 0.688672 0.281641 0.0460938 0.0679687 0.000144671
0 0.323438 0.617188 0.13125 0.145313 0.000148205
0 0.792578 0.660937 0.0898438 0.1125 0.00015011
0 0.274219 0.226953 0.117188 0.125781 0.00015272
0 0.237891 0.652734 0.144531 0.180469 0.000154646
0 0.672656 0.201562 0.0765625 0.084375 0.000172683
0 0.214453 0.480859 0.135156 0.330469 0.00017459
0 0.776953 0.575781 0.128906 0.270312 0.000175151
0 0.273047 0.286719 0.146094 0.19375 0.000177116
0 0.237109 0.300391 0.0898438 0.149219 0.000179407
0 0.238281 0.577344 0.153125 0.178125 0.000183017
0 0.188281 0.682422 0.14375 0.269531 0.000183792
0 0.6875 0.219531 0.04375 0.0609375 0.00018932
0 0.663281 0.230859 0.0765625 0.113281 0.000204908
0 0.301172 0.1875 0.0554687 0.0546875 0.000222469
0 0.691797 0.541406 0.141406 0.16875 0.00024491
0 0.316797 0.221094 0.142969 0.14375 0.000247072
0 0.678125 0.263281 0.0625 0.107813 0.000281791
0 0.624609 0.613281 0.139844 0.184375 0.000293802
0 0.301172 0.195703 0.0867188 0.0898438 0.000310239
0 0.727344 0.537891 0.182812 0.299219 0.000310292
0 0.676953 0.550391 0.0945313 0.107031 0.000321467
0 0.200391 0.575 0.155469 0.25625 0.000359006
0 0.723828 0.637109 0.144531 0.191406 0.00041314
0 0.678516 0.580469 0.202344 0.253125 0.000714133
0 0.671094 0.223438 0.0515625 0.0578125 0.00086028
0 0.800781 0.640234 0.151562 0.247656 0.000995413
0 0.296484 0.641016 0.213281 0.205469 0.00103922
0 0.79375 0.708594 0.153125 0.195312 0.00118696
0 0.657812 0.644531 0.185937 0.203125 0.00127962
0 0.757812 0.676562 0.3 0.284375 0.00133895
0 0.704687 0.675391 0.242188 0.197656 0.00238279
0 0.236719 0.628906 0.214062 0.248437 0.00532916
0 0.732422 0.617188 0.222656 0.259375 0.00652721
0 0.764453 0.675781 0.113281 0.11875 0.013754
0 0.765625 0.666016 0.164062 0.175781 0.0239022
