0 0.0160156 0.0996094 0.0320312 0.199219 0.000100151
0 0.759766 0.550391 0.280469 0.442969 0.00010189
0 0.788672 0.724609 0.100781 0.153906 0.000104249
0 0.720312 0.385938 0.103125 0.175 0.000105903
0 0.0800781 0.293359 0.136719 0.419531 0.000106241
0 0.663672 0.455469 0.152344 0.1875 0.000110754
0 0.256641 0.308203 0.125781 0.164844 0.000112906
0 0.721484 0.677734 0.128906 0.160156 0.000118588
0 0.0515625 0.0675781 0.103125 0.135156 0.000124102
0 0.728516 0.719531 0.182031 0.184375 0.000125403
0 0.658203 0.56875 0.152344 0.248437 0.000125708
0 0.785156 0.398438 0.090625 0.209375 0.00012784
0 0.783984 0.680859 0.303906 0.399219 0.000132829
0 0.263281 0.377344 0.145313 0.146875 0.000135022
0 0.719531 0.666016 0.2875 0.291406 0.000136751
0 0.208203 0.446484 0.105469 0.161719 0.000154872
0 0.176563 0.554688 0.114063 0.195312 0.000160165
0 0.624219 0.644922 0.128125 0.191406 0.000163979
0 0.182812 0.286328 0.05 0.0757812 0.000172255
0 0.0648438 0.460547 0.129688 0.738281 0.000173897
0 0.155078 0.660937 0.167969 0.25625 0.00017737
0 0.179297 0.429688 0.0804688 0.10625 0.000177398
0 0.213672 0.353125 0.114844 0.15 0.000180657
0 0.214453 0.312891 0.0992187 0.125781 0.000181121
0 0.0554687 0.142969 0.110937 0.285937 0.000182545
0 0.89375 0.609375 0.2125 0.778125 0.000190838
0 0.028125 0.105078 0.0546875 0.210156 0.000196601
0 0.741797 0.316797 0.119531 0.196094 0.000200216
0 0.761328 0.464844 0.0867188 0.10625 0.00020143
0 0.247266 0.470313 0.197656 0.304688 0.000204636
0 0.706641 0.479688 0.169531 0.253125 0.000216582
0 0.217969 0.560938 0.276563 0.385938 0.000242346
0 0.761719 0.360547 0.117188 0.211719 0.000303783
0 0.251563 0.610937 0.207813 0.203125 0.000320599
0 0.0347656 0.439063 0.0695312 0.657812 0.000350654
0 0.774219 0.491797 0.104687 0.199219 0.00037191
0 0.701563 0.567578 0.192188 0.324219 0.000391613
0 0.184375 0.358984 0.0828125 0.172656 0.000441094
0 0.182812 0.311719 0.0640625 0.120312 0.000446567
0 0.787109 0.609375 0.105469 0.260938 0.000472957
0 0.0324219 0.234375 0.0617188 0.46875 0.000562348
0 0.0492188 0.292188 0.096875 0.584375 0.000685426
0 0.657031 0.672266 0.160938 0.180469 0.000713525
0 0.189063 0.407813 0.10625 0.192188 0.00108636
0 0.760938 0.679688 0.145313 0.190625 0.00114681
0 0.198047 0.642969 0.172656 0.176563 0.0013613
0 0.759766 0.44375 0.121094 0.204688 0.00140208
0 0.184375 0.478906 0.121875 0.28125 0.00204099
0 0.736328 0.632422 0.172656 0.253906 0.00271401
0 0.189063 0.562891 0.1625 0.294531 0.00337796
0 0.759375 0.536328 0.128125 0.317969 0.00418069
