0 0.0351562 0.530078 0.0703125 0.469531 0.000100195
0 0.719531 0.673047 0.384375 0.653906 0.000104964
0 0.384375 0.126172 0.192188 0.200781 0.00010913
0 0.638672 0.30625 0.385156 0.434375 0.000112067
0 0.342187 0.131641 0.03125 0.0460938 0.000112202
0 0.579297 0.552344 0.141406 0.234375 0.000112246
0 0.510547 0.479297 0.185156 0.455469 0.000115144
0 0.324609 0.15 0.0523437 0.06875 0.000122558
0 0.198437 0.628906 0.15 0.164062 0.000123666
0 0.482422 0.186719 0.310156 0.373437 0.000125156
0 0.269141 0.673047 0.132031 0.153906 0.000130827
0 0.538672 0.644531 0.211719 0.264062 0.00013355
0 0.139062 0.722266 0.278125 0.555469 0.000134781
0 0.238281 0.46875 0.173438 0.1875 0.000135421
0 0.0605469 0.651172 0.121094 0.389844 0.000136015
0 0.360547 0.151953 0.0414063 0.0335938 0.000146338
0 0.344922 0.151562 0.0664062 0.0578125 0.000147499
0 0.0480469 0.314453 0.0960938 0.628906 0.000148043
0 0.106641 0.223047 0.213281 0.332031 0.000149302
0 0.361328 0.138281 0.0273438 0.0390625 0.000150406
0 0.325391 0.15 0.0367187 0.046875 0.000150638
0 0.182812 0.534766 0.0953125 0.169531 0.000151181
0 0.280859 0.467969 0.132031 0.246875 0.000164124
0 0.215625 0.173828 0.104687 0.169531 0.000166419
0 0.298438 0.552344 0.120312 0.25625 0.00016767
0 0.263672 0.344141 0.0742188 0.0898438 0.000169388
0 0.344141 0.151953 0.0429688 0.0382813 0.000171714
0 0.599609 0.367969 0.160156 0.170312 0.000173535
0 0.545313 0.337891 0.176563 0.174219 0.000191011
0 0.273438 0.321875 0.196875 0.2625 0.000192569
0 0.534375 0.467578 0.129688 0.222656 0.000195841
0 0.240625 0.610937 0.13125 0.185937 0.000197266
0 0.208594 0.404297 0.18125 0.232031 0.000204247
0 0.297656 0.635938 0.145313 0.192188 0.000212329
0 0.657812 0.688281 0.170312 0.3125 0.000218522
0 0.263672 0.178516 0.263281 0.300781 0.000219856
0 0.639453 0.715625 0.136719 0.1625 0.000224733
0 0.612109 0.427344 0.124219 0.229687 0.000231062
0 0.0804688 0.273047 0.160938 0.514844 0.000243239
0 0.157422 0.633984 0.191406 0.382031 0.000243755
0 0.201172 0.49375 0.128906 0.260938 0.00024922
0 0.597266 0.492188 0.144531 0.2625 0.00028671
0 0.391797 0.155859 0.405469 0.311719 0.000288353
0 0.180469 0.125391 0.360938 0.250781 0.000298223
0 0.730078 0.143359 0.263281 0.286719 0.000313798
0 0.276172 0.207031 0.407031 0.414062 0.000337268
0 0.0773437 0.797266 0.154687 0.405469 0.000340141
0 0.0449219 0.648438 0.0898438 0.642187 0.000364542
0 0.0640625 0.892969 0.126563 0.19375 0.000364991
0 0.533203 0.401953 0.160156 0.203906 0.000376138
0 0.25625 0.530859 0.14375 0.252344 0.000446687
0 0.0660156 0.483984 0.132031 0.580469 0.000449244
0 0.598437 0.196484 0.429688 0.392969 0.000457149
0 0.198828 0.575 0.127344 0.192188 0.000472709
0 0.265234 0.358203 0.114844 0.136719 0.000481758
0 0.666016 0.480078 0.352344 0.574219 0.00051805
0 0.187109 0.222266 0.277344 0.419531 0.000546728
0 0.807031 0.612109 0.385938 0.775781 0.000697401
0 0.214453 0.646875 0.219531 0.239063 0.000713893
0 0.267188 0.397656 0.160938 0.196875 0.000750815
0 0.167578 0.597656 0.122656 0.24375 0.000818719
0 0.299219 0.476172 0.179688 0.410156 0.00082623
0 0.187109 0.541016 0.297656 0.664844 0.00111149
0 0.630078 0.598828 0.202344 0.407031 0.0014399
0 0.597266 0.420312 0.196094 0.29375 0.00146362
0 0.610547 0.677344 0.185156 0.229687 0.00160835
0 0.1375 0.304688 0.275 0.609375 0.00188933
0 0.73125 0.172656 0.43125 0.345313 0.00210636
0 0.796094 0.318359 0.407813 0.636719 0.00268988
0 0.634766 0.48125 0.164844 0.407813 0.00279804
0 0.257031 0.595312 0.207813 0.25 0.00387814
0 0.0875 0.627344 0.175 0.671875 0.00397311
0 0.201953 0.557813 0.171094 0.310937 0.0056373
0 0.240625 0.505859 0.242188 0.455469 0.357926
0 0.577344 0.521094 0.253125 0.49375 0.401432
