0 0.741406 0.533203 0.190625 0.210156 0.000101364
0 0.301562 0.532422 0.151562 0.146094 0.000103297
0 0.612891 0.0351562 0.186719 0.06875 0.000104235
0 0.681641 0.3 0.122656 0.246875 0.000104379
0 0.682031 0.200391 0.10625 0.185156 0.00011034
0 0.388281 0.364062 0.142188 0.240625 0.000111574
0 0.6625 0.640234 0.298438 0.364844 0.000114324
0 0.260156 0.236328 0.1125 0.208594 0.000114998
0 0.278125 0.0613281 0.201562 0.122656 0.000115241
0 0.314063 0.101172 0.121875 0.150781 0.000121598
0 0.364062 0.510938 0.13125 0.16875 0.000121935
0 0.186719 0.0582031 0.239063 0.116406 0.00012261
0 0.717578 0.199219 0.0726563 0.0921875 0.000122916
0 0.75625 0.219922 0.120312 0.235156 0.000125567
0 0.685156 0.0335938 0.182812 0.0671875 0.000126329
0 0.7 0.0929687 0.15 0.167187 0.000127832
0 0.386328 0.445703 0.141406 0.239844 0.000133775
0 0.976172 0.892187 0.0476562 0.215625 0.000135554
0 0.302734 0.467969 0.149219 0.195312 0.000141906
0 0.430469 0.233984 0.14375 0.278906 0.000147615
0 0.283984 0.0660156 0.0835937 0.0664062 0.000148422
0 0.276953 0.387891 0.133594 0.214844 0.000155185
0 0.310937 0.193359 0.253125 0.338281 0.000155714
0 0.278906 0.586328 0.270312 0.180469 0.000157993
0 0.700781 0.573438 0.203125 0.2125 0.00015816
0 0.261719 0.198437 0.0625 0.090625 0.000166113
0 0.352344 0.0308594 0.153125 0.0617188 0.000173809
0 0.792969 0.302344 0.0875 0.254687 0.000180825
0 0.559375 0.0515625 0.270312 0.103125 0.000188166
0 0.240234 0.302734 0.121094 0.241406 0.000190303
0 0.23125 0.0957031 0.234375 0.186719 0.000193677
0 0.737109 0.110547 0.0929687 0.171094 0.000203862
0 0.307813 0.0574219 0.11875 0.100781 0.000208026
0 0.683203 0.386719 0.139844 0.179688 0.000214965
0 0.238672 0.550781 0.147656 0.14375 0.000216515
0 0.721484 0.471875 0.185156 0.196875 0.000222802
0 0.789844 0.563281 0.20625 0.321875 0.000225899
0 0.4625 0.0523437 0.25625 0.104687 0.000235792
0 0.79375 0.436719 0.204688 0.4 0.000242629
0 0.342187 0.408594 0.220313 0.207813 0.00025028
0 0.197656 0.314063 0.18125 0.526563 0.000251331
0 0.760156 0.301953 0.126563 0.200781 0.000274368
0 0.379687 0.278906 0.196875 0.35625 0.000275061
0 0.738281 0.407813 0.189063 0.192188 0.000301529
0 0.666797 0.523828 0.266406 0.392969 0.0003383
0 0.720312 0.28125 0.15 0.2625 0.000362049
0 0.387109 0.513281 0.210156 0.235938 0.000379473
0 0.669922 0.309375 0.169531 0.367188 0.000379548
0 0.362891 0.0578125 0.205469 0.115625 0.000387014
0 0.664453 0.149609 0.207031 0.296094 0.000403626
0 0.265625 0.191406 0.0890625 0.15625 0.000406208
0 0.738281 0.345313 0.159375 0.2 0.000429613
0 0.719531 0.201172 0.117188 0.164844 0.000440978
0 0.371094 0.126563 0.240625 0.251563 0.000467081
0 0.421875 0.3125 0.18125 0.484375 0.000482806
0 0.204297 0.522656 0.133594 0.185937 0.000503703
0 0.241016 0.466016 0.142969 0.233594 0.000556077
0 0.644922 0.0546875 0.224219 0.109375 0.000560967
0 0.289453 0.128516 0.192969 0.236719 0.000595669
0 0.336328 0.551562 0.257031 0.196875 0.000660378
0 0.792969 0.35 0.13125 0.323438 0.000666885
0 0.240234 0.386328 0.132031 0.285156 0.000701057
0 0.283594 0.428906 0.217187 0.209375 0.00099789
0 0.704687 0.394531 0.20625 0.285937 0.00142163
0 0.210156 0.438281 0.14375 0.328125 0.00155164
0 0.725391 0.158984 0.172656 0.297656 0.00155166
0 0.249609 0.260156 0.149219 0.407813 0.00159334
0 0.788672 0.273828 0.192969 0.508594 0.00162304
0 0.725 0.587891 0.254687 0.352344 0.00231433
0 0.379297 0.395312 0.232031 0.401563 0.00282221
0 0.258594 0.533203 0.226562 0.199219 0.00485966
0 0.753125 0.309766 0.170312 0.364844 0.0060206
0 0.723437 0.437891 0.24375 0.500781 0.0123468
0 0.310547 0.467969 0.307031 0.304688 0.0152923
0 0.252734 0.369141 0.186719 0.432031 0.0359715
0 0.316797 0.302734 0.303906 0.592969 0.271583
0 0.714453 0.258594 0.233594 0.5125 0.413288
