0 0.763281 0.320703 0.0890625 0.114844 0.000102802
0 0.237891 0.129688 0.0789063 0.096875 0.000103047
0 0.721094 0.0605469 0.104687 0.0976562 0.00010319
0 0.673047 0.7125 0.324219 0.435937 0.000104292
0 0.816016 0.608984 0.111719 0.153906 0.000105022
0 0.763672 0.633203 0.141406 0.189844 0.000106549
0 0.259375 0.382031 0.145313 0.151562 0.000106916
0 0.178125 0.447266 0.110937 0.189844 0.000109854
0 0.387891 0.0402344 0.272656 0.0804688 0.000110129
0 0.185937 0.307031 0.0796875 0.11875 0.000111125
0 0.551562 0.144141 0.403125 0.271094 0.000114752
0 0.726172 0.126172 0.0710938 0.110156 0.000119266
0 0.724609 0.279297 0.0882813 0.105469 0.000121905
0 0.182422 0.380078 0.0851562 0.110156 0.000122714
0 0.613672 0.0464844 0.0960938 0.0929687 0.000123227
0 0.219922 0.198437 0.0835937 0.109375 0.00013134
0 0.279687 0.197656 0.157813 0.18125 0.00013191
0 0.521484 0.0683594 0.380469 0.136719 0.000133783
0 0.528516 0.46875 0.503906 0.932813 0.000134641
0 0.761719 0.471484 0.090625 0.0945313 0.000142034
0 0.10625 0.711719 0.2125 0.576563 0.00014771
0 0.323438 0.0496094 0.201562 0.0976562 0.00015025
0 0.0636719 0.623828 0.127344 0.752344 0.000155101
0 0.1875 0.247266 0.096875 0.213281 0.000157712
0 0.799219 0.591797 0.0875 0.103906 0.000159421
0 0.305859 0.280078 0.125781 0.235156 0.000160218
0 0.305469 0.471875 0.19375 0.195312 0.000164022
0 0.577734 0.283594 0.386719 0.539062 0.0001653
0 0.325391 0.155078 0.153906 0.174219 0.000165618
0 0.796875 0.221484 0.160938 0.342969 0.000167671
0 0.619141 0.180469 0.196094 0.321875 0.000170549
0 0.212891 0.307813 0.0867188 0.117188 0.000174625
0 0.795313 0.470313 0.110937 0.170312 0.000179079
0 0.325391 0.370313 0.288281 0.325 0.000180712
0 0.358594 0.423047 0.123438 0.153906 0.000185763
0 0.637891 0.428906 0.135156 0.196875 0.000193715
0 0.657422 0.348437 0.132031 0.154687 0.000200116
0 0.250391 0.601562 0.230469 0.270312 0.000207026
0 0.616797 0.468359 0.121094 0.164844 0.000209925
0 0.344531 0.305078 0.125 0.203906 0.000210827
0 0.805469 0.366406 0.284375 0.5125 0.000231147
0 0.725 0.488672 0.14375 0.155469 0.000233989
0 0.323047 0.349609 0.0867188 0.0960938 0.000249272
0 0.654297 0.021875 0.203906 0.04375 0.000258891
0 0.191016 0.476562 0.169531 0.26875 0.000259766
0 0.279297 0.257812 0.127344 0.16875 0.00026415
0 0.240234 0.117578 0.117969 0.160156 0.000286243
0 0.626172 0.358594 0.139844 0.217187 0.000288341
0 0.796094 0.385156 0.107813 0.257812 0.000289303
0 0.177344 0.292969 0.292188 0.457812 0.000309924
0 0.737109 0.672656 0.250781 0.270312 0.000316534
0 0.328125 0.217187 0.132812 0.2125 0.000318074
0 0.583594 0.107813 0.259375 0.215625 0.000323398
0 0.723047 0.0433594 0.313281 0.0820312 0.000345118
0 0.432813 0.122266 0.375 0.244531 0.000378699
0 0.205859 0.200781 0.116406 0.217187 0.000426427
0 0.706641 0.301172 0.178906 0.188281 0.000428708
0 0.254297 0.259375 0.135156 0.246875 0.000464125
0 0.773438 0.243359 0.0828125 0.117969 0.000467598
0 0.357422 0.0738281 0.271094 0.142969 0.000518888
0 0.761328 0.404297 0.138281 0.232031 0.000548713
0 0.342969 0.366797 0.0859375 0.107031 0.000551641
0 0.803125 0.446484 0.148438 0.396094 0.000607744
0 0.614844 0.0898438 0.142188 0.1625 0.000615155
0 0.782031 0.591797 0.134375 0.146094 0.000685743
0 0.802734 0.542188 0.132031 0.23125 0.000735819
0 0.304688 0.348047 0.14375 0.160156 0.000749067
0 0.7625 0.280859 0.090625 0.116406 0.000771266
0 0.725391 0.154297 0.121094 0.216406 0.000780627
0 0.269141 0.111719 0.185156 0.209375 0.000798443
0 0.721484 0.448828 0.194531 0.177344 0.000800586
0 0.196875 0.344922 0.0875 0.111719 0.000830715
0 0.230469 0.526953 0.245312 0.252344 0.000883772
0 0.688281 0.609766 0.276563 0.311719 0.000909736
0 0.232031 0.342187 0.139062 0.182812 0.000920936
0 0.369922 0.225 0.147656 0.351562 0.000956762
0 0.225781 0.421484 0.214062 0.258594 0.000980093
0 0.698438 0.365625 0.18125 0.18125 0.00100525
0 0.614844 0.0367187 0.171875 0.0734375 0.00101367
0 0.216797 0.266016 0.110156 0.219531 0.00135841
0 0.771875 0.224609 0.107813 0.196094 0.00154997
0 0.726172 0.242188 0.169531 0.192188 0.00156031
0 0.350781 0.182812 0.0875 0.08125 0.00163505
0 0.654297 0.476172 0.199219 0.202344 0.00180742
0 0.742969 0.339063 0.154687 0.214062 0.00183472
0 0.713281 0.0785156 0.153125 0.142969 0.00257411
0 0.316406 0.142578 0.210938 0.263281 0.00258704
0 0.660156 0.401953 0.2 0.267969 0.00276697
0 0.637891 0.0589844 0.214844 0.117969 0.00299654
0 0.236328 0.169141 0.142969 0.289844 0.00344646
0 0.764453 0.483594 0.172656 0.225 0.00370908
0 0.351172 0.186719 0.117969 0.140625 0.00471617
0 0.737109 0.0964844 0.0914062 0.130469 0.00479574
0 0.687891 0.1625 0.236719 0.310937 0.00487531
0 0.192188 0.379687 0.132812 0.195312 0.00490342
0 0.767187 0.590234 0.190625 0.207031 0.00526659
0 0.338281 0.375781 0.1375 0.176563 0.00677152
0 0.334375 0.279297 0.171875 0.361719 0.00919026
0 0.783984 0.349609 0.155469 0.380469 0.0107486
0 0.727734 0.535547 0.244531 0.250781 0.0127791
0 0.275781 0.360156 0.24375 0.215625 0.0147381
0 0.196484 0.311328 0.125781 0.238281 0.0176505
0 0.759766 0.280469 0.128906 0.23125 0.0224734
0 0.722266 0.425781 0.246094 0.375 0.0262939
0 0.710547 0.288281 0.277344 0.548437 0.0279724
0 0.752344 0.194141 0.140625 0.319531 0.0297248
0 0.271094 0.252344 0.242188 0.420312 0.0531075
0 0.219141 0.267188 0.158594 0.35 0.060567
0 0.741797 0.288281 0.172656 0.410937 0.18286
