0 0.783984 0.390625 0.146094 0.2625 0.00010066
0 0.980078 0.560547 0.0398437 0.353906 0.000106264
0 0.824219 0.489844 0.084375 0.115625 0.000111543
0 0.738672 0.321875 0.228906 0.34375 0.000123613
0 0.8625 0.480078 0.1875 0.492969 0.000124257
0 0.251953 0.596875 0.194531 0.348437 0.000126257
0 0.303906 0.267188 0.16875 0.414062 0.000127833
0 0.289062 0.262891 0.0875 0.161719 0.000128278
0 0.426562 0.530078 0.139062 0.250781 0.000146348
0 0.834375 0.450781 0.110937 0.253125 0.00016712
0 0.385156 0.491406 0.146875 0.245312 0.000167547
0 0.761328 0.222656 0.197656 0.25 0.000170936
0 0.317187 0.117969 0.09375 0.0953125 0.000186402
0 0.301953 0.466016 0.117969 0.211719 0.000187285
0 0.385547 0.623828 0.271094 0.297656 0.000188401
0 0.301172 0.362891 0.130469 0.205469 0.000208859
0 0.801953 0.452344 0.136719 0.204688 0.000253063
0 0.380078 0.551953 0.183594 0.207031 0.000259317
0 0.272266 0.551172 0.100781 0.277344 0.000270426
0 0.787891 0.2625 0.130469 0.226562 0.000310326
0 0.335938 0.509766 0.15 0.271094 0.000312462
0 0.294531 0.234375 0.071875 0.096875 0.000312597
0 0.785156 0.256641 0.0984375 0.116406 0.000344721
0 0.779688 0.588672 0.226562 0.213281 0.000349373
0 0.416406 0.405078 0.2625 0.591406 0.000518903
0 0.769141 0.616797 0.286719 0.355469 0.0005793
0 0.306641 0.550781 0.133594 0.21875 0.000584801
0 0.825391 0.405469 0.169531 0.417188 0.000719465
0 0.282031 0.366406 0.140625 0.384375 0.00080729
0 0.711719 0.561328 0.217187 0.305469 0.000959276
0 0.741406 0.341406 0.307813 0.634375 0.00105228
0 0.819141 0.508594 0.116406 0.214062 0.00150363
0 0.416016 0.521875 0.210156 0.360938 0.00154789
0 0.803516 0.230859 0.107031 0.138281 0.00158599
0 0.269141 0.525 0.292969 0.467187 0.00177461
0 0.314844 0.365234 0.228125 0.628906 0.00331736
0 0.325781 0.583203 0.223438 0.308594 0.00372649
0 0.786328 0.337109 0.189844 0.511719 0.00392544
0 0.782812 0.510156 0.153125 0.270312 0.00565158
0 0.826563 0.521094 0.160938 0.31875 0.0177066
0 0.291797 0.511719 0.149219 0.395312 0.0402843
0 0.349219 0.485938 0.2375 0.426562 0.312322
0 0.773828 0.491016 0.230469 0.397656 0.359391
