0 0.696484 0.739453 0.225781 0.166406 0.000101783
0 0.187109 0.758594 0.116406 0.204688 0.000101809
0 0.714844 0.510156 0.126563 0.1875 0.00011557
0 0.213281 0.679688 0.0890625 0.110937 0.000122529
0 0.607813 0.628125 0.295312 0.43125 0.000132522
0 0.625391 0.744922 0.183594 0.163281 0.000135976
0 0.28125 0.388281 0.0671875 0.0890625 0.000145807
0 0.594922 0.696484 0.150781 0.239844 0.000150789
0 0.752734 0.573828 0.117969 0.230469 0.000152157
0 0.346875 0.634375 0.1375 0.26875 0.000168901
0 0.213672 0.719922 0.0820312 0.108594 0.000177748
0 0.279297 0.386719 0.0445312 0.0609375 0.000188169
0 0.279687 0.403125 0.0359375 0.0609375 0.000195999
0 0.234766 0.572266 0.110156 0.157031 0.000201346
0 0.280859 0.614844 0.189844 0.207813 0.000205526
0 0.314844 0.370313 0.0703125 0.0921875 0.000224696
0 0.375391 0.682422 0.153906 0.247656 0.000257798
0 0.713281 0.495703 0.173438 0.314844 0.000262319
0 0.674219 0.551562 0.184375 0.198437 0.000266421
0 0.339453 0.735547 0.169531 0.239844 0.000289562
0 0.695703 0.617969 0.186719 0.204688 0.000299335
0 0.194531 0.796094 0.16875 0.282813 0.000301811
0 0.247656 0.534375 0.195312 0.351562 0.000305316
0 0.278516 0.716797 0.247656 0.208594 0.000354066
0 0.746875 0.670313 0.139062 0.24375 0.000477612
0 0.717969 0.570312 0.148438 0.182812 0.000573553
0 0.178906 0.614844 0.159375 0.454688 0.000616926
0 0.744141 0.603906 0.185156 0.351562 0.00120756
0 0.657812 0.675 0.257812 0.296875 0.00122441
0 0.232422 0.699609 0.138281 0.203906 0.00133613
0 0.346875 0.576172 0.192188 0.382031 0.00166486
0 0.215625 0.621484 0.13125 0.272656 0.00168602
0 0.230078 0.732813 0.282031 0.390625 0.00363428
0 0.315234 0.682422 0.261719 0.349219 0.0066105
0 0.200781 0.696875 0.120312 0.28125 0.00879222
0 0.282813 0.577344 0.292188 0.529688 0.0745613
0 0.228906 0.658984 0.1875 0.382031 0.23491
0 0.679688 0.567578 0.265625 0.466406 0.349604
