0 0.329688 0.983984 0.142188 0.0320312 0.000101413
0 0.346094 0.548047 0.084375 0.0929687 0.00010178
0 0.2625 0.549219 0.140625 0.160938 0.000104128
0 0.187891 0.457031 0.292969 0.475 0.000105246
0 0.842969 0.515234 0.08125 0.0804688 0.000105826
0 0.239063 0.488281 0.0875 0.084375 0.000108922
0 0.223438 0.708203 0.314063 0.321094 0.000113235
0 0.629297 0.2375 0.125781 0.171875 0.00011599
0 0.823438 0.630078 0.0859375 0.0992187 0.000116285
0 0.24375 0.286328 0.0859375 0.108594 0.000118253
0 0.833203 0.361328 0.157031 0.274219 0.000124502
0 0.341406 0.242188 0.084375 0.104687 0.000124555
0 0.236719 0.596875 0.117188 0.101562 0.000130741
0 0.782422 0.648047 0.141406 0.128906 0.000135624
0 0.695703 0.444531 0.217969 0.385938 0.000136932
0 0.699219 0.633594 0.125 0.173438 0.000137291
0 0.214062 0.413672 0.0875 0.105469 0.000141404
0 0.880078 0.671094 0.0898438 0.10625 0.000145174
0 0.810156 0.308594 0.140625 0.171875 0.000146576
0 0.363281 0.399219 0.140625 0.292188 0.000153312
0 0.303906 0.508203 0.0859375 0.0914062 0.000155794
0 0.187891 0.3875 0.113281 0.203125 0.000156581
0 0.348437 0.469141 0.0859375 0.0929687 0.000158316
0 0.166797 0.605469 0.183594 0.28125 0.000159008
0 0.327734 0.300781 0.0882813 0.110937 0.000161879
0 0.887891 0.473828 0.192969 0.544531 0.000168541
0 0.680469 0.66875 0.123438 0.140625 0.000170492
0 0.247656 0.24375 0.148438 0.16875 0.000171003
0 0.231641 0.446875 0.0851562 0.0890625 0.000177297
0 0.364844 0.516016 0.10625 0.172656 0.000185042
0 0.750391 0.532031 0.136719 0.184375 0.000186079
0 0.283984 0.488281 0.0867188 0.075 0.000188703
0 0.240625 0.321875 0.084375 0.0984375 0.000190297
0 0.770703 0.272656 0.155469 0.209375 0.000199666
0 0.324609 0.980469 0.221094 0.0375 0.000217523
0 0.805859 0.428125 0.132031 0.25625 0.000232874
0 0.214844 0.463672 0.084375 0.0960938 0.000235446
0 0.873438 0.639063 0.165625 0.185937 0.000237893
0 0.820703 0.596094 0.0882813 0.110937 0.000255906
0 0.385547 0.276953 0.135156 0.250781 0.000268611
0 0.340625 0.404297 0.0796875 0.0804688 0.000268687
0 0.801172 0.323828 0.0757812 0.0773437 0.00027461
0 0.366406 0.396094 0.170312 0.495313 0.0002864
0 0.347656 0.511719 0.0859375 0.096875 0.000321063
0 0.639453 0.190625 0.152344 0.179688 0.0003468
0 0.323438 0.264062 0.0859375 0.103125 0.000365182
0 0.221484 0.6125 0.169531 0.142188 0.000444154
0 0.215625 0.485547 0.123438 0.163281 0.00046788
0 0.821094 0.627344 0.134375 0.132812 0.00055369
0 0.798828 0.341797 0.102344 0.133594 0.000559159
0 0.272266 0.659766 0.277344 0.214844 0.000585618
0 0.342969 0.547656 0.13125 0.1375 0.000596657
0 0.742578 0.651563 0.183594 0.1625 0.000626755
0 0.191406 0.675 0.20625 0.240625 0.000636338
0 0.774609 0.324609 0.208594 0.302344 0.000677635
0 0.339844 0.40625 0.114063 0.135937 0.000683976
0 0.692969 0.223047 0.240625 0.236719 0.000687582
0 0.342578 0.339844 0.132031 0.215625 0.000705912
0 0.763281 0.608203 0.146875 0.188281 0.000761653
0 0.258594 0.507031 0.171875 0.142188 0.000786893
0 0.300781 0.599609 0.2375 0.171094 0.000821009
0 0.2375 0.40625 0.175 0.189063 0.00102548
0 0.2 0.444531 0.0890625 0.0953125 0.00102843
0 0.301953 0.486328 0.121094 0.108594 0.00103238
0 0.289453 0.263281 0.146094 0.1625 0.00114552
0 0.283203 0.471094 0.189844 0.14375 0.00117413
0 0.714844 0.601953 0.207813 0.247656 0.00126488
0 0.840625 0.530469 0.134375 0.235938 0.00133618
0 0.716406 0.305859 0.276563 0.392969 0.00137236
0 0.199609 0.511328 0.172656 0.263281 0.0014358
0 0.868359 0.565625 0.210156 0.303125 0.00148323
0 0.341016 0.221094 0.172656 0.190625 0.00156283
0 0.341406 0.482812 0.135937 0.189063 0.00211005
0 0.787109 0.534375 0.149219 0.2375 0.00211992
0 0.281641 0.361328 0.221094 0.196094 0.00222767
0 0.227734 0.617578 0.249219 0.211719 0.00235964
0 0.308984 0.515625 0.174219 0.165625 0.0027507
0 0.827734 0.456641 0.185156 0.397656 0.00308301
0 0.264062 0.301562 0.19375 0.195312 0.00373358
0 0.325 0.443359 0.173438 0.299219 0.00451759
0 0.783984 0.634766 0.267969 0.238281 0.00538291
0 0.201562 0.4375 0.11875 0.164062 0.00539893
0 0.210547 0.358594 0.155469 0.298438 0.00581374
0 0.336328 0.282813 0.161719 0.189063 0.00641997
0 0.816406 0.591016 0.1875 0.191406 0.00765326
0 0.276172 0.516016 0.246094 0.239844 0.00818211
0 0.235938 0.431641 0.209375 0.330469 0.0112502
0 0.759375 0.464453 0.273438 0.467969 0.0506867
0 0.301953 0.258594 0.224219 0.26875 0.0547817
0 0.278516 0.353516 0.255469 0.382031 0.191618
0 0.791406 0.555859 0.232812 0.307031 0.263012
