0 0.157813 0.560547 0.29375 0.663281 0.00010339
0 0.280078 0.544531 0.0898438 0.10625 0.000103416
0 0.687109 0.699219 0.182031 0.351562 0.000108881
0 0.782422 0.652734 0.0867188 0.0992187 0.000110648
0 0.81875 0.599609 0.0890625 0.111719 0.000111258
0 0.28125 0.632422 0.15 0.214844 0.000111657
0 0.794922 0.240234 0.0585938 0.0710938 0.000111908
0 0.346094 0.657812 0.090625 0.090625 0.000112918
0 0.782812 0.226172 0.0578125 0.0648438 0.000117188
0 0.251563 0.360547 0.0796875 0.114844 0.000123922
0 0.744141 0.762109 0.228906 0.224219 0.000127981
0 0.859375 0.635938 0.139062 0.214062 0.000129055
0 0.721484 0.447266 0.141406 0.238281 0.000130659
0 0.740625 0.532422 0.142188 0.253906 0.000133026
0 0.6625 0.547266 0.203125 0.380469 0.000134018
0 0.300781 0.2875 0.132812 0.196875 0.000138571
0 0.739062 0.653125 0.0875 0.104687 0.000141404
0 0.740234 0.740234 0.180469 0.133594 0.000147335
0 0.665625 0.247656 0.11875 0.128125 0.000156584
0 0.25 0.306641 0.139062 0.186719 0.000157727
0 0.630078 0.262891 0.0789063 0.103906 0.000164823
0 0.889844 0.630078 0.159375 0.400781 0.00016683
0 0.824219 0.762109 0.220313 0.172656 0.000167078
0 0.559766 0.367578 0.250781 0.422656 0.000169404
0 0.265625 0.308203 0.071875 0.116406 0.000173168
0 0.321094 0.453125 0.192188 0.220313 0.000179995
0 0.358203 0.553125 0.141406 0.210938 0.000180229
0 0.223047 0.653516 0.132031 0.189844 0.000180668
0 0.652734 0.632812 0.377344 0.734375 0.000185404
0 0.76875 0.858984 0.271875 0.274219 0.000201685
0 0.484375 0.439453 0.417188 0.664844 0.000205669
0 0.259375 0.528906 0.0921875 0.096875 0.000210619
0 0.783984 0.617578 0.0898438 0.107031 0.000215063
0 0.662109 0.291797 0.147656 0.213281 0.000225335
0 0.407031 0.685938 0.1625 0.192188 0.000240445
0 0.816797 0.369922 0.275781 0.366406 0.000243937
0 0.259766 0.394922 0.294531 0.382031 0.00024669
0 0.425781 0.604297 0.223438 0.339844 0.00025271
0 0.795313 0.285937 0.08125 0.101562 0.000257372
0 0.924609 0.883984 0.149219 0.232031 0.000267241
0 0.40625 0.546484 0.335938 0.467969 0.000267877
0 0.83125 0.441797 0.154687 0.364844 0.000272124
0 0.879687 0.730469 0.157813 0.190625 0.000285194
0 0.716797 0.674219 0.0882813 0.10625 0.000289844
0 0.248437 0.655078 0.309375 0.389844 0.000296082
0 0.792969 0.250391 0.08125 0.110156 0.000296455
0 0.799219 0.423828 0.134375 0.239844 0.00030147
0 0.65625 0.380859 0.232812 0.311719 0.000312401
0 0.910547 0.807422 0.167969 0.335156 0.000313124
0 0.700391 0.713281 0.110156 0.145313 0.000319406
0 0.248828 0.446094 0.111719 0.271875 0.000378007
0 0.824219 0.353125 0.1375 0.234375 0.000385959
0 0.650391 0.24375 0.0773437 0.0796875 0.000403794
0 0.426172 0.242188 0.152344 0.1625 0.000412728
0 0.708594 0.476953 0.223438 0.403906 0.000413128
0 0.539453 0.586328 0.466406 0.827344 0.000437589
0 0.286328 0.5125 0.0945313 0.0921875 0.000462347
0 0.765234 0.382422 0.0804688 0.107031 0.000477538
0 0.246875 0.530469 0.1125 0.164062 0.000478705
0 0.316797 0.360547 0.185156 0.180469 0.000488452
0 0.404687 0.372266 0.25 0.352344 0.000516262
0 0.822656 0.673828 0.142188 0.166406 0.000522479
0 0.227734 0.592969 0.108594 0.210938 0.000560769
0 0.742188 0.638281 0.14375 0.171875 0.000613493
0 0.780859 0.715234 0.224219 0.183594 0.00072288
0 0.274609 0.667969 0.227344 0.226562 0.000734459
0 0.34375 0.655859 0.164062 0.150781 0.000844872
0 0.324219 0.5875 0.148438 0.240625 0.000890978
0 0.803516 0.577734 0.180469 0.203906 0.000966488
0 0.803516 0.635156 0.0851562 0.0984375 0.00107176
0 0.777734 0.346875 0.0851562 0.117188 0.00112282
0 0.285156 0.492188 0.164062 0.173438 0.00113599
0 0.688672 0.627734 0.121094 0.250781 0.00125469
0 0.212109 0.564844 0.186719 0.435937 0.00127529
0 0.74375 0.285937 0.196875 0.232812 0.00131832
0 0.389844 0.270703 0.207813 0.194531 0.00136121
0 0.863281 0.8625 0.259375 0.273438 0.00147202
0 0.319531 0.510547 0.0953125 0.0867188 0.00159654
0 0.71875 0.673437 0.128125 0.153125 0.00162639
0 0.779688 0.306641 0.0796875 0.100781 0.00174464
0 0.764063 0.404297 0.125 0.230469 0.00183846
0 0.369531 0.567187 0.20625 0.290625 0.00191664
0 0.746484 0.567578 0.225781 0.311719 0.00198767
0 0.263672 0.383594 0.114844 0.21875 0.00212141
0 0.835938 0.570312 0.185937 0.354688 0.00232758
0 0.275781 0.342578 0.0875 0.102344 0.00263991
0 0.802734 0.748047 0.292969 0.299219 0.00300717
0 0.344922 0.635547 0.213281 0.252344 0.00309152
0 0.281641 0.551172 0.164844 0.186719 0.00346362
0 0.741406 0.392188 0.192188 0.3 0.00365683
0 0.782031 0.289453 0.110937 0.160156 0.00371627
0 0.838281 0.680469 0.209375 0.242188 0.00373356
0 0.340625 0.306641 0.232812 0.228906 0.0049308
0 0.742969 0.678125 0.196875 0.204688 0.00529941
0 0.252344 0.478516 0.154687 0.403906 0.00580246
0 0.801562 0.634375 0.16875 0.159375 0.00738095
0 0.245312 0.598437 0.16875 0.2875 0.00882213
0 0.280469 0.336328 0.121875 0.178906 0.0161848
0 0.330078 0.517187 0.172656 0.140625 0.0164804
0 0.781641 0.479688 0.224219 0.476562 0.0190525
0 0.324219 0.461719 0.246875 0.429688 0.0252317
0 0.287891 0.399219 0.157031 0.314063 0.0302614
0 0.780469 0.342578 0.129688 0.219531 0.0318353
0 0.786719 0.641016 0.242188 0.239844 0.0471994
0 0.297656 0.557422 0.23125 0.328906 0.0921315
