0 0.8125 0.432813 0.103125 0.2 0.000103867
0 0.0558594 0.0351562 0.0945313 0.0703125 0.000107289
0 0.180469 0.139844 0.360938 0.271875 0.000108856
0 0.282422 0.546875 0.125781 0.104687 0.000109246
0 0.0582031 0.438281 0.116406 0.675 0.0001093
0 0.191406 0.408594 0.123438 0.28125 0.00011009
0 0.715234 0.546484 0.141406 0.149219 0.000118959
0 0.332812 0.316016 0.215625 0.357031 0.000119883
0 0.237109 0.402344 0.0898438 0.109375 0.000123907
0 0.732031 0.272656 0.0796875 0.117188 0.000132722
0 0.786328 0.326562 0.232031 0.429688 0.000142224
0 0.337109 0.496094 0.103906 0.135937 0.000142971
0 0.252344 0.532812 0.08125 0.071875 0.000147465
0 0.405078 0.528125 0.133594 0.1875 0.000149888
0 0.808984 0.591016 0.146094 0.127344 0.000168409
0 0.308203 0.280859 0.166406 0.194531 0.000179252
0 0.228516 0.569531 0.180469 0.19375 0.000179993
0 0.661719 0.491797 0.115625 0.200781 0.000186389
0 0.341406 0.53125 0.0796875 0.0859375 0.000189105
0 0.304688 0.528516 0.0765625 0.0773437 0.000194177
0 0.209375 0.326172 0.235938 0.361719 0.000194209
0 0.693359 0.529688 0.282031 0.301562 0.00019511
0 0.804297 0.5125 0.0789063 0.114063 0.000227613
0 0.701563 0.472266 0.142188 0.239844 0.000241684
0 0.253125 0.515234 0.121875 0.117969 0.000243813
0 0.705859 0.271484 0.0835937 0.113281 0.000247303
0 0.272656 0.321484 0.08125 0.103906 0.000264076
0 0.760547 0.526563 0.150781 0.165625 0.000264103
0 0.767187 0.584766 0.2375 0.189844 0.000288952
0 0.771094 0.565234 0.307813 0.300781 0.000300954
0 0.191797 0.507422 0.160156 0.303906 0.000308855
0 0.342969 0.442187 0.229687 0.34375 0.000319175
0 0.660547 0.553125 0.128906 0.164062 0.000350784
0 0.24375 0.364844 0.0875 0.114063 0.000357215
0 0.291406 0.563281 0.182812 0.146875 0.000361244
0 0.344531 0.548437 0.117188 0.126563 0.000365892
0 0.321875 0.513672 0.071875 0.0773437 0.000372394
0 0.19375 0.445312 0.28125 0.426562 0.000473046
0 0.66875 0.4375 0.203125 0.415625 0.000494827
0 0.341797 0.529297 0.174219 0.188281 0.000542756
0 0.719531 0.295703 0.120312 0.207031 0.000630737
0 0.807031 0.451953 0.295312 0.392969 0.000783952
0 0.764453 0.391797 0.139844 0.278906 0.000784722
0 0.801172 0.544141 0.163281 0.191406 0.000853473
0 0.223828 0.44375 0.110156 0.221875 0.000877711
0 0.683594 0.3 0.301562 0.442187 0.000905223
0 0.23125 0.541016 0.10625 0.113281 0.000981954
0 0.261719 0.328125 0.11875 0.165625 0.00121632
0 0.315234 0.522656 0.128906 0.1125 0.00138412
0 0.802344 0.505078 0.115625 0.197656 0.00194217
0 0.692969 0.231641 0.178125 0.191406 0.00301685
0 0.237891 0.382812 0.122656 0.210938 0.00344764
0 0.225781 0.513281 0.134375 0.189063 0.00348486
0 0.261719 0.490234 0.20625 0.261719 0.00359427
0 0.730469 0.323438 0.175 0.335938 0.00420469
0 0.702734 0.519531 0.203906 0.207813 0.00553911
0 0.266797 0.338672 0.161719 0.267969 0.00558665
0 0.803516 0.454297 0.149219 0.310156 0.0101614
0 0.275391 0.398047 0.280469 0.469531 0.0175884
0 0.717969 0.242188 0.110937 0.145313 0.0242054
0 0.762109 0.499609 0.221094 0.263281 0.0392114
0 0.733984 0.39375 0.246094 0.457812 0.298818
0 0.2375 0.410156 0.154687 0.339063 0.403636
