0 0.260547 0.322656 0.0648438 0.15 0.000102186
0 0.781641 0.355078 0.113281 0.214844 0.000102952
0 0.736719 0.272266 0.157813 0.211719 0.000103037
0 0.789844 0.200391 0.0390625 0.0523437 0.00010317
0 0.818359 0.322266 0.0492188 0.0757812 0.000103506
0 0.326562 0.515625 0.146875 0.157813 0.000106038
0 0.364453 0.532031 0.0882813 0.110937 0.000106124
0 0.6875 0.452344 0.103125 0.2375 0.00010736
0 0.941406 0.398828 0.104687 0.282031 0.000110196
0 0.262109 0.605469 0.197656 0.176563 0.000110548
0 0.745703 0.238281 0.0867188 0.096875 0.000112485
0 0.76875 0.397656 0.271875 0.478125 0.000112565
0 0.764844 0.625391 0.132812 0.139844 0.000117763
0 0.741406 0.589844 0.090625 0.104687 0.000126636
0 0.897656 0.607031 0.140625 0.278125 0.000129437
0 0.325391 0.216016 0.0695312 0.0789063 0.000137872
0 0.812109 0.358594 0.0914062 0.178125 0.000137952
0 0.982422 0.484766 0.0351562 0.172656 0.000142059
0 0.721484 0.570312 0.0914062 0.107813 0.000152619
0 0.779688 0.277734 0.0625 0.0789063 0.000158057
0 0.803906 0.315234 0.075 0.103906 0.000159006
0 0.761719 0.220313 0.0734375 0.10625 0.000162002
0 0.662891 0.200391 0.100781 0.132031 0.00016719
0 0.344922 0.201172 0.114844 0.0976562 0.000177222
0 0.791406 0.266797 0.071875 0.114844 0.000187697
0 0.776172 0.303125 0.0851562 0.1125 0.000188656
0 0.764844 0.180859 0.071875 0.0773437 0.000189689
0 0.905469 0.460938 0.140625 0.298438 0.00019514
0 0.287891 0.266797 0.0570313 0.0789063 0.000196707
0 0.388672 0.476172 0.142969 0.192969 0.000206601
0 0.838281 0.415625 0.115625 0.254687 0.000206996
0 0.796094 0.223828 0.0484375 0.0742188 0.000211977
0 0.722656 0.194141 0.126563 0.121094 0.000215819
0 0.783594 0.492578 0.1375 0.211719 0.000220109
0 0.280859 0.510156 0.146094 0.20625 0.00022227
0 0.784375 0.589453 0.0890625 0.0992187 0.000226522
0 0.269141 0.364453 0.121094 0.294531 0.000227282
0 0.348437 0.412109 0.2 0.330469 0.000229387
0 0.820312 0.555469 0.090625 0.109375 0.000255549
0 0.857813 0.492188 0.126563 0.203125 0.000257523
0 0.767187 0.259766 0.0765625 0.0867188 0.000260494
0 0.282813 0.30625 0.0828125 0.142188 0.00026315
0 0.765625 0.242188 0.110937 0.142188 0.000263232
0 0.710547 0.477344 0.114844 0.1625 0.000267181
0 0.362891 0.565625 0.125781 0.114063 0.000270242
0 0.803906 0.651172 0.160938 0.182031 0.000270328
0 0.307422 0.288281 0.111719 0.167187 0.000290884
0 0.784766 0.293359 0.111719 0.182031 0.000293718
0 0.691406 0.546875 0.126563 0.309375 0.000326347
0 0.973828 0.4375 0.0523437 0.239063 0.000355098
0 0.743359 0.513281 0.158594 0.189063 0.000358678
0 0.222266 0.446875 0.113281 0.21875 0.000358691
0 0.695703 0.214844 0.139844 0.139062 0.000372185
0 0.323047 0.242188 0.0867188 0.114063 0.000373957
0 0.778906 0.194531 0.0453125 0.05625 0.00037865
0 0.775781 0.199219 0.071875 0.0890625 0.000382226
0 0.816406 0.696484 0.084375 0.0976562 0.000397323
0 0.845312 0.623828 0.1875 0.210156 0.000400917
0 0.301953 0.279687 0.0695312 0.1125 0.000406704
0 0.813672 0.409766 0.158594 0.357031 0.000414589
0 0.370313 0.226562 0.145313 0.15625 0.000433593
0 0.794141 0.255859 0.0570313 0.0710938 0.000552875
0 0.274609 0.419141 0.180469 0.358594 0.000725161
0 0.781641 0.238672 0.0726563 0.0945313 0.000738118
0 0.722656 0.556641 0.135937 0.157031 0.000763798
0 0.867969 0.560547 0.171875 0.219531 0.00098851
0 0.2625 0.567969 0.0890625 0.09375 0.00102637
0 0.372266 0.522656 0.130469 0.171875 0.00105477
0 0.807031 0.536719 0.139062 0.173438 0.00106417
0 0.802734 0.574219 0.0867188 0.0921875 0.00112699
0 0.211719 0.557031 0.170312 0.20625 0.00114226
0 0.344141 0.563281 0.182031 0.1625 0.001443
0 0.337109 0.501953 0.213281 0.238281 0.00182018
0 0.762891 0.490625 0.228906 0.278125 0.002455
0 0.232031 0.498828 0.165625 0.266406 0.00426174
0 0.260938 0.569922 0.145313 0.132031 0.00434967
0 0.800781 0.586719 0.159375 0.140625 0.00458184
0 0.745313 0.588672 0.2 0.172656 0.00508935
0 0.838672 0.496875 0.180469 0.290625 0.0088123
0 0.286328 0.547266 0.239844 0.186719 0.0175154
0 0.796094 0.564844 0.2375 0.19375 0.0568892
