0 0.262109 0.651172 0.149219 0.142969 0.000106194
0 0.676953 0.383203 0.113281 0.172656 0.000106962
0 0.870703 0.365234 0.247656 0.678906 0.000110622
0 0.729297 0.142578 0.425781 0.277344 0.00011243
0 0.452344 0.369141 0.351562 0.535156 0.000112745
0 0.656641 0.511328 0.108594 0.205469 0.000112896
0 0.213281 0.551562 0.084375 0.104687 0.000114999
0 0.701172 0.573828 0.128906 0.205469 0.000118086
0 0.833203 0.738672 0.0695312 0.0726563 0.000118339
0 0.634766 0.426172 0.108594 0.185156 0.000119992
0 0.655859 0.61875 0.142969 0.235938 0.000120352
0 0.130469 0.605469 0.164062 0.314063 0.000120638
0 0.583594 0.461328 0.196875 0.375781 0.000121177
0 0.793359 0.512109 0.0992187 0.233594 0.000123537
0 0.352344 0.637109 0.0796875 0.107031 0.00012693
0 0.740625 0.367188 0.0828125 0.0953125 0.000127939
0 0.313672 0.0335938 0.280469 0.0671875 0.000135686
0 0.745703 0.488672 0.121094 0.202344 0.000136724
0 0.760547 0.570703 0.0867188 0.0992187 0.00013727
0 0.786328 0.660937 0.0867188 0.114063 0.000138033
0 0.740625 0.551953 0.0828125 0.0960938 0.000140836
0 0.891797 0.0355469 0.216406 0.0710938 0.000141248
0 0.825391 0.471875 0.185156 0.476562 0.00014142
0 0.235156 0.513281 0.126563 0.196875 0.000142165
0 0.754687 0.325 0.114063 0.167187 0.000143195
0 0.147266 0.614453 0.103906 0.228906 0.000149623
0 0.125781 0.5625 0.2 0.534375 0.000150933
0 0.0320312 0.432813 0.0640625 0.729688 0.000153334
0 0.639063 0.752344 0.251563 0.159375 0.000154166
0 0.366406 0.602734 0.117188 0.211719 0.000154681
0 0.941016 0.626172 0.111719 0.717969 0.00015775
0 0.632422 0.235547 0.303906 0.275781 0.000158962
0 0.458594 0.198828 0.395312 0.375781 0.000159727
0 0.195312 0.571094 0.0875 0.109375 0.000162158
0 0.926172 0.114453 0.147656 0.228906 0.000173825
0 0.621484 0.438672 0.142969 0.283594 0.000174389
0 0.969531 0.601172 0.059375 0.644531 0.000174779
0 0.7625 0.40625 0.0796875 0.109375 0.000185339
0 0.658984 0.741016 0.341406 0.280469 0.000186543
0 0.084375 0.121484 0.16875 0.242969 0.00018887
0 0.239063 0.322266 0.090625 0.103906 0.000189204
0 0.823047 0.631641 0.289844 0.447656 0.000192602
0 0.335938 0.292188 0.314063 0.334375 0.000193335
0 0.253516 0.404297 0.125781 0.253906 0.00020236
0 0.223828 0.0386719 0.364844 0.0773437 0.000202842
0 0.177734 0.59375 0.0851562 0.110937 0.00020484
0 0.723047 0.533203 0.121094 0.146094 0.000208743
0 0.976953 0.763281 0.0460938 0.473437 0.000214931
0 0.647656 0.276563 0.178125 0.153125 0.000215923
0 0.846875 0.746094 0.164062 0.214062 0.000221376
0 0.699609 0.391797 0.297656 0.422656 0.000224257
0 0.717188 0.696875 0.148438 0.134375 0.000227812
0 0.375 0.521094 0.1375 0.39375 0.00022831
0 0.935156 0.279687 0.126563 0.559375 0.000231915
0 0.814844 0.664844 0.078125 0.117188 0.000244535
0 0.539844 0.274219 0.410937 0.51875 0.000253578
0 0.111719 0.0355469 0.223438 0.0710938 0.000262157
0 0.766797 0.313281 0.213281 0.295312 0.00026577
0 0.813281 0.200391 0.359375 0.400781 0.000266019
0 0.180859 0.619141 0.285156 0.366406 0.000269591
0 0.742578 0.656641 0.149219 0.182031 0.000294307
0 0.324609 0.626953 0.299219 0.307031 0.000308235
0 0.761328 0.53125 0.116406 0.154687 0.00032339
0 0.211719 0.317187 0.21875 0.4375 0.000331818
0 0.589063 0.650781 0.148438 0.25625 0.000338243
0 0.741797 0.366797 0.107031 0.152344 0.000361701
0 0.148047 0.194531 0.282031 0.389062 0.00037039
0 0.616406 0.569141 0.164062 0.341406 0.000376253
0 0.774219 0.752344 0.346875 0.315625 0.000406331
0 0.341406 0.276172 0.19375 0.188281 0.000417606
0 0.775781 0.449219 0.0984375 0.226562 0.000425339
0 0.344141 0.667578 0.121094 0.136719 0.000428777
0 0.723437 0.616406 0.204688 0.2125 0.000432113
0 0.175391 0.635156 0.0882813 0.10625 0.000457266
0 0.869922 0.0660156 0.260156 0.132031 0.000463374
0 0.814844 0.638672 0.1 0.211719 0.000484087
0 0.360547 0.136719 0.377344 0.267188 0.000486893
0 0.306641 0.579687 0.136719 0.184375 0.000507272
0 0.223438 0.363672 0.11875 0.205469 0.000526783
0 0.830078 0.717578 0.0929687 0.125781 0.00054811
0 0.742969 0.572266 0.125 0.196094 0.000561268
0 0.676953 0.676172 0.142969 0.169531 0.000610466
0 0.333594 0.382031 0.195312 0.3625 0.000615898
0 0.160547 0.666406 0.117969 0.164062 0.000689101
0 0.263672 0.0675781 0.402344 0.135156 0.000737577
0 0.653125 0.376172 0.175 0.266406 0.000798467
0 0.694531 0.325391 0.189063 0.202344 0.000820366
0 0.802344 0.732031 0.115625 0.096875 0.000880601
0 0.200391 0.490234 0.116406 0.250781 0.00088319
0 0.874219 0.146875 0.251563 0.292188 0.000897143
0 0.236719 0.405469 0.314063 0.642187 0.000906579
0 0.780469 0.574219 0.123438 0.257812 0.000940892
0 0.759766 0.403125 0.107031 0.189063 0.000976799
0 0.173828 0.483594 0.160156 0.459375 0.00100291
0 0.140625 0.0605469 0.28125 0.119531 0.00101844
0 0.726172 0.746094 0.325781 0.16875 0.00107491
0 0.302344 0.615625 0.0890625 0.09375 0.00110779
0 0.662109 0.475391 0.208594 0.436719 0.00111518
0 0.616016 0.714844 0.171094 0.176563 0.00114908
0 0.235938 0.575391 0.185937 0.203906 0.00120828
0 0.233203 0.668359 0.258594 0.175781 0.00122819
0 0.274219 0.285937 0.196875 0.192188 0.00129631
0 0.284375 0.217578 0.307813 0.346094 0.00134295
0 0.307031 0.482422 0.215625 0.433594 0.00145496
0 0.805078 0.55625 0.132031 0.367188 0.00151115
0 0.206641 0.403906 0.136719 0.339063 0.0016281
0 0.727734 0.385547 0.163281 0.249219 0.00164951
0 0.287109 0.614844 0.136719 0.128125 0.00195381
0 0.205078 0.121875 0.394531 0.24375 0.00213854
0 0.327344 0.562891 0.165625 0.283594 0.00245737
0 0.185156 0.573828 0.110937 0.210156 0.00278338
0 0.764453 0.485156 0.133594 0.340625 0.00333201
0 0.245703 0.324219 0.128906 0.203125 0.00341599
0 0.652734 0.65625 0.221094 0.2375 0.00453372
0 0.259766 0.557031 0.283594 0.348437 0.00548101
0 0.322656 0.634766 0.132812 0.133594 0.00564256
0 0.770312 0.713281 0.195312 0.151562 0.00670591
0 0.1875 0.630859 0.146875 0.196094 0.0072057
0 0.239063 0.467578 0.18125 0.432031 0.0117653
0 0.735156 0.553906 0.220313 0.409375 0.0140894
0 0.808203 0.694531 0.103906 0.1375 0.0211555
0 0.717188 0.685938 0.278125 0.2 0.0225073
0 0.278516 0.624609 0.232031 0.171094 0.0306947
0 0.778516 0.646094 0.175781 0.246875 0.034052
0 0.203516 0.55 0.155469 0.315625 0.0366955
