0 0.224609 0.448828 0.113281 0.230469 0.000102305
0 0.841016 0.175391 0.0539063 0.0507812 0.000102598
0 0.896875 0.488281 0.090625 0.107813 0.000114062
0 0.960938 0.549609 0.065625 0.0835937 0.000114818
0 0.747266 0.542188 0.197656 0.198437 0.00011703
0 0.664062 0.188281 0.078125 0.135937 0.000117625
0 0.276563 0.280469 0.0640625 0.0671875 0.000119093
0 0.244141 0.302734 0.0601562 0.0804688 0.000119852
0 0.657812 0.138672 0.0453125 0.0773437 0.00012049
0 0.800781 0.570703 0.151562 0.124219 0.000123061
0 0.271875 0.342969 0.0921875 0.132812 0.00012975
0 0.279687 0.513672 0.090625 0.110156 0.000129824
0 0.321094 0.509766 0.090625 0.110156 0.000135553
0 0.291016 0.252734 0.144531 0.177344 0.000143032
0 0.741406 0.470313 0.189063 0.182812 0.000148712
0 0.384375 0.189063 0.121875 0.142188 0.000148839
0 0.760547 0.53125 0.358594 0.44375 0.000158544
0 0.425 0.530469 0.153125 0.173438 0.000179875
0 0.658203 0.116406 0.0632813 0.0859375 0.000182973
0 0.811719 0.556641 0.342187 0.285156 0.000192487
0 0.300391 0.494531 0.0898438 0.10625 0.000192598
0 0.808984 0.340234 0.311719 0.441406 0.000194051
0 0.934766 0.549219 0.117969 0.104687 0.000194642
0 0.387891 0.163281 0.0851562 0.08125 0.000202837
0 0.824219 0.490625 0.0921875 0.114063 0.000206861
0 0.661719 0.147656 0.059375 0.121875 0.00021653
0 0.242578 0.532422 0.0914062 0.100781 0.000220473
0 0.243359 0.361719 0.0976562 0.190625 0.000227986
0 0.217969 0.519922 0.126563 0.192969 0.000229068
0 0.264062 0.289062 0.08125 0.0984375 0.00022913
0 0.395703 0.400781 0.178906 0.323438 0.000251001
0 0.738672 0.395312 0.135156 0.16875 0.000257135
0 0.344531 0.364844 0.279687 0.45625 0.000307586
0 0.259375 0.473828 0.13125 0.205469 0.000322194
0 0.805469 0.453516 0.142188 0.164844 0.000343098
0 0.384375 0.471484 0.132812 0.177344 0.00036604
0 0.304688 0.558203 0.317187 0.283594 0.000394901
0 0.846875 0.432031 0.146875 0.198437 0.000528366
0 0.254687 0.317187 0.084375 0.123438 0.000574078
0 0.272266 0.474219 0.280469 0.321875 0.000583274
0 0.844922 0.521094 0.147656 0.135937 0.000601713
0 0.268359 0.33125 0.139844 0.248437 0.000624976
0 0.843359 0.541406 0.267969 0.178125 0.000725311
0 0.785156 0.406641 0.2375 0.261719 0.000833778
0 0.325 0.473437 0.145313 0.171875 0.000981482
0 0.275781 0.408984 0.1875 0.336719 0.00105286
0 0.896094 0.471094 0.135937 0.16875 0.0014339
0 0.788281 0.507031 0.220313 0.164062 0.00178519
0 0.302344 0.509766 0.146875 0.142969 0.00183422
0 0.880078 0.413672 0.192969 0.271094 0.00215671
0 0.374219 0.510938 0.2 0.160938 0.00227008
0 0.891406 0.511328 0.204688 0.161719 0.00248702
0 0.261328 0.530469 0.180469 0.160938 0.00331765
0 0.341016 0.446875 0.235156 0.2625 0.00630963
0 0.859766 0.487109 0.136719 0.128906 0.00837947
0 0.827344 0.472656 0.2875 0.264062 0.018229
0 0.309375 0.501172 0.245312 0.189844 0.043748
0 0.845312 0.482422 0.21875 0.166406 0.129063
