0 0.798828 0.800391 0.125781 0.224219 0.000102752
0 0.224609 0.677734 0.177344 0.178906 0.000102759
0 0.812109 0.846484 0.0976562 0.136719 0.000104475
0 0.383984 0.276953 0.0679687 0.0757812 0.000105067
0 0.331641 0.851172 0.333594 0.297656 0.00010541
0 0.890234 0.271484 0.219531 0.535156 0.00010598
0 0.741406 0.762891 0.189063 0.211719 0.000106316
0 0.235938 0.528906 0.0890625 0.1125 0.000109352
0 0.626172 0.692578 0.157031 0.353906 0.000117704
0 0.808594 0.553906 0.229687 0.609375 0.000124878
0 0.285547 0.719922 0.0882813 0.108594 0.000126668
0 0.744531 0.824609 0.1375 0.160156 0.000139285
0 0.24375 0.416406 0.23125 0.29375 0.000148066
0 0.589063 0.830469 0.273438 0.339063 0.00015217
0 0.678125 0.549219 0.084375 0.090625 0.000155571
0 0.176563 0.475 0.259375 0.470313 0.000161201
0 0.807813 0.706641 0.284375 0.499219 0.000163747
0 0.676172 0.743359 0.175781 0.197656 0.000170619
0 0.724219 0.674219 0.170312 0.175 0.000183831
0 0.657812 0.450391 0.178125 0.292969 0.000188469
0 0.628906 0.562109 0.189063 0.544531 0.000190055
0 0.622656 0.810156 0.185937 0.235938 0.000202993
0 0.823828 0.729688 0.150781 0.370313 0.000211454
0 0.264844 0.657812 0.0875 0.096875 0.000218171
0 0.796875 0.878906 0.0890625 0.09375 0.000226832
0 0.753516 0.535156 0.124219 0.192188 0.000227576
0 0.782422 0.676953 0.0898438 0.110156 0.000231344
0 0.676953 0.567578 0.132031 0.152344 0.00023303
0 0.698438 0.535937 0.084375 0.1 0.000246827
0 0.800391 0.902734 0.127344 0.158594 0.000259989
0 0.335156 0.444141 0.160938 0.152344 0.000300662
0 0.33125 0.694141 0.176563 0.214844 0.000311529
0 0.285156 0.759375 0.135937 0.142188 0.000325674
0 0.719922 0.450391 0.178906 0.324219 0.000328726
0 0.235938 0.490625 0.0890625 0.109375 0.000342003
0 0.765625 0.658203 0.090625 0.0976562 0.0003441
0 0.225391 0.452734 0.113281 0.191406 0.000345824
0 0.794922 0.619531 0.113281 0.2 0.000364233
0 0.328516 0.642187 0.216406 0.353125 0.000364738
0 0.235938 0.868359 0.3 0.257031 0.000387629
0 0.255859 0.593359 0.141406 0.285156 0.000390551
0 0.694141 0.891406 0.321094 0.192188 0.000444714
0 0.702734 0.609375 0.199219 0.215625 0.000495368
0 0.797656 0.694922 0.115625 0.183594 0.000526806
0 0.209375 0.532031 0.123438 0.25 0.000534272
0 0.779688 0.861328 0.0921875 0.0882813 0.000641539
0 0.314453 0.764063 0.167969 0.198437 0.000687069
0 0.720312 0.548437 0.084375 0.096875 0.00073089
0 0.192969 0.614453 0.3 0.485156 0.000994078
0 0.245703 0.771094 0.246094 0.265625 0.00109549
0 0.264062 0.658203 0.134375 0.163281 0.00117511
0 0.666797 0.523828 0.163281 0.191406 0.00122351
0 0.298047 0.470313 0.191406 0.182812 0.00124594
0 0.667578 0.608203 0.200781 0.371094 0.00151994
0 0.305078 0.473828 0.244531 0.305469 0.00283674
0 0.766797 0.65625 0.132031 0.19375 0.00292792
0 0.678906 0.785547 0.246875 0.255469 0.00312232
0 0.730859 0.840234 0.238281 0.211719 0.00339111
0 0.71875 0.55 0.14375 0.148438 0.00451515
0 0.277344 0.719531 0.178125 0.20625 0.00453471
0 0.777344 0.857422 0.15 0.139844 0.00456303
0 0.713672 0.516016 0.308594 0.647656 0.00628414
0 0.788281 0.647656 0.151562 0.348437 0.007211
0 0.25 0.670703 0.21875 0.319531 0.00895984
0 0.697266 0.53125 0.225781 0.298438 0.00993722
0 0.772656 0.766406 0.18125 0.326562 0.0118598
0 0.216406 0.568359 0.182812 0.375781 0.0128091
0 0.246094 0.491406 0.170312 0.239063 0.0139125
0 0.758984 0.573047 0.160156 0.305469 0.0171736
0 0.728516 0.625391 0.227344 0.447656 0.121031
0 0.275391 0.573438 0.244531 0.435937 0.315278
