0 0.653516 0.706641 0.244531 0.228906 0.000101449
0 0.943359 0.965625 0.113281 0.0671875 0.000101996
0 0.201172 0.059375 0.402344 0.115625 0.00010309
0 0.660156 0.631641 0.090625 0.110156 0.000105528
0 0.367188 0.0734375 0.442187 0.146875 0.000106277
0 0.370313 0.601172 0.132812 0.133594 0.000106747
0 0.167578 0.6375 0.186719 0.334375 0.000107937
0 0.3375 0.685547 0.246875 0.314844 0.000119202
0 0.600391 0.623047 0.224219 0.267969 0.000119303
0 0.160156 0.370703 0.259375 0.713281 0.000122949
0 0.242969 0.607813 0.15 0.171875 0.000128933
0 0.629297 0.530859 0.166406 0.272656 0.000128997
0 0.485547 0.429688 0.461719 0.770312 0.000131273
0 0.681641 0.648828 0.0898438 0.102344 0.000131489
0 0.964844 0.932422 0.0703125 0.135156 0.000142756
0 0.336328 0.552344 0.0867188 0.09375 0.000154082
0 0.739062 0.2625 0.084375 0.120312 0.000156595
0 0.749219 0.210547 0.0515625 0.0726563 0.000159079
0 0.528906 0.0710938 0.432813 0.142188 0.000159178
0 0.0664062 0.0488281 0.132812 0.0976562 0.00016547
0 0.658203 0.408203 0.122656 0.210156 0.000166265
0 0.261328 0.675 0.277344 0.204688 0.00016631
0 0.336719 0.863281 0.340625 0.264062 0.00017606
0 0.698438 0.595312 0.0875 0.110937 0.000182076
0 0.288672 0.125 0.480469 0.25 0.00018877
0 0.285937 0.302344 0.392188 0.603125 0.000198087
0 0.755859 0.633984 0.0898438 0.107031 0.000207602
0 0.608984 0.108594 0.414844 0.217187 0.000210181
0 0.679297 0.614453 0.0898438 0.110156 0.00022078
0 0.453516 0.116797 0.446094 0.233594 0.000235409
0 0.788281 0.536719 0.114063 0.228125 0.000262326
0 0.230469 0.303906 0.0703125 0.126563 0.000262595
0 0.234766 0.377734 0.122656 0.214844 0.000263022
0 0.174219 0.716016 0.265625 0.482031 0.000279374
0 0.241406 0.356641 0.09375 0.110156 0.000288227
0 0.233984 0.38125 0.155469 0.35 0.000291628
0 0.798828 0.66875 0.128906 0.171875 0.000297749
0 0.103125 0.0296875 0.20625 0.05625 0.000300908
0 0.746094 0.230078 0.065625 0.0914062 0.000313511
0 0.303906 0.491406 0.19375 0.254687 0.000333824
0 0.242578 0.538281 0.147656 0.146875 0.000348387
0 0.270312 0.340625 0.0921875 0.101562 0.000353404
0 0.246484 0.485938 0.283594 0.440625 0.000371392
0 0.674219 0.431641 0.0796875 0.0929687 0.000374549
0 0.624219 0.614453 0.16875 0.177344 0.000384284
0 0.697656 0.425391 0.165625 0.346094 0.00042634
0 0.301953 0.569922 0.0914062 0.0945313 0.000441234
0 0.754297 0.497656 0.155469 0.29375 0.000498742
0 0.664062 0.491016 0.140625 0.288281 0.000569815
0 0.798047 0.578125 0.0820312 0.139062 0.000570897
0 0.682813 0.442187 0.114063 0.179688 0.000595204
0 0.301953 0.539844 0.142969 0.142188 0.0006003
0 0.717578 0.525781 0.0835937 0.090625 0.00078931
0 0.260938 0.335938 0.13125 0.201562 0.00088316
0 0.237109 0.801953 0.342969 0.396094 0.00102276
0 0.678906 0.567578 0.260938 0.316406 0.00104408
0 0.717188 0.663672 0.1875 0.149219 0.00106335
0 0.2375 0.512109 0.201562 0.246094 0.00138019
0 0.707812 0.648438 0.298438 0.273438 0.0019302
0 0.2125 0.570703 0.19375 0.200781 0.00244009
0 0.790625 0.607422 0.120312 0.197656 0.00246327
0 0.661719 0.574219 0.175 0.207813 0.00247067
0 0.662891 0.648438 0.191406 0.1875 0.00257924
0 0.326172 0.567187 0.138281 0.128125 0.00269958
0 0.719141 0.531641 0.124219 0.144531 0.00285301
0 0.312109 0.599609 0.183594 0.155469 0.00460505
0 0.251563 0.317578 0.0890625 0.127344 0.00478638
0 0.263672 0.698047 0.328906 0.389844 0.00516359
0 0.697266 0.533984 0.160156 0.253906 0.00720137
0 0.261328 0.600781 0.296094 0.270312 0.00791548
0 0.718359 0.633984 0.117969 0.114844 0.00885292
0 0.753516 0.634375 0.175781 0.165625 0.0102461
0 0.744141 0.571875 0.183594 0.234375 0.0187289
0 0.270312 0.573828 0.229687 0.164844 0.0498388
0 0.704687 0.607813 0.190625 0.201562 0.0783535
