0 0.237891 0.613281 0.0898438 0.104687 0.000100793
0 0.196094 0.3875 0.1 0.195312 0.000103952
0 0.363672 0.617188 0.0835937 0.104687 0.000104626
0 0.249609 0.651953 0.308594 0.319531 0.000107994
0 0.385156 0.426172 0.08125 0.0945313 0.000109852
0 0.345313 0.40625 0.164062 0.296875 0.000109945
0 0.7625 0.580078 0.084375 0.110156 0.000111846
0 0.410547 0.537109 0.333594 0.538281 0.000116645
0 0.313672 0.189063 0.267969 0.254687 0.000127434
0 0.769141 0.297656 0.0789063 0.0765625 0.00012843
0 0.655078 0.610547 0.0914062 0.105469 0.000129809
0 0.378906 0.637109 0.0703125 0.0867188 0.000133122
0 0.803906 0.449609 0.1 0.153906 0.000134451
0 0.232422 0.403125 0.0804688 0.0890625 0.000135862
0 0.233203 0.333984 0.141406 0.238281 0.000138062
0 0.792188 0.299219 0.071875 0.101562 0.000144635
0 0.8 0.626562 0.090625 0.109375 0.000147559
0 0.304297 0.629297 0.149219 0.152344 0.000147867
0 0.176172 0.640625 0.0695312 0.14375 0.00015063
0 0.176953 0.567187 0.111719 0.282813 0.000154844
0 0.216406 0.597266 0.090625 0.113281 0.000163174
0 0.195312 0.615234 0.084375 0.105469 0.000169505
0 0.344531 0.506641 0.0875 0.105469 0.000179236
0 0.621094 0.593359 0.115625 0.183594 0.000199347
0 0.74375 0.629687 0.142188 0.153125 0.000208235
0 0.385938 0.380469 0.117188 0.242188 0.000211844
0 0.354688 0.296094 0.195312 0.365625 0.000213916
0 0.805859 0.389453 0.128906 0.291406 0.000219898
0 0.776953 0.288281 0.102344 0.15 0.000229773
0 0.365625 0.650391 0.10625 0.117969 0.000258983
0 0.814844 0.514063 0.121875 0.210938 0.000285938
0 0.802344 0.576953 0.090625 0.116406 0.000310919
0 0.197266 0.46875 0.108594 0.246875 0.000350166
0 0.238672 0.628516 0.144531 0.144531 0.000391164
0 0.378516 0.185156 0.142969 0.153125 0.000443474
0 0.376563 0.438281 0.107813 0.148438 0.000450809
0 0.217969 0.555859 0.125 0.230469 0.000513251
0 0.722656 0.571875 0.148438 0.189063 0.000586467
0 0.221875 0.403125 0.109375 0.14375 0.000606888
0 0.358984 0.614453 0.130469 0.160156 0.000615839
0 0.65625 0.537109 0.18125 0.266406 0.000616787
0 0.76875 0.516406 0.142188 0.235938 0.000644768
0 0.730078 0.657031 0.294531 0.19375 0.00066372
0 0.286719 0.553516 0.15 0.216406 0.000704499
0 0.642969 0.182031 0.134375 0.13125 0.000717484
0 0.782812 0.275781 0.0609375 0.0875 0.000721885
0 0.195703 0.616406 0.111719 0.185937 0.000910996
0 0.344531 0.509766 0.132812 0.192969 0.00117246
0 0.782812 0.60625 0.0890625 0.104687 0.00140156
0 0.23125 0.410937 0.145313 0.226562 0.00144372
0 0.774219 0.420703 0.176563 0.435156 0.00150298
0 0.659375 0.612109 0.164062 0.169531 0.00194991
0 0.38125 0.547266 0.135937 0.330469 0.00200143
0 0.325 0.587109 0.148438 0.200781 0.00220958
0 0.242969 0.497266 0.195312 0.355469 0.00256953
0 0.285547 0.637891 0.260156 0.197656 0.00284256
0 0.767578 0.592188 0.138281 0.134375 0.00288965
0 0.241797 0.594531 0.199219 0.178125 0.00357364
0 0.295703 0.401953 0.271094 0.569531 0.00458335
0 0.803125 0.499609 0.15 0.346094 0.004985
0 0.341797 0.510547 0.169531 0.307031 0.00918972
0 0.730859 0.507031 0.283594 0.389062 0.0104983
0 0.704687 0.595703 0.260938 0.232031 0.0155199
0 0.805859 0.602734 0.155469 0.224219 0.0167557
0 0.769922 0.5625 0.207031 0.2625 0.163025
0 0.292578 0.560547 0.244531 0.286719 0.17992
