0 0.676562 0.665234 0.090625 0.105469 0.000100864
0 0.891406 0.807813 0.217187 0.384375 0.000104486
0 0.251563 0.489453 0.0734375 0.189844 0.000104892
0 0.629687 0.672266 0.214062 0.299219 0.000111214
0 0.806641 0.707422 0.0867188 0.128906 0.000112066
0 0.626562 0.207813 0.115625 0.1125 0.000113859
0 0.254297 0.366406 0.0414063 0.075 0.0001167
0 0.673828 0.310937 0.128906 0.198437 0.000117697
0 0.348047 0.297656 0.0851562 0.11875 0.000117839
0 0.758984 0.510156 0.0804688 0.115625 0.000118364
0 0.547656 0.469922 0.29375 0.375781 0.000121432
0 0.672656 0.401953 0.0890625 0.163281 0.000124339
0 0.675781 0.219922 0.0328125 0.0507812 0.000127556
0 0.694922 0.382812 0.0851562 0.159375 0.000130254
0 0.277344 0.531641 0.08125 0.110156 0.000138053
0 0.313672 0.759766 0.333594 0.347656 0.000143507
0 0.63125 0.214453 0.0671875 0.0695312 0.000146863
0 0.284766 0.289844 0.0695312 0.115625 0.000150945
0 0.637109 0.396484 0.0585938 0.0726563 0.000151246
0 0.277734 0.426562 0.0742188 0.107813 0.000156733
0 0.635156 0.531641 0.08125 0.0867188 0.000158362
0 0.372656 0.316406 0.0828125 0.1125 0.000161721
0 0.297656 0.632812 0.0875 0.103125 0.000161756
0 0.686719 0.286719 0.0640625 0.10625 0.000170367
0 0.695312 0.422266 0.303125 0.466406 0.00017242
0 0.414062 0.355859 0.120312 0.196094 0.00018626
0 0.675 0.532031 0.139062 0.223438 0.000186434
0 0.291406 0.347656 0.0734375 0.1 0.000190741
0 0.404297 0.536328 0.103906 0.186719 0.000190832
0 0.452344 0.778906 0.503125 0.442187 0.000190896
0 0.346484 0.243359 0.0960938 0.122656 0.000193752
0 0.468359 0.483594 0.183594 0.3625 0.000194688
0 0.718359 0.364453 0.0976562 0.208594 0.000197124
0 0.263281 0.637109 0.084375 0.116406 0.000198769
0 0.646094 0.651172 0.0828125 0.108594 0.000199264
0 0.750391 0.432031 0.0695312 0.104687 0.00020029
0 0.410547 0.610156 0.336719 0.403125 0.000202455
0 0.6875 0.341016 0.0625 0.111719 0.000204923
0 0.854688 0.703125 0.253125 0.5375 0.000209492
0 0.246094 0.675391 0.084375 0.205469 0.000215045
0 0.264453 0.471094 0.0742188 0.107813 0.000219143
0 0.801172 0.674609 0.0679687 0.110156 0.000227045
0 0.617578 0.196094 0.0789063 0.078125 0.000228388
0 0.3 0.303906 0.05625 0.101562 0.000231782
0 0.367188 0.633594 0.1375 0.15 0.000235806
0 0.278125 0.329297 0.0703125 0.0976562 0.000249041
0 0.621094 0.443359 0.126563 0.194531 0.000249211
0 0.316406 0.708594 0.232812 0.209375 0.000257355
0 0.410937 0.640625 0.110937 0.15625 0.000260772
0 0.660937 0.622656 0.0890625 0.1125 0.000261773
0 0.278125 0.491406 0.0765625 0.104687 0.00027427
0 0.723047 0.510938 0.138281 0.204688 0.000279524
0 0.405469 0.682422 0.160938 0.210156 0.000282016
0 0.369922 0.364062 0.172656 0.270312 0.000283425
0 0.55 0.622656 0.359375 0.535937 0.000283653
0 0.36875 0.28125 0.0984375 0.109375 0.000286296
0 0.759766 0.650781 0.0882813 0.104687 0.000305049
0 0.278516 0.575781 0.0851562 0.114063 0.000307356
0 0.253125 0.575391 0.0828125 0.202344 0.000317408
0 0.709375 0.285156 0.0578125 0.096875 0.000354991
0 0.295312 0.470703 0.104687 0.211719 0.000394127
0 0.256641 0.625 0.285156 0.35625 0.000399758
0 0.628516 0.521875 0.0992187 0.157813 0.000416302
0 0.64375 0.597656 0.121875 0.209375 0.000438432
0 0.472266 0.524219 0.274219 0.53125 0.000442393
0 0.333594 0.266797 0.071875 0.107031 0.000461445
0 0.333203 0.232812 0.0632813 0.0828125 0.000462187
0 0.3875 0.572266 0.0859375 0.107031 0.00047906
0 0.670703 0.366016 0.0710938 0.0976562 0.000509934
0 0.261719 0.396875 0.0765625 0.1625 0.000527316
0 0.663281 0.680859 0.375 0.464844 0.000529902
0 0.535937 0.661328 0.523438 0.677344 0.000553875
0 0.697656 0.332422 0.0953125 0.146094 0.000566264
0 0.383203 0.675781 0.141406 0.134375 0.000570526
0 0.737891 0.410547 0.0851562 0.175781 0.000591583
0 0.320312 0.556641 0.145313 0.185156 0.000645595
0 0.425781 0.524609 0.160938 0.332031 0.00066963
0 0.402344 0.303906 0.0875 0.0984375 0.000698601
0 0.278906 0.613281 0.084375 0.104687 0.000701373
0 0.291016 0.333203 0.107031 0.153906 0.00073073
0 0.652734 0.384766 0.0835937 0.0929687 0.000826591
0 0.701563 0.576172 0.146875 0.239844 0.000834337
0 0.658203 0.448047 0.182031 0.283594 0.000849194
0 0.391406 0.289844 0.117188 0.151562 0.000917531
0 0.348047 0.490234 0.277344 0.435156 0.000921911
0 0.798047 0.655078 0.0945313 0.167969 0.000980401
0 0.695312 0.637109 0.0921875 0.105469 0.00104731
0 0.280078 0.513281 0.0960938 0.192188 0.00112263
0 0.285937 0.389453 0.0859375 0.130469 0.00121287
0 0.753516 0.452344 0.0867188 0.173438 0.00122254
0 0.298828 0.631641 0.138281 0.161719 0.00138851
0 0.734766 0.448438 0.119531 0.257812 0.00241506
0 0.758984 0.510547 0.103906 0.263281 0.00247691
0 0.273047 0.438281 0.0992187 0.221875 0.00263072
0 0.271484 0.364062 0.0773437 0.114063 0.00266518
0 0.348437 0.655078 0.210938 0.199219 0.00316791
0 0.265234 0.635156 0.113281 0.204688 0.00358207
0 0.698828 0.308984 0.0601562 0.0820312 0.0039811
0 0.757031 0.663672 0.179688 0.167969 0.0040146
0 0.787891 0.603906 0.122656 0.264062 0.004028
0 0.382812 0.573438 0.145313 0.179688 0.0045926
0 0.7125 0.6125 0.279687 0.289062 0.00635497
0 0.297266 0.499609 0.149219 0.341406 0.00920772
0 0.670313 0.641797 0.1375 0.139844 0.0114367
0 0.276172 0.569531 0.122656 0.259375 0.0136409
0 0.7 0.527734 0.217187 0.369531 0.0152928
0 0.750781 0.554688 0.15625 0.332812 0.0341723
0 0.314844 0.604688 0.201562 0.23125 0.0408328
0 0.716016 0.632031 0.203906 0.178125 0.090842
