0 0.848047 0.246094 0.0835937 0.0875 0.00010251
0 0.76875 0.301172 0.129688 0.217969 0.000102953
0 0.986719 0.571875 0.0265625 0.239063 0.000111634
0 0.766797 0.555859 0.116406 0.255469 0.000112142
0 0.919922 0.395703 0.127344 0.528906 0.000114647
0 0.918359 0.640625 0.127344 0.2875 0.000114989
0 0.358984 0.469141 0.275781 0.480469 0.000120258
0 0.517578 0.194531 0.164844 0.189063 0.000122244
0 0.845703 0.691016 0.197656 0.182031 0.000127396
0 0.881641 0.313672 0.0898438 0.182031 0.00012849
0 0.867188 0.408203 0.090625 0.186719 0.000128647
0 0.780469 0.183203 0.128125 0.119531 0.000139934
0 0.9 0.721094 0.0703125 0.10625 0.000147
0 0.824609 0.274609 0.152344 0.207031 0.000153414
0 0.90625 0.734375 0.04375 0.0796875 0.000156661
0 0.445312 0.567578 0.145313 0.199219 0.000157596
0 0.391797 0.573047 0.149219 0.189844 0.000157604
0 0.802734 0.650391 0.142969 0.183594 0.000167581
0 0.258594 0.966406 0.0671875 0.0671875 0.000173365
0 0.423047 0.450781 0.0867188 0.0828125 0.000176787
0 0.867578 0.507422 0.121094 0.203906 0.000182811
0 0.786328 0.444922 0.124219 0.172656 0.000185374
0 0.774219 0.385938 0.1375 0.214062 0.000186145
0 0.807813 0.554688 0.15625 0.210938 0.000188536
0 0.891016 0.681641 0.102344 0.188281 0.000198685
0 0.816016 0.31875 0.200781 0.342187 0.000200764
0 0.427344 0.321094 0.0953125 0.164062 0.000208426
0 0.844531 0.251953 0.114063 0.130469 0.0002113
0 0.494922 0.403516 0.221094 0.371094 0.000213486
0 0.846875 0.446484 0.129688 0.194531 0.000228729
0 0.444141 0.433594 0.135156 0.203125 0.000230071
0 0.799219 0.214453 0.146875 0.149219 0.000274179
0 0.433594 0.633984 0.226562 0.177344 0.000290439
0 0.978906 0.521875 0.040625 0.425 0.000308633
0 0.795313 0.44375 0.16875 0.301562 0.000310479
0 0.457812 0.242578 0.14375 0.250781 0.000317778
0 0.880469 0.476562 0.239063 0.567187 0.000333087
0 0.489844 0.585547 0.185937 0.225781 0.000339358
0 0.896875 0.530078 0.090625 0.285156 0.00043748
0 0.867578 0.266406 0.0679687 0.084375 0.000508218
0 0.864062 0.652344 0.134375 0.217187 0.000550525
0 0.458984 0.491406 0.186719 0.21875 0.000563096
0 0.766016 0.616797 0.142969 0.200781 0.000587933
0 0.437891 0.321484 0.139844 0.280469 0.000652395
0 0.409766 0.388281 0.132031 0.28125 0.000664701
0 0.854688 0.322266 0.129688 0.257031 0.00074299
0 0.497266 0.517578 0.225781 0.321094 0.000750858
0 0.366406 0.466406 0.165625 0.390625 0.00116019
0 0.797266 0.437891 0.246094 0.608594 0.0012722
0 0.883984 0.449609 0.103906 0.252344 0.00138841
0 0.846875 0.574219 0.148438 0.28125 0.00194014
0 0.853125 0.410156 0.154687 0.348437 0.00203921
0 0.411328 0.564062 0.208594 0.285937 0.00270181
0 0.780859 0.549609 0.180469 0.338281 0.00284737
0 0.410547 0.366797 0.166406 0.461719 0.00314427
0 0.466797 0.358203 0.291406 0.574219 0.00337273
0 0.888281 0.599609 0.129688 0.339844 0.00420849
0 0.411328 0.492188 0.149219 0.278125 0.00755192
0 0.820312 0.630859 0.225 0.253906 0.00921925
0 0.885156 0.476172 0.11875 0.457031 0.0150986
0 0.841016 0.537109 0.207031 0.422656 0.273045
0 0.438281 0.466406 0.223438 0.409375 0.441831
