0 0.738281 0.423828 0.0859375 0.111719 0.000101106
0 0.623047 0.2375 0.216406 0.2625 0.000101255
0 0.325391 0.570703 0.216406 0.203906 0.000108435
0 0.622266 0.341797 0.121094 0.152344 0.000113927
0 0.441406 0.0339844 0.284375 0.0679687 0.000119655
0 0.323828 0.466406 0.0898438 0.114063 0.000120626
0 0.389453 0.270312 0.152344 0.16875 0.000121575
0 0.688672 0.0703125 0.360156 0.140625 0.000157233
0 0.302344 0.447656 0.090625 0.1125 0.000157493
0 0.382422 0.36875 0.136719 0.21875 0.000165154
0 0.294922 0.232422 0.280469 0.291406 0.000166082
0 0.268359 0.408984 0.146094 0.185156 0.000172602
0 0.361719 0.2375 0.23125 0.234375 0.000194095
0 0.523047 0.040625 0.233594 0.08125 0.00019999
0 0.659766 0.509375 0.139844 0.234375 0.000201441
0 0.721094 0.403125 0.0875 0.107813 0.000204358
0 0.607422 0.18125 0.357031 0.3375 0.00020687
0 0.326172 0.348437 0.149219 0.23125 0.000221596
0 0.213672 0.482422 0.272656 0.310156 0.000223949
0 0.409766 0.473828 0.164844 0.213281 0.000247541
0 0.480859 0.117578 0.350781 0.228906 0.000265997
0 0.68125 0.134766 0.34375 0.253906 0.00027853
0 0.475 0.0617188 0.326562 0.123438 0.00029324
0 0.280859 0.321484 0.332031 0.316406 0.000293986
0 0.663281 0.343359 0.148438 0.174219 0.000318224
0 0.698047 0.242969 0.158594 0.15625 0.000326029
0 0.737109 0.507812 0.169531 0.203125 0.000362216
0 0.252734 0.405859 0.228906 0.300781 0.000376831
0 0.736719 0.365625 0.0828125 0.11875 0.000380336
0 0.689062 0.260156 0.30625 0.3625 0.000424194
0 0.751172 0.580078 0.253906 0.428906 0.000680248
0 0.642187 0.44375 0.1625 0.203125 0.000728409
0 0.551172 0.0753906 0.244531 0.150781 0.000810411
0 0.287109 0.661719 0.303906 0.5875 0.000810899
0 0.599609 0.113672 0.263281 0.225781 0.000828157
0 0.662891 0.386328 0.200781 0.197656 0.00102132
0 0.307813 0.411719 0.146875 0.235938 0.00175802
0 0.698828 0.462891 0.153906 0.228906 0.00194217
0 0.268359 0.486719 0.136719 0.225 0.00222793
0 0.367578 0.508984 0.225781 0.246094 0.00227027
0 0.360938 0.43125 0.15 0.207813 0.00229257
0 0.664453 0.283203 0.216406 0.250781 0.00261323
0 0.330469 0.573438 0.278125 0.364062 0.00280907
0 0.302734 0.524609 0.150781 0.219531 0.00290515
0 0.744531 0.359375 0.120312 0.253125 0.00632762
0 0.346094 0.368359 0.214062 0.328906 0.00944629
0 0.746094 0.432422 0.164062 0.291406 0.00956842
0 0.275391 0.524219 0.219531 0.307813 0.0123785
0 0.712109 0.323047 0.152344 0.252344 0.0165769
0 0.705469 0.492188 0.234375 0.360938 0.0388441
0 0.696875 0.394141 0.201562 0.297656 0.154235
0 0.319922 0.469922 0.217969 0.249219 0.23652
