0 0.853906 0.197266 0.285937 0.394531 0.000101213
0 0.319141 0.469141 0.203906 0.202344 0.000104133
0 0.647266 0.947266 0.296094 0.103906 0.000106629
0 0.678125 0.278125 0.0453125 0.0578125 0.00010757
0 0.301562 0.853516 0.251563 0.203906 0.000116078
0 0.975 0.604688 0.05 0.514063 0.000119457
0 0.158984 0.8375 0.182031 0.221875 0.000127666
0 0.738672 0.738281 0.133594 0.259375 0.000130274
0 0.276563 0.740234 0.203125 0.210156 0.000133773
0 0.205859 0.487109 0.330469 0.616406 0.000158965
0 0.974219 0.80625 0.05 0.3875 0.000159208
0 0.75625 0.680469 0.121875 0.240625 0.000160865
0 0.933594 0.187109 0.132812 0.374219 0.000172332
0 0.627344 0.527344 0.267188 0.646875 0.00017759
0 0.944922 0.373047 0.108594 0.746094 0.000187247
0 0.0613281 0.625391 0.119531 0.639844 0.000189543
0 0.366797 0.560547 0.217969 0.475781 0.000192312
0 0.265234 0.488281 0.174219 0.201562 0.000196658
0 0.708203 0.528906 0.205469 0.3625 0.000203121
0 0.902734 0.290625 0.194531 0.58125 0.000217095
0 0.900781 0.114453 0.198437 0.228906 0.000222366
0 0.886719 0.522266 0.226562 0.955469 0.000224716
0 0.661719 0.805859 0.2625 0.330469 0.000232961
0 0.7 0.677734 0.15 0.264844 0.000292479
0 0.20625 0.567969 0.220313 0.479688 0.000293041
0 0.669141 0.891797 0.282031 0.211719 0.000300472
0 0.958203 0.605859 0.0835937 0.725781 0.00031581
0 0.750781 0.859375 0.185937 0.264062 0.000324411
0 0.264453 0.803125 0.274219 0.246875 0.000375943
0 0.339453 0.445703 0.249219 0.353906 0.000427688
0 0.693359 0.592578 0.167969 0.192969 0.000491769
0 0.198828 0.771484 0.224219 0.271094 0.000546738
0 0.162891 0.70625 0.250781 0.442187 0.000650098
0 0.333594 0.684766 0.254687 0.357031 0.000702463
0 0.74375 0.653906 0.173438 0.364062 0.000868758
0 0.633203 0.653516 0.214844 0.419531 0.000928663
0 0.6625 0.575391 0.182812 0.285156 0.00159027
0 0.283984 0.490625 0.227344 0.335938 0.00189349
0 0.735547 0.765234 0.207031 0.428906 0.00272042
0 0.705078 0.520312 0.342969 0.80625 0.00395134
0 0.249219 0.690625 0.278125 0.395312 0.00580812
0 0.690234 0.657812 0.247656 0.526563 0.279619
0 0.297656 0.556641 0.3125 0.597656 0.389058
