0 0.0265625 0.891797 0.053125 0.216406 0.000106372
0 0.838672 0.597266 0.0992187 0.205469 0.000108119
0 0.973047 0.478125 0.0539063 0.65 0.000113863
0 0.396484 0.133594 0.386719 0.254687 0.000118405
0 0.201562 0.426562 0.0765625 0.104687 0.000121645
0 0.700781 0.553906 0.08125 0.090625 0.000122148
0 0.04375 0.354688 0.0859375 0.382812 0.000123162
0 0.0277344 0.268359 0.0523437 0.330469 0.000124352
0 0.303125 0.363281 0.14375 0.198437 0.000125995
0 0.785937 0.738281 0.325 0.3125 0.000130006
0 0.129297 0.783594 0.208594 0.353125 0.000132902
0 0.70625 0.117969 0.439063 0.235938 0.000133345
0 0.883984 0.710547 0.103906 0.183594 0.00013466
0 0.705078 0.260938 0.0882813 0.0921875 0.000134784
0 0.982422 0.478516 0.0351562 0.391406 0.000142206
0 0.755469 0.308984 0.135937 0.163281 0.000142486
0 0.432031 0.354688 0.25 0.342187 0.000144955
0 0.434375 0.610156 0.354688 0.632812 0.000145983
0 0.102344 0.558594 0.204688 0.664062 0.000147438
0 0.378125 0.241406 0.203125 0.240625 0.000148688
0 0.0347656 0.185156 0.0679687 0.301562 0.000162074
0 0.353906 0.749609 0.225 0.242969 0.000163871
0 0.046875 0.755859 0.09375 0.488281 0.000164543
0 0.757812 0.573047 0.170312 0.180469 0.000167589
0 0.170312 0.478516 0.14375 0.292969 0.000167813
0 0.805469 0.571875 0.125 0.242188 0.00016942
0 0.325391 0.467187 0.125781 0.209375 0.000169672
0 0.880469 0.752734 0.075 0.138281 0.000175595
0 0.203906 0.595312 0.109375 0.198437 0.000177589
0 0.255078 0.510938 0.144531 0.189063 0.000177855
0 0.279297 0.732422 0.132031 0.169531 0.00017891
0 0.381641 0.687891 0.186719 0.261719 0.000179278
0 0.219531 0.385547 0.115625 0.185156 0.000179464
0 0.367969 0.385938 0.0875 0.10625 0.000180709
0 0.185547 0.487891 0.100781 0.203906 0.00018601
0 0.519922 0.0390625 0.297656 0.078125 0.000186602
0 0.0273438 0.4375 0.0515625 0.404687 0.000201573
0 0.546875 0.517187 0.370313 0.478125 0.000205994
0 0.276953 0.696484 0.0851562 0.107031 0.000211836
0 0.717188 0.570312 0.0828125 0.0953125 0.00021767
0 0.263281 0.320703 0.120312 0.146094 0.000228346
0 0.617578 0.0667969 0.378906 0.128906 0.000229977
0 0.175 0.689062 0.129688 0.314063 0.000235035
0 0.80625 0.482812 0.142188 0.345313 0.000252853
0 0.0257812 0.772656 0.046875 0.4125 0.000258794
0 0.0660156 0.221094 0.132031 0.351562 0.000264815
0 0.695703 0.533203 0.144531 0.166406 0.000271171
0 0.258594 0.619531 0.128125 0.215625 0.000280256
0 0.0328125 0.478125 0.0640625 0.659375 0.000284057
0 0.078125 0.0671875 0.148438 0.128125 0.000287071
0 0.486328 0.0640625 0.338281 0.128125 0.000293782
0 0.168359 0.383203 0.189844 0.249219 0.000294234
0 0.644531 0.233984 0.23125 0.291406 0.000300072
0 0.296875 0.615625 0.128125 0.276563 0.000304137
0 0.689844 0.482422 0.2125 0.308594 0.000330049
0 0.235156 0.572266 0.123438 0.227344 0.000344812
0 0.174219 0.561328 0.164062 0.521094 0.000346305
0 0.758984 0.655078 0.133594 0.222656 0.000351565
0 0.666797 0.558203 0.178906 0.286719 0.000353667
0 0.318359 0.698047 0.174219 0.186719 0.000366101
0 0.570312 0.40625 0.192188 0.207813 0.000366168
0 0.380469 0.517578 0.214062 0.528906 0.000368878
0 0.34375 0.282422 0.14375 0.178906 0.000404292
0 0.648828 0.477344 0.160156 0.229687 0.000421783
0 0.741016 0.271875 0.117969 0.120312 0.000431859
0 0.314453 0.261719 0.321094 0.357812 0.000439027
0 0.376563 0.429297 0.140625 0.244531 0.000443504
0 0.119141 0.194531 0.238281 0.367188 0.000476154
0 0.0515625 0.559766 0.103125 0.757031 0.000531833
0 0.761328 0.3875 0.188281 0.410937 0.000559918
0 0.542969 0.116797 0.371875 0.233594 0.000564219
0 0.0792969 0.135937 0.158594 0.271875 0.000573322
0 0.462109 0.438672 0.361719 0.388281 0.000575893
0 0.342969 0.384375 0.151562 0.170312 0.000670984
0 0.685938 0.302344 0.210938 0.25625 0.000679675
0 0.717969 0.571875 0.120312 0.14375 0.000689615
0 0.805469 0.676953 0.139062 0.186719 0.000714766
0 0.220313 0.657422 0.129688 0.232031 0.000765417
0 0.732031 0.708594 0.159375 0.189063 0.000818086
0 0.216406 0.510156 0.115625 0.228125 0.000822695
0 0.810938 0.722656 0.184375 0.160938 0.000911858
0 0.204297 0.447266 0.105469 0.224219 0.00122653
0 0.277344 0.678906 0.120312 0.182812 0.00124339
0 0.24375 0.687891 0.285937 0.335156 0.00127939
0 0.460938 0.292969 0.373437 0.448438 0.00131455
0 0.826563 0.571875 0.151562 0.367188 0.00146576
0 0.288672 0.314063 0.199219 0.209375 0.00153059
0 0.375781 0.354297 0.154687 0.249219 0.00160551
0 0.194922 0.543359 0.122656 0.350781 0.00173364
0 0.625 0.435547 0.271875 0.336719 0.00206943
0 0.225 0.725781 0.179688 0.196875 0.00211203
0 0.695312 0.382422 0.264062 0.467969 0.00219945
0 0.710156 0.263281 0.159375 0.157813 0.00227078
0 0.552734 0.378125 0.296094 0.3375 0.0023492
0 0.255859 0.391016 0.192969 0.286719 0.00270558
0 0.324219 0.624609 0.2125 0.347656 0.00279872
0 0.704687 0.642187 0.167187 0.278125 0.00292251
0 0.337891 0.438281 0.188281 0.370313 0.00317478
0 0.624219 0.290234 0.326562 0.467969 0.00412836
0 0.729297 0.560156 0.249219 0.401563 0.0044124
0 0.840234 0.655469 0.142969 0.239063 0.00453055
0 0.225781 0.480469 0.151562 0.357812 0.00602006
0 0.867969 0.725 0.0734375 0.0984375 0.00759554
0 0.338672 0.311328 0.197656 0.271094 0.00990745
0 0.2625 0.688672 0.198437 0.228906 0.0105446
0 0.853125 0.703906 0.107813 0.140625 0.010826
0 0.786328 0.645703 0.230469 0.267969 0.0136681
0 0.230469 0.625781 0.176563 0.345313 0.0156678
0 0.276172 0.538281 0.236719 0.507812 0.016922
