0 0.579297 0.642969 0.252344 0.45 0.000100002
0 0.302734 0.550391 0.147656 0.133594 0.000106662
0 0.197266 0.588672 0.121094 0.122656 0.000107739
0 0.797656 0.410547 0.0671875 0.0898438 0.000107954
0 0.301562 0.507422 0.0890625 0.100781 0.000112136
0 0.699609 0.600391 0.175781 0.203906 0.000113395
0 0.297266 0.435156 0.160156 0.171875 0.000121342
0 0.8125 0.471484 0.071875 0.116406 0.000124157
0 0.655859 0.659766 0.149219 0.200781 0.0001251
0 0.421094 0.485938 0.157813 0.321875 0.000126755
0 0.80625 0.507031 0.0796875 0.107813 0.000131698
0 0.766406 0.576172 0.13125 0.246094 0.000132088
0 0.566406 0.689844 0.421875 0.620313 0.000133634
0 0.822266 0.630859 0.288281 0.375781 0.000133683
0 0.652344 0.575 0.190625 0.35625 0.000135009
0 0.192969 0.535156 0.0890625 0.0859375 0.000137808
0 0.262891 0.595703 0.310156 0.307031 0.000142867
0 0.405078 0.489844 0.103906 0.19375 0.000144992
0 0.264453 0.455469 0.0914062 0.104687 0.000148322
0 0.821484 0.75 0.122656 0.13125 0.000150803
0 0.403906 0.59375 0.059375 0.0625 0.000161349
0 0.194922 0.560547 0.100781 0.0851562 0.000163537
0 0.181641 0.552344 0.0679687 0.053125 0.000164637
0 0.366797 0.570703 0.117969 0.119531 0.000164984
0 0.785937 0.738281 0.321875 0.328125 0.000178875
0 0.398047 0.208203 0.182031 0.116406 0.000179902
0 0.387891 0.5375 0.0757812 0.107813 0.000192131
0 0.801953 0.678125 0.0898438 0.117188 0.000198445
0 0.59375 0.696484 0.08125 0.103906 0.000205599
0 0.319141 0.488672 0.0835937 0.0976562 0.000208328
0 0.477344 0.519531 0.345313 0.760938 0.000213038
0 0.364844 0.494141 0.135937 0.185156 0.000223762
0 0.451172 0.635547 0.541406 0.728906 0.000234767
0 0.226172 0.487891 0.122656 0.144531 0.000237855
0 0.727734 0.345313 0.180469 0.25 0.000262937
0 0.599219 0.699609 0.179688 0.241406 0.000262946
0 0.245312 0.473437 0.0890625 0.09375 0.000280158
0 0.786719 0.429688 0.125 0.210938 0.000295897
0 0.261328 0.487109 0.289844 0.300781 0.000329561
0 0.246484 0.595703 0.250781 0.155469 0.000345086
0 0.394531 0.586328 0.090625 0.100781 0.000348235
0 0.743359 0.658594 0.146094 0.178125 0.000369875
0 0.820703 0.617969 0.0882813 0.201562 0.000425456
0 0.405469 0.560156 0.08125 0.120312 0.000442279
0 0.639063 0.719531 0.159375 0.164062 0.00045855
0 0.711719 0.259766 0.151562 0.150781 0.000509618
0 0.803125 0.554688 0.10625 0.19375 0.000525372
0 0.335938 0.455469 0.21875 0.254687 0.000532866
0 0.839453 0.716797 0.0820312 0.124219 0.000591902
0 0.249219 0.429688 0.148438 0.209375 0.00060544
0 0.799219 0.434375 0.084375 0.151562 0.000758993
0 0.758984 0.470703 0.180469 0.325781 0.00080026
0 0.319141 0.489844 0.132031 0.13125 0.000847357
0 0.795313 0.719531 0.164062 0.16875 0.000857345
0 0.387891 0.530859 0.113281 0.160156 0.00104442
0 0.742969 0.691406 0.235938 0.192188 0.00104712
0 0.607422 0.695312 0.124219 0.15625 0.00107618
0 0.731641 0.571094 0.282031 0.435937 0.00108515
0 0.349609 0.553906 0.177344 0.160938 0.0014132
0 0.280469 0.483594 0.0875 0.096875 0.00179653
0 0.804297 0.481641 0.103906 0.225781 0.00225755
0 0.829687 0.683203 0.115625 0.192969 0.00253461
0 0.279687 0.554297 0.264062 0.177344 0.00400928
0 0.694531 0.654297 0.265625 0.227344 0.00539396
0 0.265234 0.475781 0.147656 0.14375 0.00880144
0 0.797266 0.574609 0.139844 0.341406 0.0121776
0 0.292969 0.508594 0.204688 0.171875 0.0189242
0 0.785547 0.650781 0.183594 0.239063 0.027377
