0 0.697656 0.362109 0.0671875 0.0804688 0.00010205
0 0.659375 0.65625 0.0859375 0.110937 0.000104269
0 0.278906 0.598047 0.0890625 0.111719 0.000107123
0 0.385547 0.300781 0.0851562 0.0984375 0.000116185
0 0.680078 0.347656 0.0648438 0.084375 0.000119577
0 0.736328 0.575781 0.286719 0.371875 0.000120011
0 0.676953 0.491406 0.117969 0.164062 0.000121343
0 0.342969 0.708594 0.254687 0.242188 0.000122903
0 0.623047 0.492188 0.138281 0.242188 0.000124117
0 0.678906 0.676953 0.0921875 0.111719 0.000128472
0 0.641797 0.299609 0.127344 0.146094 0.000129833
0 0.712109 0.355859 0.0742188 0.121094 0.000138419
0 0.699219 0.657812 0.0875 0.110937 0.000142129
0 0.631641 0.261719 0.0617188 0.0640625 0.000143667
0 0.698047 0.396875 0.107031 0.173438 0.000145611
0 0.755859 0.699219 0.0851562 0.1125 0.000147468
0 0.242188 0.691406 0.13125 0.165625 0.000147679
0 0.301953 0.617969 0.0929687 0.1125 0.000154786
0 0.264453 0.505859 0.0867188 0.116406 0.000158656
0 0.719922 0.635938 0.0835937 0.10625 0.000160524
0 0.677734 0.330078 0.116406 0.161719 0.000166233
0 0.608203 0.676562 0.128906 0.176563 0.000169112
0 0.375391 0.275 0.0820312 0.10625 0.00017236
0 0.737891 0.575781 0.0742188 0.107813 0.000175543
0 0.253906 0.447656 0.115625 0.1625 0.000182839
0 0.704687 0.722656 0.314063 0.264062 0.000187439
0 0.369141 0.316016 0.121094 0.188281 0.000195953
0 0.280469 0.635547 0.090625 0.110156 0.000196241
0 0.21875 0.524609 0.175 0.369531 0.000200163
0 0.698047 0.319922 0.0851562 0.116406 0.000207789
0 0.261328 0.617188 0.0898438 0.1125 0.000222164
0 0.601562 0.614453 0.121875 0.203906 0.000225064
0 0.676562 0.569141 0.084375 0.0960938 0.000264666
0 0.735547 0.557422 0.0914062 0.203906 0.000266819
0 0.718359 0.591406 0.0804688 0.103125 0.000272232
0 0.768359 0.65625 0.0929687 0.25 0.000272829
0 0.676172 0.505078 0.272656 0.467969 0.000274348
0 0.216797 0.645703 0.139844 0.255469 0.000285372
0 0.692187 0.410156 0.1375 0.28125 0.000298926
0 0.739062 0.657812 0.08125 0.114063 0.000304523
0 0.759375 0.718359 0.125 0.161719 0.000337189
0 0.339453 0.632422 0.0867188 0.105469 0.000367627
0 0.658594 0.535937 0.146875 0.175 0.000380965
0 0.717969 0.678516 0.0890625 0.110156 0.0004727
0 0.374609 0.563281 0.199219 0.326562 0.000526437
0 0.307813 0.375781 0.154687 0.245312 0.000534437
0 0.357031 0.617969 0.132812 0.16875 0.000536386
0 0.313281 0.421484 0.29375 0.394531 0.000629073
0 0.741016 0.613672 0.0679687 0.103906 0.000645316
0 0.282422 0.41875 0.0882813 0.1 0.000672512
0 0.751953 0.598047 0.0710938 0.166406 0.000696389
0 0.626953 0.570703 0.146094 0.202344 0.000705944
0 0.279297 0.483203 0.0867188 0.110156 0.000715612
0 0.663672 0.702734 0.213281 0.189844 0.000728491
0 0.315234 0.509766 0.149219 0.208594 0.000767533
0 0.357422 0.653125 0.191406 0.184375 0.000809453
0 0.275 0.410156 0.135937 0.225 0.0009772
0 0.269141 0.534375 0.113281 0.223438 0.00100524
0 0.712891 0.534766 0.150781 0.347656 0.00112825
0 0.270703 0.609766 0.280469 0.383594 0.00130416
0 0.680469 0.673437 0.14375 0.164062 0.00185202
0 0.312109 0.446094 0.0867188 0.090625 0.00203307
0 0.696875 0.576172 0.146875 0.183594 0.00231768
0 0.640625 0.636328 0.170312 0.208594 0.00300894
0 0.322266 0.439844 0.121094 0.140625 0.00302377
0 0.319531 0.631641 0.139062 0.157031 0.00365653
0 0.326562 0.483984 0.195312 0.371094 0.00399947
0 0.663672 0.573438 0.196094 0.267188 0.00494017
0 0.278516 0.662891 0.185156 0.192969 0.00641868
0 0.254297 0.598437 0.146094 0.296875 0.00802913
0 0.737891 0.619922 0.110156 0.246094 0.00934346
0 0.733203 0.681641 0.158594 0.216406 0.0127317
0 0.314453 0.620703 0.213281 0.235156 0.0349225
0 0.288672 0.44375 0.114844 0.121875 0.0468533
0 0.282813 0.476172 0.135937 0.208594 0.049055
0 0.697266 0.638281 0.197656 0.25625 0.127645
0 0.292188 0.546484 0.170312 0.335156 0.235486
