0 0.678125 0.651563 0.145313 0.189063 0.000103845
0 0.777734 0.594922 0.0898438 0.117969 0.000105311
0 0.3625 0.0339844 0.334375 0.0679687 0.000105896
0 0.859766 0.845703 0.172656 0.227344 0.000109019
0 0.718359 0.423047 0.127344 0.199219 0.000110498
0 0.118359 0.0371094 0.232031 0.0742188 0.000113984
0 0.339844 0.385547 0.121875 0.163281 0.000116765
0 0.832422 0.686719 0.210156 0.371875 0.000117653
0 0.277344 0.426562 0.176563 0.190625 0.000122247
0 0.346094 0.330859 0.145313 0.225781 0.000126816
0 0.0695312 0.136328 0.135937 0.271094 0.000129214
0 0.894141 0.179688 0.207031 0.353125 0.000129832
0 0.758594 0.575 0.090625 0.10625 0.000135578
0 0.464844 0.0535156 0.410937 0.107031 0.000141006
0 0.198437 0.0214844 0.248437 0.0429688 0.000148267
0 0.794531 0.579687 0.128125 0.201562 0.000151226
0 0.255078 0.573047 0.147656 0.280469 0.000153082
0 0.198828 0.694141 0.122656 0.158594 0.000162701
0 0.571094 0.034375 0.298438 0.06875 0.000162843
0 0.170703 0.683984 0.174219 0.285156 0.0001636
0 0.604688 0.625781 0.167187 0.253125 0.000166438
0 0.678906 0.575781 0.139062 0.234375 0.00016774
0 0.192578 0.184375 0.360156 0.36875 0.00017919
0 0.833203 0.7875 0.149219 0.23125 0.000183821
0 0.637891 0.595312 0.136719 0.192188 0.000191711
0 0.342187 0.575 0.1125 0.184375 0.000197445
0 0.219531 0.593359 0.129688 0.224219 0.000207883
0 0.9625 0.108984 0.0734375 0.217969 0.00021164
0 0.370703 0.522656 0.157031 0.407813 0.000216995
0 0.785156 0.178516 0.4 0.357031 0.000226166
0 0.655469 0.0234375 0.246875 0.046875 0.000226885
0 0.807031 0.538672 0.278125 0.567969 0.000229128
0 0.721484 0.630469 0.153906 0.210938 0.000231694
0 0.713281 0.307031 0.121875 0.159375 0.000238996
0 0.655078 0.321875 0.0882813 0.107813 0.000252279
0 0.934375 0.139844 0.13125 0.279687 0.000286611
0 0.300391 0.596094 0.157031 0.189063 0.00030207
0 0.679297 0.407031 0.142969 0.275 0.000306068
0 0.605469 0.453906 0.257812 0.4875 0.000312986
0 0.238281 0.470703 0.115625 0.225781 0.000317383
0 0.232812 0.655469 0.28125 0.348437 0.000318519
0 0.0914062 0.0628906 0.179688 0.125781 0.000351087
0 0.789062 0.756641 0.215625 0.286719 0.000389179
0 0.261719 0.0945313 0.4125 0.189063 0.000447683
0 0.223438 0.671875 0.179688 0.23125 0.000456649
0 0.723828 0.554688 0.161719 0.189063 0.000509294
0 0.193359 0.541016 0.274219 0.533594 0.000522603
0 0.728906 0.09375 0.45625 0.1875 0.000525677
0 0.328516 0.396875 0.175781 0.314063 0.000538582
0 0.730078 0.714844 0.311719 0.329688 0.000554691
0 0.89375 0.0378906 0.2125 0.0757812 0.000576797
0 0.655469 0.0484375 0.270312 0.096875 0.000590763
0 0.747266 0.413672 0.163281 0.357031 0.000618756
0 0.227344 0.0363281 0.307813 0.0726563 0.000729886
0 0.606641 0.291406 0.197656 0.201562 0.000783929
0 0.639453 0.340234 0.144531 0.167969 0.000802175
0 0.917578 0.0644531 0.161719 0.128906 0.000821653
0 0.726562 0.0371094 0.33125 0.0742188 0.000907747
0 0.149219 0.110547 0.29375 0.221094 0.000926284
0 0.880859 0.0945313 0.238281 0.189063 0.000965655
0 0.330469 0.446094 0.23125 0.50625 0.00109526
0 0.311328 0.601562 0.222656 0.317187 0.00129458
0 0.191406 0.0644531 0.357812 0.128906 0.00134574
0 0.791797 0.0566406 0.400781 0.111719 0.00145384
0 0.24375 0.458594 0.159375 0.364062 0.00147617
0 0.664453 0.565625 0.291406 0.4625 0.00150557
0 0.7125 0.355859 0.170312 0.260156 0.00151836
0 0.785156 0.522266 0.164062 0.396094 0.00153826
0 0.660937 0.609766 0.21875 0.242969 0.00182486
0 0.760547 0.576953 0.139844 0.247656 0.00260724
0 0.789453 0.641016 0.183594 0.278906 0.00419572
0 0.664844 0.385156 0.251563 0.375 0.00595062
0 0.674219 0.308203 0.170312 0.192969 0.0065225
0 0.214844 0.559375 0.1625 0.420312 0.0292966
0 0.730469 0.620313 0.240625 0.284375 0.0440754
0 0.716797 0.478125 0.239844 0.5125 0.26235
0 0.271875 0.523047 0.245312 0.472656 0.382785
