0 0.775 0.473047 0.1125 0.200781 0.000102298
0 0.317187 0.320312 0.109375 0.167187 0.000102594
0 0.703125 0.5125 0.178125 0.190625 0.000104725
0 0.627734 0.515234 0.105469 0.150781 0.000108759
0 0.832812 0.635547 0.11875 0.160156 0.000109026
0 0.624609 0.439844 0.100781 0.153125 0.000116362
0 0.280078 0.383984 0.103906 0.172656 0.000121478
0 0.310156 0.180078 0.0625 0.0726563 0.000122046
0 0.754297 0.384766 0.0648438 0.103906 0.000125586
0 0.694141 0.222656 0.0492188 0.0625 0.000128121
0 0.695312 0.428516 0.290625 0.399219 0.000138227
0 0.589844 0.217578 0.0765625 0.0882813 0.000142228
0 0.374219 0.517578 0.239063 0.535156 0.000142549
0 0.366016 0.607422 0.142969 0.261719 0.000146612
0 0.295703 0.816016 0.319531 0.283594 0.000153249
0 0.335938 0.354688 0.18125 0.407813 0.000158748
0 0.661328 0.237891 0.0820312 0.0898438 0.000166072
0 0.344531 0.610547 0.075 0.0914062 0.000167885
0 0.419141 0.771484 0.374219 0.277344 0.000168983
0 0.657031 0.385156 0.1 0.101562 0.000171917
0 0.326953 0.702734 0.210156 0.202344 0.000172067
0 0.305859 0.7625 0.142969 0.153125 0.000174675
0 0.20625 0.730078 0.217187 0.327344 0.000175812
0 0.24375 0.468359 0.0828125 0.111719 0.000177021
0 0.678516 0.322656 0.0664062 0.0875 0.000180867
0 0.656641 0.552734 0.139844 0.171094 0.000195275
0 0.264062 0.346484 0.0921875 0.164844 0.000201082
0 0.686719 0.325781 0.129688 0.207813 0.000209969
0 0.345313 0.223438 0.139062 0.173438 0.000210394
0 0.277734 0.491016 0.142969 0.200781 0.000214987
0 0.671094 0.261328 0.0609375 0.0882813 0.000218319
0 0.641797 0.2875 0.139844 0.195312 0.000240086
0 0.760547 0.550391 0.0789063 0.113281 0.000241994
0 0.674219 0.667188 0.151562 0.18125 0.000246558
0 0.605469 0.220313 0.114063 0.135937 0.00025857
0 0.344141 0.741016 0.147656 0.175781 0.00026105
0 0.322656 0.193359 0.0859375 0.116406 0.000267708
0 0.813281 0.635547 0.0875 0.107031 0.000268715
0 0.331641 0.487109 0.192969 0.344531 0.000292689
0 0.322266 0.574609 0.160156 0.202344 0.00029486
0 0.817187 0.675391 0.1375 0.157031 0.000295638
0 0.815625 0.603125 0.279687 0.323438 0.000303778
0 0.737891 0.398047 0.110156 0.157031 0.000313895
0 0.746875 0.615234 0.139062 0.139844 0.000336986
0 0.2875 0.301953 0.0734375 0.0851562 0.000341339
0 0.216016 0.480859 0.139844 0.325781 0.000343785
0 0.685938 0.242578 0.0484375 0.0632813 0.000349603
0 0.312891 0.254297 0.130469 0.216406 0.000384902
0 0.767578 0.619531 0.0789063 0.084375 0.000396055
0 0.251563 0.364453 0.104687 0.263281 0.000397708
0 0.660156 0.401172 0.15625 0.196094 0.000406222
0 0.784766 0.596094 0.0820312 0.104687 0.000447125
0 0.28125 0.615234 0.139062 0.238281 0.000470696
0 0.789062 0.493359 0.154687 0.324219 0.000483781
0 0.376953 0.7 0.271094 0.292188 0.000486598
0 0.342578 0.611328 0.121094 0.153906 0.00055186
0 0.305078 0.409766 0.280469 0.536719 0.000568033
0 0.662891 0.527344 0.194531 0.285937 0.000586934
0 0.242969 0.572266 0.128125 0.264844 0.000645288
0 0.2875 0.303516 0.0921875 0.136719 0.000658059
0 0.723047 0.571094 0.149219 0.215625 0.000810442
0 0.701953 0.426172 0.186719 0.263281 0.000834201
0 0.677344 0.254687 0.0390625 0.0578125 0.00100455
0 0.744141 0.494922 0.121094 0.189844 0.00129379
0 0.293359 0.329297 0.155469 0.330469 0.00141329
0 0.333984 0.605859 0.227344 0.367969 0.00145372
0 0.785547 0.634375 0.0851562 0.0953125 0.00146294
0 0.213281 0.559375 0.179688 0.54375 0.00154473
0 0.258594 0.764453 0.23125 0.242969 0.00163151
0 0.244141 0.467578 0.111719 0.241406 0.00180684
0 0.776563 0.5375 0.114063 0.179688 0.00222844
0 0.341016 0.758984 0.264844 0.217969 0.00334538
0 0.739062 0.632031 0.240625 0.201562 0.00391261
0 0.682813 0.608594 0.179688 0.210938 0.00415301
0 0.757812 0.513672 0.096875 0.114844 0.00464648
0 0.269531 0.445312 0.153125 0.392188 0.00549326
0 0.804297 0.610156 0.138281 0.215625 0.00570641
0 0.73125 0.494141 0.176563 0.313281 0.00623889
0 0.779297 0.634766 0.146094 0.139844 0.006303
0 0.732031 0.562891 0.282813 0.317969 0.00744634
0 0.289453 0.694141 0.266406 0.335156 0.0107029
0 0.275 0.553906 0.203125 0.467187 0.0234365
0 0.771484 0.572656 0.169531 0.242188 0.0435857
