0 0.977344 0.314844 0.0453125 0.440625 0.000100511
0 0.569531 0.303125 0.309375 0.525 0.000100855
0 0.426562 0.206641 0.059375 0.0789063 0.000106024
0 0.444531 0.242969 0.0828125 0.090625 0.000107449
0 0.0578125 0.729688 0.115625 0.457812 0.000109696
0 0.883594 0.439063 0.232812 0.4625 0.000109784
0 0.763281 0.260156 0.114063 0.195312 0.000115219
0 0.757812 0.434375 0.142188 0.285937 0.000117616
0 0.0488281 0.634375 0.0976562 0.25 0.000118108
0 0.426953 0.257031 0.0804688 0.090625 0.000119593
0 0.323828 0.0203125 0.211719 0.0390625 0.000120896
0 0.904297 0.469922 0.0632813 0.105469 0.000127583
0 0.392969 0.194531 0.334375 0.382812 0.000127778
0 0.378516 0.480469 0.200781 0.3875 0.000131238
0 0.488672 0.198828 0.169531 0.183594 0.000132293
0 0.0285156 0.06875 0.0492188 0.1375 0.000135972
0 0.526563 0.432031 0.0796875 0.109375 0.000136173
0 0.848437 0.28125 0.084375 0.109375 0.000137512
0 0.863281 0.526563 0.125 0.1625 0.000142391
0 0.508203 0.487891 0.0882813 0.102344 0.000156166
0 0.525781 0.467187 0.084375 0.10625 0.000157992
0 0.864453 0.260938 0.0820312 0.107813 0.00015812
0 0.972266 0.435156 0.0554687 0.4375 0.000171037
0 0.0304688 0.232422 0.059375 0.446094 0.000176524
0 0.780469 0.15 0.182812 0.228125 0.000177038
0 0.321875 0.107813 0.340625 0.215625 0.000184153
0 0.530469 0.260156 0.126563 0.178125 0.000189289
0 0.0480469 0.551172 0.0960938 0.250781 0.000191902
0 0.973828 0.198047 0.0507812 0.396094 0.000194021
0 0.0875 0.646875 0.175 0.629687 0.000200657
0 0.772656 0.517969 0.120312 0.171875 0.000200997
0 0.780078 0.344141 0.130469 0.233594 0.000201472
0 0.819922 0.537109 0.157031 0.157031 0.00022506
0 0.755859 0.313281 0.185156 0.460938 0.000227655
0 0.805469 0.28125 0.159375 0.18125 0.000239177
0 0.448047 0.489844 0.0882813 0.101562 0.000251907
0 0.344922 0.0332031 0.238281 0.0664062 0.000261203
0 0.527734 0.343359 0.125781 0.257031 0.000269575
0 0.421094 0.202734 0.192188 0.257031 0.000270515
0 0.5375 0.508203 0.178125 0.191406 0.000322049
0 0.0375 0.400781 0.0703125 0.610937 0.000323009
0 0.416406 0.274219 0.103125 0.217187 0.000341472
0 0.528516 0.168359 0.169531 0.233594 0.000343575
0 0.448438 0.124219 0.290625 0.2375 0.000345975
0 0.413672 0.407422 0.108594 0.275781 0.00037021
0 0.898828 0.514453 0.121094 0.222656 0.000374838
0 0.55625 0.219531 0.135937 0.242188 0.000374885
0 0.801172 0.403125 0.125781 0.253125 0.000393078
0 0.824609 0.489844 0.282031 0.292188 0.000394014
0 0.487891 0.280859 0.174219 0.166406 0.000407931
0 0.507031 0.45 0.0859375 0.101562 0.000472538
0 0.419922 0.230859 0.0726563 0.103906 0.000476475
0 0.487109 0.470703 0.0867188 0.102344 0.000481156
0 0.375781 0.0667969 0.315625 0.132031 0.000493781
0 0.845312 0.176563 0.182812 0.25 0.000500308
0 0.863281 0.240234 0.120312 0.188281 0.00051753
0 0.895703 0.364062 0.100781 0.279687 0.00051902
0 0.55625 0.451953 0.15625 0.225781 0.000525053
0 0.0613281 0.384375 0.122656 0.715625 0.000538271
0 0.46875 0.50625 0.142188 0.15625 0.000547141
0 0.0351562 0.563672 0.0703125 0.424219 0.000552676
0 0.908203 0.314844 0.147656 0.454688 0.000620909
0 0.880859 0.303516 0.116406 0.202344 0.000625834
0 0.900781 0.448047 0.0828125 0.235156 0.000699515
0 0.450391 0.236719 0.157031 0.171875 0.00075067
0 0.848047 0.383594 0.141406 0.270312 0.000765272
0 0.448438 0.345313 0.135937 0.260938 0.000790524
0 0.419531 0.5125 0.146875 0.23125 0.000819248
0 0.466406 0.560938 0.245312 0.275 0.000833695
0 0.524609 0.431641 0.122656 0.174219 0.00085664
0 0.790625 0.473437 0.157813 0.234375 0.000918539
0 0.847266 0.303125 0.132031 0.24375 0.00140223
0 0.490234 0.364453 0.147656 0.278906 0.00176151
0 0.0503906 0.560547 0.100781 0.602344 0.00196149
0 0.449219 0.449219 0.139062 0.228125 0.00206096
0 0.540625 0.353906 0.175 0.396875 0.00238132
0 0.505469 0.470703 0.154687 0.161719 0.00333512
0 0.509766 0.244531 0.199219 0.309375 0.00339636
0 0.791797 0.392188 0.189844 0.384375 0.00343425
0 0.875 0.280469 0.142188 0.34375 0.00423278
0 0.853906 0.495313 0.18125 0.223438 0.00501488
0 0.421875 0.395703 0.151562 0.399219 0.00606964
0 0.882422 0.427344 0.144531 0.379687 0.00812466
0 0.817969 0.248047 0.225 0.399219 0.00928852
0 0.499609 0.440625 0.203906 0.257812 0.00978851
0 0.469141 0.49375 0.207031 0.220313 0.018963
0 0.85 0.359375 0.185937 0.442187 0.167694
0 0.475 0.365625 0.220313 0.421875 0.203435
