0 0.775781 0.196094 0.396875 0.392188 0.00010063
0 0.934375 0.103516 0.128125 0.207031 0.000100821
0 0.2375 0.267188 0.134375 0.171875 0.000101246
0 0.626562 0.720312 0.128125 0.16875 0.000101734
0 0.144531 0.597266 0.11875 0.274219 0.000106878
0 0.983984 0.728516 0.0320312 0.357031 0.000108805
0 0.208203 0.287891 0.0835937 0.105469 0.000114772
0 0.235547 0.719531 0.150781 0.1875 0.000115386
0 0.177344 0.717578 0.09375 0.116406 0.000116365
0 0.215234 0.401563 0.135156 0.220313 0.000117992
0 0.865234 0.108203 0.269531 0.216406 0.000121795
0 0.252734 0.519531 0.222656 0.420312 0.0001223
0 0.347266 0.283984 0.339844 0.449219 0.000124532
0 0.114844 0.0386719 0.229687 0.0773437 0.000124764
0 0.0695312 0.212109 0.139062 0.424219 0.000125836
0 0.785547 0.691797 0.152344 0.180469 0.000129646
0 0.102734 0.271875 0.205469 0.54375 0.000130363
0 0.769141 0.49375 0.135156 0.265625 0.000154234
0 0.816797 0.403125 0.175781 0.534375 0.000165713
0 0.660156 0.298828 0.273438 0.444531 0.000167564
0 0.148828 0.0609375 0.297656 0.121875 0.000173903
0 0.514453 0.527734 0.432031 0.825781 0.000174373
0 0.138281 0.678125 0.084375 0.103125 0.000175
0 0.767969 0.594922 0.209375 0.219531 0.000175263
0 0.0621094 0.103516 0.124219 0.203906 0.00017579
0 0.783984 0.0703125 0.411719 0.140625 0.000176751
0 0.216016 0.234375 0.344531 0.415625 0.000178675
0 0.65625 0.658594 0.132812 0.182812 0.000185233
0 0.155078 0.698438 0.0898438 0.110937 0.000190478
0 0.178906 0.427734 0.10625 0.232031 0.000202646
0 0.329297 0.280859 0.247656 0.296094 0.000207539
0 0.717578 0.115234 0.450781 0.230469 0.000236947
0 0.128125 0.75625 0.151562 0.239063 0.000240842
0 0.701172 0.442969 0.260156 0.35625 0.000246845
0 0.135156 0.566016 0.165625 0.564844 0.000265063
0 0.316797 0.714063 0.200781 0.240625 0.000296005
0 0.862891 0.560938 0.191406 0.4375 0.000313998
0 0.773438 0.339453 0.104687 0.194531 0.000315937
0 0.128125 0.117578 0.251563 0.235156 0.000327773
0 0.175781 0.298438 0.2 0.385938 0.000334394
0 0.853516 0.654297 0.138281 0.247656 0.000346228
0 0.194141 0.488281 0.121094 0.234375 0.000386606
0 0.291797 0.513672 0.308594 0.639844 0.000441014
0 0.839453 0.713281 0.177344 0.223438 0.000473019
0 0.78125 0.426562 0.121875 0.1875 0.000493334
0 0.216016 0.318359 0.0820312 0.108594 0.000538867
0 0.28125 0.265625 0.179688 0.210938 0.000582561
0 0.801562 0.535156 0.14375 0.3 0.000931117
0 0.230078 0.395312 0.289844 0.590625 0.00112897
0 0.697266 0.657031 0.257031 0.246875 0.00122053
0 0.709375 0.600391 0.334375 0.411719 0.00125745
0 0.167578 0.529688 0.147656 0.40625 0.00133482
0 0.252734 0.347266 0.188281 0.310156 0.00134377
0 0.771484 0.40625 0.160156 0.325 0.00136589
0 0.669922 0.698047 0.183594 0.191406 0.00157763
0 0.738281 0.7125 0.292188 0.234375 0.0020434
0 0.141797 0.700781 0.125781 0.196875 0.00222765
0 0.240234 0.646484 0.260156 0.352344 0.00253178
0 0.252734 0.738672 0.288281 0.219531 0.00256403
0 0.821875 0.615234 0.14375 0.255469 0.00263466
0 0.718359 0.420703 0.305469 0.663281 0.00391536
0 0.194141 0.380859 0.133594 0.363281 0.00440054
0 0.221484 0.323047 0.132031 0.221094 0.00559594
0 0.162109 0.650781 0.172656 0.321875 0.0112511
0 0.201172 0.491406 0.182031 0.56875 0.0237073
0 0.791797 0.662109 0.238281 0.266406 0.0327086
0 0.183984 0.722266 0.205469 0.210156 0.046567
0 0.794922 0.538672 0.208594 0.442969 0.308318
