0 0.16875 0.683594 0.1125 0.164062 0.000103121
0 0.278125 0.308984 0.198437 0.255469 0.000104543
0 0.769141 0.289844 0.0882813 0.0875 0.000106351
0 0.266797 0.109375 0.453906 0.21875 0.000109728
0 0.235547 0.307031 0.0648438 0.05 0.000114697
0 0.795313 0.339844 0.0765625 0.0890625 0.000115497
0 0.312109 0.239844 0.119531 0.125 0.000117956
0 0.760938 0.575 0.134375 0.198437 0.000119206
0 0.736719 0.694922 0.148438 0.202344 0.000121748
0 0.386719 0.547656 0.0921875 0.15 0.000122861
0 0.627344 0.258203 0.107813 0.141406 0.000125371
0 0.696484 0.189063 0.0539063 0.053125 0.000129714
0 0.386719 0.685547 0.059375 0.0710938 0.000140263
0 0.174219 0.566797 0.165625 0.407031 0.000140851
0 0.381641 0.611328 0.138281 0.247656 0.00014221
0 0.801172 0.807422 0.122656 0.105469 0.000153769
0 0.825391 0.434766 0.110156 0.228906 0.000158374
0 0.693359 0.177734 0.0742188 0.0476562 0.000163871
0 0.739844 0.531641 0.18125 0.208594 0.000165896
0 0.278125 0.634766 0.146875 0.163281 0.00017134
0 0.267578 0.296484 0.130469 0.166406 0.000173263
0 0.696875 0.597656 0.154687 0.189063 0.000186772
0 0.811719 0.782422 0.0859375 0.0632813 0.000192082
0 0.729688 0.752734 0.257812 0.197656 0.000199586
0 0.722656 0.403906 0.310937 0.6625 0.000212106
0 0.383203 0.677734 0.0992187 0.113281 0.00022224
0 0.282813 0.277344 0.0953125 0.1 0.000237303
0 0.817578 0.620313 0.180469 0.33125 0.000266226
0 0.204688 0.468359 0.117188 0.178906 0.000277432
0 0.241406 0.325391 0.090625 0.100781 0.000308077
0 0.774609 0.764063 0.183594 0.146875 0.000324713
0 0.752734 0.398438 0.188281 0.429688 0.000338975
0 0.739844 0.634766 0.157813 0.167969 0.0003416
0 0.205469 0.426953 0.0984375 0.110156 0.000343725
0 0.785937 0.348828 0.10625 0.149219 0.000355472
0 0.21875 0.596094 0.1375 0.184375 0.00038914
0 0.695312 0.678516 0.1375 0.210156 0.000424482
0 0.194531 0.669922 0.178125 0.211719 0.000458366
0 0.698828 0.530859 0.188281 0.336719 0.000518501
0 0.668359 0.565234 0.322656 0.607031 0.000543369
0 0.360938 0.665625 0.153125 0.184375 0.00054883
0 0.232031 0.364062 0.120312 0.167187 0.00064053
0 0.799219 0.478516 0.16875 0.338281 0.000645615
0 0.65625 0.636719 0.159375 0.20625 0.000787421
0 0.660937 0.713672 0.19375 0.211719 0.00083582
0 0.8 0.398047 0.129688 0.236719 0.00111436
0 0.282422 0.485547 0.308594 0.549219 0.00112299
0 0.758984 0.684375 0.232031 0.264062 0.00119478
0 0.323438 0.633203 0.210938 0.235156 0.00151313
0 0.221875 0.414453 0.121875 0.183594 0.001866
0 0.216797 0.479297 0.149219 0.303906 0.00292922
0 0.760547 0.548437 0.235156 0.426562 0.00401688
0 0.266406 0.568359 0.24375 0.335156 0.00445233
0 0.229297 0.626953 0.207031 0.239844 0.00790501
0 0.701172 0.65 0.217969 0.296875 0.0130303
