0 0.285937 0.573828 0.1375 0.271094 0.000101721
0 0.374219 0.726953 0.145313 0.200781 0.000103894
0 0.837891 0.635156 0.199219 0.417188 0.000104818
0 0.0226563 0.645703 0.0453125 0.349219 0.000105084
0 0.224219 0.595703 0.0796875 0.228906 0.000105957
0 0.719922 0.553125 0.0898438 0.107813 0.000106709
0 0.177344 0.288672 0.328125 0.546094 0.000106988
0 0.695703 0.402734 0.0789063 0.122656 0.000109845
0 0.261719 0.508594 0.0890625 0.160938 0.000110335
0 0.303906 0.792578 0.2375 0.219531 0.000110839
0 0.717578 0.454297 0.124219 0.200781 0.000110948
0 0.0707031 0.142969 0.139844 0.284375 0.000111969
0 0.839063 0.775 0.2 0.223438 0.000112046
0 0.287109 0.699219 0.0789063 0.101562 0.000114529
0 0.220703 0.782812 0.0867188 0.109375 0.000116841
0 0.633203 0.493359 0.0835937 0.111719 0.000118039
0 0.866406 0.0523437 0.2625 0.101562 0.000120522
0 0.332422 0.383984 0.0835937 0.102344 0.00012205
0 0.587109 0.518359 0.239844 0.514844 0.000122172
0 0.116406 0.873047 0.229687 0.253906 0.000122619
0 0.737891 0.614453 0.0820312 0.102344 0.000125968
0 0.736328 0.490625 0.0726563 0.10625 0.000135578
0 0.339844 0.615234 0.0890625 0.210156 0.000135853
0 0.984766 0.779688 0.0304688 0.25 0.000140482
0 0.347656 0.445703 0.084375 0.0914062 0.00014075
0 0.783203 0.806641 0.161719 0.163281 0.000145564
0 0.223828 0.382422 0.274219 0.374219 0.000149329
0 0.980078 0.839844 0.0398437 0.285937 0.000155554
0 0.341016 0.589453 0.0726563 0.108594 0.00015581
0 0.720312 0.7375 0.0921875 0.103125 0.000160439
0 0.730859 0.785937 0.211719 0.19375 0.000168662
0 0.739062 0.574609 0.0859375 0.111719 0.000173466
0 0.737891 0.533984 0.0851562 0.108594 0.000178498
0 0.658984 0.453125 0.139844 0.203125 0.000179675
0 0.719141 0.594922 0.0882813 0.107031 0.000181035
0 0.30625 0.410156 0.28125 0.395312 0.000200546
0 0.675 0.572656 0.0890625 0.096875 0.000202953
0 0.324609 0.351172 0.161719 0.233594 0.000209791
0 0.652344 0.551562 0.0890625 0.10625 0.000214035
0 0.641016 0.635156 0.121094 0.2625 0.000215909
0 0.282813 0.469141 0.103125 0.172656 0.000217572
0 0.778125 0.758984 0.0828125 0.110156 0.000221184
0 0.384375 0.383594 0.121875 0.196875 0.000224078
0 0.141406 0.799609 0.234375 0.346094 0.000232795
0 0.0746094 0.0527344 0.149219 0.105469 0.000243849
0 0.592969 0.379297 0.151562 0.217969 0.000246542
0 0.126953 0.2 0.244531 0.398438 0.00026094
0 0.339844 0.755078 0.154687 0.174219 0.000263701
0 0.63125 0.301172 0.071875 0.0929687 0.000268813
0 0.618359 0.327734 0.121094 0.160156 0.000274959
0 0.250391 0.526563 0.121094 0.2875 0.000276292
0 0.361328 0.425 0.0773437 0.103125 0.000282614
0 0.964844 0.686719 0.0703125 0.5875 0.000287403
0 0.636328 0.530859 0.0867188 0.113281 0.000308242
0 0.753906 0.554688 0.0921875 0.178125 0.000320704
0 0.280469 0.754687 0.134375 0.160938 0.000326114
0 0.756641 0.660547 0.111719 0.217969 0.000336174
0 0.317969 0.700781 0.0796875 0.10625 0.000350301
0 0.173047 0.0511719 0.346094 0.102344 0.000351679
0 0.631641 0.725391 0.130469 0.183594 0.000358942
0 0.215234 0.65 0.119531 0.401563 0.000376904
0 0.355078 0.514844 0.0773437 0.1125 0.000377326
0 0.308203 0.510938 0.130469 0.23125 0.000379227
0 0.369531 0.638672 0.148438 0.367969 0.000391069
0 0.360547 0.386328 0.0773437 0.110156 0.000394746
0 0.679297 0.754687 0.286719 0.264062 0.00042141
0 0.760156 0.738281 0.0890625 0.107813 0.000446568
0 0.976172 0.730859 0.0476562 0.425781 0.000460463
0 0.303125 0.721094 0.0796875 0.107813 0.000484495
0 0.253516 0.717578 0.288281 0.374219 0.000491277
0 0.114844 0.0980469 0.229687 0.196094 0.000491487
0 0.786328 0.761719 0.111719 0.16875 0.000500008
0 0.239063 0.659766 0.103125 0.260156 0.000535177
0 0.679688 0.751562 0.2 0.179688 0.000595771
0 0.384375 0.535156 0.132812 0.35625 0.000618134
0 0.230078 0.791406 0.132031 0.165625 0.000621245
0 0.110547 0.0347656 0.221094 0.0695312 0.00064754
0 0.785156 0.689062 0.117188 0.271875 0.000672776
0 0.294922 0.4375 0.177344 0.275 0.000678895
0 0.734375 0.511719 0.103125 0.214062 0.000780971
0 0.357031 0.494141 0.101562 0.207031 0.000888865
0 0.304688 0.637891 0.123438 0.289844 0.000921852
0 0.358594 0.423438 0.101562 0.170312 0.00102593
0 0.633203 0.601562 0.177344 0.445312 0.00116367
0 0.657812 0.550781 0.135937 0.171875 0.00142753
0 0.626172 0.485156 0.158594 0.35625 0.00147808
0 0.736328 0.592969 0.119531 0.196875 0.00169483
0 0.723437 0.485156 0.157813 0.332812 0.00188097
0 0.720703 0.698047 0.146094 0.200781 0.0020373
0 0.334766 0.685156 0.124219 0.232812 0.00212846
0 0.351953 0.375 0.111719 0.160938 0.00238466
0 0.251953 0.60625 0.167969 0.459375 0.00257714
0 0.276953 0.548437 0.280469 0.615625 0.00259253
0 0.636719 0.512891 0.117188 0.194531 0.00267183
0 0.697656 0.572656 0.16875 0.182812 0.00273236
0 0.240625 0.729297 0.142188 0.228906 0.00374404
0 0.305469 0.723437 0.134375 0.173438 0.00422232
0 0.683984 0.43125 0.191406 0.340625 0.00446268
0 0.663672 0.692578 0.169531 0.225781 0.00459116
0 0.346094 0.444922 0.1375 0.286719 0.00580607
0 0.34375 0.553906 0.09375 0.176563 0.00745713
0 0.753906 0.731641 0.148438 0.180469 0.00781848
0 0.666797 0.525781 0.175781 0.279687 0.0101724
0 0.749609 0.613672 0.144531 0.361719 0.0118223
0 0.285547 0.705469 0.183594 0.254687 0.0143803
0 0.342187 0.557031 0.11875 0.285937 0.0259659
0 0.709766 0.682031 0.211719 0.290625 0.0552751
0 0.310547 0.559766 0.174219 0.489844 0.0602659
0 0.696094 0.561719 0.21875 0.471875 0.137049
