0 0.985937 0.509766 0.028125 0.232031 0.00010081
0 0.739453 0.650781 0.0867188 0.110937 0.000101404
0 0.0628906 0.40625 0.122656 0.28125 0.00010149
0 0.627344 0.2375 0.30625 0.345313 0.00010522
0 0.596484 0.969141 0.305469 0.0617188 0.000106441
0 0.655859 0.365234 0.0992187 0.166406 0.000109107
0 0.748047 0.352734 0.163281 0.257031 0.000109307
0 0.940625 0.430469 0.11875 0.45 0.000110248
0 0.614453 0.199219 0.114844 0.14375 0.000112815
0 0.778516 0.603906 0.0882813 0.173438 0.000116402
0 0.717578 0.473828 0.127344 0.203906 0.000116512
0 0.706641 0.247656 0.0617188 0.0828125 0.000117523
0 0.637109 0.433984 0.146094 0.199219 0.000118873
0 0.213672 0.174609 0.138281 0.110156 0.000123728
0 0.497656 0.557031 0.335938 0.334375 0.000128977
0 0.203906 0.25625 0.2125 0.209375 0.000129617
0 0.930078 0.102734 0.139844 0.205469 0.00013607
0 0.638281 0.282422 0.0671875 0.0882813 0.000138199
0 0.7 0.590234 0.0859375 0.100781 0.00013834
0 0.635547 0.239844 0.116406 0.171875 0.000141077
0 0.78125 0.606641 0.1125 0.274219 0.000143423
0 0.678125 0.227344 0.0609375 0.101562 0.000146672
0 0.260156 0.285547 0.0890625 0.0945313 0.000149211
0 0.61875 0.300391 0.123438 0.216406 0.000150988
0 0.882422 0.361719 0.235156 0.203125 0.000154243
0 0.105469 0.547266 0.1875 0.299219 0.000159802
0 0.275781 0.951172 0.44375 0.0976562 0.000161727
0 0.978125 0.439453 0.04375 0.347656 0.000163712
0 0.975781 0.734375 0.046875 0.510938 0.000166044
0 0.701953 0.759766 0.216406 0.199219 0.000167988
0 0.207813 0.147266 0.376563 0.294531 0.000169086
0 0.967578 0.310156 0.0617188 0.3875 0.00017187
0 0.619141 0.675 0.197656 0.203125 0.000181324
0 0.657031 0.297266 0.078125 0.0945313 0.000182352
0 0.948047 0.691797 0.0960938 0.616406 0.000185049
0 0.575391 0.877344 0.438281 0.245312 0.000188678
0 0.0964844 0.328906 0.114844 0.1875 0.000190095
0 0.539062 0.407813 0.179688 0.295312 0.000190689
0 0.973047 0.5625 0.0539063 0.71875 0.00019209
0 0.335156 0.305859 0.192188 0.258594 0.000193248
0 0.718359 0.534375 0.0835937 0.110937 0.000198386
0 0.982031 0.564844 0.0359375 0.4375 0.000202533
0 0.658594 0.714453 0.23125 0.210156 0.000205109
0 0.246094 0.548828 0.239063 0.203906 0.000211713
0 0.786328 0.162891 0.310156 0.325781 0.000223594
0 0.79375 0.732422 0.267188 0.458594 0.000223932
0 0.859375 0.88125 0.279687 0.2375 0.000224085
0 0.976172 0.892578 0.0460938 0.214844 0.00022757
0 0.114844 0.463672 0.151562 0.207031 0.000234435
0 0.715234 0.278906 0.0757812 0.11875 0.000236482
0 0.333203 0.517187 0.224219 0.448438 0.000236882
0 0.924219 0.933203 0.148438 0.133594 0.00024315
0 0.495703 0.621875 0.444531 0.55625 0.000248952
0 0.676562 0.319141 0.103125 0.157031 0.000251567
0 0.613672 0.232422 0.172656 0.250781 0.000254228
0 0.701953 0.364453 0.105469 0.210156 0.000255554
0 0.28125 0.320312 0.145313 0.198437 0.000263517
0 0.719141 0.573438 0.0898438 0.10625 0.000273541
0 0.864062 0.348437 0.267188 0.378125 0.000274228
0 0.635156 0.365625 0.114063 0.232812 0.000294163
0 0.639453 0.298828 0.100781 0.147656 0.000305105
0 0.794922 0.934766 0.361719 0.130469 0.00032134
0 0.720312 0.363672 0.0796875 0.144531 0.000323696
0 0.876562 0.0976562 0.234375 0.195312 0.000347691
0 0.300391 0.587891 0.175781 0.289844 0.000365134
0 0.622656 0.93125 0.4 0.1375 0.000379846
0 0.226953 0.198828 0.228906 0.232031 0.000381306
0 0.241797 0.402734 0.138281 0.164844 0.000392312
0 0.663281 0.261719 0.0671875 0.09375 0.000417112
0 0.593359 0.472656 0.171094 0.203125 0.000428912
0 0.3125 0.235547 0.178125 0.250781 0.000430344
0 0.154687 0.346484 0.23125 0.200781 0.000431323
0 0.692969 0.325781 0.33125 0.514063 0.000440017
0 0.745703 0.4875 0.125781 0.314063 0.000454758
0 0.925 0.307422 0.15 0.489844 0.000460892
0 0.0820312 0.325391 0.145313 0.382031 0.000470233
0 0.219922 0.469141 0.242969 0.214844 0.000478318
0 0.574609 0.569922 0.177344 0.188281 0.000489542
0 0.961328 0.1875 0.0742188 0.375 0.000529087
0 0.754297 0.579297 0.0710938 0.110156 0.000572505
0 0.713672 0.314453 0.105469 0.188281 0.000612292
0 0.621094 0.721094 0.254687 0.335938 0.000615748
0 0.706641 0.241016 0.238281 0.289844 0.000626443
0 0.227344 0.588281 0.315625 0.371875 0.000627926
0 0.753125 0.627734 0.0765625 0.0992187 0.000650317
0 0.721875 0.6125 0.090625 0.0859375 0.000673601
0 0.154687 0.426172 0.209375 0.216406 0.000697332
0 0.659766 0.634766 0.197656 0.199219 0.000699859
0 0.8125 0.310937 0.375 0.517187 0.000727296
0 0.771875 0.375781 0.257812 0.423438 0.000811666
0 0.288281 0.511328 0.145313 0.238281 0.000818766
0 0.735156 0.552734 0.321875 0.441406 0.000982435
0 0.575391 0.401563 0.219531 0.421875 0.00110594
0 0.216797 0.324609 0.200781 0.197656 0.00111256
0 0.658203 0.496875 0.192969 0.204688 0.00115401
0 0.257812 0.282422 0.157813 0.147656 0.0012132
0 0.693359 0.25625 0.128906 0.154687 0.0012413
0 0.661719 0.271875 0.109375 0.139062 0.0012455
0 0.165234 0.286328 0.257031 0.363281 0.00132729
0 0.697266 0.844531 0.338281 0.3 0.00134892
0 0.308594 0.382812 0.232812 0.479688 0.00135426
0 0.615234 0.530469 0.136719 0.2125 0.00140715
0 0.54375 0.518359 0.185937 0.252344 0.00149981
0 0.196484 0.385547 0.227344 0.189844 0.00157359
0 0.646484 0.319922 0.183594 0.349219 0.00161031
0 0.914844 0.166797 0.167187 0.333594 0.00173197
0 0.698438 0.676562 0.192188 0.203125 0.00187315
0 0.15625 0.5 0.289062 0.353125 0.00196368
0 0.732813 0.556641 0.120312 0.175781 0.00226232
0 0.684766 0.320312 0.158594 0.267188 0.00246041
0 0.638281 0.570312 0.198437 0.184375 0.00251776
0 0.596484 0.699609 0.392969 0.510156 0.00253333
0 0.748438 0.687891 0.189063 0.310156 0.0027391
0 0.689844 0.2625 0.0734375 0.090625 0.00301899
0 0.709375 0.44375 0.15625 0.376563 0.00327514
0 0.748828 0.640234 0.125781 0.171094 0.00358145
0 0.112891 0.388281 0.142969 0.235938 0.00385174
0 0.265625 0.275391 0.215625 0.228906 0.00435355
0 0.696094 0.535937 0.179688 0.195312 0.00610918
0 0.746484 0.603125 0.0992187 0.126563 0.00701605
0 0.597656 0.607422 0.276563 0.311719 0.00719503
0 0.604688 0.489062 0.242188 0.301562 0.00933948
0 0.247266 0.308594 0.275781 0.360938 0.0100837
0 0.863281 0.207031 0.270312 0.404687 0.012009
0 0.267188 0.511719 0.226562 0.370313 0.0128114
0 0.653906 0.436328 0.251563 0.447656 0.0175802
0 0.711719 0.603906 0.18125 0.207813 0.0209434
0 0.697656 0.746094 0.278125 0.3875 0.0230817
0 0.109375 0.432031 0.203125 0.371875 0.0277824
0 0.652734 0.548437 0.280469 0.271875 0.0778431
0 0.686328 0.628125 0.258594 0.354688 0.0923232
0 0.194141 0.388672 0.338281 0.541406 0.309944
