0 0.14375 0.798828 0.071875 0.105469 0.000103379
0 0.679688 0.382031 0.08125 0.126563 0.000107889
0 0.180078 0.507812 0.0960938 0.176563 0.000107969
0 0.597656 0.739062 0.0875 0.1125 0.000108665
0 0.611719 0.639063 0.1375 0.232812 0.000110081
0 0.177344 0.435156 0.0625 0.0984375 0.000113556
0 0.255078 0.593359 0.119531 0.132031 0.000117973
0 0.575391 0.614453 0.113281 0.163281 0.000120687
0 0.774609 0.778906 0.0898438 0.135937 0.000125645
0 0.331641 0.807031 0.166406 0.154687 0.000126917
0 0.891406 0.861719 0.0453125 0.192188 0.000126919
0 0.633984 0.683594 0.0804688 0.0953125 0.000128011
0 0.560547 0.739453 0.103906 0.185156 0.000129454
0 0.186328 0.414844 0.0914062 0.16875 0.000131316
0 0.299609 0.659766 0.136719 0.246094 0.000135159
0 0.219531 0.794922 0.154687 0.152344 0.000135231
0 0.676953 0.461719 0.142969 0.265625 0.000143187
0 0.165625 0.522656 0.1375 0.28125 0.000146593
0 0.192578 0.720312 0.0882813 0.110937 0.000147705
0 0.741016 0.744141 0.0804688 0.111719 0.000148804
0 0.717969 0.633984 0.10625 0.194531 0.000148983
0 0.641016 0.394922 0.119531 0.155469 0.000149006
0 0.251172 0.325 0.172656 0.167187 0.000151499
0 0.266797 0.361719 0.117969 0.146875 0.000154795
0 0.618359 0.757031 0.0898438 0.109375 0.000155568
0 0.238672 0.394922 0.197656 0.238281 0.000155978
0 0.576563 0.413281 0.140625 0.178125 0.000157132
0 0.597266 0.776563 0.121094 0.134375 0.000159013
0 0.604297 0.792188 0.311719 0.414062 0.000159089
0 0.7625 0.839453 0.134375 0.139844 0.000162171
0 0.257812 0.638281 0.140625 0.25625 0.000164454
0 0.633203 0.357422 0.121094 0.107031 0.000177979
0 0.232812 0.874219 0.35 0.251563 0.000193063
0 0.749609 0.846484 0.188281 0.207031 0.00020782
0 0.239063 0.552344 0.142188 0.165625 0.000212526
0 0.183984 0.460938 0.133594 0.2125 0.000223599
0 0.650781 0.702734 0.08125 0.105469 0.000224299
0 0.308984 0.421484 0.167969 0.232031 0.000231552
0 0.757812 0.779688 0.078125 0.0984375 0.000250325
0 0.574219 0.348828 0.125 0.136719 0.000250387
0 0.574609 0.609375 0.166406 0.310937 0.00025345
0 0.694922 0.351172 0.0601562 0.0789063 0.000256011
0 0.679297 0.572266 0.175781 0.350781 0.000273928
0 0.725 0.71875 0.290625 0.284375 0.000288431
0 0.158203 0.816797 0.196094 0.224219 0.000290384
0 0.715625 0.764063 0.090625 0.1 0.000296783
0 0.653516 0.661328 0.136719 0.219531 0.00030034
0 0.3 0.839844 0.260938 0.209375 0.000321513
0 0.217969 0.483984 0.167187 0.274219 0.000324363
0 0.698047 0.346875 0.0445312 0.053125 0.000386225
0 0.734375 0.701563 0.11875 0.209375 0.000399091
0 0.158203 0.776563 0.0835937 0.1125 0.000409504
0 0.65625 0.761719 0.0890625 0.110937 0.000434737
0 0.279297 0.75625 0.149219 0.164062 0.000484593
0 0.138672 0.734375 0.125781 0.248437 0.000489062
0 0.748828 0.801953 0.127344 0.132031 0.000506273
0 0.694531 0.779688 0.0890625 0.096875 0.000596189
0 0.201953 0.615234 0.124219 0.200781 0.00063042
0 0.188281 0.460156 0.104687 0.129688 0.000775949
0 0.175 0.742578 0.0890625 0.114844 0.000780465
0 0.633594 0.721484 0.084375 0.110156 0.000876002
0 0.237109 0.735937 0.152344 0.178125 0.0008875
0 0.286719 0.655859 0.226562 0.319531 0.0010014
0 0.716016 0.663281 0.167969 0.301562 0.00107675
0 0.586328 0.694531 0.160156 0.223438 0.00110989
0 0.675 0.705469 0.14375 0.189063 0.00121696
0 0.201562 0.578516 0.170312 0.367969 0.00124375
0 0.584375 0.3625 0.0875 0.0828125 0.00135109
0 0.219141 0.593359 0.0992187 0.116406 0.00139249
0 0.607813 0.771094 0.184375 0.195312 0.00155545
0 0.666016 0.814844 0.242969 0.214062 0.00158241
0 0.309375 0.719141 0.176563 0.225781 0.00199118
0 0.159375 0.787109 0.121875 0.166406 0.0020166
0 0.735156 0.760156 0.135937 0.148438 0.00202908
0 0.299609 0.355078 0.171094 0.194531 0.00203206
0 0.215234 0.679297 0.147656 0.255469 0.002282
0 0.637891 0.569531 0.253906 0.489062 0.00240384
0 0.178125 0.463672 0.0734375 0.0773437 0.00346433
0 0.695312 0.763281 0.145313 0.126563 0.00391343
0 0.655859 0.757812 0.142969 0.151562 0.00452328
0 0.251953 0.792969 0.285156 0.221875 0.00899024
0 0.620313 0.722656 0.145313 0.167187 0.0095961
0 0.696094 0.796875 0.204688 0.132812 0.010832
0 0.171094 0.7 0.1375 0.279687 0.0115881
0 0.639063 0.678516 0.223438 0.271094 0.0125032
0 0.240234 0.562109 0.257031 0.539844 0.0369651
0 0.195312 0.757422 0.184375 0.192969 0.0420378
0 0.674219 0.740625 0.228125 0.195312 0.103092
0 0.232422 0.713672 0.244531 0.264844 0.258881
