0 0.320312 0.021875 0.21875 0.0421875 0.000101057
0 0.303906 0.932031 0.15625 0.135937 0.000102511
0 0.339063 0.465625 0.0796875 0.09375 0.000103464
0 0.384766 0.769141 0.291406 0.314844 0.000104865
0 0.703125 0.272656 0.14375 0.235938 0.000106367
0 0.385938 0.514453 0.134375 0.257031 0.000107019
0 0.342187 0.282031 0.075 0.0953125 0.000107943
0 0.282422 0.737109 0.142969 0.164844 0.000108581
0 0.363281 0.632812 0.0875 0.109375 0.000109062
0 0.641406 0.113672 0.08125 0.114844 0.000109177
0 0.803516 0.117578 0.132031 0.175781 0.00010966
0 0.819922 0.158594 0.0726563 0.0890625 0.000111472
0 0.326172 0.963281 0.144531 0.0734375 0.000112712
0 0.3625 0.410156 0.075 0.096875 0.000114624
0 0.252734 0.769531 0.160156 0.257812 0.000116252
0 0.296875 0.511328 0.084375 0.114844 0.000117863
0 0.810547 0.197656 0.0710938 0.1 0.000118232
0 0.28125 0.59375 0.0828125 0.10625 0.000119196
0 0.323438 0.302734 0.08125 0.113281 0.000119389
0 0.286328 0.894922 0.216406 0.210156 0.000119555
0 0.781641 0.425 0.155469 0.176563 0.00011961
0 0.614062 0.971484 0.126563 0.0570313 0.000120895
0 0.318359 0.389062 0.0867188 0.117188 0.000122642
0 0.290625 0.384766 0.10625 0.199219 0.000124201
0 0.404297 0.196094 0.0773437 0.1 0.000124615
0 0.324609 0.634766 0.0867188 0.113281 0.000127974
0 0.441016 0.0390625 0.233594 0.078125 0.000128293
0 0.300391 0.467969 0.0851562 0.110937 0.00013159
0 0.843359 0.387891 0.124219 0.189844 0.000135246
0 0.323438 0.2125 0.0625 0.09375 0.000146877
0 0.298438 0.552734 0.0828125 0.105469 0.000147028
0 0.814453 0.712891 0.355469 0.261719 0.000147494
0 0.383984 0.196875 0.107031 0.13125 0.000154316
0 0.381641 0.301953 0.114844 0.186719 0.000154357
0 0.736328 0.114453 0.128906 0.175781 0.000159083
0 0.4125 0.353906 0.15 0.353125 0.000159119
0 0.244531 0.287891 0.278125 0.524219 0.000159694
0 0.0761719 0.0929687 0.150781 0.173438 0.000159966
0 0.310937 0.198437 0.35 0.384375 0.000161195
0 0.466016 0.126563 0.146094 0.195312 0.000163398
0 0.360547 0.191797 0.0710938 0.0867188 0.000164541
0 0.359375 0.262109 0.115625 0.192969 0.000165311
0 0.804297 0.158594 0.107031 0.134375 0.000172383
0 0.738672 0.0324219 0.141406 0.0617188 0.000172684
0 0.735937 0.18125 0.289062 0.360938 0.000173961
0 0.342969 0.611719 0.0828125 0.107813 0.000174682
0 0.758594 0.300781 0.121875 0.1375 0.000182078
0 0.357812 0.46875 0.10625 0.167187 0.000183977
0 0.309766 0.323438 0.0945313 0.184375 0.000186998
0 0.381641 0.154297 0.128906 0.191406 0.000190812
0 0.339453 0.69375 0.142969 0.160938 0.000193789
0 0.323828 0.594922 0.0835937 0.105469 0.000194858
0 0.342187 0.181641 0.0703125 0.0914062 0.000195108
0 0.705078 0.604688 0.228906 0.264062 0.000195897
0 0.89375 0.392188 0.185937 0.646875 0.00020607
0 0.664062 0.132031 0.110937 0.173438 0.000206399
0 0.299609 0.317578 0.125781 0.313281 0.000207601
0 0.885938 0.530859 0.0890625 0.110156 0.000208323
0 0.0574219 0.0199219 0.114844 0.0398437 0.000208579
0 0.759375 0.154687 0.134375 0.154687 0.000211465
0 0.382812 0.364844 0.13125 0.228125 0.00021944
0 0.357422 0.444531 0.0679687 0.0984375 0.000235567
0 0.577734 0.966797 0.122656 0.0664062 0.000240968
0 0.358203 0.882812 0.242969 0.234375 0.000246116
0 0.332031 0.149609 0.170312 0.221094 0.000257274
0 0.376563 0.132031 0.345313 0.264062 0.000266591
0 0.696094 0.0480469 0.126563 0.0898438 0.000270918
0 0.805469 0.609766 0.148438 0.172656 0.000278896
0 0.317187 0.448438 0.0875 0.10625 0.000287635
0 0.679297 0.110937 0.0851562 0.110937 0.000294527
0 0.38125 0.426172 0.1125 0.177344 0.000301642
0 0.412109 0.480078 0.175781 0.403906 0.000307624
0 0.826563 0.449219 0.182812 0.207813 0.000307767
0 0.264062 0.700391 0.307813 0.455469 0.000320698
0 0.698438 0.152734 0.120312 0.186719 0.000330529
0 0.222656 0.139844 0.414062 0.279687 0.000335661
0 0.919141 0.590234 0.132031 0.253906 0.000335756
0 0.746875 0.669141 0.267188 0.227344 0.000337484
0 0.387891 0.071875 0.150781 0.117188 0.000346716
0 0.157031 0.0214844 0.232812 0.0429688 0.00034988
0 0.287891 0.469141 0.100781 0.192969 0.000350946
0 0.267969 0.616797 0.107813 0.200781 0.000354719
0 0.339844 0.429297 0.08125 0.100781 0.000366588
0 0.8375 0.235938 0.084375 0.134375 0.00036684
0 0.239844 0.0226563 0.2375 0.0421875 0.000377929
0 0.326172 0.182031 0.0742188 0.120312 0.000382742
0 0.327734 0.225391 0.0929687 0.202344 0.000392965
0 0.268359 0.510938 0.108594 0.25 0.000403526
0 0.258594 0.683203 0.13125 0.230469 0.000411532
0 0.829687 0.530859 0.153125 0.230469 0.000425512
0 0.770703 0.272266 0.166406 0.222656 0.000431694
0 0.341016 0.302344 0.103906 0.159375 0.000431735
0 0.683594 0.0769531 0.0875 0.111719 0.000470656
0 0.814844 0.260938 0.134375 0.190625 0.000499242
0 0.749219 0.525391 0.235938 0.342969 0.000502541
0 0.339844 0.366406 0.128125 0.198437 0.00054051
0 0.7375 0.0695312 0.171875 0.139062 0.00061156
0 0.153125 0.0972656 0.30625 0.194531 0.000654134
0 0.887109 0.630469 0.171094 0.173438 0.00067483
0 0.0746094 0.0300781 0.149219 0.0601562 0.000686226
0 0.842188 0.366406 0.165625 0.3625 0.000694689
0 0.402344 0.68125 0.229687 0.228125 0.0006972
0 0.339453 0.490234 0.133594 0.258594 0.000705706
0 0.349219 0.183984 0.110937 0.157031 0.00070829
0 0.116016 0.0617188 0.232031 0.123438 0.000743427
0 0.435937 0.0746094 0.207813 0.149219 0.000752149
0 0.364062 0.577344 0.157813 0.198437 0.000754999
0 0.755859 0.299219 0.225781 0.401563 0.000824264
0 0.260156 0.526563 0.151562 0.371875 0.000848431
0 0.830078 0.199219 0.0835937 0.134375 0.000862225
0 0.307422 0.811719 0.258594 0.3375 0.000910344
0 0.302734 0.675 0.141406 0.1875 0.000918344
0 0.307031 0.426953 0.104687 0.174219 0.000920185
0 0.848047 0.589063 0.149219 0.19375 0.000930277
0 0.26875 0.540234 0.282813 0.500781 0.000938185
0 0.329297 0.280859 0.116406 0.264844 0.000953697
0 0.277344 0.39375 0.173438 0.521875 0.00095926
0 0.373828 0.321484 0.274219 0.610156 0.000978889
0 0.358594 0.0605469 0.30625 0.121094 0.00105894
0 0.339844 0.428125 0.1125 0.151562 0.00119393
0 0.265625 0.0355469 0.301562 0.0695312 0.00121684
0 0.149219 0.0355469 0.289062 0.0710938 0.00135143
0 0.808594 0.202734 0.139062 0.189844 0.00143592
0 0.720703 0.16875 0.180469 0.265625 0.00145238
0 0.369531 0.208594 0.16875 0.317187 0.00150756
0 0.383203 0.116797 0.194531 0.225781 0.00163547
0 0.271875 0.0867188 0.390625 0.173438 0.00170834
0 0.862891 0.491797 0.163281 0.207031 0.00172196
0 0.382812 0.634766 0.16875 0.180469 0.00204137
0 0.301953 0.530469 0.117969 0.267188 0.00252364
0 0.3125 0.71875 0.221875 0.251563 0.00259579
0 0.853906 0.641406 0.270312 0.265625 0.00268193
0 0.324609 0.615234 0.135156 0.203906 0.00295054
0 0.873828 0.448047 0.177344 0.380469 0.00324474
0 0.201172 0.0527344 0.364844 0.105469 0.00405389
0 0.378125 0.567578 0.20625 0.305469 0.00412119
0 0.885547 0.553125 0.139844 0.240625 0.00478592
0 0.358594 0.316406 0.185937 0.4125 0.0058622
0 0.31875 0.404297 0.135937 0.314844 0.00591133
0 0.689844 0.0976562 0.128125 0.182812 0.00607417
0 0.276172 0.616797 0.146094 0.302344 0.00752329
0 0.791406 0.596875 0.320312 0.284375 0.00925696
0 0.345703 0.442969 0.200781 0.473437 0.0199297
0 0.80625 0.395703 0.26875 0.588281 0.0223413
0 0.338672 0.623047 0.221094 0.266406 0.0387991
0 0.308984 0.537891 0.167969 0.407031 0.0710184
0 0.849609 0.541016 0.228906 0.319531 0.129825
