0 0.725 0.203125 0.1 0.0875 0.000100224
0 0.25625 0.717578 0.109375 0.174219 0.000104505
0 0.226953 0.742578 0.0570313 0.0867188 0.00010756
0 0.811328 0.590625 0.128906 0.220313 0.000114379
0 0.33125 0.4875 0.167187 0.432813 0.000114586
0 0.595312 0.0480469 0.328125 0.0960938 0.000124815
0 0.842188 0.683984 0.248437 0.528906 0.000125936
0 0.30625 0.745313 0.196875 0.225 0.000129389
0 0.661328 0.656641 0.155469 0.238281 0.000147591
0 0.269922 0.513281 0.0929687 0.19375 0.000166814
0 0.311719 0.551562 0.140625 0.1875 0.000180132
0 0.386719 0.707031 0.109375 0.109375 0.000186191
0 0.301562 0.661719 0.278125 0.348437 0.000205855
0 0.769141 0.754297 0.180469 0.250781 0.000241865
0 0.490625 0.701953 0.421875 0.596094 0.000250882
0 0.553516 0.0308594 0.246094 0.0601562 0.000260962
0 0.298438 0.307813 0.0546875 0.0546875 0.000263846
0 0.237109 0.734375 0.0804688 0.125 0.000278982
0 0.280469 0.556641 0.0890625 0.117969 0.000308297
0 0.247656 0.683984 0.134375 0.286719 0.00030946
0 0.762891 0.631641 0.280469 0.417969 0.000318262
0 0.710156 0.611719 0.175 0.2625 0.000324326
0 0.758203 0.500391 0.141406 0.299219 0.000345517
0 0.780078 0.594531 0.0851562 0.11875 0.000376717
0 0.335547 0.606641 0.192969 0.282031 0.000598851
0 0.698047 0.691406 0.164844 0.210938 0.000775074
0 0.357812 0.672266 0.154687 0.169531 0.000820513
0 0.790234 0.532422 0.110156 0.250781 0.000976009
0 0.297656 0.494922 0.128125 0.333594 0.00106453
0 0.795703 0.678516 0.161719 0.347656 0.00113587
0 0.288281 0.655859 0.171875 0.258594 0.00191285
0 0.740625 0.684766 0.196875 0.267969 0.00297468
0 0.279687 0.564062 0.121875 0.253125 0.0105628
0 0.773828 0.604297 0.133594 0.258594 0.0114551
