0 0.773828 0.638281 0.102344 0.2625 0.000100665
0 0.428125 0.305859 0.151562 0.216406 0.000101304
0 0.493359 0.192969 0.192969 0.371875 0.000104914
0 0.261719 0.313281 0.390625 0.432813 0.000106205
0 0.0648438 0.783984 0.129688 0.392969 0.000107555
0 0.090625 0.0667969 0.18125 0.133594 0.000108134
0 0.323828 0.6125 0.144531 0.239063 0.000109183
0 0.263672 0.613281 0.103906 0.223438 0.000114251
0 0.660937 0.509375 0.179688 0.207813 0.000118191
0 0.114453 0.734375 0.228906 0.485938 0.000118515
0 0.269922 0.493359 0.108594 0.253906 0.000122119
0 0.648828 0.310547 0.142969 0.178906 0.000127906
0 0.752734 0.492188 0.111719 0.267188 0.000134868
0 0.408594 0.521875 0.210938 0.371875 0.000136224
0 0.654297 0.360156 0.185156 0.257812 0.000142181
0 0.0558594 0.959375 0.111719 0.0796875 0.000149479
0 0.0425781 0.60625 0.0789063 0.10625 0.000150625
0 0.232422 0.782422 0.369531 0.435156 0.000152292
0 0.902734 0.0347656 0.194531 0.0695312 0.000158393
0 0.392188 0.339063 0.175 0.214062 0.000167559
0 0.483984 0.0476562 0.135156 0.0921875 0.000176064
0 0.106641 0.433594 0.213281 0.371875 0.000196077
0 0.724219 0.738672 0.1375 0.202344 0.000197263
0 0.933984 0.0542969 0.130469 0.102344 0.000208213
0 0.137891 0.110547 0.275781 0.217969 0.000220644
0 0.326953 0.449609 0.192969 0.213281 0.000225814
0 0.697656 0.45 0.170312 0.207813 0.000249472
0 0.724609 0.614844 0.139844 0.264062 0.000249889
0 0.86875 0.0535156 0.21875 0.105469 0.000261237
0 0.259375 0.523438 0.16875 0.353125 0.000268943
0 0.63125 0.521484 0.220313 0.508594 0.000271612
0 0.184766 0.43125 0.369531 0.498437 0.000276941
0 0.770312 0.796875 0.171875 0.217187 0.000281132
0 0.345703 0.574609 0.222656 0.208594 0.000286436
0 0.410156 0.560938 0.292188 0.564062 0.000287196
0 0.0953125 0.864453 0.190625 0.271094 0.00032611
0 0.284375 0.726172 0.220313 0.410156 0.000385072
0 0.0355469 0.926953 0.0710938 0.146094 0.000385238
0 0.286719 0.572656 0.121875 0.2375 0.000471771
0 0.705469 0.758203 0.25 0.272656 0.000521932
0 0.138672 0.297266 0.277344 0.541406 0.000556027
0 0.271875 0.546094 0.320312 0.55 0.000598277
0 0.759375 0.696484 0.1375 0.261719 0.000703106
0 0.362109 0.492188 0.149219 0.254687 0.000809778
0 0.0617188 0.900781 0.123438 0.198437 0.000885954
0 0.669141 0.682031 0.269531 0.404687 0.000905373
0 0.716406 0.511328 0.142188 0.263281 0.000938492
0 0.382812 0.412109 0.195312 0.257031 0.000959124
0 0.787109 0.605469 0.242969 0.554688 0.00102127
0 0.298828 0.451562 0.230469 0.4 0.00190128
0 0.289062 0.601562 0.179688 0.390625 0.00224831
0 0.308203 0.510547 0.138281 0.264844 0.00452896
0 0.74375 0.569531 0.160938 0.423438 0.00506405
0 0.692969 0.426172 0.210938 0.385156 0.00537459
0 0.341797 0.666016 0.300781 0.574219 0.00903896
0 0.749219 0.690625 0.203125 0.3625 0.00983954
0 0.344141 0.533203 0.246094 0.441406 0.266074
0 0.701172 0.559375 0.249219 0.545313 0.321808
