0 0.353906 0.233984 0.1625 0.185156 0.000100311
0 0.888281 0.317578 0.135937 0.424219 0.000101063
0 0.801562 0.512891 0.142188 0.236719 0.000102513
0 0.688281 0.219922 0.120312 0.183594 0.000104473
0 0.387891 0.317969 0.135156 0.234375 0.000110702
0 0.197656 0.486719 0.0890625 0.107813 0.000112621
0 0.146875 0.450781 0.126563 0.25625 0.000123945
0 0.2 0.285937 0.121875 0.201562 0.00012593
0 0.744141 0.155469 0.130469 0.148438 0.000137079
0 0.913281 0.589844 0.15 0.21875 0.000137479
0 0.142969 0.586719 0.121875 0.19375 0.000140265
0 0.850391 0.509766 0.146094 0.210156 0.00014367
0 0.19375 0.585547 0.126563 0.139844 0.000144543
0 0.312109 0.319922 0.230469 0.480469 0.000144814
0 0.839063 0.589063 0.134375 0.154687 0.000148039
0 0.266406 0.598047 0.228125 0.161719 0.00014958
0 0.683203 0.298828 0.122656 0.164844 0.000157616
0 0.732813 0.122266 0.1 0.0773437 0.000161941
0 0.842188 0.236719 0.117188 0.165625 0.000162919
0 0.880078 0.366406 0.130469 0.229687 0.000178571
0 0.807813 0.366797 0.192188 0.192969 0.00017939
0 0.230859 0.385547 0.132031 0.267969 0.000180201
0 0.252734 0.490625 0.211719 0.2125 0.000195305
0 0.702734 0.444531 0.157031 0.276563 0.000196943
0 0.845703 0.572266 0.297656 0.305469 0.00021225
0 0.135937 0.397266 0.184375 0.519531 0.000222749
0 0.735547 0.355469 0.205469 0.271875 0.000223895
0 0.356641 0.586719 0.171094 0.139062 0.000231932
0 0.898047 0.451953 0.135156 0.214844 0.000267079
0 0.809375 0.16875 0.109375 0.110937 0.000276052
0 0.752344 0.203516 0.157813 0.207031 0.000358892
0 0.256641 0.226953 0.146094 0.183594 0.000361789
0 0.783984 0.186719 0.128906 0.151562 0.000365322
0 0.780078 0.571484 0.146094 0.166406 0.000370351
0 0.302344 0.482422 0.275 0.310156 0.000412531
0 0.173828 0.55625 0.0898438 0.110937 0.000423924
0 0.342969 0.538672 0.189063 0.211719 0.000424102
0 0.35625 0.384375 0.1875 0.373437 0.000463032
0 0.1375 0.518359 0.159375 0.311719 0.000471981
0 0.182422 0.412891 0.136719 0.208594 0.000522276
0 0.849609 0.408594 0.171094 0.173438 0.00063083
0 0.181641 0.344141 0.111719 0.257031 0.000654835
0 0.783984 0.310937 0.269531 0.367188 0.000664668
0 0.693359 0.549219 0.152344 0.225 0.000675469
0 0.261328 0.555859 0.297656 0.225781 0.000691338
0 0.215234 0.449609 0.0882813 0.0992187 0.000717522
0 0.219531 0.285156 0.164062 0.307813 0.000724145
0 0.846484 0.282031 0.152344 0.309375 0.000727396
0 0.816016 0.207813 0.147656 0.171875 0.000753507
0 0.777734 0.439453 0.271094 0.380469 0.000883401
0 0.895312 0.525781 0.18125 0.259375 0.000977787
0 0.735156 0.585547 0.1875 0.197656 0.00119326
0 0.844922 0.560547 0.200781 0.199219 0.00151381
0 0.733594 0.499609 0.19375 0.277344 0.00188935
0 0.257031 0.390234 0.265625 0.510156 0.00204267
0 0.202344 0.481641 0.26875 0.352344 0.00494195
0 0.833594 0.38125 0.221875 0.373437 0.00506155
0 0.213281 0.451562 0.142188 0.165625 0.00531761
0 0.174609 0.549219 0.135156 0.19375 0.00598391
0 0.776953 0.550781 0.225781 0.223438 0.00777488
0 0.867969 0.460156 0.2 0.298438 0.00967227
0 0.193359 0.364453 0.158594 0.382031 0.0140605
0 0.187891 0.4875 0.171094 0.273438 0.143554
