0 0.589844 0.03125 0.198437 0.0578125 0.000101801
0 0.263281 0.450781 0.190625 0.285937 0.000102912
0 0.970312 0.480859 0.059375 0.371094 0.000102979
0 0.551953 0.0472656 0.200781 0.0929687 0.000104159
0 0.226562 0.416406 0.107813 0.165625 0.000105633
0 0.938672 0.795313 0.122656 0.409375 0.000107283
0 0.297266 0.300781 0.0648438 0.0796875 0.000117948
0 0.698828 0.671875 0.166406 0.19375 0.000118317
0 0.317969 0.295703 0.121875 0.124219 0.00011956
0 0.765625 0.361328 0.04375 0.0507812 0.000119767
0 0.889453 0.554688 0.221094 0.792188 0.000120136
0 0.728516 0.523047 0.271094 0.608594 0.000123812
0 0.388281 0.0472656 0.146875 0.0898438 0.000130767
0 0.794531 0.61875 0.204688 0.353125 0.000133588
0 0.676562 0.316797 0.0609375 0.0554687 0.000134088
0 0.330078 0.483984 0.228906 0.352344 0.000135318
0 0.710938 0.340234 0.0890625 0.0929687 0.000135582
0 0.663281 0.731641 0.210938 0.327344 0.0001424
0 0.568359 0.0191406 0.163281 0.0367187 0.000142761
0 0.883984 0.815234 0.211719 0.361719 0.000143351
0 0.0253906 0.808594 0.0507812 0.382812 0.00014728
0 0.740234 0.323047 0.0617188 0.0742188 0.000147556
0 0.234766 0.802344 0.124219 0.167187 0.00014855
0 0.198047 0.543359 0.114844 0.224219 0.000148666
0 0.322266 0.615625 0.177344 0.19375 0.000150131
0 0.966797 0.264844 0.0664062 0.373437 0.000151221
0 0.273828 0.0308594 0.327344 0.0601562 0.000154137
0 0.342969 0.0199219 0.184375 0.0382813 0.00015751
0 0.861719 0.198437 0.270312 0.396875 0.000159061
0 0.511719 0.0714844 0.270312 0.141406 0.000161746
0 0.241406 0.700391 0.15 0.236719 0.000164854
0 0.728125 0.463672 0.134375 0.117969 0.00017189
0 0.354688 0.901172 0.307813 0.197656 0.00017277
0 0.703125 0.885938 0.267188 0.20625 0.000176026
0 0.3 0.277344 0.0828125 0.090625 0.000184651
0 0.939844 0.362109 0.120312 0.411719 0.000188084
0 0.967969 0.649609 0.0640625 0.616406 0.000205615
0 0.937109 0.0433594 0.125781 0.0835937 0.000207305
0 0.729688 0.445703 0.0921875 0.0914062 0.000207404
0 0.201953 0.611719 0.163281 0.398438 0.000221312
0 0.204688 0.0449219 0.379687 0.0898438 0.000224327
0 0.719531 0.820703 0.19375 0.199219 0.000228408
0 0.799219 0.720312 0.148438 0.265625 0.000235099
0 0.107031 0.03125 0.214062 0.059375 0.000237269
0 0.367188 0.358203 0.107813 0.0976562 0.000239953
0 0.971094 0.801562 0.05625 0.396875 0.000248196
0 0.914844 0.279687 0.170312 0.465625 0.000252603
0 0.709766 0.268359 0.0664062 0.0507812 0.000252717
0 0.684375 0.264453 0.0734375 0.0742188 0.000256012
0 0.363281 0.655859 0.140625 0.246094 0.000266334
0 0.755859 0.352344 0.0523437 0.0703125 0.000286124
0 0.512109 0.0195312 0.186719 0.0390625 0.000290516
0 0.857422 0.096875 0.285156 0.19375 0.000292607
0 0.387109 0.799219 0.178906 0.2125 0.000296734
0 0.945703 0.561328 0.103906 0.736719 0.000300016
0 0.219531 0.33125 0.0453125 0.078125 0.000319261
0 0.684766 0.303906 0.0851562 0.0828125 0.000346405
0 0.820703 0.821875 0.182031 0.209375 0.000355225
0 0.742969 0.716797 0.210938 0.214844 0.000356294
0 0.517578 0.0300781 0.247656 0.0570313 0.000381218
0 0.284375 0.655859 0.214062 0.210156 0.000389215
0 0.963672 0.135156 0.0726563 0.2625 0.000403132
0 0.8125 0.884375 0.23125 0.223438 0.000411937
0 0.429297 0.0933594 0.308594 0.186719 0.000414812
0 0.232812 0.492188 0.14375 0.196875 0.000438242
0 0.364062 0.0664062 0.309375 0.132812 0.000443791
0 0.241797 0.566797 0.196094 0.280469 0.000475548
0 0.423047 0.0203125 0.238281 0.0390625 0.000483888
0 0.938672 0.194531 0.122656 0.3875 0.000497052
0 0.235547 0.821875 0.186719 0.25 0.000505366
0 0.712109 0.304688 0.0664062 0.075 0.000555315
0 0.210156 0.733594 0.167187 0.34375 0.000576767
0 0.958594 0.0695312 0.0828125 0.139062 0.000734623
0 0.344922 0.359375 0.0742188 0.078125 0.000761786
0 0.325 0.698047 0.146875 0.233594 0.00083298
0 0.695703 0.644922 0.244531 0.427344 0.000857319
0 0.833594 0.655469 0.264062 0.548437 0.000962398
0 0.221094 0.485547 0.110937 0.122656 0.000987399
0 0.707812 0.807813 0.292188 0.317187 0.00114531
0 0.698828 0.282422 0.0695312 0.0851562 0.00122999
0 0.763672 0.780078 0.214844 0.213281 0.00124604
0 0.388281 0.0332031 0.229687 0.0648438 0.00130772
0 0.373828 0.721094 0.196094 0.301562 0.00152493
0 0.339063 0.614844 0.225 0.373437 0.00177072
0 0.926953 0.0945313 0.146094 0.189063 0.00184149
0 0.297266 0.814453 0.308594 0.330469 0.00210445
0 0.263281 0.571875 0.251563 0.4625 0.00272036
0 0.430078 0.0476562 0.292969 0.0953125 0.00324715
0 0.283594 0.737891 0.220313 0.216406 0.00751093
0 0.797266 0.802344 0.261719 0.335938 0.00976074
0 0.757422 0.717188 0.294531 0.451562 0.225024
0 0.290625 0.695703 0.278125 0.394531 0.327146
