0 0.279687 0.332422 0.0875 0.108594 0.00010739
0 0.627344 0.192578 0.195312 0.244531 0.000108807
0 0.396484 0.462891 0.319531 0.561719 0.000114801
0 0.3875 0.433984 0.0875 0.0992187 0.000124103
0 0.326172 0.225 0.150781 0.215625 0.000133489
0 0.765234 0.491797 0.147656 0.264844 0.000135162
0 0.357422 0.301953 0.197656 0.171094 0.000139467
0 0.217578 0.352344 0.166406 0.365625 0.00013984
0 0.665234 0.477734 0.221094 0.510156 0.000147423
0 0.733984 0.640234 0.313281 0.305469 0.000160413
0 0.839844 0.571094 0.145313 0.2125 0.000171006
0 0.281641 0.492188 0.136719 0.270312 0.000173574
0 0.26875 0.267969 0.0875 0.117188 0.000181768
0 0.723047 0.567578 0.149219 0.169531 0.000184909
0 0.658594 0.240234 0.090625 0.105469 0.000192966
0 0.802734 0.429688 0.132031 0.273438 0.000196035
0 0.249609 0.318359 0.0882813 0.113281 0.000206263
0 0.704297 0.196484 0.286719 0.267969 0.000211834
0 0.234766 0.649219 0.336719 0.370313 0.000222516
0 0.350781 0.649219 0.229687 0.225 0.000241111
0 0.678906 0.554688 0.146875 0.184375 0.000264736
0 0.698047 0.317969 0.194531 0.203125 0.000273642
0 0.410156 0.441016 0.135937 0.285156 0.000278157
0 0.642969 0.239844 0.129688 0.178125 0.000325668
0 0.634766 0.267969 0.167969 0.284375 0.000382479
0 0.325 0.513281 0.142188 0.248437 0.000387162
0 0.257812 0.246484 0.189063 0.227344 0.00039187
0 0.675781 0.262891 0.090625 0.110156 0.000392594
0 0.200781 0.630859 0.176563 0.282031 0.00039414
0 0.39375 0.608984 0.15625 0.235156 0.000405728
0 0.386328 0.446094 0.117969 0.148438 0.000531484
0 0.24375 0.533984 0.134375 0.230469 0.000539092
0 0.297656 0.336328 0.19375 0.185156 0.000575735
0 0.246875 0.340625 0.13125 0.221875 0.000618929
0 0.387109 0.219531 0.197656 0.240625 0.000631347
0 0.7125 0.260938 0.142188 0.15625 0.00067686
0 0.744922 0.273047 0.210156 0.242969 0.000752549
0 0.374219 0.408203 0.198437 0.438281 0.000879584
0 0.820703 0.512109 0.130469 0.264844 0.0010025
0 0.338281 0.573047 0.2125 0.207031 0.0010993
0 0.674609 0.276563 0.128906 0.165625 0.00206165
0 0.283203 0.571094 0.146094 0.182812 0.00212214
0 0.373828 0.522656 0.175781 0.314063 0.00269058
0 0.823047 0.589063 0.216406 0.30625 0.00282352
0 0.711719 0.560156 0.24375 0.239063 0.00287203
0 0.276563 0.298828 0.090625 0.102344 0.00295528
0 0.780859 0.55625 0.197656 0.207813 0.00487033
0 0.792188 0.415234 0.179688 0.416406 0.00606545
0 0.832812 0.478125 0.171875 0.435937 0.00705844
0 0.692578 0.315625 0.233594 0.3875 0.00708825
0 0.246094 0.468359 0.207813 0.513281 0.00753651
0 0.247656 0.59375 0.220313 0.259375 0.00826151
0 0.271875 0.339453 0.176563 0.349219 0.0142647
0 0.279687 0.298828 0.140625 0.147656 0.0144836
0 0.33125 0.264453 0.278125 0.316406 0.0145878
0 0.685938 0.239453 0.1875 0.228906 0.0164113
0 0.772266 0.523438 0.250781 0.346875 0.0781801
0 0.300781 0.552734 0.265625 0.308594 0.0897014
0 0.305859 0.275 0.202344 0.2125 0.0903678
0 0.310937 0.403516 0.271875 0.544531 0.19661
0 0.733203 0.389062 0.294531 0.575 0.257823
