0 0.340625 0.447266 0.0859375 0.0992187 0.000114618
0 0.806641 0.39375 0.274219 0.490625 0.000123197
0 0.803906 0.661719 0.1625 0.214062 0.000124262
0 0.34375 0.576953 0.117188 0.171094 0.000130999
0 0.840625 0.821094 0.090625 0.101562 0.000134292
0 0.362891 0.201953 0.122656 0.133594 0.000135873
0 0.698438 0.43125 0.0890625 0.107813 0.00014214
0 0.385938 0.271875 0.13125 0.235938 0.000143922
0 0.664844 0.407031 0.164062 0.19375 0.000150958
0 0.6 0.588281 0.129688 0.1625 0.000154607
0 0.236719 0.447266 0.139062 0.203906 0.000156479
0 0.257422 0.491016 0.116406 0.158594 0.000165227
0 0.171094 0.517969 0.15 0.4125 0.00017537
0 0.634766 0.230078 0.133594 0.142969 0.000175997
0 0.179297 0.399609 0.175781 0.453906 0.000188849
0 0.653906 0.551562 0.0875 0.10625 0.000195712
0 0.696094 0.549609 0.14375 0.153906 0.000195755
0 0.214062 0.591406 0.110937 0.125 0.000196575
0 0.257812 0.530859 0.171875 0.194531 0.000221339
0 0.633203 0.39375 0.233594 0.435937 0.000232193
0 0.761328 0.567969 0.136719 0.159375 0.000238415
0 0.727734 0.621875 0.328906 0.239063 0.000260828
0 0.276172 0.423047 0.149219 0.269531 0.000299164
0 0.717578 0.292188 0.161719 0.220313 0.000320354
0 0.307813 0.55625 0.154687 0.178125 0.000328801
0 0.648828 0.281641 0.197656 0.257031 0.000375151
0 0.196875 0.557422 0.139062 0.236719 0.000402316
0 0.752344 0.349219 0.139062 0.25625 0.000406739
0 0.723047 0.509766 0.142969 0.208594 0.00042268
0 0.827344 0.523828 0.14375 0.291406 0.000440643
0 0.205078 0.446094 0.121094 0.282813 0.000496079
0 0.340625 0.464844 0.126563 0.185937 0.000539385
0 0.685938 0.345703 0.135937 0.246094 0.000584133
0 0.300781 0.515234 0.207813 0.275781 0.000617676
0 0.803516 0.589844 0.147656 0.198437 0.000623036
0 0.653906 0.515625 0.135937 0.176563 0.000642283
0 0.623438 0.491406 0.173438 0.257812 0.000758599
0 0.337109 0.435156 0.178906 0.296875 0.000826847
0 0.242188 0.29375 0.151562 0.239063 0.000898847
0 0.351562 0.225781 0.160938 0.204688 0.000905374
0 0.702344 0.447656 0.15625 0.201562 0.00104003
0 0.782031 0.510156 0.13125 0.234375 0.00110376
0 0.251953 0.367578 0.138281 0.269531 0.00192448
0 0.740625 0.446875 0.146875 0.276563 0.00226053
0 0.313672 0.303125 0.228906 0.35625 0.00340176
0 0.764063 0.553516 0.215625 0.232031 0.00498005
0 0.652734 0.551953 0.199219 0.196094 0.00572674
0 0.692187 0.332422 0.204688 0.338281 0.00681234
0 0.220313 0.365625 0.14375 0.357812 0.00692103
0 0.789844 0.473047 0.178125 0.383594 0.0080796
0 0.719922 0.385938 0.133594 0.259375 0.00874308
0 0.221875 0.479297 0.189063 0.417969 0.0110208
0 0.69375 0.523047 0.292188 0.272656 0.0135011
0 0.733203 0.430078 0.211719 0.410156 0.227042
0 0.263672 0.392969 0.217969 0.454688 0.26832
