0 0.814453 0.758984 0.0601562 0.116406 0.000101424
0 0.385547 0.608594 0.149219 0.153125 0.000103262
0 0.815234 0.619922 0.0898438 0.180469 0.000103584
0 0.344531 0.385938 0.104687 0.210938 0.000105228
0 0.390625 0.242578 0.096875 0.124219 0.000108259
0 0.713281 0.451953 0.065625 0.0960938 0.000108958
0 0.781641 0.405859 0.100781 0.166406 0.000111452
0 0.50625 0.529688 0.13125 0.251563 0.000118665
0 0.733984 0.447266 0.127344 0.214844 0.000118697
0 0.511328 0.259375 0.0867188 0.114063 0.000121108
0 0.883203 0.713672 0.219531 0.572656 0.000123054
0 0.814062 0.244922 0.0484375 0.0601562 0.000127887
0 0.832422 0.521875 0.103906 0.35625 0.000131255
0 0.781641 0.75625 0.0867188 0.114063 0.000131556
0 0.800391 0.31875 0.0789063 0.10625 0.000131882
0 0.335547 0.298047 0.116406 0.242969 0.000132302
0 0.2875 0.605078 0.11875 0.122656 0.000133803
0 0.529297 0.430859 0.121094 0.207031 0.000136111
0 0.361328 0.320703 0.0664062 0.0898438 0.000139341
0 0.777734 0.679688 0.0804688 0.115625 0.000141265
0 0.764063 0.578906 0.128125 0.182812 0.000151171
0 0.0660156 0.707422 0.132031 0.516406 0.00015288
0 0.343359 0.472656 0.113281 0.189063 0.000156778
0 0.463672 0.221094 0.117969 0.107813 0.000160237
0 0.831641 0.612109 0.163281 0.433594 0.000163211
0 0.798437 0.701563 0.0625 0.117188 0.000169308
0 0.778906 0.3 0.0890625 0.09375 0.000170246
0 0.741016 0.267188 0.141406 0.142188 0.000175969
0 0.505078 0.633594 0.242969 0.232812 0.000176773
0 0.698438 0.528906 0.159375 0.371875 0.000197264
0 0.808594 0.255469 0.0734375 0.0890625 0.000197914
0 0.391797 0.35 0.138281 0.210938 0.000205385
0 0.447266 0.237109 0.0742188 0.0835937 0.000205483
0 0.797266 0.578125 0.108594 0.217187 0.000209289
0 0.465234 0.304297 0.0851562 0.108594 0.000213666
0 0.566016 0.677344 0.391406 0.314063 0.000214053
0 0.532422 0.192969 0.103906 0.09375 0.000218088
0 0.817578 0.284375 0.0710938 0.0890625 0.000229951
0 0.0988281 0.810938 0.197656 0.296875 0.000233039
0 0.759766 0.698828 0.0882813 0.114844 0.000237363
0 0.432031 0.319141 0.121875 0.150781 0.00026354
0 0.320703 0.557813 0.0882813 0.1 0.000263609
0 0.742578 0.485938 0.158594 0.345313 0.000272926
0 0.838281 0.435156 0.0796875 0.245312 0.00027959
0 0.524609 0.358984 0.124219 0.250781 0.000285954
0 0.329297 0.405859 0.128906 0.352344 0.000286138
0 0.359766 0.316406 0.0976562 0.154687 0.000290202
0 0.701172 0.617578 0.130469 0.261719 0.000303828
0 0.498437 0.271875 0.125 0.167187 0.00030612
0 0.468359 0.610156 0.132031 0.16875 0.000309506
0 0.428125 0.222266 0.0953125 0.0882813 0.000316751
0 0.715625 0.363281 0.167187 0.23125 0.000317069
0 0.308594 0.472266 0.114063 0.244531 0.000330706
0 0.406641 0.517969 0.208594 0.203125 0.000342025
0 0.800391 0.739062 0.0632813 0.114063 0.000345131
0 0.499219 0.221875 0.135937 0.148438 0.000349367
0 0.84375 0.383203 0.0546875 0.130469 0.000370033
0 0.766016 0.786328 0.192969 0.227344 0.00037814
0 0.469922 0.336719 0.124219 0.171875 0.000385305
0 0.289062 0.552344 0.109375 0.184375 0.000401434
0 0.819531 0.712109 0.289062 0.399219 0.000407682
0 0.483984 0.44375 0.169531 0.379687 0.000411144
0 0.777734 0.720312 0.0835937 0.11875 0.000444609
0 0.812109 0.682422 0.0851562 0.216406 0.00045163
0 0.720312 0.753125 0.225 0.19375 0.000477934
0 0.81875 0.344531 0.103125 0.159375 0.000498709
0 0.348437 0.597266 0.328125 0.300781 0.000534844
0 0.409375 0.272656 0.125 0.18125 0.000552521
0 0.708203 0.696875 0.147656 0.185937 0.000571073
0 0.40625 0.555469 0.140625 0.148438 0.000572836
0 0.603125 0.40625 0.235938 0.345313 0.000581697
0 0.801172 0.28125 0.108594 0.129688 0.000647482
0 0.429688 0.591016 0.140625 0.150781 0.000694171
0 0.440234 0.243359 0.119531 0.144531 0.000738297
0 0.813672 0.757031 0.0929687 0.18125 0.00075221
0 0.528906 0.398828 0.1875 0.333594 0.000773168
0 0.730469 0.573828 0.279687 0.442969 0.000785214
0 0.364844 0.571875 0.148438 0.142188 0.000922101
0 0.453906 0.369922 0.170312 0.308594 0.000970516
0 0.574609 0.51875 0.327344 0.459375 0.00100891
0 0.303516 0.575 0.0867188 0.090625 0.00105504
0 0.794922 0.357031 0.141406 0.235938 0.00105848
0 0.395312 0.625781 0.253125 0.201562 0.0010852
0 0.777344 0.643359 0.128125 0.211719 0.00110643
0 0.375781 0.415625 0.195312 0.414062 0.00113548
0 0.774609 0.303516 0.150781 0.158594 0.00131868
0 0.467187 0.567969 0.178125 0.235938 0.0017233
0 0.525391 0.550391 0.238281 0.299219 0.00173519
0 0.653125 0.632812 0.335938 0.340625 0.00184301
0 0.45625 0.287109 0.128125 0.188281 0.00241604
0 0.423828 0.480859 0.246094 0.360156 0.00244877
0 0.805469 0.647266 0.13125 0.297656 0.00270015
0 0.780078 0.491797 0.182031 0.469531 0.00270353
0 0.690234 0.696484 0.236719 0.239844 0.0039216
0 0.322266 0.589453 0.166406 0.139844 0.00407003
0 0.321094 0.528516 0.151562 0.216406 0.00565743
0 0.751172 0.705469 0.277344 0.3125 0.00578124
0 0.741406 0.619141 0.171875 0.335156 0.00811151
0 0.792578 0.723828 0.113281 0.227344 0.0153077
0 0.374609 0.571094 0.252344 0.192188 0.0267468
0 0.755469 0.698047 0.167187 0.249219 0.116316
