0 0.388672 0.258984 0.0976562 0.110156 0.000102116
0 0.935156 0.611328 0.121875 0.589844 0.00010212
0 0.723437 0.384766 0.075 0.0835937 0.000104076
0 0.281641 0.302344 0.0773437 0.096875 0.000104945
0 0.464063 0.530469 0.409375 0.778125 0.000105454
0 0.375391 0.572656 0.150781 0.2625 0.00011412
0 0.597266 0.266797 0.236719 0.446094 0.000120058
0 0.210938 0.441406 0.126563 0.33125 0.000128573
0 0.301953 0.361719 0.0789063 0.110937 0.00013528
0 0.246875 0.357422 0.123438 0.221094 0.000136099
0 0.8375 0.708984 0.184375 0.324219 0.00013664
0 0.392969 0.377344 0.392188 0.603125 0.00013854
0 0.284375 0.343359 0.0765625 0.103906 0.000139479
0 0.533203 0.0746094 0.403906 0.146094 0.000139933
0 0.301953 0.323828 0.0742188 0.102344 0.000142892
0 0.342578 0.299609 0.128906 0.160156 0.000144908
0 0.135547 0.132812 0.269531 0.265625 0.000146048
0 0.739844 0.401953 0.090625 0.113281 0.000146158
0 0.211328 0.478516 0.0960938 0.186719 0.000146407
0 0.927344 0.291016 0.142188 0.582031 0.00014662
0 0.803125 0.608203 0.117188 0.277344 0.000147753
0 0.736328 0.319141 0.0648438 0.0882813 0.000149306
0 0.394922 0.629297 0.141406 0.200781 0.000153613
0 0.305859 0.430469 0.138281 0.2125 0.000158588
0 0.735937 0.463281 0.171875 0.38125 0.000160319
0 0.752734 0.316797 0.119531 0.177344 0.000161719
0 0.696875 0.239453 0.14375 0.207031 0.000163403
0 0.3875 0.266406 0.146875 0.18125 0.000165584
0 0.724609 0.244141 0.0539063 0.0804688 0.000168742
0 0.391406 0.265625 0.239063 0.346875 0.000170191
0 0.2625 0.321484 0.09375 0.146094 0.000171875
0 0.285156 0.286328 0.109375 0.164844 0.000174537
0 0.862891 0.152344 0.269531 0.304688 0.000177273
0 0.801953 0.478906 0.0929687 0.192188 0.000179125
0 0.2 0.0753906 0.396875 0.150781 0.000181816
0 0.231641 0.373047 0.216406 0.483594 0.000187976
0 0.364453 0.0746094 0.467969 0.149219 0.000189845
0 0.866016 0.367188 0.257031 0.71875 0.000190419
0 0.902344 0.517578 0.195312 0.691406 0.000194349
0 0.669922 0.744922 0.142969 0.161719 0.000197835
0 0.201562 0.217578 0.389062 0.428906 0.000199995
0 0.301562 0.567969 0.3 0.371875 0.000204755
0 0.673828 0.644141 0.153906 0.250781 0.000219945
0 0.700391 0.302734 0.0742188 0.0773437 0.000229837
0 0.778125 0.291797 0.323438 0.447656 0.000240257
0 0.714453 0.738672 0.135156 0.157031 0.000242164
0 0.291406 0.298828 0.439063 0.508594 0.00025056
0 0.778516 0.554297 0.150781 0.353906 0.000253902
0 0.776563 0.440234 0.132812 0.203906 0.000254672
0 0.349219 0.475781 0.203125 0.407813 0.000255811
0 0.230859 0.442187 0.116406 0.198437 0.000270572
0 0.453125 0.269141 0.25625 0.527344 0.000276599
0 0.551562 0.355469 0.245312 0.525 0.000294102
0 0.752734 0.378125 0.146094 0.253125 0.000336127
0 0.704297 0.313281 0.224219 0.323438 0.000336883
0 0.734375 0.282031 0.0671875 0.104687 0.000342209
0 0.285937 0.4625 0.18125 0.36875 0.000348158
0 0.232812 0.552344 0.15 0.292188 0.000356595
0 0.721875 0.261328 0.078125 0.111719 0.000370228
0 0.378516 0.203906 0.436719 0.398438 0.000392682
0 0.301562 0.324609 0.096875 0.163281 0.000425185
0 0.377734 0.637109 0.116406 0.130469 0.000426416
0 0.279687 0.132812 0.484375 0.265625 0.000439406
0 0.612891 0.147266 0.407031 0.283594 0.000452828
0 0.697266 0.209766 0.427344 0.396094 0.000454043
0 0.275391 0.387109 0.128906 0.189844 0.000465238
0 0.729297 0.354297 0.100781 0.169531 0.00046744
0 0.349609 0.302734 0.197656 0.239844 0.000481784
0 0.760547 0.759375 0.205469 0.225 0.000501664
0 0.763281 0.655859 0.190625 0.319531 0.000527557
0 0.328516 0.365234 0.136719 0.203906 0.000527635
0 0.712891 0.315234 0.153906 0.211719 0.00058409
0 0.258984 0.629297 0.196094 0.222656 0.000702608
0 0.715625 0.308203 0.0890625 0.128906 0.00070981
0 0.608594 0.288281 0.395312 0.551562 0.000778837
0 0.299219 0.325781 0.148438 0.229687 0.000884442
0 0.51875 0.192578 0.323438 0.377344 0.00091629
0 0.344531 0.634375 0.0921875 0.09375 0.000936968
0 0.307031 0.591406 0.198437 0.226562 0.00103728
0 0.708984 0.717578 0.191406 0.230469 0.00183085
0 0.337109 0.631641 0.160156 0.160156 0.00378567
0 0.514844 0.365625 0.35 0.73125 0.00437643
