0 0.304297 0.185156 0.114844 0.132812 0.000101602
0 0.717969 0.236719 0.084375 0.1 0.000107907
0 0.719531 0.951563 0.175 0.096875 0.00010829
0 0.169141 0.571094 0.147656 0.307813 0.000108703
0 0.826172 0.318359 0.0929687 0.235156 0.000109909
0 0.943359 0.786719 0.113281 0.426562 0.000113199
0 0.209375 0.3875 0.084375 0.178125 0.000114065
0 0.811719 0.275391 0.05 0.0898438 0.000114511
0 0.410547 0.454688 0.135156 0.2 0.000117748
0 0.235938 0.444531 0.084375 0.109375 0.000117905
0 0.753516 0.256641 0.144531 0.246094 0.000120069
0 0.679688 0.283594 0.159375 0.284375 0.000120639
0 0.842188 0.386719 0.1 0.20625 0.000121969
0 0.423438 0.264453 0.146875 0.271094 0.00012272
0 0.833984 0.760156 0.285156 0.390625 0.000122853
0 0.662109 0.701953 0.199219 0.208594 0.000125522
0 0.279297 0.341797 0.0976562 0.166406 0.000126487
0 0.294531 0.353125 0.1625 0.310937 0.00013001
0 0.901172 0.708594 0.141406 0.482812 0.000130377
0 0.257812 0.301562 0.06875 0.0890625 0.000131432
0 0.8875 0.855859 0.214062 0.277344 0.000133039
0 0.834766 0.223828 0.0898438 0.192969 0.000134989
0 0.982422 0.271094 0.0351562 0.41875 0.000140874
0 0.839844 0.658984 0.134375 0.217969 0.000146334
0 0.80625 0.428125 0.075 0.096875 0.000150422
0 0.226562 0.346875 0.084375 0.178125 0.000152763
0 0.694922 0.488672 0.128906 0.292969 0.000156851
0 0.841797 0.509375 0.116406 0.26875 0.000161758
0 0.804688 0.714453 0.176563 0.213281 0.00016341
0 0.388672 0.520312 0.158594 0.270312 0.000164266
0 0.792578 0.158594 0.208594 0.2125 0.000171457
0 0.853516 0.802344 0.142969 0.2375 0.000173888
0 0.275 0.405859 0.121875 0.175781 0.000174233
0 0.688672 0.645703 0.282031 0.313281 0.000177693
0 0.807031 0.489453 0.128125 0.269531 0.000179356
0 0.202734 0.61875 0.141406 0.184375 0.000179719
0 0.979688 0.604688 0.0390625 0.442187 0.000179862
0 0.377734 0.279687 0.203906 0.348437 0.000185314
0 0.278906 0.219141 0.0609375 0.0742188 0.000191389
0 0.35 0.148828 0.175 0.153906 0.00020555
0 0.244531 0.302344 0.084375 0.140625 0.000210802
0 0.254687 0.44375 0.117188 0.15625 0.000211666
0 0.974219 0.775 0.05 0.4125 0.00023055
0 0.356641 0.672266 0.166406 0.189844 0.000234462
0 0.740625 0.691406 0.142188 0.196875 0.000240893
0 0.773438 0.443359 0.178125 0.347656 0.000256303
0 0.871484 0.609766 0.141406 0.460156 0.000257121
0 0.980859 0.437891 0.0351562 0.442969 0.000257337
0 0.640625 0.655859 0.154687 0.172656 0.000263889
0 0.289062 0.225 0.13125 0.195312 0.000270691
0 0.722266 0.598828 0.132031 0.266406 0.000286805
0 0.814844 0.305859 0.140625 0.319531 0.000286835
0 0.272266 0.236328 0.0789063 0.125781 0.000290339
0 0.282422 0.652344 0.0882813 0.110937 0.000304513
0 0.322266 0.61875 0.0929687 0.1125 0.000313402
0 0.820312 0.264453 0.0765625 0.124219 0.000322289
0 0.169141 0.647266 0.124219 0.167969 0.000322369
0 0.221875 0.409766 0.08125 0.111719 0.000323027
0 0.819531 0.429297 0.096875 0.158594 0.000342046
0 0.737109 0.304297 0.192969 0.385156 0.000348123
0 0.350391 0.393359 0.242969 0.483594 0.000413915
0 0.814844 0.403906 0.115625 0.29375 0.000438525
0 0.678125 0.552344 0.178125 0.320312 0.000449992
0 0.262109 0.269922 0.0882813 0.149219 0.00047344
0 0.742969 0.730469 0.278125 0.321875 0.000502107
0 0.697266 0.479297 0.238281 0.625781 0.000511798
0 0.305859 0.687891 0.144531 0.185156 0.00051424
0 0.285937 0.602734 0.146875 0.172656 0.000520815
0 0.389453 0.166406 0.200781 0.210938 0.000541928
0 0.246875 0.636328 0.15 0.152344 0.000588237
0 0.719922 0.235156 0.128906 0.15625 0.000640406
0 0.302734 0.636719 0.0929687 0.1125 0.000672477
0 0.798047 0.221094 0.169531 0.23125 0.000718182
0 0.202344 0.524219 0.151562 0.320312 0.000759163
0 0.798047 0.618359 0.144531 0.258594 0.000786826
0 0.256641 0.313281 0.119531 0.217187 0.000798767
0 0.294922 0.481641 0.307031 0.530469 0.000908366
0 0.835156 0.396875 0.126563 0.435937 0.00106843
0 0.336719 0.575 0.1875 0.284375 0.00116964
0 0.760938 0.639453 0.139062 0.200781 0.00154295
0 0.274219 0.698047 0.25625 0.224219 0.00160032
0 0.243359 0.383203 0.132031 0.191406 0.00243961
0 0.264453 0.482422 0.203906 0.399219 0.00247237
0 0.335938 0.622266 0.146875 0.169531 0.00354475
0 0.225781 0.434375 0.123438 0.20625 0.00379029
0 0.834375 0.687891 0.178125 0.349219 0.00406358
0 0.227344 0.655078 0.25 0.177344 0.00421584
0 0.702734 0.655078 0.207031 0.211719 0.00426801
0 0.827734 0.554297 0.163281 0.447656 0.00496196
0 0.240625 0.576953 0.220313 0.282031 0.00541006
0 0.745313 0.566797 0.228125 0.407031 0.00593093
0 0.745313 0.196875 0.201562 0.229687 0.0084379
0 0.778906 0.451562 0.242188 0.651563 0.0128065
0 0.779297 0.654688 0.232031 0.28125 0.039354
0 0.294141 0.644141 0.208594 0.180469 0.22175
