0 0.446094 0.221484 0.053125 0.0554687 0.000105412
0 0.717578 0.387109 0.153906 0.189844 0.000107993
0 0.717969 0.614844 0.0921875 0.101562 0.000109059
0 0.246094 0.616016 0.10625 0.185156 0.000109844
0 0.335547 0.276563 0.0726563 0.078125 0.000116477
0 0.423438 0.235938 0.0453125 0.053125 0.000118297
0 0.383594 0.633203 0.0875 0.0992187 0.000121497
0 0.776563 0.491797 0.3 0.416406 0.00012681
0 0.804688 0.730078 0.126563 0.167969 0.000126856
0 0.801953 0.536328 0.0992187 0.199219 0.000128127
0 0.853516 0.436719 0.192969 0.346875 0.00012966
0 0.811328 0.394922 0.158594 0.253906 0.000134611
0 0.028125 0.647656 0.0546875 0.41875 0.00013631
0 0.353125 0.259375 0.0890625 0.0765625 0.000150058
0 0.763281 0.616797 0.0890625 0.0976562 0.00015583
0 0.832422 0.651953 0.0617188 0.100781 0.000161101
0 0.698438 0.598828 0.0921875 0.110156 0.000169889
0 0.0480469 0.675781 0.0960938 0.648438 0.000171525
0 0.244141 0.435937 0.155469 0.276563 0.000180369
0 0.405859 0.571875 0.119531 0.171875 0.000195966
0 0.389062 0.493359 0.104687 0.125781 0.000202822
0 0.361328 0.514453 0.122656 0.192969 0.000255262
0 0.364844 0.557813 0.084375 0.1125 0.000262479
0 0.729688 0.495703 0.146875 0.196094 0.000262957
0 0.326953 0.613281 0.0882813 0.0953125 0.000269271
0 0.71875 0.511719 0.110937 0.115625 0.000270683
0 0.701172 0.646875 0.188281 0.14375 0.000333737
0 0.324609 0.691016 0.261719 0.185156 0.000354938
0 0.808203 0.486719 0.132031 0.348437 0.000360295
0 0.785937 0.632031 0.084375 0.0921875 0.000381758
0 0.733203 0.596094 0.271094 0.2625 0.000458493
0 0.326172 0.538672 0.163281 0.174219 0.000473897
0 0.407031 0.669531 0.148438 0.160938 0.00053243
0 0.832812 0.571875 0.126563 0.248437 0.000574497
0 0.808984 0.662891 0.0945313 0.107031 0.000575052
0 0.345313 0.595703 0.0890625 0.0945313 0.000648639
0 0.699609 0.535547 0.124219 0.183594 0.000688489
0 0.273438 0.563672 0.164062 0.210156 0.000696733
0 0.3125 0.508594 0.207813 0.289062 0.000818842
0 0.286719 0.633594 0.19375 0.167187 0.000836559
0 0.380469 0.591797 0.084375 0.105469 0.00107528
0 0.817969 0.630469 0.078125 0.125 0.00125239
0 0.683203 0.596875 0.142969 0.159375 0.0012576
0 0.766016 0.539062 0.178906 0.265625 0.00140306
0 0.328516 0.612109 0.139844 0.132031 0.00161539
0 0.317969 0.582422 0.273438 0.285156 0.00208633
0 0.379687 0.611328 0.134375 0.149219 0.00250971
0 0.771484 0.630469 0.163281 0.134375 0.0040975
0 0.355078 0.649609 0.199219 0.167969 0.00515035
0 0.802734 0.60625 0.116406 0.1625 0.00520477
0 0.362109 0.573828 0.142969 0.169531 0.00680381
0 0.732813 0.608203 0.2 0.150781 0.013229
0 0.327734 0.605078 0.200781 0.188281 0.0296279
