0 0.0699219 0.0632813 0.139844 0.126563 0.000103556
0 0.420703 0.760938 0.136719 0.2125 0.000103728
0 0.723828 0.55 0.219531 0.21875 0.000104949
0 0.150391 0.703125 0.217969 0.440625 0.000108962
0 0.982813 0.688672 0.034375 0.483594 0.000109771
0 0.296875 0.510156 0.090625 0.10625 0.000111055
0 0.242188 0.568359 0.0859375 0.110156 0.000114335
0 0.410937 0.344141 0.151562 0.197656 0.000116081
0 0.219922 0.696094 0.110156 0.196875 0.000120483
0 0.316797 0.549219 0.141406 0.234375 0.000148489
0 0.30625 0.716797 0.134375 0.164844 0.000155933
0 0.276172 0.473437 0.0898438 0.107813 0.000157455
0 0.363281 0.635156 0.128125 0.259375 0.000158363
0 0.672656 0.515625 0.196875 0.364062 0.000160608
0 0.110937 0.0394531 0.221875 0.0789063 0.000160912
0 0.194922 0.102344 0.389844 0.201562 0.000161208
0 0.365625 0.285547 0.13125 0.128906 0.000170222
0 0.677734 0.757031 0.103906 0.123438 0.000171496
0 0.365625 0.361328 0.134375 0.196094 0.000175566
0 0.0851562 0.105859 0.170312 0.210156 0.000176885
0 0.345313 0.757422 0.234375 0.177344 0.000203723
0 0.675781 0.697656 0.11875 0.189063 0.000207743
0 0.75 0.634375 0.110937 0.209375 0.000215507
0 0.7125 0.742969 0.145313 0.15625 0.00021656
0 0.683594 0.609375 0.1625 0.340625 0.00022514
0 0.325391 0.339453 0.171094 0.194531 0.000230564
0 0.662109 0.298828 0.164844 0.219531 0.000235369
0 0.701953 0.406641 0.186719 0.186719 0.000243273
0 0.0335938 0.566406 0.065625 0.528125 0.00024508
0 0.854688 0.0355469 0.289062 0.0710938 0.000251131
0 0.342187 0.682422 0.08125 0.113281 0.000264458
0 0.261328 0.678906 0.164844 0.190625 0.000264721
0 0.321094 0.426562 0.139062 0.259375 0.000267416
0 0.213281 0.683984 0.140625 0.313281 0.000295777
0 0.813281 0.718359 0.18125 0.216406 0.000300792
0 0.777344 0.639453 0.0765625 0.0929687 0.000307416
0 0.823047 0.484375 0.199219 0.36875 0.000310731
0 0.375391 0.721094 0.152344 0.195312 0.000330904
0 0.807813 0.487891 0.126563 0.172656 0.000350568
0 0.749609 0.484766 0.0898438 0.111719 0.000421255
0 0.799219 0.591016 0.128125 0.252344 0.00043051
0 0.316016 0.488672 0.174219 0.171094 0.00044954
0 0.301953 0.634766 0.141406 0.246094 0.000450136
0 0.376563 0.438281 0.182812 0.385938 0.000456709
0 0.66875 0.394141 0.196875 0.352344 0.000461207
0 0.0519531 0.5625 0.103906 0.721875 0.000532375
0 0.111328 0.550781 0.213281 0.645312 0.000543053
0 0.261719 0.398828 0.279687 0.411719 0.000552256
0 0.277344 0.570703 0.15 0.211719 0.000570703
0 0.221484 0.483984 0.114844 0.263281 0.000599648
0 0.726172 0.487109 0.141406 0.197656 0.000606834
0 0.273828 0.527734 0.0898438 0.107031 0.000609422
0 0.150391 0.0660156 0.299219 0.130469 0.000646487
0 0.400391 0.632812 0.160156 0.34375 0.000763847
0 0.766797 0.453516 0.0914062 0.117969 0.000786667
0 0.257031 0.497266 0.0921875 0.111719 0.000871075
0 0.778125 0.636719 0.1 0.157813 0.000942376
0 0.280469 0.363672 0.16875 0.242969 0.00100808
0 0.227344 0.571875 0.115625 0.270312 0.00110723
0 0.778125 0.673047 0.151562 0.217969 0.00111221
0 0.745313 0.626953 0.214062 0.357031 0.00134626
0 0.28125 0.719141 0.239063 0.235156 0.00141125
0 0.341016 0.680469 0.125781 0.171875 0.00142901
0 0.783203 0.411328 0.155469 0.266406 0.00153294
0 0.369531 0.520703 0.240625 0.594531 0.00171241
0 0.242969 0.527734 0.0859375 0.114844 0.00195947
0 0.780078 0.535547 0.133594 0.219531 0.00217353
0 0.2625 0.451953 0.125 0.210156 0.00219791
0 0.368359 0.314453 0.183594 0.191406 0.00250568
0 0.748828 0.430078 0.144531 0.197656 0.00256513
0 0.338281 0.685547 0.223438 0.258594 0.00510058
0 0.274609 0.510547 0.142969 0.166406 0.00520251
0 0.807813 0.602734 0.195312 0.425781 0.00666771
0 0.295703 0.657031 0.302344 0.375 0.00837217
0 0.780469 0.483203 0.090625 0.110156 0.010253
0 0.323047 0.388672 0.232031 0.324219 0.0103119
0 0.732031 0.413672 0.210938 0.325781 0.0246081
0 0.253125 0.608594 0.171875 0.379687 0.0327705
0 0.248828 0.519922 0.125781 0.250781 0.0344464
0 0.735547 0.532031 0.280469 0.503125 0.0411524
0 0.273047 0.485156 0.161719 0.3625 0.0439871
0 0.769141 0.476172 0.139844 0.188281 0.120065
0 0.295703 0.525 0.236719 0.528125 0.190853
0 0.769531 0.537109 0.16875 0.375781 0.232373
