0 0.835938 0.764844 0.125 0.275 0.000101884
0 0.028125 0.892578 0.05625 0.214844 0.000104864
0 0.932813 0.0433594 0.128125 0.0804688 0.000113569
0 0.255469 0.353125 0.16875 0.167187 0.000113751
0 0.969531 0.0914062 0.0609375 0.165625 0.000123607
0 0.187109 0.830078 0.374219 0.275781 0.000124459
0 0.842188 0.944531 0.125 0.109375 0.000128465
0 0.330469 0.569141 0.151562 0.338281 0.000132901
0 0.737891 0.951953 0.333594 0.0960938 0.000139283
0 0.761328 0.533203 0.122656 0.213281 0.000141406
0 0.610937 0.537109 0.128125 0.258594 0.000142479
0 0.745313 0.885547 0.154687 0.214844 0.000143675
0 0.699609 0.594922 0.208594 0.186719 0.000148584
0 0.794531 0.595703 0.1125 0.230469 0.000165226
0 0.662891 0.907031 0.372656 0.185937 0.000165409
0 0.223047 0.712109 0.152344 0.177344 0.000175697
0 0.762109 0.701953 0.144531 0.261719 0.000177648
0 0.327734 0.383984 0.171094 0.186719 0.000181564
0 0.285547 0.340234 0.0898438 0.100781 0.00019109
0 0.0894531 0.779297 0.160156 0.250781 0.000194702
0 0.134375 0.718359 0.1375 0.174219 0.000196811
0 0.916797 0.119531 0.164844 0.239063 0.0002009
0 0.610937 0.443359 0.1125 0.153906 0.000214121
0 0.267188 0.442578 0.221875 0.291406 0.000216392
0 0.856641 0.903516 0.130469 0.192969 0.000219441
0 0.896875 0.187109 0.20625 0.332031 0.00023944
0 0.607813 0.787109 0.189063 0.232031 0.000253915
0 0.241016 0.621875 0.250781 0.215625 0.000254078
0 0.279687 0.75625 0.195312 0.198437 0.000268186
0 0.717188 0.658984 0.242188 0.217969 0.000273911
0 0.766406 0.826172 0.15 0.196094 0.000279152
0 0.811719 0.957812 0.209375 0.084375 0.000284342
0 0.1625 0.642187 0.215625 0.209375 0.00029606
0 0.653516 0.522656 0.169531 0.34375 0.0003204
0 0.760547 0.616016 0.139844 0.228906 0.000333442
0 0.802344 0.721484 0.129688 0.278906 0.000362269
0 0.921094 0.0644531 0.157813 0.128906 0.000365595
0 0.18125 0.695312 0.15 0.179688 0.000367474
0 0.701172 0.742578 0.263281 0.211719 0.00038182
0 0.260547 0.789844 0.303906 0.251563 0.000385127
0 0.138672 0.760547 0.200781 0.174219 0.000386125
0 0.634766 0.466797 0.0945313 0.122656 0.000440891
0 0.628906 0.6125 0.126563 0.225 0.000470034
0 0.609766 0.702344 0.160156 0.215625 0.00047885
0 0.298047 0.494531 0.227344 0.485938 0.000638948
0 0.245312 0.659766 0.148438 0.164844 0.000719896
0 0.875391 0.856641 0.205469 0.285156 0.000732027
0 0.328125 0.719141 0.151562 0.258594 0.000783139
0 0.671875 0.400391 0.104687 0.0945313 0.000884735
0 0.127344 0.692969 0.196875 0.25625 0.000923378
0 0.648047 0.435547 0.138281 0.188281 0.00103786
0 0.800781 0.921094 0.214062 0.157813 0.0011171
0 0.803906 0.806641 0.142188 0.249219 0.00129033
0 0.741406 0.80625 0.26875 0.214062 0.00134643
0 0.698438 0.48125 0.20625 0.289062 0.00136843
0 0.663281 0.85 0.257812 0.296875 0.00165157
0 0.281641 0.694922 0.147656 0.192969 0.00256404
0 0.757812 0.6125 0.179688 0.36875 0.00258852
0 0.656641 0.654688 0.196094 0.282813 0.00269135
0 0.820703 0.867969 0.141406 0.254687 0.00329201
0 0.302734 0.349219 0.153906 0.15 0.00333936
0 0.166016 0.75625 0.280469 0.257812 0.00338894
0 0.165625 0.611328 0.245312 0.371094 0.00376603
0 0.661328 0.729297 0.253906 0.360156 0.00518855
0 0.794922 0.692187 0.200781 0.464063 0.0064428
0 0.29375 0.660156 0.195312 0.290625 0.0108309
0 0.819922 0.811328 0.207031 0.364844 0.0114947
0 0.760547 0.881641 0.296094 0.236719 0.0455966
0 0.228516 0.549609 0.311719 0.519531 0.0507826
0 0.716406 0.652344 0.284375 0.532812 0.0737552
0 0.727344 0.805078 0.31875 0.389844 0.139851
0 0.222266 0.696484 0.305469 0.278906 0.234991
