0 0.0667969 0.771484 0.133594 0.457031 0.000102267
0 0.896484 0.0324219 0.207031 0.0648438 0.000103769
0 0.351953 0.534375 0.174219 0.309375 0.00012418
0 0.402344 0.679297 0.1125 0.199219 0.000125774
0 0.242578 0.798047 0.0679687 0.0820312 0.000130032
0 0.782031 0.611328 0.190625 0.427344 0.000132883
0 0.0742188 0.885156 0.146875 0.229687 0.000137072
0 0.244531 0.739844 0.071875 0.109375 0.000140393
0 0.408594 0.782031 0.315625 0.340625 0.000142977
0 0.306641 0.498047 0.160156 0.250781 0.000160443
0 0.388281 0.535937 0.114063 0.235938 0.000162151
0 0.754687 0.594922 0.10625 0.200781 0.000166031
0 0.646094 0.679688 0.139062 0.2375 0.000166348
0 0.326562 0.659766 0.15 0.277344 0.000174168
0 0.721484 0.499609 0.169531 0.258594 0.000178503
0 0.381641 0.463281 0.122656 0.239063 0.000192576
0 0.720312 0.804297 0.184375 0.139844 0.00020347
0 0.410937 0.573047 0.110937 0.344531 0.000203924
0 0.244531 0.780078 0.09375 0.130469 0.00020858
0 0.103906 0.928125 0.175 0.14375 0.00021072
0 0.130469 0.763281 0.203125 0.473437 0.000245293
0 0.734766 0.53125 0.0789063 0.1 0.00025056
0 0.280859 0.572656 0.146094 0.29375 0.000261777
0 0.401563 0.615625 0.104687 0.195312 0.000308012
0 0.745703 0.754297 0.297656 0.347656 0.000310879
0 0.282422 0.775 0.142969 0.142188 0.000347918
0 0.269141 0.719141 0.307031 0.435156 0.000378472
0 0.777734 0.778125 0.0835937 0.1125 0.000420075
0 0.679688 0.733984 0.135937 0.192969 0.000427143
0 0.408594 0.395703 0.0734375 0.0789063 0.000434824
0 0.282422 0.680078 0.141406 0.282031 0.000459198
0 0.698047 0.577344 0.186719 0.209375 0.000470008
0 0.722656 0.529688 0.117188 0.135937 0.00047608
0 0.634375 0.646875 0.203125 0.326562 0.000478885
0 0.369922 0.6375 0.133594 0.264062 0.000532039
0 0.325 0.75625 0.15 0.160938 0.000631325
0 0.250781 0.739062 0.114063 0.182812 0.000856263
0 0.753125 0.657422 0.132812 0.278906 0.000861419
0 0.680078 0.635156 0.180469 0.217187 0.00102363
0 0.366016 0.721094 0.142969 0.234375 0.00152684
0 0.752344 0.751953 0.157813 0.216406 0.00157369
0 0.401953 0.769141 0.146094 0.203906 0.00186249
0 0.682031 0.536719 0.240625 0.49375 0.00268605
0 0.735156 0.579687 0.15625 0.314063 0.00283307
0 0.669141 0.716797 0.217969 0.253906 0.0028729
0 0.323438 0.789844 0.259375 0.20625 0.0038281
0 0.4 0.648047 0.153125 0.375781 0.00397617
0 0.288281 0.7375 0.196875 0.214062 0.0052753
0 0.715234 0.678906 0.175781 0.2125 0.00801151
0 0.325 0.614062 0.2375 0.459375 0.0154484
0 0.351953 0.7125 0.233594 0.303125 0.0603864
0 0.702734 0.650781 0.225781 0.35 0.324868
