0 0.780859 0.557031 0.0820312 0.1 0.000105804
0 0.348047 0.482422 0.0742188 0.113281 0.000107086
0 0.130469 0.90625 0.126563 0.170312 0.000107575
0 0.746094 0.573047 0.084375 0.0851562 0.000108859
0 0.721875 0.690625 0.145313 0.15625 0.000115615
0 0.684375 0.401172 0.0875 0.107031 0.000117709
0 0.407813 0.375781 0.125 0.126563 0.000122364
0 0.7625 0.535937 0.128125 0.195312 0.000133555
0 0.034375 0.930859 0.0640625 0.0929687 0.000134674
0 0.459375 0.464063 0.160938 0.23125 0.000139701
0 0.358984 0.7 0.228906 0.18125 0.000147695
0 0.157813 0.930859 0.06875 0.135156 0.000152592
0 0.465625 0.424609 0.0796875 0.0976562 0.00015299
0 0.677734 0.0488281 0.188281 0.0945313 0.00015947
0 0.458594 0.555078 0.195312 0.355469 0.000184187
0 0.323438 0.662109 0.309375 0.302344 0.000188254
0 0.421484 0.426562 0.0882813 0.104687 0.000192539
0 0.794141 0.558594 0.0929687 0.198437 0.000228619
0 0.337109 0.651563 0.0898438 0.10625 0.000237766
0 0.403516 0.595703 0.136719 0.183594 0.000251796
0 0.464063 0.677734 0.09375 0.0851562 0.000257566
0 0.0394531 0.906641 0.0679687 0.186719 0.000293443
0 0.667969 0.673047 0.154687 0.186719 0.000311632
0 0.776953 0.692187 0.152344 0.184375 0.000320231
0 0.282031 0.627344 0.107813 0.21875 0.000324063
0 0.458594 0.649219 0.110937 0.121875 0.000328964
0 0.78125 0.635156 0.0875 0.114063 0.00034907
0 0.469922 0.390625 0.135156 0.1625 0.000356792
0 0.680469 0.599219 0.1125 0.175 0.000370922
0 0.0914062 0.721484 0.182812 0.557031 0.000377889
0 0.356641 0.616406 0.0867188 0.103125 0.000380174
0 0.821875 0.614062 0.153125 0.320312 0.000412781
0 0.345703 0.536719 0.0992187 0.226562 0.000416322
0 0.424609 0.637891 0.135156 0.135156 0.000420138
0 0.728516 0.579687 0.194531 0.1875 0.000592452
0 0.383203 0.648438 0.142969 0.117188 0.000605185
0 0.790234 0.534766 0.147656 0.339844 0.000626104
0 0.338672 0.485938 0.297656 0.434375 0.000694554
0 0.360156 0.483984 0.109375 0.208594 0.000721652
0 0.453125 0.428125 0.121875 0.129688 0.000722002
0 0.363281 0.458203 0.0828125 0.113281 0.000756375
0 0.780859 0.592969 0.0867188 0.10625 0.000849141
0 0.425 0.672266 0.165625 0.116406 0.000849565
0 0.326172 0.577344 0.0867188 0.210938 0.00084965
0 0.353906 0.393359 0.129688 0.153906 0.000893411
0 0.398828 0.459766 0.174219 0.167969 0.00091098
0 0.70625 0.636719 0.153125 0.192188 0.00124787
0 0.733594 0.696484 0.245312 0.250781 0.0013333
0 0.370703 0.396094 0.0804688 0.110937 0.00133534
0 0.793359 0.650391 0.105469 0.219531 0.00159607
0 0.305469 0.670703 0.096875 0.150781 0.00163529
0 0.398438 0.408203 0.0921875 0.114844 0.00166704
0 0.324219 0.615625 0.0796875 0.109375 0.00229611
0 0.306641 0.556641 0.130469 0.380469 0.00245149
0 0.358203 0.617969 0.138281 0.160938 0.0031309
0 0.411719 0.476562 0.232812 0.370313 0.0056174
0 0.777734 0.601953 0.114844 0.202344 0.00612826
0 0.345703 0.435156 0.100781 0.167187 0.00865292
0 0.381641 0.574609 0.272656 0.382031 0.00928942
0 0.729688 0.528125 0.215625 0.4125 0.0093089
0 0.41875 0.404687 0.182812 0.164062 0.0100561
0 0.378516 0.639844 0.222656 0.171875 0.0195338
0 0.326562 0.619531 0.121875 0.215625 0.0404644
0 0.378125 0.422266 0.117188 0.160156 0.130226
0 0.356641 0.530469 0.161719 0.373437 0.28083
0 0.75 0.635938 0.182812 0.253125 0.380208
