0 0.888281 0.126953 0.223438 0.253906 0.000103094
0 0.323047 0.526563 0.0851562 0.10625 0.000105235
0 0.338281 0.231641 0.173438 0.219531 0.000105626
0 0.819141 0.757031 0.330469 0.425 0.000105978
0 0.896875 0.532422 0.0875 0.169531 0.000111031
0 0.781641 0.283984 0.192969 0.199219 0.000111894
0 0.367188 0.60625 0.1375 0.132812 0.000116156
0 0.970703 0.601562 0.0585938 0.378125 0.000119475
0 0.316406 0.448047 0.0890625 0.102344 0.000128484
0 0.741797 0.408594 0.144531 0.260938 0.000128793
0 0.403516 0.202734 0.0867188 0.108594 0.000131489
0 0.893359 0.384375 0.163281 0.489062 0.000133517
0 0.876953 0.065625 0.241406 0.13125 0.000134291
0 0.677344 0.378516 0.229687 0.402344 0.000136605
0 0.969922 0.805859 0.0601562 0.388281 0.000139594
0 0.270703 0.530078 0.146094 0.207031 0.000141049
0 0.919531 0.48125 0.153125 0.467187 0.000148364
0 0.804688 0.50625 0.151562 0.220313 0.000148803
0 0.823438 0.387109 0.090625 0.0976562 0.000149452
0 0.702734 0.550391 0.158594 0.189844 0.000166117
0 0.261719 0.599609 0.09375 0.0726563 0.000166437
0 0.342578 0.278906 0.0539063 0.0859375 0.000169508
0 0.942969 0.0664062 0.114063 0.132812 0.00017616
0 0.855859 0.388281 0.102344 0.167187 0.000182679
0 0.357031 0.364844 0.0859375 0.090625 0.000183421
0 0.454297 0.395312 0.221094 0.48125 0.000183801
0 0.387109 0.589063 0.0867188 0.096875 0.000189577
0 0.339453 0.326172 0.0851562 0.108594 0.000192208
0 0.741797 0.492969 0.152344 0.209375 0.000195128
0 0.423828 0.589844 0.333594 0.346875 0.000198117
0 0.31875 0.491016 0.084375 0.0992187 0.000210842
0 0.377734 0.3625 0.169531 0.160938 0.00021814
0 0.369141 0.555078 0.0929687 0.111719 0.000222641
0 0.782812 0.589063 0.2375 0.196875 0.000246621
0 0.942578 0.766016 0.114844 0.467969 0.000246883
0 0.422266 0.271875 0.160156 0.201562 0.000252916
0 0.457812 0.557422 0.209375 0.213281 0.000267254
0 0.273828 0.458594 0.288281 0.48125 0.000280462
0 0.740625 0.278516 0.201562 0.288281 0.000305913
0 0.357031 0.408594 0.14375 0.220313 0.000307366
0 0.421484 0.515234 0.132031 0.203906 0.000332602
0 0.847266 0.528125 0.147656 0.203125 0.000348558
0 0.34375 0.28125 0.0875 0.153125 0.000361619
0 0.396875 0.229297 0.114063 0.139844 0.000370718
0 0.277344 0.602734 0.140625 0.103906 0.000384978
0 0.842969 0.407813 0.0890625 0.104687 0.000395355
0 0.920313 0.614453 0.148438 0.341406 0.000420352
0 0.880859 0.689062 0.228906 0.39375 0.000427627
0 0.3 0.467187 0.084375 0.0890625 0.000470759
0 0.703516 0.480078 0.183594 0.308594 0.000530084
0 0.342187 0.607031 0.228125 0.170312 0.000538533
0 0.326562 0.365625 0.0859375 0.1 0.000538989
0 0.416797 0.588281 0.149219 0.171875 0.000571148
0 0.884375 0.56875 0.1 0.109375 0.000591309
0 0.784375 0.363281 0.192188 0.195312 0.00061567
0 0.834375 0.602734 0.3 0.403906 0.000739412
0 0.342578 0.469141 0.157031 0.217969 0.000850711
0 0.325781 0.385938 0.1125 0.164062 0.000888232
0 0.401172 0.553125 0.0851562 0.104687 0.000889181
0 0.344922 0.53125 0.147656 0.175 0.000916112
0 0.821484 0.336328 0.194531 0.335156 0.000932239
0 0.760547 0.551562 0.172656 0.173438 0.000986113
0 0.885938 0.5625 0.1375 0.173438 0.00102728
0 0.398438 0.3125 0.214062 0.342187 0.00119059
0 0.41875 0.485547 0.196875 0.297656 0.00120724
0 0.787109 0.448828 0.210156 0.224219 0.00123085
0 0.362109 0.289062 0.171094 0.235938 0.00127689
0 0.757422 0.326953 0.267969 0.444531 0.00154897
0 0.307813 0.510156 0.142188 0.189063 0.00175669
0 0.339844 0.344141 0.123438 0.175781 0.00192274
0 0.859375 0.588281 0.220313 0.239063 0.00217828
0 0.857422 0.451562 0.132031 0.267188 0.00286152
0 0.304297 0.447656 0.121094 0.24375 0.0035388
0 0.826953 0.408984 0.139844 0.217969 0.00384048
0 0.761719 0.523828 0.251563 0.272656 0.00461885
0 0.300391 0.441016 0.161719 0.371094 0.00583292
0 0.330859 0.370313 0.146094 0.3375 0.00626054
0 0.386719 0.557031 0.167187 0.171875 0.0141795
0 0.840625 0.498437 0.196875 0.315625 0.0228385
0 0.331641 0.526172 0.219531 0.258594 0.036662
0 0.363281 0.416016 0.24375 0.457031 0.25062
0 0.801562 0.430469 0.245312 0.409375 0.291702
