0 0.299609 0.301172 0.0851562 0.107031 0.000100263
0 0.898828 0.705859 0.153906 0.527344 0.000103568
0 0.816406 0.240625 0.0765625 0.096875 0.0001058
0 0.775391 0.317187 0.294531 0.375 0.000108882
0 0.591406 0.464453 0.435937 0.771094 0.000113154
0 0.316016 0.320703 0.111719 0.169531 0.000115716
0 0.854688 0.554688 0.09375 0.246875 0.000116185
0 0.858203 0.676172 0.102344 0.189844 0.000121277
0 0.348828 0.392188 0.285156 0.5125 0.000122829
0 0.742969 0.720312 0.140625 0.165625 0.000125309
0 0.298047 0.676562 0.307031 0.326562 0.000125426
0 0.25625 0.355469 0.151562 0.323438 0.000128377
0 0.825 0.468359 0.104687 0.186719 0.000129999
0 0.727734 0.225781 0.203906 0.176563 0.000137972
0 0.783984 0.244141 0.0742188 0.0820312 0.000138
0 0.808594 0.530469 0.123438 0.257812 0.000143943
0 0.854688 0.860937 0.257812 0.264062 0.000145996
0 0.529688 0.132812 0.442187 0.253125 0.000146216
0 0.708203 0.142969 0.394531 0.275 0.000146618
0 0.412891 0.277734 0.169531 0.249219 0.000149913
0 0.807422 0.40625 0.119531 0.242188 0.000154986
0 0.872266 0.523047 0.153906 0.528906 0.000169165
0 0.302734 0.264844 0.107031 0.18125 0.000175932
0 0.31875 0.224609 0.235938 0.300781 0.000182132
0 0.430078 0.196875 0.141406 0.151562 0.000188773
0 0.604297 0.183594 0.419531 0.367188 0.000194152
0 0.724609 0.213672 0.278906 0.269531 0.000200698
0 0.801172 0.257031 0.0757812 0.090625 0.000207067
0 0.391016 0.618359 0.138281 0.155469 0.000219112
0 0.785156 0.482031 0.2875 0.570312 0.000240547
0 0.240625 0.686328 0.171875 0.286719 0.000282659
0 0.844141 0.615625 0.107031 0.2125 0.000300233
0 0.806641 0.657422 0.130469 0.207031 0.000306015
0 0.374219 0.144922 0.325 0.275781 0.000318323
0 0.266797 0.405469 0.100781 0.265625 0.000340865
0 0.745313 0.283203 0.195312 0.247656 0.000377635
0 0.786719 0.39375 0.167187 0.385938 0.000401193
0 0.785937 0.239063 0.114063 0.120312 0.0004151
0 0.350391 0.604688 0.224219 0.223438 0.000417677
0 0.251563 0.520703 0.128125 0.378906 0.000421176
0 0.835156 0.441406 0.121875 0.323438 0.000441667
0 0.700781 0.654297 0.164062 0.222656 0.000445396
0 0.308984 0.532031 0.291406 0.460938 0.000455211
0 0.399609 0.191016 0.210156 0.214844 0.000526625
0 0.754297 0.560938 0.213281 0.379687 0.000593435
0 0.330078 0.294922 0.163281 0.239844 0.000613231
0 0.775391 0.763281 0.261719 0.207813 0.000636717
0 0.318359 0.385547 0.160156 0.339844 0.000640526
0 0.841406 0.758594 0.204688 0.295312 0.000666028
0 0.808203 0.266797 0.110156 0.167969 0.000750566
0 0.807422 0.314453 0.138281 0.280469 0.00109652
0 0.294141 0.332812 0.121094 0.246875 0.00141558
0 0.292188 0.601562 0.21875 0.3 0.00154663
0 0.84375 0.682031 0.145313 0.273438 0.00210708
0 0.841797 0.568359 0.127344 0.386719 0.0021899
0 0.753125 0.700391 0.228125 0.221094 0.00235043
0 0.813672 0.480469 0.150781 0.479688 0.00239383
0 0.280469 0.460156 0.134375 0.429688 0.00391388
0 0.810547 0.634375 0.185156 0.328125 0.00615651
