0 0.344141 0.534375 0.144531 0.13125 0.0001002
0 0.838281 0.384375 0.120312 0.270312 0.000109114
0 0.298438 0.533594 0.145313 0.15625 0.000110382
0 0.276953 0.442969 0.0867188 0.107813 0.000128947
0 0.399609 0.401172 0.150781 0.149219 0.000129005
0 0.425 0.531641 0.117188 0.135156 0.00013577
0 0.833594 0.465625 0.1375 0.271875 0.000136109
0 0.101172 0.632422 0.202344 0.735156 0.000147773
0 0.798047 0.635547 0.222656 0.160156 0.000148854
0 0.866016 0.381641 0.0835937 0.108594 0.000151243
0 0.891016 0.347266 0.132031 0.250781 0.00015569
0 0.429297 0.438281 0.110156 0.165625 0.000157668
0 0.914062 0.554688 0.104687 0.175 0.000166873
0 0.705859 0.562109 0.136719 0.174219 0.000167729
0 0.255859 0.518359 0.289844 0.344531 0.000173627
0 0.349219 0.314063 0.19375 0.225 0.000179023
0 0.249609 0.448828 0.107031 0.236719 0.000181744
0 0.9 0.567969 0.0859375 0.114063 0.000192392
0 0.387109 0.508203 0.135156 0.199219 0.000195263
0 0.802734 0.573438 0.141406 0.123438 0.000215824
0 0.276953 0.567969 0.133594 0.10625 0.000219318
0 0.319531 0.469531 0.140625 0.235938 0.00022045
0 0.866406 0.567187 0.0875 0.107813 0.000225455
0 0.314063 0.386719 0.145313 0.16875 0.000252658
0 0.844141 0.587891 0.132031 0.102344 0.000261094
0 0.302344 0.335156 0.110937 0.153125 0.000288606
0 0.740234 0.532031 0.196094 0.215625 0.000305201
0 0.814062 0.317187 0.295312 0.403125 0.000305842
0 0.384766 0.447656 0.207031 0.270312 0.000323558
0 0.827734 0.535547 0.141406 0.152344 0.000335633
0 0.283984 0.369922 0.0835937 0.108594 0.000347749
0 0.778516 0.458984 0.227344 0.325781 0.000388179
0 0.849609 0.306641 0.0804688 0.119531 0.000388837
0 0.891797 0.587109 0.128906 0.167969 0.000447372
0 0.423828 0.485938 0.141406 0.235938 0.000453909
0 0.310547 0.423438 0.289844 0.435937 0.000507096
0 0.28125 0.40625 0.0875 0.109375 0.000508731
0 0.868359 0.40625 0.105469 0.214062 0.000602703
0 0.834766 0.306641 0.111719 0.180469 0.000687745
0 0.869141 0.492578 0.113281 0.199219 0.000753388
0 0.896875 0.465625 0.10625 0.282813 0.000887746
0 0.383984 0.557422 0.177344 0.119531 0.000933713
0 0.239063 0.552344 0.0984375 0.13125 0.00105335
0 0.328516 0.40625 0.207031 0.275 0.00141779
0 0.863281 0.344141 0.078125 0.119531 0.0017807
0 0.908203 0.473828 0.149219 0.432031 0.00180295
0 0.779688 0.590234 0.226562 0.160156 0.00192326
0 0.298828 0.564453 0.232031 0.149219 0.0022048
0 0.255859 0.521484 0.132031 0.225781 0.00394785
0 0.846484 0.444531 0.272656 0.429688 0.00435351
0 0.885938 0.537109 0.103125 0.132031 0.00437116
0 0.339063 0.523438 0.257812 0.217187 0.00568325
0 0.277734 0.403516 0.117969 0.207031 0.00632855
0 0.828125 0.54375 0.21875 0.207813 0.0096259
0 0.8625 0.559375 0.160938 0.146875 0.0131675
0 0.281641 0.465234 0.157031 0.296094 0.0219591
0 0.860937 0.342578 0.104687 0.203906 0.0234989
0 0.870703 0.430078 0.139844 0.378906 0.140201
