0 0.611328 0.596875 0.0898438 0.110937 0.000100797
0 0.0164062 0.0289063 0.0328125 0.0578125 0.000107017
0 0.552344 0.515234 0.157813 0.372656 0.000107849
0 0.724219 0.453906 0.059375 0.101562 0.000108367
0 0.715234 0.407813 0.117969 0.215625 0.000112699
0 0.326953 0.593359 0.0835937 0.113281 0.000113219
0 0.675781 0.495703 0.13125 0.200781 0.000116075
0 0.385938 0.259375 0.05 0.0546875 0.000116186
0 0.735937 0.697656 0.071875 0.104687 0.000117638
0 0.960547 0.028125 0.0757812 0.05625 0.000117945
0 0.310547 0.420312 0.303906 0.45625 0.000118302
0 0.630078 0.619531 0.0898438 0.107813 0.000122115
0 0.323828 0.446094 0.130469 0.204688 0.000124779
0 0.698047 0.513281 0.100781 0.145313 0.000125586
0 0.364453 0.319141 0.0664062 0.0914062 0.000125987
0 0.235938 0.651563 0.0921875 0.104687 0.000129795
0 0.630469 0.472266 0.125 0.227344 0.000131629
0 0.323047 0.636328 0.0835937 0.113281 0.000132849
0 0.257031 0.633594 0.0890625 0.107813 0.000135149
0 0.719141 0.532812 0.0726563 0.104687 0.000139331
0 0.733594 0.570312 0.0765625 0.109375 0.000142744
0 0.691016 0.341797 0.0929687 0.139844 0.000143001
0 0.591016 0.512109 0.0835937 0.0976562 0.000150149
0 0.750391 0.617578 0.0992187 0.213281 0.000170055
0 0.740234 0.479688 0.0773437 0.178125 0.000174936
0 0.0492188 0.025 0.0984375 0.05 0.000175878
0 0.551953 0.599609 0.133594 0.257031 0.000178056
0 0.223047 0.537891 0.103906 0.216406 0.000196075
0 0.748047 0.724219 0.0960938 0.160938 0.000203625
0 0.720312 0.676953 0.0796875 0.103906 0.000204
0 0.285547 0.401172 0.0960938 0.132031 0.000221382
0 0.927344 0.0148437 0.090625 0.0296875 0.000222333
0 0.367969 0.289844 0.075 0.09375 0.000225094
0 0.295703 0.702344 0.235156 0.185937 0.000225654
0 0.391797 0.38125 0.111719 0.196875 0.00023316
0 0.215625 0.599609 0.0828125 0.117969 0.000241303
0 0.178125 0.566016 0.146875 0.341406 0.000242611
0 0.380859 0.434766 0.130469 0.177344 0.00024513
0 0.944922 0.0441406 0.105469 0.0835937 0.000249246
0 0.597266 0.685156 0.346094 0.376563 0.000249898
0 0.594531 0.619141 0.0875 0.107031 0.000253732
0 0.210547 0.492969 0.160156 0.39375 0.000264632
0 0.585938 0.451172 0.146875 0.360156 0.000269694
0 0.732422 0.628516 0.289844 0.347656 0.000286174
0 0.236328 0.616016 0.0898438 0.107031 0.000295395
0 0.660937 0.344922 0.09375 0.144531 0.000327701
0 0.278125 0.438281 0.14375 0.232812 0.000353015
0 0.719922 0.535547 0.0898438 0.171094 0.000368198
0 0.361719 0.321875 0.10625 0.15 0.00038369
0 0.184766 0.671875 0.0679687 0.1 0.000405198
0 0.634766 0.541016 0.153906 0.208594 0.000406069
0 0.317187 0.351953 0.120312 0.163281 0.000408
0 0.722266 0.488672 0.0664062 0.119531 0.000548815
0 0.6125 0.637891 0.0921875 0.105469 0.000610052
0 0.369141 0.523828 0.121094 0.274219 0.000631026
0 0.318359 0.438281 0.191406 0.290625 0.000656988
0 0.671875 0.316016 0.075 0.100781 0.000691845
0 0.696875 0.655859 0.1375 0.172656 0.000700901
0 0.734375 0.575391 0.09375 0.197656 0.000708409
0 0.302344 0.576953 0.153125 0.222656 0.000708952
0 0.216016 0.634766 0.0914062 0.111719 0.000732106
0 0.594141 0.512891 0.111719 0.208594 0.000778742
0 0.928516 0.0261719 0.127344 0.0523437 0.00097108
0 0.346484 0.570703 0.0820312 0.0976562 0.000981335
0 0.687109 0.401953 0.136719 0.285156 0.0010149
0 0.714453 0.491016 0.121094 0.299219 0.00102804
0 0.652734 0.637109 0.146094 0.167969 0.00114353
0 0.345703 0.389844 0.155469 0.182812 0.00119531
0 0.307422 0.385547 0.0882813 0.102344 0.00127208
0 0.73125 0.685156 0.1375 0.228125 0.00135472
0 0.677344 0.574219 0.15 0.253125 0.0017983
0 0.201172 0.662891 0.108594 0.144531 0.00188791
0 0.316406 0.653906 0.167187 0.18125 0.00189473
0 0.673828 0.709375 0.241406 0.203125 0.00194925
0 0.349219 0.557031 0.109375 0.154687 0.00224939
0 0.257422 0.614062 0.149219 0.175 0.0034213
0 0.598437 0.636328 0.129688 0.172656 0.00421828
0 0.244141 0.666797 0.194531 0.180469 0.00581815
0 0.718359 0.610156 0.135156 0.285937 0.00798919
0 0.339063 0.605859 0.134375 0.219531 0.00814312
0 0.619141 0.668359 0.194531 0.188281 0.00895082
0 0.207422 0.608203 0.117969 0.227344 0.0143415
0 0.601953 0.557031 0.157031 0.304688 0.0183932
0 0.296094 0.523047 0.2375 0.397656 0.0200196
0 0.236719 0.569531 0.164062 0.28125 0.0202627
0 0.642578 0.503125 0.210156 0.410937 0.0232148
0 0.645703 0.615625 0.228906 0.278125 0.104953
0 0.276953 0.620313 0.236719 0.229687 0.159272
