0 0.760156 0.303516 0.065625 0.0773437 0.000100843
0 0.216797 0.482422 0.110156 0.336719 0.000104475
0 0.321875 0.5125 0.140625 0.23125 0.000112248
0 0.407813 0.972266 0.065625 0.0539063 0.000114553
0 0.807422 0.344531 0.0585938 0.096875 0.000116008
0 0.420703 0.317969 0.142969 0.1875 0.000116092
0 0.532422 0.519141 0.577344 0.961719 0.000122191
0 0.548437 0.292578 0.370313 0.502344 0.000125487
0 0.762109 0.63125 0.160156 0.165625 0.00012888
0 0.3 0.607422 0.209375 0.189844 0.000129739
0 0.275391 0.314063 0.139844 0.234375 0.000131306
0 0.696484 0.302344 0.0851562 0.109375 0.000131478
0 0.819531 0.571875 0.084375 0.107813 0.000136548
0 0.778516 0.517187 0.0851562 0.109375 0.000153554
0 0.799609 0.363672 0.100781 0.219531 0.000163022
0 0.697266 0.406641 0.172656 0.200781 0.000165453
0 0.479688 0.366406 0.40625 0.732813 0.000175073
0 0.762891 0.387109 0.127344 0.267969 0.000179178
0 0.733594 0.241016 0.154687 0.146094 0.000185295
0 0.801953 0.591406 0.0882813 0.10625 0.0001853
0 0.239844 0.590234 0.090625 0.107031 0.000190186
0 0.397266 0.216016 0.191406 0.225781 0.000190696
0 0.267969 0.365234 0.107813 0.203906 0.000197647
0 0.759375 0.303516 0.0984375 0.111719 0.000212074
0 0.661719 0.249219 0.2875 0.309375 0.000213342
0 0.799609 0.555469 0.0914062 0.109375 0.000226702
0 0.824219 0.485547 0.140625 0.325781 0.000227569
0 0.280469 0.493359 0.135937 0.213281 0.000242892
0 0.744531 0.446484 0.125 0.235156 0.000245254
0 0.354688 0.982813 0.05 0.028125 0.000254375
0 0.403906 0.983594 0.0953125 0.0328125 0.000268582
0 0.312891 0.342187 0.0835937 0.104687 0.000276212
0 0.253516 0.403906 0.136719 0.340625 0.000285298
0 0.812891 0.548437 0.277344 0.31875 0.000300479
0 0.242188 0.512109 0.125 0.242969 0.000364601
0 0.260156 0.570312 0.0859375 0.104687 0.000370992
0 0.385156 0.473047 0.184375 0.347656 0.000377336
0 0.65625 0.425 0.132812 0.203125 0.000383674
0 0.419922 0.344922 0.174219 0.316406 0.000390001
0 0.40625 0.983594 0.0625 0.028125 0.000399216
0 0.636328 0.382812 0.0804688 0.0984375 0.000432673
0 0.682031 0.596484 0.140625 0.192969 0.000434642
0 0.681641 0.548828 0.303906 0.533594 0.00043886
0 0.348047 0.245703 0.191406 0.155469 0.00044326
0 0.714844 0.341016 0.14375 0.186719 0.000522404
0 0.370313 0.257422 0.296875 0.280469 0.000524716
0 0.748828 0.313281 0.142969 0.189063 0.000552374
0 0.407031 0.263672 0.090625 0.0882813 0.00060555
0 0.796484 0.412891 0.130469 0.366406 0.000790407
0 0.806641 0.619922 0.150781 0.177344 0.000802749
0 0.327734 0.413672 0.294531 0.478906 0.000813543
0 0.658984 0.24375 0.164844 0.192188 0.000828991
0 0.824609 0.567578 0.130469 0.197656 0.000905953
0 0.7625 0.55 0.084375 0.1 0.000959523
0 0.782812 0.491797 0.129688 0.235156 0.00104818
0 0.364062 0.984766 0.075 0.0304688 0.00109309
0 0.337109 0.562891 0.214844 0.203906 0.00114204
0 0.724609 0.573047 0.205469 0.199219 0.00114919
0 0.743359 0.516016 0.158594 0.202344 0.0012199
0 0.712891 0.282813 0.135156 0.175 0.0012425
0 0.299609 0.405859 0.110156 0.271094 0.00147728
0 0.279297 0.570312 0.133594 0.148438 0.00155198
0 0.310547 0.543359 0.294531 0.324219 0.00157351
0 0.369531 0.975781 0.0640625 0.0484375 0.00160745
0 0.652344 0.366406 0.126563 0.1625 0.00170132
0 0.383203 0.982031 0.0632813 0.03125 0.00179357
0 0.683984 0.535937 0.174219 0.278125 0.00209141
0 0.241797 0.5875 0.139844 0.189063 0.00226837
0 0.292188 0.350781 0.090625 0.145313 0.0027624
0 0.765625 0.552734 0.123438 0.152344 0.00380887
0 0.406641 0.264062 0.135156 0.123438 0.00396222
0 0.317578 0.319922 0.132031 0.169531 0.00440962
0 0.659766 0.353906 0.163281 0.25625 0.00473454
0 0.361719 0.360938 0.209375 0.301562 0.00582046
0 0.285547 0.461328 0.166406 0.364844 0.00979893
0 0.275781 0.553125 0.182812 0.226562 0.0111981
0 0.374219 0.288672 0.190625 0.177344 0.0133096
0 0.760547 0.471875 0.219531 0.364062 0.019263
0 0.683203 0.294531 0.172656 0.251563 0.0245652
0 0.707422 0.389844 0.232031 0.432813 0.0294708
0 0.782031 0.559375 0.178125 0.229687 0.0305583
