0 0.412109 0.478516 0.205469 0.428906 0.000100915
0 0.7 0.492578 0.140625 0.188281 0.000101652
0 0.731641 0.134766 0.0445312 0.0304688 0.000102424
0 0.203516 0.405078 0.0882813 0.105469 0.00010359
0 0.974609 0.433594 0.0507812 0.315625 0.000104595
0 0.715234 0.191797 0.0554687 0.0664062 0.000107931
0 0.848047 0.612891 0.0898438 0.102344 0.000109348
0 0.195703 0.305469 0.0914062 0.103125 0.000109424
0 0.780078 0.302344 0.182031 0.260938 0.000111727
0 0.303125 0.469922 0.203125 0.219531 0.000111851
0 0.740234 0.66875 0.252344 0.2625 0.000113793
0 0.655859 0.178906 0.0601562 0.059375 0.000114545
0 0.806641 0.221094 0.0710938 0.10625 0.000115094
0 0.248828 0.558594 0.208594 0.23125 0.000118336
0 0.764844 0.139844 0.0453125 0.0328125 0.000122274
0 0.706641 0.150781 0.0648438 0.0671875 0.000123864
0 0.287891 0.56875 0.136719 0.14375 0.000127208
0 0.7375 0.516406 0.148438 0.234375 0.000128039
0 0.717969 0.571094 0.0890625 0.107813 0.000129866
0 0.161719 0.265625 0.128125 0.160938 0.000131805
0 0.157813 0.343359 0.090625 0.111719 0.000131983
0 0.817578 0.217969 0.0398437 0.0625 0.000132915
0 0.139062 0.364453 0.0875 0.111719 0.000133093
0 0.741016 0.19375 0.0476562 0.0640625 0.000140231
0 0.779688 0.157813 0.0578125 0.059375 0.000140434
0 0.121094 0.405859 0.0953125 0.146094 0.000140505
0 0.7625 0.174219 0.0484375 0.0515625 0.000149671
0 0.763672 0.194531 0.0429688 0.0546875 0.000159177
0 0.223047 0.425391 0.0882813 0.107031 0.000159808
0 0.717188 0.154687 0.04375 0.046875 0.000163381
0 0.801562 0.215625 0.0421875 0.065625 0.000165312
0 0.780469 0.214062 0.040625 0.0671875 0.000169733
0 0.242578 0.485156 0.135156 0.207813 0.000173961
0 0.680859 0.782422 0.291406 0.435156 0.000173963
0 0.790625 0.158984 0.034375 0.0414063 0.000175468
0 0.776953 0.142578 0.0414063 0.0398437 0.000176305
0 0.782812 0.605469 0.153125 0.160938 0.000180361
0 0.764453 0.150781 0.0460938 0.0328125 0.000185391
0 0.781641 0.180859 0.0570313 0.0789063 0.0001896
0 0.829687 0.808984 0.315625 0.382031 0.000191174
0 0.735547 0.176953 0.0492188 0.0539063 0.000201877
0 0.695312 0.403906 0.221875 0.446875 0.000205286
0 0.330469 0.673437 0.209375 0.228125 0.00020991
0 0.256641 0.367578 0.152344 0.216406 0.000214966
0 0.691016 0.632812 0.314844 0.434375 0.000220516
0 0.775781 0.725781 0.351562 0.434375 0.000229339
0 0.719141 0.604297 0.139844 0.146094 0.000238018
0 0.708594 0.294531 0.195312 0.226562 0.000242781
0 0.793359 0.194922 0.0398437 0.0585938 0.000246939
0 0.449609 0.626172 0.389844 0.747656 0.000248664
0 0.161328 0.303906 0.0882813 0.10625 0.000251561
0 0.367969 0.600781 0.1625 0.2 0.000254472
0 0.178906 0.325391 0.09375 0.107031 0.000258503
0 0.798828 0.405859 0.328906 0.566406 0.000279792
0 0.234766 0.325391 0.150781 0.146094 0.000281235
0 0.764063 0.922266 0.270312 0.155469 0.000283656
0 0.782031 0.153125 0.0421875 0.040625 0.000284609
0 0.715234 0.130469 0.0367187 0.0390625 0.000291817
0 0.8 0.536328 0.153125 0.213281 0.000300341
0 0.672656 0.526172 0.182812 0.292969 0.000300747
0 0.716797 0.177344 0.0445312 0.0515625 0.000309062
0 0.781641 0.192578 0.0382813 0.0523437 0.00032204
0 0.161719 0.402344 0.146875 0.198437 0.000362189
0 0.365234 0.424219 0.138281 0.245312 0.000396732
0 0.278125 0.40625 0.25 0.214062 0.000412548
0 0.782812 0.172656 0.0390625 0.0453125 0.000450913
0 0.345703 0.526953 0.135156 0.252344 0.000455555
0 0.874609 0.641016 0.130469 0.174219 0.000519342
0 0.311719 0.590625 0.285937 0.367188 0.000540466
0 0.307422 0.530078 0.152344 0.182031 0.000575937
0 0.196094 0.290625 0.140625 0.151562 0.000589104
0 0.687109 0.619141 0.221094 0.264844 0.000785847
0 0.757812 0.56875 0.15 0.164062 0.000866125
0 0.347656 0.364453 0.209375 0.257031 0.00122683
0 0.133594 0.356641 0.134375 0.194531 0.001324
0 0.292969 0.329297 0.273438 0.252344 0.00143704
0 0.842188 0.594922 0.157813 0.182031 0.0014795
0 0.75 0.876562 0.354688 0.24375 0.00179998
0 0.836719 0.53125 0.2 0.296875 0.00206429
0 0.221875 0.423438 0.167187 0.184375 0.00239606
0 0.166406 0.426953 0.217187 0.275781 0.0025801
0 0.324609 0.592188 0.202344 0.257812 0.00263605
0 0.223828 0.29375 0.246094 0.24375 0.00294215
0 0.235547 0.461328 0.214844 0.286719 0.00305043
0 0.197656 0.364453 0.146875 0.197656 0.00400057
0 0.802734 0.628125 0.250781 0.248437 0.00554625
0 0.74375 0.485156 0.279687 0.364062 0.00902907
0 0.707422 0.559766 0.178906 0.185156 0.00917507
0 0.166406 0.325781 0.171875 0.207813 0.0122849
0 0.349609 0.503906 0.192969 0.382812 0.0165971
0 0.291406 0.441406 0.282813 0.384375 0.0416479
0 0.204688 0.367969 0.23125 0.259375 0.112028
0 0.773438 0.563672 0.292188 0.242969 0.179811
