0 0.798828 0.95 0.282031 0.1 0.000102914
0 0.783594 0.396094 0.1125 0.170312 0.000113404
0 0.845703 0.483203 0.107031 0.161719 0.000118349
0 0.283203 0.696094 0.142969 0.176563 0.000128049
0 0.0742188 0.107031 0.148438 0.214062 0.000134099
0 0.791016 0.570703 0.188281 0.197656 0.000203887
0 0.671484 0.284375 0.0601562 0.0625 0.000208041
0 0.811328 0.785937 0.300781 0.285937 0.00020899
0 0.249219 0.655469 0.173438 0.215625 0.000212046
0 0.776563 0.342969 0.06875 0.0984375 0.000230058
0 0.869531 0.818359 0.148438 0.163281 0.00024154
0 0.819531 0.536328 0.132812 0.172656 0.0002592
0 0.144141 0.14375 0.288281 0.2875 0.000260571
0 0.348047 0.752344 0.188281 0.204688 0.000278677
0 0.123828 0.08125 0.247656 0.1625 0.000292278
0 0.846484 0.689844 0.174219 0.295312 0.000294132
0 0.771875 0.323047 0.0546875 0.0648438 0.000318013
0 0.842578 0.822266 0.108594 0.107031 0.000905048
0 0.294141 0.713672 0.232031 0.236719 0.000997009
0 0.820703 0.617969 0.153906 0.21875 0.00111239
0 0.808203 0.741406 0.197656 0.279687 0.00121551
0 0.771484 0.791406 0.180469 0.182812 0.00122025
0 0.81875 0.811328 0.171875 0.147656 0.00288424
