0 0.704687 0.595312 0.215625 0.214062 0.000100138
0 0.0296875 0.484766 0.053125 0.594531 0.000100687
0 0.739844 0.673047 0.223438 0.189844 0.000104469
0 0.0117188 0.571094 0.0234375 0.2625 0.000111413
0 0.811719 0.590625 0.110937 0.284375 0.00011398
0 0.283203 0.447656 0.242969 0.220313 0.000114671
0 0.343359 0.629687 0.178906 0.189063 0.000123679
0 0.261328 0.607031 0.146094 0.1875 0.000130429
0 0.0332031 0.690234 0.0601562 0.603906 0.000131371
0 0.712891 0.317578 0.196094 0.283594 0.000132573
0 0.305078 0.511328 0.152344 0.282031 0.000145525
0 0.661719 0.443359 0.225 0.353906 0.000157729
0 0.021875 0.604688 0.0375 0.428125 0.00016095
0 0.763672 0.615234 0.169531 0.203906 0.00020271
0 0.166797 0.68125 0.0835937 0.157813 0.000207485
0 0.367188 0.480469 0.1625 0.296875 0.000212941
0 0.304297 0.590234 0.146094 0.174219 0.000216838
0 0.201953 0.451172 0.133594 0.283594 0.000220585
0 0.336328 0.408203 0.202344 0.283594 0.000294261
0 0.174609 0.518359 0.171094 0.405469 0.000301828
0 0.236719 0.384375 0.125 0.178125 0.000306717
0 0.333984 0.405078 0.264844 0.444531 0.00035635
0 0.238281 0.554297 0.14375 0.210156 0.0003822
0 0.658594 0.670313 0.2 0.223438 0.000388331
0 0.196484 0.532031 0.278906 0.514063 0.000452649
0 0.723047 0.410937 0.235156 0.340625 0.000489049
0 0.827734 0.490234 0.177344 0.514844 0.000518025
0 0.194141 0.632422 0.169531 0.277344 0.00061793
0 0.792578 0.451172 0.167969 0.360156 0.000666225
0 0.267188 0.366797 0.21875 0.236719 0.000835266
0 0.700781 0.406641 0.296875 0.560156 0.000881277
0 0.784766 0.55 0.130469 0.2875 0.00120192
0 0.279687 0.574609 0.25625 0.203906 0.00224597
0 0.332031 0.549609 0.246875 0.363281 0.00258491
0 0.719531 0.647266 0.292188 0.308594 0.00260432
0 0.210547 0.448047 0.183594 0.421094 0.00760627
0 0.795703 0.586719 0.194531 0.459375 0.00764832
0 0.247656 0.594141 0.275 0.336719 0.014187
0 0.735156 0.531641 0.265625 0.452344 0.331252
0 0.277734 0.483984 0.283594 0.432031 0.351275
