0 0.277344 0.0332031 0.214062 0.0648438 0.000100676
0 0.618359 0.481641 0.167969 0.324219 0.000101124
0 0.607813 0.298047 0.135937 0.191406 0.00010201
0 0.805469 0.760156 0.0875 0.1125 0.000103187
0 0.025 0.646875 0.05 0.465625 0.000108732
0 0.802344 0.803125 0.084375 0.0984375 0.000110247
0 0.197656 0.509766 0.114063 0.166406 0.000110303
0 0.721094 0.801953 0.215625 0.208594 0.000111582
0 0.124609 0.566797 0.199219 0.633594 0.000113124
0 0.133203 0.396875 0.238281 0.521875 0.000113284
0 0.0523437 0.351172 0.104687 0.624219 0.000115534
0 0.799219 0.619141 0.0828125 0.114844 0.000115606
0 0.284375 0.655078 0.11875 0.189844 0.000115882
0 0.926953 0.0214844 0.135156 0.0429688 0.00011829
0 0.959375 0.0960938 0.08125 0.192188 0.00012668
0 0.311719 0.717578 0.289062 0.330469 0.000129333
0 0.2625 0.0636719 0.285937 0.127344 0.000132059
0 0.608984 0.607813 0.133594 0.1875 0.000132173
0 0.214844 0.634375 0.13125 0.148438 0.000134793
0 0.692187 0.0378906 0.251563 0.0742188 0.000135715
0 0.605469 0.453125 0.129688 0.196875 0.000136339
0 0.74375 0.675781 0.164062 0.18125 0.000136389
0 0.286328 0.363281 0.133594 0.198437 0.00013814
0 0.0371094 0.226953 0.0710938 0.372656 0.000139724
0 0.192188 0.148047 0.367188 0.294531 0.000147907
0 0.289062 0.242188 0.35 0.357812 0.000152256
0 0.316016 0.853125 0.238281 0.24375 0.000159712
0 0.0644531 0.548828 0.122656 0.688281 0.000165619
0 0.259375 0.761328 0.090625 0.108594 0.000165908
0 0.740234 0.0222656 0.213281 0.0429688 0.000166994
0 0.625781 0.354297 0.171875 0.294531 0.000170013
0 0.969141 0.647656 0.0617188 0.628125 0.000170639
0 0.964063 0.0394531 0.071875 0.0789063 0.000170905
0 0.777344 0.573438 0.132812 0.198437 0.000178846
0 0.0621094 0.0582031 0.119531 0.116406 0.000180186
0 0.177734 0.742969 0.0867188 0.107813 0.000180828
0 0.785156 0.677344 0.0828125 0.10625 0.000183315
0 0.179688 0.553125 0.115625 0.2 0.000188149
0 0.925781 0.713281 0.148438 0.573438 0.000193458
0 0.609766 0.539062 0.135156 0.18125 0.000194626
0 0.221484 0.792969 0.141406 0.164062 0.000195308
0 0.839453 0.883984 0.197656 0.232031 0.000199222
0 0.801953 0.696094 0.0867188 0.1125 0.000200694
0 0.660937 0.773438 0.217187 0.276563 0.00021441
0 0.0914062 0.706641 0.148438 0.438281 0.000214666
0 0.03125 0.485547 0.0609375 0.663281 0.000224843
0 0.832812 0.718359 0.126563 0.258594 0.000227594
0 0.719531 0.342969 0.0828125 0.110937 0.000235126
0 0.0621094 0.204297 0.122656 0.408594 0.00024051
0 0.335547 0.603516 0.171094 0.486719 0.000245138
0 0.762109 0.510156 0.122656 0.201562 0.000245442
0 0.679688 0.360547 0.153125 0.182031 0.000250578
0 0.301562 0.44375 0.129688 0.153125 0.000252863
0 0.13125 0.0953125 0.251563 0.1875 0.000270261
0 0.239063 0.678516 0.145313 0.236719 0.000273284
0 0.905859 0.0367187 0.185156 0.0734375 0.000286479
0 0.198437 0.758203 0.0890625 0.103906 0.000287556
0 0.70625 0.240625 0.275 0.298438 0.000289677
0 0.298828 0.259766 0.228906 0.250781 0.000314971
0 0.822266 0.021875 0.246094 0.04375 0.000322996
0 0.797656 0.189063 0.4 0.378125 0.000326701
0 0.800391 0.655859 0.0835937 0.111719 0.000331666
0 0.112891 0.0335938 0.225781 0.0640625 0.000348459
0 0.741016 0.403516 0.124219 0.242969 0.000358679
0 0.175 0.0199219 0.198437 0.0382813 0.000366087
0 0.741797 0.0539063 0.252344 0.107813 0.000373487
0 0.325391 0.404297 0.139844 0.239844 0.000385341
0 0.717969 0.292969 0.14375 0.190625 0.000390912
0 0.784375 0.822266 0.164062 0.186719 0.000403519
0 0.175391 0.601562 0.0742188 0.0765625 0.000422333
0 0.821094 0.820703 0.139062 0.242969 0.000538335
0 0.761719 0.739453 0.159375 0.196094 0.000559675
0 0.783203 0.634375 0.121094 0.173438 0.000566101
0 0.197656 0.0316406 0.242188 0.0617188 0.000571278
0 0.679688 0.863672 0.259375 0.264844 0.000577678
0 0.832031 0.614453 0.204688 0.528906 0.000583678
0 0.133203 0.725781 0.169531 0.301562 0.000586824
0 0.889063 0.0957031 0.221875 0.191406 0.000640596
0 0.244531 0.401563 0.228125 0.321875 0.000642259
0 0.183984 0.0492188 0.335156 0.0984375 0.000663147
0 0.661328 0.522266 0.233594 0.472656 0.000670879
0 0.928906 0.0636719 0.140625 0.127344 0.000694155
0 0.300781 0.793359 0.167187 0.174219 0.000708555
0 0.286719 0.317578 0.176563 0.211719 0.000711028
0 0.757031 0.441797 0.176563 0.342969 0.000725063
0 0.789453 0.565625 0.163281 0.329688 0.000818665
0 0.213281 0.801953 0.257812 0.200781 0.000821551
0 0.177734 0.68125 0.146094 0.214062 0.000952639
0 0.753125 0.104687 0.421875 0.204688 0.000978008
0 0.201953 0.489062 0.189844 0.435937 0.00115145
0 0.667969 0.305859 0.196875 0.249219 0.0011659
0 0.173828 0.613281 0.0960938 0.117188 0.00116886
0 0.70625 0.650391 0.267188 0.389844 0.00117548
0 0.802344 0.676562 0.115625 0.184375 0.00140744
0 0.334375 0.476172 0.209375 0.428906 0.0014097
0 0.298047 0.696094 0.171094 0.26875 0.00160261
0 0.724609 0.347656 0.124219 0.19375 0.00167617
0 0.814062 0.0382813 0.307813 0.0765625 0.00173883
0 0.805469 0.757031 0.13125 0.240625 0.00203654
0 0.70625 0.771875 0.33125 0.396875 0.00204817
0 0.294922 0.384375 0.305469 0.445312 0.00208277
0 0.6875 0.4 0.270312 0.448438 0.00216602
0 0.180469 0.757031 0.178125 0.173438 0.00256203
0 0.708984 0.363281 0.191406 0.279687 0.00300955
0 0.821484 0.634375 0.299219 0.729688 0.00317325
0 0.811328 0.0699219 0.344531 0.139844 0.00372386
0 0.233984 0.599219 0.249219 0.420312 0.0043159
0 0.310156 0.378125 0.217187 0.310937 0.00498135
0 0.762891 0.564453 0.199219 0.507031 0.00560151
0 0.803906 0.658203 0.140625 0.336719 0.00654849
0 0.832812 0.770312 0.170312 0.414062 0.00731101
0 0.788672 0.832812 0.230469 0.323438 0.00748718
0 0.166797 0.642187 0.172656 0.367188 0.00898668
0 0.255469 0.762891 0.210938 0.196094 0.0113302
0 0.211719 0.717578 0.229687 0.264844 0.0386317
0 0.787109 0.712109 0.199219 0.486719 0.0891556
0 0.718359 0.575781 0.324219 0.78125 0.228107
0 0.260938 0.533203 0.332812 0.667969 0.248709
