0 0.0148437 0.444922 0.0296875 0.266406 0.000104416
0 0.148438 0.14375 0.265625 0.2875 0.000115045
0 0.848047 0.384766 0.135156 0.221094 0.00011735
0 0.977344 0.271484 0.0453125 0.461719 0.000123933
0 0.441406 0.516016 0.0703125 0.0960938 0.000131874
0 0.362109 0.585938 0.0773437 0.132812 0.00014139
0 0.461328 0.532812 0.142969 0.171875 0.000141415
0 0.426953 0.386328 0.142969 0.238281 0.000144828
0 0.983594 0.354297 0.0328125 0.380469 0.000150061
0 0.0558594 0.85625 0.111719 0.2875 0.00015353
0 0.8625 0.5625 0.254687 0.428125 0.000158629
0 0.280469 0.173828 0.451562 0.347656 0.00016165
0 0.0292969 0.237109 0.0585938 0.474219 0.000169037
0 0.372656 0.40625 0.09375 0.276563 0.000173399
0 0.03125 0.811719 0.0625 0.359375 0.000175073
0 0.713281 0.275781 0.225 0.4625 0.000182055
0 0.216797 0.0179687 0.258594 0.0359375 0.000182687
0 0.354688 0.440625 0.295312 0.589063 0.000182773
0 0.385547 0.533203 0.0851562 0.102344 0.000193836
0 0.946484 0.190234 0.107031 0.380469 0.000194884
0 0.443359 0.468359 0.128906 0.244531 0.000197505
0 0.744531 0.430469 0.20625 0.459375 0.000203402
0 0.371875 0.509766 0.0953125 0.224219 0.000204681
0 0.473437 0.162891 0.171875 0.217969 0.000215496
0 0.880469 0.394922 0.176563 0.352344 0.000218328
0 0.305078 0.0644531 0.433594 0.128906 0.000240124
0 0.725781 0.135156 0.217187 0.220313 0.000263738
0 0.816016 0.470313 0.239844 0.345313 0.000265502
0 0.773438 0.511719 0.121875 0.239063 0.000266189
0 0.165625 0.0621094 0.30625 0.124219 0.000266891
0 0.421094 0.528125 0.084375 0.090625 0.000274766
0 0.0292969 0.400781 0.0570313 0.379687 0.000288135
0 0.03125 0.648438 0.0609375 0.364062 0.000288233
0 0.769922 0.5125 0.0835937 0.15625 0.000292221
0 0.507812 0.435547 0.176563 0.413281 0.000305959
0 0.361328 0.304297 0.150781 0.322656 0.000311286
0 0.015625 0.528906 0.03125 0.264062 0.000383992
0 0.226172 0.0335938 0.346094 0.0640625 0.000385505
0 0.807813 0.192969 0.178125 0.232812 0.000444219
0 0.488672 0.525781 0.191406 0.25625 0.000460207
0 0.0511719 0.728906 0.102344 0.528125 0.000497659
0 0.417969 0.500391 0.289062 0.427344 0.000560588
0 0.385547 0.261719 0.116406 0.176563 0.00057391
0 0.21875 0.101172 0.423438 0.200781 0.000614307
0 0.406641 0.445312 0.132031 0.273438 0.000710385
0 0.040625 0.398438 0.0796875 0.721875 0.000748583
0 0.424609 0.515234 0.130469 0.169531 0.000752695
0 0.808984 0.49375 0.347656 0.68125 0.00088829
0 0.871484 0.347656 0.257031 0.528125 0.000953677
0 0.446484 0.220703 0.214844 0.294531 0.0009667
0 0.404687 0.278516 0.164062 0.252344 0.00103391
0 0.397656 0.543359 0.129688 0.157031 0.00129815
0 0.0648438 0.599609 0.129688 0.800781 0.00140421
0 0.503906 0.395703 0.24375 0.632031 0.00144021
0 0.025 0.524219 0.046875 0.467187 0.00144836
0 0.832031 0.250781 0.215625 0.373437 0.00217055
0 0.0324219 0.598047 0.0632813 0.803906 0.00309087
0 0.426953 0.510938 0.207031 0.246875 0.00434272
0 0.382031 0.4 0.14375 0.421875 0.00587024
0 0.788672 0.322266 0.296094 0.539844 0.464246
0 0.433203 0.367969 0.232031 0.56875 0.486164
