0 0.950781 0.942969 0.0984375 0.114063 0.000100196
0 0.969141 0.926172 0.0601562 0.147656 0.000102086
0 0.546875 0.132812 0.335938 0.265625 0.000102379
0 0.307422 0.0636719 0.394531 0.127344 0.000104167
0 0.967969 0.0378906 0.0640625 0.0757812 0.00010634
0 0.632031 0.18125 0.1 0.126563 0.000106784
0 0.280078 0.182812 0.278906 0.228125 0.000109073
0 0.336328 0.491797 0.141406 0.188281 0.000109983
0 0.071875 0.967969 0.14375 0.0640625 0.000111125
0 0.715234 0.507422 0.0898438 0.100781 0.000111729
0 0.972266 0.229297 0.0554687 0.453906 0.000114416
0 0.885938 0.957812 0.228125 0.084375 0.000114669
0 0.0566406 0.0492188 0.111719 0.09375 0.00011685
0 0.949219 0.276953 0.101562 0.517969 0.000117087
0 0.952734 0.787109 0.0945313 0.425781 0.000121751
0 0.629687 0.382031 0.315625 0.582812 0.000122813
0 0.898828 0.205859 0.199219 0.411719 0.000124299
0 0.154297 0.0222656 0.282031 0.0445312 0.000124474
0 0.698047 0.68125 0.294531 0.39375 0.000126806
0 0.819141 0.0328125 0.303906 0.065625 0.000126951
0 0.0785156 0.0222656 0.157031 0.0445312 0.000127859
0 0.448047 0.606641 0.447656 0.786719 0.000134106
0 0.462891 0.197656 0.321094 0.395312 0.000134361
0 0.692578 0.322266 0.0820312 0.0882813 0.000136107
0 0.585938 0.548047 0.214062 0.260156 0.000136796
0 0.373828 0.29375 0.407031 0.58125 0.000137609
0 0.971094 0.514063 0.05625 0.484375 0.000141877
0 0.657422 0.658594 0.213281 0.229687 0.000142314
0 0.210938 0.303125 0.24375 0.390625 0.000144491
0 0.650781 0.382812 0.120312 0.18125 0.000147666
0 0.214453 0.357812 0.0960938 0.170312 0.000153485
0 0.252344 0.290234 0.0984375 0.116406 0.000154329
0 0.762891 0.668359 0.153906 0.221094 0.000155937
0 0.258594 0.320312 0.0796875 0.075 0.000156471
0 0.699219 0.63125 0.16875 0.167187 0.00016018
0 0.359375 0.127734 0.404687 0.255469 0.000161287
0 0.356641 0.530078 0.385156 0.516406 0.000172112
0 0.935547 0.0949219 0.124219 0.189844 0.00017481
0 0.970312 0.0972656 0.0578125 0.194531 0.000191297
0 0.182812 0.552344 0.0796875 0.103125 0.000192011
0 0.214844 0.453516 0.115625 0.146094 0.000197231
0 0.546094 0.289453 0.295312 0.533594 0.000197667
0 0.614453 0.572656 0.158594 0.16875 0.000202019
0 0.0804688 0.0898438 0.160938 0.179688 0.000204712
0 0.976953 0.352344 0.0460938 0.421875 0.000209274
0 0.264453 0.305078 0.196094 0.311719 0.000211695
0 0.637891 0.357812 0.0867188 0.10625 0.000217658
0 0.797266 0.0898438 0.385156 0.179688 0.00022727
0 0.21875 0.305859 0.153125 0.228906 0.00022792
0 0.977734 0.476172 0.0445312 0.269531 0.000231638
0 0.929688 0.0367187 0.140625 0.0734375 0.000235008
0 0.588281 0.203906 0.19375 0.220313 0.000239247
0 0.151172 0.272656 0.302344 0.526563 0.000246419
0 0.633594 0.289062 0.148438 0.239063 0.000248577
0 0.676172 0.34375 0.0976562 0.115625 0.000272193
0 0.975781 0.810156 0.0484375 0.379687 0.00029081
0 0.510156 0.386719 0.448438 0.690625 0.000293825
0 0.275781 0.184766 0.454688 0.369531 0.000330605
0 0.225391 0.0359375 0.388281 0.071875 0.000338857
0 0.701953 0.511719 0.122656 0.164062 0.000355158
0 0.647656 0.382031 0.182812 0.340625 0.000357904
0 0.7625 0.65 0.0875 0.140625 0.000362501
0 0.683203 0.557422 0.272656 0.339844 0.000371732
0 0.296094 0.390234 0.342187 0.592969 0.0003931
0 0.879297 0.0542969 0.241406 0.108594 0.000405464
0 0.621484 0.214844 0.132031 0.153125 0.000449155
0 0.258594 0.583984 0.248437 0.246094 0.000484941
0 0.182812 0.532422 0.101562 0.194531 0.000510299
0 0.240234 0.320312 0.105469 0.120312 0.000541858
0 0.101172 0.0335938 0.202344 0.0671875 0.00054779
0 0.69375 0.405859 0.134375 0.272656 0.000569686
0 0.715625 0.494141 0.140625 0.274219 0.000766704
0 0.667188 0.480859 0.195312 0.332031 0.0007913
0 0.26875 0.486328 0.282813 0.349219 0.000804774
0 0.201172 0.0835937 0.391406 0.167187 0.000881824
0 0.191406 0.585547 0.128125 0.199219 0.000950481
0 0.295703 0.525781 0.203906 0.198437 0.000971693
0 0.196094 0.478516 0.110937 0.222656 0.00102938
0 0.226562 0.407422 0.148438 0.332031 0.00118211
0 0.738672 0.615625 0.139844 0.2375 0.00124826
0 0.657812 0.587109 0.204688 0.213281 0.00126957
0 0.144141 0.0542969 0.288281 0.105469 0.00129731
0 0.707422 0.561328 0.175781 0.255469 0.00399951
0 0.225781 0.530859 0.178125 0.230469 0.00971823
