0 0.782422 0.492969 0.0945313 0.184375 0.000100391
0 0.258203 0.783984 0.0882813 0.111719 0.000102566
0 0.351953 0.469922 0.300781 0.488281 0.000104662
0 0.255859 0.571484 0.286719 0.633594 0.000110753
0 0.862891 0.771094 0.141406 0.317187 0.000111653
0 0.785547 0.53125 0.0757812 0.104687 0.000111706
0 0.782422 0.783203 0.0867188 0.111719 0.00011265
0 0.737109 0.39375 0.149219 0.1625 0.000113296
0 0.761719 0.615625 0.123438 0.265625 0.000126272
0 0.278125 0.80625 0.0859375 0.110937 0.000131904
0 0.760156 0.382812 0.078125 0.103125 0.000134243
0 0.346875 0.324219 0.135937 0.123438 0.000137183
0 0.414062 0.39375 0.115625 0.123438 0.000139132
0 0.264062 0.855469 0.15 0.134375 0.000147881
0 0.759766 0.803516 0.0867188 0.107031 0.00014876
0 0.226172 0.697656 0.113281 0.2875 0.000152623
0 0.710938 0.609375 0.164062 0.351562 0.000159119
0 0.765234 0.530859 0.0960938 0.166406 0.000159286
0 0.782031 0.820312 0.0875 0.101562 0.000173049
0 0.699219 0.7 0.125 0.176563 0.000177791
0 0.299609 0.721094 0.130469 0.264062 0.000180247
0 0.387109 0.8625 0.144531 0.175 0.000212911
0 0.805859 0.741406 0.0820312 0.110937 0.000226204
0 0.240234 0.821094 0.0929687 0.109375 0.000229872
0 0.742969 0.702344 0.139062 0.253125 0.000230623
0 0.685938 0.792969 0.317187 0.348437 0.000231403
0 0.851562 0.780859 0.1 0.222656 0.00023952
0 0.741797 0.836328 0.144531 0.149219 0.000253624
0 0.300391 0.822266 0.0882813 0.0992187 0.000264141
0 0.339453 0.823828 0.0867188 0.102344 0.000264435
0 0.820703 0.783984 0.0882813 0.117969 0.000269767
0 0.733984 0.469531 0.182031 0.292188 0.000272298
0 0.341797 0.742969 0.132031 0.240625 0.000297485
0 0.842578 0.853906 0.0742188 0.078125 0.000308208
0 0.825781 0.716016 0.275 0.388281 0.00032464
0 0.333984 0.381641 0.153906 0.224219 0.000332639
0 0.219531 0.691016 0.157813 0.421094 0.000375929
0 0.798047 0.532812 0.0929687 0.209375 0.000376408
0 0.379687 0.689844 0.176563 0.40625 0.000377431
0 0.296484 0.553516 0.113281 0.172656 0.000385725
0 0.679688 0.859375 0.246875 0.240625 0.000393193
0 0.823438 0.854688 0.153125 0.132812 0.000416414
0 0.353125 0.44375 0.19375 0.273438 0.000445528
0 0.804297 0.873438 0.261719 0.204688 0.000466383
0 0.224609 0.838672 0.127344 0.160156 0.000469213
0 0.801953 0.801953 0.0898438 0.108594 0.000484737
0 0.384375 0.359766 0.171875 0.188281 0.000511062
0 0.262109 0.656641 0.111719 0.291406 0.000513957
0 0.701563 0.798437 0.142188 0.179688 0.000560549
0 0.780078 0.49375 0.138281 0.257812 0.000585832
0 0.260547 0.739844 0.135156 0.246875 0.000694612
0 0.819922 0.723828 0.103906 0.205469 0.000874492
0 0.373437 0.777734 0.154687 0.219531 0.000883701
0 0.289844 0.885156 0.276563 0.210938 0.000987395
0 0.217187 0.776563 0.1375 0.240625 0.00100896
0 0.290234 0.49375 0.132031 0.26875 0.00118721
0 0.274609 0.571875 0.114844 0.2875 0.00121098
0 0.800781 0.573828 0.115625 0.349219 0.00136779
0 0.761719 0.798047 0.145313 0.155469 0.00172596
0 0.3375 0.608594 0.229687 0.565625 0.00246411
0 0.836328 0.821875 0.0992187 0.128125 0.00246546
0 0.746484 0.576563 0.214844 0.53125 0.00254033
0 0.321484 0.801953 0.138281 0.163281 0.0025977
0 0.785547 0.742188 0.139844 0.215625 0.00313558
0 0.708984 0.739453 0.172656 0.241406 0.00344969
0 0.244141 0.801953 0.138281 0.169531 0.00348714
0 0.330859 0.842578 0.191406 0.158594 0.00381227
0 0.283594 0.81875 0.148438 0.14375 0.00382186
0 0.741797 0.832031 0.255469 0.204688 0.00431438
0 0.801953 0.816797 0.177344 0.155469 0.0072796
0 0.296484 0.735547 0.278906 0.375781 0.0123009
0 0.815625 0.71875 0.1375 0.309375 0.0162304
0 0.785547 0.647266 0.163281 0.413281 0.0251281
0 0.276172 0.647656 0.172656 0.442187 0.0285263
0 0.769531 0.778125 0.223438 0.221875 0.106469
0 0.287109 0.811328 0.236719 0.199219 0.140131
