0 0.185937 0.0378906 0.31875 0.0757812 0.000102325
0 0.278125 0.635547 0.142188 0.216406 0.00010244
0 0.651953 0.33125 0.146094 0.175 0.000104912
0 0.276953 0.132812 0.552344 0.25 0.000105103
0 0.969922 0.517969 0.0601562 0.659375 0.00010517
0 0.151172 0.846484 0.0851562 0.0976562 0.000106732
0 0.717969 0.597656 0.170312 0.170312 0.000108885
0 0.253906 0.533984 0.140625 0.221094 0.000109318
0 0.784375 0.379297 0.271875 0.303906 0.000116696
0 0.350781 0.903516 0.217187 0.192969 0.000128071
0 0.898438 0.717188 0.196875 0.510938 0.000132605
0 0.0425781 0.601953 0.0851562 0.710156 0.000133637
0 0.858594 0.0355469 0.257812 0.0695312 0.000135259
0 0.676172 0.717969 0.138281 0.251563 0.000136079
0 0.280469 0.80625 0.084375 0.114063 0.000138602
0 0.342187 0.35625 0.15625 0.190625 0.000143124
0 0.928906 0.21875 0.142188 0.4375 0.00014437
0 0.339844 0.760156 0.145313 0.2125 0.000147382
0 0.480469 0.0367187 0.315625 0.0734375 0.000149666
0 0.923437 0.0730469 0.153125 0.146094 0.000153343
0 0.550781 0.0507812 0.396875 0.0953125 0.000155663
0 0.16875 0.592969 0.125 0.210938 0.000156532
0 0.334766 0.567578 0.169531 0.344531 0.000159117
0 0.455859 0.678516 0.411719 0.642969 0.000163835
0 0.759375 0.594531 0.129688 0.139062 0.000165665
0 0.810156 0.0566406 0.379687 0.105469 0.000166082
0 0.798047 0.527734 0.197656 0.410156 0.000171784
0 0.796484 0.569141 0.135156 0.263281 0.000172536
0 0.217187 0.717969 0.135937 0.276563 0.000174597
0 0.341406 0.637891 0.123438 0.227344 0.000174741
0 0.2625 0.698828 0.14375 0.257031 0.000180565
0 0.765625 0.525391 0.157813 0.286719 0.000182048
0 0.232422 0.420312 0.180469 0.290625 0.000194682
0 0.4 0.789844 0.275 0.385938 0.00019545
0 0.883984 0.270312 0.232031 0.540625 0.00019591
0 0.369531 0.646484 0.1875 0.566406 0.000216149
0 0.771094 0.483594 0.329688 0.592188 0.000217521
0 0.884766 0.0976562 0.230469 0.19375 0.000227624
0 0.662109 0.568359 0.225781 0.514844 0.000232497
0 0.883203 0.883594 0.100781 0.109375 0.000233282
0 0.723437 0.764063 0.226562 0.217187 0.000246913
0 0.176172 0.717969 0.122656 0.254687 0.000251575
0 0.156641 0.780859 0.119531 0.242969 0.000263494
0 0.857422 0.764063 0.119531 0.210938 0.000267204
0 0.742969 0.819922 0.146875 0.178906 0.000278338
0 0.677734 0.372266 0.178906 0.203906 0.000278491
0 0.344922 0.0367187 0.289844 0.0734375 0.000281369
0 0.289844 0.382812 0.210938 0.253125 0.000290562
0 0.132031 0.726953 0.148438 0.421094 0.000290643
0 0.842969 0.564453 0.245312 0.627344 0.000300112
0 0.0863281 0.0691406 0.166406 0.136719 0.00030985
0 0.328906 0.463672 0.2 0.342969 0.000331358
0 0.698828 0.822266 0.142969 0.202344 0.000343404
0 0.263672 0.840625 0.0867188 0.10625 0.000379354
0 0.885938 0.794531 0.157813 0.304688 0.00037999
0 0.698438 0.653906 0.178125 0.189063 0.00039651
0 0.193359 0.881641 0.272656 0.210156 0.000414535
0 0.758984 0.612109 0.222656 0.333594 0.000439671
0 0.183203 0.534766 0.113281 0.202344 0.000451775
0 0.199609 0.576563 0.0929687 0.110937 0.000457165
0 0.245703 0.761328 0.142969 0.246094 0.000461197
0 0.806641 0.839063 0.146094 0.153125 0.000463915
0 0.140234 0.109766 0.280469 0.211719 0.000465927
0 0.234766 0.654297 0.138281 0.235156 0.000466207
0 0.325 0.695703 0.128125 0.188281 0.000496279
0 0.375 0.0519531 0.404687 0.100781 0.000510353
0 0.859766 0.841797 0.127344 0.164844 0.000518637
0 0.248437 0.837891 0.132812 0.146094 0.000550381
0 0.710938 0.484766 0.25625 0.417969 0.000641804
0 0.151953 0.846484 0.135156 0.182031 0.000647747
0 0.227734 0.0613281 0.410156 0.119531 0.000683113
0 0.844531 0.875391 0.178125 0.157031 0.000709076
0 0.783984 0.801953 0.146094 0.186719 0.000789275
0 0.662891 0.648047 0.163281 0.269531 0.00079933
0 0.329297 0.844531 0.214844 0.240625 0.0011399
0 0.203906 0.496484 0.154687 0.297656 0.0012192
0 0.222656 0.805859 0.210938 0.200781 0.00134459
0 0.272266 0.869922 0.224219 0.203906 0.00141505
0 0.301953 0.762109 0.135156 0.257031 0.00143995
0 0.217969 0.595312 0.0921875 0.107813 0.00160235
0 0.824219 0.742188 0.142188 0.265625 0.00176414
0 0.704687 0.842188 0.23125 0.253125 0.0018065
0 0.250781 0.593359 0.173438 0.167969 0.00182864
0 0.296875 0.654297 0.209375 0.380469 0.00247118
0 0.333203 0.7375 0.178906 0.3625 0.00340096
0 0.7 0.699609 0.228125 0.382031 0.00361229
0 0.835156 0.698047 0.185937 0.417969 0.00374687
0 0.176563 0.776563 0.19375 0.33125 0.00516651
0 0.774609 0.869922 0.324219 0.246094 0.00552797
0 0.280469 0.821094 0.164062 0.19375 0.00710932
0 0.271094 0.571094 0.295312 0.6625 0.0105323
0 0.832031 0.808594 0.190625 0.229687 0.0138257
0 0.196484 0.644141 0.158594 0.303906 0.0154657
0 0.253125 0.564844 0.228125 0.41875 0.0246543
0 0.739453 0.644531 0.302344 0.570312 0.0278995
0 0.212891 0.574609 0.164844 0.225781 0.0503304
0 0.278125 0.783594 0.228125 0.310937 0.0652667
0 0.229297 0.707812 0.244531 0.420312 0.0799999
0 0.773438 0.783594 0.292188 0.323438 0.19868
