0 0.901953 0.743359 0.0820312 0.110156 0.000100296
0 0.260938 0.637109 0.279687 0.410156 0.000101841
0 0.784766 0.355469 0.0992187 0.135937 0.000102655
0 0.0300781 0.729688 0.0601562 0.435937 0.000102942
0 0.489453 0.365234 0.0867188 0.0804688 0.000105048
0 0.322656 0.549219 0.0953125 0.134375 0.000105812
0 0.862891 0.551172 0.103906 0.192969 0.000106505
0 0.799609 0.316016 0.211719 0.257031 0.000109795
0 0.503125 0.402734 0.126563 0.172656 0.00011041
0 0.769141 0.317578 0.121094 0.133594 0.000111661
0 0.81875 0.346875 0.071875 0.104687 0.000114297
0 0.853516 0.367969 0.0679687 0.121875 0.000114559
0 0.342578 0.732422 0.189844 0.169531 0.000117419
0 0.900391 0.701172 0.105469 0.199219 0.000119722
0 0.800781 0.34375 0.0578125 0.0828125 0.000120794
0 0.828516 0.455078 0.144531 0.328906 0.000129151
0 0.734766 0.663672 0.164844 0.228906 0.000136538
0 0.759766 0.739062 0.0929687 0.10625 0.000137046
0 0.363281 0.730469 0.301562 0.265625 0.00014173
0 0.469531 0.440625 0.078125 0.0984375 0.000143369
0 0.616797 0.0601562 0.283594 0.120312 0.000144369
0 0.0535156 0.791016 0.107031 0.399219 0.00015083
0 0.432031 0.524219 0.182812 0.442187 0.000151732
0 0.442187 0.467969 0.157813 0.245312 0.000154545
0 0.936328 0.216016 0.121094 0.432031 0.00015678
0 0.970703 0.355859 0.0554687 0.508594 0.000159381
0 0.344531 0.639453 0.140625 0.197656 0.00016071
0 0.317578 0.488672 0.100781 0.182031 0.000166758
0 0.798437 0.216406 0.378125 0.432813 0.000170016
0 0.848828 0.680469 0.125781 0.18125 0.000173209
0 0.336328 0.426562 0.100781 0.157813 0.000175215
0 0.857031 0.478125 0.104687 0.235938 0.000180938
0 0.682422 0.189844 0.292969 0.379687 0.00018476
0 0.31875 0.572656 0.123438 0.251563 0.00018601
0 0.247266 0.722656 0.113281 0.210938 0.000189308
0 0.433594 0.390625 0.282813 0.264062 0.000195344
0 0.760547 0.722656 0.296094 0.290625 0.000200579
0 0.283594 0.636328 0.134375 0.213281 0.000204497
0 0.795313 0.738672 0.14375 0.139844 0.000204834
0 0.921094 0.780078 0.0703125 0.110156 0.000205598
0 0.403125 0.423047 0.167187 0.210156 0.000217374
0 0.264844 0.571094 0.103125 0.240625 0.000221341
0 0.417188 0.65625 0.160938 0.195312 0.00022318
0 0.419531 0.723437 0.15625 0.1625 0.000230775
0 0.987109 0.445703 0.0257812 0.253906 0.000235291
0 0.354688 0.394141 0.15 0.192969 0.000251989
0 0.305469 0.430078 0.078125 0.102344 0.00027957
0 0.724219 0.75625 0.145313 0.1625 0.000281718
0 0.802734 0.369922 0.0710938 0.0914062 0.000289067
0 0.836719 0.427734 0.1 0.202344 0.000307306
0 0.866406 0.75625 0.110937 0.107813 0.000319599
0 0.857813 0.568359 0.148438 0.410156 0.000397003
0 0.355078 0.560938 0.289844 0.453125 0.000423936
0 0.342187 0.464844 0.179688 0.298438 0.000424673
0 0.325781 0.695312 0.1375 0.16875 0.00048968
0 0.98125 0.433984 0.0375 0.353906 0.00051492
0 0.848828 0.417969 0.0789063 0.129688 0.000526423
0 0.477344 0.434766 0.13125 0.172656 0.000543663
0 0.485938 0.366406 0.129688 0.139062 0.000651074
0 0.254687 0.646875 0.128125 0.3125 0.000653625
0 0.306641 0.441406 0.105469 0.160938 0.000792038
0 0.891797 0.759375 0.124219 0.146875 0.00107519
0 0.814844 0.671875 0.229687 0.276563 0.00110585
0 0.805469 0.755078 0.2375 0.172656 0.00115246
0 0.833984 0.394141 0.0773437 0.111719 0.00116478
0 0.883203 0.649609 0.135156 0.314844 0.00117841
0 0.409766 0.356641 0.161719 0.183594 0.00125409
0 0.296094 0.482812 0.120312 0.270312 0.00141529
0 0.346094 0.614453 0.210938 0.310156 0.00181236
0 0.380859 0.688672 0.197656 0.196094 0.00243952
0 0.296875 0.569141 0.153125 0.375781 0.00317719
0 0.450781 0.383984 0.170312 0.192969 0.0036715
0 0.855078 0.714844 0.194531 0.225 0.00426264
0 0.757812 0.719922 0.1625 0.178906 0.00631485
0 0.318359 0.685156 0.216406 0.23125 0.0068634
