0 0.367969 0.40625 0.310937 0.642187 0.000101471
0 0.322656 0.205859 0.125 0.142969 0.000103642
0 0.987891 0.864844 0.0242187 0.251563 0.000114166
0 0.383203 0.401563 0.189844 0.525 0.000115427
0 0.358984 0.194922 0.175781 0.214844 0.000116397
0 0.225 0.677734 0.117188 0.200781 0.000119743
0 0.300391 0.227344 0.0695312 0.0859375 0.000120366
0 0.761328 0.758594 0.0851562 0.109375 0.000127008
0 0.01875 0.398828 0.0375 0.382031 0.000127634
0 0.767969 0.383203 0.10625 0.158594 0.000142445
0 0.457812 0.542578 0.43125 0.914844 0.000152583
0 0.780859 0.810938 0.200781 0.240625 0.000152991
0 0.816016 0.710156 0.274219 0.370313 0.000187707
0 0.763281 0.464453 0.154687 0.375781 0.000192727
0 0.983594 0.809766 0.0328125 0.380469 0.000201574
0 0.825781 0.688672 0.15625 0.319531 0.000226452
0 0.778906 0.558594 0.28125 0.582812 0.000227374
0 0.0214844 0.732813 0.0414063 0.4875 0.00026578
0 0.782812 0.365234 0.0796875 0.103906 0.000268038
0 0.302344 0.696094 0.142188 0.1625 0.000270895
0 0.371094 0.731641 0.14375 0.169531 0.000281292
0 0.692969 0.722656 0.15 0.214062 0.000286446
0 0.377344 0.455078 0.13125 0.185156 0.000326758
0 0.803516 0.594531 0.117969 0.242188 0.000327229
0 0.281641 0.531641 0.178906 0.430469 0.000350576
0 0.785156 0.657031 0.132812 0.223438 0.000373661
0 0.259375 0.637109 0.139062 0.247656 0.000375266
0 0.370703 0.603125 0.161719 0.370313 0.000379618
0 0.747266 0.755859 0.289844 0.274219 0.000394996
0 0.314453 0.752734 0.235156 0.230469 0.0004451
0 0.335938 0.560547 0.3 0.542969 0.000487144
0 0.747266 0.65625 0.196094 0.332812 0.000654665
0 0.341016 0.485547 0.128906 0.217969 0.000672476
0 0.811719 0.769531 0.148438 0.207813 0.000692825
0 0.796094 0.365234 0.109375 0.158594 0.000895511
0 0.362109 0.4875 0.0867188 0.1 0.000944847
0 0.342578 0.480469 0.177344 0.335938 0.00109868
0 0.337109 0.69375 0.207031 0.228125 0.00160916
0 0.743359 0.758594 0.188281 0.198437 0.0018581
0 0.791797 0.565234 0.157031 0.478906 0.00215085
0 0.368359 0.501953 0.122656 0.144531 0.0045041
0 0.261328 0.697656 0.185156 0.246875 0.00539177
0 0.294922 0.640625 0.227344 0.321875 0.00847108
0 0.780469 0.716797 0.178125 0.258594 0.00864288
