0 0.698828 0.230469 0.158594 0.175 0.000109383
0 0.265234 0.282813 0.267969 0.339063 0.000111843
0 0.718359 0.696484 0.0914062 0.108594 0.000112527
0 0.800391 0.739062 0.0851562 0.109375 0.000113937
0 0.695312 0.223438 0.104687 0.0890625 0.000114471
0 0.240625 0.474219 0.14375 0.215625 0.000115599
0 0.200781 0.279687 0.1 0.114063 0.000119402
0 0.825391 0.65 0.135156 0.378125 0.000122517
0 0.239063 0.634375 0.15 0.209375 0.000129338
0 0.736328 0.255469 0.0664062 0.096875 0.000129579
0 0.258594 0.675781 0.25625 0.207813 0.000133154
0 0.660547 0.737109 0.147656 0.177344 0.000135929
0 0.691406 0.0382813 0.371875 0.0765625 0.000139325
0 0.779297 0.509375 0.124219 0.225 0.000143601
0 0.800391 0.79375 0.174219 0.264062 0.000143745
0 0.197656 0.342578 0.132812 0.175781 0.00014842
0 0.976172 0.483984 0.0476562 0.485156 0.000150163
0 0.698438 0.576953 0.14375 0.185156 0.000151815
0 0.717578 0.240625 0.0632813 0.0671875 0.000154566
0 0.624219 0.482422 0.115625 0.178906 0.000158665
0 0.950781 0.176953 0.0984375 0.289844 0.000162495
0 0.893359 0.100391 0.213281 0.194531 0.000164
0 0.15625 0.554688 0.151562 0.240625 0.000171158
0 0.723828 0.241406 0.267969 0.295312 0.000177292
0 0.118359 0.726953 0.217969 0.396094 0.000177469
0 0.116797 0.862109 0.228906 0.275781 0.000182267
0 0.238281 0.555469 0.148438 0.210938 0.000186345
0 0.293359 0.443359 0.272656 0.407031 0.000191617
0 0.721094 0.2375 0.10625 0.121875 0.000196276
0 0.696094 0.237891 0.0734375 0.0757812 0.000220549
0 0.323828 0.627734 0.377344 0.532031 0.000228189
0 0.660547 0.598047 0.141406 0.227344 0.000243816
0 0.157422 0.469531 0.141406 0.2625 0.000247958
0 0.196875 0.427734 0.184375 0.214844 0.000271851
0 0.300391 0.723437 0.272656 0.348437 0.000276798
0 0.925781 0.0726563 0.148438 0.145313 0.000282855
0 0.765234 0.441797 0.130469 0.271094 0.000294016
0 0.640234 0.0710938 0.450781 0.140625 0.000298645
0 0.157422 0.387109 0.116406 0.238281 0.000324958
0 0.689453 0.148047 0.450781 0.296094 0.000371956
0 0.655078 0.485938 0.199219 0.376563 0.000372615
0 0.810938 0.0378906 0.351562 0.0757812 0.000382052
0 0.201953 0.330469 0.178906 0.264062 0.000415032
0 0.628125 0.689062 0.23125 0.253125 0.000437452
0 0.966016 0.128516 0.0664062 0.257031 0.000473152
0 0.852734 0.0628906 0.291406 0.122656 0.000560073
0 0.797656 0.737109 0.125 0.177344 0.000625921
0 0.130859 0.484375 0.185156 0.390625 0.000635729
0 0.126172 0.605469 0.200781 0.30625 0.000728987
0 0.680078 0.676953 0.146094 0.186719 0.00073786
0 0.178906 0.655078 0.248437 0.208594 0.000773257
0 0.199219 0.514453 0.209375 0.197656 0.000802241
0 0.793359 0.573438 0.155469 0.398438 0.000881396
0 0.714063 0.808594 0.301562 0.273438 0.00100572
0 0.758984 0.716406 0.152344 0.185937 0.00104398
0 0.775781 0.101953 0.425 0.202344 0.00108136
0 0.717188 0.620703 0.198437 0.219531 0.0010975
0 0.6625 0.759766 0.282813 0.241406 0.001213
0 0.292188 0.605078 0.226562 0.282031 0.00137696
0 0.706641 0.415234 0.280469 0.692969 0.00143027
0 0.755078 0.492188 0.175781 0.454688 0.00161228
0 0.791406 0.691406 0.170312 0.2625 0.00191179
0 0.198437 0.594531 0.248437 0.214062 0.00204709
0 0.167578 0.407031 0.189844 0.340625 0.00241991
0 0.721094 0.695703 0.15 0.177344 0.00254898
0 0.225 0.368359 0.245312 0.391406 0.00275316
0 0.25625 0.530078 0.246875 0.285156 0.00343654
0 0.667188 0.615625 0.214062 0.30625 0.00360333
0 0.755469 0.751562 0.229687 0.239063 0.0044042
0 0.206641 0.746875 0.366406 0.420312 0.00496298
0 0.720703 0.578906 0.250781 0.396875 0.00903911
0 0.208203 0.482812 0.285156 0.43125 0.0429057
0 0.214453 0.622266 0.327344 0.332031 0.112029
0 0.719141 0.690234 0.269531 0.282031 0.126433
