0 0.655859 0.576172 0.211719 0.263281 0.000104311
0 0.370313 0.157813 0.103125 0.121875 0.000104735
0 0.580469 0.612891 0.220313 0.280469 0.000105352
0 0.248828 0.516406 0.119531 0.223438 0.000105794
0 0.253125 0.219141 0.14375 0.230469 0.000113631
0 0.980469 0.439063 0.0390625 0.329688 0.000118956
0 0.303516 0.632812 0.0914062 0.103125 0.000119156
0 0.301953 0.277344 0.102344 0.19375 0.000123282
0 0.386719 0.195312 0.0828125 0.0921875 0.000124454
0 0.875 0.0578125 0.2375 0.115625 0.000131038
0 0.369141 0.451562 0.278906 0.592188 0.000133302
0 0.702734 0.529297 0.202344 0.336719 0.000134435
0 0.344141 0.662891 0.192969 0.200781 0.00013949
0 0.124219 0.0628906 0.2375 0.125781 0.000153547
0 0.333594 0.152344 0.176563 0.204688 0.000158033
0 0.408594 0.11875 0.096875 0.110937 0.000165276
0 0.551172 0.432813 0.400781 0.729688 0.000165735
0 0.404297 0.215234 0.139844 0.171094 0.000174083
0 0.28125 0.236328 0.059375 0.0960938 0.000194083
0 0.6625 0.559766 0.3125 0.442969 0.000199903
0 0.611328 0.612109 0.146094 0.200781 0.000202543
0 0.409375 0.111328 0.153125 0.186719 0.000213912
0 0.452734 0.362891 0.338281 0.702344 0.000218566
0 0.377734 0.612891 0.141406 0.166406 0.000228835
0 0.389453 0.297266 0.194531 0.252344 0.000262256
0 0.751953 0.396875 0.111719 0.154687 0.000281197
0 0.405859 0.15625 0.113281 0.165625 0.00028797
0 0.259766 0.295703 0.117969 0.216406 0.000296997
0 0.278516 0.570703 0.174219 0.252344 0.000305582
0 0.500391 0.1875 0.247656 0.360938 0.000319312
0 0.487891 0.0335938 0.230469 0.0671875 0.000346902
0 0.342187 0.590625 0.185937 0.235938 0.000353469
0 0.251563 0.396875 0.10625 0.198437 0.000361649
0 0.395312 0.300391 0.242188 0.438281 0.000383944
0 0.280078 0.237109 0.0773437 0.152344 0.000410325
0 0.316406 0.229687 0.134375 0.179688 0.000416696
0 0.708594 0.624609 0.276563 0.277344 0.00045465
0 0.765625 0.480859 0.129688 0.288281 0.00047292
0 0.310937 0.278125 0.176563 0.229687 0.000560486
0 0.471875 0.0671875 0.242188 0.134375 0.000603052
0 0.363672 0.194141 0.142969 0.164844 0.000725031
0 0.721875 0.649219 0.0875 0.101562 0.000777559
0 0.2625 0.448047 0.10625 0.125781 0.000900813
0 0.453516 0.133594 0.224219 0.264062 0.00108581
0 0.657422 0.65 0.172656 0.165625 0.00116958
0 0.755859 0.566406 0.164844 0.315625 0.00126449
0 0.3875 0.203516 0.192188 0.269531 0.0013429
0 0.309375 0.630078 0.178125 0.164844 0.00296128
0 0.727344 0.639063 0.167187 0.175 0.00865568
