0 0.174609 0.741797 0.116406 0.230469 0.000103593
0 0.637109 0.764063 0.0929687 0.14375 0.000104098
0 0.395703 0.94375 0.157031 0.1 0.000107143
0 0.319531 0.303906 0.154687 0.154687 0.00010915
0 0.741016 0.447656 0.107031 0.203125 0.000109849
0 0.339844 0.460156 0.165625 0.201562 0.000111793
0 0.189063 0.655078 0.145313 0.377344 0.000116378
0 0.649219 0.609375 0.101562 0.107813 0.000117274
0 0.844141 0.966797 0.0867188 0.0648438 0.000125417
0 0.387891 0.714844 0.146094 0.395312 0.0001275
0 0.607422 0.694922 0.111719 0.169531 0.000128553
0 0.34375 0.659375 0.09375 0.209375 0.000129698
0 0.639844 0.640234 0.139062 0.221094 0.00013286
0 0.922266 0.144531 0.152344 0.28125 0.00014171
0 0.338281 0.344141 0.1375 0.174219 0.000144156
0 0.864453 0.0375 0.258594 0.0734375 0.000150899
0 0.776563 0.144922 0.401563 0.280469 0.000156142
0 0.169531 0.512109 0.1125 0.252344 0.000163124
0 0.338672 0.403125 0.139844 0.173438 0.000164626
0 0.784766 0.483203 0.0773437 0.167969 0.000173212
0 0.697266 0.846094 0.141406 0.196875 0.000175939
0 0.774219 0.555078 0.11875 0.241406 0.000178677
0 0.874609 0.900391 0.150781 0.197656 0.000182492
0 0.842188 0.980078 0.123438 0.0382813 0.000183522
0 0.78125 0.0691406 0.371875 0.138281 0.000206383
0 0.657422 0.802734 0.124219 0.210156 0.000218832
0 0.278906 0.483984 0.251563 0.197656 0.000219762
0 0.819922 0.848437 0.128906 0.210938 0.000225853
0 0.285547 0.349609 0.139844 0.183594 0.000228119
0 0.858203 0.947266 0.105469 0.105469 0.000266858
0 0.634766 0.845703 0.127344 0.222656 0.000269068
0 0.392969 0.895703 0.13125 0.186719 0.000277321
0 0.605859 0.798828 0.124219 0.205469 0.00027764
0 0.130469 0.776953 0.135937 0.377344 0.000278887
0 0.779297 0.946094 0.246094 0.104687 0.000286767
0 0.740625 0.866406 0.14375 0.1625 0.000291469
0 0.318359 0.687109 0.189844 0.533594 0.000291688
0 0.387891 0.809375 0.124219 0.254687 0.000292117
0 0.194531 0.864062 0.148438 0.203125 0.000302653
0 0.598437 0.888281 0.120312 0.190625 0.000305406
0 0.741797 0.825781 0.194531 0.217187 0.000314216
0 0.770312 0.637891 0.18125 0.553906 0.000319
0 0.189063 0.526172 0.14375 0.394531 0.000337901
0 0.107031 0.876953 0.135937 0.242969 0.000343101
0 0.194531 0.557813 0.201562 0.621875 0.000385735
0 0.815234 0.964844 0.175781 0.0703125 0.000388103
0 0.344141 0.928516 0.199219 0.135156 0.000392914
0 0.765234 0.483203 0.119531 0.219531 0.000434596
0 0.191016 0.919922 0.242969 0.153906 0.000478711
0 0.648828 0.729297 0.164844 0.308594 0.000479225
0 0.860937 0.204688 0.278125 0.409375 0.000522952
0 0.810156 0.313672 0.379687 0.627344 0.000549907
0 0.344531 0.710938 0.125 0.378125 0.000657076
0 0.154687 0.805078 0.1125 0.260156 0.00066239
0 0.302344 0.822656 0.228125 0.275 0.000686422
0 0.136719 0.886719 0.101562 0.19375 0.000754954
0 0.200391 0.403125 0.167969 0.285937 0.000798162
0 0.892187 0.0652344 0.2125 0.128906 0.000885149
0 0.835156 0.932422 0.170312 0.132031 0.000897591
0 0.866406 0.104297 0.267188 0.207031 0.00107368
0 0.645703 0.890234 0.192969 0.205469 0.00108382
0 0.304297 0.897266 0.258594 0.186719 0.00114467
0 0.296484 0.423828 0.230469 0.183594 0.00115542
0 0.183203 0.778516 0.166406 0.349219 0.00126315
0 0.203125 0.465625 0.125 0.221875 0.00129173
0 0.820312 0.820703 0.185937 0.325781 0.00155207
0 0.727734 0.753516 0.260156 0.425781 0.00168151
0 0.326953 0.357812 0.196094 0.246875 0.00215518
0 0.666406 0.826563 0.201562 0.29375 0.00228439
0 0.219531 0.707031 0.259375 0.54375 0.00349818
0 0.798828 0.889844 0.196094 0.204688 0.0035442
0 0.244141 0.387891 0.149219 0.203906 0.00355421
0 0.155859 0.863672 0.153906 0.257031 0.00404051
0 0.267188 0.512891 0.290625 0.566406 0.00845642
0 0.227344 0.869141 0.289062 0.247656 0.0104348
0 0.735937 0.870703 0.2875 0.247656 0.0177299
0 0.234375 0.455469 0.192188 0.290625 0.0210469
0 0.269922 0.394531 0.250781 0.314063 0.233238
