0 0.579687 0.40625 0.195312 0.442187 0.000100703
0 0.698047 0.408984 0.0617188 0.0835937 0.00010137
0 0.542188 0.531641 0.120312 0.252344 0.000101753
0 0.716016 0.488672 0.0664062 0.108594 0.000103048
0 0.700781 0.211328 0.379687 0.375781 0.000104564
0 0.383984 0.301953 0.0554687 0.0867188 0.000104841
0 0.655078 0.858984 0.342969 0.272656 0.000105857
0 0.718359 0.227344 0.0414063 0.0515625 0.000106725
0 0.319141 0.75625 0.0898438 0.110937 0.00010676
0 0.269141 0.737109 0.0679687 0.108594 0.000107496
0 0.547266 0.199219 0.382031 0.389062 0.000108576
0 0.346484 0.407031 0.0960938 0.209375 0.000112095
0 0.694922 0.554297 0.0804688 0.116406 0.000113973
0 0.362891 0.341016 0.0664062 0.0835937 0.000114306
0 0.713281 0.361719 0.145313 0.392188 0.000115597
0 0.4 0.257422 0.071875 0.0992187 0.000116336
0 0.742578 0.485547 0.114844 0.292969 0.000116914
0 0.442187 0.269922 0.146875 0.150781 0.000117022
0 0.636328 0.391406 0.0992187 0.164062 0.000121625
0 0.811328 0.0390625 0.238281 0.0765625 0.000122631
0 0.744531 0.390234 0.370313 0.616406 0.000123084
0 0.654297 0.451172 0.0835937 0.0976562 0.000125148
0 0.980078 0.959766 0.0367187 0.0804688 0.0001286
0 0.464063 0.60625 0.195312 0.295312 0.000129453
0 0.976172 0.523438 0.0476562 0.409375 0.000132044
0 0.732422 0.280859 0.0351562 0.0632813 0.000134758
0 0.945312 0.978125 0.10625 0.0421875 0.000136978
0 0.949219 0.637109 0.101562 0.700781 0.00013832
0 0.594922 0.551172 0.0820312 0.105469 0.000138944
0 0.464844 0.192969 0.242188 0.328125 0.000140195
0 0.89375 0.639063 0.2125 0.721875 0.000142374
0 0.726953 0.261328 0.0351562 0.0632813 0.000143566
0 0.0765625 0.797266 0.153125 0.405469 0.000144486
0 0.674609 0.508984 0.0835937 0.100781 0.000145451
0 0.698047 0.249609 0.0648438 0.0945313 0.000145958
0 0.695312 0.408594 0.0828125 0.126563 0.000146295
0 0.939062 0.135937 0.121875 0.260938 0.000146345
0 0.933203 0.962109 0.0945313 0.0757812 0.000147396
0 0.964063 0.914453 0.071875 0.121094 0.000148038
0 0.698047 0.227344 0.242969 0.260938 0.000150439
0 0.695312 0.632031 0.0953125 0.1375 0.000150622
0 0.3875 0.257031 0.05 0.071875 0.000158809
0 0.407813 0.849219 0.320312 0.301562 0.000159048
0 0.618359 0.430859 0.105469 0.191406 0.000159466
0 0.348437 0.343359 0.0765625 0.119531 0.000163709
0 0.714844 0.3 0.040625 0.0640625 0.000166319
0 0.466406 0.525391 0.25625 0.325781 0.000166861
0 0.382812 0.321094 0.0875 0.134375 0.000167125
0 0.284766 0.755469 0.0789063 0.10625 0.000167877
0 0.750391 0.943359 0.383594 0.111719 0.000169433
0 0.616016 0.529688 0.0820312 0.104687 0.000179917
0 0.637109 0.608984 0.124219 0.146094 0.000184431
0 0.716797 0.447656 0.0617188 0.104687 0.000186957
0 0.901953 0.0308594 0.188281 0.0601562 0.000189933
0 0.665625 0.277344 0.0875 0.125 0.000191504
0 0.653516 0.489062 0.0835937 0.09375 0.000191816
0 0.65625 0.529297 0.084375 0.105469 0.000193651
0 0.360547 0.354688 0.110156 0.1875 0.000194237
0 0.421875 0.488672 0.121875 0.214844 0.000198495
0 0.635938 0.551953 0.0828125 0.110156 0.000198883
0 0.366406 0.46875 0.117188 0.15625 0.000208749
0 0.330469 0.512891 0.109375 0.200781 0.000209645
0 0.375391 0.279687 0.0742188 0.1 0.000212583
0 0.655078 0.430859 0.111719 0.160156 0.000213379
0 0.360547 0.757422 0.203906 0.205469 0.000218417
0 0.798828 0.16875 0.380469 0.332812 0.000220349
0 0.694922 0.313672 0.0414063 0.0585938 0.000227591
0 0.633984 0.473047 0.0804688 0.0945313 0.000231412
0 0.329297 0.596875 0.127344 0.209375 0.000231817
0 0.920703 0.0699219 0.158594 0.138281 0.000233537
0 0.677344 0.590625 0.0890625 0.110937 0.000241836
0 0.883594 0.979297 0.215625 0.0414063 0.000242805
0 0.379687 0.676562 0.146875 0.19375 0.000247325
0 0.365234 0.407031 0.150781 0.323438 0.000251644
0 0.691406 0.277734 0.120312 0.186719 0.000253813
0 0.560547 0.673437 0.289844 0.345313 0.000265226
0 0.742188 0.560156 0.153125 0.420312 0.000268877
0 0.398438 0.552734 0.140625 0.208594 0.000274684
0 0.709766 0.635938 0.147656 0.276563 0.000278081
0 0.970312 0.563281 0.059375 0.66875 0.000280189
0 0.657812 0.570703 0.0875 0.110156 0.000283149
0 0.68125 0.259375 0.0484375 0.0703125 0.000294244
0 0.681641 0.730859 0.191406 0.313281 0.000295882
0 0.694922 0.450391 0.0960938 0.158594 0.000304818
0 0.61875 0.608594 0.204688 0.179688 0.000306886
0 0.299609 0.528516 0.228906 0.589844 0.000317979
0 0.382812 0.313281 0.135937 0.189063 0.000326353
0 0.660937 0.301562 0.0640625 0.090625 0.000341767
0 0.676562 0.284375 0.0578125 0.0875 0.00034815
0 0.633984 0.509375 0.0773437 0.101562 0.000348351
0 0.630859 0.314063 0.377344 0.598437 0.000354684
0 0.301562 0.736328 0.0875 0.113281 0.000355799
0 0.540625 0.486328 0.209375 0.433594 0.000356926
0 0.284766 0.775391 0.152344 0.180469 0.000358944
0 0.421875 0.615625 0.148438 0.198437 0.000364755
0 0.819141 0.963672 0.336719 0.0726563 0.000366949
0 0.576563 0.514453 0.115625 0.199219 0.000370887
0 0.716016 0.277734 0.0367187 0.0617188 0.00037139
0 0.983203 0.864844 0.0335938 0.254687 0.000401173
0 0.446875 0.299609 0.220313 0.255469 0.000401436
0 0.69375 0.276172 0.0640625 0.0898438 0.000414899
0 0.653516 0.365625 0.161719 0.346875 0.000475948
0 0.701172 0.258203 0.0429688 0.0648438 0.000491752
0 0.791406 0.727344 0.379687 0.535937 0.000500022
0 0.714453 0.494141 0.0867188 0.207031 0.000500494
0 0.470313 0.478125 0.376563 0.603125 0.000503427
0 0.739844 0.611719 0.264062 0.504687 0.000548067
0 0.678125 0.302734 0.046875 0.0632813 0.000555798
0 0.314453 0.840625 0.260156 0.31875 0.000556431
0 0.383984 0.492578 0.146094 0.250781 0.000600102
0 0.979688 0.925781 0.040625 0.148438 0.000603672
0 0.709375 0.794141 0.273438 0.363281 0.000615534
0 0.654297 0.366797 0.221094 0.521094 0.000617199
0 0.268359 0.7375 0.105469 0.196875 0.000632968
0 0.157031 0.730469 0.3 0.514063 0.000634655
0 0.811328 0.0710938 0.310156 0.142188 0.000641629
0 0.713672 0.257812 0.0351562 0.059375 0.000726644
0 0.302734 0.7 0.0820312 0.110937 0.000754574
0 0.149609 0.860937 0.285156 0.276563 0.000818711
0 0.864453 0.10625 0.271094 0.2125 0.000854801
0 0.558203 0.412109 0.330469 0.547656 0.000908851
0 0.54375 0.601562 0.140625 0.1875 0.00102226
0 0.257422 0.648438 0.274219 0.540625 0.00110503
0 0.960938 0.951953 0.078125 0.0960938 0.00118965
0 0.3 0.611719 0.153125 0.384375 0.00141156
0 0.337891 0.490234 0.150781 0.360156 0.00145112
0 0.648047 0.629687 0.214844 0.354688 0.00168209
0 0.617578 0.569141 0.138281 0.189844 0.00178401
0 0.905078 0.955859 0.189844 0.0882813 0.00190282
0 0.825391 0.892969 0.349219 0.214062 0.00202532
0 0.673828 0.475 0.139844 0.2625 0.00205144
0 0.410547 0.644141 0.219531 0.289844 0.00205928
0 0.339844 0.656641 0.14375 0.216406 0.00213259
0 0.866016 0.932422 0.267969 0.135156 0.00214593
0 0.704297 0.444922 0.213281 0.474219 0.00224013
0 0.939062 0.839453 0.121875 0.321094 0.00229389
0 0.884766 0.83125 0.230469 0.3375 0.00236972
0 0.964063 0.862109 0.071875 0.274219 0.00261194
0 0.240625 0.800781 0.278125 0.38125 0.00261879
0 0.619531 0.494531 0.123438 0.245312 0.00266496
0 0.269922 0.721484 0.178906 0.328906 0.0028808
0 0.673047 0.587891 0.141406 0.182031 0.00315121
0 0.361719 0.554297 0.145313 0.257031 0.0042238
0 0.308203 0.680078 0.108594 0.217969 0.00456893
0 0.355859 0.761328 0.294531 0.352344 0.00536314
0 0.38125 0.436328 0.217187 0.502344 0.00551916
0 0.700781 0.524609 0.139062 0.272656 0.00793414
0 0.907422 0.896875 0.185156 0.20625 0.00875659
0 0.578516 0.562891 0.172656 0.235156 0.00900479
0 0.939453 0.930469 0.121094 0.139062 0.0150706
0 0.638672 0.499219 0.271094 0.395312 0.019203
0 0.314453 0.725391 0.149219 0.222656 0.0207819
0 0.350391 0.677734 0.210156 0.317969 0.0494593
0 0.364844 0.567578 0.209375 0.399219 0.160527
0 0.650781 0.535156 0.1875 0.28125 0.248324
