0 0.988672 0.301562 0.0210938 0.179688 0.000103134
0 0.392578 0.499609 0.292969 0.355469 0.0001037
0 0.427734 0.342969 0.121094 0.210938 0.00010444
0 0.407813 0.432422 0.0828125 0.103906 0.000105697
0 0.402344 0.343359 0.107813 0.141406 0.000107133
0 0.798437 0.587891 0.15625 0.189844 0.000107349
0 0.444922 0.721484 0.302344 0.466406 0.000112011
0 0.386719 0.0335938 0.24375 0.0671875 0.000124793
0 0.776953 0.388672 0.110156 0.196094 0.000127032
0 0.376953 0.322266 0.0679687 0.0757812 0.00012876
0 0.672656 0.505078 0.182812 0.216406 0.000131369
0 0.860937 0.0335938 0.25 0.065625 0.000132081
0 0.0472656 0.814844 0.0945313 0.370313 0.000132711
0 0.726953 0.0402344 0.332031 0.0804688 0.000134594
0 0.744531 0.300781 0.10625 0.167187 0.000135539
0 0.474219 0.30625 0.109375 0.189063 0.000135941
0 0.338281 0.28125 0.075 0.123438 0.000139651
0 0.360938 0.307031 0.071875 0.0765625 0.000140188
0 0.738672 0.102344 0.424219 0.2 0.000143202
0 0.0246094 0.353125 0.0445312 0.420312 0.000148708
0 0.308203 0.0566406 0.352344 0.110156 0.000172329
0 0.728906 0.570703 0.307813 0.341406 0.000174072
0 0.89375 0.0550781 0.207813 0.105469 0.000179226
0 0.796875 0.474219 0.0859375 0.1125 0.000181928
0 0.694922 0.252344 0.0867188 0.103125 0.000187881
0 0.0667969 0.719141 0.133594 0.561719 0.000190354
0 0.0257812 0.852734 0.0515625 0.294531 0.000190657
0 0.0265625 0.566797 0.046875 0.475781 0.000193032
0 0.778125 0.449219 0.0828125 0.1 0.000197182
0 0.813281 0.513281 0.078125 0.1125 0.000199923
0 0.376953 0.323828 0.0914062 0.114844 0.000208928
0 0.425781 0.45 0.0890625 0.104687 0.000210667
0 0.756641 0.221484 0.0585938 0.0695312 0.00021403
0 0.3625 0.265625 0.11875 0.1625 0.000228949
0 0.336328 0.433203 0.124219 0.217969 0.000240573
0 0.701172 0.451562 0.0867188 0.1125 0.000241934
0 0.740625 0.488672 0.0890625 0.110156 0.000256746
0 0.370313 0.501953 0.176563 0.175781 0.000264911
0 0.693359 0.266797 0.0648438 0.0695312 0.000272278
0 0.741797 0.235547 0.0882813 0.103906 0.000275734
0 0.720312 0.469531 0.0875 0.1125 0.000292046
0 0.796875 0.0582031 0.378125 0.111719 0.000303914
0 0.028125 0.729688 0.0546875 0.495313 0.000311834
0 0.380078 0.320703 0.130469 0.202344 0.000343739
0 0.721875 0.43125 0.084375 0.096875 0.000356185
0 0.400781 0.392188 0.265625 0.353125 0.000357518
0 0.810547 0.471484 0.103906 0.200781 0.000367214
0 0.0414063 0.599219 0.0796875 0.753125 0.000414199
0 0.335938 0.355469 0.101562 0.192188 0.000424618
0 0.471875 0.383984 0.109375 0.217969 0.000426848
0 0.68125 0.280859 0.0796875 0.107031 0.000430275
0 0.7125 0.258594 0.13125 0.164062 0.000431568
0 0.695703 0.312109 0.119531 0.196094 0.000447795
0 0.760938 0.471875 0.0875 0.110937 0.000483908
0 0.797656 0.547656 0.0859375 0.0984375 0.000487487
0 0.722656 0.413672 0.125 0.188281 0.000518504
0 0.764453 0.270312 0.0976562 0.159375 0.000529566
0 0.728125 0.34375 0.282813 0.464063 0.000557555
0 0.738672 0.448828 0.0867188 0.105469 0.000560472
0 0.454688 0.439063 0.11875 0.171875 0.000581522
0 0.725 0.503125 0.142188 0.146875 0.000587965
0 0.391797 0.468359 0.128906 0.117969 0.000766415
0 0.810547 0.549609 0.111719 0.153906 0.000769622
0 0.350781 0.317578 0.1 0.153906 0.000769858
0 0.43125 0.482422 0.154687 0.150781 0.0008479
0 0.781641 0.511719 0.0914062 0.109375 0.000902239
0 0.690234 0.384766 0.150781 0.264844 0.000926861
0 0.764063 0.319922 0.128125 0.297656 0.00103202
0 0.365234 0.395703 0.155469 0.244531 0.00140847
0 0.790234 0.407031 0.142969 0.332812 0.0020257
0 0.749219 0.543359 0.221875 0.210156 0.00264786
0 0.757031 0.433984 0.13125 0.188281 0.0027354
0 0.424609 0.399609 0.169531 0.244531 0.00312
0 0.398047 0.454297 0.180469 0.169531 0.00552389
0 0.734766 0.475 0.266406 0.271875 0.0056999
0 0.710156 0.451953 0.173438 0.180469 0.00622904
0 0.739453 0.410547 0.194531 0.294531 0.00743786
0 0.788281 0.516406 0.134375 0.1625 0.0121668
0 0.760938 0.478906 0.176563 0.196875 0.0939046
