0 0.203125 0.444141 0.135937 0.239844 0.000100555
0 0.121484 0.758594 0.135156 0.16875 0.000104234
0 0.375 0.599609 0.182812 0.497656 0.000116264
0 0.326172 0.446484 0.0820312 0.0976562 0.000117769
0 0.021875 0.520703 0.04375 0.478906 0.000118039
0 0.194531 0.575391 0.13125 0.232031 0.000122415
0 0.2375 0.65625 0.153125 0.242188 0.00013147
0 0.0285156 0.522656 0.0570313 0.714063 0.000133111
0 0.195703 0.733594 0.147656 0.170312 0.000142143
0 0.632031 0.646094 0.2125 0.396875 0.000146613
0 0.282031 0.754297 0.182812 0.192969 0.000147137
0 0.666797 0.841016 0.194531 0.235156 0.000154235
0 0.970703 0.734766 0.0351562 0.150781 0.000174328
0 0.217969 0.404297 0.0921875 0.132031 0.000176595
0 0.321094 0.762891 0.329688 0.339844 0.000181586
0 0.332422 0.754687 0.211719 0.253125 0.000186687
0 0.667969 0.397266 0.215625 0.336719 0.000189496
0 0.702734 0.696875 0.203906 0.214062 0.000195132
0 0.376563 0.276953 0.142188 0.166406 0.000195651
0 0.223047 0.791016 0.330469 0.277344 0.000202385
0 0.932813 0.785156 0.134375 0.415625 0.000202469
0 0.0730469 0.0210938 0.146094 0.0421875 0.000209297
0 0.299219 0.677344 0.0921875 0.10625 0.00021997
0 0.757812 0.552344 0.140625 0.204688 0.000220771
0 0.962109 0.726562 0.0757812 0.473437 0.000226788
0 0.719531 0.618359 0.153125 0.263281 0.000228089
0 0.921875 0.964063 0.15625 0.071875 0.00023159
0 0.974609 0.647266 0.0507812 0.388281 0.000245985
0 0.1125 0.0332031 0.101562 0.0539063 0.000246099
0 0.788281 0.485547 0.121875 0.321094 0.000257037
0 0.303906 0.644141 0.14375 0.232031 0.000264207
0 0.285937 0.325391 0.134375 0.167969 0.000291081
0 0.202344 0.499219 0.192188 0.371875 0.00029238
0 0.658984 0.595312 0.144531 0.239063 0.000295147
0 0.280469 0.424609 0.207813 0.199219 0.000297241
0 0.133203 0.650781 0.180469 0.401563 0.00031909
0 0.324219 0.342578 0.151562 0.217969 0.000319752
0 0.376563 0.348047 0.154687 0.267969 0.000330525
0 0.758594 0.720312 0.145313 0.276563 0.000333852
0 0.0710938 0.0558594 0.142188 0.107031 0.000341755
0 0.912891 0.883203 0.172656 0.233594 0.000357424
0 0.809766 0.636719 0.283594 0.614062 0.000364016
0 0.851562 0.784375 0.2625 0.43125 0.000384357
0 0.966406 0.728906 0.0515625 0.26875 0.000385502
0 0.753906 0.445703 0.157813 0.349219 0.000453049
0 0.252734 0.358594 0.188281 0.24375 0.000469023
0 0.323828 0.444141 0.121094 0.136719 0.000525115
0 0.0542969 0.0335938 0.107031 0.0625 0.000563987
0 0.902344 0.938281 0.195312 0.121875 0.000725123
0 0.1 0.0339844 0.2 0.0679687 0.000914816
0 0.760938 0.796094 0.232812 0.326562 0.001011
0 0.322656 0.289453 0.19375 0.188281 0.00104139
0 0.341016 0.431641 0.182031 0.244531 0.00106826
0 0.66875 0.569531 0.207813 0.365625 0.00128157
0 0.701953 0.555078 0.194531 0.213281 0.00134633
0 0.177734 0.6375 0.144531 0.28125 0.00138244
0 0.276563 0.441016 0.248437 0.347656 0.00153397
0 0.687891 0.773438 0.264844 0.38125 0.0017346
0 0.334375 0.480859 0.265625 0.583594 0.00212741
0 0.160547 0.718359 0.196094 0.236719 0.00234758
0 0.301172 0.602734 0.224219 0.436719 0.00293257
0 0.758203 0.573438 0.169531 0.382812 0.00498481
0 0.786328 0.68125 0.185156 0.460938 0.00788429
0 0.306641 0.354297 0.233594 0.302344 0.00849186
0 0.717188 0.488672 0.23125 0.544531 0.00890809
0 0.298047 0.695312 0.202344 0.240625 0.018382
0 0.196094 0.610937 0.217187 0.403125 0.0225914
0 0.230469 0.689453 0.307813 0.325781 0.105285
0 0.248828 0.527344 0.316406 0.615625 0.230795
0 0.721094 0.658594 0.245312 0.470313 0.322756
