0 0.0542969 0.814453 0.102344 0.371094 0.000100346
0 0.722656 0.278516 0.10625 0.135156 0.000101874
0 0.7 0.317578 0.0640625 0.0820312 0.000102599
0 0.264062 0.626562 0.148438 0.173438 0.000102702
0 0.610156 0.201953 0.121875 0.107031 0.000109573
0 0.653125 0.351172 0.171875 0.253906 0.000111256
0 0.819922 0.580469 0.0867188 0.1125 0.000111765
0 0.826953 0.549219 0.283594 0.307813 0.000113467
0 0.280469 0.557422 0.0875 0.107031 0.000114728
0 0.974609 0.442578 0.0507812 0.428906 0.000122503
0 0.244141 0.282813 0.105469 0.146875 0.000122762
0 0.259766 0.573047 0.0882813 0.107031 0.00012556
0 0.744141 0.306641 0.139844 0.172656 0.000130097
0 0.753906 0.319141 0.0765625 0.100781 0.000132133
0 0.784766 0.644531 0.139844 0.11875 0.000132136
0 0.761719 0.399219 0.128125 0.24375 0.000135351
0 0.637109 0.227734 0.142969 0.142969 0.000138715
0 0.762109 0.398438 0.180469 0.354688 0.000139098
0 0.7375 0.339844 0.075 0.109375 0.000140808
0 0.697266 0.531641 0.128906 0.202344 0.000149002
0 0.961719 0.55625 0.0765625 0.6 0.000151487
0 0.546484 0.267578 0.0851562 0.128906 0.000154072
0 0.198437 0.512891 0.1125 0.167969 0.00016011
0 0.781641 0.582422 0.0882813 0.111719 0.000178282
0 0.677734 0.24375 0.163281 0.171875 0.000183574
0 0.685938 0.617969 0.317187 0.332812 0.000187991
0 0.222656 0.339844 0.06875 0.08125 0.000197844
0 0.663672 0.480078 0.150781 0.202344 0.000204617
0 0.217969 0.469531 0.11875 0.198437 0.000213903
0 0.3375 0.436719 0.257812 0.576563 0.000219683
0 0.696875 0.301172 0.103125 0.117969 0.000221105
0 0.301172 0.573047 0.0898438 0.102344 0.000223213
0 0.344922 0.258594 0.142969 0.15625 0.000231108
0 0.977734 0.558203 0.0429688 0.378906 0.000246879
0 0.855078 0.615234 0.0867188 0.121094 0.000258771
0 0.319922 0.534766 0.130469 0.260156 0.00026266
0 0.780078 0.65 0.336719 0.3 0.000278432
0 0.728906 0.3125 0.0875 0.09375 0.00030135
0 0.242578 0.323047 0.132031 0.180469 0.000310918
0 0.152344 0.647656 0.11875 0.1875 0.000328126
0 0.580859 0.242578 0.142969 0.161719 0.000330681
0 0.701953 0.296484 0.172656 0.213281 0.000331412
0 0.336719 0.485547 0.170312 0.402344 0.000365198
0 0.180859 0.556641 0.121094 0.199219 0.000373801
0 0.632422 0.266016 0.188281 0.194531 0.000422353
0 0.317187 0.232031 0.132812 0.117188 0.000426045
0 0.226562 0.35 0.0921875 0.129688 0.000492156
0 0.763672 0.557813 0.139844 0.182812 0.000549903
0 0.766406 0.612891 0.090625 0.0914062 0.000554825
0 0.229297 0.397656 0.136719 0.248437 0.00056404
0 0.658203 0.570312 0.185156 0.20625 0.000579765
0 0.297656 0.264844 0.165625 0.179688 0.000633233
0 0.743359 0.594922 0.146094 0.136719 0.000777938
0 0.783203 0.643359 0.233594 0.149219 0.00079885
0 0.713281 0.402734 0.235938 0.453906 0.000831212
0 0.226562 0.636328 0.309375 0.277344 0.00101482
0 0.241406 0.557422 0.145313 0.185156 0.00114569
0 0.701563 0.530469 0.21875 0.259375 0.00117763
0 0.326953 0.599609 0.167969 0.188281 0.00140015
0 0.802734 0.536328 0.164844 0.253906 0.00146309
0 0.828516 0.579297 0.141406 0.185156 0.00174868
0 0.688672 0.6125 0.210156 0.171875 0.00191165
0 0.825 0.628125 0.132812 0.117188 0.00243452
0 0.203516 0.535547 0.175781 0.288281 0.00272612
0 0.761328 0.491797 0.227344 0.357031 0.00293808
0 0.280859 0.575391 0.142969 0.160156 0.00312509
0 0.798828 0.612109 0.0929687 0.0851562 0.00401789
0 0.184375 0.608594 0.16875 0.232812 0.00401955
0 0.267969 0.479688 0.245312 0.401563 0.00938234
0 0.739062 0.584766 0.2375 0.185156 0.0173924
0 0.787891 0.607422 0.177344 0.138281 0.0532149
0 0.265625 0.581641 0.232812 0.224219 0.0535313
