0 0.021875 0.528906 0.040625 0.245312 0.000101313
0 0.258594 0.0421875 0.13125 0.03125 0.000102127
0 0.133984 0.651953 0.227344 0.191406 0.000107819
0 0.622656 0.406641 0.071875 0.0789063 0.000111638
0 0.0351562 0.653125 0.0640625 0.134375 0.000117787
0 0.975391 0.813672 0.0492188 0.325781 0.000121081
0 0.276953 0.0515625 0.147656 0.0515625 0.000126406
0 0.021875 0.6125 0.0375 0.0859375 0.000131166
0 0.130469 0.425391 0.2 0.175781 0.000139773
0 0.552344 0.774219 0.1875 0.160938 0.000145828
0 0.334375 0.964453 0.0515625 0.0617188 0.000149519
0 0.053125 0.671875 0.103125 0.15625 0.000156014
0 0.318359 0.0375 0.221094 0.046875 0.000156533
0 0.152734 0.329688 0.238281 0.23125 0.000173508
0 0.599609 0.789062 0.232031 0.25 0.000192917
0 0.214453 0.564453 0.208594 0.297656 0.000204139
0 0.649609 0.767578 0.135156 0.171094 0.000218002
0 0.596484 0.376563 0.102344 0.123438 0.000218256
0 0.501562 0.528125 0.2375 0.498437 0.000228438
0 0.648438 0.700781 0.326562 0.448438 0.000250617
0 0.628516 0.503516 0.0882813 0.125781 0.000281082
0 0.5375 0.428125 0.178125 0.1625 0.000295111
0 0.538672 0.437891 0.203906 0.305469 0.000299088
0 0.534766 0.403906 0.113281 0.104687 0.000300553
0 0.591406 0.637109 0.148438 0.274219 0.000309214
0 0.517969 0.767578 0.24375 0.258594 0.0003215
0 0.0335938 0.610937 0.0609375 0.109375 0.000383351
0 0.107422 0.491406 0.150781 0.257812 0.0003896
0 0.219922 0.472656 0.235156 0.328125 0.000413949
0 0.258984 0.424609 0.130469 0.144531 0.000443984
0 0.626172 0.519141 0.127344 0.235156 0.000518643
0 0.576953 0.406641 0.142969 0.144531 0.000528517
0 0.0574219 0.595312 0.111719 0.148438 0.000602119
0 0.0460938 0.525781 0.0921875 0.276563 0.000669646
0 0.551953 0.713281 0.142969 0.182812 0.000750724
0 0.229687 0.397266 0.1875 0.197656 0.000806187
0 0.108984 0.591797 0.139844 0.175781 0.000873232
0 0.624219 0.726953 0.179688 0.221094 0.000979397
0 0.0824219 0.413672 0.157031 0.253906 0.00112141
0 0.605078 0.413281 0.100781 0.1125 0.00127623
0 0.0761719 0.631641 0.146094 0.191406 0.00140135
0 0.180859 0.395703 0.264844 0.257031 0.00147164
0 0.59375 0.531641 0.189063 0.341406 0.00165308
0 0.551562 0.658984 0.19375 0.203906 0.00184879
0 0.623438 0.637891 0.198437 0.408594 0.00212569
0 0.146484 0.596875 0.286719 0.273438 0.00374304
0 0.611719 0.455078 0.1125 0.160156 0.00423105
0 0.171094 0.442969 0.307813 0.470313 0.00627526
0 0.0820312 0.551562 0.164062 0.267188 0.0101218
0 0.567969 0.713281 0.259375 0.267188 0.0122372
0 0.110547 0.505469 0.217969 0.409375 0.149545
0 0.558203 0.601562 0.269531 0.454688 0.25363
