0 0.758203 0.633203 0.139844 0.283594 0.000100604
0 0.0359375 0.233203 0.071875 0.466406 0.000102484
0 0.264453 0.742188 0.250781 0.23125 0.000125856
0 0.181641 0.615625 0.135156 0.284375 0.000126431
0 0.231641 0.332031 0.188281 0.234375 0.000141809
0 0.785937 0.482422 0.264062 0.657031 0.000146832
0 0.301562 0.109375 0.34375 0.21875 0.000147812
0 0.615234 0.34375 0.141406 0.164062 0.000156643
0 0.622656 0.603906 0.260938 0.476562 0.000170981
0 0.01875 0.0785156 0.0375 0.157031 0.000186935
0 0.2 0.349609 0.128125 0.169531 0.000191679
0 0.321094 0.680078 0.15 0.228906 0.000195171
0 0.0671875 0.188672 0.125 0.377344 0.000237345
0 0.329688 0.521094 0.254687 0.55625 0.000251563
0 0.176563 0.133594 0.329688 0.259375 0.000312141
0 0.720312 0.569922 0.140625 0.258594 0.000348951
0 0.147656 0.0367187 0.29375 0.0734375 0.00037924
0 0.0277344 0.0542969 0.0554687 0.108594 0.000402119
0 0.177344 0.0675781 0.351562 0.135156 0.000501585
0 0.184375 0.426562 0.11875 0.259375 0.000506528
0 0.654688 0.684766 0.19375 0.233594 0.000520532
0 0.628125 0.321094 0.196875 0.25 0.000591516
0 0.646875 0.401172 0.204688 0.303906 0.000609952
0 0.053125 0.065625 0.10625 0.13125 0.000668797
0 0.0453125 0.139844 0.090625 0.279687 0.000757624
0 0.255078 0.401172 0.238281 0.314844 0.000882527
0 0.296484 0.639063 0.249219 0.3375 0.000915548
0 0.101562 0.109766 0.203125 0.219531 0.00092027
0 0.180859 0.698438 0.146094 0.204688 0.00102738
0 0.166016 0.596484 0.205469 0.500781 0.00110818
0 0.0269531 0.112891 0.0539063 0.225781 0.00138684
0 0.713672 0.450391 0.160156 0.374219 0.00167772
0 0.751172 0.592578 0.188281 0.425781 0.00196289
0 0.702734 0.660156 0.241406 0.30625 0.00221914
0 0.646484 0.426562 0.263281 0.520312 0.00260532
0 0.219922 0.673047 0.224219 0.282031 0.00274423
0 0.222656 0.396094 0.15625 0.234375 0.00318924
0 0.203516 0.488281 0.169531 0.4 0.00490075
0 0.701563 0.521094 0.229687 0.5375 0.428802
0 0.245703 0.537109 0.263281 0.522656 0.467503
