0 0.677344 0.186328 0.159375 0.125781 0.000111506
0 0.325781 0.440234 0.19375 0.155469 0.000114845
0 0.760156 0.298828 0.0671875 0.102344 0.000116824
0 0.205859 0.452344 0.0882813 0.175 0.000118609
0 0.183203 0.612109 0.116406 0.272656 0.000118838
0 0.307813 0.532031 0.2 0.370313 0.000120138
0 0.785937 0.419922 0.140625 0.322656 0.000120932
0 0.160156 0.699609 0.110937 0.177344 0.000122714
0 0.492969 0.628516 0.517187 0.742969 0.000125881
0 0.121875 0.783203 0.0578125 0.0992187 0.000128873
0 0.319531 0.735547 0.210938 0.144531 0.000128946
0 0.753516 0.273828 0.100781 0.127344 0.000131936
0 0.803516 0.408203 0.0914062 0.175781 0.000132201
0 0.693359 0.751172 0.178906 0.177344 0.0001324
0 0.676953 0.580859 0.149219 0.235156 0.000135585
0 0.198828 0.528906 0.103906 0.159375 0.000139453
0 0.263672 0.404687 0.152344 0.2 0.000151008
0 0.773828 0.504687 0.275781 0.49375 0.000170711
0 0.629297 0.227734 0.0867188 0.0820312 0.000172192
0 0.838672 0.612109 0.135156 0.236719 0.000178141
0 0.797266 0.676172 0.0898438 0.100781 0.000187221
0 0.741016 0.239063 0.0757812 0.101562 0.000201161
0 0.653906 0.212891 0.121875 0.122656 0.000211545
0 0.254297 0.480859 0.163281 0.396094 0.0002184
0 0.338672 0.613281 0.150781 0.264062 0.000243127
0 0.264844 0.739062 0.310937 0.271875 0.000256192
0 0.752344 0.273047 0.0625 0.100781 0.000271824
0 0.244141 0.567578 0.274219 0.477344 0.000273285
0 0.772266 0.726562 0.205469 0.209375 0.000284123
0 0.378516 0.445312 0.100781 0.104687 0.000309839
0 0.664062 0.714063 0.16875 0.192188 0.000324988
0 0.242188 0.716406 0.140625 0.120312 0.000333918
0 0.242188 0.654688 0.142188 0.203125 0.000348587
0 0.227734 0.424609 0.110156 0.219531 0.000385444
0 0.260156 0.751172 0.246875 0.136719 0.000398423
0 0.135937 0.754687 0.084375 0.148438 0.000447635
0 0.280469 0.698438 0.140625 0.129688 0.000466341
0 0.8125 0.624219 0.270312 0.332812 0.000497363
0 0.808203 0.488281 0.132031 0.290625 0.000643333
0 0.7375 0.682422 0.296875 0.271094 0.000668858
0 0.336719 0.683594 0.140625 0.15625 0.000719852
0 0.745703 0.635938 0.127344 0.184375 0.000784076
0 0.678125 0.660156 0.157813 0.203125 0.00102106
0 0.214844 0.485547 0.123438 0.263281 0.00138777
0 0.781641 0.673047 0.133594 0.136719 0.00139453
0 0.267969 0.613281 0.221875 0.2875 0.00152697
0 0.201172 0.650391 0.191406 0.280469 0.00176948
0 0.817578 0.677344 0.180469 0.178125 0.00192561
0 0.303125 0.656641 0.1875 0.194531 0.00208805
0 0.199609 0.723828 0.194531 0.164844 0.00209408
0 0.812109 0.559375 0.172656 0.33125 0.00254328
0 0.752734 0.576172 0.208594 0.303906 0.00265937
0 0.216016 0.560547 0.155469 0.364844 0.00280596
0 0.727344 0.682813 0.214062 0.18125 0.00498262
0 0.260156 0.701172 0.228125 0.182031 0.00886457
0 0.785156 0.636719 0.19375 0.225 0.0146232
