0 0.355859 0.240625 0.135156 0.157813 0.000102215
0 0.76875 0.511719 0.08125 0.110937 0.000103174
0 0.677344 0.691797 0.171875 0.175781 0.000103875
0 0.284766 0.627734 0.136719 0.155469 0.000108216
0 0.153125 0.0621094 0.301562 0.122656 0.000108243
0 0.305859 0.177344 0.163281 0.139062 0.000108843
0 0.983203 0.444922 0.0335938 0.227344 0.000112761
0 0.696875 0.219141 0.142188 0.167969 0.000116019
0 0.810547 0.511719 0.105469 0.26875 0.000116092
0 0.319531 0.558984 0.0828125 0.100781 0.000118825
0 0.325391 0.362891 0.0898438 0.0992187 0.000126137
0 0.0269531 0.563281 0.0492188 0.460938 0.000127248
0 0.338281 0.446484 0.129688 0.236719 0.000130949
0 0.696484 0.424219 0.141406 0.203125 0.000138695
0 0.189844 0.464063 0.2875 0.560938 0.000138989
0 0.767187 0.594141 0.08125 0.103906 0.000142946
0 0.958984 0.597656 0.0789063 0.767187 0.00014332
0 0.040625 0.558984 0.0796875 0.696094 0.000152431
0 0.666797 0.673828 0.311719 0.369531 0.000154328
0 0.630078 0.474609 0.149219 0.271094 0.000156779
0 0.732031 0.706641 0.254687 0.242969 0.000171673
0 0.783594 0.576953 0.0828125 0.113281 0.000173855
0 0.721875 0.594531 0.125 0.235938 0.000180485
0 0.783203 0.534766 0.0789063 0.114844 0.000183459
0 0.694922 0.364844 0.178906 0.185937 0.000184597
0 0.343359 0.641797 0.149219 0.188281 0.000188527
0 0.598047 0.196484 0.124219 0.141406 0.00019619
0 0.185156 0.554688 0.109375 0.209375 0.000201548
0 0.744531 0.317969 0.134375 0.271875 0.000202056
0 0.283984 0.258594 0.175781 0.204688 0.000215364
0 0.363672 0.566797 0.130469 0.205469 0.000222961
0 0.639063 0.657031 0.135937 0.178125 0.00022307
0 0.626562 0.568359 0.15625 0.300781 0.00022844
0 0.979688 0.563281 0.040625 0.503125 0.000240887
0 0.655859 0.325 0.166406 0.19375 0.000242605
0 0.807422 0.713281 0.127344 0.159375 0.000253893
0 0.225391 0.647656 0.311719 0.34375 0.000272054
0 0.2125 0.319531 0.0921875 0.184375 0.000272164
0 0.341406 0.200391 0.140625 0.158594 0.000275348
0 0.742188 0.426562 0.121875 0.221875 0.000299575
0 0.367188 0.3125 0.160938 0.289062 0.000305188
0 0.825391 0.524219 0.167969 0.51875 0.000316214
0 0.634375 0.365234 0.0859375 0.102344 0.0003208
0 0.239844 0.554688 0.1625 0.217187 0.000329497
0 0.674609 0.465625 0.150781 0.176563 0.000345712
0 0.242969 0.304297 0.139062 0.216406 0.00036601
0 0.653125 0.403906 0.1375 0.190625 0.000378313
0 0.827734 0.644922 0.121094 0.275781 0.000388287
0 0.282031 0.344141 0.167187 0.180469 0.000397089
0 0.371484 0.434766 0.261719 0.730469 0.000409273
0 0.260938 0.468359 0.1625 0.175781 0.00043655
0 0.970703 0.435156 0.0585938 0.6875 0.000448684
0 0.239063 0.63125 0.215625 0.1875 0.000473118
0 0.715625 0.657031 0.184375 0.19375 0.000487617
0 0.798828 0.593359 0.103906 0.191406 0.000487824
0 0.302344 0.426562 0.132812 0.220313 0.000536542
0 0.748828 0.507422 0.130469 0.266406 0.000553164
0 0.625 0.311328 0.165625 0.302344 0.000605993
0 0.719141 0.26875 0.127344 0.204688 0.000679809
0 0.321875 0.536719 0.301562 0.3875 0.000709247
0 0.773047 0.452734 0.100781 0.258594 0.000770802
0 0.322266 0.3625 0.133594 0.176563 0.000785841
0 0.767578 0.592578 0.114844 0.217969 0.000979529
0 0.204297 0.469531 0.102344 0.248437 0.00107391
0 0.321094 0.592188 0.0875 0.104687 0.00108604
0 0.322656 0.299219 0.146875 0.232812 0.0011901
0 0.297656 0.467969 0.10625 0.117188 0.00124609
0 0.28125 0.529688 0.140625 0.267188 0.00125836
0 0.626953 0.358203 0.127344 0.157031 0.00127512
0 0.219141 0.407422 0.110156 0.261719 0.00127793
0 0.757422 0.407813 0.142969 0.390625 0.00174593
0 0.779688 0.659766 0.185937 0.252344 0.00217188
0 0.662109 0.516797 0.205469 0.444531 0.00224265
0 0.635156 0.205859 0.175 0.178906 0.00250196
0 0.332422 0.39375 0.180469 0.442187 0.00291607
0 0.654297 0.392188 0.191406 0.278125 0.0033694
0 0.332422 0.525781 0.158594 0.303125 0.00338904
0 0.667969 0.625 0.170312 0.253125 0.00347454
0 0.198828 0.59375 0.160156 0.279687 0.00390389
0 0.333594 0.233594 0.178125 0.254687 0.00409652
0 0.780078 0.53125 0.100781 0.245312 0.00435974
0 0.196484 0.468359 0.133594 0.400781 0.00506207
0 0.800781 0.598437 0.129688 0.317187 0.0051456
0 0.683984 0.301953 0.217969 0.328906 0.00629393
0 0.725 0.610156 0.2375 0.315625 0.00950249
0 0.242578 0.399609 0.164844 0.375781 0.00975955
0 0.312891 0.598047 0.150781 0.160156 0.0101401
0 0.278906 0.592188 0.228125 0.221875 0.019024
0 0.296094 0.295703 0.228125 0.336719 0.0253702
0 0.715625 0.459766 0.228125 0.472656 0.030027
0 0.773828 0.536328 0.142969 0.382031 0.0314443
0 0.233594 0.530859 0.201562 0.366406 0.0387863
0 0.272656 0.435547 0.2375 0.524219 0.111102
