0 0.689844 0.352734 0.135937 0.142969 0.000101836
0 0.635938 0.555469 0.13125 0.192188 0.000105173
0 0.365625 0.682031 0.157813 0.292188 0.000105249
0 0.615625 0.395703 0.164062 0.244531 0.000108122
0 0.734375 0.596484 0.154687 0.205469 0.000112713
0 0.323438 0.345703 0.153125 0.146094 0.000124397
0 0.773438 0.659375 0.110937 0.26875 0.000127293
0 0.203516 0.523047 0.207031 0.511719 0.00012819
0 0.942187 0.541016 0.110937 0.361719 0.000132056
0 0.218359 0.589453 0.0851562 0.107031 0.00013328
0 0.634375 0.311328 0.189063 0.171094 0.000133414
0 0.264062 0.733984 0.270312 0.191406 0.000153666
0 0.147656 0.360938 0.271875 0.396875 0.000159083
0 0.680469 0.798828 0.270312 0.194531 0.000165101
0 0.279687 0.580078 0.15 0.247656 0.000174525
0 0.652344 0.832422 0.398438 0.321094 0.000185254
0 0.242188 0.711328 0.15 0.203906 0.000186852
0 0.621484 0.522656 0.169531 0.346875 0.000209571
0 0.371484 0.4375 0.144531 0.25 0.000211469
0 0.760547 0.777734 0.205469 0.189844 0.000222894
0 0.188672 0.644531 0.307031 0.407813 0.000252425
0 0.776563 0.721094 0.14375 0.195312 0.000284515
0 0.314844 0.402734 0.204688 0.303906 0.00029215
0 0.714063 0.484375 0.175 0.36875 0.000306877
0 0.650781 0.403125 0.23125 0.359375 0.000384499
0 0.678125 0.694922 0.15 0.252344 0.000395105
0 0.662109 0.617578 0.141406 0.217969 0.000405579
0 0.207813 0.400391 0.382812 0.553906 0.000415551
0 0.629687 0.721484 0.228125 0.283594 0.000507565
0 0.768359 0.826953 0.283594 0.282031 0.000517533
0 0.319141 0.637109 0.138281 0.242969 0.000534289
0 0.678906 0.574219 0.2 0.209375 0.000557636
0 0.739453 0.696875 0.136719 0.2375 0.000662036
0 0.222266 0.598047 0.111719 0.177344 0.000662983
0 0.344922 0.389062 0.160156 0.207813 0.000747881
0 0.317969 0.694531 0.184375 0.201562 0.000760146
0 0.749609 0.574609 0.228906 0.489844 0.000855278
0 0.794922 0.730859 0.224219 0.313281 0.00100295
0 0.631641 0.610156 0.219531 0.33125 0.00111024
0 0.341406 0.485938 0.176563 0.389062 0.00112586
0 0.717188 0.7375 0.234375 0.209375 0.00134649
0 0.331641 0.610937 0.207031 0.365625 0.00154989
0 0.239063 0.725 0.26875 0.35 0.00185397
0 0.245703 0.580469 0.177344 0.3375 0.0023086
0 0.701563 0.636719 0.15 0.26875 0.00302158
0 0.260938 0.653516 0.151562 0.225781 0.00343983
0 0.680859 0.528516 0.260156 0.530469 0.00441717
0 0.214844 0.646094 0.146875 0.278125 0.00774601
0 0.719531 0.75625 0.29375 0.342187 0.00956573
0 0.289844 0.522266 0.246875 0.492969 0.0170452
0 0.697656 0.657812 0.251563 0.345313 0.28743
0 0.276172 0.652734 0.235156 0.294531 0.347161
