0 0.232031 0.764063 0.0875 0.101562 0.000100797
0 0.858984 0.778516 0.0976562 0.138281 0.000102346
0 0.181641 0.740234 0.0804688 0.107031 0.000104172
0 0.0386719 0.855078 0.0773437 0.282031 0.000104616
0 0.344922 0.304688 0.128906 0.192188 0.000104751
0 0.805078 0.592188 0.0648438 0.0953125 0.000105349
0 0.179297 0.780859 0.0882813 0.114844 0.000105367
0 0.233984 0.509375 0.0851562 0.109375 0.00010626
0 0.235938 0.547656 0.0859375 0.0859375 0.000107706
0 0.701953 0.285156 0.108594 0.13125 0.000108374
0 0.199609 0.552344 0.0851562 0.1125 0.000108547
0 0.261719 0.321094 0.128125 0.160938 0.000108614
0 0.221484 0.829297 0.225781 0.196094 0.000119194
0 0.726953 0.801562 0.299219 0.21875 0.000122698
0 0.187891 0.510547 0.103906 0.257031 0.000136849
0 0.279297 0.65625 0.0789063 0.1 0.000137709
0 0.782031 0.699609 0.146875 0.207031 0.000137758
0 0.678516 0.55625 0.136719 0.210938 0.000139201
0 0.840625 0.793359 0.1625 0.167969 0.000140666
0 0.219531 0.703906 0.14375 0.21875 0.000150589
0 0.345703 0.615234 0.138281 0.271094 0.000151977
0 0.827344 0.741016 0.084375 0.108594 0.000152861
0 0.605859 0.374219 0.116406 0.24375 0.000156743
0 0.757812 0.594531 0.14375 0.251563 0.000159986
0 0.802344 0.760938 0.142188 0.1375 0.00016225
0 0.132812 0.772266 0.132812 0.291406 0.00016945
0 0.722656 0.447656 0.126563 0.270312 0.000184345
0 0.721484 0.301953 0.0742188 0.100781 0.000186017
0 0.257422 0.549219 0.138281 0.146875 0.000188925
0 0.710547 0.612109 0.0882813 0.0945313 0.000193076
0 0.300781 0.635938 0.142188 0.190625 0.000198322
0 0.717578 0.533594 0.114844 0.145313 0.000198997
0 0.304688 0.405078 0.135937 0.242969 0.000200066
0 0.216797 0.531641 0.0867188 0.107031 0.000200698
0 0.662891 0.775391 0.191406 0.189844 0.000200912
0 0.330469 0.698828 0.14375 0.261719 0.000207888
0 0.415234 0.611719 0.325781 0.614062 0.000208862
0 0.758984 0.385938 0.291406 0.370313 0.000210806
0 0.178516 0.782812 0.288281 0.335938 0.000210977
0 0.640234 0.574609 0.149219 0.182031 0.000214288
0 0.0480469 0.469141 0.0960938 0.703906 0.000215278
0 0.244922 0.360938 0.169531 0.270312 0.00021914
0 0.75625 0.741797 0.148438 0.160156 0.000219656
0 0.346094 0.509766 0.153125 0.191406 0.0002199
0 0.0390625 0.392969 0.075 0.448438 0.000221124
0 0.741797 0.326172 0.0757812 0.110156 0.000238547
0 0.694141 0.737891 0.0914062 0.107031 0.000241111
0 0.282031 0.698828 0.178125 0.211719 0.000249076
0 0.733984 0.700781 0.141406 0.2 0.000266917
0 0.771094 0.363281 0.109375 0.203125 0.000268388
0 0.2625 0.634766 0.0796875 0.0960938 0.000279601
0 0.623828 0.484766 0.174219 0.410156 0.000284698
0 0.199219 0.763281 0.0875 0.110937 0.000313973
0 0.804297 0.592969 0.0945313 0.198437 0.000320835
0 0.279297 0.510938 0.178906 0.176563 0.000327423
0 0.3875 0.451172 0.15 0.341406 0.000341348
0 0.743359 0.365234 0.0804688 0.119531 0.000348966
0 0.219922 0.449219 0.107031 0.24375 0.000372469
0 0.288672 0.317578 0.185156 0.225781 0.000410626
0 0.161328 0.8 0.114844 0.190625 0.000432617
0 0.693359 0.287891 0.167969 0.194531 0.000464468
0 0.758594 0.424219 0.115625 0.265625 0.000479397
0 0.180469 0.624609 0.2875 0.602344 0.000516144
0 0.662891 0.698047 0.139844 0.246094 0.000559334
0 0.183594 0.676953 0.109375 0.280469 0.000569831
0 0.393359 0.532422 0.207031 0.560156 0.000582768
0 0.737109 0.307813 0.107031 0.184375 0.00058403
0 0.385938 0.612891 0.146875 0.325781 0.000627599
0 0.238281 0.614062 0.132812 0.229687 0.000634392
0 0.260938 0.633594 0.110937 0.142188 0.000644382
0 0.820703 0.656641 0.125781 0.271094 0.000805195
0 0.676562 0.612891 0.08125 0.0960938 0.000845118
0 0.632422 0.606641 0.182031 0.311719 0.000855612
0 0.384375 0.707812 0.151562 0.225 0.000947128
0 0.235547 0.764453 0.160156 0.174219 0.000954596
0 0.34375 0.481641 0.175 0.349219 0.0011177
0 0.218359 0.530078 0.114844 0.225781 0.00114796
0 0.712891 0.596875 0.136719 0.20625 0.0013747
0 0.809375 0.553516 0.178125 0.508594 0.00137806
0 0.198828 0.612891 0.113281 0.274219 0.00137902
0 0.8375 0.730469 0.13125 0.19375 0.00152216
0 0.676953 0.369922 0.203906 0.286719 0.00200294
0 0.349219 0.356641 0.176563 0.263281 0.00212734
0 0.758984 0.490234 0.158594 0.410156 0.00223027
0 0.689453 0.443359 0.249219 0.482031 0.0022527
0 0.797266 0.763281 0.242969 0.196875 0.00254286
0 0.697266 0.738672 0.141406 0.167969 0.00279001
0 0.677734 0.613672 0.121094 0.167969 0.00306997
0 0.174609 0.645312 0.136719 0.4625 0.00339796
0 0.233984 0.487109 0.146094 0.361719 0.0037257
0 0.695312 0.660156 0.142188 0.25 0.0037317
0 0.800391 0.687109 0.217969 0.286719 0.0051989
0 0.350781 0.761719 0.185937 0.203125 0.00533249
0 0.269531 0.565625 0.220313 0.401563 0.00592404
0 0.304688 0.396094 0.221875 0.340625 0.00702441
0 0.191406 0.770703 0.15625 0.211719 0.00721824
0 0.660937 0.564844 0.221875 0.479688 0.00744562
0 0.736719 0.358984 0.139062 0.238281 0.00816136
0 0.339844 0.610547 0.2 0.461719 0.0132006
0 0.288281 0.757812 0.29375 0.246875 0.0141962
0 0.717188 0.743359 0.2375 0.228906 0.0159963
0 0.204297 0.567187 0.149219 0.521875 0.0223528
0 0.216797 0.696484 0.197656 0.353906 0.0294956
0 0.74375 0.539844 0.253125 0.546875 0.0311532
0 0.710156 0.649609 0.226562 0.342969 0.079776
0 0.279687 0.541016 0.285937 0.622656 0.134877
