0 0.743359 0.680859 0.0820312 0.108594 0.000101164
0 0.324219 0.0621094 0.35625 0.124219 0.000101759
0 0.560547 0.107422 0.394531 0.211719 0.00010313
0 0.672656 0.153906 0.075 0.0859375 0.000105827
0 0.716797 0.0347656 0.269531 0.0695312 0.000112758
0 0.783203 0.0605469 0.396094 0.117969 0.000120514
0 0.793359 0.444922 0.100781 0.203906 0.000128028
0 0.725781 0.096875 0.4 0.19375 0.000130496
0 0.395703 0.536328 0.116406 0.197656 0.000137885
0 0.482031 0.0605469 0.367188 0.117969 0.000140463
0 0.06875 0.455078 0.1375 0.838281 0.000161538
0 0.643359 0.0632813 0.388281 0.123438 0.000183002
0 0.340234 0.616406 0.135156 0.171875 0.000184988
0 0.389453 0.625391 0.125781 0.208594 0.000188829
0 0.78125 0.407422 0.08125 0.110156 0.000206061
0 0.762891 0.637109 0.267969 0.350781 0.000214606
0 0.0449219 0.295312 0.0898438 0.567187 0.000225297
0 0.736328 0.577734 0.0992187 0.200781 0.000237532
0 0.766016 0.428906 0.0789063 0.084375 0.000246898
0 0.767187 0.326953 0.117188 0.185156 0.000247113
0 0.275 0.394922 0.0921875 0.167969 0.0002562
0 0.0269531 0.646875 0.0492188 0.442187 0.000272519
0 0.722266 0.592969 0.0601562 0.09375 0.000315943
0 0.812109 0.696875 0.0976562 0.164062 0.000341969
0 0.764063 0.700781 0.0890625 0.1125 0.000343325
0 0.0492188 0.622266 0.0984375 0.725781 0.000348509
0 0.686328 0.634766 0.122656 0.197656 0.000358128
0 0.0261719 0.271484 0.0492188 0.474219 0.000377892
0 0.0273438 0.438281 0.0515625 0.4375 0.000412251
0 0.271094 0.457031 0.110937 0.25 0.000451405
0 0.709375 0.680078 0.128125 0.182031 0.000455631
0 0.764453 0.444141 0.100781 0.150781 0.000463743
0 0.334766 0.663672 0.199219 0.189844 0.000599671
0 0.760156 0.455078 0.132812 0.305469 0.000639418
0 0.746484 0.7125 0.142969 0.142188 0.000655925
0 0.264453 0.570312 0.127344 0.284375 0.000707917
0 0.337891 0.584766 0.200781 0.266406 0.000715548
0 0.260547 0.667188 0.124219 0.175 0.000775098
0 0.0335938 0.4375 0.0640625 0.696875 0.000777321
0 0.796875 0.619531 0.121875 0.282813 0.00120529
0 0.720312 0.618359 0.0828125 0.210156 0.0015702
0 0.773047 0.392188 0.111719 0.190625 0.00164742
0 0.771484 0.558203 0.152344 0.397656 0.00262354
0 0.742188 0.649609 0.139062 0.221094 0.0035868
0 0.290234 0.634375 0.183594 0.215625 0.00423198
0 0.788281 0.719531 0.1 0.121875 0.00428006
0 0.779297 0.687109 0.138281 0.189844 0.0102188
