0 0.278906 0.676172 0.0890625 0.103906 0.000103644
0 0.597266 0.714844 0.139844 0.15625 0.000104668
0 0.719141 0.488672 0.132031 0.425781 0.000106781
0 0.176953 0.512891 0.105469 0.225781 0.000109103
0 0.217969 0.676953 0.0921875 0.107031 0.000121383
0 0.236719 0.466016 0.15 0.180469 0.000123519
0 0.621484 0.792188 0.217969 0.209375 0.000123965
0 0.885156 0.1375 0.040625 0.090625 0.000124625
0 0.875781 0.09375 0.034375 0.040625 0.000126952
0 0.197656 0.659766 0.0890625 0.110156 0.000135994
0 0.640625 0.598047 0.142188 0.267969 0.000145371
0 0.684375 0.415625 0.120312 0.2375 0.000148129
0 0.63125 0.322656 0.0875 0.0890625 0.000149053
0 0.327344 0.724609 0.160938 0.194531 0.000152979
0 0.235156 0.361719 0.075 0.1 0.000162987
0 0.144141 0.714453 0.178906 0.191406 0.000168267
0 0.622266 0.443359 0.166406 0.335156 0.000169388
0 0.85 0.0878906 0.034375 0.0320312 0.000176506
0 0.681641 0.470703 0.0898438 0.161719 0.000177522
0 0.719141 0.73125 0.0867188 0.107813 0.00019403
0 0.597266 0.300391 0.135156 0.144531 0.000197005
0 0.334375 0.646484 0.165625 0.308594 0.000203346
0 0.678516 0.681641 0.0914062 0.113281 0.000206283
0 0.200781 0.471094 0.13125 0.25625 0.000229794
0 0.3 0.426172 0.192188 0.185156 0.000249528
0 0.734375 0.699219 0.0859375 0.117188 0.00025474
0 0.278906 0.619531 0.13125 0.221875 0.000265746
0 0.598437 0.655078 0.120312 0.217969 0.000267529
0 0.192578 0.819141 0.299219 0.285156 0.000290701
0 0.623047 0.363672 0.144531 0.208594 0.000319354
0 0.2375 0.367188 0.104687 0.154687 0.000336625
0 0.194141 0.698047 0.0882813 0.0929687 0.000336787
0 0.176172 0.576563 0.133594 0.2875 0.000360128
0 0.200391 0.732031 0.150781 0.148438 0.000368065
0 0.145703 0.635938 0.135156 0.25625 0.00041497
0 0.260938 0.651953 0.0859375 0.0992187 0.000433588
0 0.696094 0.511328 0.101562 0.214844 0.000474198
0 0.303516 0.324609 0.199219 0.192969 0.000476571
0 0.702344 0.750391 0.15 0.203906 0.00049078
0 0.691797 0.789062 0.228906 0.259375 0.00052236
0 0.714063 0.641797 0.132812 0.224219 0.000628505
0 0.683203 0.490234 0.149219 0.328906 0.000644031
0 0.176953 0.679297 0.0867188 0.0976562 0.000790975
0 0.64375 0.695703 0.146875 0.161719 0.000804375
0 0.700391 0.7 0.0914062 0.1125 0.0010021
0 0.340625 0.391797 0.157813 0.241406 0.00100805
0 0.642187 0.734375 0.235938 0.192188 0.00113318
0 0.258984 0.737109 0.196094 0.183594 0.00117963
0 0.204688 0.491016 0.18125 0.375781 0.00118582
0 0.741016 0.612109 0.132031 0.371094 0.00138726
0 0.316016 0.530469 0.197656 0.476562 0.00186218
0 0.240234 0.398047 0.174219 0.242969 0.0019825
0 0.219922 0.694531 0.149219 0.160938 0.00214035
0 0.630078 0.653516 0.213281 0.252344 0.00242474
0 0.290625 0.688672 0.151562 0.214844 0.00251669
0 0.176563 0.677734 0.151562 0.157031 0.0044298
0 0.196875 0.753125 0.251563 0.210938 0.00453343
0 0.235156 0.641016 0.179688 0.175781 0.00497563
0 0.740625 0.722266 0.142188 0.213281 0.00504638
0 0.657031 0.523047 0.223438 0.517969 0.00609688
0 0.288281 0.386719 0.235938 0.33125 0.00954315
0 0.194141 0.610937 0.219531 0.3 0.0129567
0 0.686328 0.609766 0.186719 0.338281 0.0312923
0 0.232812 0.525391 0.28125 0.502344 0.0496822
0 0.217578 0.688281 0.232031 0.226562 0.0914107
0 0.692578 0.700391 0.202344 0.222656 0.173054
