0 0.964844 0.314063 0.0703125 0.332812 0.000100475
0 0.199219 0.712109 0.14375 0.197656 0.000102059
0 0.696484 0.4125 0.150781 0.19375 0.000102219
0 0.180078 0.528906 0.119531 0.257812 0.000105068
0 0.624219 0.726562 0.1625 0.214062 0.000106073
0 0.758594 0.740625 0.190625 0.207813 0.000109013
0 0.351172 0.719922 0.244531 0.264844 0.000110252
0 0.738672 0.659375 0.180469 0.204688 0.000113381
0 0.526172 0.476562 0.372656 0.425 0.000113823
0 0.277344 0.388281 0.210938 0.203125 0.000116544
0 0.691406 0.342578 0.125 0.125781 0.000117685
0 0.384766 0.609766 0.233594 0.339844 0.000118229
0 0.635547 0.246094 0.189844 0.173438 0.000122912
0 0.698438 0.696875 0.146875 0.221875 0.000129697
0 0.661719 0.575391 0.176563 0.188281 0.000133566
0 0.1625 0.659766 0.117188 0.183594 0.000138584
0 0.209766 0.324609 0.280469 0.310156 0.000139991
0 0.202344 0.466406 0.129688 0.21875 0.000141109
0 0.239844 0.620313 0.173438 0.192188 0.000146236
0 0.859375 0.207422 0.270312 0.414844 0.000154773
0 0.344922 0.244922 0.125781 0.150781 0.000157983
0 0.13125 0.560938 0.24375 0.63125 0.000176206
0 0.323047 0.361719 0.178906 0.198437 0.000177757
0 0.455078 0.621484 0.386719 0.432031 0.000177795
0 0.304297 0.278516 0.0820312 0.102344 0.000178341
0 0.770703 0.571484 0.0710938 0.102344 0.000178789
0 0.758203 0.612109 0.138281 0.183594 0.000179723
0 0.637109 0.408203 0.189844 0.207031 0.000186046
0 0.790234 0.647266 0.188281 0.428906 0.000187631
0 0.771094 0.303125 0.420312 0.573438 0.00019729
0 0.224219 0.367969 0.134375 0.2625 0.00019777
0 0.680469 0.470703 0.173438 0.202344 0.000204212
0 0.783984 0.564062 0.111719 0.242188 0.000209155
0 0.5625 0.703906 0.415625 0.473437 0.00021171
0 0.659375 0.656641 0.139062 0.222656 0.000219103
0 0.673047 0.283203 0.197656 0.191406 0.000240472
0 0.226172 0.739062 0.321094 0.315625 0.00025938
0 0.936719 0.352734 0.121875 0.458594 0.000270743
0 0.698828 0.446094 0.0945313 0.192188 0.00027861
0 0.591797 0.242188 0.108594 0.115625 0.000288193
0 0.428516 0.459375 0.349219 0.509375 0.000288589
0 0.675 0.246094 0.279687 0.360938 0.000300906
0 0.757422 0.449219 0.128906 0.260938 0.000318581
0 0.592969 0.239844 0.15625 0.232812 0.000368975
0 0.197656 0.638281 0.140625 0.235938 0.000391685
0 0.719141 0.552734 0.185156 0.186719 0.000393468
0 0.157422 0.709766 0.153906 0.230469 0.000396514
0 0.655078 0.342578 0.191406 0.185156 0.0003991
0 0.237891 0.676953 0.132031 0.180469 0.000403478
0 0.624219 0.607031 0.257812 0.339063 0.000423592
0 0.264062 0.323438 0.142188 0.217187 0.000450068
0 0.692187 0.805469 0.285937 0.307813 0.000450204
0 0.720703 0.491016 0.138281 0.264844 0.000513864
0 0.374219 0.344141 0.19375 0.288281 0.000556106
0 0.930469 0.2125 0.1375 0.425 0.000602983
0 0.343359 0.557422 0.274219 0.530469 0.0006202
0 0.619141 0.300781 0.167969 0.207813 0.00064714
0 0.698047 0.614453 0.200781 0.197656 0.000650255
0 0.624219 0.558594 0.342187 0.54375 0.00079094
0 0.758594 0.572656 0.104687 0.145313 0.000903885
0 0.166016 0.608203 0.166406 0.380469 0.000989229
0 0.2375 0.426562 0.178125 0.178125 0.00116408
0 0.663281 0.682422 0.223438 0.294531 0.0012622
0 0.336719 0.398047 0.245312 0.463281 0.00150835
0 0.303125 0.646484 0.271875 0.297656 0.00155677
0 0.626172 0.433203 0.239844 0.377344 0.00166512
0 0.346875 0.270703 0.185937 0.247656 0.00177871
0 0.208984 0.490625 0.197656 0.414062 0.00200487
0 0.755469 0.562109 0.165625 0.328906 0.00220213
0 0.303516 0.278125 0.167969 0.195312 0.00280479
0 0.725391 0.724219 0.253906 0.314063 0.00301608
0 0.224609 0.682031 0.232031 0.2375 0.00427157
0 0.247656 0.399219 0.228125 0.35625 0.00630719
0 0.734375 0.468359 0.2 0.432031 0.00889462
0 0.641797 0.330859 0.232031 0.339844 0.0149955
0 0.227344 0.593359 0.265625 0.441406 0.0185856
0 0.704687 0.620313 0.26875 0.435937 0.0270731
0 0.298828 0.321875 0.241406 0.301562 0.027509
0 0.682813 0.456641 0.284375 0.566406 0.0970813
0 0.266016 0.474609 0.310156 0.633594 0.304032
