0 0.0589844 0.391797 0.117969 0.655469 0.000100528
0 0.851172 0.292969 0.252344 0.510938 0.000103203
0 0.340234 0.405469 0.0851562 0.109375 0.000104633
0 0.26875 0.108594 0.439063 0.217187 0.000104961
0 0.677344 0.219922 0.125 0.157031 0.000106242
0 0.944141 0.190625 0.111719 0.38125 0.000107141
0 0.307422 0.511328 0.119531 0.216406 0.000110633
0 0.969922 0.226172 0.0601562 0.442969 0.000111685
0 0.96875 0.10625 0.0609375 0.2125 0.000117126
0 0.25625 0.530469 0.325 0.660937 0.000117748
0 0.0199219 0.776953 0.0398437 0.436719 0.000120321
0 0.457422 0.442187 0.222656 0.401563 0.000123224
0 0.358984 0.308203 0.119531 0.227344 0.000126322
0 0.424219 0.494141 0.13125 0.261719 0.000132071
0 0.152734 0.0363281 0.292969 0.0726563 0.000134013
0 0.0230469 0.647656 0.0445312 0.453125 0.000144836
0 0.89375 0.0359375 0.2125 0.071875 0.000147436
0 0.784375 0.107031 0.4125 0.214062 0.000148798
0 0.751562 0.340234 0.0828125 0.102344 0.000149501
0 0.4625 0.638281 0.157813 0.246875 0.00015037
0 0.428516 0.677344 0.352344 0.398438 0.000165243
0 0.679688 0.574219 0.135937 0.228125 0.000170051
0 0.425 0.571094 0.0859375 0.107813 0.000174159
0 0.305469 0.325781 0.3375 0.5875 0.000176043
0 0.304688 0.595312 0.0921875 0.110937 0.000180458
0 0.938281 0.0980469 0.123438 0.196094 0.000183252
0 0.776953 0.229297 0.253906 0.310156 0.000199897
0 0.829297 0.639063 0.142969 0.28125 0.000200264
0 0.396094 0.253125 0.15625 0.225 0.00020328
0 0.675391 0.288672 0.191406 0.308594 0.000206166
0 0.34375 0.635547 0.0890625 0.0898438 0.000209298
0 0.871094 0.0589844 0.25625 0.116406 0.0002157
0 0.190625 0.294531 0.346875 0.559375 0.0002206
0 0.184375 0.0609375 0.351562 0.121875 0.000221952
0 0.326953 0.423438 0.108594 0.2 0.000224697
0 0.405859 0.553906 0.0898438 0.1125 0.000231492
0 0.780469 0.469531 0.101562 0.184375 0.00023322
0 0.323828 0.613672 0.0914062 0.103906 0.000240869
0 0.341016 0.367969 0.0882813 0.11875 0.000244808
0 0.748828 0.360938 0.124219 0.173438 0.000261001
0 0.141016 0.110547 0.274219 0.221094 0.000270384
0 0.719922 0.651563 0.138281 0.170312 0.000275872
0 0.782422 0.635938 0.133594 0.204688 0.000331915
0 0.760938 0.286328 0.157813 0.238281 0.000364988
0 0.295703 0.638281 0.150781 0.19375 0.000387845
0 0.664062 0.6375 0.184375 0.210938 0.000401082
0 0.602344 0.472266 0.407813 0.764844 0.00041276
0 0.335156 0.672266 0.289062 0.311719 0.000432198
0 0.529297 0.60625 0.361719 0.39375 0.000442858
0 0.7625 0.30625 0.114063 0.159375 0.000469261
0 0.660937 0.614453 0.353125 0.400781 0.000475466
0 0.712891 0.248828 0.169531 0.225781 0.000490583
0 0.766797 0.656641 0.289844 0.338281 0.000505997
0 0.764063 0.451562 0.13125 0.282813 0.000563781
0 0.458594 0.563672 0.201562 0.294531 0.000579566
0 0.815234 0.527734 0.283594 0.542969 0.000621005
0 0.464844 0.478516 0.340625 0.661719 0.000669514
0 0.419922 0.636328 0.160156 0.199219 0.00067633
0 0.339844 0.510938 0.15 0.282813 0.000702296
0 0.385938 0.533594 0.139062 0.209375 0.000749253
0 0.813672 0.574609 0.103906 0.258594 0.000872131
0 0.411328 0.364453 0.238281 0.513281 0.0010189
0 0.378906 0.672266 0.2125 0.172656 0.00139886
0 0.799219 0.388281 0.126563 0.376563 0.00147318
0 0.820703 0.478516 0.164844 0.522656 0.00157334
0 0.702734 0.570703 0.205469 0.305469 0.00167063
0 0.341016 0.368359 0.108594 0.214844 0.00181147
0 0.303516 0.478125 0.144531 0.4 0.00208229
0 0.324609 0.575781 0.164844 0.192188 0.00225772
0 0.345313 0.634766 0.182812 0.161719 0.00243621
0 0.783203 0.532422 0.125781 0.288281 0.00284518
0 0.778125 0.344531 0.0984375 0.145313 0.00288342
0 0.729297 0.635156 0.211719 0.23125 0.00338227
0 0.732031 0.336719 0.2125 0.420312 0.00344035
0 0.364062 0.350781 0.165625 0.382812 0.00372671
0 0.41875 0.564453 0.157813 0.216406 0.00424722
0 0.772266 0.3625 0.130469 0.267188 0.00554571
0 0.331641 0.411328 0.136719 0.364844 0.0116767
0 0.773438 0.595703 0.182812 0.322656 0.0163129
0 0.729297 0.455078 0.277344 0.616406 0.0238607
0 0.363672 0.596875 0.233594 0.260938 0.0279668
0 0.769141 0.469141 0.163281 0.478906 0.197045
0 0.358203 0.447656 0.214844 0.46875 0.249606
