0 0.803516 0.6125 0.0867188 0.10625 0.00010559
0 0.365234 0.398438 0.153906 0.1875 0.000108835
0 0.236719 0.440625 0.121875 0.210938 0.000112289
0 0.746875 0.53125 0.129688 0.198437 0.000114645
0 0.824219 0.574219 0.090625 0.114063 0.000116415
0 0.744922 0.450781 0.191406 0.253125 0.000123327
0 0.281641 0.404297 0.169531 0.203906 0.000145604
0 0.801172 0.551562 0.0867188 0.109375 0.000146486
0 0.279297 0.59375 0.136719 0.153125 0.000149411
0 0.714844 0.0578125 0.3625 0.107813 0.000152291
0 0.842969 0.591797 0.090625 0.105469 0.000180287
0 0.387109 0.544141 0.110156 0.199219 0.000180888
0 0.2375 0.592188 0.134375 0.167187 0.000232365
0 0.309766 0.483203 0.239844 0.330469 0.000270747
0 0.803516 0.434766 0.185156 0.286719 0.000357321
0 0.340234 0.591016 0.171094 0.153906 0.000376022
0 0.805078 0.611328 0.142969 0.160156 0.000563761
0 0.235547 0.528516 0.152344 0.247656 0.000564212
0 0.799609 0.542969 0.269531 0.303125 0.000893391
0 0.767969 0.588281 0.148438 0.210938 0.00106556
0 0.833594 0.494531 0.1625 0.278125 0.00108196
0 0.839844 0.590625 0.145313 0.16875 0.0013437
0 0.78125 0.526172 0.08125 0.0945313 0.00150352
0 0.276563 0.564453 0.215625 0.194531 0.0015412
0 0.782031 0.497266 0.164062 0.216406 0.00234914
0 0.78125 0.513672 0.11875 0.144531 0.00243968
0 0.806641 0.553125 0.164844 0.226562 0.0228838
