0 0.740625 0.204297 0.425 0.408594 0.000100549
0 0.678516 0.384375 0.0507812 0.075 0.000101217
0 0.717578 0.344531 0.0476562 0.08125 0.000102481
0 0.314844 0.722656 0.121875 0.171875 0.000105431
0 0.183203 0.678906 0.127344 0.2 0.000110881
0 0.689062 0.394531 0.0984375 0.184375 0.000110893
0 0.717578 0.446094 0.116406 0.285937 0.000114352
0 0.695703 0.552344 0.0804688 0.109375 0.00011695
0 0.659766 0.540234 0.182031 0.203906 0.00012022
0 0.280859 0.736328 0.0882813 0.102344 0.000120603
0 0.755859 0.703516 0.110156 0.210156 0.000123292
0 0.255078 0.527344 0.150781 0.182812 0.000125357
0 0.682031 0.345313 0.0375 0.065625 0.00013681
0 0.643359 0.397656 0.180469 0.301562 0.000138132
0 0.695703 0.344531 0.0460938 0.0734375 0.000145086
0 0.7625 0.759375 0.309375 0.339063 0.000145393
0 0.716406 0.510938 0.084375 0.164062 0.00014775
0 0.694531 0.359766 0.06875 0.108594 0.00016618
0 0.635156 0.695703 0.146875 0.271094 0.000168179
0 0.397656 0.556641 0.507812 0.713281 0.000172313
0 0.132812 0.641797 0.215625 0.535156 0.000183658
0 0.607031 0.571094 0.279687 0.445312 0.000197119
0 0.250781 0.366016 0.109375 0.160156 0.000208145
0 0.236719 0.633203 0.14375 0.253906 0.00021464
0 0.337109 0.475781 0.200781 0.273438 0.000217917
0 0.584375 0.751953 0.135937 0.163281 0.000222193
0 0.299609 0.487891 0.161719 0.177344 0.000226736
0 0.221875 0.737109 0.148438 0.180469 0.000237682
0 0.694922 0.787109 0.224219 0.188281 0.000239632
0 0.604688 0.703125 0.301562 0.4 0.000245702
0 0.223438 0.432031 0.107813 0.184375 0.000269194
0 0.221484 0.487891 0.0757812 0.110156 0.000276312
0 0.743359 0.569141 0.197656 0.460156 0.000280085
0 0.310937 0.344141 0.171875 0.214844 0.000318227
0 0.755469 0.787109 0.128125 0.163281 0.000337421
0 0.312891 0.466406 0.302344 0.445312 0.000362261
0 0.749609 0.761328 0.0851562 0.105469 0.000386292
0 0.681641 0.49375 0.172656 0.353125 0.000396862
0 0.710938 0.554297 0.125 0.203906 0.000427384
0 0.680078 0.672656 0.150781 0.275 0.000428697
0 0.583984 0.689062 0.160156 0.279687 0.000445145
0 0.163281 0.770312 0.146875 0.185937 0.000586218
0 0.317969 0.615234 0.260938 0.508594 0.000588471
0 0.257422 0.380859 0.0804688 0.100781 0.000643311
0 0.848437 0.191797 0.3 0.383594 0.000708689
0 0.183594 0.628906 0.0953125 0.123438 0.000712352
0 0.230859 0.785937 0.274219 0.217187 0.000758838
0 0.676953 0.591406 0.0882813 0.109375 0.00104058
0 0.610156 0.564062 0.195312 0.264062 0.00105748
0 0.642578 0.630469 0.188281 0.210938 0.00112345
0 0.698047 0.489453 0.363281 0.716406 0.00119821
0 0.779297 0.349609 0.428906 0.699219 0.00133399
0 0.218359 0.507031 0.117969 0.228125 0.00202882
0 0.726172 0.760547 0.105469 0.136719 0.00219756
0 0.196484 0.615234 0.117969 0.208594 0.00230311
0 0.683594 0.501172 0.240625 0.507031 0.00276474
0 0.65 0.730469 0.253125 0.271875 0.00300292
0 0.238281 0.450781 0.148438 0.276563 0.00316046
0 0.283984 0.416406 0.210156 0.2875 0.0032763
0 0.276172 0.739844 0.174219 0.182812 0.00329035
0 0.185156 0.696875 0.182812 0.326562 0.00490703
0 0.727344 0.732813 0.142188 0.209375 0.00572015
0 0.732422 0.6875 0.178906 0.348437 0.00713308
0 0.705078 0.575 0.163281 0.323438 0.00839024
0 0.204688 0.533984 0.151562 0.371094 0.0107834
0 0.676172 0.589063 0.146094 0.171875 0.0113595
0 0.253516 0.705078 0.246094 0.291406 0.0162336
0 0.671094 0.636719 0.242188 0.38125 0.305756
0 0.238281 0.572656 0.234375 0.534375 0.363272
