0 0.0328125 0.606641 0.065625 0.691406 0.000101687
0 0.0570313 0.600781 0.114063 0.798437 0.000101692
0 0.685938 0.707812 0.285937 0.328125 0.000102247
0 0.266016 0.368359 0.0617188 0.0882813 0.000102731
0 0.263281 0.491406 0.075 0.109375 0.000106826
0 0.0589844 0.0496094 0.114844 0.0992187 0.000110559
0 0.296875 0.573438 0.13125 0.175 0.000110886
0 0.801953 0.678906 0.0835937 0.104687 0.000111262
0 0.332422 0.392578 0.183594 0.274219 0.000111735
0 0.294531 0.402734 0.071875 0.0851562 0.000116194
0 0.416406 0.668359 0.115625 0.130469 0.000121604
0 0.822656 0.702344 0.279687 0.370313 0.00012363
0 0.263281 0.594141 0.128125 0.186719 0.000125038
0 0.0503906 0.0289063 0.0976562 0.0578125 0.00012889
0 0.720703 0.776563 0.127344 0.115625 0.000129025
0 0.778125 0.402344 0.0953125 0.142188 0.000129131
0 0.841406 0.812891 0.09375 0.133594 0.000131873
0 0.034375 0.354688 0.06875 0.684375 0.000136569
0 0.702344 0.566797 0.1875 0.338281 0.000140202
0 0.264453 0.446484 0.0742188 0.108594 0.000142607
0 0.739844 0.741797 0.090625 0.113281 0.000146182
0 0.787891 0.570703 0.110156 0.236719 0.000152155
0 0.248828 0.529688 0.100781 0.21875 0.000156079
0 0.797656 0.719141 0.084375 0.107031 0.000159662
0 0.251563 0.427734 0.0765625 0.169531 0.000161286
0 0.6875 0.542578 0.14375 0.185156 0.000163529
0 0.346094 0.635938 0.246875 0.190625 0.000171625
0 0.799609 0.796094 0.108594 0.1125 0.000172462
0 0.419922 0.621484 0.121094 0.144531 0.000174904
0 0.065625 0.359375 0.13125 0.71875 0.000180244
0 0.800391 0.436328 0.0710938 0.157031 0.000188371
0 0.407422 0.560156 0.139844 0.198437 0.000194066
0 0.279297 0.36875 0.0820312 0.126563 0.000206144
0 0.292188 0.427344 0.0984375 0.178125 0.000218549
0 0.316797 0.553125 0.280469 0.4 0.00025702
0 0.232812 0.726562 0.121875 0.246875 0.000259357
0 0.741797 0.480859 0.172656 0.261719 0.000266723
0 0.803125 0.486719 0.101562 0.251563 0.000310449
0 0.24375 0.646484 0.129688 0.302344 0.000331207
0 0.739062 0.570703 0.270312 0.508594 0.000355528
0 0.766406 0.656641 0.134375 0.249219 0.000358329
0 0.816016 0.597266 0.0851562 0.239844 0.000430821
0 0.775781 0.777344 0.0828125 0.0875 0.000472315
0 0.689453 0.763672 0.146094 0.155469 0.00051644
0 0.826563 0.729688 0.134375 0.245312 0.000552641
0 0.740625 0.787109 0.214062 0.178906 0.000572121
0 0.278516 0.692187 0.211719 0.273438 0.000660235
0 0.339844 0.555859 0.2375 0.235156 0.000928231
0 0.270703 0.407813 0.0835937 0.148438 0.000962179
0 0.290234 0.603125 0.202344 0.273438 0.00145896
0 0.7625 0.758984 0.120312 0.128906 0.00192616
0 0.690234 0.700781 0.152344 0.217187 0.00196223
0 0.270703 0.476953 0.114844 0.272656 0.00207553
0 0.278125 0.537891 0.154687 0.275781 0.00254132
0 0.782812 0.573828 0.15 0.411719 0.00282045
0 0.724609 0.739062 0.178906 0.171875 0.00292818
0 0.790625 0.759375 0.139062 0.170312 0.00314378
0 0.805078 0.652734 0.117969 0.288281 0.00471697
0 0.738281 0.655078 0.2125 0.321094 0.00759236
0 0.767187 0.719531 0.192188 0.234375 0.0184923
