0 0.710156 0.525 0.225 0.342187 0.000100817
0 0.84375 0.7625 0.151562 0.19375 0.000117222
0 0.980859 0.603516 0.0382813 0.364844 0.000120991
0 0.380859 0.697656 0.111719 0.176563 0.000123946
0 0.189453 0.625781 0.272656 0.407813 0.000126155
0 0.744922 0.511328 0.191406 0.196094 0.000137477
0 0.801953 0.370313 0.166406 0.335938 0.000143832
0 0.808594 0.810938 0.220313 0.154687 0.000162313
0 0.809375 0.0585938 0.371875 0.117188 0.000162756
0 0.237891 0.454688 0.105469 0.190625 0.000171046
0 0.819922 0.434375 0.124219 0.24375 0.000171613
0 0.823828 0.495313 0.267969 0.48125 0.000174306
0 0.305078 0.676562 0.0914062 0.104687 0.000186153
0 0.278516 0.34375 0.121094 0.201562 0.000190724
0 0.180469 0.673437 0.123438 0.159375 0.000202244
0 0.781641 0.276172 0.0523437 0.0773437 0.000213554
0 0.212891 0.449609 0.157031 0.461719 0.000234643
0 0.838281 0.616016 0.1375 0.277344 0.000238585
0 0.333984 0.571875 0.241406 0.3625 0.000271132
0 0.895703 0.842969 0.0601562 0.071875 0.000274548
0 0.801562 0.738281 0.198437 0.2125 0.000285153
0 0.284766 0.235938 0.0929687 0.117188 0.000287161
0 0.826172 0.491406 0.0851562 0.1125 0.000311269
0 0.20625 0.551562 0.120312 0.19375 0.000324781
0 0.383984 0.654688 0.197656 0.282813 0.000336158
0 0.320312 0.640625 0.140625 0.20625 0.000349577
0 0.782422 0.0320312 0.289844 0.0640625 0.000356849
0 0.280859 0.616016 0.149219 0.238281 0.000357249
0 0.744531 0.576172 0.134375 0.228906 0.000362906
0 0.221875 0.673047 0.225 0.186719 0.00038202
0 0.879687 0.822266 0.107813 0.122656 0.00039509
0 0.715625 0.646094 0.192188 0.359375 0.000397615
0 0.886328 0.824609 0.0726563 0.0882813 0.000399999
0 0.30625 0.219531 0.090625 0.0984375 0.000471705
0 0.221094 0.532812 0.090625 0.10625 0.000475624
0 0.345313 0.302734 0.19375 0.227344 0.000535196
0 0.344922 0.377344 0.244531 0.415625 0.000579497
0 0.347266 0.714063 0.194531 0.195312 0.000590617
0 0.867188 0.609375 0.16875 0.43125 0.0006709
0 0.800781 0.676562 0.148438 0.260938 0.000701156
0 0.821484 0.551953 0.135156 0.213281 0.000707071
0 0.328125 0.234766 0.139062 0.124219 0.000794821
0 0.261719 0.442578 0.165625 0.372656 0.00085556
0 0.291797 0.297266 0.0898438 0.157031 0.000989874
0 0.838281 0.717188 0.195312 0.314063 0.000999663
0 0.785156 0.471484 0.18125 0.200781 0.00107421
0 0.763281 0.638672 0.148438 0.275781 0.00119803
0 0.748828 0.71875 0.211719 0.284375 0.00138163
0 0.275 0.711719 0.325 0.248437 0.00167717
0 0.234375 0.513672 0.123438 0.174219 0.00218616
0 0.776563 0.448438 0.214062 0.345313 0.00238035
0 0.309375 0.266797 0.115625 0.152344 0.00259744
0 0.836328 0.491797 0.122656 0.233594 0.00313676
0 0.209766 0.603906 0.182031 0.3 0.00395852
0 0.307031 0.678125 0.20625 0.203125 0.00544983
0 0.299219 0.255078 0.078125 0.0914062 0.00893086
0 0.232031 0.529297 0.160938 0.277344 0.0089825
0 0.808594 0.533594 0.182812 0.3375 0.0106433
0 0.291406 0.480078 0.282813 0.552344 0.0121725
0 0.269922 0.629687 0.261719 0.3 0.0378986
0 0.797656 0.631641 0.220313 0.411719 0.100491
