0 0.262109 0.445312 0.0992187 0.19375 0.000100333
0 0.736719 0.314844 0.196875 0.260938 0.00010196
0 0.210156 0.139062 0.407813 0.278125 0.00010493
0 0.825 0.695312 0.282813 0.360938 0.00010555
0 0.678125 0.69375 0.310937 0.31875 0.000106393
0 0.135156 0.227344 0.264062 0.454688 0.000106818
0 0.468359 0.451562 0.382031 0.69375 0.000108331
0 0.344141 0.321094 0.172656 0.1625 0.00011144
0 0.101562 0.962109 0.196875 0.0757812 0.000112455
0 0.741406 0.657031 0.148438 0.18125 0.000113363
0 0.807422 0.755469 0.177344 0.203125 0.000115534
0 0.817969 0.146484 0.282813 0.292969 0.000117582
0 0.735156 0.320703 0.059375 0.0679687 0.000124516
0 0.282031 0.323438 0.270312 0.501562 0.000133321
0 0.358594 0.530859 0.104687 0.0835937 0.000138282
0 0.759766 0.321094 0.0742188 0.0890625 0.000138321
0 0.459375 0.0636719 0.375 0.127344 0.000142296
0 0.283594 0.0796875 0.498437 0.159375 0.000144435
0 0.735937 0.305078 0.0890625 0.0820312 0.000148097
0 0.660547 0.719922 0.177344 0.191406 0.000158438
0 0.0316406 0.392188 0.0632813 0.660937 0.000169731
0 0.916016 0.0742188 0.167969 0.148438 0.000178619
0 0.630469 0.642187 0.160938 0.190625 0.000179779
0 0.0226563 0.399609 0.04375 0.455469 0.00017991
0 0.766797 0.598047 0.142969 0.222656 0.000181076
0 0.371875 0.606641 0.129688 0.160156 0.000181854
0 0.73125 0.761328 0.248437 0.182031 0.000186665
0 0.05625 0.335547 0.1125 0.671094 0.000191246
0 0.650391 0.579297 0.180469 0.296094 0.000208477
0 0.928516 0.230859 0.142969 0.461719 0.000210681
0 0.347266 0.535547 0.135156 0.138281 0.000211285
0 0.464844 0.20625 0.395312 0.410937 0.000215836
0 0.778906 0.502344 0.16875 0.378125 0.00021696
0 0.292188 0.384766 0.446875 0.647656 0.000237134
0 0.364062 0.130078 0.485938 0.260156 0.000244315
0 0.721875 0.484375 0.307813 0.573438 0.000246866
0 0.225 0.460156 0.246875 0.548437 0.000251231
0 0.349219 0.640234 0.154687 0.147656 0.000261989
0 0.267188 0.476953 0.1375 0.302344 0.000270327
0 0.884375 0.10625 0.23125 0.2125 0.000279922
0 0.301562 0.35625 0.129688 0.154687 0.000310719
0 0.274219 0.218359 0.492188 0.436719 0.000326977
0 0.332422 0.472266 0.207031 0.364844 0.000330195
0 0.305469 0.583203 0.290625 0.328906 0.000343756
0 0.232812 0.662891 0.145313 0.227344 0.000369923
0 0.276172 0.39375 0.110156 0.171875 0.000390113
0 0.559375 0.354688 0.332812 0.709375 0.000401272
0 0.676172 0.653125 0.138281 0.15625 0.000428493
0 0.633594 0.0753906 0.459375 0.150781 0.000548728
0 0.555859 0.135547 0.413281 0.263281 0.000572833
0 0.248437 0.56875 0.14375 0.260938 0.000584248
0 0.826172 0.684766 0.141406 0.230469 0.000599186
0 0.769922 0.365234 0.460156 0.730469 0.000599294
0 0.183594 0.347656 0.364062 0.695312 0.000603167
0 0.2875 0.389062 0.157813 0.273438 0.000723182
0 0.804297 0.576563 0.132031 0.276563 0.000755951
0 0.630078 0.202344 0.458594 0.404687 0.000861253
0 0.802734 0.633984 0.0867188 0.0914062 0.000890806
0 0.336328 0.580859 0.183594 0.213281 0.00100917
0 0.734766 0.620313 0.249219 0.25625 0.00113949
0 0.788281 0.207031 0.417188 0.414062 0.00116486
0 0.786328 0.0746094 0.422656 0.149219 0.00126942
0 0.769922 0.715234 0.230469 0.241406 0.00133581
0 0.694141 0.680859 0.210156 0.224219 0.00144649
0 0.803125 0.634375 0.114063 0.139062 0.00217835
0 0.718359 0.121094 0.519531 0.242188 0.00222956
0 0.292969 0.615234 0.215625 0.205469 0.0023757
0 0.782812 0.657422 0.18125 0.227344 0.00643055
