0 0.898047 0.448047 0.128906 0.278906 0.000101704
0 0.411328 0.403906 0.116406 0.14375 0.000102774
0 0.282813 0.365234 0.0890625 0.111719 0.000105818
0 0.298828 0.774219 0.202344 0.159375 0.00010682
0 0.690625 0.286719 0.0703125 0.0609375 0.000108799
0 0.214453 0.648828 0.169531 0.361719 0.000112458
0 0.214844 0.733203 0.139062 0.277344 0.000113937
0 0.960938 0.603516 0.075 0.455469 0.000116084
0 0.321875 0.680078 0.170312 0.174219 0.000116273
0 0.716797 0.301953 0.108594 0.110156 0.000118951
0 0.691797 0.432813 0.107031 0.157813 0.000119286
0 0.826563 0.530078 0.129688 0.188281 0.000120299
0 0.241016 0.677734 0.125781 0.232031 0.000123252
0 0.698438 0.392969 0.173438 0.328125 0.000123537
0 0.439453 0.260156 0.108594 0.121875 0.000128511
0 0.851172 0.571875 0.142969 0.26875 0.000136146
0 0.275391 0.572266 0.125781 0.183594 0.00013804
0 0.845312 0.341016 0.134375 0.214844 0.000146499
0 0.696094 0.274219 0.16875 0.215625 0.000147484
0 0.24375 0.590625 0.121875 0.23125 0.000150031
0 0.692187 0.285547 0.0921875 0.0976562 0.000159404
0 0.806641 0.366016 0.125781 0.242969 0.000168428
0 0.429297 0.519531 0.122656 0.209375 0.000183976
0 0.905078 0.764453 0.111719 0.110156 0.000190375
0 0.403516 0.207422 0.166406 0.169531 0.000200628
0 0.926562 0.742188 0.121875 0.18125 0.000206594
0 0.678516 0.304688 0.0617188 0.0796875 0.000227032
0 0.871094 0.657422 0.15625 0.199219 0.00023072
0 0.227344 0.8 0.123438 0.16875 0.00024216
0 0.678906 0.326172 0.046875 0.0835937 0.00024324
0 0.693359 0.314844 0.116406 0.190625 0.000251653
0 0.737109 0.566406 0.171094 0.170312 0.000269148
0 0.784375 0.534375 0.128125 0.148438 0.000280836
0 0.396094 0.565625 0.1625 0.335938 0.000284646
0 0.805469 0.222266 0.1375 0.167969 0.000287706
0 0.937109 0.357422 0.119531 0.492969 0.000295488
0 0.282422 0.740625 0.127344 0.121875 0.000305646
0 0.849219 0.4875 0.134375 0.246875 0.000314003
0 0.417578 0.453906 0.132031 0.289062 0.000326755
0 0.389062 0.653516 0.165625 0.227344 0.000339685
0 0.320312 0.303906 0.171875 0.2125 0.000395773
0 0.970703 0.475781 0.0570313 0.498437 0.000410521
0 0.291406 0.465234 0.13125 0.267969 0.000425791
0 0.871094 0.277344 0.184375 0.370313 0.000433024
0 0.339844 0.523438 0.2375 0.385938 0.000438816
0 0.341797 0.721094 0.228906 0.196875 0.000440118
0 0.688281 0.314844 0.0734375 0.123438 0.000449152
0 0.429297 0.259375 0.139844 0.190625 0.00047369
0 0.884375 0.530859 0.13125 0.275781 0.000533069
0 0.403906 0.358594 0.179688 0.359375 0.000551573
0 0.903516 0.591797 0.116406 0.261719 0.000668685
0 0.75625 0.541016 0.217187 0.277344 0.000874232
0 0.849609 0.713281 0.242969 0.245312 0.000907777
0 0.278516 0.388672 0.128906 0.210156 0.000919489
0 0.249609 0.7625 0.164844 0.195312 0.000956577
0 0.217969 0.519141 0.19375 0.533594 0.000986709
0 0.737109 0.194922 0.274219 0.196094 0.00106519
0 0.746484 0.317969 0.257031 0.375 0.0012269
0 0.347656 0.634766 0.234375 0.308594 0.00126157
0 0.860547 0.405469 0.138281 0.29375 0.00128657
0 0.255469 0.528906 0.120312 0.23125 0.00131142
0 0.376563 0.257422 0.21875 0.238281 0.00144605
0 0.910156 0.680078 0.16875 0.280469 0.0017324
0 0.826953 0.28125 0.139844 0.234375 0.00177466
0 0.25 0.448047 0.121875 0.274219 0.00185764
0 0.763672 0.701172 0.205469 0.246094 0.00222343
0 0.285937 0.327344 0.16875 0.301562 0.00285393
0 0.278906 0.716406 0.2125 0.23125 0.00289636
0 0.914844 0.476562 0.159375 0.520312 0.00302507
0 0.8125 0.651172 0.251563 0.311719 0.00411423
0 0.7875 0.246094 0.226562 0.245312 0.00428084
0 0.786328 0.425781 0.286719 0.498437 0.00577795
0 0.292188 0.512109 0.292188 0.605469 0.00590757
0 0.266016 0.589453 0.182031 0.447656 0.00852443
0 0.886719 0.601172 0.189063 0.391406 0.013597
0 0.329688 0.36875 0.246875 0.428125 0.0217214
0 0.821094 0.324609 0.198437 0.371094 0.0222887
0 0.864844 0.441797 0.185937 0.528906 0.120994
0 0.270312 0.439844 0.151562 0.423438 0.150879
