0 0.673047 0.321875 0.196094 0.214062 0.000100412
0 0.678125 0.491797 0.0875 0.103906 0.000106013
0 0.209375 0.868359 0.028125 0.108594 0.000108905
0 0.745313 0.741016 0.185937 0.213281 0.00011347
0 0.865234 0.846484 0.128906 0.222656 0.000113779
0 0.151172 0.688281 0.0492188 0.0671875 0.000121576
0 0.419141 0.773438 0.171094 0.228125 0.000123103
0 0.232422 0.907031 0.0804688 0.165625 0.000125129
0 0.151172 0.726562 0.0695312 0.0640625 0.000131306
0 0.307813 0.655469 0.117188 0.259375 0.000135165
0 0.839844 0.764063 0.0734375 0.104687 0.000136896
0 0.409375 0.423438 0.146875 0.21875 0.000140025
0 0.367578 0.552344 0.152344 0.267188 0.000141345
0 0.732813 0.339453 0.0734375 0.0929687 0.000142301
0 0.294922 0.611719 0.203906 0.498437 0.000142347
0 0.753906 0.839063 0.234375 0.246875 0.000151238
0 0.20625 0.94375 0.01875 0.0640625 0.000152213
0 0.680859 0.454688 0.183594 0.210938 0.000152815
0 0.821094 0.746094 0.115625 0.204688 0.000162015
0 0.706641 0.339453 0.0710938 0.108594 0.000162256
0 0.229297 0.946875 0.0601562 0.0671875 0.000175905
0 0.326172 0.596484 0.119531 0.203906 0.000177134
0 0.761328 0.637109 0.169531 0.191406 0.000178742
0 0.780859 0.700391 0.141406 0.267969 0.000194666
0 0.852734 0.785156 0.0804688 0.176563 0.000196546
0 0.705859 0.289844 0.0601562 0.08125 0.000201609
0 0.623047 0.475781 0.194531 0.325 0.00022005
0 0.15 0.762891 0.0890625 0.0632813 0.000229649
0 0.783594 0.490234 0.146875 0.244531 0.000244196
0 0.718359 0.503906 0.0898438 0.10625 0.000248046
0 0.708984 0.726562 0.225781 0.3125 0.000278819
0 0.812109 0.867188 0.203906 0.226562 0.000280854
0 0.205859 0.903516 0.0648438 0.161719 0.000285521
0 0.719531 0.348828 0.135937 0.211719 0.000298653
0 0.801172 0.6375 0.117969 0.2375 0.000307813
0 0.449609 0.561719 0.249219 0.575 0.000322807
0 0.739844 0.550391 0.179688 0.203906 0.000337334
0 0.830469 0.612891 0.204688 0.516406 0.000357737
0 0.420312 0.485547 0.128125 0.196094 0.000358159
0 0.717969 0.334766 0.0421875 0.0773437 0.00039355
0 0.204297 0.90625 0.0148437 0.101562 0.000395869
0 0.839453 0.803906 0.0820312 0.115625 0.000414182
0 0.361719 0.633594 0.16875 0.196875 0.000417072
0 0.758984 0.489453 0.0929687 0.103906 0.000422317
0 0.669922 0.598828 0.227344 0.386719 0.000450375
0 0.364453 0.419531 0.180469 0.265625 0.000453123
0 0.149219 0.935156 0.114063 0.071875 0.000481424
0 0.217969 0.957812 0.04375 0.040625 0.000548444
0 0.369141 0.742969 0.208594 0.292188 0.000552277
0 0.205078 0.906641 0.0242187 0.127344 0.000565858
0 0.210547 0.867578 0.0382813 0.203906 0.000606384
0 0.154297 0.966406 0.102344 0.0546875 0.000762132
0 0.715234 0.316016 0.0632813 0.0789063 0.00086534
0 0.408984 0.670703 0.222656 0.452344 0.00102258
0 0.787109 0.573438 0.191406 0.379687 0.00104401
0 0.682422 0.528125 0.174219 0.198437 0.00112899
0 0.337109 0.647266 0.196094 0.341406 0.00146905
0 0.214062 0.928516 0.0390625 0.110156 0.00165992
0 0.832422 0.735547 0.155469 0.347656 0.0020364
0 0.754687 0.489453 0.139062 0.144531 0.00269963
0 0.831641 0.813672 0.125781 0.199219 0.00704666
0 0.707422 0.420312 0.244531 0.360938 0.00844943
0 0.388281 0.486719 0.171875 0.284375 0.0100565
0 0.719531 0.489453 0.184375 0.192969 0.0270661
0 0.792188 0.789453 0.201562 0.263281 0.0406671
0 0.723437 0.525391 0.228125 0.328906 0.0442629
0 0.772266 0.694141 0.238281 0.433594 0.0627685
0 0.724219 0.562891 0.284375 0.561719 0.203278
0 0.371484 0.571875 0.222656 0.521875 0.382732
