0 0.921484 0.789062 0.142969 0.33125 0.000105802
0 0.4 0.303516 0.121875 0.144531 0.00010958
0 0.0507812 0.559766 0.101562 0.758594 0.000110867
0 0.758203 0.508984 0.183594 0.199219 0.000111335
0 0.676562 0.607422 0.354688 0.569531 0.000117858
0 0.415625 0.560547 0.226562 0.532031 0.000135013
0 0.869922 0.0859375 0.260156 0.171875 0.000135758
0 0.425 0.7125 0.192188 0.29375 0.000144736
0 0.523828 0.836719 0.430469 0.326562 0.000151248
0 0.673047 0.437109 0.239844 0.433594 0.000156951
0 0.750391 0.756641 0.275781 0.275781 0.000159502
0 0.832422 0.854688 0.335156 0.2875 0.000161879
0 0.892187 0.1875 0.215625 0.375 0.000163352
0 0.89375 0.710156 0.145313 0.298438 0.000174811
0 0.687891 0.298047 0.128906 0.122656 0.000179824
0 0.293359 0.487891 0.197656 0.383594 0.00019199
0 0.824609 0.637109 0.133594 0.222656 0.000196744
0 0.780469 0.449219 0.140625 0.25625 0.000213394
0 0.826953 0.488281 0.178906 0.390625 0.000270016
0 0.368359 0.753516 0.228906 0.242969 0.000322595
0 0.752734 0.340234 0.191406 0.221094 0.000339148
0 0.748438 0.647266 0.25625 0.324219 0.000360839
0 0.840234 0.700391 0.161719 0.210156 0.000400021
0 0.317187 0.691016 0.273438 0.355469 0.000548144
0 0.376953 0.329688 0.174219 0.242188 0.000631178
0 0.847266 0.752734 0.227344 0.258594 0.000643074
0 0.697656 0.333984 0.160938 0.171094 0.00133695
0 0.269531 0.602734 0.273438 0.586719 0.00137618
0 0.362109 0.415625 0.213281 0.428125 0.00198
0 0.831641 0.610547 0.210156 0.477344 0.00391084
0 0.752734 0.408594 0.246094 0.40625 0.00552159
0 0.802344 0.705078 0.248437 0.274219 0.00879398
0 0.754687 0.523438 0.310937 0.585938 0.343354
0 0.346094 0.536719 0.278125 0.65 0.518695
