0 0.661719 0.375 0.1375 0.229687 0.000101914
0 0.179688 0.811328 0.315625 0.377344 0.000102501
0 0.636328 0.0328125 0.141406 0.065625 0.000105984
0 0.650391 0.275 0.139844 0.210938 0.000108231
0 0.798047 0.555469 0.100781 0.184375 0.000108824
0 0.921484 0.0351562 0.157031 0.0703125 0.000110843
0 0.969922 0.1125 0.0601562 0.225 0.000111135
0 0.703125 0.695312 0.120312 0.1625 0.000115005
0 0.376953 0.826563 0.327344 0.3375 0.000115318
0 0.595703 0.0496094 0.136719 0.0960938 0.000119189
0 0.646484 0.183984 0.108594 0.133594 0.00011932
0 0.0257812 0.685938 0.0484375 0.4 0.000119655
0 0.71875 0.553906 0.0921875 0.229687 0.000122177
0 0.288672 0.230078 0.171094 0.197656 0.000126132
0 0.427734 0.135547 0.138281 0.128906 0.000128679
0 0.611328 0.178125 0.203906 0.196875 0.000128831
0 0.248437 0.532422 0.0796875 0.110156 0.000129868
0 0.101172 0.273047 0.202344 0.502344 0.000129895
0 0.0664062 0.373437 0.132812 0.601562 0.00013239
0 0.946875 0.312891 0.1 0.625781 0.000134593
0 0.261328 0.133984 0.146094 0.233594 0.000137316
0 0.0292969 0.814453 0.0585938 0.371094 0.000138129
0 0.323828 0.277734 0.0945313 0.138281 0.000138537
0 0.307813 0.2375 0.0703125 0.06875 0.000138631
0 0.763281 0.283984 0.107813 0.127344 0.00013988
0 0.685938 0.958984 0.296875 0.0820312 0.000141494
0 0.65625 0.726562 0.359375 0.50625 0.000142782
0 0.764063 0.804688 0.189063 0.20625 0.000143428
0 0.776563 0.510938 0.115625 0.259375 0.00014432
0 0.509375 0.0328125 0.135937 0.065625 0.000144564
0 0.299609 0.750781 0.242969 0.259375 0.000145892
0 0.796484 0.327344 0.0664062 0.084375 0.000146566
0 0.530859 0.0519531 0.142969 0.103906 0.000149663
0 0.947656 0.138281 0.104687 0.275 0.000149737
0 0.985547 0.175781 0.0273438 0.229687 0.000154243
0 0.0492188 0.701953 0.0984375 0.546094 0.000154929
0 0.852734 0.4625 0.177344 0.567187 0.000157318
0 0.328906 0.903906 0.2875 0.192188 0.00015739
0 0.361328 0.371094 0.199219 0.354688 0.000162337
0 0.396875 0.685156 0.15625 0.167187 0.000162856
0 0.125 0.728125 0.25 0.54375 0.000165666
0 0.719922 0.0507812 0.142969 0.101562 0.000170078
0 0.358203 0.552734 0.114844 0.153906 0.0001704
0 0.458203 0.899219 0.472656 0.195312 0.00017152
0 0.903516 0.674609 0.192969 0.650781 0.000173168
0 0.945312 0.762109 0.109375 0.475781 0.00017622
0 0.738281 0.305859 0.145313 0.186719 0.000177594
0 0.425 0.226172 0.129688 0.153906 0.000181702
0 0.246484 0.712109 0.108594 0.158594 0.000186837
0 0.560547 0.813672 0.477344 0.372656 0.000187861
0 0.794922 0.39375 0.0945313 0.182812 0.000190321
0 0.260547 0.635547 0.297656 0.428906 0.000192341
0 0.969531 0.400391 0.0578125 0.667969 0.000192452
0 0.696875 0.480469 0.1625 0.348437 0.000192506
0 0.823828 0.648047 0.107031 0.286719 0.000195543
0 0.0574219 0.205859 0.114844 0.386719 0.000202196
0 0.680078 0.126953 0.203906 0.208594 0.000202527
0 0.740234 0.0324219 0.142969 0.0648438 0.000203458
0 0.317578 0.496094 0.283594 0.548437 0.000207151
0 0.240625 0.0496094 0.1375 0.0960938 0.000215746
0 0.245312 0.613672 0.110937 0.257031 0.000217791
0 0.802734 0.0507812 0.141406 0.101562 0.000221696
0 0.663672 0.550391 0.160156 0.242969 0.000222486
0 0.978516 0.804688 0.0429688 0.390625 0.000225913
0 0.378906 0.264453 0.165625 0.189844 0.000232652
0 0.754297 0.929297 0.317969 0.138281 0.000239898
0 0.446875 0.0199219 0.16875 0.0398437 0.000246799
0 0.391016 0.554297 0.142969 0.233594 0.000249234
0 0.280078 0.0328125 0.138281 0.065625 0.000252085
0 0.732031 0.549609 0.275 0.492969 0.000253949
0 0.0390625 0.560156 0.0765625 0.625 0.000258075
0 0.977344 0.566016 0.0453125 0.497656 0.000259438
0 0.112891 0.0617188 0.186719 0.123438 0.000262771
0 0.0851562 0.114844 0.170312 0.225 0.000264524
0 0.593359 0.0214844 0.227344 0.0429688 0.000265699
0 0.313281 0.238281 0.104687 0.11875 0.00026623
0 0.798047 0.716797 0.117969 0.174219 0.0002671
0 0.409375 0.0335938 0.2 0.0671875 0.000278003
0 0.740234 0.596094 0.121094 0.210938 0.000279213
0 0.795703 0.438281 0.116406 0.315625 0.000286102
0 0.978906 0.18125 0.0421875 0.353125 0.000286646
0 0.2625 0.474609 0.128125 0.266406 0.00028973
0 0.920313 0.0949219 0.159375 0.189844 0.000300302
0 0.676562 0.7125 0.225 0.351562 0.000301633
0 0.766797 0.348047 0.121094 0.152344 0.000306025
0 0.79375 0.147656 0.346875 0.2875 0.000306843
0 0.220313 0.0207031 0.196875 0.0414063 0.000308795
0 0.158203 0.053125 0.164844 0.101562 0.000308822
0 0.379297 0.938281 0.332031 0.120312 0.000335084
0 0.835156 0.79375 0.240625 0.346875 0.000335795
0 0.634375 0.0925781 0.220313 0.178906 0.000337217
0 0.735937 0.396875 0.184375 0.529688 0.00034246
0 0.322266 0.576563 0.149219 0.182812 0.000343925
0 0.397656 0.19375 0.1375 0.153125 0.000351443
0 0.841406 0.0199219 0.185937 0.0398437 0.000363271
0 0.699609 0.021875 0.227344 0.04375 0.000366085
0 0.297266 0.288281 0.141406 0.214062 0.000368406
0 0.0261719 0.522266 0.0476562 0.416406 0.000395461
0 0.282422 0.392578 0.138281 0.250781 0.000399927
0 0.510547 0.0195312 0.207031 0.0390625 0.000400836
0 0.709375 0.721875 0.176563 0.228125 0.000406801
0 0.301562 0.0210938 0.220313 0.0421875 0.000428712
0 0.276563 0.533594 0.107813 0.13125 0.000431399
0 0.0253906 0.274609 0.0476562 0.449219 0.000446483
0 0.0320312 0.398047 0.0609375 0.583594 0.000458475
0 0.945703 0.550391 0.108594 0.774219 0.000475743
0 0.348047 0.0375 0.225781 0.075 0.000498475
0 0.645312 0.926953 0.345313 0.142969 0.000507887
0 0.399219 0.0910156 0.20625 0.177344 0.000514454
0 0.781641 0.598828 0.107031 0.203906 0.000522074
0 0.741797 0.676562 0.136719 0.173438 0.000543894
0 0.824609 0.692578 0.175781 0.302344 0.000561154
0 0.761328 0.703125 0.282031 0.4125 0.000571233
0 0.797266 0.657422 0.108594 0.196094 0.000577103
0 0.764063 0.385938 0.132812 0.28125 0.000584494
0 0.251563 0.523828 0.0984375 0.186719 0.000651509
0 0.970703 0.683984 0.0585938 0.632031 0.000655552
0 0.158594 0.0855469 0.248437 0.171094 0.000669153
0 0.34375 0.534766 0.173438 0.291406 0.000688435
0 0.705469 0.646094 0.151562 0.220313 0.000716807
0 0.780078 0.0214844 0.227344 0.0429688 0.000755586
0 0.369922 0.176953 0.247656 0.238281 0.000760204
0 0.196484 0.0386719 0.197656 0.0773437 0.000798357
0 0.537891 0.142578 0.350781 0.271094 0.000843081
0 0.890625 0.0597656 0.210938 0.119531 0.00085019
0 0.446094 0.0597656 0.1875 0.119531 0.00102155
0 0.482812 0.0386719 0.228125 0.0773437 0.00103102
0 0.699219 0.875391 0.30625 0.247656 0.00123655
0 0.603125 0.0371094 0.296875 0.0742188 0.00133864
0 0.360938 0.614453 0.148438 0.196094 0.00136027
0 0.821484 0.0351562 0.222656 0.0703125 0.00142885
0 0.278906 0.674609 0.164062 0.194531 0.00147258
0 0.796875 0.571875 0.123438 0.335938 0.00150378
0 0.344141 0.670313 0.200781 0.18125 0.00154556
0 0.217187 0.157422 0.342187 0.305469 0.00166318
0 0.270312 0.0382813 0.25 0.0765625 0.00202032
0 0.650781 0.0582031 0.314063 0.116406 0.00212956
0 0.276563 0.569922 0.146875 0.258594 0.00214903
0 0.851953 0.0878906 0.286719 0.171094 0.00219909
0 0.732813 0.799609 0.240625 0.332031 0.0022051
0 0.764063 0.722656 0.185937 0.248437 0.00233259
0 0.751953 0.555469 0.166406 0.373437 0.00262774
0 0.363672 0.0605469 0.313281 0.119531 0.00316006
0 0.733594 0.0375 0.295312 0.075 0.00332689
0 0.620703 0.101172 0.396094 0.199219 0.00359859
0 0.485547 0.0964844 0.291406 0.192969 0.00383873
0 0.232812 0.0660156 0.264062 0.130469 0.00470236
0 0.725 0.0847656 0.359375 0.169531 0.00532451
0 0.28125 0.106641 0.317187 0.211719 0.00642189
0 0.543359 0.0644531 0.299219 0.128906 0.00694932
0 0.770312 0.640234 0.160938 0.271094 0.00821048
0 0.783984 0.0578125 0.307031 0.115625 0.00889579
0 0.309375 0.627344 0.20625 0.242188 0.0114615
