0 0.0113281 0.800781 0.0226563 0.1 0.00010254
0 0.746094 0.433203 0.165625 0.205469 0.000103262
0 0.763281 0.533594 0.0921875 0.117188 0.000112719
0 0.438281 0.0472656 0.159375 0.0945313 0.000114173
0 0.269141 0.338281 0.0476562 0.0828125 0.000114368
0 0.25 0.578125 0.109375 0.264062 0.000117892
0 0.255859 0.679688 0.0898438 0.110937 0.000132527
0 0.732422 0.797656 0.344531 0.351562 0.000150956
0 0.0132813 0.820703 0.0234375 0.166406 0.000156518
0 0.832031 0.768359 0.298438 0.414844 0.000165483
0 0.660156 0.614844 0.134375 0.217187 0.000171245
0 0.780469 0.510547 0.0890625 0.116406 0.000188815
0 0.666797 0.526953 0.211719 0.277344 0.000200389
0 0.723437 0.573438 0.195312 0.210938 0.000210086
0 0.672656 0.75 0.229687 0.240625 0.000220145
0 0.485547 0.0292969 0.211719 0.0585938 0.000226925
0 0.23125 0.676172 0.1125 0.241406 0.000232625
0 0.408984 0.685156 0.119531 0.19375 0.000258342
0 0.975781 0.805078 0.0484375 0.389844 0.000262588
0 0.6625 0.677344 0.171875 0.203125 0.000317779
0 0.79375 0.470703 0.110937 0.203906 0.000364559
0 0.686328 0.398828 0.244531 0.396094 0.000391877
0 0.821875 0.526953 0.176563 0.494531 0.000441814
0 0.383203 0.710938 0.199219 0.195312 0.000472084
0 0.158203 0.981641 0.0460938 0.0351562 0.000475885
0 0.298828 0.581641 0.152344 0.260156 0.000561597
0 0.162109 0.969141 0.0445312 0.0523437 0.000683174
0 0.320312 0.504297 0.226562 0.496094 0.000840701
0 0.701563 0.6375 0.173438 0.210938 0.000873641
0 0.720312 0.696875 0.221875 0.2125 0.00110015
0 0.798047 0.596484 0.138281 0.302344 0.00114792
0 0.317578 0.649609 0.153906 0.216406 0.00146417
0 0.309766 0.721875 0.283594 0.276563 0.00168394
0 0.243359 0.721484 0.0992187 0.135156 0.00177729
0 0.371094 0.647656 0.196875 0.240625 0.00193684
0 0.762109 0.659766 0.208594 0.214844 0.00200515
0 0.723828 0.509766 0.213281 0.207031 0.00214693
0 0.692969 0.625391 0.2375 0.322656 0.00330679
0 0.280469 0.710156 0.184375 0.2125 0.00567063
0 0.809375 0.700391 0.173438 0.272656 0.00777396
0 0.267188 0.636719 0.134375 0.245312 0.00884592
0 0.769922 0.489844 0.158594 0.289062 0.0119058
0 0.728516 0.502734 0.238281 0.455469 0.0163364
0 0.742969 0.683984 0.29375 0.332031 0.035264
0 0.772266 0.603516 0.199219 0.421094 0.262088
0 0.3125 0.642187 0.235938 0.285937 0.369473
