0 0.978125 0.805078 0.04375 0.389844 0.000102734
0 0.275 0.614844 0.0765625 0.0828125 0.000106054
0 0.258594 0.01875 0.0921875 0.0375 0.00010996
0 0.603516 0.559375 0.297656 0.3875 0.000111728
0 0.783594 0.600391 0.189063 0.338281 0.000114151
0 0.774219 0.0605469 0.373437 0.121094 0.000115052
0 0.128516 0.521484 0.221094 0.596094 0.000115969
0 0.776172 0.113672 0.410156 0.227344 0.000121923
0 0.253516 0.466406 0.149219 0.240625 0.000122782
0 0.221094 0.675391 0.145313 0.142969 0.000123141
0 0.219531 0.405078 0.0875 0.114844 0.000123374
0 0.603125 0.26875 0.0703125 0.103125 0.000124092
0 0.644141 0.855078 0.338281 0.288281 0.000127431
0 0.716016 0.322656 0.0992187 0.11875 0.000127884
0 0.260547 0.597266 0.0773437 0.0882813 0.000128842
0 0.922266 0.0324219 0.155469 0.0648438 0.000131065
0 0.660156 0.694531 0.246875 0.2 0.000134864
0 0.207813 0.940625 0.1125 0.11875 0.000137863
0 0.718359 0.364453 0.117969 0.163281 0.000141208
0 0.927344 0.199219 0.145313 0.398438 0.000144191
0 0.651563 0.283984 0.201562 0.217969 0.000147862
0 0.246484 0.617578 0.0742188 0.0742188 0.000150455
0 0.182031 0.696094 0.3 0.423438 0.000154505
0 0.675 0.322266 0.121875 0.130469 0.000158309
0 0.721484 0.548828 0.0867188 0.103906 0.000165612
0 0.658984 0.650391 0.150781 0.191406 0.000181101
0 0.274609 0.405078 0.189844 0.194531 0.000183298
0 0.717188 0.326562 0.164062 0.190625 0.000192653
0 0.167969 0.641797 0.157813 0.253906 0.000193034
0 0.277344 0.733594 0.214062 0.220313 0.000209237
0 0.182422 0.0320312 0.246094 0.0625 0.000231249
0 0.273828 0.595703 0.121094 0.150781 0.000237922
0 0.870703 0.0675781 0.258594 0.135156 0.00023905
0 0.276172 0.205859 0.303906 0.369531 0.000239525
0 0.625391 0.365234 0.211719 0.417969 0.000242997
0 0.210156 0.144141 0.373437 0.288281 0.000245275
0 0.260156 0.633984 0.0765625 0.0742188 0.000255283
0 0.934766 0.0601562 0.128906 0.120312 0.000263274
0 0.872266 0.146094 0.253906 0.279687 0.000268183
0 0.735937 0.411719 0.107813 0.259375 0.000272157
0 0.779688 0.481641 0.146875 0.360156 0.000279663
0 0.753906 0.490234 0.0765625 0.116406 0.000291803
0 0.803906 0.2125 0.382812 0.398438 0.000300376
0 0.178125 0.401172 0.303125 0.594531 0.00031412
0 0.328516 0.316797 0.182031 0.249219 0.000328721
0 0.619141 0.610547 0.147656 0.191406 0.000329352
0 0.200781 0.6375 0.165625 0.178125 0.000366451
0 0.298828 0.609766 0.155469 0.219531 0.000396859
0 0.746094 0.391797 0.332812 0.542969 0.000406929
0 0.610937 0.463672 0.173438 0.277344 0.000417418
0 0.236719 0.371484 0.129688 0.196094 0.000450909
0 0.195312 0.589453 0.132812 0.180469 0.000465628
0 0.297656 0.0214844 0.20625 0.0414063 0.000530529
0 0.639844 0.532031 0.14375 0.175 0.000562644
0 0.309375 0.522656 0.271875 0.545313 0.000583117
0 0.242969 0.616016 0.13125 0.135156 0.000598802
0 0.179297 0.555078 0.0742188 0.0945313 0.000654465
0 0.216797 0.550781 0.136719 0.189063 0.000668753
0 0.717188 0.629687 0.15 0.215625 0.000683786
0 0.296875 0.686719 0.160938 0.195312 0.000748026
0 0.178125 0.444922 0.171875 0.361719 0.000761522
0 0.626953 0.678516 0.308594 0.324219 0.000771296
0 0.277734 0.0960938 0.308594 0.192188 0.000799861
0 0.224609 0.0214844 0.196094 0.0398437 0.00080312
0 0.748828 0.410547 0.160156 0.355469 0.000814283
0 0.751953 0.680078 0.246094 0.391406 0.000851122
0 0.203516 0.0539063 0.321094 0.107813 0.000865883
0 0.736328 0.510938 0.0851562 0.114063 0.000935981
0 0.186719 0.489453 0.114063 0.271094 0.000986008
0 0.264844 0.650781 0.14375 0.167187 0.00165536
0 0.297266 0.0507812 0.277344 0.101562 0.00170546
0 0.179297 0.553516 0.0976562 0.147656 0.00178439
0 0.676172 0.592188 0.152344 0.18125 0.00191621
0 0.663672 0.490625 0.222656 0.204688 0.00192061
0 0.689453 0.346484 0.222656 0.371094 0.00213145
0 0.698828 0.551172 0.149219 0.188281 0.00224602
0 0.230469 0.680469 0.221875 0.207813 0.00254129
0 0.695312 0.750391 0.340625 0.464844 0.00309372
0 0.752734 0.489062 0.103906 0.204688 0.00322991
0 0.25 0.610937 0.228125 0.301562 0.00335844
0 0.631641 0.567187 0.205469 0.220313 0.00357735
0 0.225391 0.574609 0.292969 0.514844 0.00422609
0 0.269531 0.369141 0.265625 0.372656 0.00498131
0 0.265234 0.0324219 0.230469 0.0648438 0.00572076
0 0.746094 0.557031 0.157813 0.25625 0.00587036
0 0.195312 0.548828 0.167187 0.366406 0.00838171
0 0.219531 0.428516 0.135937 0.255469 0.0100831
0 0.720703 0.485938 0.153906 0.26875 0.0292572
0 0.685156 0.628906 0.273438 0.276563 0.0407433
0 0.671094 0.455469 0.229687 0.410937 0.0520607
0 0.688281 0.553516 0.226562 0.283594 0.160577
0 0.229687 0.466016 0.20625 0.438281 0.373681
