0 0.641016 0.382812 0.130469 0.226562 0.000104292
0 0.713281 0.345703 0.3125 0.427344 0.000108269
0 0.676172 0.574219 0.152344 0.175 0.000123171
0 0.511328 0.0210938 0.227344 0.0421875 0.00012361
0 0.286328 0.309375 0.289844 0.33125 0.000126959
0 0.782422 0.103125 0.397656 0.20625 0.000128739
0 0.141406 0.0410156 0.2625 0.0820312 0.000129518
0 0.122656 0.3625 0.245312 0.665625 0.000129583
0 0.68125 0.423828 0.178125 0.178906 0.000148882
0 0.236328 0.466016 0.0914062 0.0804688 0.000156515
0 0.283203 0.384375 0.207031 0.190625 0.00015866
0 0.214453 0.445312 0.253906 0.35 0.000171546
0 0.273828 0.628516 0.330469 0.464844 0.00017974
0 0.448438 0.0191406 0.192188 0.0382813 0.00018728
0 0.724219 0.960938 0.33125 0.078125 0.000204037
0 0.973047 0.275 0.0539063 0.417188 0.000207275
0 0.4375 0.0980469 0.240625 0.194531 0.000211734
0 0.0710938 0.182422 0.140625 0.364844 0.000230566
0 0.403906 0.034375 0.2375 0.06875 0.000234613
0 0.225781 0.467578 0.117188 0.142969 0.000235633
0 0.357031 0.0578125 0.320312 0.115625 0.000242733
0 0.657812 0.326562 0.160938 0.178125 0.00025374
0 0.624219 0.106641 0.378125 0.213281 0.000273891
0 0.694531 0.593359 0.232812 0.241406 0.000301452
0 0.278906 0.449219 0.196875 0.21875 0.000340929
0 0.294922 0.532422 0.233594 0.216406 0.000349141
0 0.557031 0.0339844 0.276563 0.0679687 0.000375601
0 0.0863281 0.0671875 0.172656 0.134375 0.000442228
0 0.534375 0.0910156 0.279687 0.182031 0.000460137
0 0.3375 0.404297 0.228125 0.286719 0.000471691
0 0.373828 0.516797 0.263281 0.413281 0.000559903
0 0.470703 0.0328125 0.192969 0.065625 0.00056759
0 0.277344 0.103516 0.426562 0.207031 0.00058034
0 0.762109 0.453516 0.141406 0.205469 0.000592594
0 0.46875 0.0515625 0.25 0.101562 0.000712977
0 0.754687 0.567578 0.226562 0.332031 0.000740786
0 0.154687 0.210938 0.298438 0.410937 0.000767703
0 0.184375 0.071875 0.357812 0.14375 0.0010209
0 0.718359 0.485938 0.221094 0.215625 0.00121102
0 0.242188 0.492969 0.146875 0.251563 0.00128036
0 0.694922 0.374219 0.235156 0.271875 0.00128821
0 0.136328 0.119141 0.271094 0.236719 0.0020551
0 0.782422 0.484375 0.186719 0.34375 0.00237823
0 0.243359 0.543359 0.222656 0.319531 0.0042528
0 0.297266 0.480859 0.280469 0.430469 0.445109
0 0.718359 0.465234 0.260156 0.435156 0.516236
