0 0.367578 0.0277344 0.153906 0.0539063 0.000101739
0 0.598828 0.528125 0.111719 0.1375 0.000102978
0 0.021875 0.643359 0.04375 0.442969 0.000105578
0 0.675391 0.575781 0.0898438 0.110937 0.000109087
0 0.280078 0.508984 0.127344 0.211719 0.000114487
0 0.644531 0.452734 0.06875 0.0898438 0.000115923
0 0.241406 0.634766 0.154687 0.214844 0.000123951
0 0.300781 0.407813 0.11875 0.11875 0.000127189
0 0.721094 0.0183594 0.103125 0.0289063 0.000129346
0 0.822266 0.0140625 0.0914062 0.025 0.000137353
0 0.8375 0.0234375 0.14375 0.046875 0.000138109
0 0.725 0.621875 0.29375 0.476562 0.000146977
0 0.687109 0.594531 0.111719 0.203125 0.000149068
0 0.566016 0.379687 0.0914062 0.0890625 0.000159959
0 0.439844 0.0554687 0.214062 0.109375 0.000173856
0 0.763281 0.01875 0.132812 0.0296875 0.000182048
0 0.266016 0.412891 0.105469 0.119531 0.000186019
0 0.189453 0.685938 0.127344 0.260938 0.000196403
0 0.0308594 0.559766 0.0617188 0.628906 0.000203994
0 0.0609375 0.0375 0.117188 0.0671875 0.000212365
0 0.664062 0.494531 0.0859375 0.170312 0.000214196
0 0.0945313 0.028125 0.189063 0.05625 0.000214238
0 0.241016 0.486719 0.121094 0.20625 0.000228298
0 0.28125 0.591406 0.145313 0.276563 0.000229353
0 0.679297 0.714063 0.153906 0.204688 0.000236355
0 0.660156 0.632031 0.140625 0.225 0.000250805
0 0.664453 0.55 0.0835937 0.103125 0.000267454
0 0.434375 0.0285156 0.189063 0.0570313 0.000282977
0 0.595312 0.423828 0.0953125 0.0960938 0.000288975
0 0.639844 0.551562 0.1375 0.173438 0.000299029
0 0.596094 0.482031 0.0890625 0.1125 0.000308689
0 0.572266 0.482031 0.0695312 0.0859375 0.000316594
0 0.211328 0.489453 0.253906 0.405469 0.000334104
0 0.224219 0.717969 0.157813 0.198437 0.000345936
0 0.207813 0.591016 0.107813 0.282031 0.0004239
0 0.578516 0.402734 0.0945313 0.0992187 0.00043806
0 0.649219 0.476172 0.0546875 0.0757812 0.000460971
0 0.301953 0.676562 0.252344 0.282813 0.000469925
0 0.331641 0.561719 0.188281 0.426562 0.000497236
0 0.591016 0.603516 0.178906 0.344531 0.000516531
0 0.591406 0.439453 0.15625 0.147656 0.000524378
0 0.634766 0.467969 0.0492188 0.0734375 0.000578651
0 0.804688 0.0171875 0.146875 0.0328125 0.000590511
0 0.613672 0.490234 0.214844 0.296094 0.000633984
0 0.272656 0.444141 0.1375 0.169531 0.0006678
0 0.609766 0.447266 0.0882813 0.114844 0.00067829
0 0.635156 0.489062 0.08125 0.125 0.000705625
0 0.616797 0.483594 0.135156 0.173438 0.000724437
0 0.622656 0.679688 0.2 0.25 0.000811927
0 0.615234 0.465625 0.0632813 0.0828125 0.00116666
0 0.2375 0.554688 0.139062 0.270312 0.00167239
0 0.664844 0.554688 0.120312 0.253125 0.00322989
0 0.694531 0.604688 0.145313 0.384375 0.00544252
0 0.213672 0.596094 0.158594 0.404687 0.0137972
0 0.641406 0.587109 0.2 0.413281 0.440718
0 0.266016 0.564453 0.222656 0.452344 0.484448
