0 0.361719 0.383203 0.107813 0.183594 0.000100158
0 0.263672 0.673047 0.0976562 0.138281 0.000101579
0 0.711719 0.199609 0.046875 0.0726563 0.000104033
0 0.321875 0.221094 0.1 0.19375 0.000104177
0 0.740234 0.259375 0.0507812 0.0734375 0.000104647
0 0.641797 0.575 0.136719 0.226562 0.000104778
0 0.223828 0.150781 0.358594 0.301562 0.000106062
0 0.0253906 0.887891 0.0507812 0.224219 0.000107563
0 0.296094 0.0710938 0.34375 0.142188 0.000107727
0 0.734766 0.264062 0.0757812 0.117188 0.000107892
0 0.319922 0.363281 0.0882813 0.114063 0.000108025
0 0.695312 0.181641 0.0453125 0.0695312 0.000108566
0 0.319141 0.300781 0.0804688 0.096875 0.000109748
0 0.382031 0.533984 0.129688 0.233594 0.000112114
0 0.291406 0.403125 0.103125 0.204688 0.000112426
0 0.630469 0.114063 0.0703125 0.0765625 0.000113744
0 0.387891 0.225 0.232031 0.35 0.000115261
0 0.636719 0.153906 0.09375 0.10625 0.000116441
0 0.699219 0.218359 0.04375 0.0648438 0.000116524
0 0.362891 0.650391 0.303906 0.289844 0.00011736
0 0.394141 0.178125 0.0695312 0.0796875 0.000119708
0 0.750391 0.367969 0.117969 0.2875 0.000120077
0 0.484375 0.153906 0.246875 0.307813 0.000120652
0 0.768359 0.657031 0.313281 0.307813 0.000125099
0 0.647656 0.400391 0.165625 0.239844 0.000128506
0 0.2875 0.278516 0.189063 0.307031 0.000133639
0 0.610156 0.391016 0.1875 0.427344 0.000135996
0 0.486328 0.309375 0.252344 0.4125 0.000136754
0 0.721094 0.241016 0.0609375 0.0851562 0.000142152
0 0.314063 0.669141 0.19375 0.174219 0.000144933
0 0.653906 0.157031 0.059375 0.078125 0.000148112
0 0.714063 0.223438 0.0484375 0.06875 0.000150449
0 0.805859 0.674219 0.0867188 0.104687 0.000160088
0 0.0164062 0.592578 0.0296875 0.266406 0.000160193
0 0.694531 0.198047 0.034375 0.0617188 0.000160465
0 0.0609375 0.603516 0.121875 0.792969 0.000166699
0 0.620703 0.0707031 0.371094 0.141406 0.000166716
0 0.75625 0.449609 0.084375 0.113281 0.000167394
0 0.980859 0.311719 0.0382813 0.454688 0.000170635
0 0.621484 0.11875 0.114844 0.134375 0.000176544
0 0.707031 0.489844 0.140625 0.240625 0.000178159
0 0.255078 0.477734 0.210156 0.514844 0.000181314
0 0.0246094 0.769922 0.0492188 0.460156 0.000181728
0 0.646875 0.1875 0.167187 0.289062 0.000199313
0 0.339453 0.325 0.121094 0.165625 0.000231786
0 0.662109 0.527344 0.191406 0.326562 0.000237479
0 0.323828 0.535156 0.139844 0.207813 0.000242539
0 0.614453 0.146484 0.158594 0.208594 0.000253775
0 0.448438 0.078125 0.4125 0.15625 0.000261785
0 0.344922 0.594922 0.133594 0.172656 0.000270927
0 0.550781 0.353906 0.2375 0.503125 0.000271258
0 0.277344 0.389453 0.145313 0.410156 0.00030622
0 0.701563 0.404687 0.185937 0.332812 0.000333591
0 0.450391 0.313672 0.357031 0.619531 0.000346667
0 0.739453 0.404687 0.0835937 0.096875 0.000353369
0 0.337891 0.426562 0.127344 0.267188 0.000354628
0 0.320312 0.409766 0.303125 0.550781 0.000368399
0 0.684766 0.212109 0.283594 0.374219 0.000391542
0 0.303516 0.208984 0.335156 0.392969 0.000410598
0 0.75625 0.491016 0.290625 0.446094 0.000421481
0 0.614062 0.140625 0.303125 0.267188 0.000422679
0 0.315234 0.282031 0.121094 0.2 0.000426628
0 0.439844 0.534766 0.382812 0.524219 0.00047742
0 0.801562 0.672266 0.125 0.155469 0.000488709
0 0.0238281 0.604297 0.0460938 0.450781 0.000538142
0 0.744531 0.531641 0.1375 0.199219 0.000549471
0 0.373047 0.445703 0.200781 0.408594 0.000576707
0 0.28125 0.636328 0.135937 0.199219 0.00059069
0 0.352344 0.314453 0.195312 0.332031 0.00063242
0 0.376953 0.138281 0.403906 0.276563 0.000687156
0 0.539062 0.219141 0.329688 0.417969 0.000699997
0 0.620313 0.283594 0.315625 0.521875 0.000737704
0 0.394141 0.616016 0.155469 0.192969 0.000809553
0 0.775781 0.572266 0.132812 0.263281 0.000879172
0 0.304297 0.466406 0.117969 0.259375 0.00091952
0 0.748438 0.409766 0.101562 0.163281 0.000966938
0 0.0316406 0.602344 0.0632813 0.735937 0.0009849
0 0.378516 0.56875 0.208594 0.265625 0.00102679
0 0.68125 0.605078 0.201562 0.216406 0.00124698
0 0.278516 0.542188 0.136719 0.340625 0.00127902
0 0.669141 0.462109 0.269531 0.471094 0.00129583
0 0.771484 0.491406 0.116406 0.254687 0.0013332
0 0.526563 0.429688 0.39375 0.760938 0.00157142
0 0.354297 0.532422 0.285156 0.407031 0.00180054
0 0.314844 0.360547 0.129688 0.241406 0.00221923
0 0.724219 0.587109 0.285937 0.310156 0.00223165
0 0.771484 0.636719 0.172656 0.215625 0.00234875
0 0.737891 0.452734 0.135156 0.269531 0.00480969
0 0.315625 0.594531 0.182812 0.2625 0.00584583
0 0.313281 0.473047 0.154687 0.414844 0.0134942
0 0.741406 0.533594 0.175 0.340625 0.0215501
