0 0.394141 0.963281 0.232031 0.0734375 0.000100845
0 0.715625 0.396094 0.257812 0.614062 0.00010245
0 0.394141 0.898828 0.266406 0.202344 0.000104544
0 0.365234 0.384375 0.132031 0.16875 0.000107623
0 0.301172 0.0175781 0.230469 0.0351562 0.000109363
0 0.716016 0.777734 0.241406 0.319531 0.000109849
0 0.542969 0.619141 0.389062 0.302344 0.000110079
0 0.812109 0.0535156 0.336719 0.107031 0.000111371
0 0.0660156 0.709766 0.132031 0.458594 0.000111504
0 0.538281 0.897266 0.4125 0.203906 0.000112757
0 0.136328 0.0210938 0.230469 0.0421875 0.000121243
0 0.317969 0.672656 0.276563 0.320312 0.0001227
0 0.701172 0.670313 0.0882813 0.107813 0.000124069
0 0.0984375 0.561719 0.196875 0.729688 0.000125315
0 0.907031 0.401563 0.185937 0.803125 0.000125605
0 0.418359 0.610547 0.172656 0.222656 0.00012739
0 0.319922 0.525391 0.202344 0.416406 0.000131102
0 0.787109 0.09375 0.386719 0.1875 0.000132193
0 0.426562 0.551172 0.235938 0.338281 0.000134977
0 0.0617188 0.457031 0.121875 0.720312 0.000135678
0 0.633203 0.951563 0.269531 0.096875 0.000137786
0 0.292969 0.384375 0.071875 0.0859375 0.000138683
0 0.0433594 0.441406 0.0867188 0.378125 0.000139001
0 0.437891 0.947266 0.286719 0.105469 0.000150253
0 0.025 0.631641 0.0421875 0.169531 0.000151477
0 0.0304688 0.882812 0.0484375 0.223438 0.000167666
0 0.275 0.430078 0.1 0.180469 0.000168677
0 0.290234 0.317187 0.127344 0.207813 0.000179981
0 0.377734 0.325 0.142969 0.179688 0.000180729
0 0.732031 0.705859 0.19375 0.255469 0.000190201
0 0.375391 0.377734 0.197656 0.275781 0.00019907
0 0.687109 0.620313 0.116406 0.160938 0.000209074
0 0.782031 0.0308594 0.279687 0.0617188 0.000209792
0 0.974609 0.315625 0.0507812 0.496875 0.000210104
0 0.312109 0.0332031 0.300781 0.0664062 0.000216343
0 0.771094 0.637109 0.139062 0.183594 0.000216629
0 0.1125 0.0503906 0.207813 0.100781 0.000218997
0 0.015625 0.531641 0.03125 0.253906 0.000227531
0 0.352734 0.0632813 0.350781 0.125 0.00023009
0 0.04375 0.599219 0.084375 0.5125 0.000233305
0 0.966797 0.726562 0.0648438 0.334375 0.000233378
0 0.659766 0.569141 0.233594 0.317969 0.00023365
0 0.759766 0.533203 0.121094 0.272656 0.000245478
0 0.728906 0.489062 0.16875 0.392188 0.000250772
0 0.154297 0.0980469 0.292969 0.196094 0.000251419
0 0.0226563 0.601172 0.04375 0.338281 0.000263248
0 0.343359 0.671094 0.127344 0.15 0.000281111
0 0.758984 0.646094 0.272656 0.309375 0.000282087
0 0.271484 0.229297 0.392969 0.424219 0.000297559
0 0.948047 0.694141 0.102344 0.425781 0.000336183
0 0.298047 0.459766 0.139844 0.307031 0.000356841
0 0.287109 0.613281 0.142969 0.2125 0.000377606
0 0.963281 0.600781 0.0734375 0.460938 0.000401575
0 0.185937 0.0335938 0.290625 0.0671875 0.000402889
0 0.975 0.810156 0.05 0.357812 0.000423862
0 0.280078 0.106641 0.375781 0.213281 0.000425451
0 0.394141 0.364844 0.107031 0.13125 0.00058857
0 0.0242187 0.481641 0.0484375 0.417969 0.000590456
0 0.357031 0.58125 0.192188 0.292188 0.000610698
0 0.205859 0.059375 0.350781 0.115625 0.000667235
0 0.0328125 0.446094 0.0640625 0.625 0.000674626
0 0.276172 0.367969 0.0804688 0.115625 0.00070398
0 0.376563 0.641016 0.15625 0.189844 0.000745807
0 0.687109 0.668359 0.149219 0.172656 0.000745981
0 0.967578 0.4375 0.0648438 0.5 0.000832577
0 0.733594 0.582422 0.154687 0.239844 0.00114189
0 0.326562 0.641797 0.19375 0.219531 0.00212389
0 0.95 0.434766 0.1 0.774219 0.002449
0 0.719531 0.639063 0.090625 0.107813 0.00274411
0 0.726953 0.645703 0.142969 0.155469 0.0259127
