0 0.217969 0.636719 0.0859375 0.0984375 0.000101099
0 0.601562 0.159375 0.110937 0.1 0.000103343
0 0.332422 0.635938 0.335156 0.548437 0.000103611
0 0.980078 0.916797 0.0398437 0.166406 0.000103616
0 0.605078 0.308594 0.138281 0.176563 0.000108684
0 0.988672 0.877344 0.0226563 0.245312 0.000113431
0 0.0738281 0.0332031 0.147656 0.0664062 0.000113768
0 0.657812 0.826563 0.121875 0.0984375 0.000114339
0 0.701563 0.717969 0.125 0.171875 0.000118222
0 0.31875 0.400391 0.159375 0.427344 0.000118453
0 0.240625 0.595703 0.16875 0.194531 0.000129694
0 0.937891 0.0515625 0.124219 0.103125 0.000132099
0 0.653125 0.437109 0.2125 0.396094 0.000136725
0 0.976562 0.271094 0.046875 0.482812 0.000137501
0 0.653906 0.292969 0.15 0.142188 0.000143233
0 0.984375 0.647656 0.03125 0.45 0.00014633
0 0.616016 0.617969 0.127344 0.234375 0.000150571
0 0.722266 0.678125 0.0789063 0.0984375 0.000166502
0 0.736719 0.710938 0.2875 0.392188 0.000168256
0 0.581641 0.182422 0.0867188 0.108594 0.000172064
0 0.242969 0.692187 0.1875 0.192188 0.00017411
0 0.652344 0.716406 0.14375 0.182812 0.000201235
0 0.259375 0.309766 0.154687 0.174219 0.000203931
0 0.701172 0.616016 0.132031 0.257031 0.000206829
0 0.732813 0.381641 0.120312 0.219531 0.000210137
0 0.692187 0.817578 0.176563 0.163281 0.000211146
0 0.689453 0.294922 0.116406 0.108594 0.0002406
0 0.228906 0.442969 0.173438 0.459375 0.000241793
0 0.141797 0.0347656 0.261719 0.0664062 0.000243921
0 0.710938 0.315625 0.104687 0.128125 0.000245045
0 0.187109 0.627734 0.155469 0.296094 0.000250747
0 0.609766 0.36875 0.128906 0.154687 0.000255921
0 0.191797 0.464844 0.111719 0.36875 0.000258914
0 0.220703 0.283203 0.0882813 0.0898438 0.000261176
0 0.688672 0.817187 0.111719 0.126563 0.000262104
0 0.294141 0.725781 0.175781 0.184375 0.00029312
0 0.183984 0.05 0.364844 0.1 0.00030297
0 0.982422 0.799219 0.0351562 0.401563 0.000325265
0 0.249609 0.682422 0.288281 0.319531 0.000341329
0 0.7625 0.80625 0.125 0.1625 0.000365874
0 0.654297 0.639063 0.139844 0.25 0.000382879
0 0.748828 0.486719 0.132031 0.385938 0.000400601
0 0.655859 0.75625 0.219531 0.228125 0.000409687
0 0.671484 0.834375 0.0632813 0.071875 0.000414109
0 0.211719 0.353516 0.1125 0.211719 0.00046114
0 0.304688 0.614844 0.129688 0.204688 0.000478795
0 0.676953 0.847656 0.0398437 0.0546875 0.000490771
0 0.720703 0.677734 0.122656 0.169531 0.000658484
0 0.211328 0.643359 0.136719 0.196094 0.000705512
0 0.308984 0.568359 0.160156 0.335156 0.000804054
0 0.655469 0.614453 0.204688 0.341406 0.000874321
0 0.323828 0.689453 0.147656 0.186719 0.000994858
0 0.654688 0.348437 0.1625 0.159375 0.00102011
0 0.727344 0.765234 0.19375 0.224219 0.00104603
0 0.740234 0.628906 0.152344 0.345313 0.00116344
0 0.619141 0.683594 0.171094 0.240625 0.00117046
0 0.283984 0.482812 0.208594 0.457812 0.0011868
0 0.239453 0.558203 0.200781 0.341406 0.00155686
0 0.696094 0.541406 0.217187 0.482812 0.00297619
0 0.280469 0.648047 0.198437 0.222656 0.00510181
0 0.6875 0.698438 0.220313 0.265625 0.00513281
