0 0.262891 0.576172 0.0789063 0.119531 0.00010003
0 0.296875 0.617188 0.128125 0.196875 0.000100244
0 0.785547 0.492969 0.0804688 0.117188 0.000100501
0 0.729688 0.317187 0.134375 0.129688 0.000100936
0 0.389844 0.654688 0.0890625 0.1 0.000102746
0 0.332812 0.344141 0.065625 0.0742188 0.000105455
0 0.388672 0.305078 0.119531 0.136719 0.000105723
0 0.725 0.573828 0.126563 0.213281 0.000106253
0 0.0296875 0.519141 0.059375 0.724219 0.000107669
0 0.765625 0.613672 0.0828125 0.103906 0.0001103
0 0.425 0.553906 0.078125 0.0984375 0.000110405
0 0.691016 0.356641 0.213281 0.214844 0.00011135
0 0.694141 0.428906 0.0867188 0.107813 0.000115349
0 0.253516 0.762891 0.307031 0.342969 0.000117172
0 0.423438 0.595703 0.0828125 0.110156 0.000119843
0 0.802734 0.445703 0.0570313 0.108594 0.00012021
0 0.278906 0.552734 0.0859375 0.113281 0.000122791
0 0.352734 0.862109 0.388281 0.266406 0.000127712
0 0.30625 0.758203 0.145313 0.121094 0.000131398
0 0.759766 0.424219 0.0632813 0.0953125 0.000132008
0 0.666016 0.847656 0.224219 0.304688 0.00013271
0 0.805078 0.131641 0.389844 0.260156 0.000140439
0 0.216016 0.648047 0.166406 0.391406 0.00014045
0 0.744141 0.815625 0.239844 0.171875 0.000141637
0 0.825781 0.441797 0.170312 0.555469 0.000143086
0 0.363672 0.722266 0.0898438 0.116406 0.000143883
0 0.821094 0.832812 0.078125 0.103125 0.000146604
0 0.749219 0.406641 0.090625 0.161719 0.000152065
0 0.939453 0.0925781 0.119531 0.185156 0.000155441
0 0.775 0.337109 0.140625 0.213281 0.000157583
0 0.724219 0.491406 0.126563 0.240625 0.000165745
0 0.210938 0.794922 0.06875 0.0820312 0.000169573
0 0.252344 0.552344 0.103125 0.2125 0.00017271
0 0.286719 0.431641 0.0765625 0.113281 0.000181601
0 0.787109 0.799219 0.0929687 0.109375 0.000183674
0 0.392578 0.357031 0.182031 0.207813 0.0001875
0 0.884766 0.708984 0.213281 0.582031 0.000188086
0 0.767969 0.553906 0.0875 0.114063 0.000191139
0 0.259766 0.613281 0.0804688 0.103125 0.000196638
0 0.685156 0.454688 0.220313 0.340625 0.000198967
0 0.81875 0.766797 0.0765625 0.114844 0.000200274
0 0.797656 0.407422 0.05625 0.107031 0.000203703
0 0.794531 0.304297 0.3375 0.499219 0.000203829
0 0.94375 0.523438 0.10625 0.765625 0.000205726
0 0.840234 0.838672 0.167969 0.238281 0.000210072
0 0.769922 0.339453 0.0507812 0.0867188 0.000211423
0 0.408984 0.5125 0.102344 0.192188 0.000220807
0 0.675391 0.723047 0.325781 0.519531 0.000220981
0 0.660937 0.697266 0.146875 0.311719 0.00022444
0 0.799219 0.516016 0.0765625 0.121094 0.000240067
0 0.525781 0.302734 0.3125 0.499219 0.000241798
0 0.765234 0.385938 0.0570313 0.096875 0.00024395
0 0.391016 0.616797 0.124219 0.196094 0.000246521
0 0.785156 0.820312 0.315625 0.270312 0.000248839
0 0.965625 0.194922 0.06875 0.389844 0.000255514
0 0.964063 0.396094 0.0703125 0.707812 0.000266734
0 0.357422 0.505859 0.124219 0.172656 0.000278005
0 0.786328 0.59375 0.0867188 0.11875 0.000278732
0 0.744141 0.680469 0.139844 0.28125 0.000295709
0 0.896484 0.396484 0.191406 0.792969 0.000297384
0 0.446875 0.605859 0.15 0.536719 0.00029762
0 0.537109 0.629687 0.471094 0.740625 0.000307814
0 0.303516 0.680859 0.144531 0.214844 0.000311698
0 0.35 0.31875 0.126563 0.120312 0.000311713
0 0.40625 0.758984 0.245312 0.338281 0.000313424
0 0.778516 0.363281 0.0585938 0.107813 0.000317007
0 0.427344 0.442969 0.1375 0.25625 0.00033335
0 0.314453 0.550781 0.128906 0.2125 0.000341963
0 0.697656 0.699219 0.129688 0.245312 0.000362436
0 0.903516 0.126953 0.192969 0.253906 0.000376857
0 0.762891 0.450781 0.102344 0.21875 0.000377476
0 0.282813 0.505859 0.0875 0.113281 0.000388224
0 0.428516 0.733203 0.402344 0.533594 0.000391682
0 0.717969 0.762109 0.139062 0.177344 0.000414585
0 0.409375 0.639453 0.0890625 0.103906 0.000420562
0 0.223047 0.761328 0.0851562 0.138281 0.000434259
0 0.748438 0.531641 0.135937 0.192969 0.000443789
0 0.802344 0.451172 0.0734375 0.196094 0.000445849
0 0.423828 0.574219 0.0992187 0.210938 0.000459796
0 0.624609 0.255469 0.296094 0.467187 0.000473424
0 0.340625 0.500391 0.071875 0.0992187 0.000475064
0 0.384375 0.281641 0.06875 0.0601562 0.000484896
0 0.31875 0.382031 0.104687 0.176563 0.000528775
0 0.94375 0.297656 0.110937 0.595312 0.000530554
0 0.351562 0.410547 0.289062 0.355469 0.000560392
0 0.363672 0.752344 0.217969 0.165625 0.000615548
0 0.766016 0.482422 0.321094 0.575781 0.000640529
0 0.816797 0.742969 0.0898438 0.201562 0.000655885
0 0.299219 0.472656 0.090625 0.117188 0.000745513
0 0.283594 0.757031 0.204688 0.171875 0.000801058
0 0.811328 0.510156 0.0867188 0.2 0.000807453
0 0.749219 0.392969 0.157813 0.2375 0.000812356
0 0.775 0.390625 0.0890625 0.160938 0.000938737
0 0.688281 0.631641 0.20625 0.483594 0.000946045
0 0.823438 0.565625 0.115625 0.326562 0.00104315
0 0.2875 0.410547 0.115625 0.236719 0.00112165
0 0.322266 0.486719 0.0898438 0.10625 0.00131892
0 0.317187 0.353125 0.08125 0.1125 0.00132312
0 0.261719 0.613281 0.107813 0.232812 0.00133702
0 0.68125 0.784375 0.171875 0.245312 0.00134968
0 0.348047 0.717578 0.138281 0.167969 0.00151567
0 0.800391 0.555469 0.0773437 0.114063 0.00151815
0 0.262891 0.612109 0.280469 0.471094 0.00154434
0 0.263281 0.483203 0.129688 0.271094 0.00162441
0 0.767578 0.592188 0.127344 0.221875 0.0016963
0 0.8 0.676172 0.107813 0.289844 0.00197305
0 0.419531 0.567578 0.128125 0.341406 0.00224679
0 0.796484 0.455469 0.105469 0.2875 0.00227088
0 0.245312 0.688672 0.1375 0.258594 0.002306
0 0.815234 0.801172 0.100781 0.147656 0.00320756
0 0.825391 0.683984 0.130469 0.407031 0.00322638
0 0.761328 0.681641 0.280469 0.442969 0.00338005
0 0.335156 0.470703 0.135937 0.155469 0.00361185
0 0.416797 0.65 0.117969 0.203125 0.00377898
0 0.384375 0.525391 0.19375 0.447656 0.00466528
0 0.737109 0.737891 0.221094 0.257031 0.00489773
0 0.282031 0.550781 0.123438 0.264062 0.00711868
0 0.799609 0.571875 0.0960938 0.2 0.00807376
0 0.333594 0.4375 0.170312 0.260938 0.00882897
0 0.273438 0.636328 0.160938 0.353906 0.00993901
0 0.319531 0.717969 0.234375 0.201562 0.0109987
0 0.741016 0.567969 0.199219 0.509375 0.0143207
0 0.781641 0.779297 0.171094 0.194531 0.0147178
0 0.384375 0.692969 0.175 0.2125 0.0164574
0 0.778516 0.521484 0.127344 0.269531 0.0192026
0 0.301953 0.476562 0.135156 0.207813 0.0426732
0 0.351562 0.631641 0.23125 0.350781 0.0435254
0 0.783594 0.628516 0.146875 0.433594 0.0849386
0 0.296094 0.546484 0.164062 0.407031 0.101652
