0 0.7625 0.469531 0.15625 0.190625 0.00010355
0 0.407031 0.309766 0.115625 0.180469 0.000104139
0 0.341797 0.302734 0.185156 0.192969 0.000106132
0 0.763281 0.228906 0.167187 0.290625 0.000107404
0 0.303906 0.673437 0.270312 0.175 0.000107912
0 0.701172 0.575781 0.203906 0.215625 0.00010873
0 0.943359 0.0730469 0.113281 0.146094 0.000112667
0 0.764844 0.200391 0.107813 0.157031 0.000118592
0 0.416016 0.350391 0.183594 0.328906 0.000124901
0 0.833203 0.532422 0.111719 0.283594 0.000130732
0 0.204688 0.574219 0.129688 0.215625 0.000132204
0 0.217187 0.339844 0.0921875 0.107813 0.000132418
0 0.807031 0.322656 0.0671875 0.10625 0.000137952
0 0.746484 0.96875 0.0820312 0.0625 0.000144035
0 0.964063 0.111328 0.071875 0.222656 0.00015722
0 0.173047 0.559766 0.158594 0.353906 0.00015959
0 0.80625 0.671875 0.13125 0.189063 0.000191751
0 0.735547 0.383984 0.186719 0.189844 0.000194763
0 0.676172 0.422656 0.139844 0.253125 0.000198275
0 0.235938 0.446484 0.146875 0.283594 0.000202551
0 0.319141 0.0980469 0.141406 0.153906 0.000203392
0 0.227734 0.653516 0.161719 0.166406 0.000222694
0 0.295703 0.342969 0.197656 0.1875 0.00023055
0 0.235938 0.177344 0.101562 0.157813 0.000240225
0 0.20625 0.384766 0.132812 0.274219 0.000248535
0 0.662891 0.6375 0.191406 0.232812 0.000264364
0 0.655469 0.100391 0.14375 0.158594 0.00026674
0 0.248047 0.148047 0.0820312 0.111719 0.000269412
0 0.806641 0.321484 0.0914062 0.163281 0.000285275
0 0.936719 0.145703 0.126563 0.291406 0.000290575
0 0.719531 0.634375 0.210938 0.196875 0.000310109
0 0.376563 0.430078 0.214062 0.499219 0.000315855
0 0.759375 0.319922 0.175 0.274219 0.000324562
0 0.766797 0.529688 0.130469 0.23125 0.00033785
0 0.217969 0.510547 0.132812 0.260156 0.000349119
0 0.738281 0.947266 0.078125 0.0976562 0.000383985
0 0.303516 0.608984 0.250781 0.224219 0.000462213
0 0.678906 0.137109 0.19375 0.255469 0.000468294
0 0.804297 0.355859 0.147656 0.442969 0.000479457
0 0.194922 0.309766 0.164844 0.317969 0.000489188
0 0.382031 0.345703 0.15625 0.230469 0.000506615
0 0.771094 0.667188 0.217187 0.2375 0.00051351
0 0.803516 0.491797 0.124219 0.267969 0.000552582
0 0.233984 0.153125 0.0570313 0.0828125 0.000574731
0 0.708984 0.221875 0.244531 0.389062 0.000713412
0 0.757031 0.320703 0.24375 0.574219 0.000852806
0 0.694531 0.360547 0.0890625 0.100781 0.00087057
0 0.301562 0.153125 0.196875 0.25625 0.00104927
0 0.342578 0.314844 0.241406 0.490625 0.00123321
0 0.299219 0.513281 0.278125 0.375 0.00133845
0 0.83125 0.632422 0.11875 0.274219 0.00152595
0 0.179688 0.433203 0.189063 0.569531 0.0016216
0 0.669531 0.438672 0.229687 0.467969 0.00219111
0 0.816406 0.535547 0.285937 0.488281 0.00283713
0 0.706641 0.603516 0.303906 0.308594 0.00298302
0 0.223438 0.573828 0.184375 0.307031 0.00335462
0 0.824609 0.486328 0.161719 0.550781 0.00367977
0 0.271875 0.277734 0.232812 0.336719 0.0041431
0 0.80625 0.589453 0.11875 0.275781 0.00536607
0 0.694531 0.361328 0.15625 0.177344 0.00659448
0 0.236328 0.326172 0.171094 0.238281 0.00777979
0 0.711328 0.354688 0.216406 0.332812 0.00958902
0 0.237109 0.439453 0.197656 0.421094 0.0537061
0 0.785937 0.578906 0.192188 0.348437 0.054836
0 0.737109 0.48125 0.272656 0.520312 0.200435
0 0.264453 0.383984 0.271094 0.633594 0.314675
