0 0.0464844 0.315625 0.0929687 0.378125 0.00010091
0 0.219922 0.0320312 0.235156 0.0640625 0.000101052
0 0.977344 0.564453 0.0453125 0.350781 0.000113574
0 0.952344 0.724219 0.0953125 0.551562 0.000115096
0 0.85 0.53125 0.195312 0.4125 0.000115577
0 0.403125 0.241016 0.184375 0.191406 0.000115848
0 0.0347656 0.190625 0.0695312 0.35625 0.000120859
0 0.380859 0.512109 0.278906 0.433594 0.000125564
0 0.970312 0.480078 0.059375 0.685156 0.000126458
0 0.275 0.257812 0.264062 0.45625 0.00012751
0 0.792188 0.608594 0.329688 0.55 0.000128895
0 0.717969 0.894531 0.365625 0.210938 0.000131241
0 0.947266 0.366016 0.105469 0.732031 0.000133254
0 0.770703 0.282422 0.133594 0.244531 0.000134532
0 0.150781 0.466797 0.273438 0.930469 0.000134603
0 0.385938 0.343359 0.204688 0.214844 0.000144337
0 0.978906 0.103125 0.0421875 0.20625 0.000144949
0 0.857422 0.964453 0.271094 0.0710938 0.000147121
0 0.819141 0.798828 0.336719 0.397656 0.000151632
0 0.482422 0.345313 0.233594 0.5 0.000151815
0 0.675391 0.353906 0.194531 0.398438 0.000152159
0 0.705078 0.21875 0.175781 0.198437 0.000164072
0 0.0261719 0.603125 0.0507812 0.490625 0.00017352
0 0.290625 0.435156 0.4125 0.829687 0.000176885
0 0.472266 0.219141 0.141406 0.394531 0.00017742
0 0.761328 0.469141 0.141406 0.219531 0.000179001
0 0.0171875 0.342578 0.034375 0.239844 0.000184523
0 0.0464844 0.482031 0.0929687 0.423438 0.0001847
0 0.886719 0.730859 0.221875 0.524219 0.00018509
0 0.817187 0.938672 0.335938 0.121094 0.000188652
0 0.490234 0.116797 0.149219 0.224219 0.000194014
0 0.924609 0.93125 0.150781 0.1375 0.000208372
0 0.8875 0.265234 0.223438 0.530469 0.000217827
0 0.14375 0.0371094 0.270312 0.0742188 0.000230366
0 0.314063 0.0351562 0.315625 0.0703125 0.000231227
0 0.367188 0.422656 0.215625 0.30625 0.000235654
0 0.450391 0.0792969 0.166406 0.153906 0.000248701
0 0.740234 0.255078 0.0851562 0.102344 0.000275797
0 0.778125 0.1125 0.354688 0.225 0.000278129
0 0.974609 0.26875 0.0507812 0.515625 0.00028839
0 0.794531 0.517969 0.173438 0.21875 0.000299015
0 0.705859 0.284375 0.142969 0.23125 0.000312694
0 0.971875 0.815625 0.0546875 0.36875 0.000313273
0 0.939062 0.856641 0.121875 0.286719 0.000323511
0 0.425 0.388281 0.145313 0.198437 0.000337537
0 0.660156 0.110156 0.154687 0.204688 0.000346022
0 0.364844 0.283984 0.15 0.263281 0.000358591
0 0.333984 0.349219 0.192969 0.35 0.000389852
0 0.702344 0.952344 0.335938 0.0953125 0.000398244
0 0.0679687 0.182031 0.132812 0.357812 0.00039963
0 0.734375 0.510156 0.285937 0.382812 0.000429526
0 0.111719 0.0648438 0.223438 0.129688 0.00044124
0 0.932813 0.040625 0.134375 0.08125 0.000488512
0 0.960156 0.0757812 0.0765625 0.151562 0.000488959
0 0.345703 0.0652344 0.341406 0.130469 0.00049716
0 0.79375 0.433594 0.259375 0.534375 0.000527046
0 0.0546875 0.534375 0.10625 0.775 0.000531314
0 0.964063 0.139062 0.071875 0.278125 0.000540969
0 0.883594 0.882031 0.229687 0.235938 0.000560441
0 0.0257812 0.437109 0.0515625 0.402344 0.000561967
0 0.189453 0.273828 0.378906 0.547656 0.000609777
0 0.861719 0.0371094 0.264062 0.0742188 0.000692162
0 0.78125 0.316406 0.173438 0.3875 0.000729001
0 0.428516 0.384375 0.202344 0.335938 0.000804935
0 0.269531 0.116797 0.398438 0.224219 0.000807391
0 0.200781 0.0757812 0.38125 0.151562 0.00081388
0 0.439453 0.15625 0.172656 0.284375 0.000959238
0 0.692578 0.147656 0.177344 0.23125 0.000977344
0 0.933203 0.191797 0.133594 0.383594 0.00110776
0 0.0921875 0.294531 0.184375 0.589063 0.00122756
0 0.03125 0.358203 0.0609375 0.675781 0.00126183
0 0.894531 0.0683594 0.210938 0.136719 0.00127213
0 0.364062 0.151562 0.285937 0.298438 0.00153467
0 0.141797 0.140625 0.277344 0.278125 0.0016927
0 0.738281 0.507812 0.217187 0.25 0.00181223
0 0.777344 0.235156 0.304688 0.459375 0.00188594
0 0.936719 0.104297 0.126563 0.208594 0.00199757
0 0.705078 0.235547 0.197656 0.355469 0.00211907
0 0.740625 0.257812 0.13125 0.176563 0.00216347
0 0.341406 0.345703 0.279687 0.541406 0.00237381
0 0.874609 0.126953 0.249219 0.253906 0.00409634
0 0.282422 0.199609 0.455469 0.385156 0.00530103
0 0.731641 0.339844 0.235156 0.529688 0.41064
0 0.40625 0.276172 0.25 0.510156 0.470968
