0 0.395703 0.608984 0.121094 0.185156 0.000100265
0 0.853906 0.757031 0.0765625 0.1125 0.000106336
0 0.803906 0.693359 0.115625 0.103906 0.000117363
0 0.744141 0.557422 0.200781 0.180469 0.000131457
0 0.530859 0.566406 0.499219 0.867188 0.000131621
0 0.680859 0.55625 0.119531 0.1875 0.000131983
0 0.280469 0.623828 0.285937 0.232031 0.000135685
0 0.357812 0.634375 0.160938 0.148438 0.000139764
0 0.401563 0.359375 0.09375 0.126563 0.000145228
0 0.761719 0.671094 0.173438 0.160938 0.000146095
0 0.357812 0.377344 0.164062 0.190625 0.000154992
0 0.819922 0.570312 0.0867188 0.110937 0.000161413
0 0.808203 0.364453 0.0960938 0.164844 0.000163221
0 0.295312 0.387109 0.195312 0.252344 0.000192094
0 0.819141 0.408984 0.0835937 0.147656 0.000195969
0 0.746875 0.490234 0.228125 0.371094 0.000203687
0 0.344141 0.535547 0.142969 0.199219 0.000206787
0 0.892187 0.600781 0.207813 0.540625 0.000227894
0 0.243359 0.547266 0.0882813 0.100781 0.000300124
0 0.8375 0.571875 0.0890625 0.164062 0.000301734
0 0.819531 0.472266 0.09375 0.205469 0.000313243
0 0.693359 0.541797 0.164844 0.282031 0.000315879
0 0.683984 0.631641 0.311719 0.436719 0.000344345
0 0.825781 0.676562 0.132812 0.164062 0.0003461
0 0.238672 0.401172 0.110156 0.177344 0.000351763
0 0.721094 0.648047 0.139062 0.167969 0.000414217
0 0.342578 0.586719 0.183594 0.173438 0.000466584
0 0.800391 0.551562 0.0867188 0.09375 0.000467457
0 0.282813 0.35 0.123438 0.125 0.000477694
0 0.28125 0.555469 0.145313 0.15 0.000490564
0 0.819141 0.532031 0.105469 0.1625 0.00057405
0 0.259375 0.310937 0.114063 0.129688 0.000596842
0 0.802734 0.425391 0.117969 0.258594 0.000620699
0 0.672656 0.605859 0.164062 0.219531 0.00119294
0 0.833203 0.521484 0.127344 0.291406 0.00126056
0 0.302344 0.480469 0.239063 0.339063 0.0013061
0 0.785547 0.552734 0.139844 0.122656 0.00144332
0 0.242578 0.341797 0.0851562 0.0945313 0.0015518
0 0.8 0.633203 0.176563 0.227344 0.00183334
0 0.757031 0.576563 0.290625 0.317187 0.00208609
0 0.239844 0.536719 0.154687 0.170312 0.0027097
0 0.795313 0.49375 0.15 0.296875 0.00271493
0 0.241797 0.446875 0.146094 0.3125 0.00316233
0 0.805078 0.566797 0.147656 0.203906 0.00401194
0 0.245703 0.351562 0.113281 0.146875 0.00654152
0 0.292969 0.563672 0.242188 0.182031 0.0114704
0 0.730078 0.614844 0.210156 0.207813 0.0221647
