0 0.0328125 0.607422 0.065625 0.785156 0.000100362
0 0.400391 0.13125 0.100781 0.120312 0.000101398
0 0.345703 0.406641 0.174219 0.283594 0.000107769
0 0.28125 0.488281 0.114063 0.185937 0.000113511
0 0.971484 0.606641 0.0554687 0.694531 0.000117288
0 0.365625 0.654688 0.125 0.140625 0.000117542
0 0.824609 0.685938 0.0867188 0.207813 0.000119729
0 0.74375 0.617578 0.14375 0.196094 0.000126377
0 0.771094 0.217969 0.03125 0.0421875 0.000132266
0 0.742969 0.359375 0.0734375 0.0828125 0.000136328
0 0.139844 0.617188 0.265625 0.765625 0.00013988
0 0.759766 0.213281 0.0429688 0.046875 0.000140071
0 0.326172 0.175781 0.0507812 0.071875 0.000143181
0 0.819531 0.716016 0.0671875 0.124219 0.000147424
0 0.750781 0.750781 0.257812 0.3125 0.000147575
0 0.778516 0.384375 0.0773437 0.140625 0.000149311
0 0.801953 0.714063 0.0773437 0.090625 0.000160709
0 0.772656 0.474609 0.0921875 0.153906 0.000161276
0 0.279687 0.4 0.103125 0.16875 0.000163052
0 0.218359 0.647656 0.107031 0.290625 0.000169583
0 0.239063 0.674219 0.078125 0.1125 0.000175665
0 0.977344 0.771484 0.0421875 0.438281 0.000176434
0 0.298047 0.649609 0.147656 0.157031 0.000185475
0 0.360547 0.508203 0.0773437 0.0898438 0.000196453
0 0.801172 0.657812 0.0695312 0.11875 0.000216755
0 0.2625 0.534375 0.0953125 0.235938 0.000232892
0 0.255859 0.655469 0.0835937 0.109375 0.000244619
0 0.3875 0.684375 0.1375 0.15 0.000249363
0 0.342969 0.490625 0.0859375 0.09375 0.000251839
0 0.76875 0.422656 0.096875 0.1875 0.000260712
0 0.321094 0.503906 0.275 0.45 0.000271268
0 0.0507812 0.883984 0.101562 0.232031 0.000287454
0 0.763281 0.691406 0.084375 0.084375 0.000302066
0 0.265234 0.623828 0.291406 0.361719 0.000306689
0 0.395703 0.122656 0.0757812 0.0734375 0.000330849
0 0.0835937 0.701563 0.167187 0.596875 0.000338869
0 0.31875 0.451953 0.145313 0.185156 0.000396743
0 0.0292969 0.778125 0.0554687 0.44375 0.00043868
0 0.696094 0.65625 0.145313 0.154687 0.000512136
0 0.749219 0.691406 0.145313 0.114063 0.000516616
0 0.758984 0.359375 0.103906 0.11875 0.000627986
0 0.05625 0.782812 0.1125 0.434375 0.00062968
0 0.772266 0.583594 0.127344 0.285937 0.000659192
0 0.364844 0.53125 0.115625 0.19375 0.000665513
0 0.799609 0.61875 0.0898438 0.226562 0.000726995
0 0.799609 0.692969 0.0960938 0.148438 0.000731887
0 0.285937 0.533594 0.160938 0.321875 0.000932225
0 0.348047 0.488672 0.133594 0.150781 0.000960897
0 0.374609 0.601953 0.153906 0.235156 0.0011302
0 0.346484 0.653125 0.196094 0.190625 0.00138864
0 0.346484 0.532812 0.174219 0.273438 0.00237509
0 0.248828 0.644141 0.113281 0.188281 0.00265683
0 0.775 0.659766 0.129688 0.169531 0.003422
0 0.310156 0.610156 0.210938 0.235938 0.0255038
