0 0.244922 0.176172 0.192969 0.189844 0.000102233
0 0.636328 0.487109 0.0867188 0.107031 0.000103074
0 0.651953 0.364844 0.0867188 0.1 0.000105623
0 0.3875 0.235938 0.0890625 0.115625 0.00010632
0 0.748828 0.386328 0.110156 0.194531 0.000107172
0 0.699219 0.381641 0.0796875 0.0960938 0.000113218
0 0.0933594 0.618359 0.186719 0.736719 0.000113419
0 0.674609 0.449219 0.0851562 0.107813 0.000113489
0 0.305859 0.238281 0.0851562 0.10625 0.000115386
0 0.720312 0.403516 0.078125 0.107031 0.000116479
0 0.306641 0.200391 0.0867188 0.102344 0.000118631
0 0.409375 0.30625 0.207813 0.429688 0.000118842
0 0.0886719 0.812109 0.177344 0.375781 0.000124128
0 0.671094 0.241016 0.16875 0.191406 0.000127672
0 0.0589844 0.864453 0.117969 0.271094 0.000128897
0 0.702734 0.564844 0.211719 0.24375 0.000130457
0 0.676562 0.258594 0.1125 0.142188 0.000134266
0 0.755078 0.468359 0.111719 0.208594 0.00013647
0 0.233203 0.283984 0.0820312 0.110156 0.000140138
0 0.676953 0.487109 0.0867188 0.103906 0.000147464
0 0.323828 0.182422 0.133594 0.117969 0.000147685
0 0.698438 0.472266 0.0828125 0.105469 0.000150973
0 0.612109 0.328125 0.0867188 0.104687 0.000154222
0 0.604297 0.377734 0.280469 0.414844 0.000161504
0 0.377734 0.366016 0.113281 0.203906 0.000164531
0 0.175 0.38125 0.107813 0.179688 0.000167635
0 0.716797 0.489453 0.0835937 0.102344 0.000167765
0 0.0304688 0.808203 0.0609375 0.383594 0.000170054
0 0.1875 0.307031 0.0796875 0.114063 0.000171188
0 0.386328 0.198828 0.0882813 0.107031 0.000172257
0 0.610937 0.179688 0.107813 0.1 0.000182632
0 0.630469 0.382812 0.0828125 0.10625 0.000190088
0 0.0550781 0.709766 0.110156 0.580469 0.000212197
0 0.746094 0.550781 0.096875 0.125 0.000212378
0 0.604297 0.517187 0.125781 0.189063 0.000271169
0 0.728906 0.314063 0.185937 0.295312 0.000276082
0 0.344141 0.162891 0.241406 0.158594 0.000279848
0 0.600391 0.324609 0.110156 0.166406 0.000283671
0 0.325391 0.36875 0.0835937 0.0875 0.00028653
0 0.65625 0.30625 0.16875 0.196875 0.000289813
0 0.638672 0.445703 0.0835937 0.110156 0.000296467
0 0.403516 0.227344 0.127344 0.170312 0.000300522
0 0.281641 0.398828 0.322656 0.321094 0.000313775
0 0.655078 0.468359 0.0851562 0.107031 0.000330114
0 0.185547 0.358984 0.0789063 0.108594 0.000334272
0 0.71875 0.364062 0.078125 0.101562 0.000345949
0 0.614062 0.364062 0.08125 0.0984375 0.000352589
0 0.178906 0.282031 0.128125 0.257812 0.000358235
0 0.657031 0.503125 0.134375 0.165625 0.000370167
0 0.695703 0.326172 0.124219 0.217969 0.000374033
0 0.327734 0.254687 0.138281 0.15 0.000413671
0 0.610547 0.227344 0.141406 0.179688 0.00044681
0 0.347656 0.384766 0.0828125 0.0976562 0.000470655
0 0.25 0.324609 0.142188 0.146094 0.000485675
0 0.258203 0.238672 0.128906 0.180469 0.000490688
0 0.308984 0.186719 0.303906 0.292188 0.000578996
0 0.303906 0.275391 0.140625 0.227344 0.000657005
0 0.732813 0.446094 0.29375 0.334375 0.000736602
0 0.697656 0.485938 0.132812 0.145313 0.000763976
0 0.381641 0.180078 0.135156 0.146094 0.00079459
0 0.323438 0.366797 0.1375 0.138281 0.00109859
0 0.669922 0.285547 0.214844 0.313281 0.0011439
0 0.732031 0.517578 0.14375 0.197656 0.00117498
0 0.223438 0.386328 0.178125 0.167969 0.00120346
0 0.2125 0.355078 0.0890625 0.0976562 0.00127027
0 0.214453 0.309766 0.0851562 0.111719 0.00136624
0 0.615234 0.366406 0.116406 0.184375 0.00154261
0 0.294141 0.393359 0.235156 0.182031 0.00159811
0 0.655078 0.367969 0.141406 0.228125 0.00173288
0 0.287109 0.205078 0.210156 0.164844 0.00178555
0 0.717578 0.387891 0.110156 0.228906 0.00199702
0 0.619531 0.322656 0.15625 0.301562 0.00228015
0 0.350391 0.390234 0.124219 0.146094 0.00245197
0 0.683984 0.498437 0.208594 0.217187 0.00400678
0 0.235938 0.25625 0.173438 0.267188 0.00400815
0 0.377344 0.266016 0.151562 0.249219 0.00417962
0 0.674609 0.444531 0.142969 0.21875 0.00453749
0 0.725781 0.444141 0.15 0.283594 0.00774741
0 0.259375 0.345313 0.234375 0.204688 0.00923494
0 0.352344 0.326172 0.16875 0.317969 0.0094564
0 0.197656 0.348437 0.114063 0.154687 0.0108845
0 0.626953 0.430078 0.144531 0.269531 0.0176278
0 0.345313 0.21875 0.19375 0.192188 0.0215321
0 0.217578 0.311328 0.135156 0.199219 0.0728943
0 0.291016 0.285547 0.271094 0.299219 0.0788277
0 0.673828 0.4 0.203906 0.321875 0.110185
