0 0.882812 0.107031 0.234375 0.214062 0.000100383
0 0.383984 0.194141 0.0757812 0.107031 0.000102984
0 0.74375 0.319141 0.1625 0.421094 0.000104274
0 0.682813 0.257812 0.0515625 0.0953125 0.000104755
0 0.489844 0.980469 0.192188 0.0390625 0.000108259
0 0.369141 0.0882813 0.321094 0.171875 0.000108409
0 0.34375 0.575391 0.078125 0.113281 0.000109722
0 0.266406 0.384766 0.0578125 0.100781 0.000111353
0 0.703906 0.190625 0.071875 0.114063 0.000111534
0 0.573438 0.123438 0.401563 0.245312 0.000113029
0 0.656641 0.214453 0.0523437 0.0710938 0.000115175
0 0.720703 0.453516 0.0867188 0.107031 0.000115719
0 0.0941406 0.537109 0.188281 0.619531 0.000116649
0 0.367969 0.326953 0.078125 0.0914062 0.0001169
0 0.911719 0.935156 0.170312 0.125 0.000119638
0 0.641797 0.530078 0.144531 0.141406 0.000120131
0 0.297656 0.301562 0.0734375 0.1 0.000125405
0 0.620313 0.342187 0.0796875 0.126563 0.000127157
0 0.619531 0.198047 0.0890625 0.111719 0.000127541
0 0.380469 0.694922 0.140625 0.185156 0.000128782
0 0.485156 0.900391 0.348437 0.185156 0.000128913
0 0.344141 0.197266 0.0710938 0.0929687 0.000130151
0 0.263281 0.448047 0.09375 0.227344 0.000130821
0 0.849219 0.455078 0.278125 0.553906 0.000137371
0 0.382031 0.305078 0.104687 0.174219 0.000138182
0 0.342578 0.235938 0.108594 0.198437 0.000138602
0 0.386328 0.423828 0.102344 0.238281 0.00014234
0 0.263281 0.617969 0.0859375 0.107813 0.000142345
0 0.34375 0.360156 0.0734375 0.1 0.000142363
0 0.285937 0.689844 0.176563 0.134375 0.000142642
0 0.404297 0.404687 0.0804688 0.175 0.000142871
0 0.925 0.780469 0.15 0.439063 0.000147385
0 0.838672 0.0695312 0.322656 0.134375 0.000147778
0 0.699609 0.475781 0.0914062 0.1 0.000148516
0 0.6375 0.217187 0.084375 0.117188 0.000149474
0 0.620313 0.364062 0.1 0.203125 0.000150942
0 0.0589844 0.640234 0.117969 0.719531 0.000151217
0 0.301953 0.342969 0.0789063 0.1 0.000151816
0 0.41875 0.462109 0.314063 0.510156 0.000155598
0 0.410547 0.177734 0.111719 0.202344 0.000156507
0 0.305859 0.669141 0.0867188 0.0960938 0.000157561
0 0.225391 0.657422 0.0773437 0.0882813 0.000157986
0 0.7375 0.548437 0.0921875 0.1 0.000158542
0 0.714844 0.263672 0.053125 0.0960938 0.000161143
0 0.664844 0.134375 0.0765625 0.090625 0.000161572
0 0.344922 0.382812 0.116406 0.165625 0.000163884
0 0.419922 0.316797 0.130469 0.321094 0.000164749
0 0.627344 0.782031 0.409375 0.435937 0.000172089
0 0.751953 0.492578 0.0789063 0.0929687 0.000175431
0 0.349219 0.155078 0.0703125 0.0851562 0.000176646
0 0.325391 0.137109 0.322656 0.274219 0.000177117
0 0.321875 0.200781 0.0671875 0.0921875 0.000177252
0 0.238672 0.803125 0.371094 0.376563 0.000180116
0 0.567187 0.946484 0.201562 0.103906 0.000180204
0 0.355078 0.778906 0.238281 0.351562 0.000184317
0 0.679688 0.492969 0.090625 0.0953125 0.000186456
0 0.38125 0.492969 0.0953125 0.160938 0.000186849
0 0.366016 0.469141 0.117969 0.249219 0.000187271
0 0.401172 0.345703 0.0835937 0.158594 0.000192914
0 0.698828 0.59375 0.155469 0.190625 0.000194064
0 0.366797 0.118359 0.119531 0.116406 0.000196136
0 0.278125 0.364453 0.0734375 0.105469 0.000197157
0 0.774609 0.142969 0.450781 0.264062 0.000197898
0 0.367578 0.175 0.0710938 0.101562 0.000198567
0 0.417188 0.619531 0.320312 0.390625 0.000198758
0 0.301953 0.382031 0.107031 0.164062 0.000201454
0 0.288281 0.241406 0.053125 0.0828125 0.000201951
0 0.676562 0.307031 0.075 0.0953125 0.000204454
0 0.591797 0.301562 0.222656 0.425 0.000206528
0 0.368359 0.135937 0.0757812 0.0875 0.000208031
0 0.241016 0.552734 0.0835937 0.210156 0.000212948
0 0.704297 0.219922 0.386719 0.389844 0.000217179
0 0.385156 0.342578 0.078125 0.0960938 0.00021941
0 0.659375 0.286328 0.107813 0.211719 0.000219827
0 0.419531 0.397656 0.115625 0.242188 0.000223771
0 0.324609 0.34375 0.0710938 0.090625 0.000232688
0 0.254687 0.688281 0.320312 0.423438 0.000233193
0 0.639844 0.337891 0.071875 0.0867188 0.000235155
0 0.28125 0.512109 0.125 0.257031 0.000238156
0 0.7 0.303906 0.0703125 0.1 0.000242427
0 0.693359 0.197266 0.0507812 0.0773437 0.000243211
0 0.335938 0.157422 0.159375 0.167969 0.000246823
0 0.699609 0.509375 0.0914062 0.09375 0.000247834
0 0.280078 0.321484 0.0679687 0.103906 0.000253984
0 0.719922 0.357812 0.0710938 0.1 0.000255711
0 0.317578 0.706641 0.196094 0.200781 0.000260296
0 0.364453 0.527734 0.0757812 0.105469 0.000262064
0 0.675391 0.197656 0.0523437 0.075 0.000269222
0 0.719531 0.53125 0.0921875 0.0875 0.000275887
0 0.698828 0.260547 0.0695312 0.141406 0.000280385
0 0.678516 0.551953 0.150781 0.133594 0.000285469
0 0.449219 0.966406 0.2 0.0671875 0.000289349
0 0.0328125 0.438672 0.0640625 0.696094 0.000303097
0 0.285156 0.260938 0.078125 0.165625 0.000313374
0 0.286328 0.636719 0.0898438 0.107813 0.000319672
0 0.262109 0.390234 0.330469 0.714844 0.00033524
0 0.242969 0.653906 0.117188 0.121875 0.000339072
0 0.657031 0.197266 0.075 0.0898438 0.000339174
0 0.419531 0.474609 0.146875 0.350781 0.000343132
0 0.350391 0.153906 0.0976562 0.126563 0.000350352
0 0.266797 0.365625 0.0773437 0.178125 0.00035037
0 0.319141 0.282422 0.119531 0.214844 0.000351019
0 0.751953 0.382812 0.333594 0.517187 0.000351603
0 0.895703 0.890625 0.208594 0.21875 0.000353657
0 0.750781 0.472656 0.103125 0.14375 0.000355638
0 0.862109 0.714844 0.275781 0.507812 0.000357067
0 0.383203 0.153516 0.0789063 0.107031 0.00036194
0 0.0578125 0.396094 0.115625 0.785937 0.000377161
0 0.683594 0.232422 0.104687 0.174219 0.00037788
0 0.348047 0.295312 0.283594 0.454688 0.000386756
0 0.489453 0.946094 0.225781 0.107813 0.000390422
0 0.635547 0.173047 0.0945313 0.133594 0.000398859
0 0.571875 0.458984 0.31875 0.336719 0.000408692
0 0.737891 0.511328 0.0882813 0.0945313 0.000410257
0 0.367188 0.193359 0.104687 0.155469 0.000415062
0 0.396094 0.689844 0.201562 0.292188 0.000418094
0 0.707422 0.0714844 0.464844 0.136719 0.0004181
0 0.325781 0.6 0.08125 0.115625 0.000422314
0 0.675391 0.184766 0.0851562 0.125781 0.000430507
0 0.642969 0.125 0.18125 0.148438 0.000447754
0 0.30625 0.221875 0.065625 0.096875 0.000454089
0 0.365625 0.343359 0.103125 0.146094 0.000507767
0 0.655859 0.362109 0.119531 0.208594 0.000508254
0 0.642969 0.491406 0.185937 0.15 0.000510163
0 0.307813 0.61875 0.084375 0.110937 0.000515878
0 0.326562 0.193359 0.10625 0.149219 0.000516757
0 0.719922 0.491016 0.0929687 0.0976562 0.000527623
0 0.563672 0.620313 0.397656 0.373437 0.000533131
0 0.675781 0.338281 0.0765625 0.0859375 0.000544328
0 0.799609 0.569531 0.350781 0.301562 0.000598354
0 0.282813 0.395312 0.109375 0.265625 0.000618814
0 0.717969 0.302734 0.0671875 0.139844 0.00061956
0 0.623828 0.563281 0.307031 0.220313 0.000622827
0 0.7 0.339063 0.0703125 0.090625 0.00062935
0 0.251172 0.525781 0.125781 0.33125 0.000638946
0 0.658203 0.45 0.141406 0.190625 0.000646207
0 0.683203 0.125391 0.316406 0.202344 0.000653242
0 0.312109 0.228906 0.0914062 0.159375 0.000683398
0 0.698828 0.305078 0.0929687 0.192969 0.00069718
0 0.624219 0.436328 0.16875 0.252344 0.000706825
0 0.753125 0.573047 0.214062 0.175781 0.000733378
0 0.323438 0.342187 0.10625 0.15 0.000741777
0 0.357422 0.653516 0.0851562 0.114844 0.000742891
0 0.527734 0.966797 0.191406 0.0664062 0.000750028
0 0.660937 0.678906 0.282813 0.354688 0.000751728
0 0.383984 0.355078 0.132031 0.247656 0.000816999
0 0.449609 0.826172 0.433594 0.344531 0.000868009
0 0.657031 0.324219 0.084375 0.103125 0.000891197
0 0.680859 0.234766 0.153906 0.242969 0.000912559
0 0.329297 0.561328 0.119531 0.216406 0.000951168
0 0.316797 0.349219 0.153906 0.257812 0.00105431
0 0.276172 0.380078 0.147656 0.417969 0.00110437
0 0.383203 0.151562 0.110156 0.157813 0.00111518
0 0.641406 0.189844 0.132812 0.192188 0.00112165
0 0.677734 0.341406 0.105469 0.128125 0.00114367
0 0.364453 0.530859 0.0976562 0.196094 0.00119764
0 0.387109 0.546875 0.130469 0.271875 0.00120817
0 0.319531 0.859375 0.334375 0.278125 0.001239
0 0.282422 0.313281 0.0929687 0.195312 0.0012485
0 0.681641 0.510938 0.144531 0.121875 0.00132756
0 0.716797 0.344141 0.0851562 0.169531 0.00134355
0 0.641016 0.13125 0.0554687 0.0640625 0.00187078
0 0.718359 0.425391 0.122656 0.211719 0.00192598
0 0.367578 0.201562 0.142969 0.23125 0.00194244
0 0.714063 0.323047 0.114063 0.302344 0.00195912
0 0.251953 0.608203 0.141406 0.194531 0.00199241
0 0.643359 0.140625 0.0742188 0.1 0.00205405
0 0.376953 0.437891 0.164844 0.488281 0.00211038
0 0.304688 0.615625 0.284375 0.30625 0.0022197
0 0.771484 0.682813 0.388281 0.390625 0.00222517
0 0.326172 0.6375 0.0867188 0.114063 0.00259668
0 0.352344 0.285937 0.176563 0.3125 0.00327265
0 0.733203 0.532422 0.153906 0.139844 0.00376779
0 0.345703 0.66875 0.125781 0.167187 0.00392396
0 0.663281 0.316016 0.196875 0.419531 0.00489989
0 0.689062 0.466016 0.275 0.367969 0.00495628
0 0.287109 0.574219 0.182031 0.259375 0.00542788
0 0.366016 0.604297 0.127344 0.255469 0.00644356
0 0.715234 0.492969 0.153906 0.135937 0.00659789
0 0.346875 0.530859 0.148438 0.342969 0.00771194
0 0.289844 0.639063 0.165625 0.164062 0.0117685
0 0.705469 0.602734 0.315625 0.280469 0.0145671
0 0.684375 0.402734 0.184375 0.286719 0.0170597
0 0.317187 0.45 0.20625 0.526563 0.0328757
0 0.694141 0.480469 0.186719 0.215625 0.0409443
0 0.697656 0.548047 0.220313 0.196094 0.0595331
0 0.328906 0.621094 0.140625 0.20625 0.0633118
