0 0.183984 0.6125 0.103906 0.178125 0.000101652
0 0.301953 0.660547 0.175781 0.167969 0.000101888
0 0.141797 0.136328 0.283594 0.272656 0.000102835
0 0.242578 0.631641 0.0914062 0.103906 0.000107783
0 0.194141 0.557031 0.111719 0.239063 0.000112029
0 0.760938 0.711719 0.148438 0.148438 0.000113611
0 0.788672 0.680078 0.0992187 0.150781 0.000114193
0 0.576563 0.601172 0.309375 0.339844 0.000118252
0 0.203516 0.483984 0.0835937 0.117969 0.000118594
0 0.469922 0.034375 0.233594 0.0671875 0.000122878
0 0.976562 0.649609 0.046875 0.510156 0.000132746
0 0.756641 0.631641 0.0882813 0.110156 0.00013523
0 0.669922 0.230859 0.0617188 0.0835937 0.000139438
0 0.524219 0.0484375 0.292188 0.09375 0.000141056
0 0.744141 0.512109 0.132031 0.257031 0.000141443
0 0.696094 0.496484 0.178125 0.221094 0.00014837
0 0.9875 0.673828 0.025 0.202344 0.000153978
0 0.221094 0.502734 0.128125 0.230469 0.000155508
0 0.779688 0.607031 0.125 0.223438 0.000181908
0 0.739453 0.597266 0.0851562 0.107031 0.000210082
0 0.280469 0.517969 0.179688 0.284375 0.000232013
0 0.263281 0.616016 0.0921875 0.102344 0.000243071
0 0.984375 0.646875 0.03125 0.35625 0.000275904
0 0.697656 0.635156 0.0890625 0.110937 0.000319615
0 0.691406 0.713281 0.209375 0.178125 0.000322261
0 0.699219 0.667188 0.135937 0.153125 0.000358574
0 0.335938 0.612891 0.140625 0.132031 0.000391765
0 0.607422 0.623438 0.196094 0.242188 0.000416568
0 0.657422 0.662891 0.303906 0.300781 0.000507136
0 0.719531 0.615234 0.0859375 0.105469 0.000585812
0 0.241797 0.578516 0.188281 0.197656 0.000587056
0 0.251563 0.620313 0.275 0.267188 0.000600982
0 0.734375 0.619531 0.28125 0.30625 0.000759367
0 0.298828 0.610547 0.0898438 0.0929687 0.00120956
0 0.755469 0.655859 0.15625 0.186719 0.00227817
0 0.230859 0.639844 0.166406 0.171875 0.00247318
0 0.301562 0.585938 0.151562 0.160938 0.00299002
0 0.659375 0.652734 0.196875 0.214844 0.00311017
0 0.672266 0.582422 0.199219 0.238281 0.00361717
0 0.734766 0.571875 0.174219 0.253125 0.0042145
0 0.272266 0.616016 0.180469 0.139844 0.0220838
0 0.70625 0.624219 0.198437 0.192188 0.0270001
